time,Open,High,Low,Close,Volume,Dividends,Stock Splits
2024-12-13 04:00:00-05:00,313.94,314.23,313.94,314.23,0,0.0,0.0
2024-12-13 04:01:00-05:00,314.51,314.51,314.51,314.51,0,0.0,0.0
2024-12-13 04:02:00-05:00,314.5,314.5,314.24,314.24,0,0.0,0.0
2024-12-13 04:08:00-05:00,314.31,314.31,314.31,314.31,0,0.0,0.0
2024-12-13 04:15:00-05:00,314.35,314.35,314.35,314.35,0,0.0,0.0
2024-12-13 04:17:00-05:00,314.99,314.99,314.86,314.86,0,0.0,0.0
2024-12-13 04:22:00-05:00,314.86,314.86,314.86,314.86,0,0.0,0.0
2024-12-13 04:29:00-05:00,314.36,314.36,314.36,314.36,0,0.0,0.0
2024-12-13 04:30:00-05:00,314.38,314.38,314.38,314.38,0,0.0,0.0
2024-12-13 04:33:00-05:00,314.38,314.38,314.38,314.38,0,0.0,0.0
2024-12-13 04:39:00-05:00,314.38,314.86,314.38,314.86,0,0.0,0.0
2024-12-13 04:41:00-05:00,314.86,314.86,314.86,314.86,0,0.0,0.0
2024-12-13 04:44:00-05:00,314.86,314.86,314.86,314.86,0,0.0,0.0
2024-12-13 04:45:00-05:00,314.86,314.86,314.86,314.86,0,0.0,0.0
2024-12-13 04:47:00-05:00,314.96,314.96,314.96,314.96,0,0.0,0.0
2024-12-13 04:50:00-05:00,314.74,314.86,314.74,314.86,0,0.0,0.0
2024-12-13 04:52:00-05:00,314.86,314.86,314.86,314.86,0,0.0,0.0
2024-12-13 04:55:00-05:00,315.0,315.03,315.0,315.03,0,0.0,0.0
2024-12-13 04:58:00-05:00,315.03,315.03,315.03,315.03,0,0.0,0.0
2024-12-13 04:59:00-05:00,315.04,315.04,315.04,315.04,0,0.0,0.0
2024-12-13 05:02:00-05:00,315.04,315.04,315.04,315.04,0,0.0,0.0
2024-12-13 05:06:00-05:00,315.03,315.03,315.03,315.03,0,0.0,0.0
2024-12-13 05:14:00-05:00,315.03,315.03,315.03,315.03,0,0.0,0.0
2024-12-13 05:28:00-05:00,314.84,314.84,314.79,314.79,0,0.0,0.0
2024-12-13 05:29:00-05:00,314.96,314.96,314.86,314.86,0,0.0,0.0
2024-12-13 05:30:00-05:00,314.86,314.92,314.86,314.92,0,0.0,0.0
2024-12-13 05:31:00-05:00,314.92,314.92,314.52,314.52,0,0.0,0.0
2024-12-13 05:33:00-05:00,314.43,314.86,314.43,314.86,0,0.0,0.0
2024-12-13 05:34:00-05:00,314.86,314.86,314.86,314.86,0,0.0,0.0
2024-12-13 05:37:00-05:00,314.86,314.86,314.86,314.86,0,0.0,0.0
2024-12-13 05:39:00-05:00,314.86,314.86,314.86,314.86,0,0.0,0.0
2024-12-13 05:43:00-05:00,314.86,314.86,314.86,314.86,0,0.0,0.0
2024-12-13 05:49:00-05:00,314.92,314.92,314.92,314.92,0,0.0,0.0
2024-12-13 05:50:00-05:00,314.48,314.48,314.48,314.48,0,0.0,0.0
2024-12-13 05:53:00-05:00,314.48,314.48,314.48,314.48,0,0.0,0.0
2024-12-13 06:00:00-05:00,314.91,314.99,314.91,314.99,0,0.0,0.0
2024-12-13 06:08:00-05:00,314.99,314.99,314.99,314.99,0,0.0,0.0
2024-12-13 06:09:00-05:00,314.97,314.97,314.97,314.97,0,0.0,0.0
2024-12-13 06:12:00-05:00,314.86,314.86,314.86,314.86,0,0.0,0.0
2024-12-13 06:15:00-05:00,314.95,314.95,314.95,314.95,0,0.0,0.0
2024-12-13 06:19:00-05:00,314.95,314.95,314.95,314.95,0,0.0,0.0
2024-12-13 06:30:00-05:00,314.96,314.96,314.96,314.96,0,0.0,0.0
2024-12-13 06:32:00-05:00,314.99,314.99,314.99,314.99,0,0.0,0.0
2024-12-13 06:36:00-05:00,314.76,314.76,314.76,314.76,0,0.0,0.0
2024-12-13 06:38:00-05:00,314.76,314.76,314.76,314.76,0,0.0,0.0
2024-12-13 06:43:00-05:00,314.76,314.76,314.76,314.76,0,0.0,0.0
2024-12-13 06:46:00-05:00,314.99,314.99,314.99,314.99,0,0.0,0.0
2024-12-13 06:53:00-05:00,314.99,314.99,314.99,314.99,0,0.0,0.0
2024-12-13 06:54:00-05:00,314.72,314.73,314.72,314.73,0,0.0,0.0
2024-12-13 07:00:00-05:00,314.74,314.74,314.74,314.74,0,0.0,0.0
2024-12-13 07:05:00-05:00,314.74,314.74,314.74,314.74,0,0.0,0.0
2024-12-13 07:08:00-05:00,314.74,314.74,314.74,314.74,0,0.0,0.0
2024-12-13 07:11:00-05:00,314.96,314.96,314.7,314.7,0,0.0,0.0
2024-12-13 07:17:00-05:00,314.7,314.7,314.41,314.7,0,0.0,0.0
2024-12-13 07:18:00-05:00,314.7,314.7,314.7,314.7,0,0.0,0.0
2024-12-13 07:23:00-05:00,314.7,314.7,314.7,314.7,0,0.0,0.0
2024-12-13 07:29:00-05:00,314.79,314.79,314.79,314.79,0,0.0,0.0
2024-12-13 07:38:00-05:00,314.79,314.79,314.79,314.79,0,0.0,0.0
2024-12-13 07:53:00-05:00,314.79,314.79,314.79,314.79,0,0.0,0.0
2024-12-13 07:56:00-05:00,314.47,314.47,314.47,314.47,0,0.0,0.0
2024-12-13 08:00:00-05:00,314.23,315.86,313.94,314.73,0,0.0,0.0
2024-12-13 08:01:00-05:00,314.82,314.91,314.37,314.41,0,0.0,0.0
2024-12-13 08:02:00-05:00,314.87,314.87,314.87,314.87,0,0.0,0.0
2024-12-13 08:03:00-05:00,314.43,314.43,314.23,314.23,0,0.0,0.0
2024-12-13 08:05:00-05:00,314.23,314.23,314.23,314.23,0,0.0,0.0
2024-12-13 08:07:00-05:00,315.0,315.0,314.96,314.96,0,0.0,0.0
2024-12-13 08:08:00-05:00,314.96,314.96,314.96,314.96,0,0.0,0.0
2024-12-13 08:10:00-05:00,315.86,315.86,315.86,315.86,0,0.0,0.0
2024-12-13 08:11:00-05:00,314.46,314.46,314.46,314.46,0,0.0,0.0
2024-12-13 08:14:00-05:00,315.3565,315.3565,314.87,314.87,0,0.0,0.0
2024-12-13 08:18:00-05:00,315.86,315.86,314.83,314.83,0,0.0,0.0
2024-12-13 08:19:00-05:00,314.51,314.95,314.5,314.5,0,0.0,0.0
2024-12-13 08:25:00-05:00,314.51,314.9,314.51,314.9,0,0.0,0.0
2024-12-13 08:26:00-05:00,314.9,314.9,314.9,314.9,0,0.0,0.0
2024-12-13 08:28:00-05:00,314.51,314.51,314.5,314.5,0,0.0,0.0
2024-12-13 08:30:00-05:00,314.5,314.5,314.5,314.5,0,0.0,0.0
2024-12-13 08:31:00-05:00,315.0,315.0,314.9,314.95,0,0.0,0.0
2024-12-13 08:33:00-05:00,314.51,314.51,314.51,314.51,0,0.0,0.0
2024-12-13 08:35:00-05:00,315.0,315.0,315.0,315.0,0,0.0,0.0
2024-12-13 08:38:00-05:00,315.0,315.0,315.0,315.0,0,0.0,0.0
2024-12-13 08:39:00-05:00,314.51,314.51,314.51,314.51,0,0.0,0.0
2024-12-13 08:41:00-05:00,314.5,314.5,314.41,314.41,0,0.0,0.0
2024-12-13 08:43:00-05:00,314.7077,314.7077,314.7077,314.7077,0,0.0,0.0
2024-12-13 08:45:00-05:00,314.7188,314.7188,314.7188,314.7188,0,0.0,0.0
2024-12-13 08:47:00-05:00,314.72,314.72,314.72,314.72,0,0.0,0.0
2024-12-13 08:48:00-05:00,314.51,314.71,314.51,314.71,0,0.0,0.0
2024-12-13 08:50:00-05:00,314.65,314.65,314.2422,314.2422,0,0.0,0.0
2024-12-13 08:51:00-05:00,314.52,314.659,314.5,314.659,0,0.0,0.0
2024-12-13 08:53:00-05:00,314.659,314.659,314.659,314.659,0,0.0,0.0
2024-12-13 08:55:00-05:00,314.5,314.5,314.5,314.5,0,0.0,0.0
2024-12-13 08:56:00-05:00,314.5,314.5,314.5,314.5,0,0.0,0.0
2024-12-13 08:57:00-05:00,314.6616,314.6616,314.43,314.45,0,0.0,0.0
2024-12-13 08:58:00-05:00,314.6617,314.6617,314.6617,314.6617,0,0.0,0.0
2024-12-13 08:59:00-05:00,314.67,314.67,314.5,314.65,0,0.0,0.0
2024-12-13 09:00:00-05:00,314.5,314.5,314.45,314.45,0,0.0,0.0
2024-12-13 09:04:00-05:00,314.45,314.45,314.45,314.45,0,0.0,0.0
2024-12-13 09:06:00-05:00,314.66,314.71,314.66,314.71,0,0.0,0.0
2024-12-13 09:07:00-05:00,314.5,314.5,314.5,314.5,0,0.0,0.0
2024-12-13 09:08:00-05:00,314.5,314.5,314.5,314.5,0,0.0,0.0
2024-12-13 09:11:00-05:00,314.7,314.7,314.7,314.7,0,0.0,0.0
2024-12-13 09:13:00-05:00,314.5,314.5,314.5,314.5,0,0.0,0.0
2024-12-13 09:30:00-05:00,315.8299865722656,316.3800048828125,315.32501220703125,316.2099914550781,147469,0.0,0.0
2024-12-13 09:31:00-05:00,315.989990234375,316.45849609375,315.6600036621094,315.6650085449219,19738,0.0,0.0
2024-12-13 09:32:00-05:00,315.6700134277344,316.1000061035156,315.5566101074219,315.9700012207031,9706,0.0,0.0
2024-12-13 09:33:00-05:00,315.75,316.3299865722656,315.75,316.2200012207031,6987,0.0,0.0
2024-12-13 09:34:00-05:00,316.1099853515625,316.5050048828125,316.1099853515625,316.4750061035156,12581,0.0,0.0
2024-12-13 09:35:00-05:00,316.54998779296875,316.54998779296875,316.2699890136719,316.2699890136719,9750,0.0,0.0
2024-12-13 09:36:00-05:00,316.3507995605469,316.427490234375,316.1700134277344,316.30999755859375,9040,0.0,0.0
2024-12-13 09:37:00-05:00,316.3949890136719,316.75,316.3949890136719,316.489990234375,15574,0.0,0.0
2024-12-13 09:38:00-05:00,316.489990234375,316.7900085449219,316.30999755859375,316.7349853515625,10128,0.0,0.0
2024-12-13 09:39:00-05:00,316.80499267578125,316.80499267578125,316.5816955566406,316.69000244140625,9257,0.0,0.0
2024-12-13 09:40:00-05:00,316.69000244140625,316.95001220703125,316.5799865722656,316.6300048828125,31473,0.0,0.0
2024-12-13 09:41:00-05:00,316.6000061035156,316.6000061035156,316.19000244140625,316.2243957519531,7765,0.0,0.0
2024-12-13 09:42:00-05:00,316.32000732421875,316.32000732421875,316.19000244140625,316.32000732421875,2155,0.0,0.0
2024-12-13 09:43:00-05:00,316.4100036621094,316.44000244140625,316.19000244140625,316.19000244140625,7206,0.0,0.0
2024-12-13 09:44:00-05:00,316.31500244140625,316.4599914550781,316.2749938964844,316.2749938964844,9860,0.0,0.0
2024-12-13 09:45:00-05:00,316.2749938964844,316.489990234375,316.23101806640625,316.489990234375,8956,0.0,0.0
2024-12-13 09:46:00-05:00,316.510009765625,316.8699951171875,316.510009765625,316.8500061035156,5042,0.0,0.0
2024-12-13 09:47:00-05:00,316.8800048828125,316.95001220703125,316.70001220703125,316.7049865722656,13789,0.0,0.0
2024-12-13 09:48:00-05:00,316.7099914550781,316.79998779296875,316.6199951171875,316.6700134277344,29523,0.0,0.0
2024-12-13 09:49:00-05:00,316.6400146484375,316.864990234375,316.4800109863281,316.7799987792969,29476,0.0,0.0
2024-12-13 09:50:00-05:00,316.7049865722656,316.8999938964844,316.5076904296875,316.8999938964844,11215,0.0,0.0
2024-12-13 09:51:00-05:00,316.8330078125,316.8500061035156,316.739990234375,316.739990234375,6301,0.0,0.0
2024-12-13 09:52:00-05:00,316.7250061035156,316.8399963378906,316.3699951171875,316.3999938964844,15447,0.0,0.0
2024-12-13 09:53:00-05:00,316.4800109863281,316.510009765625,316.3299865722656,316.3450012207031,6318,0.0,0.0
2024-12-13 09:54:00-05:00,316.29998779296875,316.3900146484375,316.260009765625,316.3399963378906,13512,0.0,0.0
2024-12-13 09:55:00-05:00,316.3399963378906,316.57000732421875,316.3299865722656,316.489990234375,9989,0.0,0.0
2024-12-13 09:56:00-05:00,316.5799865722656,316.6199951171875,316.44879150390625,316.510009765625,7401,0.0,0.0
2024-12-13 09:57:00-05:00,316.5150146484375,316.5150146484375,316.3800048828125,316.43499755859375,7401,0.0,0.0
2024-12-13 09:58:00-05:00,316.5199890136719,316.6099853515625,316.4100036621094,316.6099853515625,6461,0.0,0.0
2024-12-13 09:59:00-05:00,316.4100036621094,316.6099853515625,316.3900146484375,316.489990234375,13282,0.0,0.0
2024-12-13 10:00:00-05:00,316.45001220703125,316.6099853515625,316.4100036621094,316.5799865722656,9933,0.0,0.0
2024-12-13 10:01:00-05:00,316.6300048828125,316.6300048828125,316.2900085449219,316.4649963378906,12946,0.0,0.0
2024-12-13 10:02:00-05:00,316.38848876953125,316.510009765625,316.3301086425781,316.385009765625,4011,0.0,0.0
2024-12-13 10:03:00-05:00,316.385009765625,316.385009765625,316.04998779296875,316.1199951171875,16096,0.0,0.0
2024-12-13 10:04:00-05:00,316.04998779296875,316.1614990234375,315.9150085449219,315.9150085449219,17123,0.0,0.0
2024-12-13 10:05:00-05:00,315.9100036621094,316.1600036621094,315.8599853515625,316.1499938964844,11431,0.0,0.0
2024-12-13 10:06:00-05:00,316.1499938964844,316.2900085449219,316.0899963378906,316.17999267578125,6083,0.0,0.0
2024-12-13 10:07:00-05:00,316.239990234375,316.260009765625,315.989990234375,316.1700134277344,18792,0.0,0.0
2024-12-13 10:08:00-05:00,316.18499755859375,316.2156982421875,316.05999755859375,316.1885986328125,8948,0.0,0.0
2024-12-13 10:09:00-05:00,316.19000244140625,316.42999267578125,316.1400146484375,316.2799987792969,14371,0.0,0.0
2024-12-13 10:10:00-05:00,316.2394104003906,316.2699890136719,316.1344909667969,316.1344909667969,7881,0.0,0.0
2024-12-13 10:11:00-05:00,315.989990234375,315.989990234375,315.8399963378906,315.9100036621094,10485,0.0,0.0
2024-12-13 10:12:00-05:00,315.80999755859375,315.8299865722656,315.5899963378906,315.6400146484375,4797,0.0,0.0
2024-12-13 10:13:00-05:00,315.69000244140625,315.8039855957031,315.6700134277344,315.6700134277344,4245,0.0,0.0
2024-12-13 10:14:00-05:00,315.67999267578125,315.6940002441406,315.42999267578125,315.4949951171875,7043,0.0,0.0
2024-12-13 10:15:00-05:00,315.4949951171875,315.5799865722656,315.44000244140625,315.5101013183594,4698,0.0,0.0
2024-12-13 10:16:00-05:00,315.4949951171875,315.5799865722656,315.3800048828125,315.3900146484375,5823,0.0,0.0
2024-12-13 10:17:00-05:00,315.35791015625,315.5,315.2200012207031,315.5,21510,0.0,0.0
2024-12-13 10:18:00-05:00,315.44000244140625,315.44000244140625,315.17999267578125,315.17999267578125,4242,0.0,0.0
2024-12-13 10:19:00-05:00,315.2099914550781,315.239990234375,315.05999755859375,315.2049865722656,4459,0.0,0.0
2024-12-13 10:20:00-05:00,315.23516845703125,315.260009765625,315.05999755859375,315.05999755859375,4546,0.0,0.0
2024-12-13 10:21:00-05:00,315.1199951171875,315.1199951171875,314.92999267578125,314.9849853515625,4496,0.0,0.0
2024-12-13 10:22:00-05:00,314.9800109863281,315.1300048828125,314.9800109863281,315.0849914550781,5171,0.0,0.0
2024-12-13 10:23:00-05:00,315.1000061035156,315.17999267578125,315.03289794921875,315.0799865722656,5624,0.0,0.0
2024-12-13 10:24:00-05:00,315.0899963378906,315.1820068359375,314.989990234375,314.989990234375,11561,0.0,0.0
2024-12-13 10:25:00-05:00,315.0717468261719,315.20001220703125,314.989990234375,315.1099853515625,10318,0.0,0.0
2024-12-13 10:26:00-05:00,315.0799865722656,315.1700134277344,315.0799865722656,315.1600036621094,5562,0.0,0.0
2024-12-13 10:27:00-05:00,315.1600036621094,315.3999938964844,315.1600036621094,315.3500061035156,8891,0.0,0.0
2024-12-13 10:28:00-05:00,315.3399963378906,315.56500244140625,315.30450439453125,315.56500244140625,9478,0.0,0.0
2024-12-13 10:29:00-05:00,315.6199951171875,315.6449890136719,315.1499938964844,315.2900085449219,12385,0.0,0.0
2024-12-13 10:30:00-05:00,315.29998779296875,315.4100036621094,315.2919006347656,315.4100036621094,3724,0.0,0.0
2024-12-13 10:31:00-05:00,315.3500061035156,315.36920166015625,315.2799987792969,315.3500061035156,1928,0.0,0.0
2024-12-13 10:32:00-05:00,315.3500061035156,315.5050048828125,315.3399963378906,315.397705078125,10412,0.0,0.0
2024-12-13 10:33:00-05:00,315.44000244140625,315.44000244140625,315.3299865722656,315.4269104003906,2260,0.0,0.0
2024-12-13 10:34:00-05:00,315.3900146484375,315.3900146484375,315.239990234375,315.239990234375,6235,0.0,0.0
2024-12-13 10:35:00-05:00,315.20001220703125,315.5199890136719,315.0700988769531,315.3450012207031,9732,0.0,0.0
2024-12-13 10:36:00-05:00,315.43280029296875,315.477294921875,315.29998779296875,315.3399963378906,5893,0.0,0.0
2024-12-13 10:37:00-05:00,315.260009765625,315.3999938964844,315.25,315.3699951171875,6344,0.0,0.0
2024-12-13 10:38:00-05:00,315.25,315.3599853515625,315.25,315.3500061035156,7772,0.0,0.0
2024-12-13 10:39:00-05:00,315.3900146484375,315.44000244140625,315.3800048828125,315.42999267578125,2997,0.0,0.0
2024-12-13 10:40:00-05:00,315.36749267578125,315.375,315.1400146484375,315.1612854003906,5355,0.0,0.0
2024-12-13 10:41:00-05:00,315.0799865722656,315.1499938964844,314.92999267578125,314.92999267578125,7820,0.0,0.0
2024-12-13 10:42:00-05:00,314.9200134277344,315.0,314.8999938964844,314.8999938964844,3788,0.0,0.0
2024-12-13 10:43:00-05:00,314.92999267578125,315.010009765625,314.85888671875,314.85888671875,5381,0.0,0.0
2024-12-13 10:44:00-05:00,314.82000732421875,314.8800048828125,314.760009765625,314.7699890136719,5029,0.0,0.0
2024-12-13 10:45:00-05:00,314.8349914550781,315.1099853515625,314.8299865722656,314.93499755859375,6085,0.0,0.0
2024-12-13 10:46:00-05:00,315.0799865722656,315.239990234375,315.0799865722656,315.135009765625,3955,0.0,0.0
2024-12-13 10:47:00-05:00,315.1199951171875,315.2749938964844,315.0299987792969,315.2749938964844,6347,0.0,0.0
2024-12-13 10:48:00-05:00,315.260009765625,315.2749938964844,315.0199890136719,315.0199890136719,6961,0.0,0.0
2024-12-13 10:49:00-05:00,315.0849914550781,315.1700134277344,315.0849914550781,315.1700134277344,1657,0.0,0.0
2024-12-13 10:50:00-05:00,315.1816101074219,315.19000244140625,315.1650085449219,315.19000244140625,2874,0.0,0.0
2024-12-13 10:51:00-05:00,315.135009765625,315.1700134277344,315.1000061035156,315.1700134277344,5183,0.0,0.0
2024-12-13 10:52:00-05:00,315.1549987792969,315.29998779296875,315.1549987792969,315.2950134277344,3439,0.0,0.0
2024-12-13 10:53:00-05:00,315.29998779296875,315.5400085449219,315.29998779296875,315.4599914550781,7596,0.0,0.0
2024-12-13 10:54:00-05:00,315.5350036621094,315.5350036621094,315.3500061035156,315.3500061035156,7134,0.0,0.0
2024-12-13 10:55:00-05:00,315.4100036621094,315.5299987792969,315.3399963378906,315.5299987792969,13046,0.0,0.0
2024-12-13 10:56:00-05:00,315.489990234375,315.489990234375,315.3699951171875,315.43499755859375,5151,0.0,0.0
2024-12-13 10:57:00-05:00,315.43499755859375,315.70001220703125,315.3901062011719,315.70001220703125,6594,0.0,0.0
2024-12-13 10:58:00-05:00,315.739990234375,315.7900085449219,315.6199951171875,315.69500732421875,7726,0.0,0.0
2024-12-13 10:59:00-05:00,315.7900085449219,315.9049987792969,315.62939453125,315.7699890136719,9429,0.0,0.0
2024-12-13 11:00:00-05:00,315.82000732421875,315.92999267578125,315.739990234375,315.8599853515625,3679,0.0,0.0
2024-12-13 11:01:00-05:00,315.92999267578125,316.1300048828125,315.92999267578125,316.0,7528,0.0,0.0
2024-12-13 11:02:00-05:00,315.99139404296875,316.1300048828125,315.99139404296875,316.0199890136719,4599,0.0,0.0
2024-12-13 11:03:00-05:00,316.0,316.0050048828125,315.95001220703125,315.9700012207031,7524,0.0,0.0
2024-12-13 11:04:00-05:00,316.0,316.0199890136719,315.95001220703125,315.95001220703125,2838,0.0,0.0
2024-12-13 11:05:00-05:00,315.95001220703125,316.1000061035156,315.9075012207031,316.1000061035156,6527,0.0,0.0
2024-12-13 11:06:00-05:00,316.052490234375,316.0802917480469,315.9305114746094,316.0,4695,0.0,0.0
2024-12-13 11:07:00-05:00,315.92999267578125,316.0889892578125,315.8800964355469,316.0889892578125,3342,0.0,0.0
2024-12-13 11:08:00-05:00,316.1300048828125,316.30999755859375,316.1199951171875,316.2200012207031,9815,0.0,0.0
2024-12-13 11:09:00-05:00,316.30999755859375,316.4100036621094,316.2449951171875,316.2900085449219,3533,0.0,0.0
2024-12-13 11:10:00-05:00,316.2950134277344,316.3999938964844,316.2699890136719,316.2699890136719,2358,0.0,0.0
2024-12-13 11:11:00-05:00,316.27130126953125,316.5299987792969,316.27130126953125,316.4601135253906,8988,0.0,0.0
2024-12-13 11:12:00-05:00,316.5150146484375,316.5150146484375,316.3900146484375,316.44500732421875,5874,0.0,0.0
2024-12-13 11:13:00-05:00,316.44500732421875,316.44500732421875,316.17999267578125,316.17999267578125,5006,0.0,0.0
2024-12-13 11:14:00-05:00,316.1600036621094,316.20001220703125,316.0799865722656,316.19000244140625,2887,0.0,0.0
2024-12-13 11:15:00-05:00,316.1199951171875,316.19000244140625,316.0799865722656,316.19000244140625,4457,0.0,0.0
2024-12-13 11:16:00-05:00,316.16119384765625,316.1700134277344,316.04998779296875,316.1099853515625,9198,0.0,0.0
2024-12-13 11:17:00-05:00,316.1300048828125,316.1700134277344,316.0768127441406,316.1700134277344,2363,0.0,0.0
2024-12-13 11:18:00-05:00,316.0299987792969,316.1011962890625,316.0199890136719,316.0199890136719,2943,0.0,0.0
2024-12-13 11:19:00-05:00,316.0494079589844,316.04998779296875,315.8898010253906,315.8898010253906,4873,0.0,0.0
2024-12-13 11:20:00-05:00,315.8800048828125,315.8800048828125,315.80999755859375,315.8599853515625,1926,0.0,0.0
2024-12-13 11:21:00-05:00,315.9200134277344,315.95001220703125,315.8500061035156,315.8500061035156,4157,0.0,0.0
2024-12-13 11:22:00-05:00,315.8999938964844,315.9200134277344,315.79998779296875,315.9200134277344,1507,0.0,0.0
2024-12-13 11:23:00-05:00,315.875,316.010009765625,315.875,315.93499755859375,9981,0.0,0.0
2024-12-13 11:24:00-05:00,315.93499755859375,316.1600036621094,315.93499755859375,316.05999755859375,3833,0.0,0.0
2024-12-13 11:25:00-05:00,316.07000732421875,316.1300048828125,316.02960205078125,316.07000732421875,2002,0.0,0.0
2024-12-13 11:26:00-05:00,316.07000732421875,316.1199951171875,315.9700012207031,316.029296875,5823,0.0,0.0
2024-12-13 11:27:00-05:00,315.9949951171875,316.05999755859375,315.9949951171875,316.04998779296875,5136,0.0,0.0
2024-12-13 11:28:00-05:00,316.0450134277344,316.1099853515625,316.0400085449219,316.1050109863281,3451,0.0,0.0
2024-12-13 11:29:00-05:00,316.19000244140625,316.19000244140625,316.0199890136719,316.0199890136719,3653,0.0,0.0
2024-12-13 11:30:00-05:00,316.05999755859375,316.1700134277344,316.0205993652344,316.1499938964844,3695,0.0,0.0
2024-12-13 11:31:00-05:00,316.1700134277344,316.20001220703125,316.1000061035156,316.20001220703125,2358,0.0,0.0
2024-12-13 11:32:00-05:00,316.20001220703125,316.3399963378906,316.1449890136719,316.2799987792969,4830,0.0,0.0
2024-12-13 11:33:00-05:00,316.25,316.4100036621094,316.25,316.3999938964844,2823,0.0,0.0
2024-12-13 11:34:00-05:00,316.4200134277344,316.4599914550781,316.4200134277344,316.4599914550781,2169,0.0,0.0
2024-12-13 11:35:00-05:00,316.4599914550781,316.5199890136719,316.41729736328125,316.41729736328125,5342,0.0,0.0
2024-12-13 11:36:00-05:00,316.3999938964844,316.42999267578125,316.29998779296875,316.364990234375,9648,0.0,0.0
2024-12-13 11:37:00-05:00,316.3581848144531,316.3900146484375,316.260009765625,316.3900146484375,4102,0.0,0.0
2024-12-13 11:38:00-05:00,316.2200012207031,316.30499267578125,316.1650085449219,316.17999267578125,2692,0.0,0.0
2024-12-13 11:39:00-05:00,316.2300109863281,316.239990234375,316.19500732421875,316.19500732421875,2867,0.0,0.0
2024-12-13 11:40:00-05:00,316.19500732421875,316.19500732421875,316.0799865722656,316.0799865722656,8892,0.0,0.0
2024-12-13 11:41:00-05:00,316.0799865722656,316.1499938964844,316.0101013183594,316.0824890136719,7571,0.0,0.0
2024-12-13 11:42:00-05:00,316.0950012207031,316.2799987792969,316.0950012207031,316.260009765625,4762,0.0,0.0
2024-12-13 11:43:00-05:00,316.1658935546875,316.2300109863281,316.07000732421875,316.2300109863281,6946,0.0,0.0
2024-12-13 11:44:00-05:00,316.1499938964844,316.1499938964844,316.04998779296875,316.1099853515625,8293,0.0,0.0
2024-12-13 11:45:00-05:00,316.1600036621094,316.2099914550781,316.0664978027344,316.20001220703125,5057,0.0,0.0
2024-12-13 11:46:00-05:00,316.2300109863281,316.2300109863281,315.989990234375,315.989990234375,11298,0.0,0.0
2024-12-13 11:47:00-05:00,316.0,316.0199890136719,315.80499267578125,315.80999755859375,7598,0.0,0.0
2024-12-13 11:48:00-05:00,315.82000732421875,315.9200134277344,315.81500244140625,315.9200134277344,4706,0.0,0.0
2024-12-13 11:49:00-05:00,315.8599853515625,315.92999267578125,315.8599853515625,315.8800048828125,3839,0.0,0.0
2024-12-13 11:50:00-05:00,315.8800048828125,315.95001220703125,315.8800048828125,315.92498779296875,3634,0.0,0.0
2024-12-13 11:51:00-05:00,315.94000244140625,315.95001220703125,315.7799987792969,315.81500244140625,8751,0.0,0.0
2024-12-13 11:52:00-05:00,315.8299865722656,315.9100036621094,315.7900085449219,315.7900085449219,6035,0.0,0.0
2024-12-13 11:53:00-05:00,315.8800048828125,316.07000732421875,315.8800048828125,316.07000732421875,3665,0.0,0.0
2024-12-13 11:54:00-05:00,316.05499267578125,316.0870056152344,316.0273132324219,316.0531921386719,1849,0.0,0.0
2024-12-13 11:55:00-05:00,316.1099853515625,316.1099853515625,316.0400085449219,316.05499267578125,2694,0.0,0.0
2024-12-13 11:56:00-05:00,316.0,316.0,315.875,315.875,4614,0.0,0.0
2024-12-13 11:57:00-05:00,315.8399963378906,315.95001220703125,315.8399963378906,315.8949890136719,2484,0.0,0.0
2024-12-13 11:58:00-05:00,315.79998779296875,316.010009765625,315.79998779296875,315.989990234375,3158,0.0,0.0
2024-12-13 11:59:00-05:00,315.9465026855469,316.010009765625,315.9200134277344,315.9750061035156,3010,0.0,0.0
2024-12-13 12:00:00-05:00,315.8999938964844,315.9700012207031,315.79998779296875,315.8046875,4432,0.0,0.0
2024-12-13 12:01:00-05:00,315.7550048828125,315.7900085449219,315.7200012207031,315.7900085449219,1322,0.0,0.0
2024-12-13 12:02:00-05:00,315.7099914550781,315.7349853515625,315.5600891113281,315.6099853515625,3268,0.0,0.0
2024-12-13 12:03:00-05:00,315.55999755859375,315.55999755859375,315.4150085449219,315.4800109863281,4656,0.0,0.0
2024-12-13 12:04:00-05:00,315.5281066894531,315.6300048828125,315.489990234375,315.55999755859375,5122,0.0,0.0
2024-12-13 12:05:00-05:00,315.510009765625,315.5799865722656,315.5,315.5799865722656,2809,0.0,0.0
2024-12-13 12:06:00-05:00,315.54998779296875,315.54998779296875,315.54998779296875,315.54998779296875,211,0.0,0.0
2024-12-13 12:07:00-05:00,315.4801025390625,315.4801025390625,315.4549865722656,315.4549865722656,3483,0.0,0.0
2024-12-13 12:08:00-05:00,315.510009765625,315.5199890136719,315.510009765625,315.5199890136719,1969,0.0,0.0
2024-12-13 12:09:00-05:00,315.5199890136719,315.58990478515625,315.4800109863281,315.4800109863281,1334,0.0,0.0
2024-12-13 12:10:00-05:00,315.5299987792969,315.6000061035156,315.42999267578125,315.5899963378906,5368,0.0,0.0
2024-12-13 12:11:00-05:00,315.6400146484375,315.6400146484375,315.5400085449219,315.55499267578125,1091,0.0,0.0
2024-12-13 12:12:00-05:00,315.59619140625,315.6400146484375,315.5549621582031,315.6300048828125,3519,0.0,0.0
2024-12-13 12:13:00-05:00,315.57501220703125,315.5892028808594,315.54998779296875,315.5892028808594,1471,0.0,0.0
2024-12-13 12:14:00-05:00,315.4800109863281,315.489990234375,315.4700012207031,315.489990234375,2861,0.0,0.0
2024-12-13 12:15:00-05:00,315.5,315.5400085449219,315.45001220703125,315.5400085449219,6244,0.0,0.0
2024-12-13 12:16:00-05:00,315.5400085449219,315.5400085449219,315.3999938964844,315.3999938964844,5291,0.0,0.0
2024-12-13 12:17:00-05:00,315.44500732421875,315.44500732421875,315.3800048828125,315.43499755859375,4021,0.0,0.0
2024-12-13 12:18:00-05:00,315.4150085449219,315.4150085449219,315.3500061035156,315.3500061035156,3430,0.0,0.0
2024-12-13 12:19:00-05:00,315.4200134277344,315.42999267578125,315.3500061035156,315.42999267578125,2170,0.0,0.0
2024-12-13 12:20:00-05:00,315.3900146484375,315.489990234375,315.3900146484375,315.4700012207031,3658,0.0,0.0
2024-12-13 12:21:00-05:00,315.489990234375,315.5199890136719,315.4700012207031,315.5,2193,0.0,0.0
2024-12-13 12:22:00-05:00,315.42999267578125,315.42999267578125,315.3699951171875,315.3699951171875,3509,0.0,0.0
2024-12-13 12:23:00-05:00,315.29998779296875,315.30999755859375,315.19000244140625,315.2699890136719,1951,0.0,0.0
2024-12-13 12:24:00-05:00,315.19000244140625,315.45001220703125,315.19000244140625,315.44500732421875,3129,0.0,0.0
2024-12-13 12:25:00-05:00,315.44000244140625,315.4800109863281,315.3900146484375,315.42999267578125,4015,0.0,0.0
2024-12-13 12:26:00-05:00,315.5199890136719,315.5199890136719,315.42999267578125,315.5,2425,0.0,0.0
2024-12-13 12:27:00-05:00,315.489990234375,315.489990234375,315.42999267578125,315.489990234375,2798,0.0,0.0
2024-12-13 12:28:00-05:00,315.5199890136719,315.5199890136719,315.42999267578125,315.4455871582031,2434,0.0,0.0
2024-12-13 12:29:00-05:00,315.44000244140625,315.5398864746094,315.44000244140625,315.4849853515625,1066,0.0,0.0
2024-12-13 12:30:00-05:00,315.4849853515625,315.6000061035156,315.4849853515625,315.5,6651,0.0,0.0
2024-12-13 12:31:00-05:00,315.5199890136719,315.6499938964844,315.5199890136719,315.6499938964844,3594,0.0,0.0
2024-12-13 12:32:00-05:00,315.6300048828125,315.69989013671875,315.6099853515625,315.6099853515625,4298,0.0,0.0
2024-12-13 12:33:00-05:00,315.5799865722656,315.6499938964844,315.5799865722656,315.60589599609375,2073,0.0,0.0
2024-12-13 12:34:00-05:00,315.6199951171875,315.6199951171875,315.5545959472656,315.57501220703125,3168,0.0,0.0
2024-12-13 12:35:00-05:00,315.6300048828125,315.67999267578125,315.57000732421875,315.57000732421875,1439,0.0,0.0
2024-12-13 12:36:00-05:00,315.5799865722656,315.6300048828125,315.5199890136719,315.5199890136719,6578,0.0,0.0
2024-12-13 12:37:00-05:00,315.4599914550781,315.57000732421875,315.4599914550781,315.5199890136719,2124,0.0,0.0
2024-12-13 12:38:00-05:00,315.4599914550781,315.5150146484375,315.3800048828125,315.3800048828125,2343,0.0,0.0
2024-12-13 12:39:00-05:00,315.3699951171875,315.45001220703125,315.3699951171875,315.4150085449219,3286,0.0,0.0
2024-12-13 12:40:00-05:00,315.3949890136719,315.45001220703125,315.3949890136719,315.44000244140625,2134,0.0,0.0
2024-12-13 12:41:00-05:00,315.45001220703125,315.6199951171875,315.45001220703125,315.6199951171875,3444,0.0,0.0
2024-12-13 12:42:00-05:00,315.5899963378906,315.5899963378906,315.5299987792969,315.5299987792969,3695,0.0,0.0
2024-12-13 12:43:00-05:00,315.55999755859375,315.57000732421875,315.510009765625,315.5450134277344,2068,0.0,0.0
2024-12-13 12:44:00-05:00,315.5531005859375,315.5531005859375,315.2449951171875,315.3599853515625,4819,0.0,0.0
2024-12-13 12:45:00-05:00,315.25,315.2799987792969,315.25,315.272705078125,3240,0.0,0.0
2024-12-13 12:46:00-05:00,315.260009765625,315.260009765625,315.2099914550781,315.2333984375,2898,0.0,0.0
2024-12-13 12:47:00-05:00,315.19500732421875,315.2506103515625,315.19500732421875,315.19500732421875,1733,0.0,0.0
2024-12-13 12:48:00-05:00,315.17999267578125,315.17999267578125,315.010009765625,315.1600036621094,4459,0.0,0.0
2024-12-13 12:49:00-05:00,315.17999267578125,315.2200012207031,315.0899963378906,315.2099914550781,4088,0.0,0.0
2024-12-13 12:50:00-05:00,315.1700134277344,315.2099914550781,315.1400146484375,315.2099914550781,4368,0.0,0.0
2024-12-13 12:51:00-05:00,315.1700134277344,315.1700134277344,315.0899963378906,315.1499938964844,1682,0.0,0.0
2024-12-13 12:52:00-05:00,315.154296875,315.2200012207031,315.1499938964844,315.2200012207031,3220,0.0,0.0
2024-12-13 12:53:00-05:00,315.1882019042969,315.2099914550781,315.1600036621094,315.1600036621094,1018,0.0,0.0
2024-12-13 12:54:00-05:00,315.1199951171875,315.260009765625,315.1199951171875,315.17999267578125,3628,0.0,0.0
2024-12-13 12:55:00-05:00,315.239990234375,315.2850036621094,315.239990234375,315.2850036621094,717,0.0,0.0
2024-12-13 12:56:00-05:00,315.19000244140625,315.20001220703125,315.010009765625,315.010009765625,5728,0.0,0.0
2024-12-13 12:57:00-05:00,315.0050048828125,315.04998779296875,314.9599914550781,314.9700012207031,4227,0.0,0.0
2024-12-13 12:58:00-05:00,314.92999267578125,315.04998779296875,314.9200134277344,315.04998779296875,3244,0.0,0.0
2024-12-13 12:59:00-05:00,315.0050048828125,315.05999755859375,315.0050048828125,315.05999755859375,940,0.0,0.0
2024-12-13 13:00:00-05:00,315.07000732421875,315.0799865722656,315.0199890136719,315.0299987792969,5430,0.0,0.0
2024-12-13 13:01:00-05:00,315.05999755859375,315.05999755859375,315.010009765625,315.010009765625,462,0.0,0.0
2024-12-13 13:02:00-05:00,315.05999755859375,315.05999755859375,314.9599914550781,315.0050048828125,3201,0.0,0.0
2024-12-13 13:03:00-05:00,315.0380859375,315.1199951171875,314.9949951171875,315.1050109863281,11783,0.0,0.0
2024-12-13 13:04:00-05:00,315.1050109863281,315.2149963378906,315.1050109863281,315.1400146484375,5870,0.0,0.0
2024-12-13 13:05:00-05:00,315.1400146484375,315.1400146484375,314.95001220703125,314.95001220703125,4533,0.0,0.0
2024-12-13 13:06:00-05:00,314.95001220703125,314.989990234375,314.94000244140625,314.9849853515625,2121,0.0,0.0
2024-12-13 13:07:00-05:00,315.0299987792969,315.0799865722656,314.9975891113281,315.0799865722656,15483,0.0,0.0
2024-12-13 13:08:00-05:00,315.04998779296875,315.0599060058594,315.0,315.0599060058594,3547,0.0,0.0
2024-12-13 13:09:00-05:00,314.9599914550781,315.04998779296875,314.9599914550781,315.04998779296875,2501,0.0,0.0
2024-12-13 13:10:00-05:00,315.0299987792969,315.0299987792969,315.0299987792969,315.0299987792969,1222,0.0,0.0
2024-12-13 13:11:00-05:00,315.0400085449219,315.0400085449219,315.0,315.0299987792969,922,0.0,0.0
2024-12-13 13:12:00-05:00,315.0581970214844,315.1099853515625,315.04998779296875,315.0799865722656,5679,0.0,0.0
2024-12-13 13:13:00-05:00,315.05999755859375,315.1300048828125,315.05999755859375,315.1300048828125,3796,0.0,0.0
2024-12-13 13:14:00-05:00,315.1000061035156,315.17999267578125,315.1000061035156,315.1400146484375,2711,0.0,0.0
2024-12-13 13:15:00-05:00,315.1700134277344,315.25,315.1401062011719,315.25,5852,0.0,0.0
2024-12-13 13:16:00-05:00,315.239990234375,315.260009765625,315.19000244140625,315.260009765625,7458,0.0,0.0
2024-12-13 13:17:00-05:00,315.2200012207031,315.3500061035156,315.2099914550781,315.3500061035156,2512,0.0,0.0
2024-12-13 13:18:00-05:00,315.3500061035156,315.3598937988281,315.2799987792969,315.2799987792969,7165,0.0,0.0
2024-12-13 13:19:00-05:00,315.3500061035156,315.3994140625,315.3500061035156,315.3994140625,2396,0.0,0.0
2024-12-13 13:20:00-05:00,315.3927001953125,315.3927001953125,315.3927001953125,315.3927001953125,1325,0.0,0.0
2024-12-13 13:21:00-05:00,315.3999938964844,315.4327087402344,315.3999938964844,315.4327087402344,3076,0.0,0.0
2024-12-13 13:22:00-05:00,315.4200134277344,315.42999267578125,315.4200134277344,315.4200134277344,2571,0.0,0.0
2024-12-13 13:23:00-05:00,315.3800048828125,315.3999938964844,315.2799987792969,315.2799987792969,7021,0.0,0.0
2024-12-13 13:24:00-05:00,315.2799987792969,315.3399963378906,315.2799987792969,315.3291931152344,1686,0.0,0.0
2024-12-13 13:25:00-05:00,315.3699951171875,315.3699951171875,315.2799987792969,315.28009033203125,3082,0.0,0.0
2024-12-13 13:26:00-05:00,315.2799987792969,315.29400634765625,315.239990234375,315.2650146484375,2148,0.0,0.0
2024-12-13 13:27:00-05:00,315.25,315.30499267578125,315.25,315.30499267578125,2358,0.0,0.0
2024-12-13 13:28:00-05:00,315.30999755859375,315.4700012207031,315.30499267578125,315.3999938964844,8494,0.0,0.0
2024-12-13 13:29:00-05:00,315.3800048828125,315.4599914550781,315.3800048828125,315.4599914550781,1032,0.0,0.0
2024-12-13 13:30:00-05:00,315.3500061035156,315.4049987792969,315.3500061035156,315.4049987792969,1146,0.0,0.0
2024-12-13 13:31:00-05:00,315.4599914550781,315.4800109863281,315.4200134277344,315.4800109863281,3511,0.0,0.0
2024-12-13 13:32:00-05:00,315.3900146484375,315.4100036621094,315.3599853515625,315.3599853515625,2620,0.0,0.0
2024-12-13 13:33:00-05:00,315.3949890136719,315.45001220703125,315.3949890136719,315.42999267578125,5354,0.0,0.0
2024-12-13 13:34:00-05:00,315.4100036621094,315.4100036621094,315.3599853515625,315.3599853515625,2492,0.0,0.0
2024-12-13 13:35:00-05:00,315.385009765625,315.385009765625,315.25,315.25,3229,0.0,0.0
2024-12-13 13:36:00-05:00,315.2699890136719,315.32000732421875,315.2304992675781,315.29998779296875,5282,0.0,0.0
2024-12-13 13:37:00-05:00,315.3114929199219,315.3114929199219,315.3114929199219,315.3114929199219,694,0.0,0.0
2024-12-13 13:38:00-05:00,315.3183898925781,315.3399963378906,315.2950134277344,315.2950134277344,1535,0.0,0.0
2024-12-13 13:39:00-05:00,315.30499267578125,315.4150085449219,315.30499267578125,315.3800048828125,9131,0.0,0.0
2024-12-13 13:40:00-05:00,315.3599853515625,315.3599853515625,315.30999755859375,315.30999755859375,3842,0.0,0.0
2024-12-13 13:41:00-05:00,315.29998779296875,315.3399963378906,315.260009765625,315.2799987792969,2116,0.0,0.0
2024-12-13 13:42:00-05:00,315.29998779296875,315.3800048828125,315.29998779296875,315.3500061035156,3572,0.0,0.0
2024-12-13 13:43:00-05:00,315.3450012207031,315.3699951171875,315.2799987792969,315.2799987792969,2156,0.0,0.0
2024-12-13 13:44:00-05:00,315.3500061035156,315.4599914550781,315.3349914550781,315.4599914550781,5801,0.0,0.0
2024-12-13 13:45:00-05:00,315.4049987792969,315.4599914550781,315.4049987792969,315.4599914550781,2624,0.0,0.0
2024-12-13 13:46:00-05:00,315.4549865722656,315.4549865722656,315.4100036621094,315.44500732421875,5526,0.0,0.0
2024-12-13 13:47:00-05:00,315.4100036621094,315.4750061035156,315.3900146484375,315.42498779296875,6438,0.0,0.0
2024-12-13 13:48:00-05:00,315.4700012207031,315.489990234375,315.42999267578125,315.489990234375,3582,0.0,0.0
2024-12-13 13:49:00-05:00,315.489990234375,315.5799865722656,315.489990234375,315.5,7734,0.0,0.0
2024-12-13 13:50:00-05:00,315.489990234375,315.5050048828125,315.30999755859375,315.3399963378906,5041,0.0,0.0
2024-12-13 13:51:00-05:00,315.3301086425781,315.375,315.2699890136719,315.375,3659,0.0,0.0
2024-12-13 13:52:00-05:00,315.3800048828125,315.3800048828125,315.20001220703125,315.20001220703125,5635,0.0,0.0
2024-12-13 13:53:00-05:00,315.17498779296875,315.17498779296875,315.1700134277344,315.1700134277344,1032,0.0,0.0
2024-12-13 13:54:00-05:00,315.1700134277344,315.1700134277344,315.1099853515625,315.1300048828125,3405,0.0,0.0
2024-12-13 13:55:00-05:00,315.1449890136719,315.1600036621094,315.0899963378906,315.1419982910156,4376,0.0,0.0
2024-12-13 13:56:00-05:00,315.07000732421875,315.0899963378906,315.05999755859375,315.0899963378906,2133,0.0,0.0
2024-12-13 13:57:00-05:00,315.0199890136719,315.0199890136719,314.9599914550781,315.010009765625,2019,0.0,0.0
2024-12-13 13:58:00-05:00,315.0199890136719,315.0780029296875,314.8800964355469,315.0,3341,0.0,0.0
2024-12-13 13:59:00-05:00,315.0799865722656,315.0799865722656,315.0,315.0249938964844,2500,0.0,0.0
2024-12-13 14:00:00-05:00,314.9599914550781,315.0367126464844,314.9599914550781,314.9599914550781,2891,0.0,0.0
2024-12-13 14:01:00-05:00,315.04998779296875,315.17999267578125,315.0299987792969,315.17498779296875,5384,0.0,0.0
2024-12-13 14:02:00-05:00,315.25,315.29998779296875,315.1600036621094,315.239990234375,8546,0.0,0.0
2024-12-13 14:03:00-05:00,315.25,315.25,315.20001220703125,315.20001220703125,2769,0.0,0.0
2024-12-13 14:04:00-05:00,315.239990234375,315.25,315.239990234375,315.25,380,0.0,0.0
2024-12-13 14:05:00-05:00,315.26300048828125,315.3800048828125,315.2349853515625,315.3800048828125,3934,0.0,0.0
2024-12-13 14:06:00-05:00,315.3699951171875,315.4410095214844,315.3699951171875,315.4410095214844,6004,0.0,0.0
2024-12-13 14:07:00-05:00,315.3800048828125,315.4800109863281,315.3800048828125,315.45001220703125,4059,0.0,0.0
2024-12-13 14:08:00-05:00,315.44000244140625,315.44000244140625,315.44000244140625,315.44000244140625,739,0.0,0.0
2024-12-13 14:09:00-05:00,315.4700012207031,315.5799865722656,315.45001220703125,315.5150146484375,5984,0.0,0.0
2024-12-13 14:10:00-05:00,315.5050048828125,315.5050048828125,315.42999267578125,315.42999267578125,1752,0.0,0.0
2024-12-13 14:11:00-05:00,315.42999267578125,315.5494079589844,315.42999267578125,315.489990234375,1462,0.0,0.0
2024-12-13 14:12:00-05:00,315.42999267578125,315.510009765625,315.4200134277344,315.42999267578125,4480,0.0,0.0
2024-12-13 14:13:00-05:00,315.42999267578125,315.5,315.42999267578125,315.489990234375,2969,0.0,0.0
2024-12-13 14:14:00-05:00,315.5,315.5199890136719,315.4599914550781,315.4800109863281,4112,0.0,0.0
2024-12-13 14:15:00-05:00,315.4800109863281,315.6400146484375,315.4800109863281,315.6300048828125,5132,0.0,0.0
2024-12-13 14:16:00-05:00,315.6600036621094,315.67999267578125,315.6000061035156,315.6000061035156,6168,0.0,0.0
2024-12-13 14:17:00-05:00,315.55999755859375,315.6199951171875,315.5400085449219,315.54010009765625,11452,0.0,0.0
2024-12-13 14:18:00-05:00,315.5401916503906,315.6099853515625,315.4985046386719,315.4985046386719,12060,0.0,0.0
2024-12-13 14:19:00-05:00,315.489990234375,315.489990234375,315.46148681640625,315.46148681640625,1944,0.0,0.0
2024-12-13 14:20:00-05:00,315.4800109863281,315.4800109863281,315.4100036621094,315.4100036621094,3157,0.0,0.0
2024-12-13 14:21:00-05:00,315.4100036621094,315.4700012207031,315.3900146484375,315.4200134277344,2786,0.0,0.0
2024-12-13 14:22:00-05:00,315.4100036621094,315.489990234375,315.4100036621094,315.4700012207031,4673,0.0,0.0
2024-12-13 14:23:00-05:00,315.4700012207031,315.5299987792969,315.42010498046875,315.5299987792969,3243,0.0,0.0
2024-12-13 14:24:00-05:00,315.5299987792969,315.5299987792969,315.3900146484375,315.3900146484375,4681,0.0,0.0
2024-12-13 14:25:00-05:00,315.36590576171875,315.4599914550781,315.36590576171875,315.4100036621094,9422,0.0,0.0
2024-12-13 14:26:00-05:00,315.3699951171875,315.3699951171875,315.3500061035156,315.3500061035156,1749,0.0,0.0
2024-12-13 14:27:00-05:00,315.3500061035156,315.4299011230469,315.2900085449219,315.2900085449219,3530,0.0,0.0
2024-12-13 14:28:00-05:00,315.29998779296875,315.29998779296875,315.17999267578125,315.17999267578125,4912,0.0,0.0
2024-12-13 14:29:00-05:00,315.2349853515625,315.2699890136719,315.2300109863281,315.2699890136719,1851,0.0,0.0
2024-12-13 14:30:00-05:00,315.2799987792969,315.3399963378906,315.2200012207031,315.32000732421875,8583,0.0,0.0
2024-12-13 14:31:00-05:00,315.3500061035156,315.3999938964844,315.3301086425781,315.3999938964844,3826,0.0,0.0
2024-12-13 14:32:00-05:00,315.3800048828125,315.3800048828125,315.29998779296875,315.29998779296875,4215,0.0,0.0
2024-12-13 14:33:00-05:00,315.2900085449219,315.31500244140625,315.26708984375,315.31500244140625,2270,0.0,0.0
2024-12-13 14:34:00-05:00,315.3500061035156,315.3900146484375,315.32379150390625,315.3900146484375,3220,0.0,0.0
2024-12-13 14:35:00-05:00,315.32000732421875,315.45001220703125,315.30999755859375,315.45001220703125,6027,0.0,0.0
2024-12-13 14:36:00-05:00,315.44500732421875,315.45001220703125,315.4100036621094,315.4200134277344,3848,0.0,0.0
2024-12-13 14:37:00-05:00,315.4599914550781,315.4700012207031,315.3699951171875,315.44989013671875,10729,0.0,0.0
2024-12-13 14:38:00-05:00,315.45001220703125,315.4800109863281,315.3999938964844,315.3999938964844,6152,0.0,0.0
2024-12-13 14:39:00-05:00,315.42999267578125,315.45001220703125,315.4200134277344,315.44659423828125,2268,0.0,0.0
2024-12-13 14:40:00-05:00,315.45001220703125,315.4800109863281,315.42999267578125,315.4549865722656,4579,0.0,0.0
2024-12-13 14:41:00-05:00,315.42999267578125,315.42999267578125,315.3599853515625,315.4100036621094,5630,0.0,0.0
2024-12-13 14:42:00-05:00,315.4100036621094,315.4100036621094,315.3500061035156,315.3550109863281,4326,0.0,0.0
2024-12-13 14:43:00-05:00,315.3900146484375,315.3999938964844,315.29998779296875,315.30499267578125,3321,0.0,0.0
2024-12-13 14:44:00-05:00,315.2349853515625,315.3399963378906,315.2300109863281,315.32000732421875,3953,0.0,0.0
2024-12-13 14:45:00-05:00,315.2900085449219,315.3399963378906,315.2200012207031,315.32000732421875,8961,0.0,0.0
2024-12-13 14:46:00-05:00,315.260009765625,315.2799987792969,315.19000244140625,315.19000244140625,6055,0.0,0.0
2024-12-13 14:47:00-05:00,315.1199951171875,315.25,315.1199951171875,315.25,3257,0.0,0.0
2024-12-13 14:48:00-05:00,315.2099914550781,315.2099914550781,315.20001220703125,315.20001220703125,3857,0.0,0.0
2024-12-13 14:49:00-05:00,315.2099914550781,315.2149963378906,315.0799865722656,315.0799865722656,5351,0.0,0.0
2024-12-13 14:50:00-05:00,315.07000732421875,315.2200012207031,315.07000732421875,315.1896057128906,2913,0.0,0.0
2024-12-13 14:51:00-05:00,315.2200012207031,315.2699890136719,315.1499938964844,315.1499938964844,4143,0.0,0.0
2024-12-13 14:52:00-05:00,315.239990234375,315.239990234375,315.1050109863281,315.239990234375,5755,0.0,0.0
2024-12-13 14:53:00-05:00,315.2250061035156,315.2250061035156,315.0899963378906,315.0899963378906,4049,0.0,0.0
2024-12-13 14:54:00-05:00,315.05999755859375,315.1600036621094,315.0400085449219,315.1050109863281,4072,0.0,0.0
2024-12-13 14:55:00-05:00,315.07000732421875,315.1498107910156,315.05999755859375,315.1099853515625,3866,0.0,0.0
2024-12-13 14:56:00-05:00,315.1400146484375,315.1700134277344,315.04998779296875,315.0799865722656,5358,0.0,0.0
2024-12-13 14:57:00-05:00,315.04998779296875,315.04998779296875,314.9800109863281,314.9800109863281,4113,0.0,0.0
2024-12-13 14:58:00-05:00,314.94000244140625,315.0799865722656,314.94000244140625,315.0799865722656,4691,0.0,0.0
2024-12-13 14:59:00-05:00,315.0199890136719,315.04998779296875,315.010009765625,315.010009765625,4486,0.0,0.0
2024-12-13 15:00:00-05:00,315.02239990234375,315.072998046875,315.010009765625,315.010009765625,3615,0.0,0.0
2024-12-13 15:01:00-05:00,315.05999755859375,315.05999755859375,314.9599914550781,315.010009765625,5152,0.0,0.0
2024-12-13 15:02:00-05:00,315.010009765625,315.04998779296875,315.0,315.0,3794,0.0,0.0
2024-12-13 15:03:00-05:00,315.0299987792969,315.1199951171875,315.010009765625,315.07000732421875,7190,0.0,0.0
2024-12-13 15:04:00-05:00,315.0849914550781,315.0849914550781,315.04998779296875,315.0849914550781,4072,0.0,0.0
2024-12-13 15:05:00-05:00,315.0899963378906,315.1300048828125,315.0400085449219,315.0400085449219,6943,0.0,0.0
2024-12-13 15:06:00-05:00,315.0299987792969,315.0299987792969,314.989990234375,314.989990234375,2907,0.0,0.0
2024-12-13 15:07:00-05:00,314.94000244140625,315.0199890136719,314.94000244140625,315.0199890136719,6504,0.0,0.0
2024-12-13 15:08:00-05:00,315.0400085449219,315.0899963378906,315.010009765625,315.05999755859375,3862,0.0,0.0
2024-12-13 15:09:00-05:00,315.010009765625,315.0404052734375,314.989990234375,315.0,3624,0.0,0.0
2024-12-13 15:10:00-05:00,315.04998779296875,315.04998779296875,314.9800109863281,315.0299987792969,3852,0.0,0.0
2024-12-13 15:11:00-05:00,315.07000732421875,315.1199035644531,315.04998779296875,315.1099853515625,4900,0.0,0.0
2024-12-13 15:12:00-05:00,315.0799865722656,315.0799865722656,314.9700012207031,314.9700012207031,7653,0.0,0.0
2024-12-13 15:13:00-05:00,314.9700012207031,314.989990234375,314.92840576171875,314.989990234375,4670,0.0,0.0
2024-12-13 15:14:00-05:00,314.94000244140625,314.95001220703125,314.91351318359375,314.95001220703125,2361,0.0,0.0
2024-12-13 15:15:00-05:00,314.8999938964844,314.92999267578125,314.8699951171875,314.8800048828125,3967,0.0,0.0
2024-12-13 15:16:00-05:00,314.8500061035156,314.8800048828125,314.70001220703125,314.7799987792969,11766,0.0,0.0
2024-12-13 15:17:00-05:00,314.7200012207031,314.7200012207031,314.6611022949219,314.6611022949219,4113,0.0,0.0
2024-12-13 15:18:00-05:00,314.69580078125,314.739990234375,314.6400146484375,314.69000244140625,8812,0.0,0.0
2024-12-13 15:19:00-05:00,314.7486877441406,314.7650146484375,314.6510009765625,314.6510009765625,3901,0.0,0.0
2024-12-13 15:20:00-05:00,314.67999267578125,314.68499755859375,314.5299987792969,314.57000732421875,7434,0.0,0.0
2024-12-13 15:21:00-05:00,314.6300048828125,314.6600036621094,314.4410095214844,314.4410095214844,5088,0.0,0.0
2024-12-13 15:22:00-05:00,314.4849853515625,314.5299987792969,314.4849853515625,314.5299987792969,2143,0.0,0.0
2024-12-13 15:23:00-05:00,314.57000732421875,314.6210021972656,314.5299987792969,314.5299987792969,6678,0.0,0.0
2024-12-13 15:24:00-05:00,314.6400146484375,314.67999267578125,314.6300048828125,314.6499938964844,5024,0.0,0.0
2024-12-13 15:25:00-05:00,314.6499938964844,314.6700134277344,314.6099853515625,314.6700134277344,3200,0.0,0.0
2024-12-13 15:26:00-05:00,314.6499938964844,314.6499938964844,314.6199951171875,314.635009765625,5312,0.0,0.0
2024-12-13 15:27:00-05:00,314.6600036621094,314.6600036621094,314.489990234375,314.489990234375,9281,0.0,0.0
2024-12-13 15:28:00-05:00,314.5299987792969,314.5299987792969,314.45001220703125,314.4599914550781,4781,0.0,0.0
2024-12-13 15:29:00-05:00,314.4949951171875,314.5199890136719,314.4700012207031,314.5,7165,0.0,0.0
2024-12-13 15:30:00-05:00,314.5,314.54998779296875,314.4800109863281,314.5400085449219,6616,0.0,0.0
2024-12-13 15:31:00-05:00,314.55999755859375,314.55999755859375,314.5,314.5,5086,0.0,0.0
2024-12-13 15:32:00-05:00,314.5350036621094,314.614990234375,314.5,314.57000732421875,9768,0.0,0.0
2024-12-13 15:33:00-05:00,314.6000061035156,314.6300048828125,314.55999755859375,314.5899963378906,7586,0.0,0.0
2024-12-13 15:34:00-05:00,314.6260070800781,314.67999267578125,314.57000732421875,314.6300048828125,11811,0.0,0.0
2024-12-13 15:35:00-05:00,314.6199951171875,314.6199951171875,314.5400085449219,314.6000061035156,5040,0.0,0.0
2024-12-13 15:36:00-05:00,314.5400085449219,314.6400146484375,314.5400085449219,314.5849914550781,6950,0.0,0.0
2024-12-13 15:37:00-05:00,314.55999755859375,314.6199951171875,314.55999755859375,314.59100341796875,7171,0.0,0.0
2024-12-13 15:38:00-05:00,314.6099853515625,314.7200012207031,314.57000732421875,314.6510009765625,10767,0.0,0.0
2024-12-13 15:39:00-05:00,314.67999267578125,314.70001220703125,314.6400146484375,314.6499938964844,8336,0.0,0.0
2024-12-13 15:40:00-05:00,314.6499938964844,314.6990051269531,314.6199951171875,314.6698913574219,8825,0.0,0.0
2024-12-13 15:41:00-05:00,314.6000061035156,314.7200012207031,314.54998779296875,314.6300048828125,11074,0.0,0.0
2024-12-13 15:42:00-05:00,314.6600036621094,314.6600036621094,314.6300048828125,314.6600036621094,3945,0.0,0.0
2024-12-13 15:43:00-05:00,314.70001220703125,314.7300109863281,314.6700134277344,314.70001220703125,9430,0.0,0.0
2024-12-13 15:44:00-05:00,314.739990234375,314.739990234375,314.70001220703125,314.70001220703125,5510,0.0,0.0
2024-12-13 15:45:00-05:00,314.75,314.82000732421875,314.75,314.80999755859375,5370,0.0,0.0
2024-12-13 15:46:00-05:00,314.8299865722656,314.9200134277344,314.7300109863281,314.8999938964844,9150,0.0,0.0
2024-12-13 15:47:00-05:00,314.8800048828125,314.8800048828125,314.7900085449219,314.8399963378906,6471,0.0,0.0
2024-12-13 15:48:00-05:00,314.7900085449219,314.875,314.781005859375,314.79998779296875,9410,0.0,0.0
2024-12-13 15:49:00-05:00,314.8500061035156,314.9700012207031,314.8349914550781,314.92999267578125,9555,0.0,0.0
2024-12-13 15:50:00-05:00,314.8399963378906,314.95001220703125,314.80999755859375,314.82501220703125,10445,0.0,0.0
2024-12-13 15:51:00-05:00,314.82501220703125,314.8999938964844,314.7099914550781,314.7900085449219,13481,0.0,0.0
2024-12-13 15:52:00-05:00,314.760009765625,314.760009765625,314.6000061035156,314.6000061035156,10776,0.0,0.0
2024-12-13 15:53:00-05:00,314.6000061035156,314.760009765625,314.4599914550781,314.4599914550781,15840,0.0,0.0
2024-12-13 15:54:00-05:00,314.5,314.6300048828125,314.3999938964844,314.3999938964844,15361,0.0,0.0
2024-12-13 15:55:00-05:00,314.3900146484375,314.6600036621094,314.3399963378906,314.5799865722656,23136,0.0,0.0
2024-12-13 15:56:00-05:00,314.5799865722656,314.82000732421875,314.5799865722656,314.70001220703125,22005,0.0,0.0
2024-12-13 15:57:00-05:00,314.69000244140625,314.8299865722656,314.6199951171875,314.7200012207031,26413,0.0,0.0
2024-12-13 15:58:00-05:00,314.7200012207031,314.8599853515625,314.67059326171875,314.8299865722656,46010,0.0,0.0
2024-12-13 15:59:00-05:00,314.8900146484375,314.9849853515625,314.7149963378906,314.80999755859375,75220,0.0,0.0
2024-12-13 16:00:00-05:00,314.74,314.76,314.74,314.74,1837427,0.0,0.0
2024-12-13 16:01:00-05:00,314.74,314.82,314.74,314.74,0,0.0,0.0
2024-12-13 16:02:00-05:00,314.74,315.9557,314.74,315.01,0,0.0,0.0
2024-12-13 16:03:00-05:00,315.01,315.07,314.6395,314.6395,0,0.0,0.0
2024-12-13 16:04:00-05:00,314.65,314.85,314.5,314.74,0,0.0,0.0
2024-12-13 16:05:00-05:00,314.74,314.79,314.74,314.79,0,0.0,0.0
2024-12-13 16:08:00-05:00,314.74,314.74,314.74,314.74,0,0.0,0.0
2024-12-13 16:09:00-05:00,314.5,314.5,314.5,314.5,0,0.0,0.0
2024-12-13 16:10:00-05:00,314.74,314.74,314.74,314.74,0,0.0,0.0
2024-12-13 16:15:00-05:00,314.74,314.74,314.74,314.74,0,0.0,0.0
2024-12-13 16:18:00-05:00,314.74,314.74,314.74,314.74,0,0.0,0.0
2024-12-13 16:19:00-05:00,314.78,314.92,314.68,314.68,0,0.0,0.0
2024-12-13 16:20:00-05:00,314.74,314.74,314.74,314.74,0,0.0,0.0
2024-12-13 16:21:00-05:00,314.74,314.74,314.74,314.74,0,0.0,0.0
2024-12-13 16:22:00-05:00,314.74,314.74,314.72,314.72,0,0.0,0.0
2024-12-13 16:23:00-05:00,314.58,314.58,314.58,314.58,0,0.0,0.0
2024-12-13 16:25:00-05:00,314.74,314.74,314.74,314.74,0,0.0,0.0
2024-12-13 16:28:00-05:00,314.61,314.61,314.23,314.23,0,0.0,0.0
2024-12-13 16:30:00-05:00,314.63,314.63,314.59,314.59,0,0.0,0.0
2024-12-13 16:31:00-05:00,314.7272,314.7272,314.7272,314.7272,0,0.0,0.0
2024-12-13 16:32:00-05:00,314.23,314.23,314.23,314.23,0,0.0,0.0
2024-12-13 16:35:00-05:00,314.71,314.71,314.71,314.71,0,0.0,0.0
2024-12-13 16:37:00-05:00,314.71,314.71,314.71,314.71,0,0.0,0.0
2024-12-13 16:44:00-05:00,314.74,314.74,314.74,314.74,0,0.0,0.0
2024-12-13 16:45:00-05:00,314.67,314.7,314.67,314.7,0,0.0,0.0
2024-12-13 16:49:00-05:00,314.23,314.23,314.23,314.23,0,0.0,0.0
2024-12-13 16:53:00-05:00,314.7,314.7,314.7,314.7,0,0.0,0.0
2024-12-13 17:02:00-05:00,314.74,314.74,314.74,314.74,0,0.0,0.0
2024-12-13 17:03:00-05:00,314.2622,314.2622,314.2622,314.2622,0,0.0,0.0
2024-12-13 17:04:00-05:00,314.69,314.69,314.69,314.69,0,0.0,0.0
2024-12-13 17:06:00-05:00,314.69,314.71,305.8,305.8,0,0.0,0.0
2024-12-13 17:10:00-05:00,314.61,314.61,314.61,314.61,0,0.0,0.0
2024-12-13 17:15:00-05:00,314.25,314.25,314.25,314.25,0,0.0,0.0
2024-12-13 17:18:00-05:00,314.61,314.61,314.61,314.61,0,0.0,0.0
2024-12-13 17:19:00-05:00,314.718,314.718,314.718,314.718,0,0.0,0.0
2024-12-13 17:20:00-05:00,314.71,314.72,314.71,314.72,0,0.0,0.0
2024-12-13 17:24:00-05:00,314.73,314.73,314.73,314.73,0,0.0,0.0
2024-12-13 17:29:00-05:00,314.25,314.74,314.25,314.74,0,0.0,0.0
2024-12-13 17:32:00-05:00,314.2685,314.99,314.2685,314.5829,0,0.0,0.0
2024-12-13 17:45:00-05:00,314.6,314.62,314.58,314.58,0,0.0,0.0
2024-12-13 17:48:00-05:00,314.58,314.58,314.58,314.58,0,0.0,0.0
2024-12-13 18:01:00-05:00,314.249,314.249,314.249,314.249,0,0.0,0.0
2024-12-13 18:05:00-05:00,314.23,314.23,314.23,314.23,0,0.0,0.0
2024-12-13 18:06:00-05:00,314.48,314.48,314.48,314.48,0,0.0,0.0
2024-12-13 18:26:00-05:00,314.971,314.971,314.971,314.971,0,0.0,0.0
2024-12-13 18:28:00-05:00,314.62,314.62,314.62,314.62,0,0.0,0.0
2024-12-13 18:32:00-05:00,314.23,314.23,314.23,314.23,0,0.0,0.0
2024-12-13 18:39:00-05:00,314.9,314.99,314.86,314.86,0,0.0,0.0
2024-12-13 18:43:00-05:00,314.9,314.971,314.9,314.971,0,0.0,0.0
2024-12-13 18:44:00-05:00,314.9,314.971,314.9,314.971,0,0.0,0.0
2024-12-13 18:45:00-05:00,314.971,314.971,314.971,314.971,0,0.0,0.0
2024-12-13 18:46:00-05:00,314.9,314.9,314.9,314.9,0,0.0,0.0
2024-12-13 18:49:00-05:00,314.4,314.4,314.4,314.4,0,0.0,0.0
2024-12-13 18:51:00-05:00,314.9,314.9,314.9,314.9,0,0.0,0.0
2024-12-13 18:52:00-05:00,314.9,314.9,314.9,314.9,0,0.0,0.0
2024-12-13 19:07:00-05:00,314.99,314.99,314.99,314.99,0,0.0,0.0
2024-12-13 19:08:00-05:00,314.2312,314.2312,314.2312,314.2312,0,0.0,0.0
2024-12-13 19:13:00-05:00,314.9,314.9,314.9,314.9,0,0.0,0.0
2024-12-13 19:16:00-05:00,314.9,314.9,314.9,314.9,0,0.0,0.0
2024-12-13 19:18:00-05:00,314.23,314.23,314.23,314.23,0,0.0,0.0
2024-12-13 19:23:00-05:00,314.99,314.99,314.99,314.99,0,0.0,0.0
2024-12-13 19:27:00-05:00,314.398,314.398,314.398,314.398,0,0.0,0.0
2024-12-13 19:33:00-05:00,314.9612,314.98,314.9612,314.98,0,0.0,0.0
2024-12-13 19:34:00-05:00,314.23,314.23,314.23,314.23,0,0.0,0.0
2024-12-13 19:35:00-05:00,314.3557,314.3557,314.3557,314.3557,0,0.0,0.0
2024-12-13 19:39:42-05:00,314.971,314.971,314.971,314.971,0,0.0,0.0
