time,Open,High,Low,Close,Volume,Dividends,Stock Splits
2024-12-19 04:00:00-05:00,311.0,311.0,309.78,310.59,0,0.0,0.0
2024-12-19 04:01:00-05:00,310.01,310.7,309.99,310.7,0,0.0,0.0
2024-12-19 04:02:00-05:00,310.84,310.84,310.84,310.84,0,0.0,0.0
2024-12-19 04:03:00-05:00,310.73,310.73,310.05,310.05,0,0.0,0.0
2024-12-19 04:04:00-05:00,310.75,310.75,310.1,310.1,0,0.0,0.0
2024-12-19 04:05:00-05:00,310.1,310.11,310.07,310.11,0,0.0,0.0
2024-12-19 04:06:00-05:00,310.84,310.84,310.58,310.58,0,0.0,0.0
2024-12-19 04:07:00-05:00,310.57,310.84,310.11,310.11,0,0.0,0.0
2024-12-19 04:08:00-05:00,310.84,310.84,310.84,310.84,0,0.0,0.0
2024-12-19 04:10:00-05:00,310.8,310.8,310.15,310.15,0,0.0,0.0
2024-12-19 04:12:00-05:00,310.15,310.8,310.11,310.8,0,0.0,0.0
2024-12-19 04:14:00-05:00,310.88,310.88,310.88,310.88,0,0.0,0.0
2024-12-19 04:16:00-05:00,310.8,310.8,310.8,310.8,0,0.0,0.0
2024-12-19 04:17:00-05:00,310.7,310.71,310.11,310.11,0,0.0,0.0
2024-12-19 04:20:00-05:00,310.8,311.01,310.57,310.6,0,0.0,0.0
2024-12-19 04:21:00-05:00,310.6,310.6,310.13,310.13,0,0.0,0.0
2024-12-19 04:22:00-05:00,310.13,310.13,310.13,310.13,0,0.0,0.0
2024-12-19 04:23:00-05:00,310.6,310.88,310.6,310.88,0,0.0,0.0
2024-12-19 04:29:00-05:00,310.6,310.6,310.6,310.6,0,0.0,0.0
2024-12-19 04:34:00-05:00,310.82,310.82,310.82,310.82,0,0.0,0.0
2024-12-19 04:36:00-05:00,310.61,310.61,310.61,310.61,0,0.0,0.0
2024-12-19 04:37:00-05:00,310.61,310.61,310.61,310.61,0,0.0,0.0
2024-12-19 04:44:00-05:00,310.82,310.82,310.82,310.82,0,0.0,0.0
2024-12-19 04:47:00-05:00,310.95,310.95,310.95,310.95,0,0.0,0.0
2024-12-19 04:48:00-05:00,310.62,310.62,310.62,310.62,0,0.0,0.0
2024-12-19 04:49:00-05:00,310.69,310.7,310.69,310.7,0,0.0,0.0
2024-12-19 04:51:00-05:00,311.48,311.48,311.48,311.48,0,0.0,0.0
2024-12-19 04:52:00-05:00,311.48,311.48,311.19,311.19,0,0.0,0.0
2024-12-19 04:56:00-05:00,311.2,311.2,311.2,311.2,0,0.0,0.0
2024-12-19 04:57:00-05:00,310.71,311.18,310.71,311.18,0,0.0,0.0
2024-12-19 05:05:00-05:00,311.18,311.18,311.18,311.18,0,0.0,0.0
2024-12-19 05:11:00-05:00,311.06,311.06,310.98,310.98,0,0.0,0.0
2024-12-19 05:16:00-05:00,311.06,311.06,311.06,311.06,0,0.0,0.0
2024-12-19 05:17:00-05:00,310.76,310.76,310.76,310.76,0,0.0,0.0
2024-12-19 05:28:00-05:00,310.97,310.97,310.97,310.97,0,0.0,0.0
2024-12-19 05:30:00-05:00,310.73,310.73,310.73,310.73,0,0.0,0.0
2024-12-19 05:31:00-05:00,310.89,310.89,310.89,310.89,0,0.0,0.0
2024-12-19 05:34:00-05:00,310.91,310.91,310.91,310.91,0,0.0,0.0
2024-12-19 05:35:00-05:00,310.78,310.78,310.61,310.61,0,0.0,0.0
2024-12-19 05:37:00-05:00,310.72,310.8,310.72,310.8,0,0.0,0.0
2024-12-19 05:42:00-05:00,310.72,310.84,310.72,310.84,0,0.0,0.0
2024-12-19 05:43:00-05:00,310.84,310.84,310.84,310.84,0,0.0,0.0
2024-12-19 05:45:00-05:00,310.83,310.83,310.83,310.83,0,0.0,0.0
2024-12-19 05:50:00-05:00,310.82,310.82,310.82,310.82,0,0.0,0.0
2024-12-19 05:51:00-05:00,310.81,310.81,310.81,310.81,0,0.0,0.0
2024-12-19 05:59:00-05:00,310.8,310.8,310.8,310.8,0,0.0,0.0
2024-12-19 06:03:00-05:00,310.72,310.72,310.6,310.61,0,0.0,0.0
2024-12-19 06:04:00-05:00,310.6,310.6,310.6,310.6,0,0.0,0.0
2024-12-19 06:07:00-05:00,310.79,310.8,310.79,310.8,0,0.0,0.0
2024-12-19 06:08:00-05:00,310.79,310.79,310.6,310.6,0,0.0,0.0
2024-12-19 06:09:00-05:00,310.6,310.6,310.6,310.6,0,0.0,0.0
2024-12-19 06:10:00-05:00,310.6,310.6,310.6,310.6,0,0.0,0.0
2024-12-19 06:15:00-05:00,310.56,310.56,310.56,310.56,0,0.0,0.0
2024-12-19 06:17:00-05:00,310.6,310.6,310.6,310.6,0,0.0,0.0
2024-12-19 06:22:00-05:00,310.45,310.51,310.4,310.51,0,0.0,0.0
2024-12-19 06:26:00-05:00,310.6,310.6,310.6,310.6,0,0.0,0.0
2024-12-19 06:29:00-05:00,310.56,310.72,310.56,310.72,0,0.0,0.0
2024-12-19 06:32:00-05:00,310.59,310.59,310.59,310.59,0,0.0,0.0
2024-12-19 06:37:00-05:00,310.59,310.59,310.59,310.59,0,0.0,0.0
2024-12-19 06:41:00-05:00,310.61,310.61,310.61,310.61,0,0.0,0.0
2024-12-19 06:44:00-05:00,310.4,310.4,310.26,310.26,0,0.0,0.0
2024-12-19 06:45:00-05:00,310.23,310.23,310.23,310.23,0,0.0,0.0
2024-12-19 06:46:00-05:00,310.44,310.45,310.44,310.45,0,0.0,0.0
2024-12-19 06:52:00-05:00,310.45,310.45,310.45,310.45,0,0.0,0.0
2024-12-19 06:53:00-05:00,310.48,310.7,310.48,310.6,0,0.0,0.0
2024-12-19 06:55:00-05:00,310.68,310.68,310.68,310.68,0,0.0,0.0
2024-12-19 07:00:00-05:00,310.71,310.71,310.48,310.52,0,0.0,0.0
2024-12-19 07:01:00-05:00,310.52,310.52,310.52,310.52,0,0.0,0.0
2024-12-19 07:03:00-05:00,310.69,310.74,310.69,310.74,0,0.0,0.0
2024-12-19 07:04:00-05:00,310.74,310.74,310.74,310.74,0,0.0,0.0
2024-12-19 07:05:00-05:00,310.74,310.75,310.64,310.64,0,0.0,0.0
2024-12-19 07:06:00-05:00,310.75,310.75,310.75,310.75,0,0.0,0.0
2024-12-19 07:08:00-05:00,310.75,310.75,310.75,310.75,0,0.0,0.0
2024-12-19 07:09:00-05:00,310.75,310.75,310.75,310.75,0,0.0,0.0
2024-12-19 07:13:00-05:00,310.8,310.8,310.76,310.79,0,0.0,0.0
2024-12-19 07:14:00-05:00,310.78,310.81,310.77,310.81,0,0.0,0.0
2024-12-19 07:16:00-05:00,310.91,310.91,310.82,310.91,0,0.0,0.0
2024-12-19 07:21:00-05:00,310.93,311.13,310.91,311.13,0,0.0,0.0
2024-12-19 07:22:00-05:00,311.19,311.19,311.19,311.19,0,0.0,0.0
2024-12-19 07:24:00-05:00,311.58,311.67,311.25,311.45,0,0.0,0.0
2024-12-19 07:25:00-05:00,311.53,311.53,311.53,311.53,0,0.0,0.0
2024-12-19 07:26:00-05:00,311.33,311.33,311.26,311.3,0,0.0,0.0
2024-12-19 07:27:00-05:00,311.3,311.3,311.06,311.06,0,0.0,0.0
2024-12-19 07:28:00-05:00,311.06,311.06,311.06,311.06,0,0.0,0.0
2024-12-19 07:30:00-05:00,311.07,311.07,311.06,311.06,0,0.0,0.0
2024-12-19 07:31:00-05:00,311.06,311.29,311.02,311.29,0,0.0,0.0
2024-12-19 07:33:00-05:00,311.09,311.09,311.04,311.04,0,0.0,0.0
2024-12-19 07:34:00-05:00,311.02,311.26,311.01,311.01,0,0.0,0.0
2024-12-19 07:35:00-05:00,311.22,311.3,311.22,311.3,0,0.0,0.0
2024-12-19 07:37:00-05:00,311.3,311.3,311.3,311.3,0,0.0,0.0
2024-12-19 07:42:00-05:00,311.29,311.3,311.29,311.3,0,0.0,0.0
2024-12-19 07:44:00-05:00,311.37,311.37,311.37,311.37,0,0.0,0.0
2024-12-19 07:45:00-05:00,311.43,311.43,311.43,311.43,0,0.0,0.0
2024-12-19 07:46:00-05:00,311.38,311.43,311.38,311.43,0,0.0,0.0
2024-12-19 07:48:00-05:00,311.52,311.52,311.52,311.52,0,0.0,0.0
2024-12-19 07:49:00-05:00,311.57,311.86,311.57,311.86,0,0.0,0.0
2024-12-19 07:50:00-05:00,311.48,311.48,311.48,311.48,0,0.0,0.0
2024-12-19 07:51:00-05:00,311.64,311.64,311.64,311.64,0,0.0,0.0
2024-12-19 07:52:00-05:00,311.69,311.69,311.67,311.67,0,0.0,0.0
2024-12-19 07:54:00-05:00,311.53,311.65,311.53,311.65,0,0.0,0.0
2024-12-19 07:57:00-05:00,311.67,311.67,311.67,311.67,0,0.0,0.0
2024-12-19 08:00:00-05:00,309.7875,321.9288,309.0012,314.98,0,0.0,0.0
2024-12-19 08:01:00-05:00,310.6,313.8068,310.6,311.56,0,0.0,0.0
2024-12-19 08:02:00-05:00,311.0,311.69,311.0,311.67,0,0.0,0.0
2024-12-19 08:04:00-05:00,309.006,311.59,309.006,311.59,0,0.0,0.0
2024-12-19 08:05:00-05:00,309.78,309.78,309.78,309.78,0,0.0,0.0
2024-12-19 08:06:00-05:00,311.74,314.8,311.74,314.8,0,0.0,0.0
2024-12-19 08:07:00-05:00,314.8,314.8,314.75,314.75,0,0.0,0.0
2024-12-19 08:08:00-05:00,314.0,314.0,311.74,311.94,0,0.0,0.0
2024-12-19 08:09:00-05:00,311.99,311.99,311.75,311.84,0,0.0,0.0
2024-12-19 08:10:00-05:00,314.675,314.675,311.88,311.92,0,0.0,0.0
2024-12-19 08:11:00-05:00,312.01,312.04,312.01,312.04,0,0.0,0.0
2024-12-19 08:12:00-05:00,312.05,312.215,312.05,312.215,0,0.0,0.0
2024-12-19 08:13:00-05:00,312.21,312.21,312.15,312.15,0,0.0,0.0
2024-12-19 08:14:00-05:00,312.15,312.21,312.1,312.1,0,0.0,0.0
2024-12-19 08:16:00-05:00,314.75,314.75,314.75,314.75,0,0.0,0.0
2024-12-19 08:18:00-05:00,312.8,312.8,312.07,312.15,0,0.0,0.0
2024-12-19 08:19:00-05:00,312.06,312.06,312.06,312.06,0,0.0,0.0
2024-12-19 08:21:00-05:00,312.8,312.8,311.75,311.75,0,0.0,0.0
2024-12-19 08:22:00-05:00,312.28,312.28,311.75,311.75,0,0.0,0.0
2024-12-19 08:24:00-05:00,312.53,312.53,312.53,312.53,0,0.0,0.0
2024-12-19 08:25:00-05:00,311.93,311.93,311.9,311.9,0,0.0,0.0
2024-12-19 08:26:00-05:00,311.75,311.75,311.75,311.75,0,0.0,0.0
2024-12-19 08:27:00-05:00,311.76,311.89,311.76,311.89,0,0.0,0.0
2024-12-19 08:28:00-05:00,311.92,311.92,311.92,311.92,0,0.0,0.0
2024-12-19 08:30:00-05:00,311.89,312.0,311.85,311.85,0,0.0,0.0
2024-12-19 08:31:00-05:00,311.99,312.0,311.77,311.77,0,0.0,0.0
2024-12-19 08:32:00-05:00,311.82,311.82,311.82,311.82,0,0.0,0.0
2024-12-19 08:36:00-05:00,312.0,312.0,312.0,312.0,0,0.0,0.0
2024-12-19 08:37:00-05:00,312.0,312.0,312.0,312.0,0,0.0,0.0
2024-12-19 08:38:00-05:00,311.82,311.82,311.75,311.76,0,0.0,0.0
2024-12-19 08:40:00-05:00,311.7,311.7,311.7,311.7,0,0.0,0.0
2024-12-19 08:42:00-05:00,312.0,312.0,312.0,312.0,0,0.0,0.0
2024-12-19 08:43:00-05:00,312.0,312.0,312.0,312.0,0,0.0,0.0
2024-12-19 08:44:00-05:00,312.0,312.0,310.72,310.72,0,0.0,0.0
2024-12-19 08:45:00-05:00,311.65,311.65,311.59,311.6,0,0.0,0.0
2024-12-19 08:46:00-05:00,311.6,311.6,311.6,311.6,0,0.0,0.0
2024-12-19 08:47:00-05:00,311.6,311.6,311.6,311.6,0,0.0,0.0
2024-12-19 08:48:00-05:00,311.6,311.6,311.6,311.6,0,0.0,0.0
2024-12-19 08:49:00-05:00,311.73,312.0,311.73,312.0,0,0.0,0.0
2024-12-19 08:51:00-05:00,311.73,311.73,311.375,311.7,0,0.0,0.0
2024-12-19 08:52:00-05:00,311.7,311.7,311.56,311.56,0,0.0,0.0
2024-12-19 08:53:00-05:00,311.36,311.57,311.36,311.56,0,0.0,0.0
2024-12-19 08:54:00-05:00,311.57,312.0,311.57,312.0,0,0.0,0.0
2024-12-19 08:55:00-05:00,311.66,311.88,311.66,311.88,0,0.0,0.0
2024-12-19 08:56:00-05:00,312.0,312.0,312.0,312.0,0,0.0,0.0
2024-12-19 08:57:00-05:00,311.55,311.75,311.5,311.75,0,0.0,0.0
2024-12-19 08:58:00-05:00,311.8,311.83,311.8,311.83,0,0.0,0.0
2024-12-19 09:00:00-05:00,311.88,311.88,311.88,311.88,0,0.0,0.0
2024-12-19 09:02:00-05:00,311.82,311.85,311.81,311.85,0,0.0,0.0
2024-12-19 09:06:00-05:00,311.86,311.86,311.78,311.78,0,0.0,0.0
2024-12-19 09:07:00-05:00,311.8,311.8,311.8,311.8,0,0.0,0.0
2024-12-19 09:08:00-05:00,311.76,311.76,311.5,311.5122,0,0.0,0.0
2024-12-19 09:09:00-05:00,311.97,312.0,311.93,312.0,0,0.0,0.0
2024-12-19 09:10:00-05:00,312.0,312.0,312.0,312.0,0,0.0,0.0
2024-12-19 09:11:00-05:00,311.99,312.52,311.99,312.52,0,0.0,0.0
2024-12-19 09:12:00-05:00,312.0,312.03,311.99,312.03,0,0.0,0.0
2024-12-19 09:13:00-05:00,312.29,312.49,312.13,312.29,0,0.0,0.0
2024-12-19 09:30:00-05:00,311.8299865722656,312.6300048828125,311.2300109863281,312.5950012207031,194989,0.0,0.0
2024-12-19 09:31:00-05:00,312.6724853515625,313.19000244140625,311.7300109863281,313.0199890136719,15294,0.0,0.0
2024-12-19 09:32:00-05:00,313.010009765625,314.3340148925781,312.80999755859375,313.7699890136719,15169,0.0,0.0
2024-12-19 09:33:00-05:00,314.0050048828125,314.7300109863281,313.8699951171875,314.3349914550781,20506,0.0,0.0
2024-12-19 09:34:00-05:00,314.3399963378906,314.6549987792969,314.3299865722656,314.5050048828125,11097,0.0,0.0
2024-12-19 09:35:00-05:00,314.5199890136719,315.57000732421875,314.5050048828125,315.4599914550781,22322,0.0,0.0
2024-12-19 09:36:00-05:00,315.364990234375,315.364990234375,315.0,315.2699890136719,17734,0.0,0.0
2024-12-19 09:37:00-05:00,315.05999755859375,315.6199951171875,315.05499267578125,315.385009765625,18753,0.0,0.0
2024-12-19 09:38:00-05:00,315.4200134277344,315.6700134277344,315.19000244140625,315.4849853515625,31778,0.0,0.0
2024-12-19 09:39:00-05:00,315.6199951171875,316.1400146484375,315.45001220703125,315.8349914550781,19169,0.0,0.0
2024-12-19 09:40:00-05:00,315.94500732421875,316.2300109863281,315.8157043457031,316.19000244140625,22056,0.0,0.0
2024-12-19 09:41:00-05:00,316.19500732421875,316.4800109863281,315.8699951171875,316.17999267578125,35067,0.0,0.0
2024-12-19 09:42:00-05:00,316.04998779296875,316.4800109863281,315.8599853515625,316.3299865722656,12261,0.0,0.0
2024-12-19 09:43:00-05:00,316.5,316.510009765625,316.1499938964844,316.33880615234375,16922,0.0,0.0
2024-12-19 09:44:00-05:00,316.20001220703125,316.2349853515625,315.9800109863281,316.1000061035156,9859,0.0,0.0
2024-12-19 09:45:00-05:00,316.06768798828125,316.489990234375,315.9891052246094,316.3550109863281,15990,0.0,0.0
2024-12-19 09:46:00-05:00,316.3550109863281,316.79998779296875,316.2900085449219,316.5400085449219,23217,0.0,0.0
2024-12-19 09:47:00-05:00,316.54998779296875,316.8699951171875,316.4100036621094,316.8699951171875,5335,0.0,0.0
2024-12-19 09:48:00-05:00,316.8500061035156,316.8500061035156,316.5299987792969,316.55999755859375,22510,0.0,0.0
2024-12-19 09:49:00-05:00,316.54998779296875,316.8599853515625,316.45001220703125,316.8599853515625,17460,0.0,0.0
2024-12-19 09:50:00-05:00,316.6700134277344,316.739990234375,316.54998779296875,316.6549987792969,11670,0.0,0.0
2024-12-19 09:51:00-05:00,316.6549987792969,316.7955017089844,316.5199890136719,316.6400146484375,8435,0.0,0.0
2024-12-19 09:52:00-05:00,316.6400146484375,316.8599853515625,316.5199890136719,316.8500061035156,22412,0.0,0.0
2024-12-19 09:53:00-05:00,316.7200012207031,316.7200012207031,316.3399963378906,316.42999267578125,30093,0.0,0.0
2024-12-19 09:54:00-05:00,316.3949890136719,316.5299987792969,316.0299987792969,316.04998779296875,22630,0.0,0.0
2024-12-19 09:55:00-05:00,316.1549987792969,316.1600036621094,315.3999938964844,315.75,39730,0.0,0.0
2024-12-19 09:56:00-05:00,315.8399963378906,315.9778137207031,315.6400146484375,315.7099914550781,25303,0.0,0.0
2024-12-19 09:57:00-05:00,315.7200012207031,315.7699890136719,315.1650085449219,315.2325134277344,44731,0.0,0.0
2024-12-19 09:58:00-05:00,315.3800048828125,315.6400146484375,315.2200012207031,315.25,18085,0.0,0.0
2024-12-19 09:59:00-05:00,315.3500061035156,315.6000061035156,315.1700134277344,315.489990234375,48260,0.0,0.0
2024-12-19 10:00:00-05:00,315.4800109863281,315.7699890136719,315.4800109863281,315.614990234375,21363,0.0,0.0
2024-12-19 10:01:00-05:00,315.635009765625,315.635009765625,314.5823974609375,314.5823974609375,17706,0.0,0.0
2024-12-19 10:02:00-05:00,314.7796936035156,315.010009765625,314.5199890136719,315.010009765625,31957,0.0,0.0
2024-12-19 10:03:00-05:00,315.010009765625,315.010009765625,314.5199890136719,314.7799987792969,14474,0.0,0.0
2024-12-19 10:04:00-05:00,314.79998779296875,315.010009765625,314.7699890136719,314.8992004394531,6129,0.0,0.0
2024-12-19 10:05:00-05:00,314.885009765625,315.1000061035156,314.7699890136719,314.8450012207031,10068,0.0,0.0
2024-12-19 10:06:00-05:00,314.760009765625,314.7799987792969,314.7349853515625,314.7349853515625,4030,0.0,0.0
2024-12-19 10:07:00-05:00,314.3349914550781,314.7099914550781,314.3349914550781,314.7099914550781,37708,0.0,0.0
2024-12-19 10:08:00-05:00,314.70001220703125,314.8299865722656,314.6400146484375,314.6400146484375,8722,0.0,0.0
2024-12-19 10:09:00-05:00,314.7449951171875,315.1400146484375,314.70001220703125,315.1000061035156,18000,0.0,0.0
2024-12-19 10:10:00-05:00,314.989990234375,315.1300048828125,314.69000244140625,315.1300048828125,17892,0.0,0.0
2024-12-19 10:11:00-05:00,315.1600036621094,315.1600036621094,314.8349914550781,314.92999267578125,12025,0.0,0.0
2024-12-19 10:12:00-05:00,314.92999267578125,314.92999267578125,314.3800048828125,314.42999267578125,24218,0.0,0.0
2024-12-19 10:13:00-05:00,314.42498779296875,314.8699951171875,314.42498779296875,314.8699951171875,14202,0.0,0.0
2024-12-19 10:14:00-05:00,314.8450012207031,315.2749938964844,314.69000244140625,315.2749938964844,16942,0.0,0.0
2024-12-19 10:15:00-05:00,315.2749938964844,315.2799987792969,314.92999267578125,314.989990234375,22422,0.0,0.0
2024-12-19 10:16:00-05:00,314.80999755859375,315.17999267578125,314.80999755859375,315.0849914550781,6376,0.0,0.0
2024-12-19 10:17:00-05:00,315.17999267578125,315.2900085449219,315.04998779296875,315.04998779296875,13622,0.0,0.0
2024-12-19 10:18:00-05:00,315.0199890136719,315.0400085449219,314.8023986816406,314.92498779296875,8863,0.0,0.0
2024-12-19 10:19:00-05:00,314.92498779296875,315.1000061035156,314.75,314.8999938964844,11460,0.0,0.0
2024-12-19 10:20:00-05:00,314.8900146484375,315.1400146484375,314.8900146484375,315.1099853515625,8488,0.0,0.0
2024-12-19 10:21:00-05:00,315.0299987792969,315.239990234375,315.0299987792969,315.1849060058594,12323,0.0,0.0
2024-12-19 10:22:00-05:00,315.1499938964844,315.1499938964844,314.82000732421875,314.822509765625,16945,0.0,0.0
2024-12-19 10:23:00-05:00,314.7807922363281,314.9700012207031,314.69000244140625,314.9700012207031,11120,0.0,0.0
2024-12-19 10:24:00-05:00,314.92498779296875,315.2300109863281,314.8512878417969,315.1400146484375,11539,0.0,0.0
2024-12-19 10:25:00-05:00,315.20001220703125,315.5199890136719,315.0,315.5,12887,0.0,0.0
2024-12-19 10:26:00-05:00,315.4949951171875,315.5899963378906,315.4100036621094,315.4949951171875,9617,0.0,0.0
2024-12-19 10:27:00-05:00,315.559814453125,315.559814453125,315.260009765625,315.3699951171875,13564,0.0,0.0
2024-12-19 10:28:00-05:00,315.4200134277344,315.6300048828125,315.3800048828125,315.5299987792969,13223,0.0,0.0
2024-12-19 10:29:00-05:00,315.489990234375,315.5899963378906,315.29998779296875,315.55499267578125,16384,0.0,0.0
2024-12-19 10:30:00-05:00,315.6600036621094,315.8800048828125,315.6099853515625,315.84820556640625,8024,0.0,0.0
2024-12-19 10:31:00-05:00,315.8500061035156,315.9200134277344,315.6199951171875,315.7799987792969,14092,0.0,0.0
2024-12-19 10:32:00-05:00,315.760009765625,315.9800109863281,315.6099853515625,315.760009765625,12960,0.0,0.0
2024-12-19 10:33:00-05:00,315.7699890136719,315.7900085449219,315.6199951171875,315.7699890136719,7203,0.0,0.0
2024-12-19 10:34:00-05:00,315.760009765625,315.889892578125,315.54998779296875,315.54998779296875,12595,0.0,0.0
2024-12-19 10:35:00-05:00,315.6300048828125,315.82000732421875,315.2900085449219,315.2900085449219,16052,0.0,0.0
2024-12-19 10:36:00-05:00,315.239990234375,315.2799987792969,314.6449890136719,314.7799987792969,27136,0.0,0.0
2024-12-19 10:37:00-05:00,314.9100036621094,314.94000244140625,314.69000244140625,314.79998779296875,16363,0.0,0.0
2024-12-19 10:38:00-05:00,314.8900146484375,315.0899963378906,314.80499267578125,314.9849853515625,33244,0.0,0.0
2024-12-19 10:39:00-05:00,314.9100036621094,315.05999755859375,314.6400146484375,314.6400146484375,12958,0.0,0.0
2024-12-19 10:40:00-05:00,314.6400146484375,314.92999267578125,314.6300048828125,314.92999267578125,9848,0.0,0.0
2024-12-19 10:41:00-05:00,314.8699951171875,315.0400085449219,314.8500061035156,314.8999938964844,6173,0.0,0.0
2024-12-19 10:42:00-05:00,314.8999938964844,315.1700134277344,314.7300109863281,315.1700134277344,13802,0.0,0.0
2024-12-19 10:43:00-05:00,315.20001220703125,315.4200134277344,315.20001220703125,315.3800048828125,9938,0.0,0.0
2024-12-19 10:44:00-05:00,315.2900085449219,315.5299987792969,315.260009765625,315.3299865722656,18447,0.0,0.0
2024-12-19 10:45:00-05:00,315.3999938964844,315.42999267578125,314.9800109863281,315.2049865722656,12046,0.0,0.0
2024-12-19 10:46:00-05:00,315.2250061035156,315.30999755859375,315.1499938964844,315.2049865722656,9226,0.0,0.0
2024-12-19 10:47:00-05:00,315.19500732421875,315.3800048828125,315.19000244140625,315.260009765625,7752,0.0,0.0
2024-12-19 10:48:00-05:00,315.2650146484375,315.2650146484375,314.9800109863281,315.07000732421875,6136,0.0,0.0
2024-12-19 10:49:00-05:00,315.04998779296875,315.36138916015625,315.04998779296875,315.2019958496094,5645,0.0,0.0
2024-12-19 10:50:00-05:00,315.2749938964844,315.4800109863281,315.2699890136719,315.4800109863281,7047,0.0,0.0
2024-12-19 10:51:00-05:00,315.4800109863281,315.6199951171875,315.30999755859375,315.30999755859375,19523,0.0,0.0
2024-12-19 10:52:00-05:00,315.30999755859375,315.30999755859375,315.0674133300781,315.15301513671875,5101,0.0,0.0
2024-12-19 10:54:00-05:00,314.70001220703125,314.82000732421875,314.6000061035156,314.82000732421875,19435,0.0,0.0
2024-12-19 10:55:00-05:00,314.80999755859375,314.80999755859375,314.5899963378906,314.6000061035156,5612,0.0,0.0
2024-12-19 10:56:00-05:00,314.6000061035156,314.6000061035156,314.29998779296875,314.3999938964844,7267,0.0,0.0
2024-12-19 10:57:00-05:00,314.2200012207031,314.4599914550781,314.1448974609375,314.4599914550781,5660,0.0,0.0
2024-12-19 10:58:00-05:00,314.42999267578125,314.8699951171875,314.29998779296875,314.8699951171875,17413,0.0,0.0
2024-12-19 10:59:00-05:00,314.7449951171875,314.989990234375,314.67999267578125,314.9700012207031,6745,0.0,0.0
2024-12-19 11:00:00-05:00,314.864990234375,314.8800048828125,314.6700134277344,314.80999755859375,12537,0.0,0.0
2024-12-19 11:01:00-05:00,314.6700134277344,314.7900085449219,314.489990234375,314.5,21119,0.0,0.0
2024-12-19 11:02:00-05:00,314.489990234375,314.760009765625,314.489990234375,314.70001220703125,12451,0.0,0.0
2024-12-19 11:03:00-05:00,314.6499938964844,314.9700012207031,314.6499938964844,314.8900146484375,9974,0.0,0.0
2024-12-19 11:04:00-05:00,314.8399963378906,314.8999938964844,314.4483947753906,314.4483947753906,16361,0.0,0.0
2024-12-19 11:05:00-05:00,314.3900146484375,314.7099914550781,314.3900146484375,314.70001220703125,6184,0.0,0.0
2024-12-19 11:06:00-05:00,314.6400146484375,314.80999755859375,314.5852966308594,314.80999755859375,4530,0.0,0.0
2024-12-19 11:07:00-05:00,314.81500244140625,314.81500244140625,314.69000244140625,314.7300109863281,7111,0.0,0.0
2024-12-19 11:08:00-05:00,314.7349853515625,314.88958740234375,314.6400146484375,314.7349853515625,12360,0.0,0.0
2024-12-19 11:09:00-05:00,314.8599853515625,314.92999267578125,314.55999755859375,314.6859130859375,12466,0.0,0.0
2024-12-19 11:10:00-05:00,314.635009765625,314.7200012207031,314.489990234375,314.69000244140625,24113,0.0,0.0
2024-12-19 11:11:00-05:00,314.635009765625,314.92999267578125,314.6300048828125,314.8900146484375,6638,0.0,0.0
2024-12-19 11:12:00-05:00,314.8900146484375,315.05999755859375,314.6099853515625,314.7799987792969,17418,0.0,0.0
2024-12-19 11:13:00-05:00,314.7099914550781,314.7900085449219,314.6000061035156,314.7049865722656,10629,0.0,0.0
2024-12-19 11:14:00-05:00,314.7049865722656,314.79998779296875,314.6199951171875,314.7049865722656,19552,0.0,0.0
2024-12-19 11:15:00-05:00,314.7330322265625,315.05999755859375,314.6400146484375,314.9750061035156,35856,0.0,0.0
2024-12-19 11:16:00-05:00,314.9750061035156,315.0400085449219,314.7799987792969,314.8599853515625,22809,0.0,0.0
2024-12-19 11:17:00-05:00,314.7799987792969,315.0799865722656,314.75,315.0799865722656,6703,0.0,0.0
2024-12-19 11:18:00-05:00,315.06500244140625,315.2650146484375,315.06500244140625,315.17999267578125,13883,0.0,0.0
2024-12-19 11:19:00-05:00,315.1199951171875,315.3999938964844,315.0799865722656,315.3999938964844,7214,0.0,0.0
2024-12-19 11:20:00-05:00,315.2950134277344,315.79998779296875,315.2925109863281,315.7449951171875,10608,0.0,0.0
2024-12-19 11:21:00-05:00,315.739990234375,316.1199951171875,315.739990234375,315.9649963378906,15208,0.0,0.0
2024-12-19 11:22:00-05:00,315.94000244140625,316.32000732421875,315.94000244140625,316.2300109863281,14439,0.0,0.0
2024-12-19 11:23:00-05:00,316.2250061035156,316.45001220703125,316.20001220703125,316.239990234375,21101,0.0,0.0
2024-12-19 11:24:00-05:00,316.29998779296875,316.54998779296875,316.260009765625,316.4049987792969,13864,0.0,0.0
2024-12-19 11:25:00-05:00,316.4049987792969,316.44000244140625,316.1400146484375,316.2099914550781,18340,0.0,0.0
2024-12-19 11:26:00-05:00,316.1499938964844,316.2799987792969,315.9700012207031,316.2650146484375,16093,0.0,0.0
2024-12-19 11:27:00-05:00,316.2650146484375,316.2699890136719,316.1199951171875,316.2149963378906,6545,0.0,0.0
2024-12-19 11:28:00-05:00,316.1600036621094,316.2300109863281,316.07000732421875,316.1000061035156,9668,0.0,0.0
2024-12-19 11:29:00-05:00,316.1400146484375,316.1499938964844,315.8299865722656,316.0899963378906,14772,0.0,0.0
2024-12-19 11:30:00-05:00,316.04998779296875,316.04998779296875,315.7200012207031,315.9100036621094,17688,0.0,0.0
2024-12-19 11:31:00-05:00,315.79998779296875,315.9100036621094,315.77459716796875,315.8450012207031,9624,0.0,0.0
2024-12-19 11:32:00-05:00,315.8450012207031,316.1600036621094,315.69000244140625,316.062255859375,13736,0.0,0.0
2024-12-19 11:33:00-05:00,316.0249938964844,316.1199951171875,315.8299865722656,315.9100036621094,10432,0.0,0.0
2024-12-19 11:34:00-05:00,315.8999938964844,315.94000244140625,315.70001220703125,315.7250061035156,8821,0.0,0.0
2024-12-19 11:35:00-05:00,315.7250061035156,315.8699951171875,315.5899963378906,315.6300048828125,17881,0.0,0.0
2024-12-19 11:36:00-05:00,315.6300048828125,315.6499938964844,315.4800109863281,315.57501220703125,11108,0.0,0.0
2024-12-19 11:37:00-05:00,315.69000244140625,315.8699951171875,315.69000244140625,315.7900085449219,9532,0.0,0.0
2024-12-19 11:38:00-05:00,315.760009765625,315.8299865722656,315.6499938964844,315.7456970214844,8863,0.0,0.0
2024-12-19 11:39:00-05:00,315.8699951171875,316.04998779296875,315.8699951171875,316.04998779296875,5383,0.0,0.0
2024-12-19 11:40:00-05:00,315.9800109863281,316.1300048828125,315.92999267578125,315.92999267578125,14849,0.0,0.0
2024-12-19 11:41:00-05:00,315.94000244140625,316.05999755859375,315.8699951171875,315.9201965332031,12543,0.0,0.0
2024-12-19 11:42:00-05:00,315.9849853515625,316.1300048828125,315.8800964355469,316.1300048828125,4231,0.0,0.0
2024-12-19 11:43:00-05:00,316.0899963378906,316.1400146484375,315.99798583984375,316.1000061035156,4758,0.0,0.0
2024-12-19 11:44:00-05:00,316.1199951171875,316.2099914550781,315.9800109863281,316.02850341796875,9907,0.0,0.0
2024-12-19 11:45:00-05:00,315.989990234375,316.19000244140625,315.989990234375,316.19000244140625,3171,0.0,0.0
2024-12-19 11:46:00-05:00,316.1000061035156,316.2799987792969,316.06500244140625,316.20001220703125,10084,0.0,0.0
2024-12-19 11:47:00-05:00,316.1412048339844,316.2900085449219,316.1099853515625,316.2099914550781,8683,0.0,0.0
2024-12-19 11:48:00-05:00,316.2049865722656,316.239990234375,316.0199890136719,316.0199890136719,11862,0.0,0.0
2024-12-19 11:49:00-05:00,316.010009765625,316.04998779296875,315.80029296875,315.8399963378906,17929,0.0,0.0
2024-12-19 11:50:00-05:00,315.9200134277344,315.9599914550781,315.8599853515625,315.9100036621094,13777,0.0,0.0
2024-12-19 11:51:00-05:00,315.8500061035156,315.8500061035156,315.6700134277344,315.67010498046875,7911,0.0,0.0
2024-12-19 11:52:00-05:00,315.75,315.80999755859375,315.6400146484375,315.6400146484375,8341,0.0,0.0
2024-12-19 11:53:00-05:00,315.6400146484375,315.6400146484375,315.4700012207031,315.4949951171875,5404,0.0,0.0
2024-12-19 11:54:00-05:00,315.4949951171875,315.5599060058594,315.2349853515625,315.2349853515625,10445,0.0,0.0
2024-12-19 11:55:00-05:00,315.30999755859375,315.3599853515625,315.239990234375,315.32000732421875,5791,0.0,0.0
2024-12-19 11:56:00-05:00,315.2900085449219,315.3699951171875,315.2200012207031,315.32000732421875,8659,0.0,0.0
2024-12-19 11:57:00-05:00,315.32000732421875,315.3699951171875,315.1200866699219,315.2900085449219,16690,0.0,0.0
2024-12-19 11:58:00-05:00,315.2799987792969,315.30999755859375,315.15460205078125,315.25,4485,0.0,0.0
2024-12-19 11:59:00-05:00,315.1499938964844,315.3399963378906,315.1499938964844,315.2149963378906,13496,0.0,0.0
2024-12-19 12:00:00-05:00,315.2149963378906,315.3800048828125,315.1600036621094,315.2900085449219,10461,0.0,0.0
2024-12-19 12:01:00-05:00,315.239990234375,315.3699951171875,315.20001220703125,315.32000732421875,11966,0.0,0.0
2024-12-19 12:02:00-05:00,315.2900085449219,315.3599853515625,315.2749938964844,315.3599853515625,8958,0.0,0.0
2024-12-19 12:03:00-05:00,315.3599853515625,315.5,315.30999755859375,315.5,11270,0.0,0.0
2024-12-19 12:04:00-05:00,315.489990234375,315.6499938964844,315.43499755859375,315.5150146484375,22975,0.0,0.0
2024-12-19 12:05:00-05:00,315.5,315.5150146484375,315.2699890136719,315.4100036621094,18217,0.0,0.0
2024-12-19 12:06:00-05:00,315.3500061035156,315.57000732421875,315.2799987792969,315.5400085449219,16656,0.0,0.0
2024-12-19 12:07:00-05:00,315.5400085449219,315.57000732421875,315.3500061035156,315.45001220703125,26055,0.0,0.0
2024-12-19 12:08:00-05:00,315.45001220703125,315.54998779296875,315.31500244140625,315.42498779296875,20579,0.0,0.0
2024-12-19 12:09:00-05:00,315.44000244140625,315.5199890136719,315.3399963378906,315.4700012207031,16667,0.0,0.0
2024-12-19 12:10:00-05:00,315.4750061035156,315.4750061035156,315.3800048828125,315.3999938964844,9427,0.0,0.0
2024-12-19 12:11:00-05:00,315.4049987792969,315.4100036621094,315.3299865722656,315.364990234375,8346,0.0,0.0
2024-12-19 12:12:00-05:00,315.3299865722656,315.3399963378906,315.2900085449219,315.3399963378906,5455,0.0,0.0
2024-12-19 12:13:00-05:00,315.3399963378906,315.5400085449219,315.19000244140625,315.489990234375,10689,0.0,0.0
2024-12-19 12:14:00-05:00,315.489990234375,315.6400146484375,315.489990234375,315.6400146484375,4890,0.0,0.0
2024-12-19 12:15:00-05:00,315.6700134277344,315.739990234375,315.57000732421875,315.739990234375,8579,0.0,0.0
2024-12-19 12:16:00-05:00,315.82000732421875,315.82000732421875,315.6300048828125,315.67999267578125,5943,0.0,0.0
2024-12-19 12:17:00-05:00,315.67999267578125,315.8500061035156,315.6459045410156,315.7900085449219,4326,0.0,0.0
2024-12-19 12:18:00-05:00,315.7300109863281,315.7650146484375,315.5635986328125,315.6099853515625,10014,0.0,0.0
2024-12-19 12:19:00-05:00,315.70001220703125,315.70001220703125,315.55999755859375,315.5950012207031,5055,0.0,0.0
2024-12-19 12:20:00-05:00,315.6499938964844,315.760009765625,315.6000061035156,315.6000061035156,6310,0.0,0.0
2024-12-19 12:21:00-05:00,315.635009765625,315.6499938964844,315.3699951171875,315.3699951171875,16060,0.0,0.0
2024-12-19 12:22:00-05:00,315.2799987792969,315.4700012207031,315.1700134277344,315.18499755859375,7236,0.0,0.0
2024-12-19 12:23:00-05:00,315.18499755859375,315.3500061035156,315.18499755859375,315.32501220703125,8272,0.0,0.0
2024-12-19 12:24:00-05:00,315.3500061035156,315.3699951171875,315.2900085449219,315.3399963378906,6565,0.0,0.0
2024-12-19 12:25:00-05:00,315.3800048828125,315.3900146484375,315.0899963378906,315.1499938964844,21247,0.0,0.0
2024-12-19 12:26:00-05:00,315.17999267578125,315.29998779296875,315.0591125488281,315.1199951171875,11622,0.0,0.0
2024-12-19 12:27:00-05:00,315.1600036621094,315.20989990234375,315.0899963378906,315.0950012207031,6335,0.0,0.0
2024-12-19 12:28:00-05:00,315.1549987792969,315.1549987792969,314.8550109863281,314.9100036621094,11309,0.0,0.0
2024-12-19 12:29:00-05:00,314.8900146484375,315.0,314.8500061035156,314.8500061035156,4948,0.0,0.0
2024-12-19 12:30:00-05:00,314.9200134277344,315.04998779296875,314.6600036621094,314.6600036621094,11938,0.0,0.0
2024-12-19 12:31:00-05:00,314.739990234375,314.739990234375,314.54998779296875,314.55499267578125,6808,0.0,0.0
2024-12-19 12:32:00-05:00,314.5199890136719,314.55499267578125,314.4549865722656,314.5150146484375,6748,0.0,0.0
2024-12-19 12:33:00-05:00,314.5150146484375,314.5799865722656,314.3599853515625,314.5150146484375,17616,0.0,0.0
2024-12-19 12:34:00-05:00,314.510009765625,314.6000061035156,314.489990234375,314.5799865722656,8295,0.0,0.0
2024-12-19 12:35:00-05:00,314.54998779296875,314.6199951171875,314.5,314.5299987792969,11781,0.0,0.0
2024-12-19 12:36:00-05:00,314.5299987792969,314.5618896484375,314.5199890136719,314.5350036621094,9187,0.0,0.0
2024-12-19 12:37:00-05:00,314.54998779296875,314.67999267578125,314.5450134277344,314.6400146484375,8618,0.0,0.0
2024-12-19 12:38:00-05:00,314.6400146484375,314.9700012207031,314.6400146484375,314.80999755859375,19026,0.0,0.0
2024-12-19 12:39:00-05:00,314.88238525390625,315.0299987792969,314.760009765625,314.9599914550781,11038,0.0,0.0
2024-12-19 12:40:00-05:00,315.0299987792969,315.1499938964844,314.95001220703125,315.0199890136719,11214,0.0,0.0
2024-12-19 12:41:00-05:00,315.0199890136719,315.2300109863281,314.95001220703125,315.07000732421875,30793,0.0,0.0
2024-12-19 12:42:00-05:00,315.125,315.125,314.989990234375,315.0450134277344,8075,0.0,0.0
2024-12-19 12:43:00-05:00,315.00738525390625,315.1199951171875,314.9599914550781,315.0050048828125,9193,0.0,0.0
2024-12-19 12:44:00-05:00,314.95001220703125,314.95001220703125,314.7799987792969,314.8450012207031,12758,0.0,0.0
2024-12-19 12:45:00-05:00,314.9100036621094,315.05999755859375,314.8999938964844,314.989990234375,5192,0.0,0.0
2024-12-19 12:46:00-05:00,315.010009765625,315.1799011230469,314.92999267578125,315.0849914550781,4934,0.0,0.0
2024-12-19 12:47:00-05:00,315.0592346191406,315.0849914550781,314.9700012207031,314.9700012207031,6844,0.0,0.0
2024-12-19 12:48:00-05:00,314.9700012207031,314.9700012207031,314.82000732421875,314.904296875,5770,0.0,0.0
2024-12-19 12:49:00-05:00,314.9798889160156,314.9800109863281,314.8800048828125,314.8800048828125,4135,0.0,0.0
2024-12-19 12:50:00-05:00,314.8800048828125,314.8800048828125,314.57269287109375,314.7099914550781,7188,0.0,0.0
2024-12-19 12:51:00-05:00,314.7799987792969,314.8299865722656,314.69000244140625,314.69000244140625,5590,0.0,0.0
2024-12-19 12:52:00-05:00,314.6499938964844,314.6600036621094,314.55999755859375,314.6083984375,2840,0.0,0.0
2024-12-19 12:53:00-05:00,314.6199951171875,314.79998779296875,314.5708923339844,314.69000244140625,5519,0.0,0.0
2024-12-19 12:54:00-05:00,314.79998779296875,314.95001220703125,314.6700134277344,314.8999938964844,6286,0.0,0.0
2024-12-19 12:55:00-05:00,314.8999938964844,314.9599914550781,314.7900085449219,314.8974914550781,12969,0.0,0.0
2024-12-19 12:56:00-05:00,314.8999938964844,314.9599914550781,314.7799987792969,314.93499755859375,9925,0.0,0.0
2024-12-19 12:57:00-05:00,314.93499755859375,315.114990234375,314.93499755859375,315.0975036621094,9807,0.0,0.0
2024-12-19 12:58:00-05:00,315.05499267578125,315.1300048828125,314.93011474609375,314.9800109863281,14021,0.0,0.0
2024-12-19 12:59:00-05:00,314.9849853515625,315.1000061035156,314.92010498046875,315.0299987792969,7055,0.0,0.0
2024-12-19 13:00:00-05:00,315.0450134277344,315.0450134277344,314.6199951171875,314.6199951171875,8740,0.0,0.0
2024-12-19 13:01:00-05:00,314.6199951171875,314.6400146484375,314.4949951171875,314.6400146484375,10422,0.0,0.0
2024-12-19 13:02:00-05:00,314.5400085449219,314.6300048828125,314.5299987792969,314.6300048828125,11330,0.0,0.0
2024-12-19 13:03:00-05:00,314.4800109863281,314.6099853515625,314.42291259765625,314.56500244140625,25095,0.0,0.0
2024-12-19 13:04:00-05:00,314.54998779296875,314.6499938964844,314.45001220703125,314.5899963378906,21478,0.0,0.0
2024-12-19 13:05:00-05:00,314.5899963378906,314.7900085449219,314.54998779296875,314.760009765625,13949,0.0,0.0
2024-12-19 13:06:00-05:00,314.7900085449219,314.9599914550781,314.7900085449219,314.875,6169,0.0,0.0
2024-12-19 13:07:00-05:00,314.875,315.1600036621094,314.875,314.9800109863281,35151,0.0,0.0
2024-12-19 13:08:00-05:00,315.0400085449219,315.29998779296875,314.9700012207031,315.29998779296875,21127,0.0,0.0
2024-12-19 13:09:00-05:00,315.19000244140625,315.2550048828125,315.07000732421875,315.0899963378906,7865,0.0,0.0
2024-12-19 13:10:00-05:00,315.07501220703125,315.07501220703125,314.8900146484375,314.9800109863281,7416,0.0,0.0
2024-12-19 13:11:00-05:00,314.9700012207031,315.2099914550781,314.9700012207031,315.05999755859375,16105,0.0,0.0
2024-12-19 13:12:00-05:00,315.07000732421875,315.1600036621094,314.9599914550781,315.010009765625,39090,0.0,0.0
2024-12-19 13:13:00-05:00,314.96099853515625,315.0799865722656,314.94000244140625,315.0199890136719,7503,0.0,0.0
2024-12-19 13:14:00-05:00,315.0176086425781,315.0617980957031,314.95001220703125,315.0617980957031,4527,0.0,0.0
2024-12-19 13:15:00-05:00,315.0350036621094,315.07000732421875,314.95001220703125,315.07000732421875,11284,0.0,0.0
2024-12-19 13:16:00-05:00,315.0350036621094,315.1499938964844,315.0350036621094,315.1449890136719,8843,0.0,0.0
2024-12-19 13:17:00-05:00,315.1300048828125,315.20001220703125,315.07000732421875,315.16400146484375,5583,0.0,0.0
2024-12-19 13:18:00-05:00,315.1400146484375,315.1499938964844,315.0299987792969,315.1000061035156,6975,0.0,0.0
2024-12-19 13:19:00-05:00,315.07000732421875,315.1000061035156,315.0199890136719,315.0799865722656,6568,0.0,0.0
2024-12-19 13:20:00-05:00,315.0799865722656,315.44000244140625,315.0799865722656,315.44000244140625,6490,0.0,0.0
2024-12-19 13:21:00-05:00,315.4200134277344,315.4200134277344,315.29998779296875,315.29998779296875,1961,0.0,0.0
2024-12-19 13:22:00-05:00,315.3699951171875,315.5,315.30999755859375,315.30999755859375,13177,0.0,0.0
2024-12-19 13:23:00-05:00,315.30999755859375,315.4649963378906,315.2359924316406,315.4649963378906,9662,0.0,0.0
2024-12-19 13:24:00-05:00,315.4700012207031,315.5400085449219,315.3999938964844,315.4700012207031,13786,0.0,0.0
2024-12-19 13:25:00-05:00,315.41009521484375,315.67999267578125,315.41009521484375,315.5350036621094,12822,0.0,0.0
2024-12-19 13:26:00-05:00,315.5350036621094,315.739990234375,315.5,315.6600036621094,16206,0.0,0.0
2024-12-19 13:27:00-05:00,315.625,315.8999938964844,315.6000061035156,315.8999938964844,6647,0.0,0.0
2024-12-19 13:28:00-05:00,315.885009765625,315.92999267578125,315.7300109863281,315.8500061035156,6985,0.0,0.0
2024-12-19 13:29:00-05:00,315.8299865722656,315.8299865722656,315.8299865722656,315.8299865722656,2223,0.0,0.0
2024-12-19 13:30:00-05:00,315.8299865722656,315.8299865722656,315.6000061035156,315.6400146484375,8301,0.0,0.0
2024-12-19 13:31:00-05:00,315.6050109863281,315.7699890136719,315.6050109863281,315.7699890136719,7683,0.0,0.0
2024-12-19 13:32:00-05:00,315.7250061035156,315.75,315.625,315.75,9782,0.0,0.0
2024-12-19 13:33:00-05:00,315.79998779296875,315.8793029785156,315.75,315.75,6728,0.0,0.0
2024-12-19 13:34:00-05:00,315.7200012207031,315.7200012207031,315.6000061035156,315.6400146484375,7479,0.0,0.0
2024-12-19 13:35:00-05:00,315.67999267578125,315.8299865722656,315.6099853515625,315.7632141113281,5447,0.0,0.0
2024-12-19 13:36:00-05:00,315.7699890136719,315.8598937988281,315.6600036621094,315.7799987792969,12435,0.0,0.0
2024-12-19 13:37:00-05:00,315.7799987792969,315.8999938964844,315.70001220703125,315.8999938964844,5897,0.0,0.0
2024-12-19 13:38:00-05:00,315.8550109863281,315.885009765625,315.75,315.7699890136719,8119,0.0,0.0
2024-12-19 13:39:00-05:00,315.79998779296875,315.8999938964844,315.79998779296875,315.79998779296875,2370,0.0,0.0
2024-12-19 13:40:00-05:00,315.8349914550781,316.2398986816406,315.8349914550781,316.2398986816406,7798,0.0,0.0
2024-12-19 13:41:00-05:00,316.18499755859375,316.2699890136719,316.1300048828125,316.239990234375,13298,0.0,0.0
2024-12-19 13:42:00-05:00,316.239990234375,316.44989013671875,316.239990234375,316.260009765625,10203,0.0,0.0
2024-12-19 13:43:00-05:00,316.2200012207031,316.339599609375,316.1300964355469,316.339599609375,7179,0.0,0.0
2024-12-19 13:44:00-05:00,316.25,316.389892578125,316.1600036621094,316.22821044921875,6215,0.0,0.0
2024-12-19 13:45:00-05:00,316.2950134277344,316.389892578125,316.0799865722656,316.2349853515625,8879,0.0,0.0
2024-12-19 13:46:00-05:00,316.2349853515625,316.29998779296875,316.2099914550781,316.2950134277344,5688,0.0,0.0
2024-12-19 13:47:00-05:00,316.2950134277344,316.3399963378906,316.260009765625,316.3299865722656,6345,0.0,0.0
2024-12-19 13:48:00-05:00,316.3399963378906,316.3500061035156,316.2699890136719,316.3500061035156,6579,0.0,0.0
2024-12-19 13:49:00-05:00,316.3500061035156,316.3699951171875,316.260009765625,316.260009765625,8128,0.0,0.0
2024-12-19 13:50:00-05:00,316.2699890136719,316.2850036621094,316.0899963378906,316.1719970703125,9758,0.0,0.0
2024-12-19 13:51:00-05:00,316.19000244140625,316.2099914550781,316.07000732421875,316.1199951171875,13310,0.0,0.0
2024-12-19 13:52:00-05:00,316.1499938964844,316.1600036621094,316.07000732421875,316.1099853515625,10899,0.0,0.0
2024-12-19 13:53:00-05:00,316.07000732421875,316.07501220703125,315.8500061035156,316.0450134277344,10552,0.0,0.0
2024-12-19 13:54:00-05:00,316.1000061035156,316.1099853515625,315.8999938964844,315.8999938964844,4167,0.0,0.0
2024-12-19 13:55:00-05:00,315.94000244140625,316.0400085449219,315.8999938964844,315.9888000488281,4342,0.0,0.0
2024-12-19 13:56:00-05:00,315.989990234375,316.05999755859375,315.92999267578125,316.0,7070,0.0,0.0
2024-12-19 13:57:00-05:00,316.0299987792969,316.0799865722656,315.9700012207031,316.0299987792969,10098,0.0,0.0
2024-12-19 13:58:00-05:00,316.0299987792969,316.2250061035156,315.9800109863281,316.2250061035156,9121,0.0,0.0
2024-12-19 13:59:00-05:00,316.32000732421875,316.4100036621094,316.29998779296875,316.3369140625,5057,0.0,0.0
2024-12-19 14:00:00-05:00,316.3599853515625,316.45001220703125,316.3299865722656,316.4200134277344,13667,0.0,0.0
2024-12-19 14:01:00-05:00,316.3800048828125,316.3900146484375,316.260009765625,316.260009765625,10286,0.0,0.0
2024-12-19 14:02:00-05:00,316.2799987792969,316.2799987792969,316.135009765625,316.19000244140625,11217,0.0,0.0
2024-12-19 14:03:00-05:00,316.16448974609375,316.19000244140625,316.0799865722656,316.1650085449219,7019,0.0,0.0
2024-12-19 14:04:00-05:00,316.1199951171875,316.2300109863281,316.1199951171875,316.1400146484375,2612,0.0,0.0
2024-12-19 14:05:00-05:00,316.19500732421875,316.2226867675781,316.0899963378906,316.0899963378906,8517,0.0,0.0
2024-12-19 14:06:00-05:00,316.1199951171875,316.1394958496094,315.8900146484375,315.989990234375,9038,0.0,0.0
2024-12-19 14:07:00-05:00,315.95001220703125,316.0,315.8999938964844,315.9200134277344,2739,0.0,0.0
2024-12-19 14:08:00-05:00,315.9200134277344,315.9617919921875,315.8500061035156,315.8999938964844,4374,0.0,0.0
2024-12-19 14:09:00-05:00,315.8999938964844,316.0087890625,315.8999938964844,315.9599914550781,7033,0.0,0.0
2024-12-19 14:10:00-05:00,316.010009765625,316.0299987792969,315.9100036621094,315.9800109863281,15138,0.0,0.0
2024-12-19 14:11:00-05:00,315.9800109863281,316.07000732421875,315.94000244140625,316.07000732421875,3957,0.0,0.0
2024-12-19 14:12:00-05:00,316.05999755859375,316.05999755859375,315.8999938964844,315.8999938964844,15204,0.0,0.0
2024-12-19 14:13:00-05:00,315.9700012207031,316.1098937988281,315.95001220703125,316.0199890136719,4129,0.0,0.0
2024-12-19 14:14:00-05:00,315.989990234375,316.0400085449219,315.9100036621094,315.94000244140625,9628,0.0,0.0
2024-12-19 14:15:00-05:00,315.94000244140625,316.04998779296875,315.9100036621094,316.0299987792969,9307,0.0,0.0
2024-12-19 14:16:00-05:00,316.1199951171875,316.1199951171875,315.9800109863281,316.05499267578125,3389,0.0,0.0
2024-12-19 14:17:00-05:00,315.9800109863281,316.0,315.8599853515625,315.94500732421875,14276,0.0,0.0
2024-12-19 14:18:00-05:00,316.0,316.06097412109375,315.94000244140625,316.0400085449219,5738,0.0,0.0
2024-12-19 14:19:00-05:00,316.0400085449219,316.1199951171875,315.9599914550781,316.0,3640,0.0,0.0
2024-12-19 14:20:00-05:00,316.0299987792969,316.08758544921875,315.9700012207031,316.0299987792969,9150,0.0,0.0
2024-12-19 14:21:00-05:00,316.0299987792969,316.0899963378906,315.9700012207031,315.9800109863281,8663,0.0,0.0
2024-12-19 14:22:00-05:00,315.9700012207031,316.0299987792969,315.8909912109375,316.0,13383,0.0,0.0
2024-12-19 14:23:00-05:00,316.05999755859375,316.1499938964844,315.9800109863281,316.1000061035156,10863,0.0,0.0
2024-12-19 14:24:00-05:00,316.1600036621094,316.17999267578125,316.1199951171875,316.1600036621094,3875,0.0,0.0
2024-12-19 14:25:00-05:00,316.1600036621094,316.20989990234375,316.1099853515625,316.1549987792969,9720,0.0,0.0
2024-12-19 14:26:00-05:00,316.1199951171875,316.1199951171875,316.0,316.05999755859375,12045,0.0,0.0
2024-12-19 14:27:00-05:00,316.1199951171875,316.2099914550781,316.07000732421875,316.2099914550781,6129,0.0,0.0
2024-12-19 14:28:00-05:00,316.1700134277344,316.18499755859375,315.95098876953125,315.95098876953125,10690,0.0,0.0
2024-12-19 14:29:00-05:00,316.0,316.07000732421875,315.9652099609375,316.07000732421875,6288,0.0,0.0
2024-12-19 14:30:00-05:00,316.1499938964844,316.1615905761719,316.0299987792969,316.0762023925781,7257,0.0,0.0
2024-12-19 14:31:00-05:00,316.0299987792969,316.1400146484375,315.9784851074219,316.1400146484375,10762,0.0,0.0
2024-12-19 14:32:00-05:00,316.0849914550781,316.1199951171875,315.9599914550781,315.9800109863281,14947,0.0,0.0
2024-12-19 14:33:00-05:00,316.0249938964844,316.0799865722656,315.8999938964844,315.9200134277344,11486,0.0,0.0
2024-12-19 14:34:00-05:00,315.989990234375,316.0,315.9010009765625,315.94500732421875,5280,0.0,0.0
2024-12-19 14:35:00-05:00,315.94500732421875,316.0299987792969,315.94500732421875,316.0,11574,0.0,0.0
2024-12-19 14:36:00-05:00,316.0,316.0400085449219,315.9599914550781,315.989990234375,11265,0.0,0.0
2024-12-19 14:37:00-05:00,315.989990234375,316.0299987792969,315.9200134277344,315.9599914550781,13195,0.0,0.0
2024-12-19 14:38:00-05:00,315.9100036621094,316.0,315.9100036621094,315.92999267578125,7516,0.0,0.0
2024-12-19 14:39:00-05:00,315.9700012207031,316.1000061035156,315.8999938964844,316.1000061035156,6783,0.0,0.0
2024-12-19 14:40:00-05:00,316.0849914550781,316.0849914550781,315.9613037109375,315.9849853515625,11463,0.0,0.0
2024-12-19 14:41:00-05:00,316.0199890136719,316.04998779296875,315.9339904785156,315.9862060546875,15467,0.0,0.0
2024-12-19 14:42:00-05:00,316.0,316.1000061035156,315.9599914550781,316.0006103515625,6223,0.0,0.0
2024-12-19 14:43:00-05:00,316.05499267578125,316.135009765625,316.05499267578125,316.135009765625,3421,0.0,0.0
2024-12-19 14:44:00-05:00,316.1400146484375,316.19000244140625,316.0199890136719,316.0199890136719,12384,0.0,0.0
2024-12-19 14:45:00-05:00,316.04998779296875,316.17999267578125,316.04998779296875,316.17999267578125,8202,0.0,0.0
2024-12-19 14:46:00-05:00,316.20001220703125,316.2300109863281,316.1199951171875,316.1700134277344,11411,0.0,0.0
2024-12-19 14:47:00-05:00,316.1600036621094,316.1600036621094,316.0299987792969,316.0299987792969,12638,0.0,0.0
2024-12-19 14:48:00-05:00,316.07000732421875,316.1099853515625,315.98199462890625,316.05499267578125,7090,0.0,0.0
2024-12-19 14:49:00-05:00,316.1099853515625,316.20001220703125,316.1099853515625,316.1199951171875,10798,0.0,0.0
2024-12-19 14:50:00-05:00,316.1199951171875,316.239990234375,316.1199951171875,316.239990234375,5409,0.0,0.0
2024-12-19 14:51:00-05:00,316.25,316.4599914550781,316.25,316.44000244140625,7234,0.0,0.0
2024-12-19 14:52:00-05:00,316.4200134277344,316.44000244140625,316.2799987792969,316.2900085449219,12092,0.0,0.0
2024-12-19 14:53:00-05:00,316.2799987792969,316.3299865722656,316.2300109863281,316.3299865722656,5332,0.0,0.0
2024-12-19 14:54:00-05:00,316.2900085449219,316.2900085449219,316.17999267578125,316.2300109863281,9765,0.0,0.0
2024-12-19 14:55:00-05:00,316.2449951171875,316.2449951171875,316.0299987792969,316.1650085449219,14774,0.0,0.0
2024-12-19 14:56:00-05:00,316.1600036621094,316.1600036621094,315.95001220703125,315.95001220703125,11882,0.0,0.0
2024-12-19 14:57:00-05:00,315.95001220703125,315.9949951171875,315.8900146484375,315.93499755859375,22172,0.0,0.0
2024-12-19 14:58:00-05:00,315.9735107421875,315.9735107421875,315.8127136230469,315.9100036621094,11945,0.0,0.0
2024-12-19 14:59:00-05:00,315.8800048828125,315.9299011230469,315.8299865722656,315.875,13473,0.0,0.0
2024-12-19 15:00:00-05:00,315.875,316.0899963378906,315.85211181640625,316.05999755859375,12775,0.0,0.0
2024-12-19 15:01:00-05:00,316.04998779296875,316.0799865722656,315.8900146484375,315.92498779296875,16495,0.0,0.0
2024-12-19 15:02:00-05:00,315.8999938964844,315.92498779296875,315.760009765625,315.7900085449219,14179,0.0,0.0
2024-12-19 15:03:00-05:00,315.81500244140625,316.010009765625,315.81500244140625,315.9549865722656,8595,0.0,0.0
2024-12-19 15:04:00-05:00,315.92999267578125,315.9800109863281,315.8599853515625,315.9150085449219,15472,0.0,0.0
2024-12-19 15:05:00-05:00,315.9150085449219,315.9150085449219,315.7300109863281,315.7300109863281,8020,0.0,0.0
2024-12-19 15:06:00-05:00,315.7149963378906,315.739990234375,315.69000244140625,315.7300109863281,5441,0.0,0.0
2024-12-19 15:07:00-05:00,315.760009765625,316.0199890136719,315.760009765625,315.9800109863281,9917,0.0,0.0
2024-12-19 15:08:00-05:00,315.9800109863281,315.989990234375,315.75,315.75,19066,0.0,0.0
2024-12-19 15:09:00-05:00,315.80999755859375,315.9100036621094,315.7842102050781,315.9100036621094,26781,0.0,0.0
2024-12-19 15:10:00-05:00,315.8800048828125,315.90948486328125,315.7900085449219,315.82501220703125,16745,0.0,0.0
2024-12-19 15:11:00-05:00,315.79998779296875,315.82000732421875,315.6600036621094,315.6700134277344,5840,0.0,0.0
2024-12-19 15:12:00-05:00,315.6650085449219,315.8399963378906,315.6650085449219,315.82000732421875,11266,0.0,0.0
2024-12-19 15:13:00-05:00,315.7950134277344,315.9100036621094,315.75,315.8949890136719,7855,0.0,0.0
2024-12-19 15:14:00-05:00,315.8599853515625,316.010009765625,315.8299865722656,315.9645080566406,11081,0.0,0.0
2024-12-19 15:15:00-05:00,315.989990234375,316.19000244140625,315.989990234375,315.989990234375,13681,0.0,0.0
2024-12-19 15:16:00-05:00,315.989990234375,316.04998779296875,315.94439697265625,316.0377502441406,11626,0.0,0.0
2024-12-19 15:17:00-05:00,316.07000732421875,316.239990234375,316.0299987792969,316.239990234375,7808,0.0,0.0
2024-12-19 15:18:00-05:00,316.20001220703125,316.260009765625,316.1300048828125,316.1300048828125,12644,0.0,0.0
2024-12-19 15:19:00-05:00,316.1700134277344,316.2300109863281,316.1700134277344,316.2200012207031,4279,0.0,0.0
2024-12-19 15:20:00-05:00,316.1960144042969,316.3299865722656,316.1960144042969,316.3299865722656,6814,0.0,0.0
2024-12-19 15:21:00-05:00,316.3299865722656,316.42041015625,316.1700134277344,316.42041015625,14886,0.0,0.0
2024-12-19 15:22:00-05:00,316.4200134277344,316.5899963378906,316.3399963378906,316.5400085449219,13367,0.0,0.0
2024-12-19 15:23:00-05:00,316.5299987792969,316.55999755859375,316.3299865722656,316.3299865722656,18076,0.0,0.0
2024-12-19 15:24:00-05:00,316.31500244140625,316.42999267578125,316.30999755859375,316.3800048828125,9089,0.0,0.0
2024-12-19 15:25:00-05:00,316.3550109863281,316.3699951171875,316.1300048828125,316.2336120605469,14303,0.0,0.0
2024-12-19 15:26:00-05:00,316.25,316.35400390625,316.2149963378906,316.3500061035156,8385,0.0,0.0
2024-12-19 15:27:00-05:00,316.3399963378906,316.3399963378906,316.135009765625,316.135009765625,14852,0.0,0.0
2024-12-19 15:28:00-05:00,316.1199951171875,316.2300109863281,316.0899963378906,316.1600036621094,10930,0.0,0.0
2024-12-19 15:29:00-05:00,316.1600036621094,316.2099914550781,316.06500244140625,316.2099914550781,24014,0.0,0.0
2024-12-19 15:30:00-05:00,316.20001220703125,316.2699890136719,316.1600036621094,316.2099914550781,14123,0.0,0.0
2024-12-19 15:31:00-05:00,316.2099914550781,316.2099914550781,315.989990234375,315.989990234375,23406,0.0,0.0
2024-12-19 15:32:00-05:00,315.92999267578125,316.0088806152344,315.8900146484375,315.9599914550781,11369,0.0,0.0
2024-12-19 15:33:00-05:00,315.93499755859375,315.93499755859375,315.75,315.79998779296875,19026,0.0,0.0
2024-12-19 15:34:00-05:00,315.7550048828125,315.8500061035156,315.69000244140625,315.7149963378906,14100,0.0,0.0
2024-12-19 15:35:00-05:00,315.739990234375,315.739990234375,315.5799865722656,315.6099853515625,32986,0.0,0.0
2024-12-19 15:36:00-05:00,315.5799865722656,315.6099853515625,315.4800109863281,315.57000732421875,28553,0.0,0.0
2024-12-19 15:37:00-05:00,315.55499267578125,315.8800048828125,315.55499267578125,315.8800048828125,11880,0.0,0.0
2024-12-19 15:38:00-05:00,315.95001220703125,316.17999267578125,315.95001220703125,316.1654052734375,13558,0.0,0.0
2024-12-19 15:39:00-05:00,316.1600036621094,316.5299987792969,316.1300048828125,316.4700012207031,17356,0.0,0.0
2024-12-19 15:40:00-05:00,316.4649963378906,316.4649963378906,316.3399963378906,316.3800048828125,19608,0.0,0.0
2024-12-19 15:41:00-05:00,316.3900146484375,316.57000732421875,316.385009765625,316.55999755859375,10001,0.0,0.0
2024-12-19 15:42:00-05:00,316.55999755859375,316.625,316.5,316.54998779296875,18153,0.0,0.0
2024-12-19 15:43:00-05:00,316.510009765625,316.5899963378906,316.4800109863281,316.57720947265625,18354,0.0,0.0
2024-12-19 15:44:00-05:00,316.56500244140625,316.6600036621094,316.55999755859375,316.5899963378906,41678,0.0,0.0
2024-12-19 15:45:00-05:00,316.5899963378906,316.5899963378906,316.2200012207031,316.239990234375,23810,0.0,0.0
2024-12-19 15:46:00-05:00,316.2300109863281,316.6000061035156,316.2099914550781,316.6000061035156,16404,0.0,0.0
2024-12-19 15:47:00-05:00,316.57501220703125,316.70001220703125,316.5,316.5799865722656,19788,0.0,0.0
2024-12-19 15:48:00-05:00,316.5799865722656,316.6700134277344,316.489990234375,316.55999755859375,17631,0.0,0.0
2024-12-19 15:49:00-05:00,316.6000061035156,316.6700134277344,316.4800109863281,316.54998779296875,23874,0.0,0.0
2024-12-19 15:50:00-05:00,316.5299987792969,316.70001220703125,316.2900085449219,316.2900085449219,35976,0.0,0.0
2024-12-19 15:51:00-05:00,316.29998779296875,316.4700012207031,316.0199890136719,316.0199890136719,44653,0.0,0.0
2024-12-19 15:52:00-05:00,316.010009765625,316.18499755859375,315.80999755859375,315.875,41346,0.0,0.0
2024-12-19 15:53:00-05:00,315.8800048828125,316.010009765625,315.70001220703125,315.80999755859375,39200,0.0,0.0
2024-12-19 15:54:00-05:00,315.7900085449219,315.7900085449219,315.45001220703125,315.6050109863281,57316,0.0,0.0
2024-12-19 15:55:00-05:00,315.6400146484375,315.9200134277344,315.6099853515625,315.8349914550781,97882,0.0,0.0
2024-12-19 15:56:00-05:00,315.8349914550781,315.8500061035156,315.1400146484375,315.1400146484375,87414,0.0,0.0
2024-12-19 15:57:00-05:00,315.1400146484375,315.1499938964844,314.9599914550781,315.0299987792969,83033,0.0,0.0
2024-12-19 15:58:00-05:00,315.0350036621094,315.2298889160156,315.0,315.1499938964844,108632,0.0,0.0
2024-12-19 15:59:00-05:00,315.1199951171875,315.20001220703125,314.8299865722656,314.8800048828125,159017,0.0,0.0
2024-12-19 16:00:00-05:00,314.88,314.88,314.75,314.88,1986239,0.0,0.0
2024-12-19 16:01:00-05:00,314.88,314.88,313.28,314.88,0,0.0,0.0
2024-12-19 16:02:00-05:00,318.955,318.96,314.88,314.88,0,0.0,0.0
2024-12-19 16:03:00-05:00,314.88,314.88,314.88,314.88,0,0.0,0.0
2024-12-19 16:04:00-05:00,314.88,314.88,314.88,314.88,0,0.0,0.0
2024-12-19 16:05:00-05:00,315.13,315.13,314.88,315.12,0,0.0,0.0
2024-12-19 16:06:00-05:00,315.11,315.11,314.88,314.88,0,0.0,0.0
2024-12-19 16:07:00-05:00,314.88,314.88,314.88,314.88,0,0.0,0.0
2024-12-19 16:08:00-05:00,314.88,314.88,314.88,314.88,0,0.0,0.0
2024-12-19 16:09:00-05:00,316.9888,316.9888,314.88,314.88,0,0.0,0.0
2024-12-19 16:10:00-05:00,314.89,314.89,313.0,314.88,0,0.0,0.0
2024-12-19 16:14:00-05:00,314.88,314.88,314.79,314.79,0,0.0,0.0
2024-12-19 16:15:00-05:00,314.73,314.88,314.55,314.55,0,0.0,0.0
2024-12-19 16:19:00-05:00,314.5,314.5,314.5,314.5,0,0.0,0.0
2024-12-19 16:20:00-05:00,314.87,314.88,314.87,314.88,0,0.0,0.0
2024-12-19 16:22:00-05:00,314.88,314.88,314.88,314.88,0,0.0,0.0
2024-12-19 16:23:00-05:00,314.88,314.88,314.88,314.88,0,0.0,0.0
2024-12-19 16:27:00-05:00,314.69,314.69,314.69,314.69,0,0.0,0.0
2024-12-19 16:28:00-05:00,314.6,314.6,314.6,314.6,0,0.0,0.0
2024-12-19 16:31:00-05:00,314.8385,314.86,314.8385,314.86,0,0.0,0.0
2024-12-19 16:32:00-05:00,314.5505,314.5505,314.5505,314.5505,0,0.0,0.0
2024-12-19 16:34:00-05:00,314.99,314.99,314.99,314.99,0,0.0,0.0
2024-12-19 16:36:00-05:00,314.99,314.99,314.99,314.99,0,0.0,0.0
2024-12-19 16:38:00-05:00,314.99,315.01,314.99,315.0,0,0.0,0.0
2024-12-19 16:39:00-05:00,316.9152,316.9152,316.9152,316.9152,0,0.0,0.0
2024-12-19 16:41:00-05:00,315.0,316.577,315.0,316.577,0,0.0,0.0
2024-12-19 16:43:00-05:00,312.16,316.9152,312.16,315.88,0,0.0,0.0
2024-12-19 16:44:00-05:00,316.99,316.99,316.99,316.99,0,0.0,0.0
2024-12-19 16:50:00-05:00,315.08,315.08,315.08,315.08,0,0.0,0.0
2024-12-19 16:52:00-05:00,315.12,315.12,315.12,315.12,0,0.0,0.0
2024-12-19 16:56:00-05:00,315.14,315.14,315.14,315.14,0,0.0,0.0
2024-12-19 16:58:00-05:00,314.0,314.0,314.0,314.0,0,0.0,0.0
2024-12-19 17:00:00-05:00,314.88,315.12,314.88,315.12,0,0.0,0.0
2024-12-19 17:01:00-05:00,314.02,314.02,314.02,314.02,0,0.0,0.0
2024-12-19 17:04:00-05:00,314.85,314.85,314.85,314.85,0,0.0,0.0
2024-12-19 17:05:00-05:00,314.85,314.85,314.85,314.85,0,0.0,0.0
2024-12-19 17:14:00-05:00,315.01,315.01,315.01,315.01,0,0.0,0.0
2024-12-19 17:15:00-05:00,314.95,315.0,314.95,315.0,0,0.0,0.0
2024-12-19 17:19:00-05:00,314.88,316.9275,314.88,316.9275,0,0.0,0.0
2024-12-19 17:20:00-05:00,314.9,315.01,314.9,315.01,0,0.0,0.0
2024-12-19 17:24:00-05:00,315.9449,315.9449,315.9449,315.9449,0,0.0,0.0
2024-12-19 17:26:00-05:00,315.9622,315.9622,314.91,314.91,0,0.0,0.0
2024-12-19 17:27:00-05:00,315.0,315.0,315.0,315.0,0,0.0,0.0
2024-12-19 17:31:00-05:00,315.25,315.25,315.25,315.25,0,0.0,0.0
2024-12-19 17:33:00-05:00,315.21,315.21,315.21,315.21,0,0.0,0.0
2024-12-19 17:35:00-05:00,314.9077,314.9077,314.9077,314.9077,0,0.0,0.0
2024-12-19 17:36:00-05:00,314.88,314.88,314.88,314.88,0,0.0,0.0
2024-12-19 17:41:00-05:00,314.89,314.89,314.89,314.89,0,0.0,0.0
2024-12-19 17:51:00-05:00,314.88,315.22,314.88,315.22,0,0.0,0.0
2024-12-19 17:52:00-05:00,314.88,314.88,314.88,314.88,0,0.0,0.0
2024-12-19 17:53:00-05:00,314.88,314.88,314.88,314.88,0,0.0,0.0
2024-12-19 17:55:00-05:00,314.88,314.88,314.88,314.88,0,0.0,0.0
2024-12-19 17:57:00-05:00,315.22,315.25,315.22,315.25,0,0.0,0.0
2024-12-19 17:58:00-05:00,315.28,315.33,315.28,315.33,0,0.0,0.0
2024-12-19 18:06:00-05:00,314.88,314.88,314.88,314.88,0,0.0,0.0
2024-12-19 18:12:00-05:00,315.69,315.69,315.35,315.35,0,0.0,0.0
2024-12-19 18:19:00-05:00,315.6,315.6,315.2512,315.2512,0,0.0,0.0
2024-12-19 18:22:00-05:00,315.25,315.25,315.25,315.25,0,0.0,0.0
2024-12-19 18:24:00-05:00,315.51,315.51,315.25,315.25,0,0.0,0.0
2024-12-19 18:28:00-05:00,315.25,315.9096,315.25,315.9096,0,0.0,0.0
2024-12-19 18:29:00-05:00,315.99,315.99,315.25,315.25,0,0.0,0.0
2024-12-19 18:30:00-05:00,315.25,315.25,315.25,315.25,0,0.0,0.0
2024-12-19 18:32:00-05:00,315.268,315.268,315.268,315.268,0,0.0,0.0
2024-12-19 18:36:00-05:00,315.27,315.27,315.27,315.27,0,0.0,0.0
2024-12-19 18:37:00-05:00,315.27,315.27,315.25,315.25,0,0.0,0.0
2024-12-19 18:38:00-05:00,315.99,315.99,315.99,315.99,0,0.0,0.0
2024-12-19 18:40:00-05:00,315.9888,315.9899,315.9888,315.9899,0,0.0,0.0
2024-12-19 18:43:00-05:00,315.25,315.25,315.25,315.25,0,0.0,0.0
2024-12-19 18:46:00-05:00,315.25,315.25,315.25,315.25,0,0.0,0.0
2024-12-19 18:47:00-05:00,315.25,315.25,315.25,315.25,0,0.0,0.0
2024-12-19 18:48:00-05:00,315.25,315.25,315.25,315.25,0,0.0,0.0
2024-12-19 18:49:00-05:00,315.9888,315.9888,315.2501,315.2501,0,0.0,0.0
2024-12-19 18:50:00-05:00,315.25,315.25,315.25,315.25,0,0.0,0.0
2024-12-19 18:55:00-05:00,315.25,315.25,315.25,315.25,0,0.0,0.0
2024-12-19 19:05:00-05:00,314.88,314.88,314.88,314.88,0,0.0,0.0
2024-12-19 19:07:00-05:00,314.88,314.88,314.88,314.88,0,0.0,0.0
2024-12-19 19:09:00-05:00,315.23,315.25,315.23,315.25,0,0.0,0.0
2024-12-19 19:10:00-05:00,315.0,315.0,315.0,315.0,0,0.0,0.0
2024-12-19 19:11:00-05:00,315.26,315.26,315.26,315.26,0,0.0,0.0
2024-12-19 19:16:00-05:00,315.0,315.99,314.9,315.99,0,0.0,0.0
2024-12-19 19:22:00-05:00,315.99,315.99,315.99,315.99,0,0.0,0.0
2024-12-19 19:25:00-05:00,314.89,314.89,314.89,314.89,0,0.0,0.0
2024-12-19 19:27:00-05:00,314.858,314.88,314.858,314.88,0,0.0,0.0
2024-12-19 19:28:00-05:00,314.88,314.88,314.88,314.88,0,0.0,0.0
2024-12-19 19:31:00-05:00,314.85,314.85,314.85,314.85,0,0.0,0.0
2024-12-19 19:32:00-05:00,314.88,314.88,314.88,314.88,0,0.0,0.0
2024-12-19 19:35:00-05:00,314.85,314.85,314.8,314.8,0,0.0,0.0
2024-12-19 19:37:00-05:00,314.87,314.87,314.87,314.87,0,0.0,0.0
2024-12-19 19:41:00-05:00,314.88,314.88,314.88,314.88,0,0.0,0.0
2024-12-19 19:43:00-05:00,314.0,314.0,314.0,314.0,0,0.0,0.0
2024-12-19 19:44:00-05:00,314.88,314.88,314.88,314.88,0,0.0,0.0
2024-12-19 19:52:00-05:00,314.858,314.858,314.858,314.858,0,0.0,0.0
2024-12-19 19:54:00-05:00,314.8788,314.8788,314.8788,314.8788,0,0.0,0.0
2024-12-19 19:58:00-05:00,314.86,314.86,314.86,314.86,0,0.0,0.0
