time,Open,High,Low,Close,Volume,Dividends,Stock Splits
2024-11-25 04:00:00-05:00,310.0,311.0,310.0,310.17,0,0.0,0.0
2024-11-25 04:01:00-05:00,310.16,310.16,310.16,310.16,0,0.0,0.0
2024-11-25 04:03:00-05:00,310.35,310.35,310.35,310.35,0,0.0,0.0
2024-11-25 04:04:00-05:00,310.35,310.35,310.35,310.35,0,0.0,0.0
2024-11-25 04:11:00-05:00,310.72,310.72,310.71,310.71,0,0.0,0.0
2024-11-25 04:12:00-05:00,310.92,310.92,310.92,310.92,0,0.0,0.0
2024-11-25 04:14:00-05:00,310.92,310.92,310.92,310.92,0,0.0,0.0
2024-11-25 04:18:00-05:00,310.99,311.0,310.99,311.0,0,0.0,0.0
2024-11-25 04:19:00-05:00,310.93,310.93,310.92,310.92,0,0.0,0.0
2024-11-25 04:30:00-05:00,310.99,311.24,310.99,311.24,0,0.0,0.0
2024-11-25 04:34:00-05:00,311.24,311.24,311.24,311.24,0,0.0,0.0
2024-11-25 04:35:00-05:00,311.24,311.24,311.24,311.24,0,0.0,0.0
2024-11-25 04:37:00-05:00,311.3,311.3,311.3,311.3,0,0.0,0.0
2024-11-25 04:43:00-05:00,311.24,311.29,311.24,311.29,0,0.0,0.0
2024-11-25 04:49:00-05:00,311.29,311.29,311.29,311.29,0,0.0,0.0
2024-11-25 04:59:00-05:00,311.73,311.73,311.73,311.73,0,0.0,0.0
2024-11-25 05:01:00-05:00,310.97,310.97,310.97,310.97,0,0.0,0.0
2024-11-25 05:03:00-05:00,310.94,310.94,310.94,310.94,0,0.0,0.0
2024-11-25 05:04:00-05:00,310.94,310.94,310.94,310.94,0,0.0,0.0
2024-11-25 05:05:00-05:00,311.26,311.26,311.26,311.26,0,0.0,0.0
2024-11-25 05:18:00-05:00,311.19,311.19,311.18,311.18,0,0.0,0.0
2024-11-25 05:19:00-05:00,311.18,311.18,311.18,311.18,0,0.0,0.0
2024-11-25 05:20:00-05:00,311.18,311.18,311.18,311.18,0,0.0,0.0
2024-11-25 05:21:00-05:00,311.18,311.18,311.18,311.18,0,0.0,0.0
2024-11-25 05:22:00-05:00,311.17,311.17,311.17,311.17,0,0.0,0.0
2024-11-25 05:25:00-05:00,311.17,311.17,311.17,311.17,0,0.0,0.0
2024-11-25 05:29:00-05:00,311.32,311.32,311.32,311.32,0,0.0,0.0
2024-11-25 05:32:00-05:00,311.27,311.27,311.17,311.17,0,0.0,0.0
2024-11-25 05:34:00-05:00,311.17,311.17,311.17,311.17,0,0.0,0.0
2024-11-25 05:36:00-05:00,311.2,311.2,311.2,311.2,0,0.0,0.0
2024-11-25 05:42:00-05:00,311.0,311.0,311.0,311.0,0,0.0,0.0
2024-11-25 05:43:00-05:00,311.03,311.03,311.03,311.03,0,0.0,0.0
2024-11-25 05:49:00-05:00,311.0,311.0,311.0,311.0,0,0.0,0.0
2024-11-25 05:50:00-05:00,311.24,311.24,311.24,311.24,0,0.0,0.0
2024-11-25 05:58:00-05:00,311.2,311.2,311.2,311.2,0,0.0,0.0
2024-11-25 06:00:00-05:00,311.24,311.24,311.24,311.24,0,0.0,0.0
2024-11-25 06:04:00-05:00,311.24,311.24,311.24,311.24,0,0.0,0.0
2024-11-25 06:07:00-05:00,311.28,311.28,311.28,311.28,0,0.0,0.0
2024-11-25 06:10:00-05:00,311.27,311.27,311.27,311.27,0,0.0,0.0
2024-11-25 06:15:00-05:00,311.14,311.14,311.14,311.14,0,0.0,0.0
2024-11-25 06:19:00-05:00,311.14,311.14,311.14,311.14,0,0.0,0.0
2024-11-25 06:22:00-05:00,311.24,311.24,311.17,311.17,0,0.0,0.0
2024-11-25 06:23:00-05:00,311.11,311.11,311.11,311.11,0,0.0,0.0
2024-11-25 06:25:00-05:00,311.17,311.17,311.17,311.17,0,0.0,0.0
2024-11-25 06:32:00-05:00,311.01,311.01,311.01,311.01,0,0.0,0.0
2024-11-25 06:34:00-05:00,311.01,311.01,311.01,311.01,0,0.0,0.0
2024-11-25 06:42:00-05:00,311.01,311.01,311.01,311.01,0,0.0,0.0
2024-11-25 06:47:00-05:00,311.01,311.06,311.0,311.06,0,0.0,0.0
2024-11-25 06:49:00-05:00,311.06,311.06,311.06,311.06,0,0.0,0.0
2024-11-25 06:59:00-05:00,311.21,311.21,311.21,311.21,0,0.0,0.0
2024-11-25 07:00:00-05:00,311.0,311.26,310.96,311.02,0,0.0,0.0
2024-11-25 07:01:00-05:00,311.03,311.03,311.01,311.01,0,0.0,0.0
2024-11-25 07:04:00-05:00,311.01,311.01,311.01,311.01,0,0.0,0.0
2024-11-25 07:08:00-05:00,311.2,311.2,311.2,311.2,0,0.0,0.0
2024-11-25 07:11:00-05:00,310.96,311.01,310.96,311.01,0,0.0,0.0
2024-11-25 07:12:00-05:00,311.21,311.26,311.04,311.04,0,0.0,0.0
2024-11-25 07:17:00-05:00,311.26,311.26,311.26,311.26,0,0.0,0.0
2024-11-25 07:18:00-05:00,311.08,311.08,311.04,311.05,0,0.0,0.0
2024-11-25 07:19:00-05:00,311.05,311.14,311.05,311.14,0,0.0,0.0
2024-11-25 07:21:00-05:00,311.01,311.01,311.01,311.01,0,0.0,0.0
2024-11-25 07:23:00-05:00,311.07,311.07,311.06,311.06,0,0.0,0.0
2024-11-25 07:24:00-05:00,311.22,311.26,311.22,311.26,0,0.0,0.0
2024-11-25 07:25:00-05:00,311.23,311.23,311.23,311.23,0,0.0,0.0
2024-11-25 07:26:00-05:00,311.09,311.09,311.01,311.01,0,0.0,0.0
2024-11-25 07:27:00-05:00,311.01,311.01,311.0,311.0,0,0.0,0.0
2024-11-25 07:28:00-05:00,311.0,311.0,311.0,311.0,0,0.0,0.0
2024-11-25 07:29:00-05:00,310.99,310.99,310.87,310.87,0,0.0,0.0
2024-11-25 07:30:00-05:00,311.15,311.15,311.15,311.15,0,0.0,0.0
2024-11-25 07:34:00-05:00,311.15,311.15,311.15,311.15,0,0.0,0.0
2024-11-25 07:41:00-05:00,311.26,311.27,311.26,311.27,0,0.0,0.0
2024-11-25 07:42:00-05:00,311.26,311.27,311.26,311.27,0,0.0,0.0
2024-11-25 07:44:00-05:00,311.1,311.1,311.1,311.1,0,0.0,0.0
2024-11-25 07:49:00-05:00,311.1,311.1,311.1,311.1,0,0.0,0.0
2024-11-25 07:55:00-05:00,311.26,311.29,311.26,311.29,0,0.0,0.0
2024-11-25 07:57:00-05:00,311.39,311.39,311.39,311.39,0,0.0,0.0
2024-11-25 08:00:00-05:00,310.1635,311.8588,310.05,310.8612,0,0.0,0.0
2024-11-25 08:01:00-05:00,311.16,311.16,311.16,311.16,0,0.0,0.0
2024-11-25 08:02:00-05:00,311.16,311.16,311.16,311.16,0,0.0,0.0
2024-11-25 08:04:00-05:00,311.2,311.2,311.2,311.2,0,0.0,0.0
2024-11-25 08:05:00-05:00,309.92,311.4,309.92,311.4,0,0.0,0.0
2024-11-25 08:06:00-05:00,311.4,311.4,311.4,311.4,0,0.0,0.0
2024-11-25 08:10:00-05:00,309.146,311.37,309.146,311.21,0,0.0,0.0
2024-11-25 08:12:00-05:00,311.2,311.373,311.1,311.373,0,0.0,0.0
2024-11-25 08:14:00-05:00,311.4545,311.4545,311.32,311.32,0,0.0,0.0
2024-11-25 08:16:00-05:00,311.362,311.362,311.362,311.362,0,0.0,0.0
2024-11-25 08:17:00-05:00,310.85,311.39,310.85,311.39,0,0.0,0.0
2024-11-25 08:18:00-05:00,311.34,311.4,311.34,311.4,0,0.0,0.0
2024-11-25 08:19:00-05:00,311.39,311.3961,311.39,311.3961,0,0.0,0.0
2024-11-25 08:20:00-05:00,311.47,311.47,311.47,311.47,0,0.0,0.0
2024-11-25 08:22:00-05:00,311.13,311.13,310.85,310.85,0,0.0,0.0
2024-11-25 08:24:00-05:00,311.39,311.45,311.17,311.45,0,0.0,0.0
2024-11-25 08:25:00-05:00,311.47,311.47,311.47,311.47,0,0.0,0.0
2024-11-25 08:27:00-05:00,311.37,311.37,311.37,311.37,0,0.0,0.0
2024-11-25 08:30:00-05:00,311.22,311.38,311.22,311.22,0,0.0,0.0
2024-11-25 08:31:00-05:00,311.2,311.2,311.2,311.2,0,0.0,0.0
2024-11-25 08:32:00-05:00,311.35,311.38,311.35,311.37,0,0.0,0.0
2024-11-25 08:33:00-05:00,311.36,311.37,311.36,311.37,0,0.0,0.0
2024-11-25 08:34:00-05:00,311.37,311.37,311.37,311.37,0,0.0,0.0
2024-11-25 08:37:00-05:00,311.21,311.21,311.21,311.21,0,0.0,0.0
2024-11-25 08:40:00-05:00,311.22,311.35,311.22,311.35,0,0.0,0.0
2024-11-25 08:41:00-05:00,311.34,311.34,311.34,311.34,0,0.0,0.0
2024-11-25 08:42:00-05:00,311.34,311.34,311.3,311.3,0,0.0,0.0
2024-11-25 08:43:00-05:00,311.34,311.39,311.33,311.36,0,0.0,0.0
2024-11-25 08:44:00-05:00,311.35,311.35,311.35,311.35,0,0.0,0.0
2024-11-25 08:46:00-05:00,311.35,311.35,311.35,311.35,0,0.0,0.0
2024-11-25 08:47:00-05:00,311.35,311.35,311.35,311.35,0,0.0,0.0
2024-11-25 08:48:00-05:00,311.35,311.36,311.35,311.36,0,0.0,0.0
2024-11-25 08:49:00-05:00,311.35,311.35,311.35,311.35,0,0.0,0.0
2024-11-25 08:50:00-05:00,311.35,311.35,311.35,311.35,0,0.0,0.0
2024-11-25 08:51:00-05:00,311.35,311.35,311.35,311.35,0,0.0,0.0
2024-11-25 08:53:00-05:00,311.35,311.36,311.35,311.36,0,0.0,0.0
2024-11-25 08:54:00-05:00,311.36,311.36,311.35,311.35,0,0.0,0.0
2024-11-25 08:55:00-05:00,311.34,311.37,311.33,311.36,0,0.0,0.0
2024-11-25 08:57:00-05:00,311.37,311.39,311.37,311.39,0,0.0,0.0
2024-11-25 08:58:00-05:00,311.39,311.4,311.39,311.4,0,0.0,0.0
2024-11-25 09:00:00-05:00,311.4,311.43,311.4,311.43,0,0.0,0.0
2024-11-25 09:01:00-05:00,311.43,311.43,310.919,310.919,0,0.0,0.0
2024-11-25 09:02:00-05:00,311.43,311.43,311.43,311.43,0,0.0,0.0
2024-11-25 09:03:00-05:00,311.45,311.45,311.45,311.45,0,0.0,0.0
2024-11-25 09:04:00-05:00,311.45,311.45,311.45,311.45,0,0.0,0.0
2024-11-25 09:06:00-05:00,311.51,311.51,311.51,311.51,0,0.0,0.0
2024-11-25 09:08:00-05:00,311.47,311.52,311.47,311.52,0,0.0,0.0
2024-11-25 09:09:00-05:00,311.46,311.48,311.42,311.42,0,0.0,0.0
2024-11-25 09:11:00-05:00,311.42,311.42,311.36,311.36,0,0.0,0.0
2024-11-25 09:30:00-05:00,311.8599853515625,313.6600036621094,310.489990234375,313.30999755859375,164161,0.0,0.0
2024-11-25 09:31:00-05:00,313.29998779296875,313.5278015136719,312.9601135253906,313.114990234375,26375,0.0,0.0
2024-11-25 09:32:00-05:00,313.114990234375,313.1452941894531,312.44000244140625,312.6400146484375,14950,0.0,0.0
2024-11-25 09:33:00-05:00,312.6400146484375,312.9200134277344,312.56500244140625,312.8299865722656,5874,0.0,0.0
2024-11-25 09:34:00-05:00,312.7699890136719,312.8500061035156,312.1600036621094,312.3599853515625,10738,0.0,0.0
2024-11-25 09:35:00-05:00,312.3599853515625,312.9599914550781,312.30999755859375,312.70001220703125,11889,0.0,0.0
2024-11-25 09:36:00-05:00,312.8399963378906,313.1199951171875,312.57000732421875,312.7099914550781,17333,0.0,0.0
2024-11-25 09:37:00-05:00,312.8299865722656,313.2900085449219,312.73748779296875,313.1700134277344,8885,0.0,0.0
2024-11-25 09:38:00-05:00,313.125,313.1700134277344,312.9100036621094,313.010009765625,25236,0.0,0.0
2024-11-25 09:39:00-05:00,313.010009765625,313.09600830078125,312.8299865722656,313.09600830078125,13171,0.0,0.0
2024-11-25 09:40:00-05:00,313.0299987792969,313.1700134277344,312.82000732421875,312.9599914550781,16183,0.0,0.0
2024-11-25 09:41:00-05:00,312.9100036621094,313.17999267578125,312.79998779296875,313.0899963378906,24643,0.0,0.0
2024-11-25 09:42:00-05:00,313.0899963378906,313.1300048828125,312.9700012207031,313.1000061035156,11416,0.0,0.0
2024-11-25 09:43:00-05:00,313.05999755859375,313.2099914550781,312.7300109863281,312.82000732421875,31272,0.0,0.0
2024-11-25 09:44:00-05:00,312.8399963378906,313.07000732421875,312.82000732421875,313.0,10176,0.0,0.0
2024-11-25 09:45:00-05:00,313.0,313.29998779296875,312.9100036621094,313.2149963378906,18438,0.0,0.0
2024-11-25 09:46:00-05:00,313.2200012207031,313.260009765625,313.1099853515625,313.1199951171875,32704,0.0,0.0
2024-11-25 09:47:00-05:00,313.1199951171875,313.1899108886719,312.7300109863281,312.760009765625,13485,0.0,0.0
2024-11-25 09:48:00-05:00,312.760009765625,313.1499938964844,312.70001220703125,313.1499938964844,10131,0.0,0.0
2024-11-25 09:49:00-05:00,313.1700134277344,313.18499755859375,313.07000732421875,313.1700134277344,10840,0.0,0.0
2024-11-25 09:50:00-05:00,313.18499755859375,313.20001220703125,313.05999755859375,313.1400146484375,10842,0.0,0.0
2024-11-25 09:51:00-05:00,313.1300048828125,313.260009765625,313.04998779296875,313.1099853515625,23361,0.0,0.0
2024-11-25 09:52:00-05:00,313.07000732421875,313.20001220703125,312.989990234375,313.1099853515625,8627,0.0,0.0
2024-11-25 09:53:00-05:00,313.1700134277344,313.3500061035156,313.1099853515625,313.20001220703125,34469,0.0,0.0
2024-11-25 09:54:00-05:00,313.18499755859375,313.25,313.03009033203125,313.1700134277344,19639,0.0,0.0
2024-11-25 09:55:00-05:00,313.1700134277344,313.19000244140625,312.8999938964844,313.0,11200,0.0,0.0
2024-11-25 09:56:00-05:00,312.9599914550781,313.1700134277344,312.9599914550781,313.010009765625,10433,0.0,0.0
2024-11-25 09:57:00-05:00,313.0299987792969,313.3599853515625,312.8999938964844,313.3599853515625,18299,0.0,0.0
2024-11-25 09:58:00-05:00,313.364990234375,313.375,313.1600036621094,313.1600036621094,7391,0.0,0.0
2024-11-25 09:59:00-05:00,313.2200012207031,313.489990234375,313.20001220703125,313.489990234375,15731,0.0,0.0
2024-11-25 10:00:00-05:00,313.44000244140625,313.54730224609375,313.239990234375,313.25,26313,0.0,0.0
2024-11-25 10:01:00-05:00,313.25,313.25,312.80499267578125,312.8599853515625,26332,0.0,0.0
2024-11-25 10:02:00-05:00,312.79998779296875,312.79998779296875,312.6000061035156,312.69500732421875,18631,0.0,0.0
2024-11-25 10:03:00-05:00,312.69000244140625,312.69000244140625,312.3800048828125,312.385009765625,36799,0.0,0.0
2024-11-25 10:04:00-05:00,312.3800048828125,312.5400085449219,312.1099853515625,312.42999267578125,31685,0.0,0.0
2024-11-25 10:05:00-05:00,312.4100036621094,312.42999267578125,312.2401123046875,312.3599853515625,13214,0.0,0.0
2024-11-25 10:06:00-05:00,312.3550109863281,312.3599853515625,312.0,312.07000732421875,13362,0.0,0.0
2024-11-25 10:07:00-05:00,312.07000732421875,312.67999267578125,312.0400085449219,312.5596008300781,13707,0.0,0.0
2024-11-25 10:08:00-05:00,312.6199951171875,312.6400146484375,312.55499267578125,312.56500244140625,4794,0.0,0.0
2024-11-25 10:09:00-05:00,312.5799865722656,312.6099853515625,312.4200134277344,312.44000244140625,16056,0.0,0.0
2024-11-25 10:10:00-05:00,312.4849853515625,312.5,312.2650146484375,312.2950134277344,12383,0.0,0.0
2024-11-25 10:11:00-05:00,312.2950134277344,312.2950134277344,311.989990234375,312.0,19094,0.0,0.0
2024-11-25 10:12:00-05:00,311.94000244140625,311.9490051269531,311.69000244140625,311.8999938964844,11592,0.0,0.0
2024-11-25 10:13:00-05:00,311.8299865722656,311.9200134277344,311.3999938964844,311.5199890136719,9574,0.0,0.0
2024-11-25 10:14:00-05:00,311.42999267578125,311.55999755859375,311.29998779296875,311.3900146484375,13704,0.0,0.0
2024-11-25 10:15:00-05:00,311.4046936035156,311.6477966308594,311.4046936035156,311.5964050292969,17840,0.0,0.0
2024-11-25 10:16:00-05:00,311.7099914550781,312.0150146484375,311.69000244140625,312.010009765625,19969,0.0,0.0
2024-11-25 10:17:00-05:00,312.0799865722656,312.0799865722656,311.82000732421875,311.9100036621094,14999,0.0,0.0
2024-11-25 10:18:00-05:00,311.8699951171875,311.8974914550781,311.7099914550781,311.8599853515625,10314,0.0,0.0
2024-11-25 10:19:00-05:00,311.9100036621094,311.9100036621094,311.7900085449219,311.8500061035156,6236,0.0,0.0
2024-11-25 10:20:00-05:00,311.8349914550781,311.92999267578125,311.7799987792969,311.8699951171875,10470,0.0,0.0
2024-11-25 10:21:00-05:00,311.9100036621094,311.95001220703125,311.80999755859375,311.92498779296875,5484,0.0,0.0
2024-11-25 10:22:00-05:00,311.8999938964844,312.010009765625,311.8999938964844,311.9100036621094,9333,0.0,0.0
2024-11-25 10:23:00-05:00,311.8900146484375,311.9200134277344,311.8900146484375,311.9100036621094,1871,0.0,0.0
2024-11-25 10:24:00-05:00,311.964599609375,311.964599609375,311.7799987792969,311.7799987792969,20721,0.0,0.0
2024-11-25 10:25:00-05:00,311.7300109863281,311.7799987792969,311.5299987792969,311.5400085449219,6827,0.0,0.0
2024-11-25 10:26:00-05:00,311.6400146484375,311.8399963378906,311.5299987792969,311.8399963378906,21821,0.0,0.0
2024-11-25 10:27:00-05:00,311.7799987792969,312.07501220703125,311.7799987792969,311.93499755859375,22126,0.0,0.0
2024-11-25 10:28:00-05:00,311.92498779296875,312.1600036621094,311.9200134277344,312.1300048828125,16362,0.0,0.0
2024-11-25 10:29:00-05:00,312.1499938964844,312.19000244140625,312.0799865722656,312.19000244140625,12326,0.0,0.0
2024-11-25 10:30:00-05:00,312.19000244140625,312.25,312.0199890136719,312.1000061035156,17543,0.0,0.0
2024-11-25 10:31:00-05:00,312.114990234375,312.3800048828125,312.04998779296875,312.1700134277344,13851,0.0,0.0
2024-11-25 10:32:00-05:00,312.1650085449219,312.1650085449219,311.8999938964844,311.94500732421875,12802,0.0,0.0
2024-11-25 10:33:00-05:00,311.94500732421875,311.9800109863281,311.5830993652344,311.7650146484375,9760,0.0,0.0
2024-11-25 10:34:00-05:00,311.7699890136719,311.8599853515625,311.67010498046875,311.8599853515625,8043,0.0,0.0
2024-11-25 10:35:00-05:00,311.82000732421875,311.94000244140625,311.69000244140625,311.94000244140625,19445,0.0,0.0
2024-11-25 10:36:00-05:00,311.80999755859375,311.9700012207031,311.7900085449219,311.9200134277344,6716,0.0,0.0
2024-11-25 10:37:00-05:00,311.9599914550781,312.1449890136719,311.9599914550781,312.0400085449219,7316,0.0,0.0
2024-11-25 10:38:00-05:00,312.1000061035156,312.1286926269531,311.9100036621094,312.05999755859375,9363,0.0,0.0
2024-11-25 10:39:00-05:00,312.04998779296875,312.2850036621094,312.04998779296875,312.2850036621094,4315,0.0,0.0
2024-11-25 10:40:00-05:00,312.25,312.32000732421875,312.2099914550781,312.2699890136719,9215,0.0,0.0
2024-11-25 10:41:00-05:00,312.2699890136719,312.31610107421875,312.1099853515625,312.1199951171875,14758,0.0,0.0
2024-11-25 10:42:00-05:00,312.1099853515625,312.22039794921875,312.04998779296875,312.22039794921875,8203,0.0,0.0
2024-11-25 10:43:00-05:00,312.2030944824219,312.2030944824219,311.8999938964844,311.9700012207031,7457,0.0,0.0
2024-11-25 10:44:00-05:00,312.05999755859375,312.1600036621094,311.8999938964844,312.1600036621094,7484,0.0,0.0
2024-11-25 10:45:00-05:00,312.1099853515625,312.1099853515625,311.760009765625,311.8399963378906,5292,0.0,0.0
2024-11-25 10:46:00-05:00,311.70001220703125,311.70001220703125,311.4849853515625,311.54998779296875,4858,0.0,0.0
2024-11-25 10:47:00-05:00,311.5899963378906,311.7099914550781,311.489990234375,311.65740966796875,4676,0.0,0.0
2024-11-25 10:48:00-05:00,311.57000732421875,311.6400146484375,311.5,311.5899963378906,4572,0.0,0.0
2024-11-25 10:49:00-05:00,311.5400085449219,311.6499938964844,311.510009765625,311.5799865722656,4618,0.0,0.0
2024-11-25 10:50:00-05:00,311.69000244140625,311.70001220703125,311.5150146484375,311.68499755859375,19846,0.0,0.0
2024-11-25 10:51:00-05:00,311.760009765625,311.8399963378906,311.6300048828125,311.739990234375,10000,0.0,0.0
2024-11-25 10:52:00-05:00,311.7850036621094,311.7850036621094,311.6400146484375,311.69000244140625,7714,0.0,0.0
2024-11-25 10:53:00-05:00,311.69000244140625,311.82000732421875,311.69000244140625,311.7200012207031,15493,0.0,0.0
2024-11-25 10:54:00-05:00,311.79998779296875,311.8800048828125,311.7099914550781,311.7099914550781,7637,0.0,0.0
2024-11-25 10:55:00-05:00,311.7099914550781,311.7200012207031,311.5199890136719,311.5299987792969,10840,0.0,0.0
2024-11-25 10:56:00-05:00,311.510009765625,311.510009765625,311.25,311.3699951171875,7822,0.0,0.0
2024-11-25 10:57:00-05:00,311.5,311.6300048828125,311.42999267578125,311.54998779296875,8410,0.0,0.0
2024-11-25 10:58:00-05:00,311.54998779296875,311.5799865722656,311.2799987792969,311.2950134277344,16266,0.0,0.0
2024-11-25 10:59:00-05:00,311.260009765625,311.260009765625,311.1600036621094,311.2099914550781,7948,0.0,0.0
2024-11-25 11:00:00-05:00,311.2300109863281,311.2300109863281,311.1199951171875,311.1400146484375,7210,0.0,0.0
2024-11-25 11:01:00-05:00,311.2200012207031,311.2799987792969,311.1700134277344,311.17999267578125,6854,0.0,0.0
2024-11-25 11:02:00-05:00,311.25,311.25,311.06500244140625,311.0799865722656,17412,0.0,0.0
2024-11-25 11:03:00-05:00,311.1050109863281,311.114990234375,311.0299987792969,311.0849914550781,9780,0.0,0.0
2024-11-25 11:04:00-05:00,311.1300048828125,311.19000244140625,311.1099853515625,311.17999267578125,4855,0.0,0.0
2024-11-25 11:05:00-05:00,311.2300109863281,311.3299865722656,311.1000061035156,311.135009765625,10979,0.0,0.0
2024-11-25 11:06:00-05:00,311.1000061035156,311.135009765625,310.9700012207031,310.9800109863281,7955,0.0,0.0
2024-11-25 11:07:00-05:00,311.0199890136719,311.0199890136719,310.8999938964844,311.0050048828125,9237,0.0,0.0
2024-11-25 11:08:00-05:00,311.0199890136719,311.1199951171875,310.9100036621094,310.9700012207031,9735,0.0,0.0
2024-11-25 11:09:00-05:00,310.93170166015625,310.989990234375,310.8900146484375,310.9200134277344,10537,0.0,0.0
2024-11-25 11:10:00-05:00,310.95001220703125,311.05499267578125,310.8699951171875,311.0400085449219,7922,0.0,0.0
2024-11-25 11:11:00-05:00,311.05999755859375,311.05999755859375,310.9700012207031,311.0295104980469,8037,0.0,0.0
2024-11-25 11:12:00-05:00,311.0299987792969,311.1000061035156,310.8500061035156,310.8999938964844,12408,0.0,0.0
2024-11-25 11:13:00-05:00,310.9700012207031,311.260009765625,310.9700012207031,311.2049865722656,21091,0.0,0.0
2024-11-25 11:14:00-05:00,311.17999267578125,311.2149963378906,311.05999755859375,311.1300048828125,6304,0.0,0.0
2024-11-25 11:15:00-05:00,311.135009765625,311.239990234375,311.07000732421875,311.07000732421875,9413,0.0,0.0
2024-11-25 11:16:00-05:00,311.1300048828125,311.1300048828125,310.8900146484375,310.9700012207031,14746,0.0,0.0
2024-11-25 11:17:00-05:00,310.9949951171875,311.0050048828125,310.8999938964844,310.8999938964844,6104,0.0,0.0
2024-11-25 11:18:00-05:00,310.8500061035156,310.9700012207031,310.82000732421875,310.8800048828125,6793,0.0,0.0
2024-11-25 11:19:00-05:00,310.9049987792969,311.0350036621094,310.8599853515625,310.9179992675781,12982,0.0,0.0
2024-11-25 11:20:00-05:00,311.01251220703125,311.01251220703125,310.70001220703125,310.7950134277344,11555,0.0,0.0
2024-11-25 11:21:00-05:00,310.79998779296875,311.0199890136719,310.79998779296875,310.8999938964844,10603,0.0,0.0
2024-11-25 11:22:00-05:00,310.95001220703125,310.9971008300781,310.7522888183594,310.7522888183594,13152,0.0,0.0
2024-11-25 11:23:00-05:00,310.7300109863281,310.8399963378906,310.66558837890625,310.82000732421875,7919,0.0,0.0
2024-11-25 11:24:00-05:00,310.82000732421875,310.875,310.75,310.82000732421875,7793,0.0,0.0
2024-11-25 11:25:00-05:00,310.82000732421875,310.82000732421875,310.67999267578125,310.739990234375,8705,0.0,0.0
2024-11-25 11:26:00-05:00,310.7349853515625,310.7349853515625,310.55499267578125,310.6300048828125,7785,0.0,0.0
2024-11-25 11:27:00-05:00,310.6400146484375,310.6650085449219,310.5,310.5,12373,0.0,0.0
2024-11-25 11:28:00-05:00,310.57000732421875,310.6000061035156,310.489990234375,310.5199890136719,12344,0.0,0.0
2024-11-25 11:29:00-05:00,310.55999755859375,310.55999755859375,310.2300109863281,310.2300109863281,17777,0.0,0.0
2024-11-25 11:30:00-05:00,310.2799987792969,310.2799987792969,310.1099853515625,310.2149963378906,15428,0.0,0.0
2024-11-25 11:31:00-05:00,310.239990234375,310.3599853515625,310.2200012207031,310.30999755859375,15899,0.0,0.0
2024-11-25 11:32:00-05:00,310.3399963378906,310.3550109863281,310.2550048828125,310.2749938964844,13103,0.0,0.0
2024-11-25 11:33:00-05:00,310.25,310.2659912109375,310.2099914550781,310.2659912109375,5405,0.0,0.0
2024-11-25 11:34:00-05:00,310.239990234375,310.3599853515625,310.2300109863281,310.30999755859375,13214,0.0,0.0
2024-11-25 11:35:00-05:00,310.30999755859375,310.3598937988281,310.260009765625,310.29998779296875,9725,0.0,0.0
2024-11-25 11:36:00-05:00,310.29998779296875,310.3399963378906,310.2099914550781,310.2099914550781,6471,0.0,0.0
2024-11-25 11:37:00-05:00,310.19000244140625,310.2049865722656,310.04998779296875,310.04998779296875,5894,0.0,0.0
2024-11-25 11:38:00-05:00,310.0199890136719,310.0799865722656,309.8599853515625,309.9100036621094,12366,0.0,0.0
2024-11-25 11:39:00-05:00,309.94000244140625,310.1000061035156,309.8999938964844,310.07501220703125,12987,0.0,0.0
2024-11-25 11:40:00-05:00,310.07501220703125,310.25628662109375,310.0400085449219,310.2049865722656,9185,0.0,0.0
2024-11-25 11:41:00-05:00,310.20001220703125,310.2650146484375,310.16009521484375,310.2200012207031,4487,0.0,0.0
2024-11-25 11:42:00-05:00,310.20001220703125,310.5400085449219,310.20001220703125,310.5400085449219,5356,0.0,0.0
2024-11-25 11:43:00-05:00,310.5,310.5400085449219,310.3599853515625,310.3999938964844,8500,0.0,0.0
2024-11-25 11:44:00-05:00,310.3999938964844,310.5400085449219,310.3500061035156,310.5299987792969,6187,0.0,0.0
2024-11-25 11:45:00-05:00,310.510009765625,310.57501220703125,310.5,310.55999755859375,7408,0.0,0.0
2024-11-25 11:46:00-05:00,310.56500244140625,310.7349853515625,310.56500244140625,310.7349853515625,7380,0.0,0.0
2024-11-25 11:47:00-05:00,310.739990234375,310.739990234375,310.67999267578125,310.7200012207031,3505,0.0,0.0
2024-11-25 11:48:00-05:00,310.7250061035156,310.7699890136719,310.69000244140625,310.69000244140625,4952,0.0,0.0
2024-11-25 11:49:00-05:00,310.67999267578125,310.7200012207031,310.6000061035156,310.70001220703125,11355,0.0,0.0
2024-11-25 11:50:00-05:00,310.7250061035156,310.9100036621094,310.70001220703125,310.8399963378906,8200,0.0,0.0
2024-11-25 11:51:00-05:00,310.79998779296875,310.79998779296875,310.70001220703125,310.70001220703125,3053,0.0,0.0
2024-11-25 11:52:00-05:00,310.69000244140625,310.7550048828125,310.6700134277344,310.67999267578125,4375,0.0,0.0
2024-11-25 11:53:00-05:00,310.7099914550781,310.7900085449219,310.67999267578125,310.7799987792969,3062,0.0,0.0
2024-11-25 11:54:00-05:00,310.7974853515625,311.0,310.7950134277344,311.0,6937,0.0,0.0
2024-11-25 11:55:00-05:00,310.9649963378906,311.0,310.94000244140625,310.9800109863281,6778,0.0,0.0
2024-11-25 11:56:00-05:00,310.94000244140625,310.94000244140625,310.7650146484375,310.7650146484375,4575,0.0,0.0
2024-11-25 11:57:00-05:00,310.7200012207031,310.7200012207031,310.6300048828125,310.67999267578125,2211,0.0,0.0
2024-11-25 11:58:00-05:00,310.6700134277344,310.7699890136719,310.6400146484375,310.6400146484375,6230,0.0,0.0
2024-11-25 11:59:00-05:00,310.6400146484375,310.7300109863281,310.6400146484375,310.7149963378906,3784,0.0,0.0
2024-11-25 12:00:00-05:00,310.739990234375,310.760986328125,310.6499938964844,310.760986328125,9892,0.0,0.0
2024-11-25 12:01:00-05:00,310.7550048828125,310.8500061035156,310.68499755859375,310.70001220703125,12856,0.0,0.0
2024-11-25 12:02:00-05:00,310.739990234375,310.8900146484375,310.739990234375,310.82000732421875,3867,0.0,0.0
2024-11-25 12:03:00-05:00,310.7699890136719,310.8900146484375,310.7699890136719,310.8900146484375,4404,0.0,0.0
2024-11-25 12:04:00-05:00,310.82000732421875,310.8999938964844,310.7699890136719,310.7699890136719,5979,0.0,0.0
2024-11-25 12:05:00-05:00,310.8299865722656,311.010009765625,310.8299865722656,311.0,2860,0.0,0.0
2024-11-25 12:06:00-05:00,311.01251220703125,311.01251220703125,310.8800048828125,310.8800048828125,4300,0.0,0.0
2024-11-25 12:07:00-05:00,310.8800048828125,310.989990234375,310.8800048828125,310.989990234375,2916,0.0,0.0
2024-11-25 12:08:00-05:00,310.95001220703125,310.9800109863281,310.8699951171875,310.8699951171875,4006,0.0,0.0
2024-11-25 12:09:00-05:00,310.86590576171875,310.86590576171875,310.79998779296875,310.8450012207031,4950,0.0,0.0
2024-11-25 12:10:00-05:00,310.8450012207031,310.92999267578125,310.8299865722656,310.8999938964844,9619,0.0,0.0
2024-11-25 12:11:00-05:00,310.8949890136719,310.94000244140625,310.82000732421875,310.8500061035156,10453,0.0,0.0
2024-11-25 12:12:00-05:00,310.80999755859375,310.8599853515625,310.6600036621094,310.7449951171875,12279,0.0,0.0
2024-11-25 12:13:00-05:00,310.7550048828125,310.8800048828125,310.7099914550781,310.8800048828125,6454,0.0,0.0
2024-11-25 12:14:00-05:00,310.8599853515625,310.92498779296875,310.82000732421875,310.92498779296875,6650,0.0,0.0
2024-11-25 12:15:00-05:00,310.92498779296875,310.94000244140625,310.8699951171875,310.94000244140625,7051,0.0,0.0
2024-11-25 12:16:00-05:00,310.9150085449219,310.95001220703125,310.8999938964844,310.8999938964844,6153,0.0,0.0
2024-11-25 12:17:00-05:00,310.94000244140625,310.989990234375,310.8999938964844,310.92498779296875,6313,0.0,0.0
2024-11-25 12:18:00-05:00,310.9599914550781,310.9599914550781,310.8699951171875,310.9049987792969,6065,0.0,0.0
2024-11-25 12:19:00-05:00,310.8599853515625,311.010009765625,310.8599853515625,310.92999267578125,4106,0.0,0.0
2024-11-25 12:20:00-05:00,310.9949951171875,310.9949951171875,310.9599914550781,310.989990234375,1532,0.0,0.0
2024-11-25 12:21:00-05:00,310.94000244140625,310.9949951171875,310.8299865722656,310.9949951171875,6158,0.0,0.0
2024-11-25 12:22:00-05:00,310.9849853515625,311.1700134277344,310.9599914550781,310.9800109863281,8015,0.0,0.0
2024-11-25 12:23:00-05:00,310.9599914550781,310.9700012207031,310.8900146484375,310.94500732421875,5419,0.0,0.0
2024-11-25 12:24:00-05:00,310.94500732421875,310.9700012207031,310.8999938964844,310.94000244140625,5535,0.0,0.0
2024-11-25 12:25:00-05:00,310.92999267578125,311.05999755859375,310.8999938964844,310.9307861328125,12091,0.0,0.0
2024-11-25 12:26:00-05:00,310.8399963378906,310.8800048828125,310.80999755859375,310.8450012207031,4424,0.0,0.0
2024-11-25 12:27:00-05:00,310.7699890136719,310.7799987792969,310.6400146484375,310.6400146484375,3475,0.0,0.0
2024-11-25 12:28:00-05:00,310.625,310.7099914550781,310.625,310.6400146484375,3726,0.0,0.0
2024-11-25 12:29:00-05:00,310.6199951171875,310.75,310.5299987792969,310.75,6624,0.0,0.0
2024-11-25 12:30:00-05:00,310.7900085449219,310.81500244140625,310.7749938964844,310.7749938964844,2317,0.0,0.0
2024-11-25 12:31:00-05:00,310.7650146484375,310.79998779296875,310.6700134277344,310.6700134277344,7079,0.0,0.0
2024-11-25 12:32:00-05:00,310.67999267578125,310.7300109863281,310.6698913574219,310.6698913574219,4782,0.0,0.0
2024-11-25 12:33:00-05:00,310.6600036621094,310.7792053222656,310.55499267578125,310.7792053222656,8306,0.0,0.0
2024-11-25 12:34:00-05:00,310.7349853515625,310.760009765625,310.67999267578125,310.70001220703125,3279,0.0,0.0
2024-11-25 12:35:00-05:00,310.75,310.760009765625,310.70001220703125,310.75,2513,0.0,0.0
2024-11-25 12:36:00-05:00,310.71978759765625,310.7349853515625,310.70001220703125,310.7349853515625,2147,0.0,0.0
2024-11-25 12:37:00-05:00,310.69000244140625,310.7250061035156,310.6199951171875,310.6199951171875,9825,0.0,0.0
2024-11-25 12:38:00-05:00,310.6499938964844,310.7200012207031,310.6499938964844,310.7025146484375,5456,0.0,0.0
2024-11-25 12:39:00-05:00,310.7099914550781,310.7749938964844,310.7099914550781,310.760009765625,4734,0.0,0.0
2024-11-25 12:40:00-05:00,310.80999755859375,310.80999755859375,310.70001220703125,310.78814697265625,3796,0.0,0.0
2024-11-25 12:41:00-05:00,310.7799987792969,310.7799987792969,310.7672119140625,310.7672119140625,933,0.0,0.0
2024-11-25 12:42:00-05:00,310.75,310.75,310.6400146484375,310.7300109863281,8368,0.0,0.0
2024-11-25 12:43:00-05:00,310.7300109863281,310.7699890136719,310.55999755859375,310.5849914550781,6865,0.0,0.0
2024-11-25 12:44:00-05:00,310.55999755859375,310.55999755859375,310.4200134277344,310.5,8743,0.0,0.0
2024-11-25 12:45:00-05:00,310.45001220703125,310.67999267578125,310.44000244140625,310.6650085449219,8028,0.0,0.0
2024-11-25 12:46:00-05:00,310.6549987792969,310.70001220703125,310.57000732421875,310.6600036621094,5675,0.0,0.0
2024-11-25 12:47:00-05:00,310.68292236328125,310.7300109863281,310.6000061035156,310.70001220703125,5800,0.0,0.0
2024-11-25 12:48:00-05:00,310.75,310.989990234375,310.75,310.989990234375,6790,0.0,0.0
2024-11-25 12:49:00-05:00,310.9549865722656,311.0899963378906,310.9549865722656,311.0199890136719,5472,0.0,0.0
2024-11-25 12:50:00-05:00,310.9700012207031,311.1300048828125,310.9400939941406,311.1199951171875,6267,0.0,0.0
2024-11-25 12:51:00-05:00,311.07000732421875,311.1000061035156,311.0199890136719,311.1000061035156,4847,0.0,0.0
2024-11-25 12:52:00-05:00,311.1499938964844,311.20001220703125,311.0899963378906,311.1600036621094,23753,0.0,0.0
2024-11-25 12:53:00-05:00,311.20001220703125,311.20001220703125,311.1600036621094,311.1700134277344,9877,0.0,0.0
2024-11-25 12:54:00-05:00,311.1600036621094,311.2550048828125,311.1600036621094,311.2550048828125,7953,0.0,0.0
2024-11-25 12:55:00-05:00,311.2550048828125,311.2550048828125,311.17999267578125,311.19000244140625,6390,0.0,0.0
2024-11-25 12:56:00-05:00,311.2250061035156,311.2799987792969,311.2130126953125,311.260009765625,4100,0.0,0.0
2024-11-25 12:57:00-05:00,311.2950134277344,311.2950134277344,311.25,311.2900085449219,4118,0.0,0.0
2024-11-25 12:58:00-05:00,311.3153991699219,311.32000732421875,311.2300109863281,311.2300109863281,8240,0.0,0.0
2024-11-25 12:59:00-05:00,311.2349853515625,311.2900085449219,311.2200012207031,311.2200012207031,4859,0.0,0.0
2024-11-25 13:00:00-05:00,311.2300109863281,311.30999755859375,311.17999267578125,311.30999755859375,7140,0.0,0.0
2024-11-25 13:01:00-05:00,311.32000732421875,311.3299865722656,311.2900085449219,311.2900085449219,4856,0.0,0.0
2024-11-25 13:02:00-05:00,311.31500244140625,311.4399108886719,311.31500244140625,311.4399108886719,2144,0.0,0.0
2024-11-25 13:03:00-05:00,311.3699951171875,311.5398864746094,311.3599853515625,311.44000244140625,7801,0.0,0.0
2024-11-25 13:04:00-05:00,311.45001220703125,311.4599914550781,311.4200134277344,311.45001220703125,2980,0.0,0.0
2024-11-25 13:05:00-05:00,311.4599914550781,311.4700012207031,311.4100036621094,311.45001220703125,10558,0.0,0.0
2024-11-25 13:06:00-05:00,311.4700012207031,311.5799865722656,311.44500732421875,311.5799865722656,8663,0.0,0.0
2024-11-25 13:07:00-05:00,311.5450134277344,311.5950012207031,311.5450134277344,311.54998779296875,2724,0.0,0.0
2024-11-25 13:08:00-05:00,311.54998779296875,311.5899963378906,311.45001220703125,311.45001220703125,5673,0.0,0.0
2024-11-25 13:09:00-05:00,311.45001220703125,311.4599914550781,311.44000244140625,311.44879150390625,2180,0.0,0.0
2024-11-25 13:10:00-05:00,311.4599914550781,311.57000732421875,311.4599914550781,311.55999755859375,3819,0.0,0.0
2024-11-25 13:11:00-05:00,311.54998779296875,311.57000732421875,311.510009765625,311.5400085449219,8579,0.0,0.0
2024-11-25 13:12:00-05:00,311.5450134277344,311.57000732421875,311.42999267578125,311.42999267578125,7114,0.0,0.0
2024-11-25 13:13:00-05:00,311.4200134277344,311.44500732421875,311.3699951171875,311.44500732421875,9038,0.0,0.0
2024-11-25 13:14:00-05:00,311.5199890136719,311.5249938964844,311.4700012207031,311.5249938964844,5395,0.0,0.0
2024-11-25 13:15:00-05:00,311.53070068359375,311.5400085449219,311.4100036621094,311.4100036621094,6211,0.0,0.0
2024-11-25 13:16:00-05:00,311.45001220703125,311.489990234375,311.42999267578125,311.4700012207031,6323,0.0,0.0
2024-11-25 13:17:00-05:00,311.4800109863281,311.55499267578125,311.4800109863281,311.5421142578125,3670,0.0,0.0
2024-11-25 13:18:00-05:00,311.5375061035156,311.5375061035156,311.3699951171875,311.3800048828125,6456,0.0,0.0
2024-11-25 13:19:00-05:00,311.3699951171875,311.43499755859375,311.3599853515625,311.43499755859375,5868,0.0,0.0
2024-11-25 13:20:00-05:00,311.42999267578125,311.44500732421875,311.3699951171875,311.4100036621094,8601,0.0,0.0
2024-11-25 13:21:00-05:00,311.4100036621094,311.42999267578125,311.4100036621094,311.42999267578125,2178,0.0,0.0
2024-11-25 13:22:00-05:00,311.4100036621094,311.4200134277344,311.2699890136719,311.2699890136719,11784,0.0,0.0
2024-11-25 13:23:00-05:00,311.2799987792969,311.3500061035156,311.239990234375,311.25,4786,0.0,0.0
2024-11-25 13:24:00-05:00,311.2799987792969,311.3349914550781,311.260009765625,311.3299865722656,6955,0.0,0.0
2024-11-25 13:25:00-05:00,311.3599853515625,311.3800048828125,311.29998779296875,311.3500061035156,6672,0.0,0.0
2024-11-25 13:26:00-05:00,311.3500061035156,311.3599853515625,311.260009765625,311.3299865722656,9648,0.0,0.0
2024-11-25 13:27:00-05:00,311.3299865722656,311.4849853515625,311.3299865722656,311.3800048828125,10933,0.0,0.0
2024-11-25 13:28:00-05:00,311.3924865722656,311.3924865722656,311.3699951171875,311.3900146484375,1933,0.0,0.0
2024-11-25 13:29:00-05:00,311.4200134277344,311.42999267578125,311.3500061035156,311.3500061035156,5133,0.0,0.0
2024-11-25 13:30:00-05:00,311.3599853515625,311.385009765625,311.30999755859375,311.30999755859375,7157,0.0,0.0
2024-11-25 13:31:00-05:00,311.25,311.30999755859375,311.25,311.30999755859375,6244,0.0,0.0
2024-11-25 13:32:00-05:00,311.2900085449219,311.30999755859375,311.25,311.2571105957031,6353,0.0,0.0
2024-11-25 13:33:00-05:00,311.28851318359375,311.3399963378906,311.25,311.29998779296875,9043,0.0,0.0
2024-11-25 13:34:00-05:00,311.29998779296875,311.3500061035156,311.2799987792969,311.2799987792969,10814,0.0,0.0
2024-11-25 13:35:00-05:00,311.2799987792969,311.2799987792969,311.0799865722656,311.1700134277344,9442,0.0,0.0
2024-11-25 13:36:00-05:00,311.2300109863281,311.3580017089844,311.2250061035156,311.3450012207031,6187,0.0,0.0
2024-11-25 13:37:00-05:00,311.3450012207031,311.3599853515625,311.260009765625,311.260009765625,6563,0.0,0.0
2024-11-25 13:38:00-05:00,311.2149963378906,311.2300109863281,311.18499755859375,311.2300109863281,5628,0.0,0.0
2024-11-25 13:39:00-05:00,311.2349853515625,311.2699890136719,311.1600036621094,311.2650146484375,5930,0.0,0.0
2024-11-25 13:40:00-05:00,311.2900085449219,311.32000732421875,311.25,311.2900085449219,7755,0.0,0.0
2024-11-25 13:41:00-05:00,311.3299865722656,311.3528137207031,311.29998779296875,311.3450012207031,3438,0.0,0.0
2024-11-25 13:42:00-05:00,311.3299865722656,311.3299865722656,311.20001220703125,311.20001220703125,8457,0.0,0.0
2024-11-25 13:43:00-05:00,311.19000244140625,311.2799987792969,311.1700134277344,311.260009765625,8314,0.0,0.0
2024-11-25 13:44:00-05:00,311.2699890136719,311.2950134277344,311.2250061035156,311.2950134277344,5537,0.0,0.0
2024-11-25 13:45:00-05:00,311.30999755859375,311.3800048828125,311.30999755859375,311.3399963378906,7099,0.0,0.0
2024-11-25 13:46:00-05:00,311.364990234375,311.4100036621094,311.32000732421875,311.4100036621094,5184,0.0,0.0
2024-11-25 13:47:00-05:00,311.4100036621094,311.4200134277344,311.3599853515625,311.36749267578125,7151,0.0,0.0
2024-11-25 13:48:00-05:00,311.4049987792969,311.44000244140625,311.3699951171875,311.4049987792969,10145,0.0,0.0
2024-11-25 13:49:00-05:00,311.4200134277344,311.42999267578125,311.3599853515625,311.3599853515625,7786,0.0,0.0
2024-11-25 13:50:00-05:00,311.3599853515625,311.4549865722656,311.3599853515625,311.3599853515625,10052,0.0,0.0
2024-11-25 13:51:00-05:00,311.3599853515625,311.3599853515625,311.260009765625,311.260009765625,5036,0.0,0.0
2024-11-25 13:52:00-05:00,311.25,311.25,311.1700134277344,311.1700134277344,4515,0.0,0.0
2024-11-25 13:53:00-05:00,311.19000244140625,311.375,311.17999267578125,311.2900085449219,9924,0.0,0.0
2024-11-25 13:54:00-05:00,311.2799987792969,311.3550109863281,311.2799987792969,311.29998779296875,4514,0.0,0.0
2024-11-25 13:55:00-05:00,311.30999755859375,311.3500061035156,311.2799987792969,311.3500061035156,4527,0.0,0.0
2024-11-25 13:56:00-05:00,311.3500061035156,311.3800048828125,311.3299865722656,311.3599853515625,4694,0.0,0.0
2024-11-25 13:57:00-05:00,311.4200134277344,311.510009765625,311.4049987792969,311.510009765625,6109,0.0,0.0
2024-11-25 13:58:00-05:00,311.5050048828125,311.510009765625,311.42999267578125,311.4750061035156,7080,0.0,0.0
2024-11-25 13:59:00-05:00,311.4599914550781,311.5899963378906,311.4599914550781,311.5899963378906,11216,0.0,0.0
2024-11-25 14:00:00-05:00,311.6099853515625,311.6300048828125,311.5299987792969,311.57000732421875,14738,0.0,0.0
2024-11-25 14:01:00-05:00,311.57000732421875,311.8900146484375,311.57000732421875,311.8800048828125,22322,0.0,0.0
2024-11-25 14:02:00-05:00,311.885009765625,311.9599914550781,311.8599853515625,311.8800048828125,17353,0.0,0.0
2024-11-25 14:03:00-05:00,311.875,311.8900146484375,311.7300109863281,311.760009765625,13986,0.0,0.0
2024-11-25 14:04:00-05:00,311.760009765625,311.7699890136719,311.5899963378906,311.7200012207031,9784,0.0,0.0
2024-11-25 14:05:00-05:00,311.75750732421875,311.8399963378906,311.75750732421875,311.8399963378906,5865,0.0,0.0
2024-11-25 14:06:00-05:00,311.8399963378906,311.8399963378906,311.7001037597656,311.7099914550781,15907,0.0,0.0
2024-11-25 14:07:00-05:00,311.7449951171875,311.7699890136719,311.67999267578125,311.7200012207031,6754,0.0,0.0
2024-11-25 14:08:00-05:00,311.7304992675781,311.7699890136719,311.69000244140625,311.75,7560,0.0,0.0
2024-11-25 14:09:00-05:00,311.7900085449219,311.9200134277344,311.7900085449219,311.9200134277344,5322,0.0,0.0
2024-11-25 14:10:00-05:00,311.885009765625,311.9599914550781,311.8595886230469,311.9200134277344,7747,0.0,0.0
2024-11-25 14:11:00-05:00,311.94000244140625,311.95001220703125,311.8500061035156,311.8800048828125,7592,0.0,0.0
2024-11-25 14:12:00-05:00,311.8900146484375,311.9800109863281,311.8699951171875,311.8999938964844,5650,0.0,0.0
2024-11-25 14:13:00-05:00,311.8800048828125,311.8999938964844,311.8699951171875,311.8761901855469,7344,0.0,0.0
2024-11-25 14:14:00-05:00,311.8699951171875,311.8900146484375,311.8299865722656,311.8399963378906,8402,0.0,0.0
2024-11-25 14:15:00-05:00,311.8299865722656,311.8599853515625,311.80999755859375,311.8399963378906,6842,0.0,0.0
2024-11-25 14:16:00-05:00,311.8599853515625,311.9200134277344,311.8599853515625,311.8999938964844,4864,0.0,0.0
2024-11-25 14:17:00-05:00,311.8949890136719,311.95001220703125,311.8599853515625,311.92999267578125,5498,0.0,0.0
2024-11-25 14:18:00-05:00,311.94500732421875,312.0249938964844,311.94500732421875,311.989990234375,4635,0.0,0.0
2024-11-25 14:19:00-05:00,312.07000732421875,312.1700134277344,312.05499267578125,312.1700134277344,5829,0.0,0.0
2024-11-25 14:20:00-05:00,312.1549987792969,312.19000244140625,312.1000061035156,312.1400146484375,13811,0.0,0.0
2024-11-25 14:21:00-05:00,312.1700134277344,312.20001220703125,312.04998779296875,312.05999755859375,10840,0.0,0.0
2024-11-25 14:22:00-05:00,312.0199890136719,312.0199890136719,311.82000732421875,311.89990234375,15926,0.0,0.0
2024-11-25 14:23:00-05:00,311.7300109863281,311.80999755859375,311.6300048828125,311.80999755859375,7269,0.0,0.0
2024-11-25 14:24:00-05:00,311.81500244140625,311.81500244140625,311.7300109863281,311.7699890136719,4858,0.0,0.0
2024-11-25 14:25:00-05:00,311.760009765625,311.760009765625,311.5400085449219,311.5400085449219,9745,0.0,0.0
2024-11-25 14:26:00-05:00,311.5101013183594,311.5799865722656,311.5101013183594,311.57501220703125,9951,0.0,0.0
2024-11-25 14:27:00-05:00,311.57501220703125,311.57501220703125,311.5299987792969,311.5400085449219,8690,0.0,0.0
2024-11-25 14:28:00-05:00,311.55999755859375,311.69000244140625,311.55999755859375,311.68499755859375,11607,0.0,0.0
2024-11-25 14:29:00-05:00,311.68499755859375,311.69000244140625,311.6099853515625,311.6099853515625,7792,0.0,0.0
2024-11-25 14:30:00-05:00,311.6050109863281,311.6499938964844,311.45001220703125,311.45001220703125,8282,0.0,0.0
2024-11-25 14:31:00-05:00,311.44000244140625,311.44000244140625,311.3800048828125,311.4150085449219,6675,0.0,0.0
2024-11-25 14:32:00-05:00,311.45001220703125,311.489990234375,311.3901062011719,311.4200134277344,7087,0.0,0.0
2024-11-25 14:33:00-05:00,311.3999938964844,311.45001220703125,311.3949890136719,311.4100036621094,6245,0.0,0.0
2024-11-25 14:34:00-05:00,311.4200134277344,311.5498962402344,311.3900146484375,311.3900146484375,11319,0.0,0.0
2024-11-25 14:35:00-05:00,311.3999938964844,311.4599914550781,311.3699951171875,311.3699951171875,18218,0.0,0.0
2024-11-25 14:36:00-05:00,311.385009765625,311.44000244140625,311.3299865722656,311.3399963378906,7249,0.0,0.0
2024-11-25 14:37:00-05:00,311.30499267578125,311.3599853515625,311.2900085449219,311.3399963378906,6094,0.0,0.0
2024-11-25 14:38:00-05:00,311.3699951171875,311.375,311.239990234375,311.239990234375,6741,0.0,0.0
2024-11-25 14:39:00-05:00,311.25,311.2699890136719,311.07000732421875,311.07000732421875,14659,0.0,0.0
2024-11-25 14:40:00-05:00,311.0400085449219,311.09991455078125,310.9800109863281,311.04998779296875,20460,0.0,0.0
2024-11-25 14:41:00-05:00,311.04998779296875,311.1000061035156,310.9800109863281,311.1000061035156,12953,0.0,0.0
2024-11-25 14:42:00-05:00,311.0899963378906,311.2099914550781,311.0834045410156,311.1300048828125,12752,0.0,0.0
2024-11-25 14:43:00-05:00,311.19000244140625,311.19000244140625,311.0400085449219,311.0400085449219,7293,0.0,0.0
2024-11-25 14:44:00-05:00,311.0450134277344,311.2799987792969,311.0199890136719,311.20001220703125,13142,0.0,0.0
2024-11-25 14:45:00-05:00,311.20001220703125,311.2149963378906,311.0899963378906,311.18499755859375,10749,0.0,0.0
2024-11-25 14:46:00-05:00,311.2300109863281,311.260009765625,311.1499938964844,311.19000244140625,8535,0.0,0.0
2024-11-25 14:47:00-05:00,311.2200012207031,311.34991455078125,311.2099914550781,311.29998779296875,6511,0.0,0.0
2024-11-25 14:48:00-05:00,311.30499267578125,311.3500061035156,311.239990234375,311.2699890136719,17017,0.0,0.0
2024-11-25 14:49:00-05:00,311.2300109863281,311.2900085449219,311.2200012207031,311.2900085449219,13692,0.0,0.0
2024-11-25 14:50:00-05:00,311.2799987792969,311.2799987792969,311.1944885253906,311.22119140625,5345,0.0,0.0
2024-11-25 14:51:00-05:00,311.2099914550781,311.2349853515625,311.1400146484375,311.19000244140625,7103,0.0,0.0
2024-11-25 14:52:00-05:00,311.17999267578125,311.2049865722656,311.1099853515625,311.1099853515625,7486,0.0,0.0
2024-11-25 14:53:00-05:00,311.0899963378906,311.1199951171875,311.0400085449219,311.1000061035156,10381,0.0,0.0
2024-11-25 14:54:00-05:00,311.0799865722656,311.0799865722656,311.0400085449219,311.05999755859375,6547,0.0,0.0
2024-11-25 14:55:00-05:00,311.05999755859375,311.05999755859375,311.0,311.010009765625,9694,0.0,0.0
2024-11-25 14:56:00-05:00,311.0,311.0400085449219,310.9800109863281,311.0249938964844,6525,0.0,0.0
2024-11-25 14:57:00-05:00,311.0,311.0199890136719,310.8500061035156,311.0032958984375,17155,0.0,0.0
2024-11-25 14:58:00-05:00,311.0,311.06500244140625,310.9700012207031,311.06500244140625,8353,0.0,0.0
2024-11-25 14:59:00-05:00,311.04998779296875,311.07000732421875,311.0340881347656,311.07000732421875,129070,0.0,0.0
2024-11-25 15:00:00-05:00,311.04998779296875,311.07989501953125,310.9599914550781,310.9750061035156,15298,0.0,0.0
2024-11-25 15:01:00-05:00,310.9800109863281,311.1700134277344,310.9599914550781,311.1700134277344,12893,0.0,0.0
2024-11-25 15:02:00-05:00,311.156005859375,311.2650146484375,311.1400146484375,311.1400146484375,18272,0.0,0.0
2024-11-25 15:03:00-05:00,311.0799865722656,311.1300048828125,310.9800109863281,310.9800109863281,28587,0.0,0.0
2024-11-25 15:04:00-05:00,311.0199890136719,311.05999755859375,310.82000732421875,310.93499755859375,12554,0.0,0.0
2024-11-25 15:05:00-05:00,310.9700012207031,311.09991455078125,310.9700012207031,310.9800109863281,9056,0.0,0.0
2024-11-25 15:06:00-05:00,310.96148681640625,311.1499938964844,310.9599914550781,311.1499938964844,9565,0.0,0.0
2024-11-25 15:07:00-05:00,311.1600036621094,311.1600036621094,310.9700012207031,311.04998779296875,9345,0.0,0.0
2024-11-25 15:08:00-05:00,311.0849914550781,311.19000244140625,311.0299987792969,311.180908203125,8903,0.0,0.0
2024-11-25 15:09:00-05:00,311.19000244140625,311.2200012207031,311.1499938964844,311.17999267578125,10559,0.0,0.0
2024-11-25 15:10:00-05:00,311.2099914550781,311.3699951171875,311.17999267578125,311.364990234375,14532,0.0,0.0
2024-11-25 15:11:00-05:00,311.364990234375,311.375,311.2099914550781,311.2663879394531,17950,0.0,0.0
2024-11-25 15:12:00-05:00,311.25,311.2900085449219,311.25,311.260009765625,4464,0.0,0.0
2024-11-25 15:13:00-05:00,311.25,311.25201416015625,311.1449890136719,311.1449890136719,9696,0.0,0.0
2024-11-25 15:14:00-05:00,311.114990234375,311.1400146484375,311.0899963378906,311.1050109863281,5452,0.0,0.0
2024-11-25 15:15:00-05:00,311.07000732421875,311.1400146484375,311.07000732421875,311.0950012207031,14731,0.0,0.0
2024-11-25 15:16:00-05:00,311.1099853515625,311.2200012207031,311.05999755859375,311.0846862792969,12082,0.0,0.0
2024-11-25 15:17:00-05:00,311.0700988769531,311.19000244140625,311.0700988769531,311.17498779296875,8232,0.0,0.0
2024-11-25 15:18:00-05:00,311.17999267578125,311.3399963378906,311.17999267578125,311.3399963378906,11813,0.0,0.0
2024-11-25 15:19:00-05:00,311.3800048828125,311.54998779296875,311.3800048828125,311.4949951171875,11696,0.0,0.0
2024-11-25 15:20:00-05:00,311.4949951171875,311.5299987792969,311.4627990722656,311.5299987792969,5675,0.0,0.0
2024-11-25 15:21:00-05:00,311.489990234375,311.489990234375,311.4750061035156,311.489990234375,4655,0.0,0.0
2024-11-25 15:22:00-05:00,311.489990234375,311.5213928222656,311.3800048828125,311.3999938964844,14824,0.0,0.0
2024-11-25 15:23:00-05:00,311.364990234375,311.4100036621094,311.2900085449219,311.3536071777344,8317,0.0,0.0
2024-11-25 15:24:00-05:00,311.4100036621094,311.4549865722656,311.3299865722656,311.4549865722656,6363,0.0,0.0
2024-11-25 15:25:00-05:00,311.4100036621094,311.5199890136719,311.4100036621094,311.510009765625,8520,0.0,0.0
2024-11-25 15:26:00-05:00,311.5400085449219,311.67999267578125,311.52081298828125,311.5899963378906,7357,0.0,0.0
2024-11-25 15:27:00-05:00,311.5899963378906,311.6400146484375,311.510009765625,311.6302185058594,9935,0.0,0.0
2024-11-25 15:28:00-05:00,311.614990234375,311.69000244140625,311.614990234375,311.67999267578125,9048,0.0,0.0
2024-11-25 15:29:00-05:00,311.7099914550781,311.7200012207031,311.510009765625,311.55999755859375,16087,0.0,0.0
2024-11-25 15:30:00-05:00,311.55999755859375,311.614990234375,311.5199890136719,311.57501220703125,16315,0.0,0.0
2024-11-25 15:31:00-05:00,311.5400085449219,311.5400085449219,311.45001220703125,311.45001220703125,10713,0.0,0.0
2024-11-25 15:32:00-05:00,311.4150085449219,311.42999267578125,311.260009765625,311.29998779296875,11026,0.0,0.0
2024-11-25 15:33:00-05:00,311.2799987792969,311.42999267578125,311.2799987792969,311.3949890136719,14965,0.0,0.0
2024-11-25 15:34:00-05:00,311.3949890136719,311.44000244140625,311.3599853515625,311.3599853515625,15599,0.0,0.0
2024-11-25 15:35:00-05:00,311.3699951171875,311.4750061035156,311.36749267578125,311.43499755859375,11640,0.0,0.0
2024-11-25 15:36:00-05:00,311.42999267578125,311.6050109863281,311.42999267578125,311.5400085449219,11325,0.0,0.0
2024-11-25 15:37:00-05:00,311.510009765625,311.55999755859375,311.4800109863281,311.55999755859375,8641,0.0,0.0
2024-11-25 15:38:00-05:00,311.56500244140625,311.6650085449219,311.5,311.5,19371,0.0,0.0
2024-11-25 15:39:00-05:00,311.5,311.55999755859375,311.3949890136719,311.45001220703125,12996,0.0,0.0
2024-11-25 15:40:00-05:00,311.45001220703125,311.6449890136719,311.45001220703125,311.635009765625,12162,0.0,0.0
2024-11-25 15:41:00-05:00,311.6000061035156,311.614990234375,311.55999755859375,311.5899963378906,7487,0.0,0.0
2024-11-25 15:42:00-05:00,311.614990234375,311.7900085449219,311.5799865722656,311.7900085449219,12724,0.0,0.0
2024-11-25 15:43:00-05:00,311.7799987792969,311.80999755859375,311.6400146484375,311.67999267578125,17080,0.0,0.0
2024-11-25 15:44:00-05:00,311.66619873046875,311.75,311.6600036621094,311.7099914550781,11632,0.0,0.0
2024-11-25 15:45:00-05:00,311.7300109863281,311.7300109863281,311.55999755859375,311.5899963378906,16843,0.0,0.0
2024-11-25 15:46:00-05:00,311.606689453125,311.625,311.44000244140625,311.4849853515625,19025,0.0,0.0
2024-11-25 15:47:00-05:00,311.489990234375,311.5899963378906,311.4100036621094,311.55999755859375,12624,0.0,0.0
2024-11-25 15:48:00-05:00,311.6099853515625,311.7200012207031,311.593994140625,311.6199951171875,13779,0.0,0.0
2024-11-25 15:49:00-05:00,311.6424865722656,311.8999938964844,311.4800109863281,311.4800109863281,31295,0.0,0.0
2024-11-25 15:50:00-05:00,311.5799865722656,312.1000061035156,311.5299987792969,311.8999938964844,52952,0.0,0.0
2024-11-25 15:51:00-05:00,311.8999938964844,312.2699890136719,311.8999938964844,312.2149963378906,59164,0.0,0.0
2024-11-25 15:52:00-05:00,312.17999267578125,312.3900146484375,312.17999267578125,312.3399963378906,55712,0.0,0.0
2024-11-25 15:53:00-05:00,312.31500244140625,312.4800109863281,312.2900085449219,312.42999267578125,47108,0.0,0.0
2024-11-25 15:54:00-05:00,312.4599914550781,312.6000061035156,312.29998779296875,312.5899963378906,69483,0.0,0.0
2024-11-25 15:55:00-05:00,312.55999755859375,313.0299987792969,312.44000244140625,312.9800109863281,168666,0.0,0.0
2024-11-25 15:56:00-05:00,313.010009765625,313.04998779296875,312.760009765625,312.7875061035156,148030,0.0,0.0
2024-11-25 15:57:00-05:00,312.81500244140625,313.2699890136719,312.7699890136719,312.9949951171875,143587,0.0,0.0
2024-11-25 15:58:00-05:00,313.010009765625,313.2300109863281,312.8550109863281,313.2200012207031,166159,0.0,0.0
2024-11-25 15:59:00-05:00,313.2300109863281,313.5400085449219,312.79998779296875,312.79998779296875,567721,0.0,0.0
2024-11-25 16:00:00-05:00,312.83,313.19876,312.47,313.19,6401313,0.0,0.0
2024-11-25 16:01:00-05:00,312.99,313.19,312.629,313.19,0,0.0,0.0
2024-11-25 16:02:00-05:00,313.19,313.19,312.97,313.19,0,0.0,0.0
2024-11-25 16:03:00-05:00,307.98,313.19,307.98,313.19,0,0.0,0.0
2024-11-25 16:04:00-05:00,313.19,313.2028,312.62,313.1787,0,0.0,0.0
2024-11-25 16:05:00-05:00,312.98,312.98,312.62,312.62,0,0.0,0.0
2024-11-25 16:07:00-05:00,313.19,313.19,312.98,312.98,0,0.0,0.0
2024-11-25 16:08:00-05:00,313.19,313.19,313.19,313.19,0,0.0,0.0
2024-11-25 16:09:00-05:00,313.19,313.19,312.85,312.85,0,0.0,0.0
2024-11-25 16:10:00-05:00,313.19,313.19,313.19,313.19,0,0.0,0.0
2024-11-25 16:11:00-05:00,313.19,313.19,312.85,312.85,0,0.0,0.0
2024-11-25 16:12:00-05:00,313.19,313.19,313.19,313.19,0,0.0,0.0
2024-11-25 16:13:00-05:00,312.79,313.19,312.74,312.74,0,0.0,0.0
2024-11-25 16:14:00-05:00,312.74,312.74,312.74,312.74,0,0.0,0.0
2024-11-25 16:15:00-05:00,313.19,313.19,312.74,312.74,0,0.0,0.0
2024-11-25 16:16:00-05:00,312.62,312.74,312.62,312.74,0,0.0,0.0
2024-11-25 16:18:00-05:00,307.98,307.98,307.98,307.98,0,0.0,0.0
2024-11-25 16:20:00-05:00,312.74,313.19,312.74,313.19,0,0.0,0.0
2024-11-25 16:21:00-05:00,312.74,312.74,312.74,312.74,0,0.0,0.0
2024-11-25 16:26:00-05:00,307.98,307.98,307.98,307.98,0,0.0,0.0
2024-11-25 16:28:00-05:00,307.98,312.7,307.98,312.7,0,0.0,0.0
2024-11-25 16:32:00-05:00,307.98,307.98,307.98,307.98,0,0.0,0.0
2024-11-25 16:33:00-05:00,312.7,312.7,311.678,311.678,0,0.0,0.0
2024-11-25 16:34:00-05:00,312.0,312.0,312.0,312.0,0,0.0,0.0
2024-11-25 16:36:00-05:00,312.69,312.69,312.69,312.69,0,0.0,0.0
2024-11-25 16:39:00-05:00,312.7,312.7,312.7,312.7,0,0.0,0.0
2024-11-25 16:41:00-05:00,313.19,313.19,312.69,312.69,0,0.0,0.0
2024-11-25 16:44:00-05:00,313.19,313.19,313.19,313.19,0,0.0,0.0
2024-11-25 16:46:00-05:00,312.62,312.69,312.0,312.0,0,0.0,0.0
2024-11-25 16:47:00-05:00,312.0,312.2,312.0,312.2,0,0.0,0.0
2024-11-25 16:49:00-05:00,312.45,312.68,312.45,312.68,0,0.0,0.0
2024-11-25 16:50:00-05:00,312.68,312.68,312.68,312.68,0,0.0,0.0
2024-11-25 16:51:00-05:00,312.05,312.05,312.05,312.05,0,0.0,0.0
2024-11-25 16:53:00-05:00,312.69,312.69,312.69,312.69,0,0.0,0.0
2024-11-25 16:54:00-05:00,312.7,312.7,312.7,312.7,0,0.0,0.0
2024-11-25 16:55:00-05:00,312.5,312.51,312.5,312.51,0,0.0,0.0
2024-11-25 16:56:00-05:00,312.6872,312.6872,312.6872,312.6872,0,0.0,0.0
2024-11-25 16:59:00-05:00,312.68,312.68,312.68,312.68,0,0.0,0.0
2024-11-25 17:00:00-05:00,312.67,312.68,312.67,312.68,0,0.0,0.0
2024-11-25 17:01:00-05:00,312.23,312.23,312.19,312.19,0,0.0,0.0
2024-11-25 17:02:00-05:00,312.19,312.19,312.19,312.19,0,0.0,0.0
2024-11-25 17:05:00-05:00,312.64,312.7,312.64,312.7,0,0.0,0.0
2024-11-25 17:06:00-05:00,312.7,312.7,312.7,312.7,0,0.0,0.0
2024-11-25 17:08:00-05:00,312.7,312.7,312.7,312.7,0,0.0,0.0
2024-11-25 17:09:00-05:00,312.5,312.5,312.5,312.5,0,0.0,0.0
2024-11-25 17:11:00-05:00,312.0662,312.68,312.0662,312.68,0,0.0,0.0
2024-11-25 17:14:00-05:00,312.05,312.05,312.05,312.05,0,0.0,0.0
2024-11-25 17:18:00-05:00,312.06,312.06,312.06,312.06,0,0.0,0.0
2024-11-25 17:25:00-05:00,312.33,312.52,312.13,312.4,0,0.0,0.0
2024-11-25 17:26:00-05:00,312.4,312.4,312.39,312.4,0,0.0,0.0
2024-11-25 17:31:00-05:00,312.39,312.39,312.39,312.39,0,0.0,0.0
2024-11-25 17:32:00-05:00,312.39,312.39,312.39,312.39,0,0.0,0.0
2024-11-25 17:34:00-05:00,312.39,312.39,312.39,312.39,0,0.0,0.0
2024-11-25 17:38:00-05:00,312.4,312.4,312.39,312.39,0,0.0,0.0
2024-11-25 17:40:00-05:00,312.13,312.13,312.13,312.13,0,0.0,0.0
2024-11-25 17:41:00-05:00,312.3,312.3,312.29,312.3,0,0.0,0.0
2024-11-25 17:44:00-05:00,312.74,312.74,312.74,312.74,0,0.0,0.0
2024-11-25 17:56:00-05:00,312.7,312.72,312.7,312.71,0,0.0,0.0
2024-11-25 18:03:00-05:00,312.05,312.05,312.05,312.05,0,0.0,0.0
2024-11-25 18:09:00-05:00,312.73,312.74,312.73,312.74,0,0.0,0.0
2024-11-25 18:15:00-05:00,312.72,312.74,312.72,312.74,0,0.0,0.0
2024-11-25 18:16:00-05:00,312.7388,312.74,312.7388,312.74,0,0.0,0.0
2024-11-25 18:19:00-05:00,312.74,312.74,312.74,312.74,0,0.0,0.0
2024-11-25 18:24:00-05:00,312.74,312.74,312.74,312.74,0,0.0,0.0
2024-11-25 18:25:00-05:00,312.74,312.74,312.05,312.05,0,0.0,0.0
2024-11-25 18:28:00-05:00,312.05,312.05,312.05,312.05,0,0.0,0.0
2024-11-25 18:35:00-05:00,312.74,312.74,312.74,312.74,0,0.0,0.0
2024-11-25 18:36:00-05:00,312.74,312.74,312.74,312.74,0,0.0,0.0
2024-11-25 18:41:00-05:00,312.73,312.73,312.46,312.46,0,0.0,0.0
2024-11-25 18:42:00-05:00,312.46,312.46,312.46,312.46,0,0.0,0.0
2024-11-25 18:45:00-05:00,312.05,312.05,312.05,312.05,0,0.0,0.0
2024-11-25 18:47:00-05:00,312.69,312.7,312.69,312.7,0,0.0,0.0
2024-11-25 18:49:00-05:00,312.7,312.7,312.7,312.7,0,0.0,0.0
2024-11-25 18:50:00-05:00,312.3676,312.3676,312.3676,312.3676,0,0.0,0.0
2024-11-25 18:52:00-05:00,312.45,312.45,312.13,312.25,0,0.0,0.0
2024-11-25 18:58:00-05:00,312.26,312.26,312.26,312.26,0,0.0,0.0
2024-11-25 18:59:00-05:00,308.0,308.0,308.0,308.0,0,0.0,0.0
2024-11-25 19:00:00-05:00,308.0,308.0,308.0,308.0,0,0.0,0.0
2024-11-25 19:01:00-05:00,312.25,312.25,312.25,312.25,0,0.0,0.0
2024-11-25 19:03:00-05:00,312.48,312.63,312.48,312.63,0,0.0,0.0
2024-11-25 19:05:00-05:00,312.63,312.63,312.63,312.63,0,0.0,0.0
2024-11-25 19:08:00-05:00,312.69,312.69,312.69,312.69,0,0.0,0.0
2024-11-25 19:10:00-05:00,312.63,312.64,312.63,312.63,0,0.0,0.0
2024-11-25 19:12:00-05:00,312.63,312.63,312.63,312.63,0,0.0,0.0
2024-11-25 19:15:00-05:00,312.27,312.27,312.14,312.14,0,0.0,0.0
2024-11-25 19:16:00-05:00,312.5,312.5,312.5,312.5,0,0.0,0.0
2024-11-25 19:18:00-05:00,307.13,307.13,307.13,307.13,0,0.0,0.0
2024-11-25 19:21:00-05:00,312.14,312.47,312.14,312.47,0,0.0,0.0
2024-11-25 19:28:00-05:00,312.49,312.49,312.13,312.13,0,0.0,0.0
2024-11-25 19:31:00-05:00,312.5,312.5,312.5,312.5,0,0.0,0.0
2024-11-25 19:33:00-05:00,312.4632,312.4632,312.4632,312.4632,0,0.0,0.0
2024-11-25 19:34:00-05:00,310.0,312.15,310.0,312.15,0,0.0,0.0
2024-11-25 19:37:00-05:00,312.15,312.15,312.15,312.15,0,0.0,0.0
2024-11-25 19:38:00-05:00,312.15,312.15,307.13,307.13,0,0.0,0.0
2024-11-25 19:40:00-05:00,312.47,312.47,312.47,312.47,0,0.0,0.0
2024-11-25 19:42:00-05:00,307.1312,307.1312,307.1312,307.1312,0,0.0,0.0
2024-11-25 19:46:00-05:00,312.15,312.15,312.15,312.15,0,0.0,0.0
2024-11-25 19:51:00-05:00,312.46,312.46,312.46,312.46,0,0.0,0.0
2024-11-25 19:54:00-05:00,312.15,312.15,312.11,312.11,0,0.0,0.0
2024-11-25 19:56:00-05:00,307.13,307.13,307.13,307.13,0,0.0,0.0
2024-11-25 19:57:00-05:00,312.49,312.49,312.49,312.49,0,0.0,0.0
