time,Open,High,Low,Close,Volume,Dividends,Stock Splits
2024-12-16 04:00:00-05:00,314.5,315.63,314.5,315.63,0,0.0,0.0
2024-12-16 04:01:00-05:00,314.92,315.01,314.38,315.01,0,0.0,0.0
2024-12-16 04:02:00-05:00,315.01,315.01,314.73,314.73,0,0.0,0.0
2024-12-16 04:05:00-05:00,315.39,315.39,315.39,315.39,0,0.0,0.0
2024-12-16 04:07:00-05:00,315.6,315.68,314.8,314.8,0,0.0,0.0
2024-12-16 04:08:00-05:00,314.69,314.69,314.18,314.19,0,0.0,0.0
2024-12-16 04:09:00-05:00,313.45,314.2,313.23,314.2,0,0.0,0.0
2024-12-16 04:17:00-05:00,314.32,314.32,314.32,314.32,0,0.0,0.0
2024-12-16 04:18:00-05:00,314.32,314.32,314.32,314.32,0,0.0,0.0
2024-12-16 04:23:00-05:00,314.01,314.01,314.01,314.01,0,0.0,0.0
2024-12-16 04:26:00-05:00,314.21,314.21,314.21,314.21,0,0.0,0.0
2024-12-16 04:30:00-05:00,314.21,314.21,314.0,314.0,0,0.0,0.0
2024-12-16 04:33:00-05:00,314.0,314.0,314.0,314.0,0,0.0,0.0
2024-12-16 04:40:00-05:00,314.21,314.21,314.21,314.21,0,0.0,0.0
2024-12-16 04:42:00-05:00,314.0,314.0,314.0,314.0,0,0.0,0.0
2024-12-16 04:49:00-05:00,314.0,314.0,314.0,314.0,0,0.0,0.0
2024-12-16 04:51:00-05:00,314.0,314.0,314.0,314.0,0,0.0,0.0
2024-12-16 04:52:00-05:00,314.21,314.21,314.21,314.21,0,0.0,0.0
2024-12-16 04:56:00-05:00,314.61,314.61,314.61,314.61,0,0.0,0.0
2024-12-16 05:02:00-05:00,314.63,314.63,314.63,314.63,0,0.0,0.0
2024-12-16 05:06:00-05:00,314.31,314.31,314.31,314.31,0,0.0,0.0
2024-12-16 05:08:00-05:00,314.31,314.31,314.21,314.21,0,0.0,0.0
2024-12-16 05:12:00-05:00,314.61,314.61,314.07,314.07,0,0.0,0.0
2024-12-16 05:17:00-05:00,314.19,314.19,314.19,314.19,0,0.0,0.0
2024-12-16 05:30:00-05:00,314.19,314.19,314.19,314.19,0,0.0,0.0
2024-12-16 05:33:00-05:00,314.73,314.73,314.73,314.73,0,0.0,0.0
2024-12-16 05:34:00-05:00,314.36,314.36,314.36,314.36,0,0.0,0.0
2024-12-16 05:36:00-05:00,314.42,314.42,314.42,314.42,0,0.0,0.0
2024-12-16 05:49:00-05:00,314.42,314.42,314.42,314.42,0,0.0,0.0
2024-12-16 05:53:00-05:00,314.43,314.43,314.43,314.43,0,0.0,0.0
2024-12-16 06:00:00-05:00,314.72,314.73,314.44,314.44,0,0.0,0.0
2024-12-16 06:04:00-05:00,314.44,314.44,314.44,314.44,0,0.0,0.0
2024-12-16 06:13:00-05:00,314.44,314.72,314.44,314.72,0,0.0,0.0
2024-12-16 06:19:00-05:00,314.72,314.72,314.72,314.72,0,0.0,0.0
2024-12-16 06:21:00-05:00,314.68,314.68,314.68,314.68,0,0.0,0.0
2024-12-16 06:23:00-05:00,314.52,314.52,314.52,314.52,0,0.0,0.0
2024-12-16 06:25:00-05:00,314.66,314.7,314.66,314.7,0,0.0,0.0
2024-12-16 06:32:00-05:00,314.54,314.54,314.54,314.54,0,0.0,0.0
2024-12-16 06:34:00-05:00,314.54,314.54,314.54,314.54,0,0.0,0.0
2024-12-16 06:36:00-05:00,314.52,314.54,314.52,314.54,0,0.0,0.0
2024-12-16 06:49:00-05:00,314.54,314.54,314.54,314.54,0,0.0,0.0
2024-12-16 06:52:00-05:00,314.51,314.51,314.51,314.51,0,0.0,0.0
2024-12-16 06:56:00-05:00,314.52,314.52,314.52,314.52,0,0.0,0.0
2024-12-16 06:58:00-05:00,314.5,314.53,314.41,314.41,0,0.0,0.0
2024-12-16 07:00:00-05:00,314.72,314.73,314.4,314.67,0,0.0,0.0
2024-12-16 07:01:00-05:00,314.67,314.68,314.67,314.68,0,0.0,0.0
2024-12-16 07:03:00-05:00,314.7,314.74,314.7,314.74,0,0.0,0.0
2024-12-16 07:04:00-05:00,314.74,314.74,314.74,314.74,0,0.0,0.0
2024-12-16 07:12:00-05:00,314.45,314.45,314.45,314.45,0,0.0,0.0
2024-12-16 07:13:00-05:00,314.7,314.7,314.7,314.7,0,0.0,0.0
2024-12-16 07:18:00-05:00,314.48,314.48,314.48,314.48,0,0.0,0.0
2024-12-16 07:19:00-05:00,314.48,314.48,314.48,314.48,0,0.0,0.0
2024-12-16 07:23:00-05:00,314.73,314.73,314.73,314.73,0,0.0,0.0
2024-12-16 07:25:00-05:00,314.73,314.73,314.73,314.73,0,0.0,0.0
2024-12-16 07:27:00-05:00,314.73,314.74,314.73,314.74,0,0.0,0.0
2024-12-16 07:30:00-05:00,314.74,314.74,314.74,314.74,0,0.0,0.0
2024-12-16 07:34:00-05:00,314.74,314.74,314.74,314.74,0,0.0,0.0
2024-12-16 07:35:00-05:00,314.73,314.73,314.73,314.73,0,0.0,0.0
2024-12-16 07:36:00-05:00,314.54,314.54,314.54,314.54,0,0.0,0.0
2024-12-16 07:48:00-05:00,314.74,314.74,314.74,314.74,0,0.0,0.0
2024-12-16 07:49:00-05:00,314.74,314.74,314.74,314.74,0,0.0,0.0
2024-12-16 07:53:00-05:00,314.74,314.74,314.74,314.74,0,0.0,0.0
2024-12-16 08:00:00-05:00,314.73,316.74,313.1712,314.6923,0,0.0,0.0
2024-12-16 08:01:00-05:00,316.8,316.8,316.8,316.8,0,0.0,0.0
2024-12-16 08:02:00-05:00,316.74,316.74,316.74,316.74,0,0.0,0.0
2024-12-16 08:05:00-05:00,314.74,314.74,314.74,314.74,0,0.0,0.0
2024-12-16 08:09:00-05:00,314.74,314.74,314.611,314.611,0,0.0,0.0
2024-12-16 08:13:00-05:00,314.6744,314.6744,314.6744,314.6744,0,0.0,0.0
2024-12-16 08:14:00-05:00,314.74,314.75,314.74,314.75,0,0.0,0.0
2024-12-16 08:15:00-05:00,314.9,315.0,314.9,315.0,0,0.0,0.0
2024-12-16 08:16:00-05:00,315.0,315.01,314.95,315.01,0,0.0,0.0
2024-12-16 08:17:00-05:00,314.65,314.65,314.65,314.65,0,0.0,0.0
2024-12-16 08:19:00-05:00,314.7475,315.01,314.7475,315.01,0,0.0,0.0
2024-12-16 08:21:00-05:00,315.04,315.04,315.04,315.04,0,0.0,0.0
2024-12-16 08:22:00-05:00,315.03,315.19,315.03,315.19,0,0.0,0.0
2024-12-16 08:24:00-05:00,315.04,315.04,315.01,315.01,0,0.0,0.0
2024-12-16 08:25:00-05:00,316.6,316.6,316.6,316.6,0,0.0,0.0
2024-12-16 08:26:00-05:00,315.03,315.03,315.03,315.03,0,0.0,0.0
2024-12-16 08:27:00-05:00,315.01,315.01,315.01,315.01,0,0.0,0.0
2024-12-16 08:28:00-05:00,315.22,315.22,315.22,315.22,0,0.0,0.0
2024-12-16 08:34:00-05:00,314.97,315.22,314.97,315.22,0,0.0,0.0
2024-12-16 08:35:00-05:00,315.015,315.015,315.015,315.015,0,0.0,0.0
2024-12-16 08:36:00-05:00,315.17,315.17,315.17,315.17,0,0.0,0.0
2024-12-16 08:37:00-05:00,314.97,314.97,314.97,314.97,0,0.0,0.0
2024-12-16 08:38:00-05:00,314.97,314.97,314.97,314.97,0,0.0,0.0
2024-12-16 08:39:00-05:00,315.22,315.22,315.22,315.22,0,0.0,0.0
2024-12-16 08:40:00-05:00,315.0,315.0,315.0,315.0,0,0.0,0.0
2024-12-16 08:41:00-05:00,315.13,315.26,315.13,315.26,0,0.0,0.0
2024-12-16 08:42:00-05:00,315.13,315.13,315.13,315.13,0,0.0,0.0
2024-12-16 08:43:00-05:00,315.24,315.3,315.17,315.19,0,0.0,0.0
2024-12-16 08:47:00-05:00,316.5577,316.5577,315.19,315.2,0,0.0,0.0
2024-12-16 08:48:00-05:00,315.14,315.15,315.13,315.13,0,0.0,0.0
2024-12-16 08:49:00-05:00,315.14,315.22,315.14,315.22,0,0.0,0.0
2024-12-16 08:50:00-05:00,315.14,315.15,315.13,315.14,0,0.0,0.0
2024-12-16 08:52:00-05:00,315.3,315.3,315.3,315.3,0,0.0,0.0
2024-12-16 08:53:00-05:00,315.14,315.14,315.14,315.14,0,0.0,0.0
2024-12-16 08:54:00-05:00,314.91,315.02,314.91,315.02,0,0.0,0.0
2024-12-16 08:55:00-05:00,315.01,315.01,315.01,315.01,0,0.0,0.0
2024-12-16 08:59:00-05:00,315.01,315.3,314.91,315.3,0,0.0,0.0
2024-12-16 09:02:00-05:00,315.27,315.27,315.27,315.27,0,0.0,0.0
2024-12-16 09:04:00-05:00,315.28,315.36,315.13,315.13,0,0.0,0.0
2024-12-16 09:06:00-05:00,315.13,315.13,315.05,315.05,0,0.0,0.0
2024-12-16 09:07:00-05:00,315.12,315.13,315.11,315.11,0,0.0,0.0
2024-12-16 09:08:00-05:00,314.74,314.74,314.74,314.74,0,0.0,0.0
2024-12-16 09:09:00-05:00,315.12,315.12,315.12,315.12,0,0.0,0.0
2024-12-16 09:10:00-05:00,315.12,315.12,315.11,315.12,0,0.0,0.0
2024-12-16 09:11:00-05:00,316.6,316.6,316.6,316.6,0,0.0,0.0
2024-12-16 09:13:00-05:00,315.6,315.6,315.6,315.6,0,0.0,0.0
2024-12-16 09:14:00-05:00,315.29,315.29,314.38,314.38,0,0.0,0.0
2024-12-16 09:30:00-05:00,314.739990234375,315.0,314.1000061035156,314.5,162135,0.0,0.0
2024-12-16 09:31:00-05:00,314.5,315.20001220703125,314.5,314.8550109863281,14201,0.0,0.0
2024-12-16 09:32:00-05:00,314.8550109863281,315.17498779296875,314.6099853515625,314.6099853515625,11690,0.0,0.0
2024-12-16 09:33:00-05:00,314.94500732421875,315.5,314.9049987792969,315.4024963378906,8597,0.0,0.0
2024-12-16 09:34:00-05:00,315.4750061035156,315.55499267578125,314.9700012207031,315.05999755859375,17777,0.0,0.0
2024-12-16 09:35:00-05:00,315.19500732421875,315.54998779296875,315.1000061035156,315.54998779296875,8739,0.0,0.0
2024-12-16 09:36:00-05:00,315.5,315.8299865722656,315.25,315.7699890136719,12018,0.0,0.0
2024-12-16 09:37:00-05:00,315.7699890136719,315.94000244140625,315.6000061035156,315.8399963378906,3749,0.0,0.0
2024-12-16 09:38:00-05:00,315.8399963378906,315.94000244140625,315.55499267578125,315.67999267578125,22244,0.0,0.0
2024-12-16 09:39:00-05:00,315.5299987792969,315.9700012207031,315.489990234375,315.9700012207031,8236,0.0,0.0
2024-12-16 09:40:00-05:00,315.9800109863281,316.3399963378906,315.9800109863281,316.19500732421875,14778,0.0,0.0
2024-12-16 09:41:00-05:00,316.20001220703125,316.2300109863281,315.6199951171875,315.8800048828125,14758,0.0,0.0
2024-12-16 09:42:00-05:00,315.885009765625,316.18499755859375,315.7200012207031,316.1499938964844,7167,0.0,0.0
2024-12-16 09:43:00-05:00,316.1499938964844,316.2300109863281,316.0899963378906,316.0899963378906,8828,0.0,0.0
2024-12-16 09:44:00-05:00,316.1199951171875,316.2049865722656,316.0299987792969,316.1400146484375,6640,0.0,0.0
2024-12-16 09:45:00-05:00,316.1400146484375,316.25,316.010009765625,316.1300048828125,9436,0.0,0.0
2024-12-16 09:46:00-05:00,316.07000732421875,316.0799865722656,315.931884765625,315.931884765625,4754,0.0,0.0
2024-12-16 09:47:00-05:00,315.8599853515625,316.0400085449219,315.7699890136719,315.82501220703125,9256,0.0,0.0
2024-12-16 09:48:00-05:00,315.82501220703125,315.8900146484375,315.6600036621094,315.6700134277344,17854,0.0,0.0
2024-12-16 09:49:00-05:00,315.7699890136719,315.8699951171875,315.6000061035156,315.82501220703125,7946,0.0,0.0
2024-12-16 09:50:00-05:00,315.81500244140625,316.4800109863281,315.7300109863281,316.3299865722656,12730,0.0,0.0
2024-12-16 09:51:00-05:00,316.239990234375,316.45001220703125,316.2200012207031,316.3399963378906,8139,0.0,0.0
2024-12-16 09:52:00-05:00,316.32000732421875,316.32501220703125,316.010009765625,316.010009765625,13695,0.0,0.0
2024-12-16 09:53:00-05:00,316.1199951171875,316.20001220703125,315.95001220703125,316.197509765625,8143,0.0,0.0
2024-12-16 09:54:00-05:00,316.17498779296875,316.29998779296875,316.1300048828125,316.18499755859375,7369,0.0,0.0
2024-12-16 09:55:00-05:00,316.25,316.3900146484375,316.1300048828125,316.2300109863281,16964,0.0,0.0
2024-12-16 09:56:00-05:00,316.2699890136719,316.2799987792969,316.1700134277344,316.239990234375,6973,0.0,0.0
2024-12-16 09:57:00-05:00,316.2699890136719,316.489990234375,316.2250061035156,316.489990234375,15930,0.0,0.0
2024-12-16 09:58:00-05:00,316.2799987792969,316.510009765625,316.2699890136719,316.4849853515625,12628,0.0,0.0
2024-12-16 09:59:00-05:00,316.55999755859375,316.6400146484375,316.1300048828125,316.2900085449219,17074,0.0,0.0
2024-12-16 10:00:00-05:00,316.3299865722656,316.5,316.2300109863281,316.375,20224,0.0,0.0
2024-12-16 10:01:00-05:00,316.239990234375,316.44049072265625,316.2099914550781,316.44049072265625,6470,0.0,0.0
2024-12-16 10:02:00-05:00,316.3500061035156,316.3900146484375,316.20001220703125,316.260009765625,9266,0.0,0.0
2024-12-16 10:03:00-05:00,316.2799987792969,316.2900085449219,316.1300048828125,316.239990234375,8189,0.0,0.0
2024-12-16 10:04:00-05:00,316.239990234375,316.239990234375,316.0299987792969,316.1400146484375,8013,0.0,0.0
2024-12-16 10:05:00-05:00,316.1499938964844,316.1499938964844,316.0400085449219,316.1400146484375,11032,0.0,0.0
2024-12-16 10:06:00-05:00,316.05999755859375,316.3299865722656,316.05999755859375,316.3299865722656,7232,0.0,0.0
2024-12-16 10:07:00-05:00,316.260009765625,316.32000732421875,316.010009765625,316.1549987792969,21995,0.0,0.0
2024-12-16 10:08:00-05:00,316.239990234375,316.239990234375,315.8771057128906,315.9403991699219,10391,0.0,0.0
2024-12-16 10:09:00-05:00,315.9656982421875,316.0599060058594,315.8500061035156,315.8844909667969,8563,0.0,0.0
2024-12-16 10:10:00-05:00,315.8500061035156,316.1700134277344,315.8299865722656,316.0950012207031,7998,0.0,0.0
2024-12-16 10:11:00-05:00,316.0950012207031,316.1000061035156,315.9599914550781,316.06500244140625,29803,0.0,0.0
2024-12-16 10:12:00-05:00,316.04998779296875,316.1000061035156,316.010009765625,316.0199890136719,6369,0.0,0.0
2024-12-16 10:13:00-05:00,316.0199890136719,316.29998779296875,316.0199890136719,316.29998779296875,13936,0.0,0.0
2024-12-16 10:14:00-05:00,316.239990234375,316.3299865722656,316.1969909667969,316.32000732421875,5568,0.0,0.0
2024-12-16 10:15:00-05:00,316.19000244140625,316.510009765625,316.19000244140625,316.3699951171875,13869,0.0,0.0
2024-12-16 10:16:00-05:00,316.3699951171875,316.4599914550781,316.3219909667969,316.385009765625,3257,0.0,0.0
2024-12-16 10:17:00-05:00,316.3500061035156,316.4599914550781,316.239990234375,316.2749938964844,10912,0.0,0.0
2024-12-16 10:18:00-05:00,316.239990234375,316.2799987792969,316.19000244140625,316.239990234375,7109,0.0,0.0
2024-12-16 10:19:00-05:00,316.19000244140625,316.2900085449219,316.1050109863281,316.2200012207031,15274,0.0,0.0
2024-12-16 10:20:00-05:00,316.25,316.3699951171875,316.07000732421875,316.1448059082031,46856,0.0,0.0
2024-12-16 10:21:00-05:00,316.135009765625,316.135009765625,315.989990234375,316.0150146484375,23475,0.0,0.0
2024-12-16 10:22:00-05:00,316.07000732421875,316.1499938964844,315.9599914550781,316.06500244140625,16099,0.0,0.0
2024-12-16 10:23:00-05:00,316.06500244140625,316.1499938964844,316.0379943847656,316.06500244140625,7100,0.0,0.0
2024-12-16 10:24:00-05:00,316.0299987792969,316.4200134277344,316.0242004394531,316.4100036621094,10545,0.0,0.0
2024-12-16 10:25:00-05:00,316.3800048828125,316.4200134277344,316.1600036621094,316.2900085449219,10030,0.0,0.0
2024-12-16 10:26:00-05:00,316.2900085449219,316.32000732421875,316.2200012207031,316.32000732421875,9335,0.0,0.0
2024-12-16 10:27:00-05:00,316.3800048828125,316.510009765625,316.3800048828125,316.4599914550781,12264,0.0,0.0
2024-12-16 10:28:00-05:00,316.4549865722656,316.5299987792969,316.42999267578125,316.489990234375,9661,0.0,0.0
2024-12-16 10:29:00-05:00,316.3999938964844,316.5400085449219,316.3399963378906,316.3999938964844,9717,0.0,0.0
2024-12-16 10:30:00-05:00,316.44500732421875,316.75,316.3879089355469,316.6449890136719,11752,0.0,0.0
2024-12-16 10:31:00-05:00,316.67999267578125,316.760009765625,316.6499938964844,316.7149963378906,7428,0.0,0.0
2024-12-16 10:32:00-05:00,316.6700134277344,316.7149963378906,316.5799865722656,316.67401123046875,8667,0.0,0.0
2024-12-16 10:33:00-05:00,316.6199951171875,316.7799072265625,316.6199951171875,316.7698974609375,9215,0.0,0.0
2024-12-16 10:34:00-05:00,316.7149963378906,316.8475036621094,316.7149963378906,316.7846984863281,14455,0.0,0.0
2024-12-16 10:35:00-05:00,316.7950134277344,317.1400146484375,316.7950134277344,317.06500244140625,14617,0.0,0.0
2024-12-16 10:36:00-05:00,317.0,317.1199951171875,317.0,317.1199951171875,12250,0.0,0.0
2024-12-16 10:37:00-05:00,317.1199951171875,317.239990234375,317.0199890136719,317.0199890136719,33958,0.0,0.0
2024-12-16 10:38:00-05:00,317.05999755859375,317.1600036621094,317.0,317.1050109863281,10892,0.0,0.0
2024-12-16 10:39:00-05:00,317.07000732421875,317.1099853515625,316.9849853515625,317.010009765625,11377,0.0,0.0
2024-12-16 10:40:00-05:00,316.9200134277344,317.0899963378906,316.80999755859375,317.0899963378906,8180,0.0,0.0
2024-12-16 10:41:00-05:00,317.0050048828125,317.0899963378906,316.9473876953125,316.9599914550781,8414,0.0,0.0
2024-12-16 10:42:00-05:00,316.9599914550781,316.9800109863281,316.8800048828125,316.9200134277344,10217,0.0,0.0
2024-12-16 10:43:00-05:00,316.9200134277344,317.05999755859375,316.8782958984375,317.0,10110,0.0,0.0
2024-12-16 10:44:00-05:00,316.989990234375,317.0799865722656,316.7799987792969,316.8255920410156,9743,0.0,0.0
2024-12-16 10:45:00-05:00,316.8800048828125,316.885009765625,316.7699890136719,316.8456115722656,5551,0.0,0.0
2024-12-16 10:46:00-05:00,316.8299865722656,316.87060546875,316.760009765625,316.80499267578125,8241,0.0,0.0
2024-12-16 10:47:00-05:00,316.79998779296875,316.8299865722656,316.4800109863281,316.54998779296875,11448,0.0,0.0
2024-12-16 10:48:00-05:00,316.4599914550781,316.760009765625,316.4599914550781,316.6600036621094,12612,0.0,0.0
2024-12-16 10:49:00-05:00,316.6400146484375,316.9700012207031,316.6400146484375,316.9049987792969,12857,0.0,0.0
2024-12-16 10:50:00-05:00,316.8699951171875,317.0588073730469,316.8699951171875,317.0150146484375,10231,0.0,0.0
2024-12-16 10:51:00-05:00,317.0350036621094,317.1300048828125,316.9700012207031,317.04998779296875,15772,0.0,0.0
2024-12-16 10:52:00-05:00,317.0899963378906,317.1199951171875,316.9599914550781,316.9599914550781,5597,0.0,0.0
2024-12-16 10:53:00-05:00,316.9599914550781,317.08050537109375,316.80999755859375,316.8900146484375,10571,0.0,0.0
2024-12-16 10:54:00-05:00,316.8275146484375,317.07501220703125,316.8275146484375,317.0299987792969,8401,0.0,0.0
2024-12-16 10:55:00-05:00,316.9855041503906,317.04998779296875,316.9599914550781,316.9700012207031,6914,0.0,0.0
2024-12-16 10:56:00-05:00,317.0400085449219,317.055908203125,316.9700012207031,316.9700012207031,5427,0.0,0.0
2024-12-16 10:57:00-05:00,317.0249938964844,317.1099853515625,316.9800109863281,317.0350036621094,5276,0.0,0.0
2024-12-16 10:58:00-05:00,317.0,317.0350036621094,316.95001220703125,316.9700012207031,7674,0.0,0.0
2024-12-16 10:59:00-05:00,316.95001220703125,316.9700012207031,316.614990234375,316.6400146484375,23330,0.0,0.0
2024-12-16 11:00:00-05:00,316.760009765625,316.8900146484375,316.7049865722656,316.7850036621094,10040,0.0,0.0
2024-12-16 11:01:00-05:00,316.7850036621094,316.8500061035156,316.67999267578125,316.8399963378906,7975,0.0,0.0
2024-12-16 11:02:00-05:00,316.7650146484375,316.8699951171875,316.6400146484375,316.6400146484375,9887,0.0,0.0
2024-12-16 11:03:00-05:00,316.7049865722656,316.7049865722656,316.5,316.5799865722656,8587,0.0,0.0
2024-12-16 11:04:00-05:00,316.54998779296875,316.5950012207031,316.54998779296875,316.5950012207031,772,0.0,0.0
2024-12-16 11:06:00-05:00,316.20330810546875,316.30999755859375,316.17999267578125,316.239990234375,30371,0.0,0.0
2024-12-16 11:07:00-05:00,316.25,316.3800048828125,316.20001220703125,316.3550109863281,6346,0.0,0.0
2024-12-16 11:08:00-05:00,316.3550109863281,316.3550109863281,316.260009765625,316.29998779296875,6866,0.0,0.0
2024-12-16 11:09:00-05:00,316.29998779296875,316.3900146484375,316.25,316.3900146484375,9251,0.0,0.0
2024-12-16 11:10:00-05:00,316.3550109863281,316.4200134277344,316.29998779296875,316.3949890136719,9383,0.0,0.0
2024-12-16 11:11:00-05:00,316.3599853515625,316.4100036621094,316.2900085449219,316.3599853515625,7192,0.0,0.0
2024-12-16 11:12:00-05:00,316.42999267578125,316.5,316.4100036621094,316.4100036621094,12664,0.0,0.0
2024-12-16 11:13:00-05:00,316.4599914550781,316.54998779296875,316.4599914550781,316.5299987792969,5372,0.0,0.0
2024-12-16 11:14:00-05:00,316.5400085449219,316.5899963378906,316.5,316.5400085449219,3796,0.0,0.0
2024-12-16 11:15:00-05:00,316.5621032714844,316.6000061035156,316.3500061035156,316.385009765625,10644,0.0,0.0
2024-12-16 11:16:00-05:00,316.3599853515625,316.3699951171875,316.17999267578125,316.17999267578125,21871,0.0,0.0
2024-12-16 11:17:00-05:00,316.20001220703125,316.25,316.17999267578125,316.17999267578125,3906,0.0,0.0
2024-12-16 11:18:00-05:00,316.17999267578125,316.2699890136719,316.1700134277344,316.20001220703125,4046,0.0,0.0
2024-12-16 11:19:00-05:00,316.1700134277344,316.2200012207031,316.05999755859375,316.20001220703125,10102,0.0,0.0
2024-12-16 11:20:00-05:00,316.2300109863281,316.44000244140625,316.2099914550781,316.3500061035156,2915,0.0,0.0
2024-12-16 11:21:00-05:00,316.3299865722656,316.3999938964844,316.29998779296875,316.3999938964844,7261,0.0,0.0
2024-12-16 11:22:00-05:00,316.3349914550781,316.4200134277344,316.32000732421875,316.3500061035156,5274,0.0,0.0
2024-12-16 11:23:00-05:00,316.3500061035156,316.4198913574219,316.2200012207031,316.25,7855,0.0,0.0
2024-12-16 11:24:00-05:00,316.29998779296875,316.6000061035156,316.260009765625,316.6000061035156,9721,0.0,0.0
2024-12-16 11:25:00-05:00,316.6099853515625,316.6499938964844,316.5400085449219,316.614990234375,4022,0.0,0.0
2024-12-16 11:26:00-05:00,316.57501220703125,316.67999267578125,316.55938720703125,316.55938720703125,8458,0.0,0.0
2024-12-16 11:27:00-05:00,316.57000732421875,316.61468505859375,316.4700012207031,316.5400085449219,9872,0.0,0.0
2024-12-16 11:28:00-05:00,316.4800109863281,316.5400085449219,316.4800109863281,316.5400085449219,3855,0.0,0.0
2024-12-16 11:29:00-05:00,316.5400085449219,316.70001220703125,316.5400085449219,316.70001220703125,5464,0.0,0.0
2024-12-16 11:30:00-05:00,316.6499938964844,316.67999267578125,316.5400085449219,316.6535949707031,10588,0.0,0.0
2024-12-16 11:31:00-05:00,316.6799011230469,316.6799011230469,316.510009765625,316.6000061035156,6312,0.0,0.0
2024-12-16 11:32:00-05:00,316.6400146484375,316.9200134277344,316.5950012207031,316.8299865722656,7381,0.0,0.0
2024-12-16 11:33:00-05:00,316.8299865722656,316.8799133300781,316.7300109863281,316.7449951171875,10842,0.0,0.0
2024-12-16 11:34:00-05:00,316.7300109863281,316.8800048828125,316.7099914550781,316.8800048828125,6341,0.0,0.0
2024-12-16 11:35:00-05:00,316.80999755859375,316.989990234375,316.739990234375,316.989990234375,5413,0.0,0.0
2024-12-16 11:36:00-05:00,316.9100036621094,317.0,316.9100036621094,316.9800109863281,5843,0.0,0.0
2024-12-16 11:37:00-05:00,317.0400085449219,317.1300048828125,316.9800109863281,317.1099853515625,2981,0.0,0.0
2024-12-16 11:38:00-05:00,317.1000061035156,317.17999267578125,317.04998779296875,317.07000732421875,10963,0.0,0.0
2024-12-16 11:39:00-05:00,317.1300048828125,317.2699890136719,317.0799865722656,317.18499755859375,18016,0.0,0.0
2024-12-16 11:40:00-05:00,317.1600036621094,317.17498779296875,316.92498779296875,316.92498779296875,11193,0.0,0.0
2024-12-16 11:41:00-05:00,316.92498779296875,316.9800109863281,316.8399963378906,316.92999267578125,6701,0.0,0.0
2024-12-16 11:42:00-05:00,316.92999267578125,317.20001220703125,316.92999267578125,317.20001220703125,4558,0.0,0.0
2024-12-16 11:43:00-05:00,317.1600036621094,317.20001220703125,317.1199951171875,317.17999267578125,6682,0.0,0.0
2024-12-16 11:44:00-05:00,317.1600036621094,317.1600036621094,317.04998779296875,317.04998779296875,7920,0.0,0.0
2024-12-16 11:45:00-05:00,317.0950012207031,317.1400146484375,317.07000732421875,317.0950012207031,2564,0.0,0.0
2024-12-16 11:46:00-05:00,317.0899963378906,317.1099853515625,316.8800048828125,316.8800048828125,10252,0.0,0.0
2024-12-16 11:47:00-05:00,316.8800048828125,316.8800048828125,316.7200012207031,316.7200012207031,7185,0.0,0.0
2024-12-16 11:48:00-05:00,316.7699890136719,316.82000732421875,316.70001220703125,316.7650146484375,4267,0.0,0.0
2024-12-16 11:49:00-05:00,316.7699890136719,316.92999267578125,316.7699890136719,316.8999938964844,6958,0.0,0.0
2024-12-16 11:50:00-05:00,316.8699951171875,316.8699951171875,316.5799865722656,316.6810607910156,58295,0.0,0.0
2024-12-16 11:51:00-05:00,316.739990234375,316.7699890136719,316.6499938964844,316.7149963378906,6192,0.0,0.0
2024-12-16 11:52:00-05:00,316.6499938964844,316.67999267578125,316.6000061035156,316.67999267578125,5909,0.0,0.0
2024-12-16 11:53:00-05:00,316.67999267578125,316.7799987792969,316.6300048828125,316.6836853027344,10983,0.0,0.0
2024-12-16 11:54:00-05:00,316.69500732421875,316.7799987792969,316.69500732421875,316.739990234375,1663,0.0,0.0
2024-12-16 11:55:00-05:00,316.7349853515625,316.93499755859375,316.7349853515625,316.9200134277344,11263,0.0,0.0
2024-12-16 11:56:00-05:00,316.875,317.0799865722656,316.7900085449219,317.06500244140625,6750,0.0,0.0
2024-12-16 11:57:00-05:00,317.0,317.0,316.9200134277344,316.9800109863281,9526,0.0,0.0
2024-12-16 11:58:00-05:00,316.9800109863281,317.0,316.8399963378906,316.8399963378906,9745,0.0,0.0
2024-12-16 11:59:00-05:00,316.8450012207031,316.9100036621094,316.760009765625,316.9100036621094,1520,0.0,0.0
2024-12-16 12:00:00-05:00,316.8349914550781,317.20001220703125,316.8349914550781,317.1499938964844,8592,0.0,0.0
2024-12-16 12:01:00-05:00,317.1099853515625,317.1295166015625,316.989990234375,317.0400085449219,6332,0.0,0.0
2024-12-16 12:02:00-05:00,317.0,317.0400085449219,316.8500061035156,316.92999267578125,5387,0.0,0.0
2024-12-16 12:03:00-05:00,316.8500061035156,316.8599853515625,316.75,316.7550048828125,2710,0.0,0.0
2024-12-16 12:04:00-05:00,316.7550048828125,316.8800048828125,316.69000244140625,316.8800048828125,3697,0.0,0.0
2024-12-16 12:05:00-05:00,316.8299865722656,316.8999938964844,316.7900085449219,316.8800048828125,5194,0.0,0.0
2024-12-16 12:06:00-05:00,316.8999938964844,317.1499938964844,316.8999938964844,317.125,11339,0.0,0.0
2024-12-16 12:07:00-05:00,317.04998779296875,317.1400146484375,317.0400085449219,317.1400146484375,5422,0.0,0.0
2024-12-16 12:08:00-05:00,317.1600036621094,317.260009765625,317.1170349121094,317.2049865722656,4069,0.0,0.0
2024-12-16 12:09:00-05:00,317.2300109863281,317.2699890136719,317.1400146484375,317.20001220703125,5764,0.0,0.0
2024-12-16 12:10:00-05:00,317.2699890136719,317.4100036621094,317.17999267578125,317.4100036621094,6714,0.0,0.0
2024-12-16 12:11:00-05:00,317.3900146484375,317.4200134277344,317.32000732421875,317.3450012207031,9279,0.0,0.0
2024-12-16 12:12:00-05:00,317.3450012207031,317.3800048828125,317.2049865722656,317.3800048828125,7849,0.0,0.0
2024-12-16 12:13:00-05:00,317.31500244140625,317.3299865722656,317.2799987792969,317.29998779296875,1789,0.0,0.0
2024-12-16 12:14:00-05:00,317.30999755859375,317.44000244140625,317.2699890136719,317.3699951171875,5972,0.0,0.0
2024-12-16 12:15:00-05:00,317.44000244140625,317.5199890136719,317.3309020996094,317.5,13163,0.0,0.0
2024-12-16 12:16:00-05:00,317.43939208984375,317.510009765625,317.3900146484375,317.45001220703125,3306,0.0,0.0
2024-12-16 12:17:00-05:00,317.3800048828125,317.510009765625,317.2900085449219,317.4599914550781,9836,0.0,0.0
2024-12-16 12:18:00-05:00,317.4599914550781,317.4599914550781,317.3299865722656,317.3299865722656,4156,0.0,0.0
2024-12-16 12:19:00-05:00,317.35009765625,317.44378662109375,317.32000732421875,317.3599853515625,6560,0.0,0.0
2024-12-16 12:20:00-05:00,317.4100036621094,317.43499755859375,317.3299865722656,317.43499755859375,2586,0.0,0.0
2024-12-16 12:21:00-05:00,317.3699951171875,317.510009765625,317.3399963378906,317.510009765625,3369,0.0,0.0
2024-12-16 12:22:00-05:00,317.44500732421875,317.510009765625,317.4049987792969,317.44000244140625,6517,0.0,0.0
2024-12-16 12:23:00-05:00,317.4599914550781,317.4800109863281,317.2799987792969,317.32000732421875,5952,0.0,0.0
2024-12-16 12:24:00-05:00,317.32000732421875,317.32000732421875,317.17999267578125,317.20001220703125,16239,0.0,0.0
2024-12-16 12:25:00-05:00,317.2900085449219,317.4200134277344,317.2900085449219,317.4200134277344,4245,0.0,0.0
2024-12-16 12:26:00-05:00,317.340087890625,317.55999755859375,317.340087890625,317.4800109863281,7359,0.0,0.0
2024-12-16 12:27:00-05:00,317.55999755859375,317.55999755859375,317.3999938964844,317.510009765625,8546,0.0,0.0
2024-12-16 12:28:00-05:00,317.45001220703125,317.5050048828125,317.385009765625,317.3900146484375,7176,0.0,0.0
2024-12-16 12:29:00-05:00,317.2900085449219,317.2900085449219,317.0486145019531,317.1203918457031,5441,0.0,0.0
2024-12-16 12:30:00-05:00,317.0950012207031,317.260009765625,317.0950012207031,317.2300109863281,3814,0.0,0.0
2024-12-16 12:31:00-05:00,317.260009765625,317.3599853515625,317.2099914550781,317.29998779296875,5342,0.0,0.0
2024-12-16 12:32:00-05:00,317.2850036621094,317.3900146484375,317.2099914550781,317.3900146484375,6546,0.0,0.0
2024-12-16 12:33:00-05:00,317.29998779296875,317.30499267578125,317.24969482421875,317.2950134277344,1895,0.0,0.0
2024-12-16 12:34:00-05:00,317.3500061035156,317.37689208984375,317.2699890136719,317.2799987792969,5205,0.0,0.0
2024-12-16 12:35:00-05:00,317.2699890136719,317.3684997558594,317.25,317.30999755859375,2407,0.0,0.0
2024-12-16 12:36:00-05:00,317.30999755859375,317.3699951171875,317.19000244140625,317.19000244140625,9974,0.0,0.0
2024-12-16 12:37:00-05:00,317.1700134277344,317.1700134277344,317.0,317.0,5314,0.0,0.0
2024-12-16 12:38:00-05:00,317.0400085449219,317.0400085449219,316.94000244140625,316.9599914550781,4209,0.0,0.0
2024-12-16 12:39:00-05:00,317.0199890136719,317.0199890136719,316.8999938964844,316.9800109863281,6391,0.0,0.0
2024-12-16 12:40:00-05:00,316.92999267578125,317.05999755859375,316.92999267578125,317.0,13910,0.0,0.0
2024-12-16 12:41:00-05:00,316.95001220703125,317.010009765625,316.8901062011719,316.8901062011719,5554,0.0,0.0
2024-12-16 12:42:00-05:00,316.9700012207031,316.9700012207031,316.8900146484375,316.9599914550781,2376,0.0,0.0
2024-12-16 12:43:00-05:00,317.010009765625,317.1600036621094,316.9800109863281,317.1600036621094,7840,0.0,0.0
2024-12-16 12:44:00-05:00,317.1199951171875,317.2950134277344,317.1099853515625,317.1199951171875,10799,0.0,0.0
2024-12-16 12:45:00-05:00,317.1199951171875,317.1400146484375,316.989990234375,317.07000732421875,5134,0.0,0.0
2024-12-16 12:46:00-05:00,317.1575012207031,317.1575012207031,317.0000915527344,317.1050109863281,2016,0.0,0.0
2024-12-16 12:47:00-05:00,317.0216979980469,317.2099914550781,317.0199890136719,317.20001220703125,4361,0.0,0.0
2024-12-16 12:48:00-05:00,317.1400146484375,317.25,317.1099853515625,317.2200012207031,3800,0.0,0.0
2024-12-16 12:49:00-05:00,317.29998779296875,317.29998779296875,317.1050109863281,317.1050109863281,9015,0.0,0.0
2024-12-16 12:50:00-05:00,317.05999755859375,317.20001220703125,317.05999755859375,317.1499938964844,4067,0.0,0.0
2024-12-16 12:51:00-05:00,317.20001220703125,317.2099914550781,317.0899963378906,317.1400146484375,3881,0.0,0.0
2024-12-16 12:52:00-05:00,317.1400146484375,317.2099914550781,316.92999267578125,317.0150146484375,54181,0.0,0.0
2024-12-16 12:53:00-05:00,316.92999267578125,316.9849853515625,316.9100036621094,316.9700012207031,3848,0.0,0.0
2024-12-16 12:54:00-05:00,316.9700012207031,316.989990234375,316.8699951171875,316.94000244140625,7506,0.0,0.0
2024-12-16 12:55:00-05:00,317.010009765625,317.0899963378906,317.010009765625,317.05999755859375,3016,0.0,0.0
2024-12-16 12:56:00-05:00,317.04998779296875,317.077392578125,316.9949951171875,317.05999755859375,1724,0.0,0.0
2024-12-16 12:57:00-05:00,317.1000061035156,317.1600036621094,316.9525146484375,316.9525146484375,19721,0.0,0.0
2024-12-16 12:58:00-05:00,317.0899963378906,317.0899963378906,316.9200134277344,316.95001220703125,2706,0.0,0.0
2024-12-16 12:59:00-05:00,317.0,317.0199890136719,316.9800109863281,317.0199890136719,2465,0.0,0.0
2024-12-16 13:00:00-05:00,317.010009765625,317.0199890136719,316.94000244140625,317.0,4880,0.0,0.0
2024-12-16 13:01:00-05:00,317.0,317.07000732421875,316.9100036621094,317.0150146484375,7806,0.0,0.0
2024-12-16 13:02:00-05:00,317.0150146484375,317.0899963378906,317.0,317.0799865722656,3836,0.0,0.0
2024-12-16 13:03:00-05:00,317.1000061035156,317.1000061035156,316.9501037597656,317.0899963378906,4983,0.0,0.0
2024-12-16 13:04:00-05:00,317.0450134277344,317.1700134277344,317.0450134277344,317.1449890136719,13564,0.0,0.0
2024-12-16 13:05:00-05:00,317.1400146484375,317.1400146484375,316.92999267578125,317.0,8269,0.0,0.0
2024-12-16 13:06:00-05:00,316.92999267578125,317.0299987792969,316.9110107421875,316.9200134277344,3237,0.0,0.0
2024-12-16 13:07:00-05:00,316.9100036621094,316.9100036621094,316.760009765625,316.7699890136719,6115,0.0,0.0
2024-12-16 13:08:00-05:00,316.7699890136719,316.8999938964844,316.7699890136719,316.8699951171875,4715,0.0,0.0
2024-12-16 13:09:00-05:00,316.8409118652344,316.885009765625,316.8409118652344,316.875,1997,0.0,0.0
2024-12-16 13:10:00-05:00,316.8699951171875,316.8949890136719,316.7900085449219,316.8949890136719,5786,0.0,0.0
2024-12-16 13:11:00-05:00,316.8949890136719,316.9150085449219,316.8500061035156,316.885009765625,8002,0.0,0.0
2024-12-16 13:12:00-05:00,316.8620910644531,316.91558837890625,316.8399963378906,316.8399963378906,2059,0.0,0.0
2024-12-16 13:13:00-05:00,316.885009765625,316.885009765625,316.6700134277344,316.67498779296875,9979,0.0,0.0
2024-12-16 13:14:00-05:00,316.635009765625,316.75,316.635009765625,316.6792907714844,4781,0.0,0.0
2024-12-16 13:15:00-05:00,316.79998779296875,316.8299865722656,316.69000244140625,316.7099914550781,6100,0.0,0.0
2024-12-16 13:16:00-05:00,316.69000244140625,316.7900085449219,316.69000244140625,316.7900085449219,3041,0.0,0.0
2024-12-16 13:17:00-05:00,316.7250061035156,316.7349853515625,316.6700134277344,316.6924133300781,2389,0.0,0.0
2024-12-16 13:18:00-05:00,316.6700134277344,316.7200012207031,316.5,316.5299987792969,8102,0.0,0.0
2024-12-16 13:19:00-05:00,316.5899963378906,316.70001220703125,316.5299987792969,316.67999267578125,6041,0.0,0.0
2024-12-16 13:20:00-05:00,316.67999267578125,316.7300109863281,316.6499938964844,316.69000244140625,4111,0.0,0.0
2024-12-16 13:21:00-05:00,316.6499938964844,316.6499938964844,316.5950012207031,316.6000061035156,5644,0.0,0.0
2024-12-16 13:22:00-05:00,316.67999267578125,316.7300109863281,316.6300048828125,316.6549987792969,5590,0.0,0.0
2024-12-16 13:23:00-05:00,316.67999267578125,316.67999267578125,316.6300048828125,316.6300048828125,2519,0.0,0.0
2024-12-16 13:24:00-05:00,316.6300048828125,316.75,316.6300048828125,316.75,5655,0.0,0.0
2024-12-16 13:25:00-05:00,316.75,316.9930114746094,316.75,316.92999267578125,7310,0.0,0.0
2024-12-16 13:26:00-05:00,316.92498779296875,316.92498779296875,316.8753967285156,316.92498779296875,3070,0.0,0.0
2024-12-16 13:27:00-05:00,316.92498779296875,316.92498779296875,316.8500061035156,316.9150085449219,6943,0.0,0.0
2024-12-16 13:28:00-05:00,316.9150085449219,317.1000061035156,316.8900146484375,317.1000061035156,7311,0.0,0.0
2024-12-16 13:29:00-05:00,317.0199890136719,317.1400146484375,316.989990234375,317.05999755859375,7162,0.0,0.0
2024-12-16 13:30:00-05:00,317.1487121582031,317.1487121582031,317.05999755859375,317.0950012207031,2692,0.0,0.0
2024-12-16 13:31:00-05:00,317.1199951171875,317.1700134277344,317.05999755859375,317.0950012207031,4152,0.0,0.0
2024-12-16 13:32:00-05:00,317.1099853515625,317.20001220703125,317.1099853515625,317.20001220703125,5316,0.0,0.0
2024-12-16 13:33:00-05:00,317.239990234375,317.3399963378906,317.1099853515625,317.1499938964844,8519,0.0,0.0
2024-12-16 13:34:00-05:00,317.1300048828125,317.1600036621094,317.1050109863281,317.1300048828125,3458,0.0,0.0
2024-12-16 13:35:00-05:00,317.07000732421875,317.1199951171875,317.05999755859375,317.1199951171875,2265,0.0,0.0
2024-12-16 13:36:00-05:00,317.1400146484375,317.1400146484375,317.07000732421875,317.07000732421875,6639,0.0,0.0
2024-12-16 13:37:00-05:00,317.0899963378906,317.2300109863281,317.0899963378906,317.2300109863281,3977,0.0,0.0
2024-12-16 13:38:00-05:00,317.22650146484375,317.239990234375,317.1099853515625,317.1099853515625,4363,0.0,0.0
2024-12-16 13:39:00-05:00,317.1499938964844,317.1600036621094,317.07000732421875,317.1000061035156,8543,0.0,0.0
2024-12-16 13:40:00-05:00,317.07000732421875,317.1300048828125,316.989990234375,317.010009765625,11563,0.0,0.0
2024-12-16 13:41:00-05:00,317.0199890136719,317.0299987792969,316.95001220703125,316.95001220703125,4380,0.0,0.0
2024-12-16 13:42:00-05:00,316.9549865722656,317.1400146484375,316.9549865722656,317.0899963378906,5984,0.0,0.0
2024-12-16 13:43:00-05:00,317.0751953125,317.260009765625,317.0299987792969,317.260009765625,4207,0.0,0.0
2024-12-16 13:44:00-05:00,317.2250061035156,317.3299865722656,317.2099914550781,317.2699890136719,4069,0.0,0.0
2024-12-16 13:45:00-05:00,317.260009765625,317.2699890136719,317.1239929199219,317.1239929199219,6193,0.0,0.0
2024-12-16 13:46:00-05:00,317.20001220703125,317.2300109863281,317.1300048828125,317.1700134277344,2440,0.0,0.0
2024-12-16 13:47:00-05:00,317.1700134277344,317.1700134277344,317.010009765625,317.07501220703125,6456,0.0,0.0
2024-12-16 13:48:00-05:00,317.1099853515625,317.239990234375,317.1099853515625,317.239990234375,3539,0.0,0.0
2024-12-16 13:49:00-05:00,317.260009765625,317.260009765625,317.1400146484375,317.1700134277344,6510,0.0,0.0
2024-12-16 13:50:00-05:00,317.1600036621094,317.2200012207031,317.1600036621094,317.1600036621094,4159,0.0,0.0
2024-12-16 13:51:00-05:00,317.19500732421875,317.2300109863281,317.1600036621094,317.1700134277344,4019,0.0,0.0
2024-12-16 13:52:00-05:00,317.1700134277344,317.19000244140625,317.1300048828125,317.1839904785156,6434,0.0,0.0
2024-12-16 13:53:00-05:00,317.1600036621094,317.20989990234375,317.1099853515625,317.1099853515625,3913,0.0,0.0
2024-12-16 13:54:00-05:00,317.1000061035156,317.1400146484375,317.0799865722656,317.1400146484375,3559,0.0,0.0
2024-12-16 13:55:00-05:00,317.125,317.17999267578125,317.0889892578125,317.1499938964844,8867,0.0,0.0
2024-12-16 13:56:00-05:00,317.1000061035156,317.1849670410156,316.9800109863281,317.04998779296875,5145,0.0,0.0
2024-12-16 13:57:00-05:00,317.0400085449219,317.0400085449219,316.9200134277344,316.9419860839844,2444,0.0,0.0
2024-12-16 13:58:00-05:00,316.9800109863281,316.9849853515625,316.8599853515625,316.8763122558594,7277,0.0,0.0
2024-12-16 13:59:00-05:00,316.8999938964844,316.9700012207031,316.8999938964844,316.9200134277344,5649,0.0,0.0
2024-12-16 14:00:00-05:00,316.9100036621094,316.92999267578125,316.7799987792969,316.7799987792969,6289,0.0,0.0
2024-12-16 14:01:00-05:00,316.80999755859375,316.8900146484375,316.760498046875,316.8699951171875,3927,0.0,0.0
2024-12-16 14:02:00-05:00,316.8550109863281,316.8550109863281,316.7799987792969,316.80999755859375,5460,0.0,0.0
2024-12-16 14:03:00-05:00,316.8399963378906,316.8399963378906,316.7799987792969,316.8299865722656,3486,0.0,0.0
2024-12-16 14:04:00-05:00,316.8800048828125,316.8800048828125,316.80999755859375,316.8299865722656,4670,0.0,0.0
2024-12-16 14:05:00-05:00,316.8599853515625,316.8959045410156,316.80499267578125,316.8959045410156,76668,0.0,0.0
2024-12-16 14:06:00-05:00,316.8299865722656,316.9700012207031,316.82000732421875,316.94000244140625,11491,0.0,0.0
2024-12-16 14:07:00-05:00,316.94000244140625,316.9599914550781,316.77899169921875,316.77899169921875,15606,0.0,0.0
2024-12-16 14:08:00-05:00,316.81500244140625,316.8500061035156,316.7014465332031,316.7799987792969,6504,0.0,0.0
2024-12-16 14:09:00-05:00,316.80999755859375,316.8500061035156,316.760009765625,316.760009765625,2691,0.0,0.0
2024-12-16 14:10:00-05:00,316.760009765625,316.7799987792969,316.6099853515625,316.69500732421875,12845,0.0,0.0
2024-12-16 14:11:00-05:00,316.69000244140625,316.70001220703125,316.69000244140625,316.70001220703125,1172,0.0,0.0
2024-12-16 14:12:00-05:00,316.760009765625,316.760009765625,316.7250061035156,316.75,4311,0.0,0.0
2024-12-16 14:13:00-05:00,316.75,316.78289794921875,316.69000244140625,316.78289794921875,4811,0.0,0.0
2024-12-16 14:14:00-05:00,316.7300109863281,316.7300109863281,316.67999267578125,316.67999267578125,2854,0.0,0.0
2024-12-16 14:15:00-05:00,316.69500732421875,316.7300109863281,316.54998779296875,316.5849914550781,13930,0.0,0.0
2024-12-16 14:16:00-05:00,316.6199951171875,316.6499938964844,316.5199890136719,316.5199890136719,14259,0.0,0.0
2024-12-16 14:17:00-05:00,316.5450134277344,316.5574951171875,316.5,316.5199890136719,9191,0.0,0.0
2024-12-16 14:18:00-05:00,316.5199890136719,316.5899963378906,316.4884948730469,316.57000732421875,4535,0.0,0.0
2024-12-16 14:19:00-05:00,316.5799865722656,316.6400146484375,316.5799865722656,316.6300048828125,4578,0.0,0.0
2024-12-16 14:20:00-05:00,316.5899963378906,316.6300048828125,316.5899963378906,316.6300048828125,2575,0.0,0.0
2024-12-16 14:21:00-05:00,316.6400146484375,316.70001220703125,316.6099853515625,316.6449890136719,6760,0.0,0.0
2024-12-16 14:22:00-05:00,316.6205139160156,316.659912109375,316.5,316.5199890136719,9820,0.0,0.0
2024-12-16 14:23:00-05:00,316.5299987792969,316.5799865722656,316.5299987792969,316.5799865722656,2440,0.0,0.0
2024-12-16 14:24:00-05:00,316.5899963378906,316.6300048828125,316.5801086425781,316.5899963378906,4083,0.0,0.0
2024-12-16 14:25:00-05:00,316.6120910644531,316.67999267578125,316.6099853515625,316.6300048828125,5497,0.0,0.0
2024-12-16 14:26:00-05:00,316.6632080078125,316.7699890136719,316.6300048828125,316.7699890136719,4341,0.0,0.0
2024-12-16 14:27:00-05:00,316.7300109863281,316.7300109863281,316.5899963378906,316.5899963378906,10701,0.0,0.0
2024-12-16 14:28:00-05:00,316.57501220703125,316.6600036621094,316.54998779296875,316.6600036621094,5883,0.0,0.0
2024-12-16 14:29:00-05:00,316.6600036621094,316.6700134277344,316.614990234375,316.6199951171875,6071,0.0,0.0
2024-12-16 14:30:00-05:00,316.6300048828125,316.80999755859375,316.6300048828125,316.760009765625,8006,0.0,0.0
2024-12-16 14:31:00-05:00,316.7200012207031,316.75,316.6700134277344,316.69000244140625,5806,0.0,0.0
2024-12-16 14:32:00-05:00,316.69000244140625,316.7149963378906,316.67999267578125,316.7099914550781,2862,0.0,0.0
2024-12-16 14:33:00-05:00,316.7049865722656,316.7049865722656,316.5950012207031,316.6700134277344,8034,0.0,0.0
2024-12-16 14:34:00-05:00,316.67999267578125,316.70001220703125,316.6300048828125,316.6449890136719,5646,0.0,0.0
2024-12-16 14:35:00-05:00,316.6400146484375,316.70001220703125,316.6300048828125,316.67498779296875,2530,0.0,0.0
2024-12-16 14:36:00-05:00,316.67498779296875,316.69000244140625,316.6300048828125,316.6499938964844,5503,0.0,0.0
2024-12-16 14:37:00-05:00,316.6199951171875,316.6499938964844,316.6000061035156,316.6400146484375,3894,0.0,0.0
2024-12-16 14:38:00-05:00,316.6499938964844,316.6499938964844,316.5799865722656,316.6199951171875,7497,0.0,0.0
2024-12-16 14:39:00-05:00,316.62091064453125,316.718017578125,316.62091064453125,316.67999267578125,7717,0.0,0.0
2024-12-16 14:40:00-05:00,316.6400146484375,316.6700134277344,316.6300048828125,316.6585998535156,5068,0.0,0.0
2024-12-16 14:41:00-05:00,316.6400146484375,316.6600036621094,316.6000061035156,316.6000061035156,4773,0.0,0.0
2024-12-16 14:42:00-05:00,316.614990234375,316.614990234375,316.5299987792969,316.55999755859375,9326,0.0,0.0
2024-12-16 14:43:00-05:00,316.5400085449219,316.55999755859375,316.4700012207031,316.5,8495,0.0,0.0
2024-12-16 14:44:00-05:00,316.4700012207031,316.55999755859375,316.4700012207031,316.5199890136719,5928,0.0,0.0
2024-12-16 14:45:00-05:00,316.5249938964844,316.5249938964844,316.3800048828125,316.3974914550781,6654,0.0,0.0
2024-12-16 14:46:00-05:00,316.3800048828125,316.4100036621094,316.3500061035156,316.3500061035156,6518,0.0,0.0
2024-12-16 14:47:00-05:00,316.3399963378906,316.44000244140625,316.3299865722656,316.44000244140625,6100,0.0,0.0
2024-12-16 14:48:00-05:00,316.45001220703125,316.45001220703125,316.3900146484375,316.4200134277344,4784,0.0,0.0
2024-12-16 14:49:00-05:00,316.4200134277344,316.4200134277344,316.3599853515625,316.3699951171875,6588,0.0,0.0
2024-12-16 14:50:00-05:00,316.3699951171875,316.43499755859375,316.3699951171875,316.42999267578125,5118,0.0,0.0
2024-12-16 14:51:00-05:00,316.4100036621094,316.5,316.4049987792969,316.44000244140625,7800,0.0,0.0
2024-12-16 14:52:00-05:00,316.4200134277344,316.4599914550781,316.3999938964844,316.4599914550781,2138,0.0,0.0
2024-12-16 14:53:00-05:00,316.44000244140625,316.4700012207031,316.4100036621094,316.4599914550781,4893,0.0,0.0
2024-12-16 14:54:00-05:00,316.5,316.5299987792969,316.4200134277344,316.4200134277344,8275,0.0,0.0
2024-12-16 14:55:00-05:00,316.4549865722656,316.5299987792969,316.45001220703125,316.5150146484375,4280,0.0,0.0
2024-12-16 14:56:00-05:00,316.5400085449219,316.54998779296875,316.4599914550781,316.4750061035156,5671,0.0,0.0
2024-12-16 14:57:00-05:00,316.510009765625,316.55999755859375,316.4800109863281,316.55999755859375,5671,0.0,0.0
2024-12-16 14:58:00-05:00,316.5400085449219,316.5400085449219,316.4599914550781,316.5299987792969,8338,0.0,0.0
2024-12-16 14:59:00-05:00,316.5,316.54998779296875,316.4715881347656,316.5450134277344,5335,0.0,0.0
2024-12-16 15:00:00-05:00,316.5400085449219,316.5400085449219,316.4775085449219,316.50799560546875,4544,0.0,0.0
2024-12-16 15:01:00-05:00,316.4700012207031,316.489990234375,316.3800048828125,316.42999267578125,5685,0.0,0.0
2024-12-16 15:02:00-05:00,316.4367980957031,316.4700012207031,316.3800048828125,316.3900146484375,7570,0.0,0.0
2024-12-16 15:03:00-05:00,316.3900146484375,316.3900146484375,316.2900085449219,316.2900085449219,5178,0.0,0.0
2024-12-16 15:04:00-05:00,316.2699890136719,316.29998779296875,316.2300109863281,316.239990234375,7235,0.0,0.0
2024-12-16 15:05:00-05:00,316.2300109863281,316.2699890136719,316.2300109863281,316.2550048828125,3489,0.0,0.0
2024-12-16 15:06:00-05:00,316.2699890136719,316.3800048828125,316.17999267578125,316.2250061035156,13950,0.0,0.0
2024-12-16 15:07:00-05:00,316.19000244140625,316.2699890136719,316.19000244140625,316.2349853515625,4791,0.0,0.0
2024-12-16 15:08:00-05:00,316.239990234375,316.42999267578125,316.239990234375,316.3949890136719,10995,0.0,0.0
2024-12-16 15:09:00-05:00,316.3949890136719,316.44000244140625,316.3599853515625,316.4320068359375,7426,0.0,0.0
2024-12-16 15:10:00-05:00,316.4100036621094,316.44989013671875,316.4100036621094,316.44000244140625,4636,0.0,0.0
2024-12-16 15:11:00-05:00,316.4200134277344,316.4700012207031,316.41009521484375,316.43499755859375,5184,0.0,0.0
2024-12-16 15:12:00-05:00,316.4599914550781,316.5292053222656,316.42999267578125,316.5292053222656,6943,0.0,0.0
2024-12-16 15:13:00-05:00,316.5400085449219,316.6199951171875,316.5,316.6199951171875,14021,0.0,0.0
2024-12-16 15:14:00-05:00,316.5899963378906,316.6300048828125,316.5199890136719,316.55999755859375,6695,0.0,0.0
2024-12-16 15:15:00-05:00,316.5350036621094,316.5350036621094,316.3699951171875,316.375,10085,0.0,0.0
2024-12-16 15:16:00-05:00,316.364990234375,316.4150085449219,316.36041259765625,316.385009765625,6039,0.0,0.0
2024-12-16 15:17:00-05:00,316.3800048828125,316.406494140625,316.25,316.25,6680,0.0,0.0
2024-12-16 15:18:00-05:00,316.2900085449219,316.2900085449219,316.1700134277344,316.2200012207031,6416,0.0,0.0
2024-12-16 15:19:00-05:00,316.19000244140625,316.32000732421875,316.19000244140625,316.32000732421875,4804,0.0,0.0
2024-12-16 15:20:00-05:00,316.30999755859375,316.3599853515625,316.239990234375,316.3399963378906,10608,0.0,0.0
2024-12-16 15:21:00-05:00,316.3500061035156,316.3900146484375,316.3297119140625,316.3299865722656,9939,0.0,0.0
2024-12-16 15:22:00-05:00,316.3490905761719,316.3490905761719,316.24609375,316.2699890136719,9332,0.0,0.0
2024-12-16 15:23:00-05:00,316.2402038574219,316.3999938964844,316.2402038574219,316.3999938964844,6713,0.0,0.0
2024-12-16 15:24:00-05:00,316.4200134277344,316.5398864746094,316.4200134277344,316.5397033691406,7395,0.0,0.0
2024-12-16 15:25:00-05:00,316.55999755859375,316.75,316.5299987792969,316.67999267578125,10385,0.0,0.0
2024-12-16 15:26:00-05:00,316.67999267578125,316.8500061035156,316.67999267578125,316.7950134277344,8580,0.0,0.0
2024-12-16 15:27:00-05:00,316.7799987792969,316.8500061035156,316.760009765625,316.7900085449219,9318,0.0,0.0
2024-12-16 15:28:00-05:00,316.80999755859375,316.82000732421875,316.75,316.7699890136719,13703,0.0,0.0
2024-12-16 15:29:00-05:00,316.80499267578125,316.8500061035156,316.7699890136719,316.80499267578125,9881,0.0,0.0
2024-12-16 15:30:00-05:00,316.760009765625,316.8699951171875,316.739990234375,316.8699951171875,9538,0.0,0.0
2024-12-16 15:31:00-05:00,316.8299865722656,316.8500061035156,316.7911071777344,316.7911071777344,7952,0.0,0.0
2024-12-16 15:32:00-05:00,316.7900085449219,316.79998779296875,316.739990234375,316.7749938964844,11619,0.0,0.0
2024-12-16 15:33:00-05:00,316.7500915527344,316.80499267578125,316.7300109863281,316.7799987792969,16298,0.0,0.0
2024-12-16 15:34:00-05:00,316.7749938964844,316.8399963378906,316.739990234375,316.7699890136719,12215,0.0,0.0
2024-12-16 15:35:00-05:00,316.760009765625,316.7850036621094,316.7300109863281,316.7449951171875,7569,0.0,0.0
2024-12-16 15:36:00-05:00,316.7300109863281,316.80999755859375,316.7200012207031,316.7442932128906,13063,0.0,0.0
2024-12-16 15:37:00-05:00,316.7301025390625,316.7915954589844,316.67999267578125,316.7250061035156,4305,0.0,0.0
2024-12-16 15:38:00-05:00,316.7200012207031,316.7200012207031,316.54998779296875,316.54998779296875,9675,0.0,0.0
2024-12-16 15:39:00-05:00,316.5199890136719,316.57000732421875,316.4949951171875,316.5199890136719,6721,0.0,0.0
2024-12-16 15:40:00-05:00,316.5199890136719,316.5799865722656,316.385009765625,316.5,10926,0.0,0.0
2024-12-16 15:41:00-05:00,316.5,316.5398864746094,316.3905029296875,316.510009765625,7478,0.0,0.0
2024-12-16 15:42:00-05:00,316.510009765625,316.5199890136719,316.43499755859375,316.44000244140625,6691,0.0,0.0
2024-12-16 15:43:00-05:00,316.4800109863281,316.489990234375,316.3800048828125,316.3800048828125,8950,0.0,0.0
2024-12-16 15:44:00-05:00,316.3599853515625,316.3599853515625,316.1700134277344,316.1700134277344,13385,0.0,0.0
2024-12-16 15:45:00-05:00,316.15869140625,316.19000244140625,316.0400085449219,316.0799865722656,12183,0.0,0.0
2024-12-16 15:46:00-05:00,316.0899963378906,316.1050109863281,315.95001220703125,316.0299987792969,8687,0.0,0.0
2024-12-16 15:47:00-05:00,316.04998779296875,316.1099853515625,316.010009765625,316.05499267578125,6937,0.0,0.0
2024-12-16 15:48:00-05:00,316.0450134277344,316.19500732421875,316.0450134277344,316.1600036621094,10449,0.0,0.0
2024-12-16 15:49:00-05:00,316.1700134277344,316.2200012207031,316.0799865722656,316.0799865722656,12461,0.0,0.0
2024-12-16 15:50:00-05:00,316.1099853515625,316.1099853515625,315.7200012207031,315.8599853515625,29565,0.0,0.0
2024-12-16 15:51:00-05:00,315.9100036621094,316.0,315.8299865722656,315.864990234375,23536,0.0,0.0
2024-12-16 15:52:00-05:00,315.8999938964844,315.9100036621094,315.739990234375,315.8800048828125,17699,0.0,0.0
2024-12-16 15:53:00-05:00,315.8800048828125,315.8800048828125,315.6700134277344,315.67999267578125,20921,0.0,0.0
2024-12-16 15:54:00-05:00,315.7699890136719,316.04998779296875,315.7699890136719,315.9100036621094,24820,0.0,0.0
2024-12-16 15:55:00-05:00,315.92498779296875,316.19000244140625,315.9093933105469,316.1700134277344,35793,0.0,0.0
2024-12-16 15:56:00-05:00,316.1600036621094,316.2799987792969,316.1000061035156,316.20001220703125,40562,0.0,0.0
2024-12-16 15:57:00-05:00,316.2099914550781,316.2099914550781,316.0299987792969,316.19000244140625,40714,0.0,0.0
2024-12-16 15:58:00-05:00,316.19000244140625,316.32000732421875,316.18499755859375,316.2200012207031,52437,0.0,0.0
2024-12-16 15:59:00-05:00,316.2699890136719,316.4700012207031,315.9200134277344,316.0299987792969,188430,0.0,0.0
2024-12-16 16:00:00-05:00,315.89,317.45,315.89,315.89,2311934,0.0,0.0
2024-12-16 16:01:00-05:00,315.89,317.45,315.89,317.45,0,0.0,0.0
2024-12-16 16:02:00-05:00,315.89,315.89,315.89,315.89,0,0.0,0.0
2024-12-16 16:03:00-05:00,315.89,317.45,315.89,317.45,0,0.0,0.0
2024-12-16 16:04:00-05:00,315.89,315.89,315.89,315.89,0,0.0,0.0
2024-12-16 16:05:00-05:00,315.89,316.23,315.89,316.23,0,0.0,0.0
2024-12-16 16:06:00-05:00,315.35,315.89,315.35,315.89,0,0.0,0.0
2024-12-16 16:07:00-05:00,315.89,315.89,315.89,315.89,0,0.0,0.0
2024-12-16 16:08:00-05:00,316.05,316.05,316.05,316.05,0,0.0,0.0
2024-12-16 16:09:00-05:00,316.08,316.08,315.91,315.99,0,0.0,0.0
2024-12-16 16:12:00-05:00,316.05,316.05,315.89,315.98,0,0.0,0.0
2024-12-16 16:14:00-05:00,315.98,315.98,315.98,315.98,0,0.0,0.0
2024-12-16 16:15:00-05:00,315.89,315.89,315.3512,315.3512,0,0.0,0.0
2024-12-16 16:16:00-05:00,315.96,315.96,315.96,315.96,0,0.0,0.0
2024-12-16 16:18:00-05:00,315.88,315.88,315.87,315.87,0,0.0,0.0
2024-12-16 16:19:00-05:00,315.87,315.87,315.87,315.87,0,0.0,0.0
2024-12-16 16:21:00-05:00,315.86,315.86,315.86,315.86,0,0.0,0.0
2024-12-16 16:22:00-05:00,315.89,316.2238,315.5563,315.86,0,0.0,0.0
2024-12-16 16:24:00-05:00,315.86,315.86,315.86,315.86,0,0.0,0.0
2024-12-16 16:27:00-05:00,315.87,315.87,315.87,315.87,0,0.0,0.0
2024-12-16 16:30:00-05:00,315.81,315.86,315.35,315.363,0,0.0,0.0
2024-12-16 16:33:00-05:00,315.35,315.89,315.35,315.89,0,0.0,0.0
2024-12-16 16:36:00-05:00,315.785,315.785,315.785,315.785,0,0.0,0.0
2024-12-16 16:41:00-05:00,315.86,315.87,315.86,315.87,0,0.0,0.0
2024-12-16 16:42:00-05:00,315.89,315.89,315.89,315.89,0,0.0,0.0
2024-12-16 16:47:00-05:00,315.98,316.38,315.96,315.96,0,0.0,0.0
2024-12-16 16:51:00-05:00,315.98,315.98,315.98,315.98,0,0.0,0.0
2024-12-16 17:01:00-05:00,315.81,315.81,315.81,315.81,0,0.0,0.0
2024-12-16 17:05:00-05:00,316.0,316.0,316.0,316.0,0,0.0,0.0
2024-12-16 17:08:00-05:00,315.35,315.35,315.35,315.35,0,0.0,0.0
2024-12-16 17:11:00-05:00,316.0,316.0,316.0,316.0,0,0.0,0.0
2024-12-16 17:14:00-05:00,315.81,315.81,315.81,315.81,0,0.0,0.0
2024-12-16 17:16:00-05:00,315.85,315.85,315.85,315.85,0,0.0,0.0
2024-12-16 17:18:00-05:00,316.05,316.05,316.05,316.05,0,0.0,0.0
2024-12-16 17:19:00-05:00,316.0,316.0,316.0,316.0,0,0.0,0.0
2024-12-16 17:21:00-05:00,315.5,316.29,315.5,316.29,0,0.0,0.0
2024-12-16 17:26:00-05:00,316.2702,316.2702,316.2702,316.2702,0,0.0,0.0
2024-12-16 17:28:00-05:00,316.0,316.0,316.0,316.0,0,0.0,0.0
2024-12-16 17:31:00-05:00,316.2702,316.2702,316.2702,316.2702,0,0.0,0.0
2024-12-16 17:33:00-05:00,316.2702,316.2702,316.2702,316.2702,0,0.0,0.0
2024-12-16 17:34:00-05:00,315.5,315.9,315.5,315.9,0,0.0,0.0
2024-12-16 17:38:00-05:00,316.0,316.0,316.0,316.0,0,0.0,0.0
2024-12-16 17:43:00-05:00,316.0,316.29,316.0,316.29,0,0.0,0.0
2024-12-16 17:44:00-05:00,316.29,316.29,316.29,316.29,0,0.0,0.0
2024-12-16 17:51:00-05:00,315.5,315.5,315.5,315.5,0,0.0,0.0
2024-12-16 17:56:00-05:00,315.82,315.82,315.82,315.82,0,0.0,0.0
2024-12-16 17:57:00-05:00,316.19,316.19,315.91,315.91,0,0.0,0.0
2024-12-16 17:58:00-05:00,315.84,315.84,315.84,315.84,0,0.0,0.0
2024-12-16 18:03:00-05:00,315.89,315.89,315.89,315.89,0,0.0,0.0
2024-12-16 18:04:00-05:00,315.89,315.89,315.89,315.89,0,0.0,0.0
2024-12-16 18:07:00-05:00,316.11,316.2499,316.11,316.2499,0,0.0,0.0
2024-12-16 18:08:00-05:00,316.25,316.25,316.25,316.25,0,0.0,0.0
2024-12-16 18:10:00-05:00,315.77,315.88,315.71,315.88,0,0.0,0.0
2024-12-16 18:11:00-05:00,315.5,315.5,315.5,315.5,0,0.0,0.0
2024-12-16 18:20:00-05:00,316.0,316.0,316.0,316.0,0,0.0,0.0
2024-12-16 18:21:00-05:00,316.2312,316.2312,316.2312,316.2312,0,0.0,0.0
2024-12-16 18:22:00-05:00,316.2499,316.2499,316.2499,316.2499,0,0.0,0.0
2024-12-16 18:23:00-05:00,316.15,316.15,316.14,316.14,0,0.0,0.0
2024-12-16 18:37:00-05:00,316.2,316.2,316.2,316.2,0,0.0,0.0
2024-12-16 18:45:00-05:00,316.21,316.21,316.2,316.2,0,0.0,0.0
2024-12-16 18:48:00-05:00,316.15,316.15,316.12,316.12,0,0.0,0.0
2024-12-16 18:49:00-05:00,316.12,316.12,315.9,315.9,0,0.0,0.0
2024-12-16 18:53:00-05:00,315.5361,315.5361,315.5361,315.5361,0,0.0,0.0
2024-12-16 18:55:00-05:00,315.89,315.89,315.89,315.89,0,0.0,0.0
2024-12-16 18:56:00-05:00,315.89,315.89,315.81,315.81,0,0.0,0.0
2024-12-16 18:57:00-05:00,315.5,315.5,315.5,315.5,0,0.0,0.0
2024-12-16 19:02:00-05:00,315.5187,315.5187,315.5187,315.5187,0,0.0,0.0
2024-12-16 19:11:00-05:00,315.89,315.89,315.89,315.89,0,0.0,0.0
2024-12-16 19:14:00-05:00,315.9,315.9,315.88,315.88,0,0.0,0.0
2024-12-16 19:20:00-05:00,315.5,315.5,315.5,315.5,0,0.0,0.0
2024-12-16 19:26:00-05:00,315.89,315.89,315.88,315.88,0,0.0,0.0
2024-12-16 19:29:00-05:00,315.8988,315.8988,315.8988,315.8988,0,0.0,0.0
2024-12-16 19:30:00-05:00,315.51,315.51,315.51,315.51,0,0.0,0.0
2024-12-16 19:34:00-05:00,315.82,315.83,315.82,315.83,0,0.0,0.0
2024-12-16 19:35:00-05:00,315.77,315.81,315.73,315.81,0,0.0,0.0
2024-12-16 19:38:00-05:00,315.87,315.87,315.87,315.87,0,0.0,0.0
2024-12-16 19:42:00-05:00,315.8988,315.8988,315.8988,315.8988,0,0.0,0.0
2024-12-16 19:44:00-05:00,315.5,315.5,315.5,315.5,0,0.0,0.0
2024-12-16 19:48:00-05:00,315.88,315.88,315.88,315.88,0,0.0,0.0
2024-12-16 19:49:00-05:00,315.89,315.89,315.89,315.89,0,0.0,0.0
2024-12-16 19:53:00-05:00,315.89,315.89,315.89,315.89,0,0.0,0.0
2024-12-16 19:56:00-05:00,315.9,315.9,315.9,315.9,0,0.0,0.0
