time,Open,High,Low,Close,Volume,Dividends,Stock Splits
2024-12-12 04:02:00-05:00,313.29,313.61,313.11,313.61,0,0.0,0.0
2024-12-12 04:04:00-05:00,313.32,313.54,313.27,313.27,0,0.0,0.0
2024-12-12 04:05:00-05:00,313.0,313.0,313.0,313.0,0,0.0,0.0
2024-12-12 04:06:00-05:00,313.01,313.01,313.01,313.01,0,0.0,0.0
2024-12-12 04:07:00-05:00,313.01,313.01,313.01,313.01,0,0.0,0.0
2024-12-12 04:22:00-05:00,313.01,313.01,313.01,313.01,0,0.0,0.0
2024-12-12 04:30:00-05:00,313.11,313.11,313.1,313.1,0,0.0,0.0
2024-12-12 04:36:00-05:00,313.1,313.1,313.1,313.1,0,0.0,0.0
2024-12-12 04:52:00-05:00,313.1,313.1,313.1,313.1,0,0.0,0.0
2024-12-12 04:54:00-05:00,313.25,313.25,313.25,313.25,0,0.0,0.0
2024-12-12 04:57:00-05:00,313.0,313.02,312.9,313.0,0,0.0,0.0
2024-12-12 04:58:00-05:00,313.2,313.26,313.2,313.26,0,0.0,0.0
2024-12-12 05:07:00-05:00,313.26,313.26,313.26,313.26,0,0.0,0.0
2024-12-12 05:22:00-05:00,313.26,313.26,313.26,313.26,0,0.0,0.0
2024-12-12 05:24:00-05:00,313.03,313.03,313.03,313.03,0,0.0,0.0
2024-12-12 05:34:00-05:00,313.04,313.04,313.04,313.04,0,0.0,0.0
2024-12-12 05:37:00-05:00,313.04,313.04,313.04,313.04,0,0.0,0.0
2024-12-12 05:52:00-05:00,313.04,313.04,313.04,313.04,0,0.0,0.0
2024-12-12 05:59:00-05:00,313.04,313.04,313.04,313.04,0,0.0,0.0
2024-12-12 06:07:00-05:00,313.04,313.04,313.04,313.04,0,0.0,0.0
2024-12-12 06:08:00-05:00,313.26,313.26,313.26,313.26,0,0.0,0.0
2024-12-12 06:22:00-05:00,313.26,313.26,313.26,313.26,0,0.0,0.0
2024-12-12 06:26:00-05:00,313.04,313.04,313.04,313.04,0,0.0,0.0
2024-12-12 06:28:00-05:00,313.04,313.04,313.04,313.04,0,0.0,0.0
2024-12-12 06:29:00-05:00,313.03,313.03,313.03,313.03,0,0.0,0.0
2024-12-12 06:37:00-05:00,313.03,313.03,313.03,313.03,0,0.0,0.0
2024-12-12 06:49:00-05:00,313.26,313.79,313.26,313.73,0,0.0,0.0
2024-12-12 06:52:00-05:00,313.73,313.73,313.73,313.73,0,0.0,0.0
2024-12-12 06:53:00-05:00,313.75,313.75,313.75,313.75,0,0.0,0.0
2024-12-12 06:57:00-05:00,313.14,313.14,313.14,313.14,0,0.0,0.0
2024-12-12 07:00:00-05:00,313.71,313.79,313.55,313.76,0,0.0,0.0
2024-12-12 07:03:00-05:00,313.75,313.75,313.75,313.75,0,0.0,0.0
2024-12-12 07:05:00-05:00,313.72,313.72,313.72,313.72,0,0.0,0.0
2024-12-12 07:06:00-05:00,313.72,313.72,313.72,313.72,0,0.0,0.0
2024-12-12 07:07:00-05:00,313.72,313.72,313.72,313.72,0,0.0,0.0
2024-12-12 07:09:00-05:00,313.61,313.61,313.29,313.29,0,0.0,0.0
2024-12-12 07:11:00-05:00,313.74,313.74,313.74,313.74,0,0.0,0.0
2024-12-12 07:20:00-05:00,313.36,313.36,313.36,313.36,0,0.0,0.0
2024-12-12 07:27:00-05:00,313.67,313.67,313.67,313.67,0,0.0,0.0
2024-12-12 07:36:00-05:00,313.67,313.67,313.67,313.67,0,0.0,0.0
2024-12-12 07:48:00-05:00,313.41,313.67,313.41,313.67,0,0.0,0.0
2024-12-12 07:51:00-05:00,313.54,313.54,313.54,313.54,0,0.0,0.0
2024-12-12 07:56:00-05:00,313.54,313.54,313.54,313.54,0,0.0,0.0
2024-12-12 08:00:00-05:00,313.7,315.3488,312.2312,313.67,0,0.0,0.0
2024-12-12 08:01:00-05:00,313.7,313.7,313.55,313.55,0,0.0,0.0
2024-12-12 08:02:00-05:00,313.7,313.7,313.7,313.7,0,0.0,0.0
2024-12-12 08:05:00-05:00,313.79,313.79,313.79,313.79,0,0.0,0.0
2024-12-12 08:06:00-05:00,313.79,313.79,313.79,313.79,0,0.0,0.0
2024-12-12 08:08:00-05:00,313.65,313.65,313.65,313.65,0,0.0,0.0
2024-12-12 08:09:00-05:00,313.65,313.65,313.65,313.65,0,0.0,0.0
2024-12-12 08:10:00-05:00,313.79,313.79,313.79,313.79,0,0.0,0.0
2024-12-12 08:11:00-05:00,313.65,313.65,313.5,313.5,0,0.0,0.0
2024-12-12 08:14:00-05:00,313.4905,313.4905,313.4905,313.4905,0,0.0,0.0
2024-12-12 08:15:00-05:00,313.51,313.51,313.51,313.51,0,0.0,0.0
2024-12-12 08:16:00-05:00,313.51,313.51,313.51,313.51,0,0.0,0.0
2024-12-12 08:18:00-05:00,313.7,313.7815,313.7,313.7815,0,0.0,0.0
2024-12-12 08:19:00-05:00,313.7,313.7,313.7,313.7,0,0.0,0.0
2024-12-12 08:20:00-05:00,313.7,313.7,313.7,313.7,0,0.0,0.0
2024-12-12 08:21:00-05:00,313.7,313.7,313.7,313.7,0,0.0,0.0
2024-12-12 08:25:00-05:00,313.52,313.52,313.52,313.52,0,0.0,0.0
2024-12-12 08:26:00-05:00,313.79,313.79,313.79,313.79,0,0.0,0.0
2024-12-12 08:28:00-05:00,313.7899,313.79,313.7899,313.79,0,0.0,0.0
2024-12-12 08:31:00-05:00,314.0,314.0,314.0,314.0,0,0.0,0.0
2024-12-12 08:32:00-05:00,313.61,313.67,313.6,313.6,0,0.0,0.0
2024-12-12 08:36:00-05:00,313.6,313.6,313.59,313.6,0,0.0,0.0
2024-12-12 08:39:00-05:00,313.56,313.56,313.56,313.56,0,0.0,0.0
2024-12-12 08:40:00-05:00,313.56,313.57,313.56,313.56,0,0.0,0.0
2024-12-12 08:46:00-05:00,313.75,313.89,313.72,313.89,0,0.0,0.0
2024-12-12 08:47:00-05:00,313.64,313.65,313.4967,313.62,0,0.0,0.0
2024-12-12 08:50:00-05:00,313.62,313.62,313.62,313.62,0,0.0,0.0
2024-12-12 08:53:00-05:00,313.6,313.6,313.6,313.6,0,0.0,0.0
2024-12-12 08:55:00-05:00,313.4,313.4,313.4,313.4,0,0.0,0.0
2024-12-12 08:56:00-05:00,313.8,313.8,313.8,313.8,0,0.0,0.0
2024-12-12 08:59:00-05:00,314.0,314.0,314.0,314.0,0,0.0,0.0
2024-12-12 09:01:00-05:00,313.5,313.68,313.5,313.68,0,0.0,0.0
2024-12-12 09:03:00-05:00,313.68,313.68,313.68,313.68,0,0.0,0.0
2024-12-12 09:09:00-05:00,313.4,313.4,313.4,313.4,0,0.0,0.0
2024-12-12 09:10:00-05:00,313.58,313.69,313.58,313.69,0,0.0,0.0
2024-12-12 09:11:00-05:00,313.01,313.01,313.01,313.01,0,0.0,0.0
2024-12-12 09:13:00-05:00,313.4,313.4,313.4,313.4,0,0.0,0.0
2024-12-12 09:14:00-05:00,313.41,313.41,313.41,313.41,0,0.0,0.0
2024-12-12 09:30:00-05:00,314.82000732421875,315.239990234375,314.4750061035156,314.7650146484375,115047,0.0,0.0
2024-12-12 09:31:00-05:00,314.760009765625,315.0,314.17999267578125,314.260009765625,9319,0.0,0.0
2024-12-12 09:32:00-05:00,314.17999267578125,314.86920166015625,313.8800048828125,313.989990234375,9657,0.0,0.0
2024-12-12 09:33:00-05:00,314.1600036621094,314.5050048828125,313.8919982910156,314.5050048828125,4964,0.0,0.0
2024-12-12 09:34:00-05:00,314.2200012207031,314.3399963378906,313.8200988769531,314.0199890136719,6039,0.0,0.0
2024-12-12 09:35:00-05:00,314.2099914550781,314.5881042480469,314.17999267578125,314.5881042480469,3451,0.0,0.0
2024-12-12 09:36:00-05:00,314.6400146484375,315.17999267578125,314.635009765625,315.135009765625,6433,0.0,0.0
2024-12-12 09:37:00-05:00,314.93499755859375,315.1650085449219,314.7900085449219,314.9599914550781,18335,0.0,0.0
2024-12-12 09:38:00-05:00,314.8399963378906,314.9599914550781,314.75,314.7900085449219,6192,0.0,0.0
2024-12-12 09:39:00-05:00,314.94000244140625,314.94000244140625,314.6000061035156,314.8089904785156,8946,0.0,0.0
2024-12-12 09:40:00-05:00,314.9700012207031,315.010009765625,314.8900146484375,314.8900146484375,8246,0.0,0.0
2024-12-12 09:41:00-05:00,314.8800048828125,315.0799865722656,314.7699890136719,314.8399963378906,10355,0.0,0.0
2024-12-12 09:42:00-05:00,315.0299987792969,315.0299987792969,314.8399963378906,315.0150146484375,2943,0.0,0.0
2024-12-12 09:43:00-05:00,314.92498779296875,315.0150146484375,314.760009765625,314.7900085449219,9015,0.0,0.0
2024-12-12 09:44:00-05:00,314.7699890136719,314.91949462890625,314.75,314.75,6808,0.0,0.0
2024-12-12 09:45:00-05:00,314.67999267578125,314.7950134277344,314.6400146484375,314.6400146484375,3437,0.0,0.0
2024-12-12 09:46:00-05:00,314.7300109863281,314.92999267578125,314.6300048828125,314.92999267578125,20563,0.0,0.0
2024-12-12 09:47:00-05:00,314.6700134277344,314.70001220703125,314.29998779296875,314.4700012207031,17138,0.0,0.0
2024-12-12 09:48:00-05:00,314.3999938964844,314.4800109863281,314.25,314.3299865722656,1885,0.0,0.0
2024-12-12 09:49:00-05:00,314.25,314.2650146484375,314.0899963378906,314.1549987792969,12972,0.0,0.0
2024-12-12 09:50:00-05:00,314.2699890136719,314.6199951171875,314.1549987792969,314.2550048828125,7410,0.0,0.0
2024-12-12 09:51:00-05:00,314.2550048828125,314.2799987792969,314.0400085449219,314.17498779296875,2815,0.0,0.0
2024-12-12 09:52:00-05:00,314.17999267578125,314.3800048828125,314.114990234375,314.2200012207031,9432,0.0,0.0
2024-12-12 09:53:00-05:00,314.2300109863281,314.4200134277344,314.2200012207031,314.2200012207031,7686,0.0,0.0
2024-12-12 09:54:00-05:00,314.30499267578125,314.4599914550781,314.2099914550781,314.3450012207031,10864,0.0,0.0
2024-12-12 09:55:00-05:00,314.3399963378906,314.5899963378906,314.25,314.44000244140625,9177,0.0,0.0
2024-12-12 09:56:00-05:00,314.2687072753906,314.32391357421875,314.0899963378906,314.1549987792969,11427,0.0,0.0
2024-12-12 09:57:00-05:00,314.0899963378906,314.1400146484375,314.04998779296875,314.114990234375,3498,0.0,0.0
2024-12-12 09:58:00-05:00,314.05999755859375,314.32000732421875,314.0069885253906,314.30999755859375,14766,0.0,0.0
2024-12-12 09:59:00-05:00,314.375,314.375,314.1700134277344,314.2250061035156,5460,0.0,0.0
2024-12-12 10:00:00-05:00,314.2250061035156,314.4100036621094,314.0,314.0299987792969,13580,0.0,0.0
2024-12-12 10:01:00-05:00,314.0,314.0299987792969,313.9100036621094,313.9849853515625,4523,0.0,0.0
2024-12-12 10:02:00-05:00,313.9049987792969,313.9849853515625,313.8999938964844,313.93280029296875,2182,0.0,0.0
2024-12-12 10:03:00-05:00,313.8999938964844,313.9898986816406,313.5299987792969,313.5299987792969,9462,0.0,0.0
2024-12-12 10:04:00-05:00,313.5350036621094,313.6499938964844,313.4949951171875,313.6499938964844,4228,0.0,0.0
2024-12-12 10:05:00-05:00,313.5400085449219,313.6499938964844,313.45001220703125,313.54998779296875,6457,0.0,0.0
2024-12-12 10:06:00-05:00,313.42999267578125,313.5899963378906,313.42999267578125,313.52020263671875,6395,0.0,0.0
2024-12-12 10:07:00-05:00,313.55999755859375,313.6600036621094,313.45001220703125,313.5199890136719,6681,0.0,0.0
2024-12-12 10:08:00-05:00,313.54998779296875,313.67999267578125,313.489990234375,313.67999267578125,6861,0.0,0.0
2024-12-12 10:09:00-05:00,313.6300048828125,313.8450012207031,313.55999755859375,313.8450012207031,6246,0.0,0.0
2024-12-12 10:10:00-05:00,313.8949890136719,314.1000061035156,313.7900085449219,313.8674011230469,7485,0.0,0.0
2024-12-12 10:11:00-05:00,313.8999938964844,313.97900390625,313.6600036621094,313.6600036621094,6434,0.0,0.0
2024-12-12 10:12:00-05:00,313.6600036621094,313.7300109863281,313.6400146484375,313.6600036621094,5504,0.0,0.0
2024-12-12 10:13:00-05:00,313.7200012207031,313.9549865722656,313.7200012207031,313.9549865722656,4948,0.0,0.0
2024-12-12 10:14:00-05:00,313.8399963378906,313.9549865722656,313.8399963378906,313.8999938964844,1339,0.0,0.0
2024-12-12 10:15:00-05:00,313.8900146484375,314.1199951171875,313.864990234375,314.05999755859375,6166,0.0,0.0
2024-12-12 10:16:00-05:00,314.1700134277344,314.2298889160156,314.1199951171875,314.125,3457,0.0,0.0
2024-12-12 10:17:00-05:00,314.1199951171875,314.3500061035156,314.1199951171875,314.19000244140625,3752,0.0,0.0
2024-12-12 10:18:00-05:00,314.19000244140625,314.2900085449219,314.17999267578125,314.2049865722656,9548,0.0,0.0
2024-12-12 10:19:00-05:00,314.279296875,314.279296875,314.1199951171875,314.19000244140625,5185,0.0,0.0
2024-12-12 10:20:00-05:00,314.1000061035156,314.1650085449219,314.05999755859375,314.05999755859375,4867,0.0,0.0
2024-12-12 10:21:00-05:00,314.05999755859375,314.1499938964844,314.04998779296875,314.1499938964844,4342,0.0,0.0
2024-12-12 10:22:00-05:00,314.1050109863281,314.29998779296875,314.1000061035156,314.2250061035156,6263,0.0,0.0
2024-12-12 10:23:00-05:00,314.17999267578125,314.260009765625,314.17999267578125,314.19500732421875,3222,0.0,0.0
2024-12-12 10:24:00-05:00,314.17999267578125,314.3999938964844,314.17999267578125,314.3999938964844,4824,0.0,0.0
2024-12-12 10:25:00-05:00,314.3999938964844,314.3999938964844,314.1700134277344,314.1700134277344,8990,0.0,0.0
2024-12-12 10:26:00-05:00,314.2149963378906,314.260009765625,313.9800109863281,314.260009765625,14889,0.0,0.0
2024-12-12 10:27:00-05:00,314.2300109863281,314.2699890136719,314.20001220703125,314.2699890136719,2948,0.0,0.0
2024-12-12 10:28:00-05:00,314.17999267578125,314.1925048828125,313.875,314.1099853515625,15327,0.0,0.0
2024-12-12 10:29:00-05:00,314.1700134277344,314.19500732421875,314.1700134277344,314.19500732421875,1492,0.0,0.0
2024-12-12 10:30:00-05:00,314.1600036621094,314.2200012207031,314.1400146484375,314.19000244140625,4610,0.0,0.0
2024-12-12 10:31:00-05:00,314.17498779296875,314.3800048828125,314.17498779296875,314.3699951171875,5088,0.0,0.0
2024-12-12 10:32:00-05:00,314.3949890136719,314.5,314.3500061035156,314.4949951171875,3397,0.0,0.0
2024-12-12 10:33:00-05:00,314.6000061035156,314.6499938964844,314.5249938964844,314.56500244140625,3335,0.0,0.0
2024-12-12 10:34:00-05:00,314.6499938964844,314.6499938964844,314.57501220703125,314.57501220703125,1461,0.0,0.0
2024-12-12 10:35:00-05:00,314.57000732421875,314.6199035644531,314.4700012207031,314.5050048828125,7174,0.0,0.0
2024-12-12 10:36:00-05:00,314.4700012207031,314.4700012207031,314.1600036621094,314.239990234375,6633,0.0,0.0
2024-12-12 10:37:00-05:00,314.239990234375,314.239990234375,314.0799865722656,314.0799865722656,2520,0.0,0.0
2024-12-12 10:38:00-05:00,314.1700134277344,314.3599853515625,314.1700134277344,314.256103515625,6178,0.0,0.0
2024-12-12 10:39:00-05:00,314.32000732421875,314.4700012207031,314.32000732421875,314.4700012207031,4753,0.0,0.0
2024-12-12 10:40:00-05:00,314.5899963378906,314.5899963378906,314.3500061035156,314.4649963378906,3097,0.0,0.0
2024-12-12 10:41:00-05:00,314.3900146484375,314.42498779296875,314.239990234375,314.2699890136719,5507,0.0,0.0
2024-12-12 10:42:00-05:00,314.2300109863281,314.2300109863281,314.1400146484375,314.17498779296875,5817,0.0,0.0
2024-12-12 10:43:00-05:00,314.20001220703125,314.2200012207031,314.1600036621094,314.17498779296875,5255,0.0,0.0
2024-12-12 10:44:00-05:00,314.18499755859375,314.3800048828125,314.18499755859375,314.3800048828125,4557,0.0,0.0
2024-12-12 10:45:00-05:00,314.3800048828125,314.5299987792969,314.2674865722656,314.385009765625,7997,0.0,0.0
2024-12-12 10:46:00-05:00,314.3599853515625,314.3949890136719,314.18499755859375,314.19500732421875,6641,0.0,0.0
2024-12-12 10:47:00-05:00,314.1099853515625,314.30999755859375,313.989990234375,314.19000244140625,6570,0.0,0.0
2024-12-12 10:48:00-05:00,314.3399963378906,314.3399963378906,314.1200866699219,314.1200866699219,1615,0.0,0.0
2024-12-12 10:49:00-05:00,314.260009765625,314.3699951171875,314.260009765625,314.3699951171875,1863,0.0,0.0
2024-12-12 10:50:00-05:00,314.375,314.4599914550781,314.3504943847656,314.45001220703125,3989,0.0,0.0
2024-12-12 10:51:00-05:00,314.44000244140625,314.4934997558594,314.3949890136719,314.4934997558594,2383,0.0,0.0
2024-12-12 10:52:00-05:00,314.3599853515625,314.42498779296875,314.29998779296875,314.3699951171875,10811,0.0,0.0
2024-12-12 10:53:00-05:00,314.3699951171875,314.3699951171875,314.1300048828125,314.17498779296875,10955,0.0,0.0
2024-12-12 10:54:00-05:00,314.2200012207031,314.2300109863281,314.1099853515625,314.1099853515625,3153,0.0,0.0
2024-12-12 10:55:00-05:00,314.0950012207031,314.25,314.0799865722656,314.20001220703125,9729,0.0,0.0
2024-12-12 10:56:00-05:00,314.2900085449219,314.32000732421875,314.210205078125,314.2449951171875,2564,0.0,0.0
2024-12-12 10:57:00-05:00,314.3900146484375,314.42999267578125,314.29998779296875,314.385009765625,2680,0.0,0.0
2024-12-12 10:59:00-05:00,314.4335021972656,314.4335021972656,314.4335021972656,314.4335021972656,7066,0.0,0.0
2024-12-12 11:00:00-05:00,314.4200134277344,314.4200134277344,314.32000732421875,314.3299865722656,8211,0.0,0.0
2024-12-12 11:01:00-05:00,314.30999755859375,314.3399963378906,314.1300048828125,314.3399963378906,14550,0.0,0.0
2024-12-12 11:02:00-05:00,314.25,314.5400085449219,314.25,314.3699951171875,7784,0.0,0.0
2024-12-12 11:03:00-05:00,314.4549865722656,314.55999755859375,314.40960693359375,314.5150146484375,6477,0.0,0.0
2024-12-12 11:04:00-05:00,314.5849914550781,314.67999267578125,314.54840087890625,314.67999267578125,5513,0.0,0.0
2024-12-12 11:05:00-05:00,314.6700134277344,314.6700134277344,314.2900085449219,314.2900085449219,20231,0.0,0.0
2024-12-12 11:06:00-05:00,314.2900085449219,314.4800109863281,314.2900085449219,314.3599853515625,3033,0.0,0.0
2024-12-12 11:07:00-05:00,314.3450012207031,314.42999267578125,314.3450012207031,314.3599853515625,4063,0.0,0.0
2024-12-12 11:08:00-05:00,314.3550109863281,314.55499267578125,314.3550109863281,314.4549865722656,5144,0.0,0.0
2024-12-12 11:09:00-05:00,314.5032958984375,314.510009765625,314.42999267578125,314.4700012207031,3569,0.0,0.0
2024-12-12 11:10:00-05:00,314.4700012207031,314.6600036621094,314.4700012207031,314.6600036621094,2578,0.0,0.0
2024-12-12 11:11:00-05:00,314.5950012207031,314.69000244140625,314.55999755859375,314.625,3621,0.0,0.0
2024-12-12 11:12:00-05:00,314.5400085449219,314.7300109863281,314.5400085449219,314.68939208984375,2580,0.0,0.0
2024-12-12 11:13:00-05:00,314.75,314.82000732421875,314.7250061035156,314.82000732421875,3782,0.0,0.0
2024-12-12 11:14:00-05:00,314.7900085449219,314.80999755859375,314.6499938964844,314.6499938964844,9807,0.0,0.0
2024-12-12 11:15:00-05:00,314.6300048828125,314.739990234375,314.6300048828125,314.7099914550781,3876,0.0,0.0
2024-12-12 11:16:00-05:00,314.6499938964844,314.7699890136719,314.6499938964844,314.760009765625,2238,0.0,0.0
2024-12-12 11:17:00-05:00,314.7699890136719,314.92999267578125,314.7699890136719,314.8999938964844,3500,0.0,0.0
2024-12-12 11:18:00-05:00,314.94000244140625,315.1199951171875,314.864990234375,314.9800109863281,6206,0.0,0.0
2024-12-12 11:19:00-05:00,315.1099853515625,315.1499938964844,315.0,315.1099853515625,2149,0.0,0.0
2024-12-12 11:20:00-05:00,315.0249938964844,315.1300048828125,315.0249938964844,315.0299987792969,3381,0.0,0.0
2024-12-12 11:21:00-05:00,315.05499267578125,315.1000061035156,315.05499267578125,315.1000061035156,1334,0.0,0.0
2024-12-12 11:22:00-05:00,315.1300048828125,315.2550048828125,315.0989990234375,315.2550048828125,4420,0.0,0.0
2024-12-12 11:23:00-05:00,315.19000244140625,315.260009765625,315.1700134277344,315.239990234375,8353,0.0,0.0
2024-12-12 11:24:00-05:00,315.239990234375,315.3399963378906,315.2200012207031,315.2200012207031,3426,0.0,0.0
2024-12-12 11:25:00-05:00,315.2749938964844,315.2887878417969,315.1700134277344,315.2049865722656,10458,0.0,0.0
2024-12-12 11:26:00-05:00,315.21551513671875,315.239990234375,315.19000244140625,315.2300109863281,5128,0.0,0.0
2024-12-12 11:27:00-05:00,315.239990234375,315.25,315.2049865722656,315.25,1761,0.0,0.0
2024-12-12 11:28:00-05:00,315.239990234375,315.2991027832031,315.2300109863281,315.2799987792969,2129,0.0,0.0
2024-12-12 11:29:00-05:00,315.29998779296875,315.3599853515625,315.29998779296875,315.3349914550781,2803,0.0,0.0
2024-12-12 11:30:00-05:00,315.2799987792969,315.3800048828125,315.23431396484375,315.3800048828125,4155,0.0,0.0
2024-12-12 11:31:00-05:00,315.3900146484375,315.4700012207031,315.2799987792969,315.3500061035156,9304,0.0,0.0
2024-12-12 11:32:00-05:00,315.2799987792969,315.32000732421875,315.25,315.2749938964844,2910,0.0,0.0
2024-12-12 11:33:00-05:00,315.2650146484375,315.3500061035156,315.25,315.3500061035156,3019,0.0,0.0
2024-12-12 11:34:00-05:00,315.3399963378906,315.44000244140625,315.25,315.44000244140625,2586,0.0,0.0
2024-12-12 11:35:00-05:00,315.3900146484375,315.44000244140625,315.3800048828125,315.4100036621094,3013,0.0,0.0
2024-12-12 11:36:00-05:00,315.4100036621094,315.54998779296875,315.4049987792969,315.4100036621094,7890,0.0,0.0
2024-12-12 11:37:00-05:00,315.3999938964844,315.44500732421875,315.3999938964844,315.42999267578125,2313,0.0,0.0
2024-12-12 11:38:00-05:00,315.4700012207031,315.510009765625,315.4273986816406,315.4599914550781,2255,0.0,0.0
2024-12-12 11:39:00-05:00,315.40008544921875,315.54998779296875,315.3999938964844,315.4800109863281,2651,0.0,0.0
2024-12-12 11:40:00-05:00,315.510009765625,315.510009765625,315.3999938964844,315.4082946777344,6501,0.0,0.0
2024-12-12 11:41:00-05:00,315.42999267578125,315.4599914550781,315.30999755859375,315.30999755859375,9894,0.0,0.0
2024-12-12 11:42:00-05:00,315.3399963378906,315.3800048828125,315.32000732421875,315.3450012207031,3523,0.0,0.0
2024-12-12 11:43:00-05:00,315.3299865722656,315.45001220703125,315.30999755859375,315.45001220703125,2625,0.0,0.0
2024-12-12 11:44:00-05:00,315.4599914550781,315.4599914550781,315.3800048828125,315.3800048828125,1215,0.0,0.0
2024-12-12 11:45:00-05:00,315.44000244140625,315.4656982421875,315.29998779296875,315.3999938964844,6011,0.0,0.0
2024-12-12 11:46:00-05:00,315.45001220703125,315.45001220703125,315.385009765625,315.385009765625,2009,0.0,0.0
2024-12-12 11:47:00-05:00,315.3500061035156,315.45001220703125,315.30999755859375,315.3399963378906,4726,0.0,0.0
2024-12-12 11:48:00-05:00,315.3800048828125,315.489990234375,315.3800048828125,315.4898986816406,2274,0.0,0.0
2024-12-12 11:49:00-05:00,315.44000244140625,315.489990234375,315.43121337890625,315.43121337890625,2983,0.0,0.0
2024-12-12 11:50:00-05:00,315.4541015625,315.5,315.42999267578125,315.4700012207031,3556,0.0,0.0
2024-12-12 11:51:00-05:00,315.44000244140625,315.4700012207031,315.1099853515625,315.1099853515625,8109,0.0,0.0
2024-12-12 11:52:00-05:00,315.1499938964844,315.17999267578125,315.1199951171875,315.1400146484375,5009,0.0,0.0
2024-12-12 11:53:00-05:00,315.19000244140625,315.239990234375,315.18499755859375,315.18499755859375,3231,0.0,0.0
2024-12-12 11:54:00-05:00,315.1600036621094,315.1968994140625,315.1600036621094,315.19000244140625,1348,0.0,0.0
2024-12-12 11:55:00-05:00,315.1600036621094,315.2300109863281,315.1600036621094,315.19000244140625,4614,0.0,0.0
2024-12-12 11:56:00-05:00,315.1499938964844,315.1600036621094,314.8699951171875,314.8800048828125,8148,0.0,0.0
2024-12-12 11:57:00-05:00,314.9198913574219,314.9800109863281,314.8500061035156,314.9800109863281,3362,0.0,0.0
2024-12-12 11:58:00-05:00,314.9599914550781,314.9599914550781,314.8399963378906,314.8399963378906,2846,0.0,0.0
2024-12-12 11:59:00-05:00,314.8299865722656,314.8299865722656,314.6650085449219,314.6650085449219,2493,0.0,0.0
2024-12-12 12:00:00-05:00,314.5899963378906,314.6700134277344,314.5899963378906,314.6474914550781,2691,0.0,0.0
2024-12-12 12:01:00-05:00,314.6499938964844,314.6499938964844,314.56500244140625,314.5799865722656,2805,0.0,0.0
2024-12-12 12:02:00-05:00,314.5950012207031,314.75,314.57000732421875,314.739990234375,16647,0.0,0.0
2024-12-12 12:03:00-05:00,314.76763916015625,314.76763916015625,314.69000244140625,314.69000244140625,2075,0.0,0.0
2024-12-12 12:04:00-05:00,314.67999267578125,314.760009765625,314.6700134277344,314.760009765625,3305,0.0,0.0
2024-12-12 12:05:00-05:00,314.70001220703125,314.7900085449219,314.70001220703125,314.7799987792969,3150,0.0,0.0
2024-12-12 12:06:00-05:00,314.760009765625,314.9150085449219,314.760009765625,314.9150085449219,2953,0.0,0.0
2024-12-12 12:07:00-05:00,314.9150085449219,314.9800109863281,314.8699951171875,314.9049987792969,1667,0.0,0.0
2024-12-12 12:08:00-05:00,314.8999938964844,314.8999938964844,314.75,314.7799987792969,8576,0.0,0.0
2024-12-12 12:09:00-05:00,314.7799987792969,314.8699951171875,314.73870849609375,314.8580017089844,7466,0.0,0.0
2024-12-12 12:10:00-05:00,314.9200134277344,314.9200134277344,314.80999755859375,314.80999755859375,2632,0.0,0.0
2024-12-12 12:11:00-05:00,314.8800048828125,315.04998779296875,314.8800048828125,315.04998779296875,2577,0.0,0.0
2024-12-12 12:12:00-05:00,315.0,315.0,314.8999938964844,314.9200134277344,4686,0.0,0.0
2024-12-12 12:13:00-05:00,314.9150085449219,314.95001220703125,314.864990234375,314.95001220703125,3707,0.0,0.0
2024-12-12 12:14:00-05:00,314.93499755859375,314.94000244140625,314.8999938964844,314.8999938964844,2091,0.0,0.0
2024-12-12 12:15:00-05:00,314.989990234375,315.07000732421875,314.9700012207031,315.07000732421875,2153,0.0,0.0
2024-12-12 12:16:00-05:00,315.05499267578125,315.1099853515625,315.022705078125,315.1099853515625,2152,0.0,0.0
2024-12-12 12:17:00-05:00,315.1000061035156,315.1083984375,315.04998779296875,315.04998779296875,3496,0.0,0.0
2024-12-12 12:18:00-05:00,315.07501220703125,315.1300048828125,315.07501220703125,315.1300048828125,2162,0.0,0.0
2024-12-12 12:19:00-05:00,315.1199951171875,315.32000732421875,315.0199890136719,315.0199890136719,15689,0.0,0.0
2024-12-12 12:20:00-05:00,315.1099853515625,315.1600036621094,315.0802917480469,315.1199951171875,2830,0.0,0.0
2024-12-12 12:21:00-05:00,315.0799865722656,315.0849914550781,315.0299987792969,315.03009033203125,3712,0.0,0.0
2024-12-12 12:22:00-05:00,315.0299987792969,315.0299987792969,314.864990234375,314.9800109863281,4221,0.0,0.0
2024-12-12 12:23:00-05:00,314.92999267578125,315.010009765625,314.9100036621094,314.9100036621094,2732,0.0,0.0
2024-12-12 12:24:00-05:00,314.93499755859375,314.93499755859375,314.79998779296875,314.8699951171875,2090,0.0,0.0
2024-12-12 12:25:00-05:00,314.8699951171875,314.8699951171875,314.8299865722656,314.8699951171875,1057,0.0,0.0
2024-12-12 12:26:00-05:00,314.8299865722656,314.9100036621094,314.8299865722656,314.8999938964844,2188,0.0,0.0
2024-12-12 12:27:00-05:00,314.8800048828125,314.885009765625,314.8399963378906,314.85430908203125,2856,0.0,0.0
2024-12-12 12:28:00-05:00,314.8399963378906,314.8900146484375,314.80999755859375,314.8450012207031,7117,0.0,0.0
2024-12-12 12:29:00-05:00,314.8450012207031,314.92999267578125,314.8450012207031,314.8900146484375,5281,0.0,0.0
2024-12-12 12:30:00-05:00,314.8399963378906,315.0199890136719,314.8399963378906,314.9693908691406,4221,0.0,0.0
2024-12-12 12:31:00-05:00,314.95001220703125,314.95001220703125,314.8699951171875,314.8699951171875,5511,0.0,0.0
2024-12-12 12:32:00-05:00,314.8599853515625,314.9163818359375,314.8500061035156,314.8800048828125,1944,0.0,0.0
2024-12-12 12:33:00-05:00,314.8500061035156,314.989990234375,314.8500061035156,314.9549865722656,2457,0.0,0.0
2024-12-12 12:34:00-05:00,314.910888671875,314.910888671875,314.82000732421875,314.8399963378906,3668,0.0,0.0
2024-12-12 12:35:00-05:00,314.82000732421875,314.8450012207031,314.82000732421875,314.8450012207031,1113,0.0,0.0
2024-12-12 12:36:00-05:00,314.80999755859375,314.80999755859375,314.6405944824219,314.6405944824219,5167,0.0,0.0
2024-12-12 12:37:00-05:00,314.7099914550781,314.8299865722656,314.69158935546875,314.82000732421875,2752,0.0,0.0
2024-12-12 12:38:00-05:00,314.79998779296875,314.8599853515625,314.760009765625,314.8599853515625,1749,0.0,0.0
2024-12-12 12:39:00-05:00,314.8800048828125,314.8800048828125,314.8800048828125,314.8800048828125,1390,0.0,0.0
2024-12-12 12:40:00-05:00,314.95001220703125,314.9903869628906,314.8500061035156,314.8500061035156,5473,0.0,0.0
2024-12-12 12:41:00-05:00,314.8399963378906,314.84991455078125,314.7699890136719,314.84991455078125,1910,0.0,0.0
2024-12-12 12:42:00-05:00,314.739990234375,314.7850036621094,314.739990234375,314.7799987792969,1752,0.0,0.0
2024-12-12 12:43:00-05:00,314.7749938964844,314.7749938964844,314.69000244140625,314.69000244140625,2124,0.0,0.0
2024-12-12 12:44:00-05:00,314.70379638671875,314.70379638671875,314.6499938964844,314.67999267578125,1686,0.0,0.0
2024-12-12 12:45:00-05:00,314.70001220703125,314.8900146484375,314.70001220703125,314.885009765625,5871,0.0,0.0
2024-12-12 12:46:00-05:00,314.95001220703125,314.989990234375,314.94000244140625,314.989990234375,1058,0.0,0.0
2024-12-12 12:47:00-05:00,314.9800109863281,314.9800109863281,314.8599853515625,314.8599853515625,2821,0.0,0.0
2024-12-12 12:48:00-05:00,314.8900146484375,314.9200134277344,314.86810302734375,314.8999938964844,1091,0.0,0.0
2024-12-12 12:49:00-05:00,314.9100036621094,314.9200134277344,314.760986328125,314.79998779296875,7720,0.0,0.0
2024-12-12 12:50:00-05:00,314.8399963378906,314.8500061035156,314.69000244140625,314.69000244140625,4019,0.0,0.0
2024-12-12 12:51:00-05:00,314.7099914550781,314.7099914550781,314.55999755859375,314.6099853515625,2027,0.0,0.0
2024-12-12 12:52:00-05:00,314.5400085449219,314.5400085449219,314.52191162109375,314.5223083496094,1275,0.0,0.0
2024-12-12 12:53:00-05:00,314.5899963378906,314.6600036621094,314.5899963378906,314.6600036621094,2700,0.0,0.0
2024-12-12 12:54:00-05:00,314.6499938964844,314.69000244140625,314.5824890136719,314.69000244140625,3578,0.0,0.0
2024-12-12 12:55:00-05:00,314.69000244140625,314.75,314.6600036621094,314.75,4822,0.0,0.0
2024-12-12 12:56:00-05:00,314.7900085449219,314.8399963378906,314.7799987792969,314.8399963378906,1790,0.0,0.0
2024-12-12 12:57:00-05:00,314.8299865722656,314.8525085449219,314.7799987792969,314.8399963378906,2822,0.0,0.0
2024-12-12 12:58:00-05:00,314.8399963378906,314.8699951171875,314.7900085449219,314.84710693359375,2071,0.0,0.0
2024-12-12 12:59:00-05:00,314.8900146484375,314.9100036621094,314.8399963378906,314.8999938964844,4039,0.0,0.0
2024-12-12 13:00:00-05:00,314.9049987792969,314.989990234375,314.9049987792969,314.94000244140625,4155,0.0,0.0
2024-12-12 13:01:00-05:00,314.92999267578125,314.92999267578125,314.8699951171875,314.885009765625,5300,0.0,0.0
2024-12-12 13:02:00-05:00,314.8500061035156,314.92999267578125,314.8299865722656,314.8399963378906,6937,0.0,0.0
2024-12-12 13:03:00-05:00,314.8399963378906,314.8399963378906,314.7998962402344,314.79998779296875,1595,0.0,0.0
2024-12-12 13:04:00-05:00,314.7900085449219,314.80499267578125,314.7799987792969,314.7799987792969,2423,0.0,0.0
2024-12-12 13:05:00-05:00,314.82000732421875,314.8800048828125,314.82000732421875,314.864990234375,3377,0.0,0.0
2024-12-12 13:06:00-05:00,314.8999938964844,314.9100036621094,314.8299865722656,314.8800048828125,3735,0.0,0.0
2024-12-12 13:07:00-05:00,314.8599853515625,314.86920166015625,314.7900085449219,314.8399963378906,5435,0.0,0.0
2024-12-12 13:08:00-05:00,314.92999267578125,315.05499267578125,314.92999267578125,315.05499267578125,3876,0.0,0.0
2024-12-12 13:09:00-05:00,315.07501220703125,315.125,315.04998779296875,315.0849914550781,5345,0.0,0.0
2024-12-12 13:10:00-05:00,315.05999755859375,315.07501220703125,315.0299987792969,315.07501220703125,2296,0.0,0.0
2024-12-12 13:11:00-05:00,315.05999755859375,315.05999755859375,314.9800109863281,314.989990234375,5599,0.0,0.0
2024-12-12 13:12:00-05:00,314.989990234375,315.0450134277344,314.9855041503906,315.0450134277344,2848,0.0,0.0
2024-12-12 13:13:00-05:00,315.010009765625,315.0799865722656,315.010009765625,315.0799865722656,1404,0.0,0.0
2024-12-12 13:14:00-05:00,315.0899963378906,315.1300048828125,315.0899963378906,315.1300048828125,2336,0.0,0.0
2024-12-12 13:15:00-05:00,315.1499938964844,315.1600036621094,315.0899963378906,315.1600036621094,3466,0.0,0.0
2024-12-12 13:16:00-05:00,315.1499938964844,315.17999267578125,315.1199951171875,315.1700134277344,1539,0.0,0.0
2024-12-12 13:17:00-05:00,315.1600036621094,315.2699890136719,315.1600036621094,315.2699890136719,2591,0.0,0.0
2024-12-12 13:18:00-05:00,315.25,315.2799987792969,315.2099914550781,315.25,4364,0.0,0.0
2024-12-12 13:19:00-05:00,315.260009765625,315.260009765625,315.1600036621094,315.1600036621094,11968,0.0,0.0
2024-12-12 13:20:00-05:00,315.169189453125,315.260009765625,315.169189453125,315.2200012207031,3031,0.0,0.0
2024-12-12 13:21:00-05:00,315.2200012207031,315.2300109863281,315.1499938964844,315.2200012207031,5345,0.0,0.0
2024-12-12 13:22:00-05:00,315.2200012207031,315.239990234375,315.20001220703125,315.2250061035156,2774,0.0,0.0
2024-12-12 13:23:00-05:00,315.2300109863281,315.2300109863281,315.19970703125,315.19970703125,5126,0.0,0.0
2024-12-12 13:24:00-05:00,315.19000244140625,315.260009765625,315.18499755859375,315.19000244140625,4501,0.0,0.0
2024-12-12 13:25:00-05:00,315.1700134277344,315.2650146484375,315.1700134277344,315.2650146484375,5614,0.0,0.0
2024-12-12 13:26:00-05:00,315.2200012207031,315.2699890136719,315.2099914550781,315.2699890136719,3874,0.0,0.0
2024-12-12 13:27:00-05:00,315.2900085449219,315.29998779296875,315.19000244140625,315.19000244140625,3095,0.0,0.0
2024-12-12 13:28:00-05:00,315.19500732421875,315.19500732421875,315.0899963378906,315.1099853515625,3861,0.0,0.0
2024-12-12 13:29:00-05:00,315.1099853515625,315.1199951171875,314.97760009765625,315.0050048828125,4618,0.0,0.0
2024-12-12 13:30:00-05:00,314.9700927734375,315.02081298828125,314.9700012207031,315.0050048828125,2703,0.0,0.0
2024-12-12 13:31:00-05:00,315.0050048828125,315.010009765625,314.92999267578125,314.92999267578125,8784,0.0,0.0
2024-12-12 13:32:00-05:00,314.94000244140625,314.9949951171875,314.94000244140625,314.9700012207031,1963,0.0,0.0
2024-12-12 13:33:00-05:00,314.9599914550781,314.9599914550781,314.90008544921875,314.92498779296875,3080,0.0,0.0
2024-12-12 13:34:00-05:00,314.8999938964844,314.8999938964844,314.7699890136719,314.79998779296875,4034,0.0,0.0
2024-12-12 13:35:00-05:00,314.760009765625,314.760009765625,314.6499938964844,314.6600036621094,3564,0.0,0.0
2024-12-12 13:36:00-05:00,314.6499938964844,314.6700134277344,314.5849914550781,314.6499938964844,3524,0.0,0.0
2024-12-12 13:37:00-05:00,314.6300048828125,314.6300048828125,314.5299987792969,314.5299987792969,2083,0.0,0.0
2024-12-12 13:38:00-05:00,314.5299987792969,314.54998779296875,314.42498779296875,314.51239013671875,4905,0.0,0.0
2024-12-12 13:39:00-05:00,314.6000061035156,314.7200012207031,314.55999755859375,314.7200012207031,1841,0.0,0.0
2024-12-12 13:40:00-05:00,314.6300048828125,314.7287902832031,314.55999755859375,314.62701416015625,9231,0.0,0.0
2024-12-12 13:41:00-05:00,314.6401062011719,314.68499755859375,314.6199951171875,314.6199951171875,2690,0.0,0.0
2024-12-12 13:42:00-05:00,314.635009765625,314.635009765625,314.6000061035156,314.635009765625,1397,0.0,0.0
2024-12-12 13:43:00-05:00,314.6099853515625,314.67999267578125,314.6099853515625,314.6499938964844,3205,0.0,0.0
2024-12-12 13:44:00-05:00,314.6449890136719,314.69000244140625,314.6449890136719,314.67999267578125,1048,0.0,0.0
2024-12-12 13:45:00-05:00,314.64599609375,314.7200012207031,314.6377868652344,314.69500732421875,2640,0.0,0.0
2024-12-12 13:46:00-05:00,314.6600036621094,314.67999267578125,314.55999755859375,314.6199951171875,10408,0.0,0.0
2024-12-12 13:47:00-05:00,314.5899963378906,314.6600036621094,314.55999755859375,314.5899963378906,4684,0.0,0.0
2024-12-12 13:48:00-05:00,314.6000061035156,314.6000061035156,314.55499267578125,314.6000061035156,2769,0.0,0.0
2024-12-12 13:49:00-05:00,314.6000061035156,314.6300048828125,314.57000732421875,314.625,2056,0.0,0.0
2024-12-12 13:50:00-05:00,314.6199951171875,314.6300048828125,314.6000061035156,314.6300048828125,932,0.0,0.0
2024-12-12 13:51:00-05:00,314.64898681640625,314.64898681640625,314.5249938964844,314.5249938964844,8060,0.0,0.0
2024-12-12 13:52:00-05:00,314.5199890136719,314.54998779296875,314.510009765625,314.5199890136719,1374,0.0,0.0
2024-12-12 13:53:00-05:00,314.57000732421875,314.6400146484375,314.57000732421875,314.6000061035156,2375,0.0,0.0
2024-12-12 13:54:00-05:00,314.6400146484375,314.6700134277344,314.60089111328125,314.6700134277344,1906,0.0,0.0
2024-12-12 13:55:00-05:00,314.7099914550781,314.7300109863281,314.69000244140625,314.7300109863281,1863,0.0,0.0
2024-12-12 13:56:00-05:00,314.739990234375,314.7650146484375,314.67999267578125,314.7250061035156,6476,0.0,0.0
2024-12-12 13:57:00-05:00,314.6700134277344,314.7099914550781,314.6600036621094,314.7099914550781,3274,0.0,0.0
2024-12-12 13:58:00-05:00,314.6700134277344,314.7080993652344,314.6499938964844,314.6600036621094,3623,0.0,0.0
2024-12-12 13:59:00-05:00,314.6499938964844,314.6600036621094,314.57000732421875,314.57000732421875,7030,0.0,0.0
2024-12-12 14:00:00-05:00,314.5899963378906,314.5899963378906,314.5,314.5,1398,0.0,0.0
2024-12-12 14:01:00-05:00,314.5199890136719,314.5199890136719,314.44000244140625,314.44000244140625,13605,0.0,0.0
2024-12-12 14:02:00-05:00,314.5,314.56988525390625,314.44000244140625,314.5,5321,0.0,0.0
2024-12-12 14:03:00-05:00,314.4849853515625,314.5400085449219,314.42999267578125,314.5400085449219,4022,0.0,0.0
2024-12-12 14:04:00-05:00,314.55999755859375,314.5799865722656,314.5382995605469,314.5382995605469,1590,0.0,0.0
2024-12-12 14:05:00-05:00,314.55999755859375,314.57501220703125,314.5486145019531,314.5486145019531,2324,0.0,0.0
2024-12-12 14:06:00-05:00,314.5400085449219,314.5400085449219,314.3900146484375,314.42999267578125,7117,0.0,0.0
2024-12-12 14:07:00-05:00,314.3900146484375,314.45001220703125,314.2900085449219,314.45001220703125,6578,0.0,0.0
2024-12-12 14:08:00-05:00,314.3999938964844,314.45001220703125,314.3800048828125,314.45001220703125,628,0.0,0.0
2024-12-12 14:09:00-05:00,314.4100036621094,314.4100036621094,314.25,314.2749938964844,4787,0.0,0.0
2024-12-12 14:10:00-05:00,314.30999755859375,314.3299865722656,314.2699890136719,314.3240051269531,4437,0.0,0.0
2024-12-12 14:11:00-05:00,314.3299865722656,314.3992919921875,314.32000732421875,314.32000732421875,4861,0.0,0.0
2024-12-12 14:12:00-05:00,314.30999755859375,314.3389892578125,314.260009765625,314.2850036621094,5966,0.0,0.0
2024-12-12 14:13:00-05:00,314.260009765625,314.32000732421875,314.2300109863281,314.2900085449219,5029,0.0,0.0
2024-12-12 14:14:00-05:00,314.2799987792969,314.2799987792969,314.25,314.2699890136719,3744,0.0,0.0
2024-12-12 14:15:00-05:00,314.25,314.3599853515625,314.2300109863281,314.3599853515625,5640,0.0,0.0
2024-12-12 14:16:00-05:00,314.2900085449219,314.2900085449219,314.20001220703125,314.2300109863281,5805,0.0,0.0
2024-12-12 14:17:00-05:00,314.2200012207031,314.2200012207031,314.125,314.125,2134,0.0,0.0
2024-12-12 14:18:00-05:00,314.0964050292969,314.1700134277344,314.0964050292969,314.1549987792969,2711,0.0,0.0
2024-12-12 14:19:00-05:00,314.1199951171875,314.2200012207031,314.1199951171875,314.1499938964844,4640,0.0,0.0
2024-12-12 14:20:00-05:00,314.1499938964844,314.260009765625,314.1199951171875,314.260009765625,4479,0.0,0.0
2024-12-12 14:21:00-05:00,314.239990234375,314.239990234375,314.0899963378906,314.1000061035156,4663,0.0,0.0
2024-12-12 14:22:00-05:00,314.1000061035156,314.1000061035156,313.8500061035156,313.9849853515625,7858,0.0,0.0
2024-12-12 14:23:00-05:00,313.9849853515625,314.07000732421875,313.9849853515625,314.0350036621094,2865,0.0,0.0
2024-12-12 14:24:00-05:00,314.0,314.07000732421875,314.0,314.010009765625,4178,0.0,0.0
2024-12-12 14:25:00-05:00,314.0350036621094,314.0350036621094,313.82000732421875,313.9049987792969,8674,0.0,0.0
2024-12-12 14:26:00-05:00,313.9100036621094,313.95001220703125,313.8800048828125,313.9200134277344,2726,0.0,0.0
2024-12-12 14:27:00-05:00,313.9150085449219,313.9150085449219,313.8395080566406,313.885009765625,6098,0.0,0.0
2024-12-12 14:28:00-05:00,313.885009765625,313.885009765625,313.7300109863281,313.7300109863281,5722,0.0,0.0
2024-12-12 14:29:00-05:00,313.739990234375,313.76409912109375,313.7099914550781,313.7300109863281,2770,0.0,0.0
2024-12-12 14:30:00-05:00,313.7300109863281,313.7799987792969,313.7099914550781,313.7449951171875,4069,0.0,0.0
2024-12-12 14:31:00-05:00,313.7449951171875,313.7799987792969,313.7101135253906,313.75,1324,0.0,0.0
2024-12-12 14:32:00-05:00,313.760009765625,313.8299865722656,313.760009765625,313.82000732421875,5405,0.0,0.0
2024-12-12 14:33:00-05:00,313.80999755859375,313.8599853515625,313.7699890136719,313.8349914550781,2569,0.0,0.0
2024-12-12 14:34:00-05:00,313.8699951171875,313.8999938964844,313.8450012207031,313.8450012207031,2547,0.0,0.0
2024-12-12 14:35:00-05:00,313.83209228515625,313.8900146484375,313.83209228515625,313.8900146484375,1366,0.0,0.0
2024-12-12 14:36:00-05:00,313.8500061035156,313.9599914550781,313.82000732421875,313.9599914550781,6534,0.0,0.0
2024-12-12 14:37:00-05:00,313.9100036621094,314.1099853515625,313.8999938964844,314.1099853515625,6185,0.0,0.0
2024-12-12 14:38:00-05:00,314.1400146484375,314.2130126953125,314.0700988769531,314.1549987792969,4272,0.0,0.0
2024-12-12 14:39:00-05:00,314.2200012207031,314.2200012207031,314.17010498046875,314.17010498046875,2214,0.0,0.0
2024-12-12 14:40:00-05:00,314.25,314.25,314.20001220703125,314.25,4439,0.0,0.0
2024-12-12 14:41:00-05:00,314.2099914550781,314.2300109863281,314.19000244140625,314.2250061035156,8613,0.0,0.0
2024-12-12 14:42:00-05:00,314.260009765625,314.3800048828125,314.25,314.32000732421875,8072,0.0,0.0
2024-12-12 14:43:00-05:00,314.32000732421875,314.32000732421875,314.25,314.2799987792969,9881,0.0,0.0
2024-12-12 14:44:00-05:00,314.30999755859375,314.4100036621094,314.30999755859375,314.4100036621094,3008,0.0,0.0
2024-12-12 14:45:00-05:00,314.4100036621094,314.4100036621094,314.2799987792969,314.2799987792969,7820,0.0,0.0
2024-12-12 14:46:00-05:00,314.2799987792969,314.3599853515625,314.2799987792969,314.3399963378906,2943,0.0,0.0
2024-12-12 14:47:00-05:00,314.3349914550781,314.3699951171875,314.2799987792969,314.29998779296875,7632,0.0,0.0
2024-12-12 14:48:00-05:00,314.29998779296875,314.32000732421875,314.17498779296875,314.17498779296875,4427,0.0,0.0
2024-12-12 14:49:00-05:00,314.2099914550781,314.260009765625,314.1499938964844,314.2349853515625,4793,0.0,0.0
2024-12-12 14:50:00-05:00,314.19000244140625,314.2250061035156,314.1700134277344,314.2250061035156,5186,0.0,0.0
2024-12-12 14:51:00-05:00,314.25,314.28369140625,314.1549987792969,314.1549987792969,5942,0.0,0.0
2024-12-12 14:52:00-05:00,314.1300048828125,314.20001220703125,314.0899963378906,314.1600036621094,3280,0.0,0.0
2024-12-12 14:53:00-05:00,314.1700134277344,314.20989990234375,314.1199951171875,314.1300048828125,5310,0.0,0.0
2024-12-12 14:54:00-05:00,314.1000061035156,314.139892578125,314.0899963378906,314.114990234375,4494,0.0,0.0
2024-12-12 14:55:00-05:00,314.114990234375,314.1499938964844,314.0899963378906,314.1199951171875,6130,0.0,0.0
2024-12-12 14:56:00-05:00,314.0899963378906,314.1300048828125,314.0299987792969,314.0299987792969,5497,0.0,0.0
2024-12-12 14:57:00-05:00,314.0400085449219,314.0950012207031,314.0199890136719,314.0950012207031,3172,0.0,0.0
2024-12-12 14:58:00-05:00,314.010009765625,314.0400085449219,314.010009765625,314.010009765625,3397,0.0,0.0
2024-12-12 14:59:00-05:00,314.0350036621094,314.1000061035156,314.0205993652344,314.1000061035156,5663,0.0,0.0
2024-12-12 15:00:00-05:00,314.1000061035156,314.17999267578125,314.0799865722656,314.1499938964844,5844,0.0,0.0
2024-12-12 15:01:00-05:00,314.12908935546875,314.17999267578125,314.0899963378906,314.1099853515625,5314,0.0,0.0
2024-12-12 15:02:00-05:00,314.1199951171875,314.260009765625,314.0994873046875,314.260009765625,5204,0.0,0.0
2024-12-12 15:03:00-05:00,314.260009765625,314.2699890136719,314.2250061035156,314.2650146484375,2719,0.0,0.0
2024-12-12 15:04:00-05:00,314.239990234375,314.2650146484375,314.2300109863281,314.2550048828125,3654,0.0,0.0
2024-12-12 15:05:00-05:00,314.2300109863281,314.2300109863281,314.1700134277344,314.2076110839844,4322,0.0,0.0
2024-12-12 15:06:00-05:00,314.20001220703125,314.260009765625,314.1700134277344,314.2391052246094,2969,0.0,0.0
2024-12-12 15:07:00-05:00,314.2550048828125,314.4100036621094,314.24749755859375,314.4100036621094,5737,0.0,0.0
2024-12-12 15:08:00-05:00,314.44000244140625,314.5199890136719,314.44000244140625,314.5199890136719,3871,0.0,0.0
2024-12-12 15:09:00-05:00,314.5249938964844,314.6199951171875,314.5249938964844,314.5953063964844,4100,0.0,0.0
2024-12-12 15:10:00-05:00,314.5899963378906,314.6400146484375,314.5299987792969,314.5350036621094,7935,0.0,0.0
2024-12-12 15:11:00-05:00,314.5400085449219,314.6000061035156,314.1300048828125,314.510009765625,28549,0.0,0.0
2024-12-12 15:12:00-05:00,314.489990234375,314.5199890136719,314.489990234375,314.5,2285,0.0,0.0
2024-12-12 15:13:00-05:00,314.4700012207031,314.5400085449219,314.4599914550781,314.5400085449219,4829,0.0,0.0
2024-12-12 15:14:00-05:00,314.54998779296875,314.55999755859375,314.5,314.54998779296875,3167,0.0,0.0
2024-12-12 15:15:00-05:00,314.57000732421875,314.6499938964844,314.57000732421875,314.6300048828125,5214,0.0,0.0
2024-12-12 15:16:00-05:00,314.5899963378906,314.6199951171875,314.5299987792969,314.5299987792969,6577,0.0,0.0
2024-12-12 15:17:00-05:00,314.55999755859375,314.625,314.55999755859375,314.625,2637,0.0,0.0
2024-12-12 15:18:00-05:00,314.6700134277344,314.7200012207031,314.6499938964844,314.7099914550781,3500,0.0,0.0
2024-12-12 15:19:00-05:00,314.6700134277344,314.69500732421875,314.57000732421875,314.57000732421875,8365,0.0,0.0
2024-12-12 15:20:00-05:00,314.55999755859375,314.6600036621094,314.54998779296875,314.6600036621094,4496,0.0,0.0
2024-12-12 15:21:00-05:00,314.635986328125,314.67999267578125,314.614990234375,314.6513977050781,4206,0.0,0.0
2024-12-12 15:22:00-05:00,314.6600036621094,314.739990234375,314.6400146484375,314.739990234375,3205,0.0,0.0
2024-12-12 15:23:00-05:00,314.7200012207031,314.7799987792969,314.70660400390625,314.7699890136719,4361,0.0,0.0
2024-12-12 15:24:00-05:00,314.80999755859375,314.80999755859375,314.6400146484375,314.6400146484375,8541,0.0,0.0
2024-12-12 15:25:00-05:00,314.6400146484375,314.7200012207031,314.6400146484375,314.70550537109375,3389,0.0,0.0
2024-12-12 15:26:00-05:00,314.7250061035156,314.7250061035156,314.6340026855469,314.67999267578125,7303,0.0,0.0
2024-12-12 15:27:00-05:00,314.6499938964844,314.70001220703125,314.6499938964844,314.6556091308594,3783,0.0,0.0
2024-12-12 15:28:00-05:00,314.7099914550781,314.739990234375,314.67999267578125,314.67999267578125,6201,0.0,0.0
2024-12-12 15:29:00-05:00,314.70001220703125,314.739990234375,314.6600036621094,314.67840576171875,5404,0.0,0.0
2024-12-12 15:30:00-05:00,314.70001220703125,314.70001220703125,314.4100036621094,314.5,16089,0.0,0.0
2024-12-12 15:31:00-05:00,314.5199890136719,314.75,314.5199890136719,314.739990234375,6963,0.0,0.0
2024-12-12 15:32:00-05:00,314.80999755859375,314.8299865722656,314.67999267578125,314.69500732421875,6370,0.0,0.0
2024-12-12 15:33:00-05:00,314.69500732421875,314.760009765625,314.6499938964844,314.7200012207031,10551,0.0,0.0
2024-12-12 15:34:00-05:00,314.6499938964844,314.67999267578125,314.6099853515625,314.67498779296875,4893,0.0,0.0
2024-12-12 15:35:00-05:00,314.6600036621094,314.69000244140625,314.5899963378906,314.6099853515625,9310,0.0,0.0
2024-12-12 15:36:00-05:00,314.56500244140625,314.70001220703125,314.55999755859375,314.70001220703125,7581,0.0,0.0
2024-12-12 15:37:00-05:00,314.6700134277344,314.7099914550781,314.5899963378906,314.5899963378906,6459,0.0,0.0
2024-12-12 15:38:00-05:00,314.5899963378906,314.6700134277344,314.5802001953125,314.6499938964844,9661,0.0,0.0
2024-12-12 15:39:00-05:00,314.614990234375,314.614990234375,314.5199890136719,314.55999755859375,3469,0.0,0.0
2024-12-12 15:40:00-05:00,314.57000732421875,314.6300048828125,314.5,314.6000061035156,7774,0.0,0.0
2024-12-12 15:41:00-05:00,314.64068603515625,314.6499938964844,314.55999755859375,314.6499938964844,4385,0.0,0.0
2024-12-12 15:42:00-05:00,314.6000061035156,314.6300048828125,314.57000732421875,314.57000732421875,6241,0.0,0.0
2024-12-12 15:43:00-05:00,314.57000732421875,314.5899963378906,314.3599853515625,314.3599853515625,8194,0.0,0.0
2024-12-12 15:44:00-05:00,314.3599853515625,314.5199890136719,314.3599853515625,314.5,10071,0.0,0.0
2024-12-12 15:45:00-05:00,314.5299987792969,314.69500732421875,314.5199890136719,314.6700134277344,11919,0.0,0.0
2024-12-12 15:46:00-05:00,314.69000244140625,314.7200012207031,314.5799865722656,314.5799865722656,9920,0.0,0.0
2024-12-12 15:47:00-05:00,314.55499267578125,314.55499267578125,314.375,314.375,7452,0.0,0.0
2024-12-12 15:48:00-05:00,314.4100036621094,314.489990234375,314.3949890136719,314.3949890136719,5850,0.0,0.0
2024-12-12 15:49:00-05:00,314.3999938964844,314.4800109863281,314.3900146484375,314.4700012207031,8263,0.0,0.0
2024-12-12 15:50:00-05:00,314.5199890136719,314.5199890136719,314.2200012207031,314.4200134277344,16468,0.0,0.0
2024-12-12 15:51:00-05:00,314.3699951171875,314.4150085449219,314.2900085449219,314.30999755859375,14676,0.0,0.0
2024-12-12 15:52:00-05:00,314.2699890136719,314.32000732421875,314.1310119628906,314.2650146484375,14289,0.0,0.0
2024-12-12 15:53:00-05:00,314.2900085449219,314.29998779296875,314.1000061035156,314.20001220703125,16727,0.0,0.0
2024-12-12 15:54:00-05:00,314.17999267578125,314.2900085449219,314.1499938964844,314.1499938964844,18491,0.0,0.0
2024-12-12 15:55:00-05:00,314.1700134277344,314.32000732421875,314.07000732421875,314.30999755859375,19856,0.0,0.0
2024-12-12 15:56:00-05:00,314.32000732421875,314.4700012207031,314.2200012207031,314.4599914550781,28349,0.0,0.0
2024-12-12 15:57:00-05:00,314.45001220703125,314.6499938964844,314.4200134277344,314.5799865722656,37045,0.0,0.0
2024-12-12 15:58:00-05:00,314.5799865722656,314.70001220703125,314.55999755859375,314.6099853515625,48736,0.0,0.0
2024-12-12 15:59:00-05:00,314.6499938964844,314.69000244140625,314.29998779296875,314.3299865722656,104341,0.0,0.0
2024-12-12 16:00:00-05:00,314.33,314.39,314.23,314.23,570269,0.0,0.0
2024-12-12 16:01:00-05:00,314.23,314.23,309.92,314.23,0,0.0,0.0
2024-12-12 16:02:00-05:00,314.23,314.23,314.23,314.23,0,0.0,0.0
2024-12-12 16:03:00-05:00,314.23,314.23,314.23,314.23,0,0.0,0.0
2024-12-12 16:04:00-05:00,314.3,314.52,313.67,314.47,0,0.0,0.0
2024-12-12 16:05:00-05:00,314.23,314.4,314.23,314.39,0,0.0,0.0
2024-12-12 16:06:00-05:00,314.39,314.39,313.0,313.0,0,0.0,0.0
2024-12-12 16:07:00-05:00,314.23,314.23,314.23,314.23,0,0.0,0.0
2024-12-12 16:08:00-05:00,314.43,314.43,314.43,314.43,0,0.0,0.0
2024-12-12 16:10:00-05:00,313.0,313.0,313.0,313.0,0,0.0,0.0
2024-12-12 16:13:00-05:00,314.23,314.3,314.23,314.3,0,0.0,0.0
2024-12-12 16:14:00-05:00,314.3,314.3,314.3,314.3,0,0.0,0.0
2024-12-12 16:15:00-05:00,314.23,314.44,314.23,314.42,0,0.0,0.0
2024-12-12 16:18:00-05:00,313.0715,313.0715,313.0715,313.0715,0,0.0,0.0
2024-12-12 16:20:00-05:00,314.23,315.0,314.23,315.0,0,0.0,0.0
2024-12-12 16:22:00-05:00,314.22,314.4,314.22,314.4,0,0.0,0.0
2024-12-12 16:36:00-05:00,314.48,314.48,314.48,314.48,0,0.0,0.0
2024-12-12 16:38:00-05:00,314.3,314.3,314.3,314.3,0,0.0,0.0
2024-12-12 16:39:00-05:00,314.3,314.3,314.3,314.3,0,0.0,0.0
2024-12-12 16:40:00-05:00,314.23,314.23,314.23,314.23,0,0.0,0.0
2024-12-12 16:41:00-05:00,314.48,314.48,314.48,314.48,0,0.0,0.0
2024-12-12 16:43:00-05:00,314.42,315.7885,314.42,315.7885,0,0.0,0.0
2024-12-12 16:46:00-05:00,313.0,314.3,313.0,314.3,0,0.0,0.0
2024-12-12 16:50:00-05:00,314.23,314.23,314.23,314.23,0,0.0,0.0
2024-12-12 16:53:00-05:00,313.4,313.4,313.4,313.4,0,0.0,0.0
2024-12-12 16:56:00-05:00,314.33,314.33,314.33,314.33,0,0.0,0.0
2024-12-12 17:01:00-05:00,314.23,314.23,314.23,314.23,0,0.0,0.0
2024-12-12 17:02:00-05:00,314.3,314.3,314.3,314.3,0,0.0,0.0
2024-12-12 17:04:00-05:00,313.1,313.1,313.1,313.1,0,0.0,0.0
2024-12-12 17:05:00-05:00,313.1,314.48,313.1,314.48,0,0.0,0.0
2024-12-12 17:06:00-05:00,313.1,314.31,313.1,314.31,0,0.0,0.0
2024-12-12 17:07:00-05:00,314.31,314.31,314.31,314.31,0,0.0,0.0
2024-12-12 17:09:00-05:00,313.1,313.1,313.1,313.1,0,0.0,0.0
2024-12-12 17:15:00-05:00,314.47,314.47,314.47,314.47,0,0.0,0.0
2024-12-12 17:20:00-05:00,314.47,314.47,314.47,314.47,0,0.0,0.0
2024-12-12 17:23:00-05:00,314.31,314.31,314.31,314.31,0,0.0,0.0
2024-12-12 17:25:00-05:00,314.42,314.42,314.41,314.41,0,0.0,0.0
2024-12-12 17:29:00-05:00,314.31,314.31,314.31,314.31,0,0.0,0.0
2024-12-12 17:31:00-05:00,315.8192,315.8192,315.8192,315.8192,0,0.0,0.0
2024-12-12 17:32:00-05:00,314.48,314.48,314.48,314.48,0,0.0,0.0
2024-12-12 17:34:00-05:00,314.48,314.48,314.48,314.48,0,0.0,0.0
2024-12-12 17:36:00-05:00,314.3,314.3,314.3,314.3,0,0.0,0.0
2024-12-12 17:39:00-05:00,315.8192,315.8192,315.8192,315.8192,0,0.0,0.0
2024-12-12 17:40:00-05:00,315.86,315.86,315.86,315.86,0,0.0,0.0
2024-12-12 17:50:00-05:00,314.31,314.31,314.31,314.31,0,0.0,0.0
2024-12-12 17:51:00-05:00,314.24,314.24,314.24,314.24,0,0.0,0.0
2024-12-12 17:52:00-05:00,314.48,314.48,314.48,314.48,0,0.0,0.0
2024-12-12 17:53:00-05:00,314.31,314.31,314.3,314.3,0,0.0,0.0
2024-12-12 17:57:00-05:00,314.48,314.48,314.48,314.48,0,0.0,0.0
2024-12-12 18:00:00-05:00,314.31,314.31,314.24,314.24,0,0.0,0.0
2024-12-12 18:03:00-05:00,315.86,315.86,315.86,315.86,0,0.0,0.0
2024-12-12 18:05:00-05:00,315.0,315.0,315.0,315.0,0,0.0,0.0
2024-12-12 18:06:00-05:00,314.534,314.534,314.534,314.534,0,0.0,0.0
2024-12-12 18:07:00-05:00,314.5,314.5,314.5,314.5,0,0.0,0.0
2024-12-12 18:08:00-05:00,314.49,314.5,314.49,314.5,0,0.0,0.0
2024-12-12 18:12:00-05:00,314.24,314.24,314.23,314.23,0,0.0,0.0
2024-12-12 18:14:00-05:00,314.23,314.23,314.23,314.23,0,0.0,0.0
2024-12-12 18:24:00-05:00,313.75,313.75,313.75,313.75,0,0.0,0.0
2024-12-12 18:25:00-05:00,314.49,314.49,314.49,314.49,0,0.0,0.0
2024-12-12 18:26:00-05:00,314.49,314.49,314.49,314.49,0,0.0,0.0
2024-12-12 18:27:00-05:00,314.0,314.0,314.0,314.0,0,0.0,0.0
2024-12-12 18:46:00-05:00,314.49,314.49,314.49,314.49,0,0.0,0.0
2024-12-12 18:51:00-05:00,313.0,313.0,313.0,313.0,0,0.0,0.0
2024-12-12 19:00:38-05:00,314.24,314.24,314.24,314.24,0,0.0,0.0
