time,Open,High,Low,Close,Volume,Dividends,Stock Splits
2024-11-27 04:00:00-05:00,312.3,312.3,311.8,312.15,0,0.0,0.0
2024-11-27 04:02:00-05:00,312.16,312.16,312.16,312.16,0,0.0,0.0
2024-11-27 04:05:00-05:00,312.16,312.16,312.16,312.16,0,0.0,0.0
2024-11-27 04:09:00-05:00,312.33,312.33,312.33,312.33,0,0.0,0.0
2024-11-27 04:21:00-05:00,312.38,312.38,312.38,312.38,0,0.0,0.0
2024-11-27 04:23:00-05:00,312.33,312.33,312.33,312.33,0,0.0,0.0
2024-11-27 04:33:00-05:00,312.39,312.39,312.39,312.39,0,0.0,0.0
2024-11-27 04:34:00-05:00,312.39,312.39,312.39,312.39,0,0.0,0.0
2024-11-27 04:35:00-05:00,312.3,312.3,312.3,312.3,0,0.0,0.0
2024-11-27 04:44:00-05:00,312.33,312.33,312.33,312.33,0,0.0,0.0
2024-11-27 04:51:00-05:00,312.33,312.33,312.33,312.33,0,0.0,0.0
2024-11-27 05:02:00-05:00,312.68,312.68,312.68,312.68,0,0.0,0.0
2024-11-27 05:04:00-05:00,312.73,312.73,312.73,312.73,0,0.0,0.0
2024-11-27 05:09:00-05:00,312.72,312.72,312.72,312.72,0,0.0,0.0
2024-11-27 05:11:00-05:00,312.7,312.7,312.7,312.7,0,0.0,0.0
2024-11-27 05:21:00-05:00,312.7,312.7,312.7,312.7,0,0.0,0.0
2024-11-27 05:30:00-05:00,312.7,312.7,312.7,312.7,0,0.0,0.0
2024-11-27 05:34:00-05:00,312.7,312.7,312.7,312.7,0,0.0,0.0
2024-11-27 05:38:00-05:00,312.64,312.64,312.64,312.64,0,0.0,0.0
2024-11-27 05:51:00-05:00,312.64,312.64,312.64,312.64,0,0.0,0.0
2024-11-27 06:04:00-05:00,312.64,312.64,312.64,312.64,0,0.0,0.0
2024-11-27 06:18:00-05:00,312.32,312.33,312.32,312.33,0,0.0,0.0
2024-11-27 06:21:00-05:00,312.33,312.33,312.33,312.33,0,0.0,0.0
2024-11-27 06:22:00-05:00,312.4,312.4,312.4,312.4,0,0.0,0.0
2024-11-27 06:36:00-05:00,312.4,312.4,312.4,312.4,0,0.0,0.0
2024-11-27 06:41:00-05:00,312.51,312.51,312.51,312.51,0,0.0,0.0
2024-11-27 06:45:00-05:00,312.5,312.5,312.5,312.5,0,0.0,0.0
2024-11-27 06:51:00-05:00,312.5,312.5,312.5,312.5,0,0.0,0.0
2024-11-27 07:00:00-05:00,312.5,312.59,312.3,312.59,0,0.0,0.0
2024-11-27 07:03:00-05:00,312.33,312.33,312.26,312.26,0,0.0,0.0
2024-11-27 07:06:00-05:00,312.63,312.63,312.63,312.63,0,0.0,0.0
2024-11-27 07:07:00-05:00,312.55,312.55,312.55,312.55,0,0.0,0.0
2024-11-27 07:09:00-05:00,312.27,312.27,312.27,312.27,0,0.0,0.0
2024-11-27 07:15:00-05:00,312.28,312.28,312.28,312.28,0,0.0,0.0
2024-11-27 07:21:00-05:00,312.28,312.28,312.28,312.28,0,0.0,0.0
2024-11-27 07:32:00-05:00,312.5,312.5,312.5,312.5,0,0.0,0.0
2024-11-27 07:33:00-05:00,312.62,312.62,312.62,312.62,0,0.0,0.0
2024-11-27 07:34:00-05:00,312.62,312.62,312.62,312.62,0,0.0,0.0
2024-11-27 07:36:00-05:00,312.62,312.62,312.62,312.62,0,0.0,0.0
2024-11-27 07:43:00-05:00,312.5,312.5,312.5,312.5,0,0.0,0.0
2024-11-27 07:51:00-05:00,312.5,312.5,312.5,312.5,0,0.0,0.0
2024-11-27 07:52:00-05:00,312.58,312.58,312.58,312.58,0,0.0,0.0
2024-11-27 07:55:00-05:00,312.6,312.6,312.6,312.6,0,0.0,0.0
2024-11-27 07:57:00-05:00,312.51,312.51,312.51,312.51,0,0.0,0.0
2024-11-27 08:00:00-05:00,311.8282,313.1,311.8012,311.8012,0,0.0,0.0
2024-11-27 08:01:00-05:00,312.5,312.5,312.5,312.5,0,0.0,0.0
2024-11-27 08:02:00-05:00,312.68,312.68,312.68,312.68,0,0.0,0.0
2024-11-27 08:04:00-05:00,312.62,312.62,312.62,312.62,0,0.0,0.0
2024-11-27 08:05:00-05:00,311.82,311.82,311.82,311.82,0,0.0,0.0
2024-11-27 08:06:00-05:00,311.82,311.82,311.82,311.82,0,0.0,0.0
2024-11-27 08:12:00-05:00,312.59,312.59,312.3717,312.3717,0,0.0,0.0
2024-11-27 08:13:00-05:00,312.58,312.58,312.58,312.58,0,0.0,0.0
2024-11-27 08:14:00-05:00,312.58,312.58,312.58,312.58,0,0.0,0.0
2024-11-27 08:16:00-05:00,312.61,312.61,312.61,312.61,0,0.0,0.0
2024-11-27 08:17:00-05:00,312.58,312.58,312.58,312.58,0,0.0,0.0
2024-11-27 08:18:00-05:00,312.52,312.58,312.52,312.58,0,0.0,0.0
2024-11-27 08:21:00-05:00,312.59,312.59,312.58,312.59,0,0.0,0.0
2024-11-27 08:22:00-05:00,313.99,313.99,313.99,313.99,0,0.0,0.0
2024-11-27 08:24:00-05:00,312.5,312.5,312.5,312.5,0,0.0,0.0
2024-11-27 08:25:00-05:00,313.68,313.68,312.42,312.42,0,0.0,0.0
2024-11-27 08:26:00-05:00,313.17,313.17,313.17,313.17,0,0.0,0.0
2024-11-27 08:28:00-05:00,312.5,312.5,312.5,312.5,0,0.0,0.0
2024-11-27 08:32:00-05:00,312.5,312.58,312.5,312.5,0,0.0,0.0
2024-11-27 08:33:00-05:00,312.58,312.59,312.57,312.58,0,0.0,0.0
2024-11-27 08:35:00-05:00,312.381,312.381,312.381,312.381,0,0.0,0.0
2024-11-27 08:36:00-05:00,312.381,312.381,312.381,312.381,0,0.0,0.0
2024-11-27 08:37:00-05:00,312.54,314.37,312.54,314.37,0,0.0,0.0
2024-11-27 08:39:00-05:00,312.42,312.42,312.42,312.42,0,0.0,0.0
2024-11-27 08:41:00-05:00,312.54,312.54,312.54,312.54,0,0.0,0.0
2024-11-27 08:42:00-05:00,312.54,312.54,312.54,312.54,0,0.0,0.0
2024-11-27 08:43:00-05:00,312.57,312.57,312.57,312.57,0,0.0,0.0
2024-11-27 08:44:00-05:00,312.54,312.54,312.54,312.54,0,0.0,0.0
2024-11-27 08:46:00-05:00,314.37,314.37,314.37,314.37,0,0.0,0.0
2024-11-27 08:50:00-05:00,312.41,312.42,312.41,312.42,0,0.0,0.0
2024-11-27 08:51:00-05:00,312.42,312.42,312.42,312.42,0,0.0,0.0
2024-11-27 08:52:00-05:00,312.42,312.42,312.42,312.42,0,0.0,0.0
2024-11-27 08:53:00-05:00,291.38,291.38,291.38,291.38,0,0.0,0.0
2024-11-27 08:55:00-05:00,312.41,314.36,312.41,313.0,0,0.0,0.0
2024-11-27 08:56:00-05:00,312.51,312.51,312.51,312.51,0,0.0,0.0
2024-11-27 08:57:00-05:00,313.0,313.0,313.0,313.0,0,0.0,0.0
2024-11-27 08:58:00-05:00,312.42,313.0,312.42,313.0,0,0.0,0.0
2024-11-27 08:59:00-05:00,312.51,312.51,312.51,312.51,0,0.0,0.0
2024-11-27 09:00:00-05:00,313.0,313.3499,312.41,313.1499,0,0.0,0.0
2024-11-27 09:01:00-05:00,313.1499,313.1499,312.39,312.49,0,0.0,0.0
2024-11-27 09:02:00-05:00,313.1399,313.1399,312.38,313.1399,0,0.0,0.0
2024-11-27 09:03:00-05:00,313.1399,313.1399,312.5,313.1399,0,0.0,0.0
2024-11-27 09:04:00-05:00,313.1449,313.1449,312.48,313.1399,0,0.0,0.0
2024-11-27 09:05:00-05:00,313.1399,313.1399,313.1399,313.1399,0,0.0,0.0
2024-11-27 09:06:00-05:00,313.1399,313.1399,312.356,312.356,0,0.0,0.0
2024-11-27 09:08:00-05:00,312.47,312.47,312.47,312.47,0,0.0,0.0
2024-11-27 09:11:00-05:00,312.45,312.45,312.36,312.36,0,0.0,0.0
2024-11-27 09:12:00-05:00,312.35,312.35,312.35,312.35,0,0.0,0.0
2024-11-27 09:13:00-05:00,313.94,313.94,313.94,313.94,0,0.0,0.0
2024-11-27 09:14:00-05:00,312.48,312.48,312.48,312.48,0,0.0,0.0
2024-11-27 09:30:00-05:00,310.7699890136719,310.9599914550781,309.489990234375,309.80999755859375,177456,0.0,0.0
2024-11-27 09:31:00-05:00,309.95001220703125,310.8500061035156,309.95001220703125,310.4700012207031,21558,0.0,0.0
2024-11-27 09:32:00-05:00,310.4700012207031,310.5199890136719,309.7799987792969,309.79998779296875,13688,0.0,0.0
2024-11-27 09:33:00-05:00,310.0299987792969,311.1199951171875,309.7900085449219,311.0799865722656,18331,0.0,0.0
2024-11-27 09:34:00-05:00,311.0799865722656,311.29998779296875,310.9800109863281,311.29998779296875,13902,0.0,0.0
2024-11-27 09:35:00-05:00,311.29998779296875,311.5950012207031,311.2601013183594,311.510009765625,10523,0.0,0.0
2024-11-27 09:36:00-05:00,311.3800048828125,312.239990234375,311.3800048828125,312.0249938964844,19056,0.0,0.0
2024-11-27 09:37:00-05:00,312.07000732421875,312.2149963378906,311.94000244140625,312.1099853515625,19827,0.0,0.0
2024-11-27 09:38:00-05:00,311.9700012207031,312.2041931152344,311.8999938964844,312.1000061035156,14210,0.0,0.0
2024-11-27 09:39:00-05:00,312.1050109863281,312.4700012207031,311.9100036621094,312.30999755859375,16983,0.0,0.0
2024-11-27 09:40:00-05:00,312.30999755859375,312.8399963378906,312.30999755859375,312.5350036621094,17844,0.0,0.0
2024-11-27 09:41:00-05:00,312.3999938964844,312.57000732421875,312.3599853515625,312.4800109863281,3885,0.0,0.0
2024-11-27 09:42:00-05:00,312.5050048828125,312.5899963378906,312.3299865722656,312.5249938964844,10750,0.0,0.0
2024-11-27 09:43:00-05:00,312.4200134277344,312.69000244140625,312.4200134277344,312.67999267578125,9352,0.0,0.0
2024-11-27 09:44:00-05:00,312.68499755859375,312.7102966308594,312.17999267578125,312.17999267578125,18723,0.0,0.0
2024-11-27 09:45:00-05:00,312.3349914550781,312.3349914550781,311.9800109863281,312.18499755859375,11434,0.0,0.0
2024-11-27 09:46:00-05:00,312.19000244140625,312.45001220703125,312.17449951171875,312.43499755859375,11012,0.0,0.0
2024-11-27 09:47:00-05:00,312.43499755859375,312.55999755859375,312.3900146484375,312.5050048828125,10009,0.0,0.0
2024-11-27 09:48:00-05:00,312.5050048828125,312.57000732421875,312.3800048828125,312.4549865722656,16085,0.0,0.0
2024-11-27 09:49:00-05:00,312.4624938964844,312.5198974609375,312.07000732421875,312.2300109863281,12720,0.0,0.0
2024-11-27 09:50:00-05:00,312.2349853515625,312.3450012207031,312.1499938964844,312.260009765625,25935,0.0,0.0
2024-11-27 09:51:00-05:00,312.18499755859375,312.3500061035156,312.0299987792969,312.29998779296875,10652,0.0,0.0
2024-11-27 09:52:00-05:00,312.3699951171875,312.42999267578125,312.3299865722656,312.3450012207031,4453,0.0,0.0
2024-11-27 09:53:00-05:00,312.3399963378906,312.4787902832031,312.2900085449219,312.3550109863281,8455,0.0,0.0
2024-11-27 09:54:00-05:00,312.3550109863281,312.4750061035156,312.2799987792969,312.3399963378906,14345,0.0,0.0
2024-11-27 09:55:00-05:00,312.29998779296875,312.5199890136719,312.19000244140625,312.2049865722656,18314,0.0,0.0
2024-11-27 09:56:00-05:00,312.2049865722656,312.5,312.17999267578125,312.3699951171875,9289,0.0,0.0
2024-11-27 09:57:00-05:00,312.43499755859375,312.6300048828125,312.43499755859375,312.614990234375,6926,0.0,0.0
2024-11-27 09:58:00-05:00,312.6000061035156,312.614990234375,312.510009765625,312.55999755859375,7788,0.0,0.0
2024-11-27 09:59:00-05:00,312.55999755859375,312.760009765625,312.5400085449219,312.625,21305,0.0,0.0
2024-11-27 10:00:00-05:00,312.67999267578125,312.70001220703125,312.3800048828125,312.4800109863281,10816,0.0,0.0
2024-11-27 10:01:00-05:00,312.4200134277344,312.6700134277344,312.4200134277344,312.6499938964844,6532,0.0,0.0
2024-11-27 10:02:00-05:00,312.7013854980469,312.7300109863281,312.5899963378906,312.6400146484375,9392,0.0,0.0
2024-11-27 10:03:00-05:00,312.5799865722656,312.8900146484375,312.57000732421875,312.79998779296875,13033,0.0,0.0
2024-11-27 10:04:00-05:00,312.72100830078125,312.82501220703125,312.57000732421875,312.614990234375,8797,0.0,0.0
2024-11-27 10:05:00-05:00,312.614990234375,312.9519958496094,312.614990234375,312.8399963378906,6335,0.0,0.0
2024-11-27 10:06:00-05:00,312.8399963378906,313.239990234375,312.8399963378906,313.2300109863281,19270,0.0,0.0
2024-11-27 10:07:00-05:00,313.2250061035156,313.30999755859375,313.1000061035156,313.1449890136719,11346,0.0,0.0
2024-11-27 10:08:00-05:00,313.135009765625,313.135009765625,312.9649963378906,312.9649963378906,25375,0.0,0.0
2024-11-27 10:09:00-05:00,312.94500732421875,313.2300109863281,312.94500732421875,313.2149963378906,11459,0.0,0.0
2024-11-27 10:10:00-05:00,313.2699890136719,313.760009765625,313.20001220703125,313.760009765625,10493,0.0,0.0
2024-11-27 10:11:00-05:00,313.6300048828125,313.739990234375,313.54998779296875,313.6000061035156,7090,0.0,0.0
2024-11-27 10:12:00-05:00,313.66400146484375,313.7799987792969,313.6050109863281,313.739990234375,8421,0.0,0.0
2024-11-27 10:13:00-05:00,313.7250061035156,313.7250061035156,313.5799865722656,313.6400146484375,12800,0.0,0.0
2024-11-27 10:14:00-05:00,313.635009765625,313.7200012207031,313.6000061035156,313.6600036621094,11397,0.0,0.0
2024-11-27 10:15:00-05:00,313.7200012207031,313.9599914550781,313.67999267578125,313.9049987792969,14410,0.0,0.0
2024-11-27 10:16:00-05:00,313.95001220703125,314.0299987792969,313.8500061035156,314.0299987792969,15262,0.0,0.0
2024-11-27 10:17:00-05:00,314.04998779296875,314.04998779296875,313.8599853515625,313.93499755859375,10046,0.0,0.0
2024-11-27 10:18:00-05:00,313.94000244140625,314.0299987792969,313.8699951171875,313.9549865722656,7024,0.0,0.0
2024-11-27 10:19:00-05:00,313.9649963378906,314.04998779296875,313.94000244140625,313.9700012207031,11192,0.0,0.0
2024-11-27 10:20:00-05:00,313.9700012207031,314.1499938964844,313.92999267578125,314.0,12248,0.0,0.0
2024-11-27 10:21:00-05:00,313.9901123046875,314.4999084472656,313.9901123046875,314.4800109863281,17015,0.0,0.0
2024-11-27 10:22:00-05:00,314.44500732421875,314.4999084472656,314.32501220703125,314.3500061035156,11449,0.0,0.0
2024-11-27 10:23:00-05:00,314.3500061035156,314.4599914550781,314.239990234375,314.2900085449219,10794,0.0,0.0
2024-11-27 10:24:00-05:00,314.2300109863281,314.2300109863281,314.0400085449219,314.14990234375,21538,0.0,0.0
2024-11-27 10:25:00-05:00,314.1050109863281,314.1499938964844,313.80999755859375,313.95001220703125,9843,0.0,0.0
2024-11-27 10:26:00-05:00,313.95001220703125,313.989990234375,313.7099914550781,313.760009765625,44229,0.0,0.0
2024-11-27 10:27:00-05:00,313.7799987792969,313.92999267578125,313.760009765625,313.8599853515625,21260,0.0,0.0
2024-11-27 10:28:00-05:00,313.9100036621094,314.0199890136719,313.7200012207031,314.0199890136719,18445,0.0,0.0
2024-11-27 10:29:00-05:00,314.0400085449219,314.04998779296875,313.92999267578125,313.9949951171875,2968,0.0,0.0
2024-11-27 10:30:00-05:00,313.9649963378906,314.25,313.9100036621094,314.25,16361,0.0,0.0
2024-11-27 10:33:00-05:00,314.2749938964844,314.42999267578125,314.2749938964844,314.42999267578125,42796,0.0,0.0
2024-11-27 10:34:00-05:00,314.3399963378906,314.375,314.18499755859375,314.18499755859375,14211,0.0,0.0
2024-11-27 10:35:00-05:00,314.2099914550781,314.2799987792969,314.19500732421875,314.2799987792969,12611,0.0,0.0
2024-11-27 10:36:00-05:00,314.260009765625,314.5,314.20001220703125,314.4049987792969,10280,0.0,0.0
2024-11-27 10:37:00-05:00,314.45989990234375,314.45989990234375,314.30999755859375,314.3550109863281,11081,0.0,0.0
2024-11-27 10:38:00-05:00,314.3550109863281,314.4100036621094,314.2401123046875,314.3599853515625,7801,0.0,0.0
2024-11-27 10:39:00-05:00,314.3599853515625,314.4649963378906,314.2300109863281,314.3800048828125,25119,0.0,0.0
2024-11-27 10:40:00-05:00,314.3699951171875,314.7099914550781,314.3699951171875,314.6791076660156,14140,0.0,0.0
2024-11-27 10:41:00-05:00,314.67999267578125,314.8699951171875,314.54998779296875,314.7699890136719,18755,0.0,0.0
2024-11-27 10:42:00-05:00,314.7699890136719,314.8599853515625,314.69500732421875,314.8299865722656,12713,0.0,0.0
2024-11-27 10:43:00-05:00,314.8299865722656,314.8699951171875,314.760009765625,314.8299865722656,4651,0.0,0.0
2024-11-27 10:44:00-05:00,314.7850036621094,315.1400146484375,314.7850036621094,315.07501220703125,43347,0.0,0.0
2024-11-27 10:45:00-05:00,315.0199890136719,315.0199890136719,314.92999267578125,314.95001220703125,7296,0.0,0.0
2024-11-27 10:46:00-05:00,315.0,315.05999755859375,314.8999938964844,314.9150085449219,14589,0.0,0.0
2024-11-27 10:47:00-05:00,314.9100036621094,315.0,314.8550109863281,315.0,6795,0.0,0.0
2024-11-27 10:48:00-05:00,314.94000244140625,314.9599914550781,314.7200012207031,314.7200012207031,9922,0.0,0.0
2024-11-27 10:49:00-05:00,314.7250061035156,314.7349853515625,314.6700134277344,314.6700134277344,6045,0.0,0.0
2024-11-27 10:50:00-05:00,314.69000244140625,314.94000244140625,314.69000244140625,314.80999755859375,11386,0.0,0.0
2024-11-27 10:51:00-05:00,314.79998779296875,314.93499755859375,314.75,314.8450012207031,9902,0.0,0.0
2024-11-27 10:52:00-05:00,314.8399963378906,314.8999938964844,314.6099853515625,314.760009765625,17825,0.0,0.0
2024-11-27 10:53:00-05:00,314.760009765625,314.7655029296875,314.56500244140625,314.57000732421875,6121,0.0,0.0
2024-11-27 10:54:00-05:00,314.57000732421875,314.7349853515625,314.55999755859375,314.6499938964844,9309,0.0,0.0
2024-11-27 10:55:00-05:00,314.6600036621094,314.6600036621094,314.5199890136719,314.55999755859375,6848,0.0,0.0
2024-11-27 10:56:00-05:00,314.55999755859375,314.659912109375,314.4599914550781,314.6000061035156,24490,0.0,0.0
2024-11-27 10:57:00-05:00,314.5799865722656,314.5799865722656,314.45001220703125,314.4849853515625,4754,0.0,0.0
2024-11-27 10:58:00-05:00,314.4849853515625,314.7099914550781,314.45001220703125,314.51251220703125,27275,0.0,0.0
2024-11-27 10:59:00-05:00,314.4800109863281,314.5299987792969,314.29998779296875,314.29998779296875,15986,0.0,0.0
2024-11-27 11:00:00-05:00,314.364990234375,314.3999938964844,314.239990234375,314.2850036621094,10748,0.0,0.0
2024-11-27 11:01:00-05:00,314.2850036621094,314.3999938964844,314.260009765625,314.2799987792969,10734,0.0,0.0
2024-11-27 11:02:00-05:00,314.30999755859375,314.42999267578125,314.260009765625,314.2799987792969,11607,0.0,0.0
2024-11-27 11:03:00-05:00,314.30999755859375,314.30999755859375,314.1000061035156,314.2419128417969,13803,0.0,0.0
2024-11-27 11:04:00-05:00,314.2300109863281,314.2900085449219,314.1600036621094,314.1600036621094,7089,0.0,0.0
2024-11-27 11:05:00-05:00,314.2167053222656,314.4599914550781,314.19000244140625,314.4599914550781,13919,0.0,0.0
2024-11-27 11:06:00-05:00,314.44000244140625,314.72369384765625,314.3949890136719,314.6650085449219,4979,0.0,0.0
2024-11-27 11:07:00-05:00,314.5899963378906,314.6700134277344,314.54998779296875,314.5799865722656,4687,0.0,0.0
2024-11-27 11:08:00-05:00,314.54998779296875,314.7200012207031,314.4649963378906,314.6017150878906,6694,0.0,0.0
2024-11-27 11:09:00-05:00,314.6572570800781,314.7699890136719,314.6000061035156,314.60009765625,5129,0.0,0.0
2024-11-27 11:10:00-05:00,314.6600036621094,314.8800048828125,314.6600036621094,314.8800048828125,4327,0.0,0.0
2024-11-27 11:11:00-05:00,314.760009765625,314.7799987792969,314.67999267578125,314.7699890136719,6164,0.0,0.0
2024-11-27 11:12:00-05:00,314.7749938964844,314.8900146484375,314.7749938964844,314.8500061035156,3496,0.0,0.0
2024-11-27 11:13:00-05:00,314.9100036621094,314.9100036621094,314.7099914550781,314.760009765625,11488,0.0,0.0
2024-11-27 11:14:00-05:00,314.70001220703125,314.7799987792969,314.70001220703125,314.75,6478,0.0,0.0
2024-11-27 11:15:00-05:00,314.7099914550781,314.9649963378906,314.69000244140625,314.95001220703125,21380,0.0,0.0
2024-11-27 11:16:00-05:00,314.9700012207031,315.1499938964844,314.864013671875,315.0,56503,0.0,0.0
2024-11-27 11:17:00-05:00,315.0400085449219,315.0799865722656,314.8900146484375,314.8900146484375,11980,0.0,0.0
2024-11-27 11:18:00-05:00,314.8800048828125,314.989990234375,314.7799987792969,314.989990234375,8178,0.0,0.0
2024-11-27 11:19:00-05:00,314.9161071777344,315.1700134277344,314.9161071777344,315.0849914550781,13085,0.0,0.0
2024-11-27 11:20:00-05:00,315.04998779296875,315.0799865722656,314.8900146484375,314.9800109863281,39124,0.0,0.0
2024-11-27 11:21:00-05:00,314.94000244140625,315.489990234375,314.94000244140625,315.489990234375,37090,0.0,0.0
2024-11-27 11:22:00-05:00,315.45001220703125,315.489990234375,315.3699951171875,315.4649963378906,5814,0.0,0.0
2024-11-27 11:23:00-05:00,315.4649963378906,315.67999267578125,315.4649963378906,315.614990234375,38418,0.0,0.0
2024-11-27 11:24:00-05:00,315.6199951171875,315.75,315.5755920410156,315.75,10583,0.0,0.0
2024-11-27 11:25:00-05:00,315.70001220703125,315.75,315.5224914550781,315.5450134277344,11840,0.0,0.0
2024-11-27 11:26:00-05:00,315.55999755859375,315.7300109863281,315.55999755859375,315.65350341796875,12239,0.0,0.0
2024-11-27 11:27:00-05:00,315.6650085449219,315.79998779296875,315.6400146484375,315.7749938964844,8146,0.0,0.0
2024-11-27 11:28:00-05:00,315.7749938964844,315.77911376953125,315.5,315.5350036621094,9333,0.0,0.0
2024-11-27 11:29:00-05:00,315.5,315.614990234375,315.5,315.6099853515625,8023,0.0,0.0
2024-11-27 11:30:00-05:00,315.614990234375,315.82000732421875,315.614990234375,315.80450439453125,8057,0.0,0.0
2024-11-27 11:31:00-05:00,315.760009765625,315.760009765625,315.57000732421875,315.70001220703125,7454,0.0,0.0
2024-11-27 11:32:00-05:00,315.70001220703125,315.82000732421875,315.6700134277344,315.82000732421875,5421,0.0,0.0
2024-11-27 11:33:00-05:00,315.739990234375,315.7900085449219,315.739990234375,315.7900085449219,5812,0.0,0.0
2024-11-27 11:34:00-05:00,315.80999755859375,315.8800048828125,315.7243957519531,315.7699890136719,9648,0.0,0.0
2024-11-27 11:35:00-05:00,315.80999755859375,315.989990234375,315.7850036621094,315.95001220703125,10257,0.0,0.0
2024-11-27 11:36:00-05:00,315.9700012207031,315.9700012207031,315.75,315.8599853515625,10964,0.0,0.0
2024-11-27 11:37:00-05:00,315.8550109863281,315.8550109863281,315.7699890136719,315.7799987792969,4518,0.0,0.0
2024-11-27 11:38:00-05:00,315.7799987792969,316.19000244140625,315.7699890136719,316.1499938964844,26608,0.0,0.0
2024-11-27 11:39:00-05:00,316.1499938964844,316.19000244140625,316.0899963378906,316.1680908203125,8357,0.0,0.0
2024-11-27 11:40:00-05:00,316.14910888671875,316.14910888671875,315.95001220703125,315.9599914550781,18021,0.0,0.0
2024-11-27 11:41:00-05:00,315.95001220703125,316.0,315.8450012207031,315.8450012207031,8465,0.0,0.0
2024-11-27 11:42:00-05:00,315.8599853515625,315.8599853515625,315.6300048828125,315.7799987792969,11931,0.0,0.0
2024-11-27 11:43:00-05:00,315.7250061035156,315.8460998535156,315.68011474609375,315.8460998535156,12065,0.0,0.0
2024-11-27 11:44:00-05:00,315.82000732421875,315.8999938964844,315.42999267578125,315.4700012207031,35688,0.0,0.0
2024-11-27 11:45:00-05:00,315.4700012207031,315.54998779296875,315.4700012207031,315.5050048828125,10761,0.0,0.0
2024-11-27 11:46:00-05:00,315.510009765625,315.79998779296875,315.510009765625,315.7149963378906,23529,0.0,0.0
2024-11-27 11:47:00-05:00,315.739990234375,315.7799987792969,315.6600036621094,315.70001220703125,8576,0.0,0.0
2024-11-27 11:48:00-05:00,315.7099914550781,315.8399963378906,315.69000244140625,315.7900085449219,7188,0.0,0.0
2024-11-27 11:49:00-05:00,315.79998779296875,315.8299865722656,315.70001220703125,315.70001220703125,4789,0.0,0.0
2024-11-27 11:50:00-05:00,315.7349853515625,315.75,315.510009765625,315.510009765625,8313,0.0,0.0
2024-11-27 11:51:00-05:00,315.5899963378906,315.8599853515625,315.5299987792969,315.8525085449219,8561,0.0,0.0
2024-11-27 11:52:00-05:00,315.8599853515625,315.8599853515625,315.69500732421875,315.739990234375,4571,0.0,0.0
2024-11-27 11:53:00-05:00,315.7300109863281,315.75,315.6700134277344,315.75,2302,0.0,0.0
2024-11-27 11:54:00-05:00,315.7200012207031,315.75,315.6700134277344,315.7099914550781,2826,0.0,0.0
2024-11-27 11:55:00-05:00,315.6933898925781,315.75,315.67999267578125,315.7300109863281,5909,0.0,0.0
2024-11-27 11:56:00-05:00,315.7099914550781,315.7925109863281,315.6700134277344,315.7349853515625,9006,0.0,0.0
2024-11-27 11:57:00-05:00,315.739990234375,315.7900085449219,315.7099914550781,315.7701110839844,4759,0.0,0.0
2024-11-27 11:58:00-05:00,315.80499267578125,315.8399963378906,315.75,315.7950134277344,6984,0.0,0.0
2024-11-27 11:59:00-05:00,315.7699890136719,315.78790283203125,315.67999267578125,315.70001220703125,9012,0.0,0.0
2024-11-27 12:00:00-05:00,315.75,315.75,315.6099853515625,315.69000244140625,17490,0.0,0.0
2024-11-27 12:01:00-05:00,315.7099914550781,315.80999755859375,315.70001220703125,315.7749938964844,5963,0.0,0.0
2024-11-27 12:02:00-05:00,315.739990234375,315.8099060058594,315.70001220703125,315.7799987792969,20476,0.0,0.0
2024-11-27 12:03:00-05:00,315.75,315.80999755859375,315.6400146484375,315.69000244140625,7356,0.0,0.0
2024-11-27 12:04:00-05:00,315.6549987792969,315.6549987792969,315.54998779296875,315.6099853515625,3414,0.0,0.0
2024-11-27 12:05:00-05:00,315.6099853515625,315.70001220703125,315.6050109863281,315.67999267578125,5544,0.0,0.0
2024-11-27 12:06:00-05:00,315.739990234375,315.7699890136719,315.6600036621094,315.6600036621094,4715,0.0,0.0
2024-11-27 12:07:00-05:00,315.67999267578125,315.67999267578125,315.625,315.6400146484375,4283,0.0,0.0
2024-11-27 12:08:00-05:00,315.6400146484375,315.6400146484375,315.4599914550781,315.4599914550781,7507,0.0,0.0
2024-11-27 12:09:00-05:00,315.4700012207031,315.67999267578125,315.4700012207031,315.614990234375,10029,0.0,0.0
2024-11-27 12:10:00-05:00,315.6099853515625,315.69000244140625,315.5541076660156,315.6499938964844,7998,0.0,0.0
2024-11-27 12:11:00-05:00,315.6449890136719,315.8599853515625,315.6449890136719,315.7349853515625,9379,0.0,0.0
2024-11-27 12:12:00-05:00,315.7349853515625,315.91650390625,315.7349853515625,315.91650390625,5923,0.0,0.0
2024-11-27 12:13:00-05:00,315.8800048828125,315.8800048828125,315.79998779296875,315.83990478515625,5651,0.0,0.0
2024-11-27 12:14:00-05:00,315.79998779296875,315.8500061035156,315.7799987792969,315.7995910644531,4926,0.0,0.0
2024-11-27 12:15:00-05:00,315.80499267578125,315.8399963378906,315.7850036621094,315.7900085449219,4092,0.0,0.0
2024-11-27 12:16:00-05:00,315.7799987792969,315.82000732421875,315.760009765625,315.7900085449219,4857,0.0,0.0
2024-11-27 12:17:00-05:00,315.7900085449219,315.93499755859375,315.7900085449219,315.8599853515625,7751,0.0,0.0
2024-11-27 12:18:00-05:00,315.9046936035156,315.9046936035156,315.7699890136719,315.7699890136719,4658,0.0,0.0
2024-11-27 12:19:00-05:00,315.75,315.95001220703125,315.67999267578125,315.95001220703125,4622,0.0,0.0
2024-11-27 12:20:00-05:00,315.9324951171875,316.05499267578125,315.9200134277344,316.05499267578125,5049,0.0,0.0
2024-11-27 12:21:00-05:00,316.06500244140625,316.1499938964844,316.05999755859375,316.0799865722656,5966,0.0,0.0
2024-11-27 12:22:00-05:00,316.05999755859375,316.1000061035156,316.05499267578125,316.07000732421875,3500,0.0,0.0
2024-11-27 12:23:00-05:00,316.05999755859375,316.0899963378906,316.0299987792969,316.05999755859375,4397,0.0,0.0
2024-11-27 12:24:00-05:00,316.0799865722656,316.0799865722656,316.0299987792969,316.0400085449219,4594,0.0,0.0
2024-11-27 12:25:00-05:00,316.0350036621094,316.19000244140625,315.9700012207031,316.19000244140625,11600,0.0,0.0
2024-11-27 12:26:00-05:00,316.239990234375,316.29998779296875,316.2149963378906,316.2799987792969,6143,0.0,0.0
2024-11-27 12:27:00-05:00,316.30999755859375,316.3599853515625,316.2349853515625,316.2799987792969,12268,0.0,0.0
2024-11-27 12:28:00-05:00,316.31500244140625,316.3699951171875,316.2601013183594,316.3699951171875,14801,0.0,0.0
2024-11-27 12:29:00-05:00,316.28009033203125,316.3599853515625,316.25,316.2799987792969,5077,0.0,0.0
2024-11-27 12:30:00-05:00,316.2401123046875,316.2900085449219,316.2099914550781,316.2650146484375,6147,0.0,0.0
2024-11-27 12:31:00-05:00,316.2200012207031,316.2200012207031,316.07000732421875,316.1099853515625,6219,0.0,0.0
2024-11-27 12:32:00-05:00,316.114990234375,316.1700134277344,316.05999755859375,316.1000061035156,9638,0.0,0.0
2024-11-27 12:33:00-05:00,316.1700134277344,316.17999267578125,316.010009765625,316.0150146484375,28413,0.0,0.0
2024-11-27 12:34:00-05:00,316.0,316.0799865722656,316.0,316.0199890136719,6685,0.0,0.0
2024-11-27 12:35:00-05:00,316.07000732421875,316.07000732421875,315.95001220703125,315.98651123046875,5116,0.0,0.0
2024-11-27 12:36:00-05:00,315.9700012207031,315.9800109863281,315.94000244140625,315.9700012207031,3241,0.0,0.0
2024-11-27 12:37:00-05:00,315.9649963378906,316.010009765625,315.9049987792969,315.94000244140625,5301,0.0,0.0
2024-11-27 12:38:00-05:00,315.8699951171875,315.8699951171875,315.82000732421875,315.84991455078125,3840,0.0,0.0
2024-11-27 12:39:00-05:00,315.80999755859375,315.82000732421875,315.75860595703125,315.82000732421875,5062,0.0,0.0
2024-11-27 12:40:00-05:00,315.82000732421875,315.9800109863281,315.7699890136719,315.8900146484375,10969,0.0,0.0
2024-11-27 12:41:00-05:00,315.92999267578125,315.92999267578125,315.8299865722656,315.8599853515625,4980,0.0,0.0
2024-11-27 12:42:00-05:00,315.8399963378906,315.8399963378906,315.7099914550781,315.7099914550781,4899,0.0,0.0
2024-11-27 12:43:00-05:00,315.7699890136719,315.7900085449219,315.6700134277344,315.7037658691406,6057,0.0,0.0
2024-11-27 12:44:00-05:00,315.75,315.81500244140625,315.70001220703125,315.75640869140625,6674,0.0,0.0
2024-11-27 12:45:00-05:00,315.84991455078125,315.84991455078125,315.75,315.8299865722656,2098,0.0,0.0
2024-11-27 12:46:00-05:00,315.82501220703125,315.9100036621094,315.82501220703125,315.9100036621094,6371,0.0,0.0
2024-11-27 12:47:00-05:00,315.9100036621094,315.92999267578125,315.8299865722656,315.8399963378906,4857,0.0,0.0
2024-11-27 12:48:00-05:00,315.8399963378906,315.8399963378906,315.7900085449219,315.7900085449219,2234,0.0,0.0
2024-11-27 12:49:00-05:00,315.79998779296875,315.8599853515625,315.7699890136719,315.8599853515625,4369,0.0,0.0
2024-11-27 12:50:00-05:00,315.82000732421875,315.8599853515625,315.7250061035156,315.82000732421875,18619,0.0,0.0
2024-11-27 12:51:00-05:00,315.7650146484375,316.04998779296875,315.7650146484375,316.04998779296875,6687,0.0,0.0
2024-11-27 12:52:00-05:00,315.95001220703125,316.07000732421875,315.95001220703125,316.07000732421875,12911,0.0,0.0
2024-11-27 12:53:00-05:00,316.0400085449219,316.04998779296875,316.0,316.04998779296875,2268,0.0,0.0
2024-11-27 12:54:00-05:00,316.07000732421875,316.07000732421875,315.95001220703125,315.95001220703125,3497,0.0,0.0
2024-11-27 12:55:00-05:00,315.9849853515625,316.0400085449219,315.9849853515625,316.010009765625,5658,0.0,0.0
2024-11-27 12:56:00-05:00,315.9800109863281,316.05999755859375,315.9599914550781,316.05999755859375,14832,0.0,0.0
2024-11-27 12:57:00-05:00,316.0799865722656,316.1199951171875,316.0799865722656,316.1000061035156,2468,0.0,0.0
2024-11-27 12:58:00-05:00,316.1242980957031,316.1499938964844,316.0799865722656,316.1499938964844,5625,0.0,0.0
2024-11-27 12:59:00-05:00,316.0899963378906,316.1000061035156,316.07000732421875,316.0899963378906,3344,0.0,0.0
2024-11-27 13:00:00-05:00,316.0899963378906,316.0899963378906,316.0400085449219,316.05999755859375,4879,0.0,0.0
2024-11-27 13:01:00-05:00,316.0400085449219,316.04998779296875,315.9200134277344,315.9200134277344,7562,0.0,0.0
2024-11-27 13:02:00-05:00,315.8900146484375,315.92999267578125,315.7049865722656,315.760009765625,55351,0.0,0.0
2024-11-27 13:03:00-05:00,315.7699890136719,315.989990234375,315.7349853515625,315.94000244140625,44041,0.0,0.0
2024-11-27 13:04:00-05:00,315.9100036621094,315.9100036621094,315.7799987792969,315.7799987792969,5103,0.0,0.0
2024-11-27 13:05:00-05:00,315.80999755859375,315.8800048828125,315.79998779296875,315.8500061035156,4995,0.0,0.0
2024-11-27 13:06:00-05:00,315.8800048828125,316.0400085449219,315.8550109863281,316.0299987792969,25372,0.0,0.0
2024-11-27 13:07:00-05:00,316.04998779296875,316.0799865722656,316.0150146484375,316.0299987792969,1460,0.0,0.0
2024-11-27 13:08:00-05:00,316.0299987792969,316.0400085449219,315.8349914550781,315.8349914550781,7037,0.0,0.0
2024-11-27 13:09:00-05:00,315.8450012207031,315.9700012207031,315.80999755859375,315.9700012207031,3051,0.0,0.0
2024-11-27 13:10:00-05:00,315.9700012207031,316.0199890136719,315.9200134277344,315.9849853515625,4422,0.0,0.0
2024-11-27 13:11:00-05:00,315.989990234375,316.07000732421875,315.989990234375,316.01080322265625,3647,0.0,0.0
2024-11-27 13:12:00-05:00,316.0025939941406,316.0299987792969,315.9775085449219,316.0299987792969,4664,0.0,0.0
2024-11-27 13:13:00-05:00,315.9849853515625,316.0400085449219,315.9700012207031,316.0,6333,0.0,0.0
2024-11-27 13:14:00-05:00,316.0050048828125,316.0050048828125,315.8900146484375,315.93499755859375,8854,0.0,0.0
2024-11-27 13:15:00-05:00,315.94000244140625,315.9700012207031,315.8599853515625,315.9100036621094,6815,0.0,0.0
2024-11-27 13:16:00-05:00,315.9100036621094,315.9800109863281,315.9100036621094,315.9388122558594,6356,0.0,0.0
2024-11-27 13:17:00-05:00,315.94000244140625,315.9700012207031,315.9100036621094,315.9700012207031,4040,0.0,0.0
2024-11-27 13:18:00-05:00,315.94000244140625,315.94000244140625,315.8599853515625,315.92498779296875,5891,0.0,0.0
2024-11-27 13:19:00-05:00,315.8999938964844,315.9700012207031,315.8999938964844,315.9100036621094,3605,0.0,0.0
2024-11-27 13:20:00-05:00,315.94000244140625,315.94000244140625,315.9100036621094,315.94000244140625,1433,0.0,0.0
2024-11-27 13:21:00-05:00,315.9100036621094,315.9200134277344,315.885009765625,315.9100036621094,7492,0.0,0.0
2024-11-27 13:22:00-05:00,315.9100036621094,315.9100036621094,315.8999938964844,315.9100036621094,1272,0.0,0.0
2024-11-27 13:23:00-05:00,315.9100036621094,315.92999267578125,315.9100036621094,315.9224853515625,5953,0.0,0.0
2024-11-27 13:24:00-05:00,315.92999267578125,316.010009765625,315.8900146484375,316.010009765625,10999,0.0,0.0
2024-11-27 13:25:00-05:00,316.0150146484375,316.0899963378906,316.0150146484375,316.0199890136719,13609,0.0,0.0
2024-11-27 13:26:00-05:00,316.0400085449219,316.0403137207031,315.82000732421875,315.82000732421875,9620,0.0,0.0
2024-11-27 13:27:00-05:00,315.79998779296875,315.9100036621094,315.7900085449219,315.8349914550781,8071,0.0,0.0
2024-11-27 13:28:00-05:00,315.849609375,315.8800048828125,315.839111328125,315.864990234375,3770,0.0,0.0
2024-11-27 13:29:00-05:00,315.8999938964844,315.9599914550781,315.8900146484375,315.9100036621094,4612,0.0,0.0
2024-11-27 13:30:00-05:00,315.9150085449219,315.9150085449219,315.8399963378906,315.9100036621094,4661,0.0,0.0
2024-11-27 13:31:00-05:00,315.8999938964844,315.9200134277344,315.8800048828125,315.9200134277344,4064,0.0,0.0
2024-11-27 13:32:00-05:00,315.95001220703125,316.07000732421875,315.92498779296875,316.07000732421875,4308,0.0,0.0
2024-11-27 13:33:00-05:00,316.0849914550781,316.19500732421875,316.07000732421875,316.19500732421875,2406,0.0,0.0
2024-11-27 13:34:00-05:00,316.2200012207031,316.239990234375,316.20001220703125,316.2300109863281,8752,0.0,0.0
2024-11-27 13:35:00-05:00,316.2300109863281,316.29998779296875,316.2300109863281,316.25909423828125,11205,0.0,0.0
2024-11-27 13:36:00-05:00,316.260009765625,316.260009765625,316.20001220703125,316.20001220703125,5574,0.0,0.0
2024-11-27 13:37:00-05:00,316.1700134277344,316.1700134277344,316.1549987792969,316.1650085449219,1323,0.0,0.0
2024-11-27 13:38:00-05:00,316.19000244140625,316.3299865722656,316.19000244140625,316.32000732421875,6307,0.0,0.0
2024-11-27 13:39:00-05:00,316.32000732421875,316.32000732421875,316.17999267578125,316.17999267578125,4105,0.0,0.0
2024-11-27 13:40:00-05:00,316.1650085449219,316.19000244140625,316.0199890136719,316.0199890136719,6479,0.0,0.0
2024-11-27 13:41:00-05:00,316.0199890136719,316.07000732421875,316.0199890136719,316.0299987792969,4189,0.0,0.0
2024-11-27 13:42:00-05:00,316.0400085449219,316.04998779296875,316.0050048828125,316.010009765625,5487,0.0,0.0
2024-11-27 13:43:00-05:00,316.07000732421875,316.07000732421875,315.989990234375,316.0,6283,0.0,0.0
2024-11-27 13:44:00-05:00,316.0199890136719,316.0249938964844,315.9599914550781,315.9599914550781,7050,0.0,0.0
2024-11-27 13:45:00-05:00,315.95001220703125,315.9700012207031,315.9200134277344,315.95001220703125,30750,0.0,0.0
2024-11-27 13:46:00-05:00,315.94000244140625,316.0400085449219,315.8999938964844,315.9750061035156,14216,0.0,0.0
2024-11-27 13:47:00-05:00,316.0,316.010009765625,315.9700012207031,315.989990234375,3581,0.0,0.0
2024-11-27 13:48:00-05:00,315.9820861816406,316.0,315.9100036621094,315.9100036621094,4998,0.0,0.0
2024-11-27 13:49:00-05:00,315.8800048828125,315.8800048828125,315.77288818359375,315.7950134277344,10865,0.0,0.0
2024-11-27 13:50:00-05:00,315.82000732421875,315.9200134277344,315.7900085449219,315.8699951171875,7458,0.0,0.0
2024-11-27 13:51:00-05:00,315.9100036621094,315.9700012207031,315.8800048828125,315.9599914550781,4750,0.0,0.0
2024-11-27 13:52:00-05:00,315.9599914550781,315.9599914550781,315.8900146484375,315.9599914550781,6480,0.0,0.0
2024-11-27 13:53:00-05:00,315.95001220703125,315.989990234375,315.8800048828125,315.93499755859375,33149,0.0,0.0
2024-11-27 13:54:00-05:00,315.93499755859375,315.93499755859375,315.8500061035156,315.8500061035156,2672,0.0,0.0
2024-11-27 13:55:00-05:00,315.8599853515625,315.864990234375,315.6000061035156,315.6300048828125,26554,0.0,0.0
2024-11-27 13:56:00-05:00,315.5899963378906,315.5899963378906,315.5299987792969,315.5299987792969,3994,0.0,0.0
2024-11-27 13:57:00-05:00,315.55499267578125,315.6000061035156,315.5400085449219,315.5400085449219,5422,0.0,0.0
2024-11-27 13:58:00-05:00,315.57000732421875,315.57501220703125,315.5199890136719,315.57000732421875,6261,0.0,0.0
2024-11-27 13:59:00-05:00,315.5400085449219,315.5400085449219,315.4800109863281,315.489990234375,3199,0.0,0.0
2024-11-27 14:00:00-05:00,315.4949951171875,315.5400085449219,315.4800109863281,315.510009765625,10210,0.0,0.0
2024-11-27 14:01:00-05:00,315.510009765625,315.510009765625,315.4800109863281,315.5050048828125,2148,0.0,0.0
2024-11-27 14:02:00-05:00,315.5299987792969,315.5599060058594,315.4800109863281,315.510009765625,10418,0.0,0.0
2024-11-27 14:03:00-05:00,315.5,315.5199890136719,315.4200134277344,315.4700012207031,9600,0.0,0.0
2024-11-27 14:04:00-05:00,315.5199890136719,315.5899963378906,315.4939880371094,315.5299987792969,13626,0.0,0.0
2024-11-27 14:05:00-05:00,315.5050048828125,315.5050048828125,315.42999267578125,315.44500732421875,9044,0.0,0.0
2024-11-27 14:06:00-05:00,315.3999938964844,315.3999938964844,315.3500061035156,315.385009765625,2017,0.0,0.0
2024-11-27 14:07:00-05:00,315.3599853515625,315.57000732421875,315.3399963378906,315.57000732421875,11128,0.0,0.0
2024-11-27 14:08:00-05:00,315.5,315.57000732421875,315.4200134277344,315.5,7177,0.0,0.0
2024-11-27 14:09:00-05:00,315.40008544921875,315.4949951171875,315.29998779296875,315.3299865722656,8626,0.0,0.0
2024-11-27 14:10:00-05:00,315.2900085449219,315.32000732421875,315.19000244140625,315.19000244140625,32005,0.0,0.0
2024-11-27 14:11:00-05:00,315.19000244140625,315.19000244140625,315.0899963378906,315.1549987792969,5528,0.0,0.0
2024-11-27 14:12:00-05:00,315.1549987792969,315.1600036621094,315.1000061035156,315.1000061035156,2621,0.0,0.0
2024-11-27 14:13:00-05:00,315.1099853515625,315.1300048828125,315.04998779296875,315.07000732421875,14488,0.0,0.0
2024-11-27 14:14:00-05:00,315.07000732421875,315.17999267578125,315.07000732421875,315.1499938964844,8082,0.0,0.0
2024-11-27 14:15:00-05:00,315.1549987792969,315.19000244140625,315.1200866699219,315.1549987792969,4868,0.0,0.0
2024-11-27 14:16:00-05:00,315.19000244140625,315.2300109863281,315.1549987792969,315.17999267578125,8441,0.0,0.0
2024-11-27 14:17:00-05:00,315.2049865722656,315.2200012207031,315.1700134277344,315.20770263671875,4153,0.0,0.0
2024-11-27 14:18:00-05:00,315.2200012207031,315.2200012207031,315.0,315.05499267578125,25275,0.0,0.0
2024-11-27 14:19:00-05:00,315.0201110839844,315.0899963378906,315.010009765625,315.05499267578125,6845,0.0,0.0
2024-11-27 14:20:00-05:00,315.0199890136719,315.05999755859375,314.989990234375,314.989990234375,4778,0.0,0.0
2024-11-27 14:21:00-05:00,314.989990234375,314.989990234375,314.8999938964844,314.9700012207031,4695,0.0,0.0
2024-11-27 14:22:00-05:00,314.92999267578125,314.9700012207031,314.8999938964844,314.94500732421875,6020,0.0,0.0
2024-11-27 14:23:00-05:00,314.92169189453125,314.92169189453125,314.8900146484375,314.9200134277344,4520,0.0,0.0
2024-11-27 14:24:00-05:00,314.9200134277344,315.06988525390625,314.9200134277344,315.0299987792969,5350,0.0,0.0
2024-11-27 14:25:00-05:00,315.0299987792969,315.0299987792969,314.989990234375,314.989990234375,4666,0.0,0.0
2024-11-27 14:26:00-05:00,314.989990234375,314.989990234375,314.7799987792969,314.7799987792969,8077,0.0,0.0
2024-11-27 14:27:00-05:00,314.7950134277344,314.8599853515625,314.7950134277344,314.82501220703125,6443,0.0,0.0
2024-11-27 14:28:00-05:00,314.8299865722656,314.9599914550781,314.8299865722656,314.95001220703125,3020,0.0,0.0
2024-11-27 14:29:00-05:00,314.9100036621094,315.0199890136719,314.9100036621094,315.0199890136719,7250,0.0,0.0
2024-11-27 14:30:00-05:00,315.0400085449219,315.0610046386719,314.9700012207031,314.9700012207031,8561,0.0,0.0
2024-11-27 14:31:00-05:00,315.0256042480469,315.0400085449219,314.9800109863281,315.0249938964844,5401,0.0,0.0
2024-11-27 14:32:00-05:00,315.0249938964844,315.05999755859375,314.95001220703125,314.9849853515625,7888,0.0,0.0
2024-11-27 14:33:00-05:00,314.9435119628906,314.9700012207031,314.82000732421875,314.82000732421875,4372,0.0,0.0
2024-11-27 14:34:00-05:00,314.82000732421875,314.8900146484375,314.7934875488281,314.8399963378906,7734,0.0,0.0
2024-11-27 14:35:00-05:00,314.8299865722656,314.8399963378906,314.6700134277344,314.7099914550781,7581,0.0,0.0
2024-11-27 14:36:00-05:00,314.67999267578125,314.739990234375,314.6499938964844,314.739990234375,8190,0.0,0.0
2024-11-27 14:37:00-05:00,314.7200012207031,314.79998779296875,314.7200012207031,314.7900085449219,6086,0.0,0.0
2024-11-27 14:38:00-05:00,314.7900085449219,314.8299865722656,314.7500915527344,314.80999755859375,3949,0.0,0.0
2024-11-27 14:39:00-05:00,314.7900085449219,314.82000732421875,314.75,314.7850036621094,11502,0.0,0.0
2024-11-27 14:40:00-05:00,314.7850036621094,314.8800048828125,314.75,314.8450012207031,16219,0.0,0.0
2024-11-27 14:41:00-05:00,314.8450012207031,314.92999267578125,314.8450012207031,314.9100036621094,1678,0.0,0.0
2024-11-27 14:42:00-05:00,314.94000244140625,314.9599914550781,314.9200134277344,314.92999267578125,10428,0.0,0.0
2024-11-27 14:43:00-05:00,314.9599914550781,315.0223083496094,314.94500732421875,315.0199890136719,8410,0.0,0.0
2024-11-27 14:44:00-05:00,315.0,315.0400085449219,314.9599914550781,314.9849853515625,12177,0.0,0.0
2024-11-27 14:45:00-05:00,314.9849853515625,314.989990234375,314.92999267578125,314.9649963378906,9074,0.0,0.0
2024-11-27 14:46:00-05:00,314.9649963378906,314.9800109863281,314.8299865722656,314.8299865722656,3420,0.0,0.0
2024-11-27 14:47:00-05:00,314.8949890136719,314.8999938964844,314.8599853515625,314.8999938964844,2299,0.0,0.0
2024-11-27 14:48:00-05:00,314.92999267578125,314.92999267578125,314.7850036621094,314.7850036621094,6999,0.0,0.0
2024-11-27 14:49:00-05:00,314.79998779296875,314.82000732421875,314.7799987792969,314.7850036621094,2232,0.0,0.0
2024-11-27 14:50:00-05:00,314.79998779296875,314.79998779296875,314.69000244140625,314.739990234375,8076,0.0,0.0
2024-11-27 14:51:00-05:00,314.7300109863281,314.7796936035156,314.69000244140625,314.69000244140625,5553,0.0,0.0
2024-11-27 14:52:00-05:00,314.69000244140625,314.70001220703125,314.67498779296875,314.697509765625,2892,0.0,0.0
2024-11-27 14:53:00-05:00,314.69500732421875,314.7699890136719,314.69500732421875,314.7650146484375,5957,0.0,0.0
2024-11-27 14:54:00-05:00,314.7799987792969,314.8299865722656,314.760009765625,314.8299865722656,5914,0.0,0.0
2024-11-27 14:55:00-05:00,314.8299865722656,314.8450012207031,314.760009765625,314.7900085449219,7758,0.0,0.0
2024-11-27 14:56:00-05:00,314.7950134277344,314.8500061035156,314.777587890625,314.82501220703125,4222,0.0,0.0
2024-11-27 14:57:00-05:00,314.8949890136719,314.9049987792969,314.8500061035156,314.8500061035156,4850,0.0,0.0
2024-11-27 14:58:00-05:00,314.8399963378906,314.8399963378906,314.69000244140625,314.69000244140625,5522,0.0,0.0
2024-11-27 14:59:00-05:00,314.69000244140625,314.7200012207031,314.6600036621094,314.7019958496094,4482,0.0,0.0
2024-11-27 15:00:00-05:00,314.69000244140625,314.7300109863281,314.6600036621094,314.6700134277344,7324,0.0,0.0
2024-11-27 15:01:00-05:00,314.67999267578125,314.75,314.67999267578125,314.7200012207031,6174,0.0,0.0
2024-11-27 15:02:00-05:00,314.7200012207031,314.80999755859375,314.70001220703125,314.80999755859375,5048,0.0,0.0
2024-11-27 15:03:00-05:00,314.79998779296875,314.79998779296875,314.75,314.7699890136719,5396,0.0,0.0
2024-11-27 15:04:00-05:00,314.7699890136719,314.7749938964844,314.70001220703125,314.7250061035156,3180,0.0,0.0
2024-11-27 15:05:00-05:00,314.7134094238281,314.80999755859375,314.7099914550781,314.80999755859375,8155,0.0,0.0
2024-11-27 15:06:00-05:00,314.79998779296875,314.9100036621094,314.7900085449219,314.8345031738281,7992,0.0,0.0
2024-11-27 15:07:00-05:00,314.80999755859375,314.80999755859375,314.75,314.75,2819,0.0,0.0
2024-11-27 15:08:00-05:00,314.79998779296875,314.80999755859375,314.760009765625,314.760009765625,8150,0.0,0.0
2024-11-27 15:09:00-05:00,314.760009765625,314.760009765625,314.7300109863281,314.739990234375,3302,0.0,0.0
2024-11-27 15:10:00-05:00,314.7200012207031,314.80999755859375,314.7200012207031,314.7694396972656,8385,0.0,0.0
2024-11-27 15:11:00-05:00,314.7850036621094,314.7987060546875,314.760009765625,314.760009765625,6384,0.0,0.0
2024-11-27 15:12:00-05:00,314.7650146484375,314.7650146484375,314.6199951171875,314.67498779296875,5727,0.0,0.0
2024-11-27 15:13:00-05:00,314.68499755859375,314.68499755859375,314.6099853515625,314.6099853515625,4876,0.0,0.0
2024-11-27 15:14:00-05:00,314.6300048828125,314.6400146484375,314.57000732421875,314.6000061035156,7098,0.0,0.0
2024-11-27 15:15:00-05:00,314.6000061035156,314.639892578125,314.6000061035156,314.6199951171875,4284,0.0,0.0
2024-11-27 15:16:00-05:00,314.6400146484375,314.6600036621094,314.5799865722656,314.5799865722656,7330,0.0,0.0
2024-11-27 15:17:00-05:00,314.58758544921875,314.6000061035156,314.510009765625,314.5299987792969,7369,0.0,0.0
2024-11-27 15:18:00-05:00,314.510009765625,314.59991455078125,314.510009765625,314.55999755859375,4757,0.0,0.0
2024-11-27 15:19:00-05:00,314.56500244140625,314.614990234375,314.5199890136719,314.614990234375,8147,0.0,0.0
2024-11-27 15:20:00-05:00,314.6300048828125,314.70001220703125,314.6300048828125,314.69000244140625,6439,0.0,0.0
2024-11-27 15:21:00-05:00,314.7099914550781,314.7099914550781,314.6199951171875,314.6600036621094,4709,0.0,0.0
2024-11-27 15:22:00-05:00,314.6600036621094,314.7200012207031,314.6199951171875,314.7099914550781,4445,0.0,0.0
2024-11-27 15:23:00-05:00,314.739990234375,314.7799987792969,314.7300109863281,314.7550048828125,8401,0.0,0.0
2024-11-27 15:24:00-05:00,314.739990234375,314.739990234375,314.69000244140625,314.70001220703125,5067,0.0,0.0
2024-11-27 15:25:00-05:00,314.70001220703125,314.7300109863281,314.6600036621094,314.67999267578125,4751,0.0,0.0
2024-11-27 15:26:00-05:00,314.67498779296875,314.67498779296875,314.6099853515625,314.62030029296875,5301,0.0,0.0
2024-11-27 15:27:00-05:00,314.614990234375,314.6700134277344,314.614990234375,314.6449890136719,7479,0.0,0.0
2024-11-27 15:28:00-05:00,314.6700134277344,314.79998779296875,314.6700134277344,314.7900085449219,5177,0.0,0.0
2024-11-27 15:29:00-05:00,314.79998779296875,314.79998779296875,314.7200012207031,314.75,11383,0.0,0.0
2024-11-27 15:30:00-05:00,314.7449951171875,314.7900085449219,314.7099914550781,314.7550048828125,7045,0.0,0.0
2024-11-27 15:31:00-05:00,314.7550048828125,314.760009765625,314.7300109863281,314.7300109863281,7942,0.0,0.0
2024-11-27 15:32:00-05:00,314.7550048828125,314.7799987792969,314.69000244140625,314.7300109863281,9341,0.0,0.0
2024-11-27 15:33:00-05:00,314.7300109863281,314.7900085449219,314.7300109863281,314.7900085449219,9247,0.0,0.0
2024-11-27 15:34:00-05:00,314.7900085449219,314.9100036621094,314.760009765625,314.9100036621094,13629,0.0,0.0
2024-11-27 15:35:00-05:00,314.9200134277344,314.9200134277344,314.7799987792969,314.853759765625,13942,0.0,0.0
2024-11-27 15:36:00-05:00,314.8699951171875,314.8699951171875,314.8299865722656,314.8699951171875,6199,0.0,0.0
2024-11-27 15:37:00-05:00,314.875,314.92999267578125,314.8699951171875,314.9200134277344,5551,0.0,0.0
2024-11-27 15:38:00-05:00,314.9200134277344,314.9700012207031,314.80999755859375,314.8500061035156,21908,0.0,0.0
2024-11-27 15:39:00-05:00,314.85699462890625,314.885009765625,314.7900085449219,314.79998779296875,6268,0.0,0.0
2024-11-27 15:40:00-05:00,314.7900085449219,314.7900085449219,314.625,314.6650085449219,9585,0.0,0.0
2024-11-27 15:41:00-05:00,314.6400146484375,314.7799987792969,314.6300048828125,314.7799987792969,9039,0.0,0.0
2024-11-27 15:42:00-05:00,314.8070068359375,314.9100036621094,314.760009765625,314.760009765625,8808,0.0,0.0
2024-11-27 15:43:00-05:00,314.760009765625,314.760009765625,314.70001220703125,314.7349853515625,9721,0.0,0.0
2024-11-27 15:44:00-05:00,314.7349853515625,314.7349853515625,314.6050109863281,314.6050109863281,6158,0.0,0.0
2024-11-27 15:45:00-05:00,314.6199035644531,314.69000244140625,314.5799865722656,314.6600036621094,11867,0.0,0.0
2024-11-27 15:46:00-05:00,314.6528015136719,314.7650146484375,314.6528015136719,314.7300109863281,6474,0.0,0.0
2024-11-27 15:47:00-05:00,314.7200012207031,314.9100036621094,314.70001220703125,314.8699951171875,13244,0.0,0.0
2024-11-27 15:48:00-05:00,314.8299865722656,314.8599853515625,314.70001220703125,314.7149963378906,9533,0.0,0.0
2024-11-27 15:49:00-05:00,314.7099914550781,314.7250061035156,314.6600036621094,314.7250061035156,16726,0.0,0.0
2024-11-27 15:50:00-05:00,314.7250061035156,314.760009765625,314.5450134277344,314.6300048828125,20839,0.0,0.0
2024-11-27 15:51:00-05:00,314.6199951171875,314.6499938964844,314.5199890136719,314.5299987792969,19365,0.0,0.0
2024-11-27 15:52:00-05:00,314.5299987792969,314.5299987792969,314.3599853515625,314.5,20788,0.0,0.0
2024-11-27 15:53:00-05:00,314.5,314.6400146484375,314.3500061035156,314.614990234375,18532,0.0,0.0
2024-11-27 15:54:00-05:00,314.614990234375,314.614990234375,314.4100036621094,314.4800109863281,23018,0.0,0.0
2024-11-27 15:55:00-05:00,314.5,314.5400085449219,314.3599853515625,314.5050048828125,24645,0.0,0.0
2024-11-27 15:56:00-05:00,314.55999755859375,314.55999755859375,314.4100036621094,314.489990234375,37490,0.0,0.0
2024-11-27 15:57:00-05:00,314.5199890136719,314.6000061035156,314.42498779296875,314.55499267578125,35802,0.0,0.0
2024-11-27 15:58:00-05:00,314.56500244140625,314.7300109863281,314.5199890136719,314.57501220703125,49411,0.0,0.0
2024-11-27 15:59:00-05:00,314.5799865722656,314.7099914550781,314.5,314.67999267578125,61880,0.0,0.0
2024-11-27 16:00:00-05:00,314.7,314.93,314.7,314.7,841096,0.0,0.0
2024-11-27 16:01:00-05:00,314.7,314.7,314.7,314.7,0,0.0,0.0
2024-11-27 16:02:00-05:00,314.7,314.7,314.7,314.7,0,0.0,0.0
2024-11-27 16:03:00-05:00,314.7,314.7,314.7,314.7,0,0.0,0.0
2024-11-27 16:04:00-05:00,316.7,316.7,316.7,316.7,0,0.0,0.0
2024-11-27 16:05:00-05:00,314.75,314.75,314.7,314.7,0,0.0,0.0
2024-11-27 16:06:00-05:00,316.6988,316.6988,316.6988,316.6988,0,0.0,0.0
2024-11-27 16:10:00-05:00,314.86,314.86,314.86,314.86,0,0.0,0.0
2024-11-27 16:12:00-05:00,314.86,314.86,314.86,314.86,0,0.0,0.0
2024-11-27 16:13:00-05:00,314.75,314.75,314.75,314.75,0,0.0,0.0
2024-11-27 16:15:00-05:00,314.7,314.7,314.7,314.7,0,0.0,0.0
2024-11-27 16:19:00-05:00,314.7,314.7,314.7,314.7,0,0.0,0.0
2024-11-27 16:20:00-05:00,314.7,314.7,314.7,314.7,0,0.0,0.0
2024-11-27 16:25:00-05:00,314.73,314.73,314.7,314.7,0,0.0,0.0
2024-11-27 16:26:00-05:00,314.86,314.86,314.86,314.86,0,0.0,0.0
2024-11-27 16:34:00-05:00,316.7,316.7,316.7,316.7,0,0.0,0.0
2024-11-27 16:35:00-05:00,314.87,314.87,314.7,314.7,0,0.0,0.0
2024-11-27 16:36:00-05:00,314.7,314.7,314.7,314.7,0,0.0,0.0
2024-11-27 16:38:00-05:00,314.7,314.7,314.7,314.7,0,0.0,0.0
2024-11-27 16:40:00-05:00,314.93,314.93,314.7222,314.7222,0,0.0,0.0
2024-11-27 16:41:00-05:00,314.7,314.7,314.7,314.7,0,0.0,0.0
2024-11-27 16:48:00-05:00,308.69,308.69,308.69,308.69,0,0.0,0.0
2024-11-27 16:57:00-05:00,314.76,314.76,314.75,314.75,0,0.0,0.0
2024-11-27 16:58:00-05:00,314.7101,314.7101,314.7101,314.7101,0,0.0,0.0
2024-11-27 17:02:00-05:00,315.2,315.2,315.2,315.2,0,0.0,0.0
2024-11-27 17:03:00-05:00,314.87,314.87,314.87,314.87,0,0.0,0.0
2024-11-27 17:05:00-05:00,314.98,315.2,314.98,315.2,0,0.0,0.0
2024-11-27 17:13:00-05:00,314.71,314.71,314.71,314.71,0,0.0,0.0
2024-11-27 17:19:00-05:00,315.01,315.01,314.7222,314.7222,0,0.0,0.0
2024-11-27 17:21:00-05:00,314.81,314.81,314.81,314.81,0,0.0,0.0
2024-11-27 17:24:00-05:00,314.7222,314.7222,314.7222,314.7222,0,0.0,0.0
2024-11-27 17:26:00-05:00,314.7222,314.83,314.7222,314.83,0,0.0,0.0
2024-11-27 17:29:00-05:00,314.99,314.99,314.99,314.99,0,0.0,0.0
2024-11-27 17:31:00-05:00,315.01,315.01,315.01,315.01,0,0.0,0.0
2024-11-27 17:33:00-05:00,314.71,314.71,314.71,314.71,0,0.0,0.0
2024-11-27 17:35:00-05:00,314.81,314.81,314.81,314.81,0,0.0,0.0
2024-11-27 17:40:00-05:00,314.7222,314.7222,314.7222,314.7222,0,0.0,0.0
2024-11-27 17:45:00-05:00,314.8,315.0,314.8,315.0,0,0.0,0.0
2024-11-27 17:48:00-05:00,315.01,315.01,315.01,315.01,0,0.0,0.0
2024-11-27 17:51:00-05:00,315.01,315.01,315.0,315.0,0,0.0,0.0
2024-11-27 17:55:00-05:00,315.02,315.02,315.01,315.01,0,0.0,0.0
2024-11-27 18:06:00-05:00,315.1877,315.1877,315.1877,315.1877,0,0.0,0.0
2024-11-27 18:08:00-05:00,314.71,314.71,314.71,314.71,0,0.0,0.0
2024-11-27 18:33:00-05:00,314.7,314.7,314.7,314.7,0,0.0,0.0
2024-11-27 18:34:00-05:00,315.05,315.05,315.05,315.05,0,0.0,0.0
2024-11-27 18:36:00-05:00,314.84,314.84,314.72,314.72,0,0.0,0.0
2024-11-27 18:41:00-05:00,314.77,314.77,314.77,314.77,0,0.0,0.0
2024-11-27 18:42:00-05:00,314.72,314.72,314.72,314.72,0,0.0,0.0
2024-11-27 18:43:00-05:00,314.72,314.72,314.72,314.72,0,0.0,0.0
2024-11-27 18:47:00-05:00,314.97,314.97,314.97,314.97,0,0.0,0.0
2024-11-27 18:48:00-05:00,314.74,314.74,314.74,314.74,0,0.0,0.0
2024-11-27 18:52:00-05:00,314.72,314.72,314.72,314.72,0,0.0,0.0
2024-11-27 18:53:00-05:00,314.96,314.96,314.96,314.96,0,0.0,0.0
2024-11-27 18:59:00-05:00,315.2,315.2,315.2,315.2,0,0.0,0.0
2024-11-27 19:04:00-05:00,315.01,315.01,315.01,315.01,0,0.0,0.0
2024-11-27 19:05:00-05:00,315.17,315.19,315.17,315.19,0,0.0,0.0
2024-11-27 19:06:00-05:00,315.19,315.19,315.19,315.19,0,0.0,0.0
2024-11-27 19:09:00-05:00,315.2,315.2,315.2,315.2,0,0.0,0.0
2024-11-27 19:13:00-05:00,315.19,315.19,315.19,315.19,0,0.0,0.0
2024-11-27 19:16:00-05:00,315.19,315.19,315.19,315.19,0,0.0,0.0
2024-11-27 19:33:00-05:00,314.8062,314.8062,314.8062,314.8062,0,0.0,0.0
2024-11-27 19:34:00-05:00,315.08,315.2,315.08,315.2,0,0.0,0.0
2024-11-27 19:35:00-05:00,317.0,317.0,317.0,317.0,0,0.0,0.0
2024-11-27 19:38:00-05:00,315.08,315.08,315.08,315.08,0,0.0,0.0
2024-11-27 19:50:00-05:00,315.08,315.08,315.08,315.08,0,0.0,0.0
2024-11-27 19:58:00-05:00,316.49,316.49,316.49,316.49,0,0.0,0.0
2024-11-27 19:59:00-05:00,316.49,316.49,316.49,316.49,0,0.0,0.0
