time,Open,High,Low,Close,Volume,Dividends,Stock Splits
2024-12-10 04:00:00-05:00,308.85,308.85,308.55,308.55,0,0.0,0.0
2024-12-10 04:01:00-05:00,308.5,308.5,308.04,308.04,0,0.0,0.0
2024-12-10 04:02:00-05:00,308.26,308.26,307.7,307.94,0,0.0,0.0
2024-12-10 04:03:00-05:00,307.5,308.25,307.32,308.25,0,0.0,0.0
2024-12-10 04:04:00-05:00,307.61,307.61,307.0,307.0,0,0.0,0.0
2024-12-10 04:05:00-05:00,307.0,307.0,307.0,307.0,0,0.0,0.0
2024-12-10 04:07:00-05:00,307.1,307.1,307.1,307.1,0,0.0,0.0
2024-12-10 04:10:00-05:00,307.72,307.72,307.36,307.36,0,0.0,0.0
2024-12-10 04:11:00-05:00,307.1,307.1,307.1,307.1,0,0.0,0.0
2024-12-10 04:13:00-05:00,307.13,307.13,307.13,307.13,0,0.0,0.0
2024-12-10 04:16:00-05:00,307.59,307.59,307.59,307.59,0,0.0,0.0
2024-12-10 04:17:00-05:00,307.28,307.48,307.13,307.48,0,0.0,0.0
2024-12-10 04:20:00-05:00,307.38,307.38,307.38,307.38,0,0.0,0.0
2024-12-10 04:24:00-05:00,307.38,307.38,307.38,307.38,0,0.0,0.0
2024-12-10 04:27:00-05:00,307.38,307.39,307.38,307.38,0,0.0,0.0
2024-12-10 04:28:00-05:00,307.48,307.48,307.48,307.48,0,0.0,0.0
2024-12-10 04:30:00-05:00,307.39,307.39,307.39,307.39,0,0.0,0.0
2024-12-10 04:34:00-05:00,307.64,307.64,307.64,307.64,0,0.0,0.0
2024-12-10 04:35:00-05:00,307.39,307.39,307.39,307.39,0,0.0,0.0
2024-12-10 04:41:00-05:00,307.48,307.48,307.48,307.48,0,0.0,0.0
2024-12-10 04:44:00-05:00,307.29,307.29,307.29,307.29,0,0.0,0.0
2024-12-10 04:45:00-05:00,307.59,307.59,307.59,307.59,0,0.0,0.0
2024-12-10 04:50:00-05:00,307.59,307.59,307.59,307.59,0,0.0,0.0
2024-12-10 05:05:00-05:00,307.59,307.59,307.59,307.59,0,0.0,0.0
2024-12-10 05:07:00-05:00,307.38,307.38,307.38,307.38,0,0.0,0.0
2024-12-10 05:09:00-05:00,307.47,307.47,307.05,307.05,0,0.0,0.0
2024-12-10 05:12:00-05:00,307.47,307.47,307.47,307.47,0,0.0,0.0
2024-12-10 05:14:00-05:00,307.16,307.16,307.16,307.16,0,0.0,0.0
2024-12-10 05:20:00-05:00,307.42,307.42,307.42,307.42,0,0.0,0.0
2024-12-10 05:22:00-05:00,307.41,307.41,307.41,307.41,0,0.0,0.0
2024-12-10 05:30:00-05:00,307.41,307.79,307.41,307.79,0,0.0,0.0
2024-12-10 05:35:00-05:00,307.79,307.79,307.79,307.79,0,0.0,0.0
2024-12-10 05:39:00-05:00,307.79,307.79,307.79,307.79,0,0.0,0.0
2024-12-10 05:40:00-05:00,307.48,307.48,307.48,307.48,0,0.0,0.0
2024-12-10 05:50:00-05:00,307.48,307.77,307.48,307.77,0,0.0,0.0
2024-12-10 05:53:00-05:00,307.75,307.75,307.75,307.75,0,0.0,0.0
2024-12-10 05:54:00-05:00,307.77,307.77,307.77,307.77,0,0.0,0.0
2024-12-10 06:01:00-05:00,307.48,307.53,307.48,307.53,0,0.0,0.0
2024-12-10 06:05:00-05:00,307.53,307.53,307.53,307.53,0,0.0,0.0
2024-12-10 06:08:00-05:00,307.77,307.81,307.77,307.81,0,0.0,0.0
2024-12-10 06:13:00-05:00,307.77,308.04,307.77,308.0,0,0.0,0.0
2024-12-10 06:19:00-05:00,308.21,308.34,308.21,308.34,0,0.0,0.0
2024-12-10 06:20:00-05:00,308.34,308.34,308.34,308.34,0,0.0,0.0
2024-12-10 06:25:00-05:00,308.22,308.22,308.22,308.22,0,0.0,0.0
2024-12-10 06:29:00-05:00,308.22,308.22,308.22,308.22,0,0.0,0.0
2024-12-10 06:32:00-05:00,308.25,308.25,308.25,308.25,0,0.0,0.0
2024-12-10 06:35:00-05:00,308.23,308.23,308.23,308.23,0,0.0,0.0
2024-12-10 06:36:00-05:00,308.23,308.34,308.23,308.34,0,0.0,0.0
2024-12-10 06:39:00-05:00,308.51,308.69,308.51,308.69,0,0.0,0.0
2024-12-10 06:50:00-05:00,308.69,308.69,308.69,308.69,0,0.0,0.0
2024-12-10 06:52:00-05:00,308.63,308.63,308.63,308.63,0,0.0,0.0
2024-12-10 07:00:00-05:00,308.33,308.36,308.28,308.28,0,0.0,0.0
2024-12-10 07:02:00-05:00,308.51,308.51,308.45,308.45,0,0.0,0.0
2024-12-10 07:03:00-05:00,308.49,308.49,308.49,308.49,0,0.0,0.0
2024-12-10 07:05:00-05:00,308.49,308.49,308.49,308.49,0,0.0,0.0
2024-12-10 07:13:00-05:00,308.5,308.5,308.5,308.5,0,0.0,0.0
2024-12-10 07:14:00-05:00,308.5,308.5,308.5,308.5,0,0.0,0.0
2024-12-10 07:17:00-05:00,308.69,308.69,308.69,308.69,0,0.0,0.0
2024-12-10 07:18:00-05:00,308.51,308.53,308.51,308.53,0,0.0,0.0
2024-12-10 07:19:00-05:00,308.51,308.51,308.51,308.51,0,0.0,0.0
2024-12-10 07:20:00-05:00,308.51,308.51,308.51,308.51,0,0.0,0.0
2024-12-10 07:26:00-05:00,308.6,308.6,308.51,308.51,0,0.0,0.0
2024-12-10 07:27:00-05:00,308.59,308.59,308.59,308.59,0,0.0,0.0
2024-12-10 07:32:00-05:00,308.52,308.52,308.3,308.3,0,0.0,0.0
2024-12-10 07:35:00-05:00,308.3,308.3,308.3,308.3,0,0.0,0.0
2024-12-10 07:37:00-05:00,308.3,308.3,308.23,308.23,0,0.0,0.0
2024-12-10 07:41:00-05:00,308.29,308.3,308.29,308.29,0,0.0,0.0
2024-12-10 07:48:00-05:00,308.29,308.29,308.29,308.29,0,0.0,0.0
2024-12-10 07:52:00-05:00,308.57,308.57,308.57,308.57,0,0.0,0.0
2024-12-10 07:53:00-05:00,308.3,308.3,308.0,308.19,0,0.0,0.0
2024-12-10 07:54:00-05:00,308.05,308.2,308.05,308.19,0,0.0,0.0
2024-12-10 07:56:00-05:00,308.01,308.01,308.01,308.01,0,0.0,0.0
2024-12-10 08:00:00-05:00,307.7215,310.7588,306.7612,308.5285,0,0.0,0.0
2024-12-10 08:01:00-05:00,308.6,308.6,308.26,308.26,0,0.0,0.0
2024-12-10 08:02:00-05:00,308.08,308.6,308.08,308.6,0,0.0,0.0
2024-12-10 08:03:00-05:00,308.06,308.06,308.06,308.06,0,0.0,0.0
2024-12-10 08:04:00-05:00,308.27,308.27,308.26,308.26,0,0.0,0.0
2024-12-10 08:05:00-05:00,308.3,308.3,308.3,308.3,0,0.0,0.0
2024-12-10 08:06:00-05:00,308.07,308.33,308.07,308.28,0,0.0,0.0
2024-12-10 08:07:00-05:00,308.08,308.08,308.04,308.04,0,0.0,0.0
2024-12-10 08:09:00-05:00,308.29,308.29,308.08,308.08,0,0.0,0.0
2024-12-10 08:10:00-05:00,308.6,308.6,308.6,308.6,0,0.0,0.0
2024-12-10 08:11:00-05:00,308.5142,308.5142,308.5142,308.5142,0,0.0,0.0
2024-12-10 08:12:00-05:00,308.28,308.28,307.89,307.89,0,0.0,0.0
2024-12-10 08:13:00-05:00,307.89,307.89,307.73,307.73,0,0.0,0.0
2024-12-10 08:14:00-05:00,307.53,307.53,307.53,307.53,0,0.0,0.0
2024-12-10 08:15:00-05:00,307.61,307.61,307.61,307.61,0,0.0,0.0
2024-12-10 08:16:00-05:00,307.61,307.61,307.61,307.61,0,0.0,0.0
2024-12-10 08:17:00-05:00,307.61,307.76,307.61,307.69,0,0.0,0.0
2024-12-10 08:20:00-05:00,307.69,307.69,307.69,307.69,0,0.0,0.0
2024-12-10 08:21:00-05:00,307.69,307.69,307.69,307.69,0,0.0,0.0
2024-12-10 08:22:00-05:00,307.33,307.33,307.33,307.33,0,0.0,0.0
2024-12-10 08:23:00-05:00,307.57,308.01,307.57,308.01,0,0.0,0.0
2024-12-10 08:24:00-05:00,307.69,307.7,307.57,307.57,0,0.0,0.0
2024-12-10 08:27:00-05:00,307.57,307.57,307.57,307.57,0,0.0,0.0
2024-12-10 08:31:00-05:00,308.54,308.54,308.54,308.54,0,0.0,0.0
2024-12-10 08:33:00-05:00,307.81,307.81,307.81,307.81,0,0.0,0.0
2024-12-10 08:35:00-05:00,307.81,307.81,307.81,307.81,0,0.0,0.0
2024-12-10 08:36:00-05:00,307.79,307.96,307.78,307.96,0,0.0,0.0
2024-12-10 08:39:00-05:00,307.95,307.95,307.95,307.95,0,0.0,0.0
2024-12-10 08:40:00-05:00,307.8,307.8,307.8,307.8,0,0.0,0.0
2024-12-10 08:41:00-05:00,307.8,307.8,307.8,307.8,0,0.0,0.0
2024-12-10 08:42:00-05:00,308.6,308.6,308.6,308.6,0,0.0,0.0
2024-12-10 08:45:00-05:00,307.95,308.16,307.95,308.03,0,0.0,0.0
2024-12-10 08:47:00-05:00,307.9,307.9,307.9,307.9,0,0.0,0.0
2024-12-10 08:48:00-05:00,307.8,307.8,307.8,307.8,0,0.0,0.0
2024-12-10 08:50:00-05:00,307.95,308.33,307.95,308.29,0,0.0,0.0
2024-12-10 08:52:00-05:00,308.29,308.29,308.29,308.29,0,0.0,0.0
2024-12-10 08:56:00-05:00,308.37,308.37,308.37,308.37,0,0.0,0.0
2024-12-10 08:57:00-05:00,308.29,308.29,308.29,308.29,0,0.0,0.0
2024-12-10 08:58:00-05:00,308.6,308.6,308.6,308.6,0,0.0,0.0
2024-12-10 08:59:00-05:00,308.38,308.38,308.38,308.38,0,0.0,0.0
2024-12-10 09:01:00-05:00,308.37,308.37,308.37,308.37,0,0.0,0.0
2024-12-10 09:05:00-05:00,308.36,308.47,308.36,308.47,0,0.0,0.0
2024-12-10 09:07:00-05:00,308.46,308.5,308.38,308.38,0,0.0,0.0
2024-12-10 09:08:00-05:00,308.58,308.6,308.5,308.5,0,0.0,0.0
2024-12-10 09:11:00-05:00,308.4,308.42,308.37,308.37,0,0.0,0.0
2024-12-10 09:12:00-05:00,308.27,308.27,308.19,308.19,0,0.0,0.0
2024-12-10 09:30:00-05:00,307.3599853515625,308.6600036621094,307.29998779296875,308.05999755859375,117245,0.0,0.0
2024-12-10 09:31:00-05:00,308.1199951171875,308.1199951171875,307.3500061035156,307.8999938964844,7670,0.0,0.0
2024-12-10 09:32:00-05:00,307.79998779296875,307.8999938964844,307.2900085449219,307.6199951171875,12156,0.0,0.0
2024-12-10 09:33:00-05:00,307.68499755859375,307.8699951171875,307.5400085449219,307.8699951171875,3255,0.0,0.0
2024-12-10 09:34:00-05:00,308.17999267578125,308.2300109863281,307.80999755859375,308.19000244140625,4547,0.0,0.0
2024-12-10 09:35:00-05:00,308.3299865722656,308.79998779296875,308.3299865722656,308.6600036621094,6995,0.0,0.0
2024-12-10 09:36:00-05:00,308.62750244140625,309.0199890136719,308.5400085449219,308.8299865722656,10158,0.0,0.0
2024-12-10 09:37:00-05:00,308.79998779296875,308.79998779296875,308.3699951171875,308.57000732421875,15118,0.0,0.0
2024-12-10 09:38:00-05:00,308.6400146484375,308.6400146484375,308.2699890136719,308.3349914550781,8648,0.0,0.0
2024-12-10 09:39:00-05:00,308.2300109863281,308.4049987792969,308.1549987792969,308.1549987792969,16791,0.0,0.0
2024-12-10 09:40:00-05:00,308.1499938964844,308.1499938964844,307.54998779296875,307.6199951171875,7842,0.0,0.0
2024-12-10 09:41:00-05:00,307.7900085449219,307.82000732421875,307.3500061035156,307.54998779296875,9571,0.0,0.0
2024-12-10 09:42:00-05:00,307.4800109863281,307.55999755859375,307.29998779296875,307.5350036621094,6291,0.0,0.0
2024-12-10 09:43:00-05:00,307.5299987792969,307.55999755859375,306.94000244140625,307.0350036621094,12588,0.0,0.0
2024-12-10 09:44:00-05:00,307.0400085449219,307.05999755859375,306.7799987792969,306.7799987792969,16066,0.0,0.0
2024-12-10 09:45:00-05:00,306.7699890136719,307.0799865722656,306.7699890136719,307.0,6385,0.0,0.0
2024-12-10 09:46:00-05:00,307.1300048828125,307.239990234375,306.9700012207031,307.239990234375,9419,0.0,0.0
2024-12-10 09:47:00-05:00,307.17999267578125,307.2900085449219,307.0,307.25,6507,0.0,0.0
2024-12-10 09:48:00-05:00,307.2799987792969,307.3699951171875,307.04998779296875,307.1499938964844,8036,0.0,0.0
2024-12-10 09:49:00-05:00,307.2149963378906,307.29998779296875,307.0,307.1099853515625,17311,0.0,0.0
2024-12-10 09:50:00-05:00,307.06500244140625,307.1400146484375,307.0199890136719,307.1015930175781,9044,0.0,0.0
2024-12-10 09:51:00-05:00,307.1050109863281,307.1400146484375,306.6400146484375,306.739990234375,18218,0.0,0.0
2024-12-10 09:52:00-05:00,306.7699890136719,306.93389892578125,306.7300109863281,306.92999267578125,4379,0.0,0.0
2024-12-10 09:53:00-05:00,306.9800109863281,307.1600036621094,306.9800109863281,307.1600036621094,2334,0.0,0.0
2024-12-10 09:54:00-05:00,307.1050109863281,307.3689880371094,307.0899963378906,307.3689880371094,4394,0.0,0.0
2024-12-10 09:55:00-05:00,307.3500061035156,307.4599914550781,307.2900085449219,307.2900085449219,6409,0.0,0.0
2024-12-10 09:56:00-05:00,307.2749938964844,307.5050048828125,307.2749938964844,307.5,7151,0.0,0.0
2024-12-10 09:57:00-05:00,307.44000244140625,307.5242919921875,307.3500061035156,307.4549865722656,3574,0.0,0.0
2024-12-10 09:58:00-05:00,307.4549865722656,308.0,307.3699951171875,308.0,10504,0.0,0.0
2024-12-10 09:59:00-05:00,307.8699951171875,308.1878967285156,307.739990234375,307.760009765625,19480,0.0,0.0
2024-12-10 10:00:00-05:00,307.8299865722656,307.9800109863281,307.8299865722656,307.94000244140625,4384,0.0,0.0
2024-12-10 10:01:00-05:00,307.92999267578125,308.0299987792969,307.7799987792969,307.9549865722656,14317,0.0,0.0
2024-12-10 10:02:00-05:00,307.8399963378906,308.0338134765625,307.7900085449219,307.9200134277344,6104,0.0,0.0
2024-12-10 10:03:00-05:00,308.0400085449219,308.0400085449219,307.8800048828125,307.8800048828125,3112,0.0,0.0
2024-12-10 10:04:00-05:00,307.8999938964844,308.05999755859375,307.7900085449219,307.8800048828125,16549,0.0,0.0
2024-12-10 10:05:00-05:00,307.8599853515625,308.0400085449219,307.7300109863281,308.0,7730,0.0,0.0
2024-12-10 10:06:00-05:00,308.07000732421875,308.1000061035156,307.92999267578125,308.0350036621094,2837,0.0,0.0
2024-12-10 10:07:00-05:00,308.0,308.0,307.9100036621094,308.0,5555,0.0,0.0
2024-12-10 10:08:00-05:00,307.9949951171875,308.1000061035156,307.8999938964844,307.9800109863281,13507,0.0,0.0
2024-12-10 10:09:00-05:00,307.9800109863281,308.0450134277344,307.7099914550781,307.7799987792969,11255,0.0,0.0
2024-12-10 10:10:00-05:00,307.7799987792969,307.7900085449219,307.6807861328125,307.760009765625,6083,0.0,0.0
2024-12-10 10:11:00-05:00,307.8399963378906,307.8399963378906,307.6300048828125,307.7250061035156,12713,0.0,0.0
2024-12-10 10:12:00-05:00,307.79998779296875,307.8699951171875,307.6700134277344,307.80499267578125,7862,0.0,0.0
2024-12-10 10:13:00-05:00,307.8999938964844,307.9549865722656,307.80999755859375,307.8999938964844,3079,0.0,0.0
2024-12-10 10:14:00-05:00,307.9455871582031,308.0299987792969,307.760009765625,307.760009765625,8979,0.0,0.0
2024-12-10 10:15:00-05:00,307.7950134277344,307.912109375,307.7300109863281,307.79998779296875,3628,0.0,0.0
2024-12-10 10:16:00-05:00,307.70001220703125,307.95001220703125,307.6400146484375,307.8299865722656,17829,0.0,0.0
2024-12-10 10:17:00-05:00,308.0150146484375,308.0356140136719,307.9700012207031,307.9700012207031,3231,0.0,0.0
2024-12-10 10:18:00-05:00,308.07000732421875,308.30999755859375,308.07000732421875,308.2049865722656,6174,0.0,0.0
2024-12-10 10:19:00-05:00,308.2049865722656,308.2900085449219,308.0899963378906,308.1505126953125,12713,0.0,0.0
2024-12-10 10:20:00-05:00,308.239990234375,308.2900085449219,308.1499938964844,308.2900085449219,5146,0.0,0.0
2024-12-10 10:21:00-05:00,308.2850036621094,308.3599853515625,308.20001220703125,308.29998779296875,3681,0.0,0.0
2024-12-10 10:22:00-05:00,308.2699890136719,308.5,308.2699890136719,308.5,6295,0.0,0.0
2024-12-10 10:23:00-05:00,308.489990234375,308.5,308.3500061035156,308.5,12440,0.0,0.0
2024-12-10 10:24:00-05:00,308.510009765625,308.6781921386719,308.43499755859375,308.4747009277344,4005,0.0,0.0
2024-12-10 10:25:00-05:00,308.42498779296875,308.5,308.2900085449219,308.3800048828125,7801,0.0,0.0
2024-12-10 10:26:00-05:00,308.3999938964844,308.625,308.3949890136719,308.55999755859375,4911,0.0,0.0
2024-12-10 10:27:00-05:00,308.614990234375,308.8185119628906,308.5299987792969,308.6000061035156,7283,0.0,0.0
2024-12-10 10:28:00-05:00,308.6000061035156,308.82000732421875,308.5400085449219,308.75,7959,0.0,0.0
2024-12-10 10:29:00-05:00,308.75,308.7699890136719,308.6600036621094,308.7699890136719,6550,0.0,0.0
2024-12-10 10:30:00-05:00,308.70001220703125,309.06500244140625,308.70001220703125,309.010009765625,21623,0.0,0.0
2024-12-10 10:31:00-05:00,308.9700012207031,309.0400085449219,308.8699951171875,308.9200134277344,9098,0.0,0.0
2024-12-10 10:32:00-05:00,308.8999938964844,309.0,308.8999938964844,308.92999267578125,2608,0.0,0.0
2024-12-10 10:33:00-05:00,308.92999267578125,309.0050048828125,308.70001220703125,308.8999938964844,18780,0.0,0.0
2024-12-10 10:34:00-05:00,308.95001220703125,309.06201171875,308.80999755859375,308.8299865722656,15652,0.0,0.0
2024-12-10 10:35:00-05:00,308.94000244140625,309.0899963378906,308.8800048828125,308.92498779296875,6296,0.0,0.0
2024-12-10 10:36:00-05:00,308.92498779296875,309.0,308.7699890136719,308.8500061035156,105155,0.0,0.0
2024-12-10 10:37:00-05:00,308.8599853515625,308.8800048828125,308.7900085449219,308.8349914550781,11990,0.0,0.0
2024-12-10 10:38:00-05:00,308.8299865722656,308.8800048828125,308.7900085449219,308.8299865722656,3254,0.0,0.0
2024-12-10 10:39:00-05:00,308.8500061035156,308.8699951171875,308.6199951171875,308.7799987792969,11765,0.0,0.0
2024-12-10 10:40:00-05:00,308.79998779296875,309.0799865722656,308.7825012207031,309.0,10974,0.0,0.0
2024-12-10 10:41:00-05:00,309.0,309.2099914550781,309.0,309.2099914550781,11504,0.0,0.0
2024-12-10 10:42:00-05:00,309.2250061035156,309.2250061035156,309.1600036621094,309.20001220703125,1754,0.0,0.0
2024-12-10 10:43:00-05:00,309.25,309.30499267578125,309.2099914550781,309.30499267578125,3204,0.0,0.0
2024-12-10 10:44:00-05:00,309.2200012207031,309.3599853515625,309.1400146484375,309.3599853515625,7888,0.0,0.0
2024-12-10 10:45:00-05:00,309.3349914550781,309.3999938964844,309.3349914550781,309.3999938964844,3420,0.0,0.0
2024-12-10 10:46:00-05:00,309.3349914550781,309.5299987792969,309.3349914550781,309.385009765625,8123,0.0,0.0
2024-12-10 10:47:00-05:00,309.510009765625,309.7099914550781,309.5,309.70001220703125,11255,0.0,0.0
2024-12-10 10:48:00-05:00,309.7720031738281,309.7720031738281,309.4800109863281,309.4800109863281,7076,0.0,0.0
2024-12-10 10:49:00-05:00,309.5400085449219,309.8699951171875,309.5400085449219,309.8599853515625,12584,0.0,0.0
2024-12-10 10:50:00-05:00,309.875,310.0199890136719,309.8699951171875,309.9200134277344,11658,0.0,0.0
2024-12-10 10:51:00-05:00,309.9200134277344,310.010009765625,309.9200134277344,309.9200134277344,3464,0.0,0.0
2024-12-10 10:52:00-05:00,309.92999267578125,310.0199890136719,309.840087890625,309.9200134277344,6955,0.0,0.0
2024-12-10 10:53:00-05:00,309.94000244140625,309.94000244140625,309.8800048828125,309.94000244140625,1827,0.0,0.0
2024-12-10 10:54:00-05:00,309.94000244140625,310.07000732421875,309.94000244140625,309.989990234375,8409,0.0,0.0
2024-12-10 10:55:00-05:00,309.95001220703125,310.1199951171875,309.8302917480469,310.1199951171875,11529,0.0,0.0
2024-12-10 10:56:00-05:00,310.0799865722656,310.45001220703125,310.0799865722656,310.40869140625,7835,0.0,0.0
2024-12-10 10:57:00-05:00,310.30999755859375,310.5400085449219,310.1499938964844,310.31500244140625,7891,0.0,0.0
2024-12-10 10:58:00-05:00,310.31500244140625,310.31500244140625,310.239990234375,310.239990234375,440,0.0,0.0
2024-12-10 11:00:00-05:00,310.5050048828125,310.5050048828125,310.4200134277344,310.4200134277344,22494,0.0,0.0
2024-12-10 11:01:00-05:00,310.4100036621094,310.45001220703125,310.3399963378906,310.4200134277344,5911,0.0,0.0
2024-12-10 11:02:00-05:00,310.4100036621094,310.6050109863281,310.3299865722656,310.43499755859375,13664,0.0,0.0
2024-12-10 11:03:00-05:00,310.45001220703125,310.6700134277344,310.45001220703125,310.6300048828125,9721,0.0,0.0
2024-12-10 11:04:00-05:00,310.67230224609375,310.7099914550781,310.55999755859375,310.7099914550781,10482,0.0,0.0
2024-12-10 11:05:00-05:00,310.7449951171875,310.75,310.4599914550781,310.57000732421875,17253,0.0,0.0
2024-12-10 11:06:00-05:00,310.6000061035156,310.6300048828125,310.45001220703125,310.5871887207031,9161,0.0,0.0
2024-12-10 11:07:00-05:00,310.6000061035156,310.70001220703125,310.5799865722656,310.70001220703125,5762,0.0,0.0
2024-12-10 11:08:00-05:00,310.70001220703125,310.70001220703125,310.5199890136719,310.6449890136719,11184,0.0,0.0
2024-12-10 11:09:00-05:00,310.6700134277344,310.7900085449219,310.6679992675781,310.70001220703125,7841,0.0,0.0
2024-12-10 11:10:00-05:00,310.67999267578125,310.79998779296875,310.6449890136719,310.6700134277344,10209,0.0,0.0
2024-12-10 11:11:00-05:00,310.7200012207031,310.760009765625,310.6600036621094,310.6600036621094,5801,0.0,0.0
2024-12-10 11:12:00-05:00,310.7049865722656,310.82000732421875,310.6499938964844,310.7550048828125,7875,0.0,0.0
2024-12-10 11:13:00-05:00,310.7550048828125,310.7799987792969,310.6700134277344,310.7799987792969,8993,0.0,0.0
2024-12-10 11:14:00-05:00,310.7799987792969,310.7799987792969,310.65509033203125,310.7049865722656,8339,0.0,0.0
2024-12-10 11:15:00-05:00,310.760009765625,310.82000732421875,310.5950012207031,310.6300048828125,12643,0.0,0.0
2024-12-10 11:16:00-05:00,310.6600036621094,310.81988525390625,310.57470703125,310.67498779296875,9462,0.0,0.0
2024-12-10 11:17:00-05:00,310.69000244140625,310.70001220703125,310.6199951171875,310.6400146484375,3928,0.0,0.0
2024-12-10 11:18:00-05:00,310.6650085449219,310.739990234375,310.6401062011719,310.7200012207031,5869,0.0,0.0
2024-12-10 11:19:00-05:00,310.7200012207031,310.79998779296875,310.7099914550781,310.760009765625,5036,0.0,0.0
2024-12-10 11:20:00-05:00,310.80999755859375,310.8599853515625,310.6944885253906,310.7550048828125,14027,0.0,0.0
2024-12-10 11:21:00-05:00,310.760009765625,310.92999267578125,310.7550048828125,310.8800048828125,4979,0.0,0.0
2024-12-10 11:22:00-05:00,310.8800048828125,310.8800048828125,310.7799987792969,310.8550109863281,10029,0.0,0.0
2024-12-10 11:23:00-05:00,310.8800048828125,310.8900146484375,310.75,310.82000732421875,7441,0.0,0.0
2024-12-10 11:24:00-05:00,310.8299865722656,310.8999938964844,310.7900085449219,310.8550109863281,6143,0.0,0.0
2024-12-10 11:25:00-05:00,310.9200134277344,310.9800109863281,310.89459228515625,310.95001220703125,3292,0.0,0.0
2024-12-10 11:26:00-05:00,310.92999267578125,311.1600036621094,310.92999267578125,311.1600036621094,9650,0.0,0.0
2024-12-10 11:27:00-05:00,311.1000061035156,311.1000061035156,310.9100036621094,311.05499267578125,10779,0.0,0.0
2024-12-10 11:28:00-05:00,311.0150146484375,311.25,311.010009765625,311.25,6479,0.0,0.0
2024-12-10 11:29:00-05:00,311.2200012207031,311.3299865722656,311.1000061035156,311.1650085449219,16438,0.0,0.0
2024-12-10 11:30:00-05:00,311.1650085449219,311.30999755859375,311.1650085449219,311.2699890136719,11123,0.0,0.0
2024-12-10 11:31:00-05:00,311.1499938964844,311.19000244140625,311.05499267578125,311.1400146484375,6626,0.0,0.0
2024-12-10 11:32:00-05:00,311.1549987792969,311.1549987792969,311.0199890136719,311.0849914550781,9701,0.0,0.0
2024-12-10 11:33:00-05:00,311.0899963378906,311.1499938964844,310.95001220703125,310.95001220703125,6466,0.0,0.0
2024-12-10 11:34:00-05:00,311.07000732421875,311.2875061035156,311.0,311.2875061035156,6223,0.0,0.0
2024-12-10 11:35:00-05:00,311.25,311.25,311.0899963378906,311.19000244140625,4268,0.0,0.0
2024-12-10 11:36:00-05:00,311.0299987792969,311.17999267578125,311.010009765625,311.114990234375,7931,0.0,0.0
2024-12-10 11:37:00-05:00,311.1300048828125,311.1300048828125,310.9700012207031,311.0,5322,0.0,0.0
2024-12-10 11:38:00-05:00,310.94000244140625,310.94000244140625,310.75,310.760009765625,5739,0.0,0.0
2024-12-10 11:39:00-05:00,310.7200012207031,310.7699890136719,310.3999938964844,310.5,7895,0.0,0.0
2024-12-10 11:40:00-05:00,310.5,310.5,310.3399963378906,310.4100036621094,7627,0.0,0.0
2024-12-10 11:41:00-05:00,310.45001220703125,310.5400085449219,310.45001220703125,310.489990234375,10053,0.0,0.0
2024-12-10 11:42:00-05:00,310.489990234375,310.67999267578125,310.489990234375,310.614990234375,6467,0.0,0.0
2024-12-10 11:43:00-05:00,310.6050109863281,310.760009765625,310.6000061035156,310.75,10565,0.0,0.0
2024-12-10 11:44:00-05:00,310.760009765625,310.8699951171875,310.7300109863281,310.7900085449219,11323,0.0,0.0
2024-12-10 11:45:00-05:00,310.75,310.760009765625,310.5899963378906,310.6300048828125,27681,0.0,0.0
2024-12-10 11:46:00-05:00,310.6400146484375,310.7900085449219,310.6400146484375,310.7099914550781,8415,0.0,0.0
2024-12-10 11:47:00-05:00,310.7200012207031,310.82000732421875,310.6099853515625,310.7300109863281,10623,0.0,0.0
2024-12-10 11:48:00-05:00,310.7300109863281,310.7550048828125,310.6549987792969,310.7550048828125,11727,0.0,0.0
2024-12-10 11:49:00-05:00,310.7200012207031,310.8299865722656,310.67498779296875,310.8299865722656,16310,0.0,0.0
2024-12-10 11:50:00-05:00,310.8599853515625,310.94500732421875,310.8299865722656,310.94000244140625,4850,0.0,0.0
2024-12-10 11:51:00-05:00,310.9549865722656,311.0,310.9100036621094,310.9778137207031,5840,0.0,0.0
2024-12-10 11:52:00-05:00,310.95001220703125,310.9700012207031,310.8450012207031,310.8450012207031,9654,0.0,0.0
2024-12-10 11:53:00-05:00,310.8399963378906,311.1600036621094,310.8399963378906,311.06500244140625,5056,0.0,0.0
2024-12-10 11:54:00-05:00,311.1700134277344,311.19000244140625,311.1300048828125,311.1400146484375,8602,0.0,0.0
2024-12-10 11:55:00-05:00,311.05999755859375,311.1499938964844,310.9800109863281,311.1499938964844,8648,0.0,0.0
2024-12-10 11:56:00-05:00,311.1050109863281,311.1050109863281,311.1050109863281,311.1050109863281,935,0.0,0.0
2024-12-10 11:57:00-05:00,311.17999267578125,311.19000244140625,311.07818603515625,311.19000244140625,2232,0.0,0.0
2024-12-10 11:58:00-05:00,311.1300048828125,311.2650146484375,311.1300048828125,311.25140380859375,8029,0.0,0.0
2024-12-10 11:59:00-05:00,311.2149963378906,311.25,311.1499938964844,311.1600036621094,4430,0.0,0.0
2024-12-10 12:00:00-05:00,311.20001220703125,311.3999938964844,311.20001220703125,311.2300109863281,8500,0.0,0.0
2024-12-10 12:01:00-05:00,311.17999267578125,311.20001220703125,311.1396179199219,311.19000244140625,3360,0.0,0.0
2024-12-10 12:02:00-05:00,311.17999267578125,311.2650146484375,311.04998779296875,311.04998779296875,7779,0.0,0.0
2024-12-10 12:03:00-05:00,311.0299987792969,311.0950012207031,311.02130126953125,311.0450134277344,2675,0.0,0.0
2024-12-10 12:04:00-05:00,311.04998779296875,311.1499938964844,311.0335998535156,311.125,7041,0.0,0.0
2024-12-10 12:05:00-05:00,311.0899963378906,311.1289978027344,311.05999755859375,311.07000732421875,5658,0.0,0.0
2024-12-10 12:06:00-05:00,311.05999755859375,311.07501220703125,311.010009765625,311.0199890136719,5155,0.0,0.0
2024-12-10 12:07:00-05:00,311.0199890136719,311.17999267578125,311.0199890136719,311.1300048828125,6676,0.0,0.0
2024-12-10 12:08:00-05:00,311.2300109863281,311.4200134277344,311.2300109863281,311.4200134277344,7290,0.0,0.0
2024-12-10 12:09:00-05:00,311.42999267578125,311.6099853515625,311.42999267578125,311.5849914550781,13992,0.0,0.0
2024-12-10 12:10:00-05:00,311.5849914550781,311.6549987792969,311.5400085449219,311.6449890136719,9588,0.0,0.0
2024-12-10 12:11:00-05:00,311.6449890136719,311.70001220703125,311.5899963378906,311.70001220703125,9634,0.0,0.0
2024-12-10 12:12:00-05:00,311.67999267578125,311.7300109863281,311.5,311.55499267578125,21903,0.0,0.0
2024-12-10 12:13:00-05:00,311.6199951171875,311.6499938964844,311.54998779296875,311.5799865722656,4949,0.0,0.0
2024-12-10 12:14:00-05:00,311.5361633300781,311.55499267578125,311.4599914550781,311.54998779296875,5022,0.0,0.0
2024-12-10 12:15:00-05:00,311.54998779296875,311.6449890136719,311.54998779296875,311.5849914550781,4168,0.0,0.0
2024-12-10 12:16:00-05:00,311.5466003417969,311.6400146484375,311.5466003417969,311.6400146484375,3506,0.0,0.0
2024-12-10 12:17:00-05:00,311.5950012207031,311.672607421875,311.5899963378906,311.5899963378906,4145,0.0,0.0
2024-12-10 12:18:00-05:00,311.54998779296875,311.5899963378906,311.4599914550781,311.5249938964844,4812,0.0,0.0
2024-12-10 12:19:00-05:00,311.5310974121094,311.5310974121094,311.3450012207031,311.4200134277344,6382,0.0,0.0
2024-12-10 12:20:00-05:00,311.3949890136719,311.44000244140625,311.3800048828125,311.44000244140625,3583,0.0,0.0
2024-12-10 12:21:00-05:00,311.4150085449219,311.43499755859375,311.3599853515625,311.4125061035156,4832,0.0,0.0
2024-12-10 12:22:00-05:00,311.4100036621094,311.4150085449219,311.239990234375,311.2550048828125,9271,0.0,0.0
2024-12-10 12:23:00-05:00,311.21978759765625,311.31988525390625,311.1400146484375,311.1400146484375,4257,0.0,0.0
2024-12-10 12:24:00-05:00,311.1400146484375,311.19500732421875,311.1300048828125,311.1748962402344,1109,0.0,0.0
2024-12-10 12:25:00-05:00,311.1499938964844,311.1499938964844,310.989990234375,311.1300048828125,3740,0.0,0.0
2024-12-10 12:26:00-05:00,311.1300048828125,311.2300109863281,311.1098327636719,311.2300109863281,5493,0.0,0.0
2024-12-10 12:27:00-05:00,311.2300109863281,311.2799987792969,311.14801025390625,311.2300109863281,5770,0.0,0.0
2024-12-10 12:28:00-05:00,311.17999267578125,311.239990234375,311.05999755859375,311.2200012207031,8139,0.0,0.0
2024-12-10 12:29:00-05:00,311.239990234375,311.239990234375,311.20001220703125,311.2300109863281,1755,0.0,0.0
2024-12-10 12:30:00-05:00,311.2699890136719,311.2699890136719,311.2699890136719,311.2699890136719,441,0.0,0.0
2024-12-10 12:31:00-05:00,311.3299865722656,311.385986328125,311.3185119628906,311.3727111816406,9375,0.0,0.0
2024-12-10 12:32:00-05:00,311.4100036621094,311.489990234375,311.4100036621094,311.489990234375,3515,0.0,0.0
2024-12-10 12:33:00-05:00,311.4100036621094,311.4800109863281,311.4100036621094,311.44500732421875,2018,0.0,0.0
2024-12-10 12:34:00-05:00,311.4183044433594,311.510009765625,311.3900146484375,311.45001220703125,3127,0.0,0.0
2024-12-10 12:35:00-05:00,311.489990234375,311.6000061035156,311.489990234375,311.5199890136719,11281,0.0,0.0
2024-12-10 12:36:00-05:00,311.5400085449219,311.69000244140625,311.5400085449219,311.69000244140625,5952,0.0,0.0
2024-12-10 12:37:00-05:00,311.70001220703125,311.7049865722656,311.5882873535156,311.6600036621094,4640,0.0,0.0
2024-12-10 12:38:00-05:00,311.6650085449219,311.7699890136719,311.6650085449219,311.7699890136719,1752,0.0,0.0
2024-12-10 12:39:00-05:00,311.7200012207031,311.8699951171875,311.7200012207031,311.8299865722656,9672,0.0,0.0
2024-12-10 12:40:00-05:00,311.79998779296875,311.8163146972656,311.6400146484375,311.8163146972656,8864,0.0,0.0
2024-12-10 12:41:00-05:00,311.7300109863281,311.7300109863281,311.6050109863281,311.6050109863281,6580,0.0,0.0
2024-12-10 12:42:00-05:00,311.56500244140625,311.6199951171875,311.5101013183594,311.5574951171875,2930,0.0,0.0
2024-12-10 12:43:00-05:00,311.56500244140625,311.56500244140625,311.4700012207031,311.4700012207031,4589,0.0,0.0
2024-12-10 12:44:00-05:00,311.4700012207031,311.55999755859375,311.44500732421875,311.5150146484375,4807,0.0,0.0
2024-12-10 12:45:00-05:00,311.5,311.5,311.42999267578125,311.489990234375,1734,0.0,0.0
2024-12-10 12:46:00-05:00,311.4949951171875,311.510009765625,311.42999267578125,311.489990234375,2293,0.0,0.0
2024-12-10 12:47:00-05:00,311.42999267578125,311.55999755859375,311.42999267578125,311.4800109863281,4142,0.0,0.0
2024-12-10 12:48:00-05:00,311.5050048828125,311.5050048828125,311.4800109863281,311.4800109863281,885,0.0,0.0
2024-12-10 12:49:00-05:00,311.510009765625,311.5299987792969,311.3900146484375,311.4200134277344,7282,0.0,0.0
2024-12-10 12:50:00-05:00,311.4599914550781,311.510009765625,311.42999267578125,311.4750061035156,2617,0.0,0.0
2024-12-10 12:51:00-05:00,311.5199890136719,311.5799865722656,311.4849853515625,311.4849853515625,3955,0.0,0.0
2024-12-10 12:52:00-05:00,311.4682922363281,311.5360107421875,311.42999267578125,311.44000244140625,3151,0.0,0.0
2024-12-10 12:53:00-05:00,311.45001220703125,311.4649963378906,311.4100036621094,311.4100036621094,1872,0.0,0.0
2024-12-10 12:54:00-05:00,311.42999267578125,311.42999267578125,311.19000244140625,311.2300109863281,2960,0.0,0.0
2024-12-10 12:55:00-05:00,311.2799987792969,311.3299865722656,311.2300109863281,311.3299865722656,2051,0.0,0.0
2024-12-10 12:56:00-05:00,311.3500061035156,311.3999938964844,311.2200012207031,311.32989501953125,3049,0.0,0.0
2024-12-10 12:57:00-05:00,311.29998779296875,311.30999755859375,311.2300109863281,311.2300109863281,1669,0.0,0.0
2024-12-10 12:58:00-05:00,311.239990234375,311.3299865722656,311.2200012207031,311.29998779296875,4430,0.0,0.0
2024-12-10 12:59:00-05:00,311.30999755859375,311.31500244140625,311.18499755859375,311.20001220703125,4191,0.0,0.0
2024-12-10 13:00:00-05:00,311.17999267578125,311.17999267578125,311.010009765625,311.0199890136719,4194,0.0,0.0
2024-12-10 13:01:00-05:00,311.1600036621094,311.1600036621094,310.8500061035156,310.8599853515625,4355,0.0,0.0
2024-12-10 13:02:00-05:00,310.9150085449219,310.9800109863281,310.8699951171875,310.9100036621094,2951,0.0,0.0
2024-12-10 13:03:00-05:00,310.92498779296875,310.92498779296875,310.8699951171875,310.8699951171875,2152,0.0,0.0
2024-12-10 13:04:00-05:00,310.9150085449219,310.9599914550781,310.875,310.9277038574219,7963,0.0,0.0
2024-12-10 13:05:00-05:00,310.9200134277344,310.9200134277344,310.739990234375,310.739990234375,4351,0.0,0.0
2024-12-10 13:06:00-05:00,310.80499267578125,310.8699951171875,310.75,310.8699951171875,6148,0.0,0.0
2024-12-10 13:07:00-05:00,310.8399963378906,310.8999938964844,310.80499267578125,310.8999938964844,7036,0.0,0.0
2024-12-10 13:08:00-05:00,310.8865051269531,310.92999267578125,310.8299865722656,310.88800048828125,8222,0.0,0.0
2024-12-10 13:09:00-05:00,310.8699951171875,311.07000732421875,310.8299865722656,311.0331115722656,4461,0.0,0.0
2024-12-10 13:10:00-05:00,311.07000732421875,311.13031005859375,311.07000732421875,311.13031005859375,3477,0.0,0.0
2024-12-10 13:11:00-05:00,311.0299987792969,311.0950012207031,311.0299987792969,311.0950012207031,1136,0.0,0.0
2024-12-10 13:12:00-05:00,311.0950012207031,311.0950012207031,311.07000732421875,311.07000732421875,2293,0.0,0.0
2024-12-10 13:13:00-05:00,311.0899963378906,311.0899963378906,311.010009765625,311.0799865722656,6926,0.0,0.0
2024-12-10 13:14:00-05:00,311.0899963378906,311.17999267578125,311.04998779296875,311.1600036621094,5817,0.0,0.0
2024-12-10 13:15:00-05:00,311.17401123046875,311.3599853515625,311.17401123046875,311.3550109863281,4067,0.0,0.0
2024-12-10 13:16:00-05:00,311.42999267578125,311.42999267578125,311.3599853515625,311.3699951171875,7262,0.0,0.0
2024-12-10 13:17:00-05:00,311.3999938964844,311.4700012207031,311.3500061035156,311.4150085449219,4612,0.0,0.0
2024-12-10 13:18:00-05:00,311.4700012207031,311.54998779296875,311.42999267578125,311.44000244140625,6537,0.0,0.0
2024-12-10 13:19:00-05:00,311.4700012207031,311.4800109863281,311.3699951171875,311.4800109863281,7100,0.0,0.0
2024-12-10 13:20:00-05:00,311.3699951171875,311.4800109863281,311.3699951171875,311.4800109863281,4072,0.0,0.0
2024-12-10 13:21:00-05:00,311.5400085449219,311.5799865722656,311.44000244140625,311.565185546875,3608,0.0,0.0
2024-12-10 13:22:00-05:00,311.5299987792969,311.5730895996094,311.4949951171875,311.5498962402344,5419,0.0,0.0
2024-12-10 13:23:00-05:00,311.4880065917969,311.6600036621094,311.4880065917969,311.6600036621094,6353,0.0,0.0
2024-12-10 13:24:00-05:00,311.6600036621094,311.8399963378906,311.6600036621094,311.739990234375,7698,0.0,0.0
2024-12-10 13:25:00-05:00,311.7674865722656,311.7900085449219,311.69000244140625,311.7449951171875,4939,0.0,0.0
2024-12-10 13:26:00-05:00,311.69000244140625,311.70001220703125,311.4601135253906,311.6600036621094,6365,0.0,0.0
2024-12-10 13:27:00-05:00,311.7049865722656,311.760009765625,311.6050109863281,311.6050109863281,3153,0.0,0.0
2024-12-10 13:28:00-05:00,311.6099853515625,311.70001220703125,311.6099853515625,311.67999267578125,3722,0.0,0.0
2024-12-10 13:29:00-05:00,311.75,311.76568603515625,311.6549987792969,311.6700134277344,5259,0.0,0.0
2024-12-10 13:30:00-05:00,311.5799865722656,311.6000061035156,311.4700012207031,311.6000061035156,2987,0.0,0.0
2024-12-10 13:31:00-05:00,311.6000061035156,311.6300048828125,311.5299987792969,311.5350036621094,4760,0.0,0.0
2024-12-10 13:32:00-05:00,311.4599914550781,311.5350036621094,311.2900085449219,311.42999267578125,3349,0.0,0.0
2024-12-10 13:33:00-05:00,311.32000732421875,311.4100036621094,311.32000732421875,311.3550109863281,5512,0.0,0.0
2024-12-10 13:34:00-05:00,311.3500061035156,311.489990234375,311.3500061035156,311.4200134277344,4776,0.0,0.0
2024-12-10 13:35:00-05:00,311.489990234375,311.70001220703125,311.489990234375,311.6524963378906,4152,0.0,0.0
2024-12-10 13:36:00-05:00,311.6099853515625,311.70001220703125,311.5950012207031,311.6400146484375,4000,0.0,0.0
2024-12-10 13:37:00-05:00,311.635009765625,311.75,311.635009765625,311.75,2452,0.0,0.0
2024-12-10 13:38:00-05:00,311.7038879394531,311.8299865722656,311.70001220703125,311.8299865722656,6248,0.0,0.0
2024-12-10 13:39:00-05:00,311.8550109863281,311.9100036621094,311.8550109863281,311.9100036621094,3027,0.0,0.0
2024-12-10 13:40:00-05:00,311.8599853515625,311.86590576171875,311.79998779296875,311.8066101074219,5478,0.0,0.0
2024-12-10 13:41:00-05:00,311.79998779296875,311.80999755859375,311.7200012207031,311.7337951660156,7218,0.0,0.0
2024-12-10 13:42:00-05:00,311.7699890136719,311.7900085449219,311.7134094238281,311.7900085449219,2499,0.0,0.0
2024-12-10 13:43:00-05:00,311.7449951171875,311.760009765625,311.7099914550781,311.7099914550781,3717,0.0,0.0
2024-12-10 13:44:00-05:00,311.7300109863281,311.8399963378906,311.70001220703125,311.8399963378906,3272,0.0,0.0
2024-12-10 13:45:00-05:00,311.8299865722656,311.96990966796875,311.8299865722656,311.8800048828125,5753,0.0,0.0
2024-12-10 13:46:00-05:00,311.8800048828125,311.9200134277344,311.8299865722656,311.8599853515625,2402,0.0,0.0
2024-12-10 13:47:00-05:00,311.9200134277344,311.9599914550781,311.8999938964844,311.9100036621094,3861,0.0,0.0
2024-12-10 13:48:00-05:00,311.8599853515625,311.8699951171875,311.80999755859375,311.8599853515625,4307,0.0,0.0
2024-12-10 13:49:00-05:00,311.8800048828125,311.9700012207031,311.8699951171875,311.9700012207031,4527,0.0,0.0
2024-12-10 13:50:00-05:00,311.95001220703125,311.989990234375,311.92999267578125,311.9599914550781,3744,0.0,0.0
2024-12-10 13:51:00-05:00,311.964599609375,311.989990234375,311.92999267578125,311.92999267578125,3870,0.0,0.0
2024-12-10 13:52:00-05:00,311.9100036621094,312.0199890136719,311.9100036621094,312.010009765625,10306,0.0,0.0
2024-12-10 13:53:00-05:00,311.9700012207031,312.04998779296875,311.9700012207031,311.989990234375,4741,0.0,0.0
2024-12-10 13:54:00-05:00,311.989990234375,312.010009765625,311.8446044921875,311.8599853515625,10179,0.0,0.0
2024-12-10 13:55:00-05:00,311.8500061035156,311.8500061035156,311.7699890136719,311.7900085449219,3510,0.0,0.0
2024-12-10 13:56:00-05:00,311.82000732421875,311.82000732421875,311.739990234375,311.7650146484375,4350,0.0,0.0
2024-12-10 13:57:00-05:00,311.7699890136719,311.82000732421875,311.75,311.75,4897,0.0,0.0
2024-12-10 13:58:00-05:00,311.7799987792969,311.81500244140625,311.739990234375,311.7900085449219,2053,0.0,0.0
2024-12-10 13:59:00-05:00,311.7300109863281,311.80999755859375,311.7200012207031,311.7699890136719,4536,0.0,0.0
2024-12-10 14:00:00-05:00,311.80999755859375,311.8800048828125,311.69000244140625,311.69000244140625,4882,0.0,0.0
2024-12-10 14:01:00-05:00,311.69000244140625,311.7799987792969,311.61968994140625,311.7799987792969,4051,0.0,0.0
2024-12-10 14:02:00-05:00,311.75,311.81500244140625,311.739990234375,311.75,4216,0.0,0.0
2024-12-10 14:03:00-05:00,311.7099914550781,311.79998779296875,311.7099914550781,311.7200012207031,6551,0.0,0.0
2024-12-10 14:04:00-05:00,311.760009765625,311.760009765625,311.7200012207031,311.7300109863281,3186,0.0,0.0
2024-12-10 14:05:00-05:00,311.7449951171875,311.7799987792969,311.6700134277344,311.6700134277344,5983,0.0,0.0
2024-12-10 14:06:00-05:00,311.70001220703125,311.8299865722656,311.70001220703125,311.7099914550781,6389,0.0,0.0
2024-12-10 14:07:00-05:00,311.70001220703125,311.7200012207031,311.510009765625,311.6899108886719,6045,0.0,0.0
2024-12-10 14:08:00-05:00,311.57000732421875,311.69000244140625,311.510009765625,311.5249938964844,5738,0.0,0.0
2024-12-10 14:09:00-05:00,311.42498779296875,311.5400085449219,311.42498779296875,311.5299987792969,8157,0.0,0.0
2024-12-10 14:10:00-05:00,311.5,311.6400146484375,311.44000244140625,311.5199890136719,9546,0.0,0.0
2024-12-10 14:11:00-05:00,311.5450134277344,311.6400146484375,311.5450134277344,311.5849914550781,2306,0.0,0.0
2024-12-10 14:12:00-05:00,311.5899963378906,311.6199951171875,311.5299987792969,311.5299987792969,4270,0.0,0.0
2024-12-10 14:13:00-05:00,311.5299987792969,311.5299987792969,311.3800048828125,311.5,5971,0.0,0.0
2024-12-10 14:14:00-05:00,311.510009765625,311.5400085449219,311.4222106933594,311.4700012207031,6592,0.0,0.0
2024-12-10 14:15:00-05:00,311.4150085449219,311.4800109863281,311.4100036621094,311.4457092285156,6177,0.0,0.0
2024-12-10 14:16:00-05:00,311.5,311.5199890136719,311.42999267578125,311.44000244140625,11227,0.0,0.0
2024-12-10 14:17:00-05:00,311.4100036621094,311.5400085449219,311.3669128417969,311.489990234375,9591,0.0,0.0
2024-12-10 14:18:00-05:00,311.4949951171875,311.5899963378906,311.4949951171875,311.56500244140625,2838,0.0,0.0
2024-12-10 14:19:00-05:00,311.6400146484375,311.69500732421875,311.4800109863281,311.5799865722656,12766,0.0,0.0
2024-12-10 14:20:00-05:00,311.5249938964844,311.6600036621094,311.510009765625,311.6600036621094,6109,0.0,0.0
2024-12-10 14:21:00-05:00,311.625,311.739990234375,311.625,311.6700134277344,6315,0.0,0.0
2024-12-10 14:22:00-05:00,311.6300048828125,311.7149963378906,311.6300048828125,311.6310119628906,6089,0.0,0.0
2024-12-10 14:23:00-05:00,311.6300048828125,311.7550048828125,311.6300048828125,311.7550048828125,3394,0.0,0.0
2024-12-10 14:24:00-05:00,311.7900085449219,311.7900085449219,311.7070007324219,311.7449951171875,4306,0.0,0.0
2024-12-10 14:25:00-05:00,311.7349853515625,311.7799987792969,311.7300109863281,311.7799987792969,4057,0.0,0.0
2024-12-10 14:26:00-05:00,311.75,311.8900146484375,311.71038818359375,311.8900146484375,4251,0.0,0.0
2024-12-10 14:27:00-05:00,311.80999755859375,311.9700012207031,311.7655029296875,311.9150085449219,13048,0.0,0.0
2024-12-10 14:28:00-05:00,311.8710021972656,312.07000732421875,311.8710021972656,312.07000732421875,2761,0.0,0.0
2024-12-10 14:29:00-05:00,312.05999755859375,312.1199951171875,312.010009765625,312.07501220703125,3626,0.0,0.0
2024-12-10 14:30:00-05:00,312.0101013183594,312.08551025390625,312.0,312.08551025390625,8547,0.0,0.0
2024-12-10 14:31:00-05:00,312.04998779296875,312.07000732421875,312.0,312.07000732421875,7720,0.0,0.0
2024-12-10 14:32:00-05:00,312.04998779296875,312.1199951171875,312.04998779296875,312.07501220703125,6016,0.0,0.0
2024-12-10 14:33:00-05:00,312.07501220703125,312.0799865722656,312.07501220703125,312.0799865722656,1626,0.0,0.0
2024-12-10 14:34:00-05:00,312.0299987792969,312.1000061035156,311.9800109863281,311.9800109863281,10106,0.0,0.0
2024-12-10 14:35:00-05:00,312.072265625,312.0899963378906,312.0,312.05999755859375,8253,0.0,0.0
2024-12-10 14:36:00-05:00,312.0,312.20001220703125,311.9800109863281,312.1300048828125,25311,0.0,0.0
2024-12-10 14:37:00-05:00,312.1300048828125,312.3399963378906,312.0881042480469,312.2250061035156,2835,0.0,0.0
2024-12-10 14:38:00-05:00,312.2250061035156,312.3399963378906,312.1099853515625,312.2250061035156,4396,0.0,0.0
2024-12-10 14:39:00-05:00,312.30999755859375,312.4200134277344,312.30999755859375,312.39801025390625,5236,0.0,0.0
2024-12-10 14:40:00-05:00,312.42999267578125,312.5,312.30999755859375,312.44000244140625,3061,0.0,0.0
2024-12-10 14:41:00-05:00,312.45001220703125,312.5,312.3599853515625,312.4800109863281,5234,0.0,0.0
2024-12-10 14:42:00-05:00,312.45001220703125,312.6099853515625,312.3924865722656,312.3924865722656,13227,0.0,0.0
2024-12-10 14:43:00-05:00,312.4150085449219,312.4150085449219,312.19500732421875,312.29998779296875,11001,0.0,0.0
2024-12-10 14:44:00-05:00,312.2900085449219,312.30999755859375,312.1505126953125,312.18499755859375,4744,0.0,0.0
2024-12-10 14:45:00-05:00,312.17999267578125,312.2799987792969,312.10101318359375,312.18310546875,6874,0.0,0.0
2024-12-10 14:46:00-05:00,312.32000732421875,312.4200134277344,312.2018127441406,312.3020935058594,6098,0.0,0.0
2024-12-10 14:47:00-05:00,312.4100036621094,312.489990234375,312.4100036621094,312.44000244140625,2791,0.0,0.0
2024-12-10 14:48:00-05:00,312.5,312.6199951171875,312.5,312.5249938964844,5304,0.0,0.0
2024-12-10 14:49:00-05:00,312.4884033203125,312.6199951171875,312.4884033203125,312.6199951171875,3914,0.0,0.0
2024-12-10 14:50:00-05:00,312.6199951171875,312.69000244140625,312.5119934082031,312.6199951171875,4145,0.0,0.0
2024-12-10 14:51:00-05:00,312.5744934082031,312.69000244140625,312.2300109863281,312.2449951171875,17593,0.0,0.0
2024-12-10 14:52:00-05:00,312.3800048828125,312.5199890136719,312.3399963378906,312.4800109863281,3113,0.0,0.0
2024-12-10 14:53:00-05:00,312.37469482421875,312.5199890136719,312.37469482421875,312.5199890136719,3689,0.0,0.0
2024-12-10 14:54:00-05:00,312.4750061035156,312.5199890136719,312.3800048828125,312.42999267578125,7901,0.0,0.0
2024-12-10 14:55:00-05:00,312.44500732421875,312.510009765625,312.2200012207031,312.3699951171875,10960,0.0,0.0
2024-12-10 14:56:00-05:00,312.3800048828125,312.4700012207031,312.29998779296875,312.4049987792969,5604,0.0,0.0
2024-12-10 14:57:00-05:00,312.3500061035156,312.5799865722656,312.3500061035156,312.5799865722656,5317,0.0,0.0
2024-12-10 14:58:00-05:00,312.6099853515625,312.6400146484375,312.5622863769531,312.5622863769531,3458,0.0,0.0
2024-12-10 14:59:00-05:00,312.6050109863281,312.69000244140625,312.510009765625,312.6449890136719,12137,0.0,0.0
2024-12-10 15:00:00-05:00,312.5899963378906,312.70001220703125,312.5799865722656,312.5799865722656,10819,0.0,0.0
2024-12-10 15:01:00-05:00,312.635009765625,312.739990234375,312.57000732421875,312.739990234375,9042,0.0,0.0
2024-12-10 15:02:00-05:00,312.7799987792969,312.8699951171875,312.70001220703125,312.70001220703125,16468,0.0,0.0
2024-12-10 15:03:00-05:00,312.69000244140625,312.94000244140625,312.69000244140625,312.94000244140625,8669,0.0,0.0
2024-12-10 15:04:00-05:00,312.7900085449219,312.9800109863281,312.7401123046875,312.9700012207031,10789,0.0,0.0
2024-12-10 15:05:00-05:00,312.885009765625,312.9800109863281,312.79998779296875,312.864990234375,12128,0.0,0.0
2024-12-10 15:06:00-05:00,312.8575134277344,312.9100036621094,312.75,312.8699951171875,14110,0.0,0.0
2024-12-10 15:07:00-05:00,312.8399963378906,312.94000244140625,312.7510986328125,312.94000244140625,8357,0.0,0.0
2024-12-10 15:08:00-05:00,312.94500732421875,312.9549865722656,312.75,312.82000732421875,20544,0.0,0.0
2024-12-10 15:09:00-05:00,312.81500244140625,312.8349914550781,312.739990234375,312.739990234375,5812,0.0,0.0
2024-12-10 15:10:00-05:00,312.67999267578125,312.69000244140625,312.5299987792969,312.5849914550781,5174,0.0,0.0
2024-12-10 15:11:00-05:00,312.5400085449219,312.5849914550781,312.43499755859375,312.43499755859375,8129,0.0,0.0
2024-12-10 15:12:00-05:00,312.43499755859375,312.55999755859375,312.32000732421875,312.5,30739,0.0,0.0
2024-12-10 15:13:00-05:00,312.5299987792969,312.5400085449219,312.3500061035156,312.3500061035156,10944,0.0,0.0
2024-12-10 15:14:00-05:00,312.3699951171875,312.42999267578125,312.2099914550781,312.2099914550781,7115,0.0,0.0
2024-12-10 15:15:00-05:00,312.2099914550781,312.2099914550781,312.07000732421875,312.07501220703125,10835,0.0,0.0
2024-12-10 15:16:00-05:00,312.0,312.25,311.989990234375,312.1300048828125,8184,0.0,0.0
2024-12-10 15:17:00-05:00,312.239990234375,312.239990234375,311.8599853515625,311.93499755859375,13316,0.0,0.0
2024-12-10 15:18:00-05:00,311.9797058105469,312.0150146484375,311.9230041503906,311.9599914550781,3863,0.0,0.0
2024-12-10 15:19:00-05:00,311.8699951171875,311.95001220703125,311.70001220703125,311.95001220703125,10317,0.0,0.0
2024-12-10 15:20:00-05:00,311.92999267578125,311.92999267578125,311.79998779296875,311.79998779296875,5606,0.0,0.0
2024-12-10 15:21:00-05:00,311.79998779296875,311.8399963378906,311.6650085449219,311.7200012207031,8840,0.0,0.0
2024-12-10 15:22:00-05:00,311.75,311.75,311.6050109863281,311.739990234375,11147,0.0,0.0
2024-12-10 15:23:00-05:00,311.6700134277344,311.7699890136719,311.625,311.68499755859375,6766,0.0,0.0
2024-12-10 15:24:00-05:00,311.70001220703125,311.739990234375,311.5899963378906,311.5899963378906,8297,0.0,0.0
2024-12-10 15:25:00-05:00,311.625,311.6400146484375,311.57000732421875,311.57000732421875,5941,0.0,0.0
2024-12-10 15:26:00-05:00,311.6000061035156,311.8399963378906,311.55999755859375,311.7900085449219,13988,0.0,0.0
2024-12-10 15:27:00-05:00,311.7900085449219,311.8399963378906,311.7300109863281,311.79998779296875,9878,0.0,0.0
2024-12-10 15:28:00-05:00,311.7950134277344,311.87420654296875,311.7099914550781,311.760009765625,11578,0.0,0.0
2024-12-10 15:29:00-05:00,311.739990234375,311.739990234375,311.5899963378906,311.7250061035156,5596,0.0,0.0
2024-12-10 15:30:00-05:00,311.7200012207031,311.8399963378906,311.6600036621094,311.7799987792969,15037,0.0,0.0
2024-12-10 15:31:00-05:00,311.79998779296875,311.8900146484375,311.7900085449219,311.8399963378906,11214,0.0,0.0
2024-12-10 15:32:00-05:00,311.8399963378906,311.8500061035156,311.5899963378906,311.7099914550781,9926,0.0,0.0
2024-12-10 15:33:00-05:00,311.6549987792969,311.7799987792969,311.6549987792969,311.7550048828125,10180,0.0,0.0
2024-12-10 15:34:00-05:00,311.82000732421875,311.8299865722656,311.6099853515625,311.6099853515625,7524,0.0,0.0
2024-12-10 15:35:00-05:00,311.6700134277344,311.6700134277344,311.510009765625,311.5950012207031,11261,0.0,0.0
2024-12-10 15:36:00-05:00,311.5950012207031,311.6600036621094,311.55999755859375,311.6000061035156,13539,0.0,0.0
2024-12-10 15:37:00-05:00,311.55999755859375,311.7149963378906,311.55999755859375,311.57000732421875,9593,0.0,0.0
2024-12-10 15:38:00-05:00,311.6199951171875,311.6199951171875,311.45001220703125,311.4700012207031,4640,0.0,0.0
2024-12-10 15:39:00-05:00,311.4700012207031,311.4800109863281,311.4049987792969,311.44500732421875,11889,0.0,0.0
2024-12-10 15:40:00-05:00,311.44500732421875,311.4800109863281,311.3900146484375,311.4100036621094,10148,0.0,0.0
2024-12-10 15:41:00-05:00,311.4100036621094,311.4303894042969,311.25,311.2850036621094,14189,0.0,0.0
2024-12-10 15:42:00-05:00,311.2699890136719,311.3299865722656,311.19000244140625,311.20001220703125,10323,0.0,0.0
2024-12-10 15:43:00-05:00,311.1099853515625,311.2900085449219,311.0199890136719,311.18499755859375,14756,0.0,0.0
2024-12-10 15:44:00-05:00,311.239990234375,311.3299865722656,311.17999267578125,311.2149963378906,7432,0.0,0.0
2024-12-10 15:45:00-05:00,311.2149963378906,311.2699890136719,311.0899963378906,311.135009765625,11044,0.0,0.0
2024-12-10 15:46:00-05:00,311.1400146484375,311.17999267578125,311.0,311.0,11948,0.0,0.0
2024-12-10 15:47:00-05:00,311.0400085449219,311.0799865722656,311.0,311.0199890136719,12257,0.0,0.0
2024-12-10 15:48:00-05:00,311.0249938964844,311.19000244140625,311.0,311.0299987792969,8798,0.0,0.0
2024-12-10 15:49:00-05:00,311.0398864746094,311.0799865722656,311.0,311.0400085449219,12626,0.0,0.0
2024-12-10 15:50:00-05:00,311.0199890136719,311.5299987792969,311.0199890136719,311.45001220703125,30670,0.0,0.0
2024-12-10 15:51:00-05:00,311.4200134277344,311.6199951171875,311.4100036621094,311.4700012207031,22105,0.0,0.0
2024-12-10 15:52:00-05:00,311.4800109863281,311.6499938964844,311.4750061035156,311.5199890136719,25085,0.0,0.0
2024-12-10 15:53:00-05:00,311.5199890136719,311.5400085449219,311.3999938964844,311.489990234375,23821,0.0,0.0
2024-12-10 15:54:00-05:00,311.4700012207031,311.6700134277344,311.3800048828125,311.6000061035156,32920,0.0,0.0
2024-12-10 15:55:00-05:00,311.6700134277344,312.04998779296875,311.625,312.010009765625,30706,0.0,0.0
2024-12-10 15:56:00-05:00,312.0150146484375,312.2099914550781,311.8999938964844,311.9800109863281,35373,0.0,0.0
2024-12-10 15:57:00-05:00,311.9800109863281,312.2900085449219,311.9800109863281,312.17498779296875,40200,0.0,0.0
2024-12-10 15:58:00-05:00,312.2099914550781,312.4100036621094,312.19000244140625,312.3399963378906,62325,0.0,0.0
2024-12-10 15:59:00-05:00,312.3500061035156,312.6099853515625,312.32000732421875,312.3900146484375,126944,0.0,0.0
2024-12-10 16:00:00-05:00,312.52,312.95,312.38,312.38,682140,0.0,0.0
2024-12-10 16:01:00-05:00,312.55,312.59,312.38,312.38,0,0.0,0.0
2024-12-10 16:02:00-05:00,312.38,312.39,312.38,312.38,0,0.0,0.0
2024-12-10 16:03:00-05:00,312.38,312.38,312.38,312.38,0,0.0,0.0
2024-12-10 16:05:00-05:00,312.82,312.82,312.38,312.82,0,0.0,0.0
2024-12-10 16:07:00-05:00,312.415,313.0,312.4,313.0,0,0.0,0.0
2024-12-10 16:08:00-05:00,312.38,312.38,312.38,312.38,0,0.0,0.0
2024-12-10 16:09:00-05:00,312.5,312.5,312.38,312.38,0,0.0,0.0
2024-12-10 16:10:00-05:00,312.82,312.82,312.82,312.82,0,0.0,0.0
2024-12-10 16:12:00-05:00,312.67,312.67,312.51,312.51,0,0.0,0.0
2024-12-10 16:14:00-05:00,312.64,312.67,312.64,312.67,0,0.0,0.0
2024-12-10 16:15:00-05:00,312.38,312.38,312.38,312.38,0,0.0,0.0
2024-12-10 16:16:00-05:00,312.8,312.8,312.8,312.8,0,0.0,0.0
2024-12-10 16:17:00-05:00,312.8,312.8,312.8,312.8,0,0.0,0.0
2024-12-10 16:19:00-05:00,312.78,312.78,312.6,312.6,0,0.0,0.0
2024-12-10 16:20:00-05:00,312.38,312.61,312.38,312.61,0,0.0,0.0
2024-12-10 16:21:00-05:00,312.72,312.72,312.72,312.72,0,0.0,0.0
2024-12-10 16:25:00-05:00,312.8,312.8,312.8,312.8,0,0.0,0.0
2024-12-10 16:26:00-05:00,312.67,312.67,312.6,312.6,0,0.0,0.0
2024-12-10 16:27:00-05:00,312.61,312.61,312.6,312.6,0,0.0,0.0
2024-12-10 16:29:00-05:00,312.6,312.6015,312.6,312.6015,0,0.0,0.0
2024-12-10 16:30:00-05:00,312.6095,312.79,312.6095,312.79,0,0.0,0.0
2024-12-10 16:34:00-05:00,312.61,312.61,312.61,312.61,0,0.0,0.0
2024-12-10 16:35:00-05:00,312.79,312.79,312.79,312.79,0,0.0,0.0
2024-12-10 16:36:00-05:00,312.6,312.6,312.6,312.6,0,0.0,0.0
2024-12-10 16:37:00-05:00,312.7889,312.7889,312.7889,312.7889,0,0.0,0.0
2024-12-10 16:38:00-05:00,312.79,312.79,312.79,312.79,0,0.0,0.0
2024-12-10 16:39:00-05:00,312.6,312.6,312.6,312.6,0,0.0,0.0
2024-12-10 16:41:00-05:00,312.38,312.38,312.38,312.38,0,0.0,0.0
2024-12-10 16:42:00-05:00,312.7887,312.7887,312.38,312.78,0,0.0,0.0
2024-12-10 16:44:00-05:00,312.79,312.79,312.69,312.69,0,0.0,0.0
2024-12-10 16:45:00-05:00,312.6,312.6,312.6,312.6,0,0.0,0.0
2024-12-10 16:47:00-05:00,312.66,312.66,312.66,312.66,0,0.0,0.0
2024-12-10 16:48:00-05:00,312.65,312.65,312.65,312.65,0,0.0,0.0
2024-12-10 16:49:00-05:00,312.99,312.99,312.99,312.99,0,0.0,0.0
2024-12-10 16:50:00-05:00,312.99,312.99,312.7,312.7,0,0.0,0.0
2024-12-10 16:52:00-05:00,312.78,312.81,312.78,312.81,0,0.0,0.0
2024-12-10 16:54:00-05:00,312.99,312.99,312.9802,312.9802,0,0.0,0.0
2024-12-10 16:55:00-05:00,312.93,312.93,312.93,312.93,0,0.0,0.0
2024-12-10 17:00:00-05:00,312.61,312.61,312.61,312.61,0,0.0,0.0
2024-12-10 17:01:00-05:00,312.6012,312.6012,312.6012,312.6012,0,0.0,0.0
2024-12-10 17:03:00-05:00,312.61,312.61,312.61,312.61,0,0.0,0.0
2024-12-10 17:05:00-05:00,312.61,312.61,312.61,312.61,0,0.0,0.0
2024-12-10 17:10:00-05:00,312.62,312.62,312.62,312.62,0,0.0,0.0
2024-12-10 17:12:00-05:00,312.6,312.62,312.6,312.62,0,0.0,0.0
2024-12-10 17:13:00-05:00,312.9802,312.9802,312.9802,312.9802,0,0.0,0.0
2024-12-10 17:16:00-05:00,312.77,312.77,312.77,312.77,0,0.0,0.0
2024-12-10 17:17:00-05:00,312.62,312.77,312.62,312.77,0,0.0,0.0
2024-12-10 17:23:00-05:00,312.61,312.61,312.6012,312.6012,0,0.0,0.0
2024-12-10 17:26:00-05:00,312.78,312.78,312.78,312.78,0,0.0,0.0
2024-12-10 17:27:00-05:00,312.78,312.78,312.68,312.68,0,0.0,0.0
2024-12-10 17:28:00-05:00,312.78,312.78,312.78,312.78,0,0.0,0.0
2024-12-10 17:29:00-05:00,312.9,312.9,312.9,312.9,0,0.0,0.0
2024-12-10 17:31:00-05:00,312.99,312.99,312.99,312.99,0,0.0,0.0
2024-12-10 17:32:00-05:00,312.6001,312.6001,312.6001,312.6001,0,0.0,0.0
2024-12-10 17:33:00-05:00,312.6012,312.63,312.6012,312.63,0,0.0,0.0
2024-12-10 17:34:00-05:00,312.9888,312.9888,312.9888,312.9888,0,0.0,0.0
2024-12-10 17:37:00-05:00,312.88,312.9,312.88,312.9,0,0.0,0.0
2024-12-10 17:39:00-05:00,312.9,312.9,312.9,312.9,0,0.0,0.0
2024-12-10 17:40:00-05:00,312.9,312.9,312.64,312.64,0,0.0,0.0
2024-12-10 17:41:00-05:00,312.66,312.66,312.66,312.66,0,0.0,0.0
2024-12-10 17:42:00-05:00,312.92,312.92,312.92,312.92,0,0.0,0.0
2024-12-10 17:44:00-05:00,312.99,312.99,312.99,312.99,0,0.0,0.0
2024-12-10 17:46:00-05:00,312.96,312.96,312.96,312.96,0,0.0,0.0
2024-12-10 17:47:00-05:00,312.96,312.96,312.96,312.96,0,0.0,0.0
2024-12-10 17:51:00-05:00,312.65,312.65,312.6488,312.6488,0,0.0,0.0
2024-12-10 17:52:00-05:00,312.63,312.63,312.6,312.62,0,0.0,0.0
2024-12-10 17:59:00-05:00,312.3952,312.61,312.3952,312.61,0,0.0,0.0
2024-12-10 18:00:00-05:00,312.6,312.6,312.6,312.6,0,0.0,0.0
2024-12-10 18:02:00-05:00,312.61,312.61,312.61,312.61,0,0.0,0.0
2024-12-10 18:03:00-05:00,312.5,312.61,312.5,312.61,0,0.0,0.0
2024-12-10 18:09:00-05:00,312.99,312.99,312.99,312.99,0,0.0,0.0
2024-12-10 18:14:00-05:00,312.61,312.61,312.61,312.61,0,0.0,0.0
2024-12-10 18:19:00-05:00,312.51,312.51,312.5,312.5,0,0.0,0.0
2024-12-10 18:21:00-05:00,312.66,312.97,312.6,312.6,0,0.0,0.0
2024-12-10 18:26:00-05:00,312.5,312.5,312.5,312.5,0,0.0,0.0
2024-12-10 18:27:00-05:00,312.38,312.38,312.38,312.38,0,0.0,0.0
2024-12-10 18:31:00-05:00,312.3852,312.3852,312.38,312.38,0,0.0,0.0
2024-12-10 18:33:00-05:00,312.38,312.38,312.38,312.38,0,0.0,0.0
2024-12-10 18:37:00-05:00,312.5,312.5,312.41,312.41,0,0.0,0.0
2024-12-10 18:38:00-05:00,312.385,312.385,312.385,312.385,0,0.0,0.0
2024-12-10 18:40:00-05:00,312.5,312.5,312.5,312.5,0,0.0,0.0
2024-12-10 18:42:00-05:00,312.4,312.4,312.4,312.4,0,0.0,0.0
2024-12-10 18:48:00-05:00,312.9888,312.9888,312.9888,312.9888,0,0.0,0.0
2024-12-10 18:50:00-05:00,312.99,312.99,312.99,312.99,0,0.0,0.0
2024-12-10 18:52:00-05:00,312.38,312.5945,312.38,312.5945,0,0.0,0.0
2024-12-10 18:53:00-05:00,312.6,312.6,312.6,312.6,0,0.0,0.0
2024-12-10 18:56:00-05:00,312.4,312.4,312.385,312.385,0,0.0,0.0
2024-12-10 19:00:00-05:00,312.39,312.39,312.39,312.39,0,0.0,0.0
2024-12-10 19:04:00-05:00,312.61,312.61,312.61,312.61,0,0.0,0.0
2024-12-10 19:07:00-05:00,312.6,312.6,312.6,312.6,0,0.0,0.0
2024-12-10 19:13:00-05:00,312.98,312.98,312.98,312.98,0,0.0,0.0
2024-12-10 19:18:00-05:00,312.39,312.39,312.39,312.39,0,0.0,0.0
2024-12-10 19:27:00-05:00,312.965,312.965,312.4,312.4,0,0.0,0.0
2024-12-10 19:30:00-05:00,312.39,312.39,312.39,312.39,0,0.0,0.0
2024-12-10 19:35:00-05:00,312.39,312.39,312.39,312.39,0,0.0,0.0
2024-12-10 19:37:00-05:00,312.59,312.61,312.59,312.61,0,0.0,0.0
2024-12-10 19:38:00-05:00,312.38,312.38,312.38,312.38,0,0.0,0.0
2024-12-10 19:43:00-05:00,312.38,312.38,312.38,312.38,0,0.0,0.0
2024-12-10 19:46:00-05:00,312.98,312.98,312.98,312.98,0,0.0,0.0
2024-12-10 19:50:00-05:00,312.98,312.98,312.98,312.98,0,0.0,0.0
2024-12-10 19:52:00-05:00,312.38,312.38,312.38,312.38,0,0.0,0.0
2024-12-10 19:53:00-05:00,312.4047,312.4047,312.4047,312.4047,0,0.0,0.0
2024-12-10 19:54:00-05:00,312.39,312.4,312.39,312.4,0,0.0,0.0
