time,Open,High,Low,Close,Volume,Dividends,Stock Splits
2024-12-05 04:00:00-05:00,310.32,310.32,309.3,309.33,0,0.0,0.0
2024-12-05 04:01:00-05:00,309.69,309.69,309.69,309.69,0,0.0,0.0
2024-12-05 04:02:00-05:00,309.9,309.9,309.89,309.9,0,0.0,0.0
2024-12-05 04:03:00-05:00,309.89,309.9,309.89,309.9,0,0.0,0.0
2024-12-05 04:04:00-05:00,309.89,309.89,309.89,309.89,0,0.0,0.0
2024-12-05 04:06:00-05:00,309.89,309.89,309.89,309.89,0,0.0,0.0
2024-12-05 04:07:00-05:00,309.84,309.84,309.84,309.84,0,0.0,0.0
2024-12-05 04:08:00-05:00,309.85,309.85,309.85,309.85,0,0.0,0.0
2024-12-05 04:11:00-05:00,309.86,309.86,309.86,309.86,0,0.0,0.0
2024-12-05 04:14:00-05:00,309.69,309.69,309.69,309.69,0,0.0,0.0
2024-12-05 04:15:00-05:00,309.69,309.69,309.69,309.69,0,0.0,0.0
2024-12-05 04:19:00-05:00,309.72,309.72,309.6,309.6,0,0.0,0.0
2024-12-05 04:27:00-05:00,309.69,309.69,309.69,309.69,0,0.0,0.0
2024-12-05 04:30:00-05:00,309.69,309.69,309.69,309.69,0,0.0,0.0
2024-12-05 04:38:00-05:00,309.29,309.59,309.29,309.59,0,0.0,0.0
2024-12-05 04:39:00-05:00,309.43,309.43,309.43,309.43,0,0.0,0.0
2024-12-05 04:41:00-05:00,309.69,309.69,309.69,309.69,0,0.0,0.0
2024-12-05 04:42:00-05:00,309.89,309.89,309.65,309.65,0,0.0,0.0
2024-12-05 04:43:00-05:00,309.6,309.6,309.6,309.6,0,0.0,0.0
2024-12-05 04:45:00-05:00,309.6,309.6,309.6,309.6,0,0.0,0.0
2024-12-05 04:50:00-05:00,309.88,309.89,309.88,309.89,0,0.0,0.0
2024-12-05 04:51:00-05:00,309.65,309.7,309.65,309.7,0,0.0,0.0
2024-12-05 04:54:00-05:00,309.9,309.9,309.9,309.9,0,0.0,0.0
2024-12-05 04:58:00-05:00,309.65,309.65,309.65,309.65,0,0.0,0.0
2024-12-05 05:00:00-05:00,309.65,309.65,309.65,309.65,0,0.0,0.0
2024-12-05 05:13:00-05:00,309.65,309.65,309.65,309.65,0,0.0,0.0
2024-12-05 05:15:00-05:00,309.65,309.65,309.65,309.65,0,0.0,0.0
2024-12-05 05:21:00-05:00,309.65,309.88,309.65,309.88,0,0.0,0.0
2024-12-05 05:30:00-05:00,309.88,309.88,309.88,309.88,0,0.0,0.0
2024-12-05 05:31:00-05:00,309.65,309.65,309.65,309.65,0,0.0,0.0
2024-12-05 05:32:00-05:00,309.65,309.65,309.65,309.65,0,0.0,0.0
2024-12-05 05:37:00-05:00,309.6,309.6,309.59,309.59,0,0.0,0.0
2024-12-05 05:38:00-05:00,309.84,309.84,309.56,309.56,0,0.0,0.0
2024-12-05 05:42:00-05:00,309.81,309.81,309.81,309.81,0,0.0,0.0
2024-12-05 05:43:00-05:00,309.81,309.81,309.81,309.81,0,0.0,0.0
2024-12-05 05:45:00-05:00,309.81,309.81,309.81,309.81,0,0.0,0.0
2024-12-05 05:48:00-05:00,309.85,309.85,309.85,309.85,0,0.0,0.0
2024-12-05 05:51:00-05:00,309.85,309.88,309.85,309.88,0,0.0,0.0
2024-12-05 05:57:00-05:00,309.88,309.88,309.88,309.88,0,0.0,0.0
2024-12-05 06:00:00-05:00,309.88,309.88,309.88,309.88,0,0.0,0.0
2024-12-05 06:01:00-05:00,309.85,309.85,309.85,309.85,0,0.0,0.0
2024-12-05 06:02:00-05:00,309.85,309.85,309.85,309.85,0,0.0,0.0
2024-12-05 06:14:00-05:00,309.85,309.85,309.85,309.85,0,0.0,0.0
2024-12-05 06:15:00-05:00,309.84,309.84,309.84,309.84,0,0.0,0.0
2024-12-05 06:16:00-05:00,309.56,309.56,309.56,309.56,0,0.0,0.0
2024-12-05 06:25:00-05:00,309.56,309.59,309.56,309.59,0,0.0,0.0
2024-12-05 06:30:00-05:00,309.59,309.59,309.59,309.59,0,0.0,0.0
2024-12-05 06:43:00-05:00,309.83,309.96,309.83,309.96,0,0.0,0.0
2024-12-05 06:44:00-05:00,310.0,310.19,309.99,310.19,0,0.0,0.0
2024-12-05 06:45:00-05:00,310.19,310.19,310.19,310.19,0,0.0,0.0
2024-12-05 06:54:00-05:00,310.19,310.19,310.19,310.19,0,0.0,0.0
2024-12-05 07:00:00-05:00,309.88,309.91,309.88,309.91,0,0.0,0.0
2024-12-05 07:04:00-05:00,310.0,310.0,310.0,310.0,0,0.0,0.0
2024-12-05 07:06:00-05:00,310.0,310.0,310.0,310.0,0,0.0,0.0
2024-12-05 07:11:00-05:00,309.99,309.99,309.99,309.99,0,0.0,0.0
2024-12-05 07:15:00-05:00,309.99,309.99,309.99,309.99,0,0.0,0.0
2024-12-05 07:16:00-05:00,309.91,309.91,309.78,309.78,0,0.0,0.0
2024-12-05 07:19:00-05:00,309.88,309.88,309.88,309.88,0,0.0,0.0
2024-12-05 07:24:00-05:00,309.88,309.88,309.88,309.88,0,0.0,0.0
2024-12-05 07:25:00-05:00,309.96,310.19,309.88,310.19,0,0.0,0.0
2024-12-05 07:26:00-05:00,309.83,309.83,309.81,309.82,0,0.0,0.0
2024-12-05 07:27:00-05:00,309.82,309.82,309.82,309.82,0,0.0,0.0
2024-12-05 07:28:00-05:00,309.77,309.82,309.77,309.82,0,0.0,0.0
2024-12-05 07:29:00-05:00,309.82,309.82,309.82,309.82,0,0.0,0.0
2024-12-05 07:30:00-05:00,309.82,309.82,309.82,309.82,0,0.0,0.0
2024-12-05 07:33:00-05:00,309.82,309.82,309.82,309.82,0,0.0,0.0
2024-12-05 07:34:00-05:00,309.78,309.78,309.7,309.7,0,0.0,0.0
2024-12-05 07:37:00-05:00,309.7,309.7,309.64,309.64,0,0.0,0.0
2024-12-05 07:38:00-05:00,309.65,309.65,309.45,309.45,0,0.0,0.0
2024-12-05 07:39:00-05:00,309.58,309.83,309.58,309.81,0,0.0,0.0
2024-12-05 07:40:00-05:00,309.7,310.28,309.7,309.82,0,0.0,0.0
2024-12-05 07:43:00-05:00,309.71,309.71,309.71,309.71,0,0.0,0.0
2024-12-05 07:45:00-05:00,309.71,309.71,309.71,309.71,0,0.0,0.0
2024-12-05 07:48:00-05:00,309.8,309.8,309.8,309.8,0,0.0,0.0
2024-12-05 07:54:00-05:00,309.8,309.8,309.8,309.8,0,0.0,0.0
2024-12-05 07:57:00-05:00,309.76,309.76,309.74,309.74,0,0.0,0.0
2024-12-05 08:00:00-05:00,309.8647,311.0,308.0475,309.1123,0,0.0,0.0
2024-12-05 08:01:00-05:00,309.89,310.1,309.89,310.1,0,0.0,0.0
2024-12-05 08:02:00-05:00,309.89,310.22,309.89,310.22,0,0.0,0.0
2024-12-05 08:03:00-05:00,310.08,310.08,310.04,310.04,0,0.0,0.0
2024-12-05 08:05:00-05:00,309.9,310.18,309.9,310.18,0,0.0,0.0
2024-12-05 08:07:00-05:00,309.126,309.126,309.126,309.126,0,0.0,0.0
2024-12-05 08:08:00-05:00,310.9,310.9,310.9,310.9,0,0.0,0.0
2024-12-05 08:09:00-05:00,310.18,310.85,310.18,310.85,0,0.0,0.0
2024-12-05 08:10:00-05:00,310.16,310.9,310.16,310.27,0,0.0,0.0
2024-12-05 08:12:00-05:00,310.27,310.27,310.27,310.27,0,0.0,0.0
2024-12-05 08:13:00-05:00,310.27,310.27,308.95,308.95,0,0.0,0.0
2024-12-05 08:14:00-05:00,310.0,310.9,310.0,310.9,0,0.0,0.0
2024-12-05 08:15:00-05:00,310.5,310.5,310.2,310.2,0,0.0,0.0
2024-12-05 08:17:00-05:00,310.2,310.2,310.2,310.2,0,0.0,0.0
2024-12-05 08:18:00-05:00,310.2,310.3,309.9737,310.08,0,0.0,0.0
2024-12-05 08:19:00-05:00,310.01,310.01,310.01,310.01,0,0.0,0.0
2024-12-05 08:21:00-05:00,310.9,310.9,310.9,310.9,0,0.0,0.0
2024-12-05 08:22:00-05:00,308.95,308.95,308.95,308.95,0,0.0,0.0
2024-12-05 08:23:00-05:00,308.95,310.02,308.95,310.02,0,0.0,0.0
2024-12-05 08:25:00-05:00,310.9,310.9,309.67,310.16,0,0.0,0.0
2024-12-05 08:26:00-05:00,310.02,310.02,310.01,310.01,0,0.0,0.0
2024-12-05 08:27:00-05:00,309.67,310.9,309.67,310.9,0,0.0,0.0
2024-12-05 08:28:00-05:00,310.1,310.1,310.1,310.1,0,0.0,0.0
2024-12-05 08:29:00-05:00,310.9,310.9,309.96,309.96,0,0.0,0.0
2024-12-05 08:30:00-05:00,310.1,310.1,309.95,309.95,0,0.0,0.0
2024-12-05 08:33:00-05:00,310.6853,310.6853,309.8275,309.8275,0,0.0,0.0
2024-12-05 08:39:00-05:00,310.1,310.1,310.1,310.1,0,0.0,0.0
2024-12-05 08:41:00-05:00,310.9,310.9,310.8692,310.8692,0,0.0,0.0
2024-12-05 08:42:00-05:00,310.41,310.41,310.41,310.41,0,0.0,0.0
2024-12-05 08:43:00-05:00,310.01,310.9,310.01,310.9,0,0.0,0.0
2024-12-05 08:45:00-05:00,310.9,310.9,310.9,310.9,0,0.0,0.0
2024-12-05 08:47:00-05:00,310.0,310.0,309.92,309.92,0,0.0,0.0
2024-12-05 08:48:00-05:00,310.9,310.9,309.9,310.01,0,0.0,0.0
2024-12-05 08:49:00-05:00,309.89,309.99,309.89,309.99,0,0.0,0.0
2024-12-05 08:50:00-05:00,310.0,310.04,310.0,310.04,0,0.0,0.0
2024-12-05 08:52:00-05:00,310.04,310.04,310.04,310.04,0,0.0,0.0
2024-12-05 08:53:00-05:00,310.04,310.25,310.04,310.2,0,0.0,0.0
2024-12-05 08:55:00-05:00,310.16,310.16,310.16,310.16,0,0.0,0.0
2024-12-05 08:58:00-05:00,310.23,310.23,310.23,310.23,0,0.0,0.0
2024-12-05 08:59:00-05:00,310.23,310.23,310.23,310.23,0,0.0,0.0
2024-12-05 09:00:00-05:00,310.2,310.2,310.2,310.2,0,0.0,0.0
2024-12-05 09:02:00-05:00,309.27,309.27,309.27,309.27,0,0.0,0.0
2024-12-05 09:04:00-05:00,310.15,310.15,310.15,310.15,0,0.0,0.0
2024-12-05 09:09:00-05:00,310.13,310.13,310.13,310.13,0,0.0,0.0
2024-12-05 09:10:00-05:00,310.2,310.4877,310.2,310.4877,0,0.0,0.0
2024-12-05 09:11:00-05:00,310.4388,310.4388,309.0,309.0,0,0.0,0.0
2024-12-05 09:13:00-05:00,309.04,310.01,309.04,310.01,0,0.0,0.0
2024-12-05 09:14:00-05:00,310.23,310.6,310.1417,310.6,0,0.0,0.0
2024-12-05 09:30:00-05:00,309.9800109863281,310.8900146484375,309.5199890136719,310.4100036621094,153942,0.0,0.0
2024-12-05 09:31:00-05:00,310.1600036621094,310.3599853515625,309.79998779296875,310.3399963378906,9343,0.0,0.0
2024-12-05 09:32:00-05:00,310.3900146484375,310.3900146484375,309.6400146484375,310.0849914550781,56377,0.0,0.0
2024-12-05 09:33:00-05:00,310.1000061035156,310.80499267578125,310.0899963378906,310.75,28690,0.0,0.0
2024-12-05 09:34:00-05:00,310.739990234375,310.889892578125,310.5899963378906,310.739990234375,14991,0.0,0.0
2024-12-05 09:35:00-05:00,310.6499938964844,310.6600036621094,309.8900146484375,310.0400085449219,38166,0.0,0.0
2024-12-05 09:36:00-05:00,310.0400085449219,310.3500061035156,310.010009765625,310.2250061035156,10965,0.0,0.0
2024-12-05 09:37:00-05:00,310.0299987792969,310.6199035644531,309.92999267578125,310.4750061035156,19543,0.0,0.0
2024-12-05 09:38:00-05:00,310.4750061035156,310.8900146484375,310.3299865722656,310.8500061035156,39614,0.0,0.0
2024-12-05 09:39:00-05:00,310.7099914550781,310.8599853515625,310.1400146484375,310.3349914550781,13864,0.0,0.0
2024-12-05 09:40:00-05:00,310.3699951171875,310.45001220703125,309.92999267578125,310.1300048828125,23620,0.0,0.0
2024-12-05 09:41:00-05:00,310.1300048828125,310.3800964355469,309.9800109863281,309.9949951171875,4858,0.0,0.0
2024-12-05 09:42:00-05:00,310.0299987792969,310.1499938964844,309.9599914550781,310.0,17695,0.0,0.0
2024-12-05 09:43:00-05:00,310.05999755859375,310.2049865722656,309.9800109863281,310.2049865722656,21112,0.0,0.0
2024-12-05 09:44:00-05:00,310.1199951171875,310.6499938964844,310.1199951171875,310.3500061035156,22000,0.0,0.0
2024-12-05 09:45:00-05:00,310.42498779296875,310.6099853515625,310.3399963378906,310.6099853515625,6287,0.0,0.0
2024-12-05 09:46:00-05:00,310.57501220703125,310.57501220703125,310.42999267578125,310.5462951660156,4311,0.0,0.0
2024-12-05 09:47:00-05:00,310.45001220703125,310.4599914550781,310.1700134277344,310.2799987792969,7756,0.0,0.0
2024-12-05 09:48:00-05:00,310.29998779296875,310.30999755859375,310.04998779296875,310.2300109863281,25865,0.0,0.0
2024-12-05 09:49:00-05:00,310.30999755859375,310.4200134277344,310.19000244140625,310.3900146484375,7813,0.0,0.0
2024-12-05 09:50:00-05:00,310.3900146484375,310.8999938964844,310.3900146484375,310.8999938964844,16496,0.0,0.0
2024-12-05 09:51:00-05:00,310.8699951171875,310.9898986816406,310.7200012207031,310.81500244140625,10298,0.0,0.0
2024-12-05 09:52:00-05:00,310.81500244140625,310.81500244140625,310.3500061035156,310.4549865722656,13408,0.0,0.0
2024-12-05 09:53:00-05:00,310.3900146484375,310.45001220703125,310.2200012207031,310.29998779296875,34007,0.0,0.0
2024-12-05 09:54:00-05:00,310.30499267578125,310.322509765625,310.04998779296875,310.1400146484375,53181,0.0,0.0
2024-12-05 09:55:00-05:00,310.2149963378906,310.4100036621094,310.1199951171875,310.3399963378906,53308,0.0,0.0
2024-12-05 09:56:00-05:00,310.3599853515625,310.5498962402344,310.1499938964844,310.2749938964844,12973,0.0,0.0
2024-12-05 09:57:00-05:00,310.3349914550781,310.54998779296875,310.2799987792969,310.3949890136719,9307,0.0,0.0
2024-12-05 09:58:00-05:00,310.3949890136719,310.4200134277344,310.260009765625,310.3399963378906,5309,0.0,0.0
2024-12-05 09:59:00-05:00,310.3399963378906,310.55999755859375,310.2699890136719,310.4549865722656,21826,0.0,0.0
2024-12-05 10:00:00-05:00,310.4549865722656,310.7850036621094,310.3999938964844,310.6499938964844,19130,0.0,0.0
2024-12-05 10:01:00-05:00,310.7799987792969,310.82501220703125,310.5400085449219,310.75,15548,0.0,0.0
2024-12-05 10:02:00-05:00,310.79998779296875,311.010009765625,310.7300109863281,310.9200134277344,12580,0.0,0.0
2024-12-05 10:03:00-05:00,311.0899963378906,311.0899963378906,310.8699951171875,310.95001220703125,10625,0.0,0.0
2024-12-05 10:04:00-05:00,310.95001220703125,310.95001220703125,310.3999938964844,310.5400085449219,23315,0.0,0.0
2024-12-05 10:05:00-05:00,310.7149963378906,310.9200134277344,310.5199890136719,310.9200134277344,9295,0.0,0.0
2024-12-05 10:06:00-05:00,310.9200134277344,310.92999267578125,310.7900085449219,310.92498779296875,5662,0.0,0.0
2024-12-05 10:07:00-05:00,310.92498779296875,311.0199890136719,310.6000061035156,310.6000061035156,20422,0.0,0.0
2024-12-05 10:08:00-05:00,310.6300048828125,310.6400146484375,310.3699951171875,310.4649963378906,10036,0.0,0.0
2024-12-05 10:09:00-05:00,310.3800048828125,310.45001220703125,310.0799865722656,310.19000244140625,24962,0.0,0.0
2024-12-05 10:10:00-05:00,310.1400146484375,310.19500732421875,310.05999755859375,310.19500732421875,6434,0.0,0.0
2024-12-05 10:11:00-05:00,310.30999755859375,310.3450012207031,310.1499938964844,310.19500732421875,14137,0.0,0.0
2024-12-05 10:12:00-05:00,310.1099853515625,310.3800048828125,310.0799865722656,310.3399963378906,12995,0.0,0.0
2024-12-05 10:13:00-05:00,310.260009765625,310.260009765625,310.1400146484375,310.260009765625,6760,0.0,0.0
2024-12-05 10:14:00-05:00,310.1400146484375,310.3900146484375,310.1400146484375,310.3900146484375,3952,0.0,0.0
2024-12-05 10:15:00-05:00,310.32000732421875,310.3500061035156,310.2099914550781,310.239990234375,5898,0.0,0.0
2024-12-05 10:16:00-05:00,310.25,310.4549865722656,310.25,310.45001220703125,19835,0.0,0.0
2024-12-05 10:17:00-05:00,310.44000244140625,310.489990234375,310.3699951171875,310.44000244140625,4160,0.0,0.0
2024-12-05 10:18:00-05:00,310.44000244140625,310.5220031738281,310.3800048828125,310.4700012207031,6268,0.0,0.0
2024-12-05 10:19:00-05:00,310.3800048828125,310.68499755859375,310.3800048828125,310.6000061035156,19304,0.0,0.0
2024-12-05 10:20:00-05:00,310.69000244140625,310.7695007324219,310.5799865722656,310.6300048828125,4986,0.0,0.0
2024-12-05 10:21:00-05:00,310.7149963378906,310.7149963378906,310.57000732421875,310.5799865722656,13245,0.0,0.0
2024-12-05 10:22:00-05:00,310.5799865722656,310.6600036621094,310.57000732421875,310.5899963378906,8479,0.0,0.0
2024-12-05 10:23:00-05:00,310.59130859375,310.6199951171875,310.5400085449219,310.5400085449219,5577,0.0,0.0
2024-12-05 10:24:00-05:00,310.55999755859375,310.82000732421875,310.55999755859375,310.7900085449219,8976,0.0,0.0
2024-12-05 10:25:00-05:00,310.7900085449219,310.79620361328125,310.53900146484375,310.6650085449219,11514,0.0,0.0
2024-12-05 10:26:00-05:00,310.6199951171875,310.63751220703125,310.5299987792969,310.57879638671875,6653,0.0,0.0
2024-12-05 10:27:00-05:00,310.55999755859375,310.82000732421875,310.55999755859375,310.7300109863281,11782,0.0,0.0
2024-12-05 10:28:00-05:00,310.7300109863281,310.82598876953125,310.6499938964844,310.74749755859375,6108,0.0,0.0
2024-12-05 10:29:00-05:00,310.70318603515625,310.7799987792969,310.4700012207031,310.4800109863281,18789,0.0,0.0
2024-12-05 10:30:00-05:00,310.44000244140625,310.57000732421875,310.3299865722656,310.5638122558594,11157,0.0,0.0
2024-12-05 10:31:00-05:00,310.639892578125,310.7300109863281,310.5299987792969,310.57000732421875,4884,0.0,0.0
2024-12-05 10:32:00-05:00,310.70001220703125,310.70001220703125,310.5899963378906,310.70001220703125,3601,0.0,0.0
2024-12-05 10:33:00-05:00,310.6000061035156,310.6796875,310.3900146484375,310.4649963378906,16578,0.0,0.0
2024-12-05 10:34:00-05:00,310.4700012207031,310.6600036621094,310.4100036621094,310.635009765625,12828,0.0,0.0
2024-12-05 10:35:00-05:00,310.489990234375,310.6499938964844,310.489990234375,310.53289794921875,4183,0.0,0.0
2024-12-05 10:36:00-05:00,310.6300048828125,310.6499938964844,310.5199890136719,310.6499938964844,3142,0.0,0.0
2024-12-05 10:37:00-05:00,310.5199890136719,310.6000061035156,310.5199890136719,310.6000061035156,7108,0.0,0.0
2024-12-05 10:38:00-05:00,310.5400085449219,310.6600036621094,310.364990234375,310.364990234375,30422,0.0,0.0
2024-12-05 10:39:00-05:00,310.3399963378906,310.489990234375,310.30999755859375,310.489990234375,17228,0.0,0.0
2024-12-05 10:40:00-05:00,310.489990234375,310.489990234375,310.2900085449219,310.29998779296875,12934,0.0,0.0
2024-12-05 10:41:00-05:00,310.2650146484375,310.489990234375,310.19000244140625,310.42999267578125,42799,0.0,0.0
2024-12-05 10:42:00-05:00,310.42999267578125,310.45001220703125,310.1000061035156,310.1000061035156,13088,0.0,0.0
2024-12-05 10:43:00-05:00,310.2250061035156,310.2900085449219,310.1000061035156,310.2349853515625,5046,0.0,0.0
2024-12-05 10:44:00-05:00,310.2349853515625,310.2966003417969,310.17999267578125,310.2200012207031,5507,0.0,0.0
2024-12-05 10:45:00-05:00,310.2200012207031,310.29998779296875,310.2200012207031,310.2300109863281,4107,0.0,0.0
2024-12-05 10:46:00-05:00,310.2900085449219,310.3349914550781,310.239990234375,310.25,11201,0.0,0.0
2024-12-05 10:47:00-05:00,310.25,310.33648681640625,310.2200012207031,310.260009765625,7587,0.0,0.0
2024-12-05 10:48:00-05:00,310.260009765625,310.3157958984375,310.2300109863281,310.2900085449219,17463,0.0,0.0
2024-12-05 10:49:00-05:00,310.32000732421875,310.3599853515625,310.2799987792969,310.32501220703125,5910,0.0,0.0
2024-12-05 10:50:00-05:00,310.2900085449219,310.3500061035156,310.2300109863281,310.2300109863281,16030,0.0,0.0
2024-12-05 10:51:00-05:00,310.239990234375,310.3599853515625,310.17999267578125,310.2699890136719,20154,0.0,0.0
2024-12-05 10:52:00-05:00,310.2900085449219,310.3599853515625,310.2300109863281,310.2300109863281,10656,0.0,0.0
2024-12-05 10:53:00-05:00,310.25,310.25,310.1400146484375,310.1700134277344,25455,0.0,0.0
2024-12-05 10:54:00-05:00,310.1000061035156,310.1099853515625,310.0,310.1050109863281,14191,0.0,0.0
2024-12-05 10:55:00-05:00,310.010009765625,310.114990234375,310.010009765625,310.114990234375,4249,0.0,0.0
2024-12-05 10:56:00-05:00,310.1199951171875,310.2449951171875,310.0400085449219,310.2449951171875,10779,0.0,0.0
2024-12-05 10:57:00-05:00,310.2449951171875,310.32000732421875,310.1400146484375,310.19500732421875,9933,0.0,0.0
2024-12-05 10:58:00-05:00,310.20001220703125,310.2250061035156,310.0799865722656,310.1099853515625,4323,0.0,0.0
2024-12-05 10:59:00-05:00,310.1099853515625,310.32000732421875,310.1099853515625,310.17999267578125,9362,0.0,0.0
2024-12-05 11:00:00-05:00,310.2449951171875,310.2872009277344,310.1700134277344,310.2001037597656,2569,0.0,0.0
2024-12-05 11:01:00-05:00,310.2099914550781,310.2619934082031,310.1099853515625,310.17999267578125,9805,0.0,0.0
2024-12-05 11:02:00-05:00,310.1199951171875,310.125,310.0,310.07000732421875,6903,0.0,0.0
2024-12-05 11:03:00-05:00,310.0199890136719,310.0585021972656,309.94000244140625,309.95001220703125,8870,0.0,0.0
2024-12-05 11:04:00-05:00,309.9540100097656,310.1099853515625,309.8999938964844,310.0150146484375,62906,0.0,0.0
2024-12-05 11:05:00-05:00,310.07000732421875,310.1099853515625,309.9200134277344,309.9991149902344,4147,0.0,0.0
2024-12-05 11:06:00-05:00,309.9100036621094,309.95001220703125,309.8900146484375,309.9100036621094,4998,0.0,0.0
2024-12-05 11:07:00-05:00,309.9100036621094,309.9100036621094,309.8500061035156,309.8664855957031,6520,0.0,0.0
2024-12-05 11:08:00-05:00,309.8599853515625,309.92498779296875,309.8399963378906,309.8599853515625,12251,0.0,0.0
2024-12-05 11:09:00-05:00,309.8599853515625,309.875,309.70001220703125,309.7900085449219,17033,0.0,0.0
2024-12-05 11:10:00-05:00,309.7300109863281,309.739990234375,309.5799865722656,309.6600036621094,18016,0.0,0.0
2024-12-05 11:11:00-05:00,309.6499938964844,309.69500732421875,309.5799865722656,309.6099853515625,5765,0.0,0.0
2024-12-05 11:12:00-05:00,309.6099853515625,309.6099853515625,309.3699951171875,309.4549865722656,14669,0.0,0.0
2024-12-05 11:13:00-05:00,309.45001220703125,309.67999267578125,309.3999938964844,309.55999755859375,12795,0.0,0.0
2024-12-05 11:14:00-05:00,309.67498779296875,309.989013671875,309.5899963378906,309.864990234375,16882,0.0,0.0
2024-12-05 11:15:00-05:00,309.7984924316406,309.864990234375,309.739990234375,309.8299865722656,2428,0.0,0.0
2024-12-05 11:16:00-05:00,309.75,309.864990234375,309.75,309.75,4072,0.0,0.0
2024-12-05 11:17:00-05:00,309.864990234375,309.864990234375,309.75,309.8500061035156,2658,0.0,0.0
2024-12-05 11:18:00-05:00,309.8900146484375,309.8900146484375,309.69000244140625,309.7300109863281,17647,0.0,0.0
2024-12-05 11:19:00-05:00,309.80999755859375,309.885009765625,309.7900085449219,309.79998779296875,3537,0.0,0.0
2024-12-05 11:20:00-05:00,309.80999755859375,309.9119873046875,309.80999755859375,309.8949890136719,3583,0.0,0.0
2024-12-05 11:21:00-05:00,309.80999755859375,309.9302062988281,309.6099853515625,309.6099853515625,13242,0.0,0.0
2024-12-05 11:22:00-05:00,309.6199951171875,309.7699890136719,309.6099853515625,309.739990234375,4908,0.0,0.0
2024-12-05 11:23:00-05:00,309.739990234375,309.739990234375,309.6300048828125,309.6600036621094,3599,0.0,0.0
2024-12-05 11:24:00-05:00,309.6400146484375,309.7300109863281,309.6400146484375,309.7049865722656,5154,0.0,0.0
2024-12-05 11:25:00-05:00,309.7049865722656,309.7049865722656,309.6199951171875,309.6400146484375,5944,0.0,0.0
2024-12-05 11:26:00-05:00,309.7049865722656,309.760009765625,309.6499938964844,309.7250061035156,3801,0.0,0.0
2024-12-05 11:27:00-05:00,309.7250061035156,309.7799072265625,309.69000244140625,309.69000244140625,5534,0.0,0.0
2024-12-05 11:28:00-05:00,309.7349853515625,310.0899963378906,309.69000244140625,310.0899963378906,13195,0.0,0.0
2024-12-05 11:29:00-05:00,309.9750061035156,310.1000061035156,309.8599853515625,310.1000061035156,5357,0.0,0.0
2024-12-05 11:30:00-05:00,310.1075134277344,310.1300048828125,309.94000244140625,309.94000244140625,5365,0.0,0.0
2024-12-05 11:31:00-05:00,309.8999938964844,309.9700012207031,309.8599853515625,309.8599853515625,2242,0.0,0.0
2024-12-05 11:32:00-05:00,309.8599853515625,309.9800109863281,309.7099914550781,309.7099914550781,11714,0.0,0.0
2024-12-05 11:33:00-05:00,309.760009765625,309.760009765625,309.6700134277344,309.6700134277344,3268,0.0,0.0
2024-12-05 11:34:00-05:00,309.6755065917969,309.8699951171875,309.6755065917969,309.7799987792969,10521,0.0,0.0
2024-12-05 11:35:00-05:00,309.9200134277344,309.9800109863281,309.7699890136719,309.9800109863281,4062,0.0,0.0
2024-12-05 11:36:00-05:00,309.8599853515625,309.97900390625,309.80999755859375,309.94500732421875,8355,0.0,0.0
2024-12-05 11:37:00-05:00,309.9798889160156,309.9798889160156,309.8699951171875,309.8974914550781,2641,0.0,0.0
2024-12-05 11:38:00-05:00,309.8900146484375,309.92999267578125,309.8500061035156,309.8500061035156,4842,0.0,0.0
2024-12-05 11:39:00-05:00,309.92498779296875,309.92999267578125,309.8500061035156,309.8999938964844,2732,0.0,0.0
2024-12-05 11:40:00-05:00,309.92999267578125,310.0199890136719,309.8699951171875,309.9599914550781,6152,0.0,0.0
2024-12-05 11:41:00-05:00,309.9599914550781,310.0299987792969,309.8699951171875,309.9849853515625,16340,0.0,0.0
2024-12-05 11:42:00-05:00,309.9800109863281,309.9849853515625,309.92999267578125,309.93499755859375,1703,0.0,0.0
2024-12-05 11:43:00-05:00,309.9849853515625,310.0400085449219,309.9849853515625,310.0,5749,0.0,0.0
2024-12-05 11:44:00-05:00,310.0199890136719,310.0199890136719,309.8999938964844,309.9800109863281,5723,0.0,0.0
2024-12-05 11:45:00-05:00,309.989990234375,310.17999267578125,309.989990234375,310.1700134277344,9401,0.0,0.0
2024-12-05 11:46:00-05:00,310.1300048828125,310.2250061035156,310.0459899902344,310.2250061035156,4443,0.0,0.0
2024-12-05 11:47:00-05:00,310.16650390625,310.2799987792969,310.16650390625,310.2799987792969,3302,0.0,0.0
2024-12-05 11:48:00-05:00,310.2300109863281,310.3800048828125,310.2300109863281,310.33380126953125,3655,0.0,0.0
2024-12-05 11:49:00-05:00,310.30999755859375,310.4150085449219,310.29998779296875,310.4150085449219,5710,0.0,0.0
2024-12-05 11:50:00-05:00,310.3699951171875,310.375,310.2395935058594,310.30499267578125,9213,0.0,0.0
2024-12-05 11:51:00-05:00,310.32501220703125,310.3999938964844,310.239990234375,310.3999938964844,2911,0.0,0.0
2024-12-05 11:52:00-05:00,310.3699951171875,310.4388122558594,310.2900085449219,310.3500061035156,4636,0.0,0.0
2024-12-05 11:53:00-05:00,310.3559875488281,310.4200134277344,310.3500061035156,310.3500061035156,5508,0.0,0.0
2024-12-05 11:54:00-05:00,310.4200134277344,310.5,310.3800048828125,310.489990234375,4783,0.0,0.0
2024-12-05 11:55:00-05:00,310.5,310.5299987792969,310.42498779296875,310.42999267578125,5815,0.0,0.0
2024-12-05 11:56:00-05:00,310.45001220703125,310.510009765625,310.4200134277344,310.4200134277344,4285,0.0,0.0
2024-12-05 11:57:00-05:00,310.44000244140625,310.4750061035156,310.3900146484375,310.4750061035156,3430,0.0,0.0
2024-12-05 11:58:00-05:00,310.3900146484375,310.5,310.3900146484375,310.44500732421875,6055,0.0,0.0
2024-12-05 11:59:00-05:00,310.44500732421875,310.5799865722656,310.3999938964844,310.510009765625,7243,0.0,0.0
2024-12-05 12:00:00-05:00,310.489990234375,310.54998779296875,310.44000244140625,310.44000244140625,3548,0.0,0.0
2024-12-05 12:01:00-05:00,310.4549865722656,310.4549865722656,310.375,310.375,6208,0.0,0.0
2024-12-05 12:02:00-05:00,310.3399963378906,310.4700012207031,310.3399963378906,310.4700012207031,2940,0.0,0.0
2024-12-05 12:03:00-05:00,310.3599853515625,310.45001220703125,310.3599853515625,310.3699951171875,3049,0.0,0.0
2024-12-05 12:04:00-05:00,310.3699951171875,310.3800048828125,310.2200012207031,310.2850036621094,5979,0.0,0.0
2024-12-05 12:05:00-05:00,310.2200012207031,310.3944091796875,310.2200012207031,310.3399963378906,3591,0.0,0.0
2024-12-05 12:06:00-05:00,310.3399963378906,310.5299987792969,310.32000732421875,310.43499755859375,3755,0.0,0.0
2024-12-05 12:07:00-05:00,310.4750061035156,310.4750061035156,310.3500061035156,310.3664855957031,5764,0.0,0.0
2024-12-05 12:08:00-05:00,310.3699951171875,310.3699951171875,310.2300109863281,310.2799987792969,3047,0.0,0.0
2024-12-05 12:09:00-05:00,310.2510986328125,310.30499267578125,310.25,310.25,3958,0.0,0.0
2024-12-05 12:10:00-05:00,310.25,310.285888671875,310.20001220703125,310.25,4441,0.0,0.0
2024-12-05 12:11:00-05:00,310.25,310.260009765625,310.2099914550781,310.260009765625,4039,0.0,0.0
2024-12-05 12:12:00-05:00,310.260009765625,310.260009765625,310.05999755859375,310.1449890136719,5863,0.0,0.0
2024-12-05 12:13:00-05:00,310.19000244140625,310.19000244140625,310.05999755859375,310.1199951171875,6101,0.0,0.0
2024-12-05 12:14:00-05:00,310.19000244140625,310.2300109863281,310.07000732421875,310.2300109863281,8810,0.0,0.0
2024-12-05 12:15:00-05:00,310.2099914550781,310.25,310.1300048828125,310.25,4428,0.0,0.0
2024-12-05 12:16:00-05:00,310.260009765625,310.2607116699219,310.1499938964844,310.1700134277344,2037,0.0,0.0
2024-12-05 12:17:00-05:00,310.19000244140625,310.2200012207031,310.07000732421875,310.0799865722656,6246,0.0,0.0
2024-12-05 12:18:00-05:00,310.1300048828125,310.19000244140625,310.0799865722656,310.1499938964844,3508,0.0,0.0
2024-12-05 12:19:00-05:00,310.1499938964844,310.1700134277344,310.1000061035156,310.1199951171875,4477,0.0,0.0
2024-12-05 12:20:00-05:00,310.1199951171875,310.1400146484375,310.07000732421875,310.1099853515625,6965,0.0,0.0
2024-12-05 12:21:00-05:00,310.1099853515625,310.1499938964844,310.07000732421875,310.1449890136719,3482,0.0,0.0
2024-12-05 12:22:00-05:00,310.1600036621094,310.239990234375,310.1600036621094,310.1600036621094,4541,0.0,0.0
2024-12-05 12:23:00-05:00,310.16400146484375,310.20001220703125,310.1300048828125,310.1650085449219,4603,0.0,0.0
2024-12-05 12:24:00-05:00,310.1499938964844,310.2200012207031,310.0899963378906,310.17999267578125,5604,0.0,0.0
2024-12-05 12:25:00-05:00,310.20001220703125,310.2076110839844,310.0899963378906,310.0899963378906,2603,0.0,0.0
2024-12-05 12:26:00-05:00,310.1000061035156,310.1340026855469,310.1000061035156,310.1340026855469,2291,0.0,0.0
2024-12-05 12:27:00-05:00,310.1099853515625,310.1700134277344,310.07000732421875,310.0899963378906,9148,0.0,0.0
2024-12-05 12:28:00-05:00,310.0799865722656,310.1400146484375,310.05999755859375,310.114990234375,8106,0.0,0.0
2024-12-05 12:29:00-05:00,310.114990234375,310.19500732421875,310.114990234375,310.1600036621094,3501,0.0,0.0
2024-12-05 12:30:00-05:00,310.1600036621094,310.1700134277344,310.04998779296875,310.1300048828125,15208,0.0,0.0
2024-12-05 12:31:00-05:00,310.2200012207031,310.3175048828125,310.2200012207031,310.2699890136719,4629,0.0,0.0
2024-12-05 12:32:00-05:00,310.260009765625,310.260009765625,310.17999267578125,310.25,5112,0.0,0.0
2024-12-05 12:33:00-05:00,310.19000244140625,310.2900085449219,310.19000244140625,310.260009765625,3191,0.0,0.0
2024-12-05 12:34:00-05:00,310.2099914550781,310.27178955078125,310.2099914550781,310.2550048828125,4816,0.0,0.0
2024-12-05 12:35:00-05:00,310.2200012207031,310.2200012207031,309.8999938964844,309.8999938964844,18729,0.0,0.0
2024-12-05 12:36:00-05:00,309.99798583984375,310.0,309.8900146484375,309.8999938964844,4474,0.0,0.0
2024-12-05 12:37:00-05:00,309.9549865722656,310.0199890136719,309.8999938964844,309.9750061035156,5278,0.0,0.0
2024-12-05 12:38:00-05:00,309.92999267578125,310.0199890136719,309.8500061035156,309.8599853515625,4267,0.0,0.0
2024-12-05 12:39:00-05:00,309.8599853515625,309.92999267578125,309.760009765625,309.92999267578125,18824,0.0,0.0
2024-12-05 12:40:00-05:00,309.9172058105469,309.92999267578125,309.7900085449219,309.7900085449219,8341,0.0,0.0
2024-12-05 12:41:00-05:00,309.7900085449219,309.9599914550781,309.7900085449219,309.9599914550781,4842,0.0,0.0
2024-12-05 12:42:00-05:00,309.8500061035156,309.9855041503906,309.8500061035156,309.9700012207031,10684,0.0,0.0
2024-12-05 12:43:00-05:00,309.864990234375,309.9200134277344,309.8599853515625,309.9200134277344,1122,0.0,0.0
2024-12-05 12:44:00-05:00,309.8699951171875,309.9200134277344,309.8699951171875,309.8699951171875,2270,0.0,0.0
2024-12-05 12:45:00-05:00,309.8699951171875,309.8900146484375,309.80999755859375,309.8900146484375,7094,0.0,0.0
2024-12-05 12:46:00-05:00,309.864990234375,309.8882141113281,309.80999755859375,309.82000732421875,3204,0.0,0.0
2024-12-05 12:47:00-05:00,309.8699951171875,309.8900146484375,309.82000732421875,309.8699951171875,2330,0.0,0.0
2024-12-05 12:48:00-05:00,309.8699951171875,309.92999267578125,309.8699951171875,309.92999267578125,3888,0.0,0.0
2024-12-05 12:49:00-05:00,309.8800048828125,309.8999938964844,309.80999755859375,309.80999755859375,5729,0.0,0.0
2024-12-05 12:50:00-05:00,309.8599853515625,309.8599853515625,309.6600036621094,309.69000244140625,13749,0.0,0.0
2024-12-05 12:51:00-05:00,309.7699890136719,309.8500061035156,309.69000244140625,309.69000244140625,2875,0.0,0.0
2024-12-05 12:52:00-05:00,309.7699890136719,309.7699890136719,309.69000244140625,309.70001220703125,2657,0.0,0.0
2024-12-05 12:53:00-05:00,309.7099914550781,309.8699951171875,309.7099914550781,309.8699951171875,5373,0.0,0.0
2024-12-05 12:54:00-05:00,309.8699951171875,309.875,309.6600036621094,309.7099914550781,4264,0.0,0.0
2024-12-05 12:55:00-05:00,309.7349853515625,309.80999755859375,309.6600036621094,309.7900085449219,5648,0.0,0.0
2024-12-05 12:56:00-05:00,309.7900085449219,309.8299865722656,309.7174987792969,309.7799987792969,5217,0.0,0.0
2024-12-05 12:57:00-05:00,309.7799987792969,309.81988525390625,309.7099914550781,309.7650146484375,5448,0.0,0.0
2024-12-05 12:58:00-05:00,309.7650146484375,309.82501220703125,309.7099914550781,309.82501220703125,2610,0.0,0.0
2024-12-05 12:59:00-05:00,309.82501220703125,309.8699951171875,309.7799987792969,309.8699951171875,4165,0.0,0.0
2024-12-05 13:00:00-05:00,309.8500061035156,309.92999267578125,309.80999755859375,309.8699951171875,7398,0.0,0.0
2024-12-05 13:01:00-05:00,309.8900146484375,309.8999938964844,309.82000732421875,309.8550109863281,5581,0.0,0.0
2024-12-05 13:02:00-05:00,309.82000732421875,309.8599853515625,309.82000732421875,309.8599853515625,2171,0.0,0.0
2024-12-05 13:03:00-05:00,309.82000732421875,309.92999267578125,309.82000732421875,309.9200134277344,3716,0.0,0.0
2024-12-05 13:04:00-05:00,309.9200134277344,309.95001220703125,309.8500061035156,309.8999938964844,6471,0.0,0.0
2024-12-05 13:05:00-05:00,309.8999938964844,309.95001220703125,309.75,309.75,8383,0.0,0.0
2024-12-05 13:06:00-05:00,309.7650146484375,309.7850036621094,309.7200012207031,309.7850036621094,1932,0.0,0.0
2024-12-05 13:07:00-05:00,309.760009765625,309.82000732421875,309.7200012207031,309.7434997558594,3371,0.0,0.0
2024-12-05 13:08:00-05:00,309.75,309.7699890136719,309.6499938964844,309.7099914550781,8841,0.0,0.0
2024-12-05 13:09:00-05:00,309.67999267578125,309.67999267578125,309.55999755859375,309.55999755859375,12176,0.0,0.0
2024-12-05 13:10:00-05:00,309.54998779296875,309.6000061035156,309.5,309.5,4588,0.0,0.0
2024-12-05 13:11:00-05:00,309.5799865722656,309.6549987792969,309.5799865722656,309.6099853515625,2636,0.0,0.0
2024-12-05 13:12:00-05:00,309.6700134277344,309.6700134277344,309.5899963378906,309.625,4059,0.0,0.0
2024-12-05 13:13:00-05:00,309.6000061035156,309.61749267578125,309.5210876464844,309.57501220703125,4132,0.0,0.0
2024-12-05 13:14:00-05:00,309.5299987792969,309.6600036621094,309.5299987792969,309.55999755859375,8503,0.0,0.0
2024-12-05 13:15:00-05:00,309.55999755859375,309.55999755859375,309.3599853515625,309.364990234375,11230,0.0,0.0
2024-12-05 13:16:00-05:00,309.42999267578125,309.44000244140625,309.3275146484375,309.3699951171875,2416,0.0,0.0
2024-12-05 13:17:00-05:00,309.4049987792969,309.5,309.2049865722656,309.2749938964844,9244,0.0,0.0
2024-12-05 13:18:00-05:00,309.20001220703125,309.30999755859375,309.20001220703125,309.20001220703125,3087,0.0,0.0
2024-12-05 13:19:00-05:00,309.2099914550781,309.2099914550781,309.0799865722656,309.08538818359375,6210,0.0,0.0
2024-12-05 13:20:00-05:00,309.19000244140625,309.29998779296875,309.17498779296875,309.29998779296875,6990,0.0,0.0
2024-12-05 13:21:00-05:00,309.30999755859375,309.30999755859375,309.1000061035156,309.2799987792969,7637,0.0,0.0
2024-12-05 13:22:00-05:00,309.1300048828125,309.18798828125,309.0060119628906,309.06500244140625,5511,0.0,0.0
2024-12-05 13:23:00-05:00,309.010009765625,309.07989501953125,308.8599853515625,308.8800048828125,11506,0.0,0.0
2024-12-05 13:24:00-05:00,308.8900146484375,308.9700012207031,308.8900146484375,308.9700012207031,2590,0.0,0.0
2024-12-05 13:25:00-05:00,308.8999938964844,309.0299987792969,308.8299865722656,308.9700012207031,12263,0.0,0.0
2024-12-05 13:26:00-05:00,308.9100036621094,309.1199951171875,308.9100036621094,309.1099853515625,5700,0.0,0.0
2024-12-05 13:27:00-05:00,309.125,309.17999267578125,309.07000732421875,309.1600036621094,4063,0.0,0.0
2024-12-05 13:28:00-05:00,309.1199951171875,309.19000244140625,309.1000061035156,309.18499755859375,6500,0.0,0.0
2024-12-05 13:29:00-05:00,309.18499755859375,309.239990234375,309.1400146484375,309.239990234375,5793,0.0,0.0
2024-12-05 13:30:00-05:00,309.20001220703125,309.20001220703125,309.114990234375,309.20001220703125,6508,0.0,0.0
2024-12-05 13:31:00-05:00,309.1600036621094,309.2900085449219,309.1199951171875,309.19000244140625,2742,0.0,0.0
2024-12-05 13:32:00-05:00,309.2099914550781,309.2900085449219,309.19000244140625,309.2900085449219,5229,0.0,0.0
2024-12-05 13:33:00-05:00,309.2300109863281,309.30999755859375,309.2099914550781,309.30999755859375,2768,0.0,0.0
2024-12-05 13:34:00-05:00,309.2900085449219,309.32501220703125,309.2099914550781,309.32501220703125,2631,0.0,0.0
2024-12-05 13:35:00-05:00,309.32501220703125,309.4599914550781,309.28448486328125,309.4599914550781,3149,0.0,0.0
2024-12-05 13:36:00-05:00,309.45001220703125,309.45001220703125,309.3500061035156,309.3599853515625,5253,0.0,0.0
2024-12-05 13:37:00-05:00,309.3900146484375,309.4200134277344,309.3800048828125,309.3900146484375,1917,0.0,0.0
2024-12-05 13:38:00-05:00,309.4549865722656,309.5199890136719,309.3900146484375,309.42999267578125,2328,0.0,0.0
2024-12-05 13:39:00-05:00,309.43450927734375,309.5299987792969,309.3699951171875,309.4949951171875,10266,0.0,0.0
2024-12-05 13:40:00-05:00,309.4949951171875,309.5,309.4100036621094,309.5,3670,0.0,0.0
2024-12-05 13:41:00-05:00,309.5,309.5050048828125,309.4280090332031,309.42999267578125,1543,0.0,0.0
2024-12-05 13:42:00-05:00,309.5150146484375,309.6499938964844,309.5150146484375,309.6400146484375,4092,0.0,0.0
2024-12-05 13:43:00-05:00,309.614990234375,309.6199951171875,309.4800109863281,309.4800109863281,11088,0.0,0.0
2024-12-05 13:44:00-05:00,309.5299987792969,309.55999755859375,309.4800109863281,309.5592956542969,2202,0.0,0.0
2024-12-05 13:45:00-05:00,309.5140075683594,309.6000061035156,309.5140075683594,309.55999755859375,4470,0.0,0.0
2024-12-05 13:46:00-05:00,309.5199890136719,309.6099853515625,309.5199890136719,309.5400085449219,4553,0.0,0.0
2024-12-05 13:47:00-05:00,309.57501220703125,309.6099853515625,309.5400085449219,309.6099853515625,2662,0.0,0.0
2024-12-05 13:48:00-05:00,309.5899963378906,309.5899963378906,309.510009765625,309.510009765625,3579,0.0,0.0
2024-12-05 13:49:00-05:00,309.510009765625,309.5199890136719,309.4800109863281,309.4800109863281,5211,0.0,0.0
2024-12-05 13:50:00-05:00,309.4800109863281,309.489990234375,309.3949890136719,309.4075012207031,6304,0.0,0.0
2024-12-05 13:51:00-05:00,309.4230041503906,309.45001220703125,309.3699951171875,309.3900146484375,4222,0.0,0.0
2024-12-05 13:52:00-05:00,309.4200134277344,309.48480224609375,309.3699951171875,309.44000244140625,8197,0.0,0.0
2024-12-05 13:53:00-05:00,309.3599853515625,309.4599914550781,309.3599853515625,309.43499755859375,2640,0.0,0.0
2024-12-05 13:54:00-05:00,309.45001220703125,309.510009765625,309.3599853515625,309.4700012207031,3118,0.0,0.0
2024-12-05 13:55:00-05:00,309.45001220703125,309.5010070800781,309.1499938964844,309.2200012207031,11832,0.0,0.0
2024-12-05 13:56:00-05:00,309.260009765625,309.3999938964844,309.260009765625,309.3800048828125,3971,0.0,0.0
2024-12-05 13:57:00-05:00,309.3599853515625,309.45849609375,309.3599853515625,309.4100036621094,5492,0.0,0.0
2024-12-05 13:58:00-05:00,309.40399169921875,309.40399169921875,309.29998779296875,309.3763122558594,6125,0.0,0.0
2024-12-05 13:59:00-05:00,309.3999938964844,309.4599914550781,309.29998779296875,309.3949890136719,10496,0.0,0.0
2024-12-05 14:00:00-05:00,309.427490234375,309.427490234375,309.29998779296875,309.29998779296875,5218,0.0,0.0
2024-12-05 14:01:00-05:00,309.31500244140625,309.3399963378906,309.19000244140625,309.2200012207031,6048,0.0,0.0
2024-12-05 14:02:00-05:00,309.19000244140625,309.2200012207031,309.1499938964844,309.2049865722656,3967,0.0,0.0
2024-12-05 14:03:00-05:00,309.2049865722656,309.3304138183594,309.20001220703125,309.20001220703125,4751,0.0,0.0
2024-12-05 14:04:00-05:00,309.20001220703125,309.2900085449219,309.20001220703125,309.2900085449219,3268,0.0,0.0
2024-12-05 14:05:00-05:00,309.25,309.2900085449219,309.2300109863281,309.2900085449219,4432,0.0,0.0
2024-12-05 14:06:00-05:00,309.2850036621094,309.3599853515625,309.260009765625,309.3399963378906,4727,0.0,0.0
2024-12-05 14:07:00-05:00,309.3399963378906,309.5,309.3399963378906,309.5,4150,0.0,0.0
2024-12-05 14:08:00-05:00,309.5050048828125,309.6000061035156,309.4599914550781,309.57501220703125,3701,0.0,0.0
2024-12-05 14:09:00-05:00,309.6600036621094,309.7099914550781,309.5799865722656,309.6700134277344,16251,0.0,0.0
2024-12-05 14:10:00-05:00,309.6700134277344,309.7149963378906,309.6400146484375,309.6499938964844,6479,0.0,0.0
2024-12-05 14:11:00-05:00,309.69500732421875,309.70001220703125,309.510009765625,309.510009765625,18266,0.0,0.0
2024-12-05 14:12:00-05:00,309.54998779296875,309.6000061035156,309.5299987792969,309.535400390625,5752,0.0,0.0
2024-12-05 14:13:00-05:00,309.6199951171875,309.6300048828125,309.4800109863281,309.5199890136719,6038,0.0,0.0
2024-12-05 14:14:00-05:00,309.4800109863281,309.510009765625,309.3900146484375,309.4200134277344,9444,0.0,0.0
2024-12-05 14:15:00-05:00,309.4200134277344,309.44989013671875,309.3550109863281,309.3599853515625,3614,0.0,0.0
2024-12-05 14:16:00-05:00,309.385009765625,309.4599914550781,309.3699951171875,309.42059326171875,6932,0.0,0.0
2024-12-05 14:17:00-05:00,309.44500732421875,309.489990234375,309.4100036621094,309.4599914550781,4847,0.0,0.0
2024-12-05 14:18:00-05:00,309.4750061035156,309.4750061035156,309.260009765625,309.3299865722656,12036,0.0,0.0
2024-12-05 14:19:00-05:00,309.3699951171875,309.44000244140625,309.2149963378906,309.239990234375,9335,0.0,0.0
2024-12-05 14:20:00-05:00,309.2200012207031,309.25518798828125,309.2200012207031,309.2300109863281,3012,0.0,0.0
2024-12-05 14:21:00-05:00,309.260009765625,309.30938720703125,309.19000244140625,309.2699890136719,3957,0.0,0.0
2024-12-05 14:22:00-05:00,309.2699890136719,309.4200134277344,309.2200012207031,309.3399963378906,6154,0.0,0.0
2024-12-05 14:23:00-05:00,309.3500061035156,309.3699951171875,309.2900085449219,309.3299865722656,2249,0.0,0.0
2024-12-05 14:24:00-05:00,309.3800048828125,309.4599914550781,309.364990234375,309.3699951171875,3145,0.0,0.0
2024-12-05 14:25:00-05:00,309.42999267578125,309.489990234375,309.3999938964844,309.44000244140625,7474,0.0,0.0
2024-12-05 14:26:00-05:00,309.44000244140625,309.45001220703125,309.4100036621094,309.41729736328125,2160,0.0,0.0
2024-12-05 14:27:00-05:00,309.4800109863281,309.54998779296875,309.42999267578125,309.4949951171875,3497,0.0,0.0
2024-12-05 14:28:00-05:00,309.489990234375,309.489990234375,309.3940124511719,309.42999267578125,6165,0.0,0.0
2024-12-05 14:29:00-05:00,309.3900146484375,309.4049987792969,309.29998779296875,309.29998779296875,6459,0.0,0.0
2024-12-05 14:30:00-05:00,309.32000732421875,309.3699951171875,309.29998779296875,309.3399963378906,6049,0.0,0.0
2024-12-05 14:31:00-05:00,309.3800048828125,309.3800048828125,309.30999755859375,309.3699951171875,4681,0.0,0.0
2024-12-05 14:32:00-05:00,309.3392028808594,309.36370849609375,309.3299865722656,309.3299865722656,1207,0.0,0.0
2024-12-05 14:33:00-05:00,309.3550109863281,309.3550109863281,309.260009765625,309.2850036621094,8142,0.0,0.0
2024-12-05 14:34:00-05:00,309.2699890136719,309.3299865722656,309.2699890136719,309.30999755859375,3324,0.0,0.0
2024-12-05 14:35:00-05:00,309.3275146484375,309.4599914550781,309.32501220703125,309.447509765625,5499,0.0,0.0
2024-12-05 14:36:00-05:00,309.44500732421875,309.5299987792969,309.41180419921875,309.5299987792969,3227,0.0,0.0
2024-12-05 14:37:00-05:00,309.55999755859375,309.55999755859375,309.44000244140625,309.4800109863281,7411,0.0,0.0
2024-12-05 14:38:00-05:00,309.5400085449219,309.5400085449219,309.5,309.5,974,0.0,0.0
2024-12-05 14:39:00-05:00,309.4949951171875,309.4949951171875,309.45001220703125,309.4949951171875,2464,0.0,0.0
2024-12-05 14:40:00-05:00,309.4700012207031,309.5050048828125,309.45001220703125,309.5050048828125,5932,0.0,0.0
2024-12-05 14:41:00-05:00,309.5050048828125,309.5050048828125,309.44000244140625,309.489990234375,8525,0.0,0.0
2024-12-05 14:42:00-05:00,309.489990234375,309.4949951171875,309.4700012207031,309.489990234375,1416,0.0,0.0
2024-12-05 14:43:00-05:00,309.489990234375,309.489990234375,309.4100036621094,309.45001220703125,6540,0.0,0.0
2024-12-05 14:44:00-05:00,309.4549865722656,309.5299987792969,309.4549865722656,309.5299987792969,2858,0.0,0.0
2024-12-05 14:45:00-05:00,309.4750061035156,309.5,309.4200134277344,309.5,2640,0.0,0.0
2024-12-05 14:46:00-05:00,309.5,309.6199951171875,309.5,309.6000061035156,5673,0.0,0.0
2024-12-05 14:47:00-05:00,309.5899963378906,309.6700134277344,309.5259094238281,309.5899963378906,4890,0.0,0.0
2024-12-05 14:48:00-05:00,309.57501220703125,309.67999267578125,309.5199890136719,309.6099853515625,11738,0.0,0.0
2024-12-05 14:49:00-05:00,309.614990234375,309.7300109863281,309.6000061035156,309.7300109863281,4269,0.0,0.0
2024-12-05 14:50:00-05:00,309.7300109863281,309.7300109863281,309.5799865722656,309.677490234375,13748,0.0,0.0
2024-12-05 14:51:00-05:00,309.7099914550781,309.7699890136719,309.5799865722656,309.5899963378906,8042,0.0,0.0
2024-12-05 14:52:00-05:00,309.5799865722656,309.6700134277344,309.5799865722656,309.6000061035156,4080,0.0,0.0
2024-12-05 14:53:00-05:00,309.6400146484375,309.6864013671875,309.6199951171875,309.6700134277344,5632,0.0,0.0
2024-12-05 14:54:00-05:00,309.7099914550781,309.7099914550781,309.6000061035156,309.625,9000,0.0,0.0
2024-12-05 14:55:00-05:00,309.5799865722656,309.7099914550781,309.5799865722656,309.69000244140625,5392,0.0,0.0
2024-12-05 14:56:00-05:00,309.7099914550781,309.75,309.6199951171875,309.739990234375,2876,0.0,0.0
2024-12-05 14:57:00-05:00,309.6400146484375,309.7200012207031,309.5606994628906,309.5606994628906,13200,0.0,0.0
2024-12-05 14:58:00-05:00,309.6000061035156,309.760009765625,309.5799865722656,309.7300109863281,9959,0.0,0.0
2024-12-05 14:59:00-05:00,309.7699890136719,309.8099060058594,309.6600036621094,309.69000244140625,6344,0.0,0.0
2024-12-05 15:00:00-05:00,309.6400146484375,309.6600036621094,309.4800109863281,309.5849914550781,6190,0.0,0.0
2024-12-05 15:01:00-05:00,309.5199890136719,309.5899963378906,309.5199890136719,309.5400085449219,5565,0.0,0.0
2024-12-05 15:02:00-05:00,309.6099853515625,309.7900085449219,309.5975036621094,309.7200012207031,10284,0.0,0.0
2024-12-05 15:03:00-05:00,309.6499938964844,309.7349853515625,309.6499938964844,309.7349853515625,1775,0.0,0.0
2024-12-05 15:04:00-05:00,309.69000244140625,309.69500732421875,309.6499938964844,309.6700134277344,5446,0.0,0.0
2024-12-05 15:05:00-05:00,309.70001220703125,309.7950134277344,309.67999267578125,309.7950134277344,7154,0.0,0.0
2024-12-05 15:06:00-05:00,309.7300109863281,309.8262023925781,309.5799865722656,309.67498779296875,8046,0.0,0.0
2024-12-05 15:07:00-05:00,309.67498779296875,309.67498779296875,309.5199890136719,309.57501220703125,3815,0.0,0.0
2024-12-05 15:08:00-05:00,309.6199951171875,309.6300048828125,309.4700012207031,309.6099853515625,10305,0.0,0.0
2024-12-05 15:09:00-05:00,309.5199890136719,309.5950012207031,309.5199890136719,309.5950012207031,2042,0.0,0.0
2024-12-05 15:10:00-05:00,309.5950012207031,309.5950012207031,309.44000244140625,309.510009765625,8139,0.0,0.0
2024-12-05 15:11:00-05:00,309.4700012207031,309.510009765625,309.3299865722656,309.3299865722656,6689,0.0,0.0
2024-12-05 15:12:00-05:00,309.3800048828125,309.4100036621094,309.3399963378906,309.3800048828125,7509,0.0,0.0
2024-12-05 15:13:00-05:00,309.4200134277344,309.4200134277344,309.29998779296875,309.30010986328125,7284,0.0,0.0
2024-12-05 15:14:00-05:00,309.29998779296875,309.33319091796875,309.25,309.30999755859375,6087,0.0,0.0
2024-12-05 15:15:00-05:00,309.30999755859375,309.3399963378906,309.19000244140625,309.2200012207031,6979,0.0,0.0
2024-12-05 15:16:00-05:00,309.25,309.32000732421875,309.20001220703125,309.2300109863281,14633,0.0,0.0
2024-12-05 15:17:00-05:00,309.20098876953125,309.260009765625,309.20001220703125,309.20001220703125,5841,0.0,0.0
2024-12-05 15:18:00-05:00,309.2049865722656,309.2074890136719,309.1210021972656,309.1335144042969,5394,0.0,0.0
2024-12-05 15:19:00-05:00,309.1400146484375,309.19000244140625,309.1199951171875,309.1400146484375,9631,0.0,0.0
2024-12-05 15:20:00-05:00,309.20001220703125,309.260009765625,309.1400146484375,309.2099914550781,5484,0.0,0.0
2024-12-05 15:21:00-05:00,309.1741943359375,309.32000732421875,309.1741943359375,309.30999755859375,9264,0.0,0.0
2024-12-05 15:22:00-05:00,309.3299865722656,309.3999938964844,309.29998779296875,309.3999938964844,5203,0.0,0.0
2024-12-05 15:23:00-05:00,309.3599853515625,309.45001220703125,309.2799987792969,309.3369140625,10785,0.0,0.0
2024-12-05 15:24:00-05:00,309.3699951171875,309.3699951171875,309.2799987792969,309.2799987792969,6515,0.0,0.0
2024-12-05 15:25:00-05:00,309.2799987792969,309.29998779296875,309.20001220703125,309.239990234375,7148,0.0,0.0
2024-12-05 15:26:00-05:00,309.2699890136719,309.2699890136719,309.1199951171875,309.1300048828125,4741,0.0,0.0
2024-12-05 15:27:00-05:00,309.1340026855469,309.2099914550781,309.1099853515625,309.1650085449219,9200,0.0,0.0
2024-12-05 15:28:00-05:00,309.17498779296875,309.2200012207031,309.1199951171875,309.19281005859375,4754,0.0,0.0
2024-12-05 15:29:00-05:00,309.17999267578125,309.30999755859375,309.17999267578125,309.2749938964844,11996,0.0,0.0
2024-12-05 15:30:00-05:00,309.3299865722656,309.3800048828125,309.2300109863281,309.239990234375,10591,0.0,0.0
2024-12-05 15:31:00-05:00,309.19000244140625,309.32000732421875,309.19000244140625,309.29998779296875,12430,0.0,0.0
2024-12-05 15:32:00-05:00,309.3299865722656,309.3699951171875,309.260009765625,309.3599853515625,9488,0.0,0.0
2024-12-05 15:33:00-05:00,309.29998779296875,309.3999938964844,309.29998779296875,309.3699951171875,3939,0.0,0.0
2024-12-05 15:34:00-05:00,309.42999267578125,309.6600036621094,309.3800048828125,309.5400085449219,10802,0.0,0.0
2024-12-05 15:35:00-05:00,309.56500244140625,309.6300048828125,309.5600891113281,309.5799865722656,6105,0.0,0.0
2024-12-05 15:36:00-05:00,309.5799865722656,309.70001220703125,309.5400085449219,309.69500732421875,7313,0.0,0.0
2024-12-05 15:37:00-05:00,309.7550048828125,309.7799987792969,309.6944885253906,309.7099914550781,6964,0.0,0.0
2024-12-05 15:38:00-05:00,309.7149963378906,309.8299865722656,309.69000244140625,309.80999755859375,11210,0.0,0.0
2024-12-05 15:39:00-05:00,309.80999755859375,309.8800048828125,309.7699890136719,309.8599853515625,9516,0.0,0.0
2024-12-05 15:40:00-05:00,309.8599853515625,309.92999267578125,309.80999755859375,309.8999938964844,8746,0.0,0.0
2024-12-05 15:41:00-05:00,309.8739929199219,310.010009765625,309.8699951171875,309.9750061035156,16683,0.0,0.0
2024-12-05 15:42:00-05:00,309.9200134277344,310.08599853515625,309.9200134277344,309.9700012207031,9863,0.0,0.0
2024-12-05 15:43:00-05:00,309.95001220703125,310.0,309.80999755859375,309.80999755859375,18109,0.0,0.0
2024-12-05 15:44:00-05:00,309.80999755859375,309.8999938964844,309.7900085449219,309.8349914550781,13796,0.0,0.0
2024-12-05 15:45:00-05:00,309.8349914550781,309.8900146484375,309.82000732421875,309.82000732421875,7666,0.0,0.0
2024-12-05 15:46:00-05:00,309.8039855957031,309.8900146484375,309.75,309.7900085449219,13379,0.0,0.0
2024-12-05 15:47:00-05:00,309.7900085449219,309.82000732421875,309.7349853515625,309.7900085449219,8616,0.0,0.0
2024-12-05 15:48:00-05:00,309.7799987792969,309.8399963378906,309.6600036621094,309.82000732421875,16425,0.0,0.0
2024-12-05 15:49:00-05:00,309.82000732421875,309.92498779296875,309.7900085449219,309.8500061035156,13642,0.0,0.0
2024-12-05 15:50:00-05:00,309.75,309.75,309.510009765625,309.55499267578125,18655,0.0,0.0
2024-12-05 15:51:00-05:00,309.55499267578125,309.625,309.5299987792969,309.57000732421875,10644,0.0,0.0
2024-12-05 15:52:00-05:00,309.6099853515625,309.69500732421875,309.5199890136719,309.5199890136719,18924,0.0,0.0
2024-12-05 15:53:00-05:00,309.5199890136719,309.5899963378906,309.44500732421875,309.5,15957,0.0,0.0
2024-12-05 15:54:00-05:00,309.4599914550781,309.5400085449219,309.4100036621094,309.489990234375,27998,0.0,0.0
2024-12-05 15:55:00-05:00,309.42999267578125,309.54998779296875,309.2349853515625,309.2349853515625,35418,0.0,0.0
2024-12-05 15:56:00-05:00,309.2799987792969,309.44000244140625,309.25,309.30999755859375,33551,0.0,0.0
2024-12-05 15:57:00-05:00,309.30999755859375,309.3299865722656,309.04998779296875,309.0799865722656,46684,0.0,0.0
2024-12-05 15:58:00-05:00,309.07000732421875,309.1700134277344,309.0199890136719,309.05999755859375,79172,0.0,0.0
2024-12-05 15:59:00-05:00,309.07000732421875,309.19000244140625,308.9200134277344,309.1499938964844,135338,0.0,0.0
2024-12-05 16:00:00-05:00,309.08,309.08,309.08,309.08,1254183,0.0,0.0
2024-12-05 16:01:00-05:00,309.08,309.08,309.08,309.08,0,0.0,0.0
2024-12-05 16:02:00-05:00,309.08,309.15,309.08,309.08,0,0.0,0.0
2024-12-05 16:04:00-05:00,308.8612,309.08,308.8612,309.08,0,0.0,0.0
2024-12-05 16:05:00-05:00,309.08,309.08,308.86,309.08,0,0.0,0.0
2024-12-05 16:08:00-05:00,309.14,309.14,309.14,309.14,0,0.0,0.0
2024-12-05 16:09:00-05:00,309.1,309.1,309.08,309.1,0,0.0,0.0
2024-12-05 16:11:00-05:00,309.01,309.01,309.0,309.01,0,0.0,0.0
2024-12-05 16:14:00-05:00,309.01,309.01,309.0,309.0,0,0.0,0.0
2024-12-05 16:15:00-05:00,309.08,309.15,308.94,308.94,0,0.0,0.0
2024-12-05 16:16:00-05:00,309.15,309.15,309.15,309.15,0,0.0,0.0
2024-12-05 16:19:00-05:00,309.0,309.0,308.95,308.95,0,0.0,0.0
2024-12-05 16:20:00-05:00,308.95,308.95,308.95,308.95,0,0.0,0.0
2024-12-05 16:25:00-05:00,308.99,308.99,308.99,308.99,0,0.0,0.0
2024-12-05 16:26:00-05:00,308.99,308.99,308.96,308.96,0,0.0,0.0
2024-12-05 16:28:00-05:00,308.99,308.99,308.99,308.99,0,0.0,0.0
2024-12-05 16:29:00-05:00,308.99,308.99,308.99,308.99,0,0.0,0.0
2024-12-05 16:30:00-05:00,309.2987,309.2987,309.2987,309.2987,0,0.0,0.0
2024-12-05 16:31:00-05:00,308.97,308.97,308.97,308.97,0,0.0,0.0
2024-12-05 16:34:00-05:00,308.99,309.1,308.99,309.1,0,0.0,0.0
2024-12-05 16:37:00-05:00,309.1157,309.1157,309.1157,309.1157,0,0.0,0.0
2024-12-05 16:40:00-05:00,309.08,309.08,309.08,309.08,0,0.0,0.0
2024-12-05 16:41:00-05:00,309.1157,309.12,309.1157,309.12,0,0.0,0.0
2024-12-05 16:42:00-05:00,309.08,309.08,309.08,309.08,0,0.0,0.0
2024-12-05 16:44:00-05:00,309.08,309.08,309.08,309.08,0,0.0,0.0
2024-12-05 16:53:00-05:00,309.26,309.61,309.26,309.61,0,0.0,0.0
2024-12-05 16:54:00-05:00,309.54,309.54,309.08,309.08,0,0.0,0.0
2024-12-05 16:55:00-05:00,309.5,309.5,309.5,309.5,0,0.0,0.0
2024-12-05 16:57:00-05:00,309.29,309.29,309.29,309.29,0,0.0,0.0
2024-12-05 17:00:00-05:00,309.29,309.29,309.29,309.29,0,0.0,0.0
2024-12-05 17:01:00-05:00,309.2801,309.2801,309.2801,309.2801,0,0.0,0.0
2024-12-05 17:09:00-05:00,309.2855,309.4945,309.2855,309.4945,0,0.0,0.0
2024-12-05 17:10:00-05:00,309.5,309.5,309.5,309.5,0,0.0,0.0
2024-12-05 17:11:00-05:00,309.5,309.5,309.5,309.5,0,0.0,0.0
2024-12-05 17:12:00-05:00,309.29,309.29,309.28,309.28,0,0.0,0.0
2024-12-05 17:13:00-05:00,309.5,309.5,309.08,309.29,0,0.0,0.0
2024-12-05 17:14:00-05:00,309.29,309.29,309.29,309.29,0,0.0,0.0
2024-12-05 17:18:00-05:00,309.28,309.3,309.28,309.3,0,0.0,0.0
2024-12-05 17:20:00-05:00,309.5,309.5,309.5,309.5,0,0.0,0.0
2024-12-05 17:21:00-05:00,309.49,309.5,309.49,309.4999,0,0.0,0.0
2024-12-05 17:22:00-05:00,309.5,309.5,309.5,309.5,0,0.0,0.0
2024-12-05 17:23:00-05:00,309.5,309.5,309.5,309.5,0,0.0,0.0
2024-12-05 17:25:00-05:00,309.5,309.5,309.5,309.5,0,0.0,0.0
2024-12-05 17:29:00-05:00,309.31,309.31,309.31,309.31,0,0.0,0.0
2024-12-05 17:39:00-05:00,309.5,309.5,309.5,309.5,0,0.0,0.0
2024-12-05 17:41:00-05:00,309.5,309.5,309.5,309.5,0,0.0,0.0
2024-12-05 17:42:00-05:00,309.4895,309.4895,309.4895,309.4895,0,0.0,0.0
2024-12-05 17:43:00-05:00,309.49,309.49,309.49,309.49,0,0.0,0.0
2024-12-05 17:45:00-05:00,309.08,309.08,309.08,309.08,0,0.0,0.0
2024-12-05 17:47:00-05:00,309.28,309.28,309.08,309.08,0,0.0,0.0
2024-12-05 17:50:00-05:00,309.09,309.09,309.09,309.09,0,0.0,0.0
2024-12-05 17:53:00-05:00,309.09,309.09,309.09,309.09,0,0.0,0.0
2024-12-05 17:54:00-05:00,309.5,309.5,309.5,309.5,0,0.0,0.0
2024-12-05 17:55:00-05:00,309.08,309.49,309.08,309.49,0,0.0,0.0
2024-12-05 18:00:00-05:00,309.49,309.49,309.49,309.49,0,0.0,0.0
2024-12-05 18:04:00-05:00,309.3,309.3,309.3,309.3,0,0.0,0.0
2024-12-05 18:12:00-05:00,309.36,309.5,309.36,309.5,0,0.0,0.0
2024-12-05 18:13:00-05:00,309.4999,309.4999,309.4999,309.4999,0,0.0,0.0
2024-12-05 18:16:00-05:00,309.4988,309.4988,309.4988,309.4988,0,0.0,0.0
2024-12-05 18:18:00-05:00,309.08,309.08,309.08,309.08,0,0.0,0.0
2024-12-05 18:24:00-05:00,309.4812,309.4812,309.4812,309.4812,0,0.0,0.0
2024-12-05 18:26:00-05:00,309.08,309.08,309.08,309.08,0,0.0,0.0
2024-12-05 18:28:00-05:00,308.75,308.75,308.75,308.75,0,0.0,0.0
2024-12-05 18:40:00-05:00,309.09,309.09,309.09,309.09,0,0.0,0.0
2024-12-05 18:45:00-05:00,309.48,309.48,309.48,309.48,0,0.0,0.0
2024-12-05 18:53:00-05:00,309.11,309.11,309.11,309.11,0,0.0,0.0
2024-12-05 19:00:00-05:00,308.7882,308.7882,308.7882,308.7882,0,0.0,0.0
2024-12-05 19:05:00-05:00,309.5,309.5,309.5,309.5,0,0.0,0.0
2024-12-05 19:07:00-05:00,309.14,309.14,309.07,309.07,0,0.0,0.0
2024-12-05 19:08:00-05:00,309.0788,309.0788,309.0788,309.0788,0,0.0,0.0
2024-12-05 19:14:00-05:00,309.08,309.08,309.08,309.08,0,0.0,0.0
2024-12-05 19:15:00-05:00,308.7512,309.0717,308.7512,309.0717,0,0.0,0.0
2024-12-05 19:19:00-05:00,309.08,309.08,309.08,309.08,0,0.0,0.0
2024-12-05 19:22:00-05:00,309.0799,309.0799,309.0799,309.0799,0,0.0,0.0
2024-12-05 19:23:00-05:00,309.07,309.07,309.07,309.07,0,0.0,0.0
2024-12-05 19:24:00-05:00,309.0799,309.08,309.0799,309.08,0,0.0,0.0
2024-12-05 19:28:00-05:00,309.07,309.08,309.07,309.08,0,0.0,0.0
2024-12-05 19:33:00-05:00,309.0,309.0,309.0,309.0,0,0.0,0.0
2024-12-05 19:38:00-05:00,308.75,308.75,308.75,308.75,0,0.0,0.0
2024-12-05 19:43:00-05:00,309.0799,309.0799,309.0799,309.0799,0,0.0,0.0
2024-12-05 19:44:00-05:00,309.0799,309.0799,309.0799,309.0799,0,0.0,0.0
2024-12-05 19:52:00-05:00,309.07,309.08,309.07,309.08,0,0.0,0.0
2024-12-05 19:56:00-05:00,309.5,309.5,309.5,309.5,0,0.0,0.0
2024-12-05 20:00:00-05:00,309.5,309.5,309.5,309.5,0,0.0,0.0
