time,Open,High,Low,Close,Volume,Dividends,Stock Splits
2024-12-09 04:00:00-05:00,311.83,311.98,311.83,311.83,0,0.0,0.0
2024-12-09 04:01:00-05:00,311.62,312.0,311.62,312.0,0,0.0,0.0
2024-12-09 04:02:00-05:00,311.83,311.83,310.7,310.7,0,0.0,0.0
2024-12-09 04:03:00-05:00,311.71,311.71,311.71,311.71,0,0.0,0.0
2024-12-09 04:04:00-05:00,312.06,312.06,312.06,312.06,0,0.0,0.0
2024-12-09 04:07:00-05:00,311.91,311.91,311.71,311.71,0,0.0,0.0
2024-12-09 04:09:00-05:00,310.65,310.65,310.65,310.65,0,0.0,0.0
2024-12-09 04:11:00-05:00,310.79,310.79,310.79,310.79,0,0.0,0.0
2024-12-09 04:12:00-05:00,310.79,310.79,310.79,310.79,0,0.0,0.0
2024-12-09 04:13:00-05:00,311.12,311.12,311.12,311.12,0,0.0,0.0
2024-12-09 04:14:00-05:00,311.13,311.26,311.13,311.26,0,0.0,0.0
2024-12-09 04:15:00-05:00,311.55,311.55,311.55,311.55,0,0.0,0.0
2024-12-09 04:18:00-05:00,311.55,311.55,311.55,311.55,0,0.0,0.0
2024-12-09 04:22:00-05:00,311.55,311.55,311.55,311.55,0,0.0,0.0
2024-12-09 04:25:00-05:00,311.26,311.26,311.26,311.26,0,0.0,0.0
2024-12-09 04:26:00-05:00,311.56,311.56,311.56,311.56,0,0.0,0.0
2024-12-09 04:27:00-05:00,311.55,311.55,311.55,311.55,0,0.0,0.0
2024-12-09 04:30:00-05:00,311.54,311.54,311.54,311.54,0,0.0,0.0
2024-12-09 04:33:00-05:00,311.54,311.54,311.54,311.54,0,0.0,0.0
2024-12-09 04:36:00-05:00,311.54,311.54,311.54,311.54,0,0.0,0.0
2024-12-09 04:37:00-05:00,311.52,311.52,311.52,311.52,0,0.0,0.0
2024-12-09 04:38:00-05:00,311.26,311.26,311.26,311.26,0,0.0,0.0
2024-12-09 04:40:00-05:00,311.48,311.48,311.48,311.48,0,0.0,0.0
2024-12-09 04:47:00-05:00,311.25,311.25,311.25,311.25,0,0.0,0.0
2024-12-09 04:51:00-05:00,311.25,311.33,311.25,311.33,0,0.0,0.0
2024-12-09 04:53:00-05:00,311.49,311.49,311.49,311.49,0,0.0,0.0
2024-12-09 04:54:00-05:00,311.12,311.12,311.12,311.12,0,0.0,0.0
2024-12-09 04:59:00-05:00,311.12,311.12,311.12,311.12,0,0.0,0.0
2024-12-09 05:01:00-05:00,311.12,311.12,311.12,311.12,0,0.0,0.0
2024-12-09 05:02:00-05:00,311.14,311.14,311.14,311.14,0,0.0,0.0
2024-12-09 05:03:00-05:00,311.14,311.14,311.14,311.14,0,0.0,0.0
2024-12-09 05:08:00-05:00,311.25,311.25,311.25,311.25,0,0.0,0.0
2024-12-09 05:09:00-05:00,311.3,311.34,311.3,311.34,0,0.0,0.0
2024-12-09 05:12:00-05:00,311.2,311.2,311.2,311.2,0,0.0,0.0
2024-12-09 05:17:00-05:00,311.28,311.28,311.16,311.16,0,0.0,0.0
2024-12-09 05:18:00-05:00,311.14,311.15,311.14,311.15,0,0.0,0.0
2024-12-09 05:22:00-05:00,311.28,311.28,311.28,311.28,0,0.0,0.0
2024-12-09 05:24:00-05:00,311.1,311.1,311.1,311.1,0,0.0,0.0
2024-12-09 05:25:00-05:00,311.13,311.13,310.94,310.94,0,0.0,0.0
2024-12-09 05:29:00-05:00,310.9,311.0,310.9,311.0,0,0.0,0.0
2024-12-09 05:30:00-05:00,310.89,311.04,310.67,311.04,0,0.0,0.0
2024-12-09 05:33:00-05:00,311.08,311.08,311.02,311.02,0,0.0,0.0
2024-12-09 05:34:00-05:00,311.02,311.02,311.02,311.02,0,0.0,0.0
2024-12-09 05:35:00-05:00,310.91,310.91,310.91,310.91,0,0.0,0.0
2024-12-09 05:37:00-05:00,310.96,311.22,310.96,311.22,0,0.0,0.0
2024-12-09 05:39:00-05:00,310.95,310.95,310.95,310.95,0,0.0,0.0
2024-12-09 05:42:00-05:00,310.94,310.94,310.94,310.94,0,0.0,0.0
2024-12-09 05:49:00-05:00,310.94,310.94,310.94,310.94,0,0.0,0.0
2024-12-09 05:50:00-05:00,310.95,310.96,310.95,310.96,0,0.0,0.0
2024-12-09 05:56:00-05:00,310.95,310.95,310.76,310.76,0,0.0,0.0
2024-12-09 06:00:00-05:00,310.76,310.76,310.76,310.76,0,0.0,0.0
2024-12-09 06:04:00-05:00,310.8,310.8,310.8,310.8,0,0.0,0.0
2024-12-09 06:07:00-05:00,310.9,310.9,310.9,310.9,0,0.0,0.0
2024-12-09 06:08:00-05:00,310.94,312.06,310.9,312.06,0,0.0,0.0
2024-12-09 06:09:00-05:00,312.01,312.3,312.0,312.03,0,0.0,0.0
2024-12-09 06:10:00-05:00,312.0,312.0,312.0,312.0,0,0.0,0.0
2024-12-09 06:17:00-05:00,312.01,312.01,312.01,312.01,0,0.0,0.0
2024-12-09 06:19:00-05:00,312.01,312.01,312.01,312.01,0,0.0,0.0
2024-12-09 06:20:00-05:00,312.02,312.02,312.0,312.0,0,0.0,0.0
2024-12-09 06:25:00-05:00,312.0,312.0,312.0,312.0,0,0.0,0.0
2024-12-09 06:29:00-05:00,312.17,312.18,312.17,312.18,0,0.0,0.0
2024-12-09 06:30:00-05:00,312.0,312.0,312.0,312.0,0,0.0,0.0
2024-12-09 06:31:00-05:00,312.0,312.0,312.0,312.0,0,0.0,0.0
2024-12-09 06:32:00-05:00,312.0,312.0,312.0,312.0,0,0.0,0.0
2024-12-09 06:38:00-05:00,312.02,312.02,312.02,312.02,0,0.0,0.0
2024-12-09 06:39:00-05:00,312.01,312.01,312.0,312.0,0,0.0,0.0
2024-12-09 06:40:00-05:00,312.0,312.0,312.0,312.0,0,0.0,0.0
2024-12-09 06:43:00-05:00,312.0,312.0,312.0,312.0,0,0.0,0.0
2024-12-09 06:47:00-05:00,312.13,312.13,312.12,312.12,0,0.0,0.0
2024-12-09 06:49:00-05:00,312.12,312.12,312.12,312.12,0,0.0,0.0
2024-12-09 06:50:00-05:00,312.12,312.16,312.11,312.11,0,0.0,0.0
2024-12-09 06:51:00-05:00,312.13,312.13,312.0,312.12,0,0.0,0.0
2024-12-09 06:56:00-05:00,312.13,312.13,312.0,312.0,0,0.0,0.0
2024-12-09 06:57:00-05:00,312.01,312.1,312.0,312.1,0,0.0,0.0
2024-12-09 06:59:00-05:00,312.11,312.11,312.0,312.0,0,0.0,0.0
2024-12-09 07:00:00-05:00,312.0,312.11,312.0,312.0,0,0.0,0.0
2024-12-09 07:01:00-05:00,312.0,312.0,312.0,312.0,0,0.0,0.0
2024-12-09 07:04:00-05:00,312.0,312.0,312.0,312.0,0,0.0,0.0
2024-12-09 07:06:00-05:00,312.0,312.0,312.0,312.0,0,0.0,0.0
2024-12-09 07:11:00-05:00,312.03,312.03,312.03,312.03,0,0.0,0.0
2024-12-09 07:12:00-05:00,312.0,312.03,312.0,312.02,0,0.0,0.0
2024-12-09 07:13:00-05:00,312.01,312.01,312.0,312.0,0,0.0,0.0
2024-12-09 07:18:00-05:00,312.0,312.01,312.0,312.0,0,0.0,0.0
2024-12-09 07:19:00-05:00,312.0,312.0,312.0,312.0,0,0.0,0.0
2024-12-09 07:21:00-05:00,312.0,312.0,312.0,312.0,0,0.0,0.0
2024-12-09 07:26:00-05:00,312.01,312.01,312.01,312.01,0,0.0,0.0
2024-12-09 07:33:00-05:00,312.01,312.01,312.01,312.01,0,0.0,0.0
2024-12-09 07:40:00-05:00,312.02,312.02,312.02,312.02,0,0.0,0.0
2024-12-09 07:43:00-05:00,312.07,312.07,312.0,312.05,0,0.0,0.0
2024-12-09 07:46:00-05:00,312.05,312.05,312.05,312.05,0,0.0,0.0
2024-12-09 07:49:00-05:00,312.05,312.05,312.05,312.05,0,0.0,0.0
2024-12-09 07:50:00-05:00,312.04,312.04,312.04,312.04,0,0.0,0.0
2024-12-09 07:52:00-05:00,312.05,312.05,312.05,312.05,0,0.0,0.0
2024-12-09 07:53:00-05:00,312.05,312.08,312.05,312.08,0,0.0,0.0
2024-12-09 07:54:00-05:00,312.07,312.07,312.04,312.04,0,0.0,0.0
2024-12-09 07:55:00-05:00,312.06,312.06,312.06,312.06,0,0.0,0.0
2024-12-09 07:58:00-05:00,312.09,312.09,312.09,312.09,0,0.0,0.0
2024-12-09 07:59:00-05:00,312.09,312.12,312.09,312.12,0,0.0,0.0
2024-12-09 08:00:00-05:00,311.83,314.1988,308.0012,312.12,0,0.0,0.0
2024-12-09 08:01:00-05:00,312.08,312.2114,310.6,312.0286,0,0.0,0.0
2024-12-09 08:03:00-05:00,312.0,312.09,312.0,312.09,0,0.0,0.0
2024-12-09 08:04:00-05:00,312.09,312.09,312.09,312.09,0,0.0,0.0
2024-12-09 08:05:00-05:00,311.01,312.11,311.01,312.1,0,0.0,0.0
2024-12-09 08:06:00-05:00,312.11,312.11,312.11,312.11,0,0.0,0.0
2024-12-09 08:08:00-05:00,312.11,312.11,312.11,312.11,0,0.0,0.0
2024-12-09 08:09:00-05:00,312.12,312.12,312.12,312.12,0,0.0,0.0
2024-12-09 08:10:00-05:00,312.1,312.1001,312.1,312.1,0,0.0,0.0
2024-12-09 08:11:00-05:00,312.29,312.29,311.8,312.0,0,0.0,0.0
2024-12-09 08:12:00-05:00,312.0001,312.1,312.0001,312.1,0,0.0,0.0
2024-12-09 08:13:00-05:00,312.0834,312.0834,312.0175,312.0175,0,0.0,0.0
2024-12-09 08:15:00-05:00,312.14,312.16,310.233,312.16,0,0.0,0.0
2024-12-09 08:16:00-05:00,312.0,312.0,312.0,312.0,0,0.0,0.0
2024-12-09 08:17:00-05:00,312.01,312.01,311.65,311.67,0,0.0,0.0
2024-12-09 08:18:00-05:00,311.68,311.68,311.68,311.68,0,0.0,0.0
2024-12-09 08:19:00-05:00,311.65,311.67,311.65,311.67,0,0.0,0.0
2024-12-09 08:22:00-05:00,311.64,312.0,311.64,311.89,0,0.0,0.0
2024-12-09 08:23:00-05:00,311.68,311.68,311.68,311.68,0,0.0,0.0
2024-12-09 08:24:00-05:00,311.84,311.89,311.84,311.84,0,0.0,0.0
2024-12-09 08:26:00-05:00,311.88,311.88,311.88,311.88,0,0.0,0.0
2024-12-09 08:27:00-05:00,311.52,311.52,311.52,311.52,0,0.0,0.0
2024-12-09 08:28:00-05:00,311.57,311.57,311.57,311.57,0,0.0,0.0
2024-12-09 08:30:00-05:00,311.58,311.58,311.58,311.58,0,0.0,0.0
2024-12-09 08:31:00-05:00,311.8,312.0,311.8,312.0,0,0.0,0.0
2024-12-09 08:32:00-05:00,311.8,311.8,311.8,311.8,0,0.0,0.0
2024-12-09 08:33:00-05:00,311.57,311.57,311.45,311.45,0,0.0,0.0
2024-12-09 08:34:00-05:00,311.47,311.47,311.04,311.1,0,0.0,0.0
2024-12-09 08:35:00-05:00,311.1,311.6,311.04,311.43,0,0.0,0.0
2024-12-09 08:36:00-05:00,311.43,311.6,311.43,311.6,0,0.0,0.0
2024-12-09 08:37:00-05:00,311.13,311.41,311.13,311.29,0,0.0,0.0
2024-12-09 08:39:00-05:00,311.41,311.42,311.41,311.42,0,0.0,0.0
2024-12-09 08:41:00-05:00,311.45,311.45,311.29,311.29,0,0.0,0.0
2024-12-09 08:43:00-05:00,311.49,311.49,311.45,311.45,0,0.0,0.0
2024-12-09 08:45:00-05:00,311.59,311.59,311.59,311.59,0,0.0,0.0
2024-12-09 08:48:00-05:00,311.45,311.57,311.45,311.57,0,0.0,0.0
2024-12-09 08:49:00-05:00,311.57,311.57,311.57,311.57,0,0.0,0.0
2024-12-09 08:51:00-05:00,311.49,311.49,311.49,311.49,0,0.0,0.0
2024-12-09 08:53:00-05:00,311.49,311.49,311.48,311.48,0,0.0,0.0
2024-12-09 08:54:00-05:00,311.29,311.45,311.2,311.2,0,0.0,0.0
2024-12-09 08:56:00-05:00,311.41,311.41,311.41,311.41,0,0.0,0.0
2024-12-09 08:57:00-05:00,311.4,311.4,311.4,311.4,0,0.0,0.0
2024-12-09 08:59:00-05:00,311.9755,311.9755,311.1329,311.1329,0,0.0,0.0
2024-12-09 09:00:00-05:00,311.8595,311.8595,311.8595,311.8595,0,0.0,0.0
2024-12-09 09:03:00-05:00,312.0,312.0,311.4,311.4,0,0.0,0.0
2024-12-09 09:04:00-05:00,311.18,311.2,311.16,311.19,0,0.0,0.0
2024-12-09 09:05:00-05:00,311.27,311.27,311.02,311.21,0,0.0,0.0
2024-12-09 09:06:00-05:00,311.38,311.38,311.37,311.37,0,0.0,0.0
2024-12-09 09:07:00-05:00,311.35,311.61,311.34,311.51,0,0.0,0.0
2024-12-09 09:08:00-05:00,311.61,311.66,311.6,311.61,0,0.0,0.0
2024-12-09 09:09:00-05:00,312.0,312.0,312.0,312.0,0,0.0,0.0
2024-12-09 09:11:00-05:00,311.6,311.6,311.52,311.52,0,0.0,0.0
2024-12-09 09:12:00-05:00,312.0,312.0,312.0,312.0,0,0.0,0.0
2024-12-09 09:14:00-05:00,311.5125,311.61,311.5125,311.61,0,0.0,0.0
2024-12-09 09:30:00-05:00,311.8299865722656,312.4700012207031,311.75,312.20001220703125,178420,0.0,0.0
2024-12-09 09:31:00-05:00,312.2650146484375,312.2650146484375,311.92999267578125,312.1181945800781,18465,0.0,0.0
2024-12-09 09:32:00-05:00,312.0899963378906,312.1499938964844,311.6600036621094,312.1499938964844,19645,0.0,0.0
2024-12-09 09:33:00-05:00,312.0950012207031,312.70001220703125,312.0950012207031,312.635009765625,7311,0.0,0.0
2024-12-09 09:34:00-05:00,312.6199951171875,312.8500061035156,312.6199951171875,312.739990234375,7653,0.0,0.0
2024-12-09 09:35:00-05:00,312.739990234375,312.739990234375,312.3999938964844,312.6163024902344,11591,0.0,0.0
2024-12-09 09:36:00-05:00,312.45001220703125,312.79998779296875,312.45001220703125,312.760009765625,13699,0.0,0.0
2024-12-09 09:37:00-05:00,312.6700134277344,313.010009765625,312.6700134277344,312.8999938964844,13831,0.0,0.0
2024-12-09 09:38:00-05:00,312.9150085449219,312.93499755859375,312.597900390625,312.8399963378906,13564,0.0,0.0
2024-12-09 09:39:00-05:00,312.760009765625,312.760009765625,312.2200012207031,312.2200012207031,8724,0.0,0.0
2024-12-09 09:40:00-05:00,312.2900085449219,312.67999267578125,312.2300109863281,312.4200134277344,10534,0.0,0.0
2024-12-09 09:41:00-05:00,312.42498779296875,312.54998779296875,311.8500061035156,311.8500061035156,10071,0.0,0.0
2024-12-09 09:42:00-05:00,311.8999938964844,312.0,311.739990234375,311.739990234375,9581,0.0,0.0
2024-12-09 09:43:00-05:00,311.82000732421875,311.9800109863281,311.80499267578125,311.9540100097656,7191,0.0,0.0
2024-12-09 09:44:00-05:00,311.8949890136719,312.0899963378906,311.80999755859375,311.8550109863281,25682,0.0,0.0
2024-12-09 09:45:00-05:00,311.7300109863281,311.9700012207031,311.6600036621094,311.7349853515625,12873,0.0,0.0
2024-12-09 09:46:00-05:00,311.739990234375,311.74249267578125,311.57000732421875,311.6199951171875,25466,0.0,0.0
2024-12-09 09:47:00-05:00,311.5950012207031,311.9100036621094,311.57000732421875,311.9100036621094,38622,0.0,0.0
2024-12-09 09:48:00-05:00,311.7799987792969,311.8500061035156,311.6199951171875,311.6199951171875,9263,0.0,0.0
2024-12-09 09:49:00-05:00,311.7200012207031,311.7550048828125,311.5899963378906,311.7550048828125,20171,0.0,0.0
2024-12-09 09:50:00-05:00,311.7550048828125,311.8399963378906,311.67999267578125,311.67999267578125,13308,0.0,0.0
2024-12-09 09:51:00-05:00,311.75,311.81298828125,311.5,311.5,16633,0.0,0.0
2024-12-09 09:52:00-05:00,311.5,311.5,311.32000732421875,311.3999938964844,9043,0.0,0.0
2024-12-09 09:53:00-05:00,311.3900146484375,311.5,311.3599853515625,311.4649963378906,5001,0.0,0.0
2024-12-09 09:54:00-05:00,311.4649963378906,311.4649963378906,311.1099853515625,311.1199951171875,10367,0.0,0.0
2024-12-09 09:55:00-05:00,311.2449951171875,311.4100036621094,311.2099914550781,311.3599853515625,6665,0.0,0.0
2024-12-09 09:56:00-05:00,311.3599853515625,311.54290771484375,311.3599853515625,311.5,7357,0.0,0.0
2024-12-09 09:57:00-05:00,311.4849853515625,311.67498779296875,311.4849853515625,311.6650085449219,5669,0.0,0.0
2024-12-09 09:58:00-05:00,311.6300048828125,311.760009765625,311.5799865722656,311.75,8269,0.0,0.0
2024-12-09 09:59:00-05:00,311.79998779296875,311.90899658203125,311.5899963378906,311.6700134277344,14864,0.0,0.0
2024-12-09 10:00:00-05:00,311.6700134277344,311.75,311.44140625,311.5299987792969,11587,0.0,0.0
2024-12-09 10:01:00-05:00,311.5610046386719,311.6400146484375,311.4800109863281,311.5899963378906,14225,0.0,0.0
2024-12-09 10:02:00-05:00,311.5450134277344,311.55999755859375,311.3500061035156,311.3599853515625,6460,0.0,0.0
2024-12-09 10:03:00-05:00,311.4700012207031,311.4750061035156,311.1099853515625,311.2300109863281,7736,0.0,0.0
2024-12-09 10:04:00-05:00,311.20001220703125,311.26971435546875,311.01959228515625,311.0849914550781,8737,0.0,0.0
2024-12-09 10:05:00-05:00,311.010009765625,311.1099853515625,310.9700012207031,311.0799865722656,10214,0.0,0.0
2024-12-09 10:06:00-05:00,311.1000061035156,311.1000061035156,311.0199890136719,311.0199890136719,5118,0.0,0.0
2024-12-09 10:07:00-05:00,311.0199890136719,311.0199890136719,310.6300048828125,310.8699951171875,14039,0.0,0.0
2024-12-09 10:08:00-05:00,310.8800048828125,310.94000244140625,310.7099914550781,310.739990234375,7895,0.0,0.0
2024-12-09 10:09:00-05:00,310.739990234375,310.76409912109375,310.6400146484375,310.67999267578125,5570,0.0,0.0
2024-12-09 10:10:00-05:00,310.6700134277344,311.0199890136719,310.6600036621094,310.8500061035156,10497,0.0,0.0
2024-12-09 10:11:00-05:00,310.7673034667969,310.79998779296875,310.5,310.5799865722656,17105,0.0,0.0
2024-12-09 10:12:00-05:00,310.4800109863281,310.5350036621094,310.43499755859375,310.44000244140625,8064,0.0,0.0
2024-12-09 10:13:00-05:00,310.44000244140625,310.94000244140625,310.44000244140625,310.87969970703125,16479,0.0,0.0
2024-12-09 10:14:00-05:00,310.760009765625,310.7904968261719,310.42999267578125,310.42999267578125,7587,0.0,0.0
2024-12-09 10:15:00-05:00,310.42999267578125,310.4700012207031,310.2200012207031,310.25,4851,0.0,0.0
2024-12-09 10:16:00-05:00,310.25,310.3599853515625,310.25,310.32000732421875,4005,0.0,0.0
2024-12-09 10:17:00-05:00,310.3399963378906,310.3399963378906,310.1099853515625,310.2099914550781,11394,0.0,0.0
2024-12-09 10:18:00-05:00,310.2901916503906,310.3299865722656,310.1807861328125,310.2099914550781,4725,0.0,0.0
2024-12-09 10:19:00-05:00,310.17999267578125,310.20001220703125,310.010009765625,310.010009765625,7091,0.0,0.0
2024-12-09 10:20:00-05:00,310.0249938964844,310.0249938964844,309.82000732421875,309.8999938964844,13239,0.0,0.0
2024-12-09 10:21:00-05:00,309.9150085449219,310.04998779296875,309.8599853515625,309.8952941894531,5800,0.0,0.0
2024-12-09 10:22:00-05:00,309.760009765625,309.8800048828125,309.760009765625,309.81500244140625,5985,0.0,0.0
2024-12-09 10:23:00-05:00,309.7799987792969,309.94000244140625,309.760009765625,309.8999938964844,6810,0.0,0.0
2024-12-09 10:24:00-05:00,309.9049987792969,309.9049987792969,309.80999755859375,309.8500061035156,4691,0.0,0.0
2024-12-09 10:25:00-05:00,309.8900146484375,309.8900146484375,309.7699890136719,309.8500061035156,6574,0.0,0.0
2024-12-09 10:26:00-05:00,309.7699890136719,309.9284973144531,309.75,309.7699890136719,12759,0.0,0.0
2024-12-09 10:27:00-05:00,309.82000732421875,309.92999267578125,309.70001220703125,309.9100036621094,20464,0.0,0.0
2024-12-09 10:28:00-05:00,309.8699951171875,309.9150085449219,309.7900085449219,309.80499267578125,2755,0.0,0.0
2024-12-09 10:29:00-05:00,309.81500244140625,309.8999938964844,309.760009765625,309.8800048828125,5816,0.0,0.0
2024-12-09 10:30:00-05:00,309.8900146484375,309.989990234375,309.79998779296875,309.8699951171875,5536,0.0,0.0
2024-12-09 10:31:00-05:00,309.8800048828125,310.0849914550781,309.8500061035156,310.0849914550781,7549,0.0,0.0
2024-12-09 10:32:00-05:00,310.1700134277344,310.1700134277344,310.1000061035156,310.1000061035156,1878,0.0,0.0
2024-12-09 10:33:00-05:00,310.17498779296875,310.2699890136719,310.05499267578125,310.1474914550781,12052,0.0,0.0
2024-12-09 10:34:00-05:00,310.2200012207031,310.2799987792969,310.1199951171875,310.1499938964844,9598,0.0,0.0
2024-12-09 10:35:00-05:00,310.1700134277344,310.2099914550781,310.1199951171875,310.1600036621094,3617,0.0,0.0
2024-12-09 10:36:00-05:00,310.1400146484375,310.29998779296875,310.1400146484375,310.239990234375,11910,0.0,0.0
2024-12-09 10:37:00-05:00,310.239990234375,310.30999755859375,310.1499938964844,310.29998779296875,9900,0.0,0.0
2024-12-09 10:38:00-05:00,310.30999755859375,310.4800109863281,310.2900085449219,310.3949890136719,6226,0.0,0.0
2024-12-09 10:39:00-05:00,310.3949890136719,310.5849914550781,310.3399963378906,310.4800109863281,9177,0.0,0.0
2024-12-09 10:40:00-05:00,310.42498779296875,310.5450134277344,310.3299865722656,310.3299865722656,15553,0.0,0.0
2024-12-09 10:41:00-05:00,310.3399963378906,310.4599914550781,310.3299865722656,310.4599914550781,11127,0.0,0.0
2024-12-09 10:42:00-05:00,310.3599853515625,310.4100036621094,310.260009765625,310.2699890136719,7143,0.0,0.0
2024-12-09 10:43:00-05:00,310.260009765625,310.32000732421875,310.1099853515625,310.1199951171875,19857,0.0,0.0
2024-12-09 10:44:00-05:00,310.1099853515625,310.2200012207031,310.0199890136719,310.05999755859375,19116,0.0,0.0
2024-12-09 10:45:00-05:00,310.0799865722656,310.2300109863281,309.94500732421875,309.9700012207031,12980,0.0,0.0
2024-12-09 10:46:00-05:00,310.04998779296875,310.1099853515625,309.9599914550781,309.989990234375,13589,0.0,0.0
2024-12-09 10:47:00-05:00,309.94000244140625,309.989990234375,309.760009765625,309.8450012207031,5568,0.0,0.0
2024-12-09 10:48:00-05:00,309.760009765625,309.9949951171875,309.760009765625,309.95001220703125,8867,0.0,0.0
2024-12-09 10:49:00-05:00,309.8699951171875,310.0799865722656,309.75,310.0799865722656,9553,0.0,0.0
2024-12-09 10:50:00-05:00,310.0400085449219,310.1499938964844,309.989990234375,310.1499938964844,5060,0.0,0.0
2024-12-09 10:51:00-05:00,310.19500732421875,310.239990234375,310.1400146484375,310.19000244140625,3078,0.0,0.0
2024-12-09 10:52:00-05:00,310.2900085449219,310.30999755859375,310.20001220703125,310.2200012207031,8001,0.0,0.0
2024-12-09 10:53:00-05:00,310.2799987792969,310.2799987792969,309.8800048828125,310.0050048828125,10755,0.0,0.0
2024-12-09 10:54:00-05:00,310.0979919433594,310.14208984375,309.9800109863281,310.0299987792969,6190,0.0,0.0
2024-12-09 10:55:00-05:00,310.0299987792969,310.05499267578125,309.8800048828125,309.8800048828125,5807,0.0,0.0
2024-12-09 10:56:00-05:00,309.8999938964844,309.9599914550781,309.8900146484375,309.9549865722656,4708,0.0,0.0
2024-12-09 10:57:00-05:00,309.8999938964844,309.989990234375,309.8800048828125,309.8800048828125,10964,0.0,0.0
2024-12-09 10:58:00-05:00,309.9200134277344,309.9800109863281,309.8691101074219,309.9100036621094,7272,0.0,0.0
2024-12-09 11:01:00-05:00,310.1400146484375,310.1400146484375,310.04998779296875,310.0950012207031,30894,0.0,0.0
2024-12-09 11:02:00-05:00,310.0950012207031,310.25,310.0950012207031,310.19000244140625,4469,0.0,0.0
2024-12-09 11:03:00-05:00,310.2174987792969,310.2200012207031,310.0799865722656,310.1300048828125,13872,0.0,0.0
2024-12-09 11:04:00-05:00,310.135009765625,310.25,310.0899963378906,310.20001220703125,13505,0.0,0.0
2024-12-09 11:05:00-05:00,310.1600036621094,310.1600036621094,309.8999938964844,310.0299987792969,11764,0.0,0.0
2024-12-09 11:06:00-05:00,309.9649963378906,310.25,309.94000244140625,310.25,3788,0.0,0.0
2024-12-09 11:07:00-05:00,310.2349853515625,310.375,310.2349853515625,310.25,5717,0.0,0.0
2024-12-09 11:08:00-05:00,310.30499267578125,310.30499267578125,310.0299987792969,310.1600036621094,9294,0.0,0.0
2024-12-09 11:09:00-05:00,310.17999267578125,310.2650146484375,310.1300048828125,310.25,4887,0.0,0.0
2024-12-09 11:10:00-05:00,310.1000061035156,310.30999755859375,310.04998779296875,310.19000244140625,13424,0.0,0.0
2024-12-09 11:11:00-05:00,310.19000244140625,310.4649963378906,310.1499938964844,310.4649963378906,11415,0.0,0.0
2024-12-09 11:12:00-05:00,310.4700012207031,310.4949951171875,310.3500061035156,310.3900146484375,8351,0.0,0.0
2024-12-09 11:13:00-05:00,310.364990234375,310.54998779296875,310.32000732421875,310.4700012207031,6534,0.0,0.0
2024-12-09 11:14:00-05:00,310.4849853515625,310.4849853515625,310.2300109863281,310.3049011230469,6277,0.0,0.0
2024-12-09 11:15:00-05:00,310.2749938964844,310.5690002441406,310.24920654296875,310.3500061035156,13179,0.0,0.0
2024-12-09 11:16:00-05:00,310.4100036621094,310.46490478515625,310.3599853515625,310.3699951171875,4539,0.0,0.0
2024-12-09 11:17:00-05:00,310.4599914550781,310.739990234375,310.4100036621094,310.6913146972656,7995,0.0,0.0
2024-12-09 11:18:00-05:00,310.6300048828125,310.80999755859375,310.5799865722656,310.75,14295,0.0,0.0
2024-12-09 11:19:00-05:00,310.7950134277344,310.8699951171875,310.7200012207031,310.75,14254,0.0,0.0
2024-12-09 11:20:00-05:00,310.7349853515625,310.8299865722656,310.7300109863281,310.8299865722656,4526,0.0,0.0
2024-12-09 11:21:00-05:00,310.8900146484375,310.8900146484375,310.7926025390625,310.82501220703125,3642,0.0,0.0
2024-12-09 11:22:00-05:00,310.79998779296875,310.79998779296875,310.6199951171875,310.6199951171875,10542,0.0,0.0
2024-12-09 11:23:00-05:00,310.7799987792969,310.9100036621094,310.57000732421875,310.6099853515625,13266,0.0,0.0
2024-12-09 11:24:00-05:00,310.7099914550781,310.75,310.4700012207031,310.489990234375,7711,0.0,0.0
2024-12-09 11:25:00-05:00,310.489990234375,310.5299987792969,310.3500061035156,310.42999267578125,3745,0.0,0.0
2024-12-09 11:26:00-05:00,310.4949951171875,310.66070556640625,310.42999267578125,310.57000732421875,19615,0.0,0.0
2024-12-09 11:27:00-05:00,310.54998779296875,310.7699890136719,310.510009765625,310.7049865722656,8959,0.0,0.0
2024-12-09 11:28:00-05:00,310.7699890136719,310.8399963378906,310.7546081542969,310.8399963378906,3275,0.0,0.0
2024-12-09 11:29:00-05:00,310.7900085449219,310.8900146484375,310.7900085449219,310.82000732421875,9874,0.0,0.0
2024-12-09 11:30:00-05:00,310.82000732421875,310.92498779296875,310.82000732421875,310.92498779296875,3447,0.0,0.0
2024-12-09 11:31:00-05:00,310.8949890136719,310.92999267578125,310.8599853515625,310.8599853515625,2972,0.0,0.0
2024-12-09 11:32:00-05:00,310.8837890625,310.9800109863281,310.8837890625,310.92999267578125,7893,0.0,0.0
2024-12-09 11:33:00-05:00,310.9049987792969,310.9049987792969,310.7300109863281,310.7799987792969,11479,0.0,0.0
2024-12-09 11:34:00-05:00,310.739990234375,310.8299865722656,310.739990234375,310.79998779296875,4686,0.0,0.0
2024-12-09 11:35:00-05:00,310.7900085449219,310.7900085449219,310.6700134277344,310.6700134277344,3028,0.0,0.0
2024-12-09 11:36:00-05:00,310.67999267578125,310.760009765625,310.67999267578125,310.7300109863281,4736,0.0,0.0
2024-12-09 11:37:00-05:00,310.70001220703125,310.7300109863281,310.6000061035156,310.6000061035156,5226,0.0,0.0
2024-12-09 11:38:00-05:00,310.5899963378906,310.625,310.4599914550781,310.4599914550781,5229,0.0,0.0
2024-12-09 11:39:00-05:00,310.510009765625,310.6000061035156,310.4599914550781,310.5299987792969,7136,0.0,0.0
2024-12-09 11:40:00-05:00,310.5299987792969,310.6600036621094,310.4700012207031,310.6000061035156,5675,0.0,0.0
2024-12-09 11:41:00-05:00,310.6000061035156,310.739990234375,310.5899963378906,310.739990234375,7392,0.0,0.0
2024-12-09 11:42:00-05:00,310.7349853515625,310.79998779296875,310.6866149902344,310.7349853515625,2728,0.0,0.0
2024-12-09 11:43:00-05:00,310.7349853515625,310.8949890136719,310.7200012207031,310.7200012207031,9290,0.0,0.0
2024-12-09 11:44:00-05:00,310.75,310.79998779296875,310.7200012207031,310.73870849609375,4387,0.0,0.0
2024-12-09 11:45:00-05:00,310.7200012207031,310.7550048828125,310.6600036621094,310.7099914550781,5574,0.0,0.0
2024-12-09 11:46:00-05:00,310.6600036621094,310.79998779296875,310.6600036621094,310.760009765625,8939,0.0,0.0
2024-12-09 11:47:00-05:00,310.8399963378906,311.0,310.8399963378906,310.8699951171875,8059,0.0,0.0
2024-12-09 11:48:00-05:00,310.9200134277344,311.07000732421875,310.8500061035156,311.07000732421875,11800,0.0,0.0
2024-12-09 11:49:00-05:00,311.04998779296875,311.04998779296875,310.9700012207031,311.0448913574219,4758,0.0,0.0
2024-12-09 11:50:00-05:00,310.9800109863281,311.08489990234375,310.9200134277344,310.9649963378906,8625,0.0,0.0
2024-12-09 11:51:00-05:00,310.9200134277344,310.9800109863281,310.8599853515625,310.8599853515625,15630,0.0,0.0
2024-12-09 11:52:00-05:00,310.8599853515625,310.9700012207031,310.79998779296875,310.9150085449219,8043,0.0,0.0
2024-12-09 11:53:00-05:00,310.9150085449219,310.9800109863281,310.760009765625,310.760009765625,9706,0.0,0.0
2024-12-09 11:54:00-05:00,310.8299865722656,310.8299865722656,310.6600036621094,310.6600036621094,5541,0.0,0.0
2024-12-09 11:55:00-05:00,310.6600036621094,310.6700134277344,310.5799865722656,310.6499938964844,5206,0.0,0.0
2024-12-09 11:56:00-05:00,310.5799865722656,310.67999267578125,310.5,310.5450134277344,8424,0.0,0.0
2024-12-09 11:57:00-05:00,310.5899963378906,310.6000061035156,310.5299987792969,310.57000732421875,2827,0.0,0.0
2024-12-09 11:58:00-05:00,310.5299987792969,310.6300048828125,310.4700012207031,310.4949951171875,11789,0.0,0.0
2024-12-09 11:59:00-05:00,310.45001220703125,310.489990234375,310.30999755859375,310.3900146484375,7194,0.0,0.0
2024-12-09 12:00:00-05:00,310.3500061035156,310.3900146484375,310.2200012207031,310.3399963378906,6847,0.0,0.0
2024-12-09 12:01:00-05:00,310.3500061035156,310.3500061035156,310.1199951171875,310.2349853515625,5598,0.0,0.0
2024-12-09 12:02:00-05:00,310.2349853515625,310.2349853515625,310.1300048828125,310.19500732421875,3470,0.0,0.0
2024-12-09 12:03:00-05:00,310.19500732421875,310.19500732421875,310.1300048828125,310.19000244140625,2400,0.0,0.0
2024-12-09 12:04:00-05:00,310.19000244140625,310.25,310.1199951171875,310.1199951171875,9271,0.0,0.0
2024-12-09 12:05:00-05:00,310.2099914550781,310.2099914550781,310.0,310.0400085449219,6764,0.0,0.0
2024-12-09 12:06:00-05:00,309.92999267578125,310.0199890136719,309.8500061035156,309.9750061035156,5859,0.0,0.0
2024-12-09 12:07:00-05:00,309.9750061035156,309.9750061035156,309.80999755859375,309.885009765625,6593,0.0,0.0
2024-12-09 12:08:00-05:00,309.86810302734375,309.95001220703125,309.80999755859375,309.864990234375,3234,0.0,0.0
2024-12-09 12:09:00-05:00,309.864990234375,309.885009765625,309.80999755859375,309.80999755859375,1887,0.0,0.0
2024-12-09 12:10:00-05:00,309.82000732421875,309.95001220703125,309.82000732421875,309.94000244140625,11715,0.0,0.0
2024-12-09 12:11:00-05:00,309.94500732421875,309.9599914550781,309.94500732421875,309.9599914550781,1518,0.0,0.0
2024-12-09 12:12:00-05:00,309.9599914550781,310.010009765625,309.8299865722656,309.8299865722656,6626,0.0,0.0
2024-12-09 12:13:00-05:00,309.8299865722656,309.92999267578125,309.760009765625,309.9100036621094,9821,0.0,0.0
2024-12-09 12:14:00-05:00,309.93499755859375,310.0199890136719,309.8800048828125,309.94000244140625,11851,0.0,0.0
2024-12-09 12:15:00-05:00,309.989990234375,310.06988525390625,309.92999267578125,309.9549865722656,6071,0.0,0.0
2024-12-09 12:16:00-05:00,309.9200134277344,309.92999267578125,309.8299865722656,309.8500061035156,3205,0.0,0.0
2024-12-09 12:17:00-05:00,309.8299865722656,309.9898986816406,309.8299865722656,309.9100036621094,4323,0.0,0.0
2024-12-09 12:18:00-05:00,309.95001220703125,310.0400085449219,309.94000244140625,310.0400085449219,5088,0.0,0.0
2024-12-09 12:19:00-05:00,310.1000061035156,310.1000061035156,309.9700012207031,309.9949951171875,5306,0.0,0.0
2024-12-09 12:20:00-05:00,310.0199890136719,310.1400146484375,309.989990234375,310.07000732421875,8403,0.0,0.0
2024-12-09 12:21:00-05:00,310.0400085449219,310.0849914550781,310.0,310.0199890136719,4928,0.0,0.0
2024-12-09 12:22:00-05:00,310.010009765625,310.0350036621094,309.9100036621094,309.9599914550781,5686,0.0,0.0
2024-12-09 12:23:00-05:00,309.8900146484375,309.8900146484375,309.8699951171875,309.8699951171875,2570,0.0,0.0
2024-12-09 12:24:00-05:00,309.8999938964844,309.8999938964844,309.8399963378906,309.8500061035156,4263,0.0,0.0
2024-12-09 12:25:00-05:00,309.94000244140625,309.989990234375,309.8879089355469,309.92498779296875,7496,0.0,0.0
2024-12-09 12:26:00-05:00,309.8999938964844,310.0,309.8999938964844,310.0,4379,0.0,0.0
2024-12-09 12:27:00-05:00,309.94000244140625,310.0299987792969,309.8599853515625,310.0299987792969,7484,0.0,0.0
2024-12-09 12:28:00-05:00,310.05999755859375,310.0799865722656,309.9750061035156,310.07000732421875,6651,0.0,0.0
2024-12-09 12:29:00-05:00,310.1300048828125,310.1400146484375,310.0,310.05999755859375,5868,0.0,0.0
2024-12-09 12:30:00-05:00,310.05999755859375,310.06500244140625,310.010009765625,310.05999755859375,4703,0.0,0.0
2024-12-09 12:31:00-05:00,310.05999755859375,310.05999755859375,310.05999755859375,310.05999755859375,650,0.0,0.0
2024-12-09 12:32:00-05:00,310.056884765625,310.056884765625,309.95001220703125,309.95001220703125,12655,0.0,0.0
2024-12-09 12:33:00-05:00,309.95001220703125,309.9800109863281,309.8500061035156,309.8900146484375,6341,0.0,0.0
2024-12-09 12:34:00-05:00,309.8900146484375,309.9200134277344,309.8349914550781,309.8550109863281,4703,0.0,0.0
2024-12-09 12:35:00-05:00,309.8500061035156,309.9399108886719,309.80999755859375,309.80999755859375,10020,0.0,0.0
2024-12-09 12:36:00-05:00,309.80999755859375,309.9200134277344,309.80999755859375,309.8599853515625,6207,0.0,0.0
2024-12-09 12:37:00-05:00,309.864990234375,310.0,309.864990234375,309.9800109863281,12314,0.0,0.0
2024-12-09 12:38:00-05:00,309.92999267578125,309.989990234375,309.92999267578125,309.94500732421875,3269,0.0,0.0
2024-12-09 12:39:00-05:00,309.9100036621094,310.0,309.9100036621094,309.95001220703125,14449,0.0,0.0
2024-12-09 12:40:00-05:00,309.9540100097656,309.9800109863281,309.9100036621094,309.9100036621094,5947,0.0,0.0
2024-12-09 12:41:00-05:00,309.92999267578125,309.93499755859375,309.8349914550781,309.8949890136719,7431,0.0,0.0
2024-12-09 12:42:00-05:00,309.8999938964844,309.95001220703125,309.8599853515625,309.8900146484375,2054,0.0,0.0
2024-12-09 12:43:00-05:00,309.9150085449219,310.0,309.8800048828125,309.9599914550781,11876,0.0,0.0
2024-12-09 12:44:00-05:00,309.95001220703125,310.0400085449219,309.95001220703125,310.0050048828125,5127,0.0,0.0
2024-12-09 12:45:00-05:00,309.9700012207031,309.9700012207031,309.82000732421875,309.82000732421875,11042,0.0,0.0
2024-12-09 12:46:00-05:00,309.82000732421875,310.010009765625,309.82000732421875,309.95001220703125,9738,0.0,0.0
2024-12-09 12:47:00-05:00,309.9100036621094,310.0,309.9100036621094,310.0,7116,0.0,0.0
2024-12-09 12:48:00-05:00,309.9700012207031,309.989990234375,309.9200134277344,309.9549865722656,5629,0.0,0.0
2024-12-09 12:49:00-05:00,309.9549865722656,310.0899963378906,309.9549865722656,310.0899963378906,7815,0.0,0.0
2024-12-09 12:50:00-05:00,310.0950012207031,310.1000061035156,310.0199890136719,310.05999755859375,4961,0.0,0.0
2024-12-09 12:51:00-05:00,310.0199890136719,310.05999755859375,310.0199890136719,310.0400085449219,2722,0.0,0.0
2024-12-09 12:52:00-05:00,310.0400085449219,310.04998779296875,309.9599914550781,310.0,8773,0.0,0.0
2024-12-09 12:53:00-05:00,309.95001220703125,309.95001220703125,309.8699951171875,309.8800048828125,4521,0.0,0.0
2024-12-09 12:54:00-05:00,309.8800048828125,309.90399169921875,309.82000732421875,309.827392578125,2887,0.0,0.0
2024-12-09 12:55:00-05:00,309.8699951171875,309.8699951171875,309.80999755859375,309.80999755859375,2823,0.0,0.0
2024-12-09 12:56:00-05:00,309.8599853515625,309.864990234375,309.82000732421875,309.82000732421875,2961,0.0,0.0
2024-12-09 12:57:00-05:00,309.82000732421875,309.8299865722656,309.7550048828125,309.7897033691406,7294,0.0,0.0
2024-12-09 12:58:00-05:00,309.7699890136719,309.7850036621094,309.7099914550781,309.7099914550781,14875,0.0,0.0
2024-12-09 12:59:00-05:00,309.7368469238281,309.7449951171875,309.7099914550781,309.7200012207031,7692,0.0,0.0
2024-12-09 13:00:00-05:00,309.7200012207031,309.739990234375,309.6199951171875,309.6300048828125,17266,0.0,0.0
2024-12-09 13:01:00-05:00,309.6300048828125,309.6300048828125,309.3699951171875,309.42498779296875,12672,0.0,0.0
2024-12-09 13:02:00-05:00,309.4200134277344,309.4700012207031,309.260009765625,309.260009765625,7256,0.0,0.0
2024-12-09 13:03:00-05:00,309.260009765625,309.2650146484375,309.1099853515625,309.1099853515625,10531,0.0,0.0
2024-12-09 13:04:00-05:00,309.1099853515625,309.29998779296875,309.1000061035156,309.29998779296875,11764,0.0,0.0
2024-12-09 13:05:00-05:00,309.2900085449219,309.3500061035156,309.2349853515625,309.32000732421875,11230,0.0,0.0
2024-12-09 13:06:00-05:00,309.26220703125,309.3163146972656,309.1000061035156,309.1000061035156,5146,0.0,0.0
2024-12-09 13:07:00-05:00,309.1600036621094,309.1700134277344,309.1099853515625,309.1700134277344,2866,0.0,0.0
2024-12-09 13:08:00-05:00,309.1650085449219,309.1650085449219,309.05999755859375,309.07501220703125,4268,0.0,0.0
2024-12-09 13:09:00-05:00,309.05999755859375,309.1300048828125,309.0299987792969,309.0799865722656,10806,0.0,0.0
2024-12-09 13:10:00-05:00,309.0899963378906,309.1099853515625,309.0400085449219,309.0400085449219,5479,0.0,0.0
2024-12-09 13:11:00-05:00,309.0,309.0299987792969,308.8999938964844,309.010009765625,7033,0.0,0.0
2024-12-09 13:12:00-05:00,309.0032958984375,309.1000061035156,308.9800109863281,309.010009765625,10588,0.0,0.0
2024-12-09 13:13:00-05:00,309.0,309.1400146484375,309.0,309.07000732421875,16582,0.0,0.0
2024-12-09 13:14:00-05:00,309.1000061035156,309.19500732421875,309.04998779296875,309.04998779296875,10461,0.0,0.0
2024-12-09 13:15:00-05:00,309.1600036621094,309.2099914550781,309.1600036621094,309.2099914550781,2931,0.0,0.0
2024-12-09 13:16:00-05:00,309.2099914550781,309.2300109863281,309.17999267578125,309.2099914550781,2258,0.0,0.0
2024-12-09 13:17:00-05:00,309.1700134277344,309.25,309.1600036621094,309.25,6339,0.0,0.0
2024-12-09 13:18:00-05:00,309.2250061035156,309.2699890136719,309.19000244140625,309.2099914550781,8856,0.0,0.0
2024-12-09 13:19:00-05:00,309.2301025390625,309.2799987792969,309.2200012207031,309.2572021484375,9314,0.0,0.0
2024-12-09 13:20:00-05:00,309.260009765625,309.260009765625,309.2099914550781,309.2349853515625,6185,0.0,0.0
2024-12-09 13:21:00-05:00,309.2699890136719,309.3500061035156,309.25,309.32501220703125,4063,0.0,0.0
2024-12-09 13:22:00-05:00,309.32501220703125,309.3399963378906,309.20001220703125,309.2449951171875,6486,0.0,0.0
2024-12-09 13:23:00-05:00,309.2900085449219,309.3399963378906,309.25,309.32000732421875,5076,0.0,0.0
2024-12-09 13:24:00-05:00,309.3299865722656,309.3299865722656,309.260009765625,309.2958068847656,4258,0.0,0.0
2024-12-09 13:25:00-05:00,309.2749938964844,309.30731201171875,309.2749938964844,309.30731201171875,1057,0.0,0.0
2024-12-09 13:26:00-05:00,309.31500244140625,309.31500244140625,309.2200012207031,309.260009765625,8063,0.0,0.0
2024-12-09 13:27:00-05:00,309.2900085449219,309.3800048828125,309.260009765625,309.32501220703125,7505,0.0,0.0
2024-12-09 13:28:00-05:00,309.3299865722656,309.3800048828125,309.28009033203125,309.3800048828125,4961,0.0,0.0
2024-12-09 13:29:00-05:00,309.3299865722656,309.4100036621094,309.30999755859375,309.364990234375,5789,0.0,0.0
2024-12-09 13:30:00-05:00,309.364990234375,309.4198913574219,309.1922912597656,309.1922912597656,15170,0.0,0.0
2024-12-09 13:31:00-05:00,309.2250061035156,309.2300109863281,309.0799865722656,309.0799865722656,4101,0.0,0.0
2024-12-09 13:32:00-05:00,309.0799865722656,309.29998779296875,309.0799865722656,309.2799987792969,43500,0.0,0.0
2024-12-09 13:33:00-05:00,309.17999267578125,309.31500244140625,309.17999267578125,309.2250061035156,5741,0.0,0.0
2024-12-09 13:34:00-05:00,309.17999267578125,309.29998779296875,309.17999267578125,309.2200012207031,12345,0.0,0.0
2024-12-09 13:35:00-05:00,309.2099914550781,309.29998779296875,309.17999267578125,309.2950134277344,16577,0.0,0.0
2024-12-09 13:36:00-05:00,309.2300109863281,309.30999755859375,309.17999267578125,309.2099914550781,5212,0.0,0.0
2024-12-09 13:37:00-05:00,309.2099914550781,309.32000732421875,309.17999267578125,309.25,5300,0.0,0.0
2024-12-09 13:38:00-05:00,309.2300109863281,309.3900146484375,309.2099914550781,309.3623962402344,5864,0.0,0.0
2024-12-09 13:39:00-05:00,309.3999938964844,309.3999938964844,309.30999755859375,309.3550109863281,3419,0.0,0.0
2024-12-09 13:40:00-05:00,309.3900146484375,309.3999938964844,309.2900085449219,309.2900085449219,10942,0.0,0.0
2024-12-09 13:41:00-05:00,309.2878112792969,309.3999938964844,309.2878112792969,309.3699951171875,6783,0.0,0.0
2024-12-09 13:42:00-05:00,309.3900146484375,309.3999938964844,309.32000732421875,309.3450012207031,2608,0.0,0.0
2024-12-09 13:43:00-05:00,309.3450012207031,309.4100036621094,309.3399963378906,309.3699951171875,4641,0.0,0.0
2024-12-09 13:44:00-05:00,309.3599853515625,309.3699951171875,309.18499755859375,309.18499755859375,8493,0.0,0.0
2024-12-09 13:45:00-05:00,309.1700134277344,309.17999267578125,309.1000061035156,309.1600036621094,9899,0.0,0.0
2024-12-09 13:46:00-05:00,309.1600036621094,309.1600036621094,309.0199890136719,309.06500244140625,12699,0.0,0.0
2024-12-09 13:47:00-05:00,309.06500244140625,309.17999267578125,309.0,309.17498779296875,9175,0.0,0.0
2024-12-09 13:48:00-05:00,309.1724853515625,309.239990234375,309.1400146484375,309.2049865722656,5682,0.0,0.0
2024-12-09 13:49:00-05:00,309.239990234375,309.3999938964844,309.2300109863281,309.3800048828125,11446,0.0,0.0
2024-12-09 13:50:00-05:00,309.3500061035156,309.510009765625,309.3500061035156,309.4949951171875,7529,0.0,0.0
2024-12-09 13:51:00-05:00,309.5799865722656,309.5799865722656,309.3699951171875,309.40289306640625,8311,0.0,0.0
2024-12-09 13:52:00-05:00,309.42999267578125,309.45001220703125,309.3599853515625,309.4150085449219,7460,0.0,0.0
2024-12-09 13:53:00-05:00,309.4150085449219,309.4150085449219,309.3699951171875,309.4049987792969,3990,0.0,0.0
2024-12-09 13:54:00-05:00,309.3800048828125,309.4100036621094,309.3800048828125,309.3900146484375,1841,0.0,0.0
2024-12-09 13:55:00-05:00,309.4150085449219,309.45001220703125,309.2099914550781,309.23748779296875,13578,0.0,0.0
2024-12-09 13:56:00-05:00,309.2998962402344,309.2998962402344,309.20001220703125,309.2449951171875,3517,0.0,0.0
2024-12-09 13:57:00-05:00,309.2799987792969,309.2900085449219,309.2099914550781,309.25,4321,0.0,0.0
2024-12-09 13:58:00-05:00,309.2699890136719,309.2699890136719,309.2203063964844,309.25,3849,0.0,0.0
2024-12-09 13:59:00-05:00,309.2300109863281,309.25,309.2099914550781,309.2200012207031,4086,0.0,0.0
2024-12-09 14:00:00-05:00,309.2099914550781,309.2099914550781,309.05999755859375,309.114990234375,6873,0.0,0.0
2024-12-09 14:01:00-05:00,309.11749267578125,309.2049865722656,309.114990234375,309.17999267578125,5887,0.0,0.0
2024-12-09 14:02:00-05:00,309.1099853515625,309.1300048828125,309.04998779296875,309.1199951171875,2106,0.0,0.0
2024-12-09 14:03:00-05:00,309.1099853515625,309.114990234375,309.04998779296875,309.0899963378906,3306,0.0,0.0
2024-12-09 14:04:00-05:00,309.125,309.125,309.04998779296875,309.1050109863281,11749,0.0,0.0
2024-12-09 14:05:00-05:00,309.1300048828125,309.1600036621094,309.0899963378906,309.1099853515625,3290,0.0,0.0
2024-12-09 14:06:00-05:00,309.1099853515625,309.2250061035156,309.1099853515625,309.1709899902344,7348,0.0,0.0
2024-12-09 14:07:00-05:00,309.239990234375,309.239990234375,309.05999755859375,309.1000061035156,3460,0.0,0.0
2024-12-09 14:08:00-05:00,309.125,309.1400146484375,308.9700012207031,308.9895935058594,7636,0.0,0.0
2024-12-09 14:09:00-05:00,308.9906005859375,309.0400085449219,308.95001220703125,309.0,14616,0.0,0.0
2024-12-09 14:10:00-05:00,309.06988525390625,309.06988525390625,308.9200134277344,309.0299987792969,3337,0.0,0.0
2024-12-09 14:11:00-05:00,308.92999267578125,308.99090576171875,308.92999267578125,308.94000244140625,2407,0.0,0.0
2024-12-09 14:12:00-05:00,308.92999267578125,308.92999267578125,308.7301025390625,308.8900146484375,22709,0.0,0.0
2024-12-09 14:13:00-05:00,308.95001220703125,309.16009521484375,308.95001220703125,309.16009521484375,3254,0.0,0.0
2024-12-09 14:14:00-05:00,309.0700988769531,309.17999267578125,309.0700988769531,309.0799865722656,4903,0.0,0.0
2024-12-09 14:15:00-05:00,309.1199951171875,309.1199951171875,309.04998779296875,309.05999755859375,7098,0.0,0.0
2024-12-09 14:16:00-05:00,309.04998779296875,309.069091796875,308.9700012207031,308.9700012207031,3223,0.0,0.0
2024-12-09 14:17:00-05:00,308.9750061035156,309.0299987792969,308.9424133300781,309.0,5508,0.0,0.0
2024-12-09 14:18:00-05:00,308.9750061035156,309.0299072265625,308.92010498046875,308.9815979003906,3340,0.0,0.0
2024-12-09 14:19:00-05:00,309.0299987792969,309.08648681640625,309.0199890136719,309.0350036621094,8173,0.0,0.0
2024-12-09 14:20:00-05:00,309.0299987792969,309.0799865722656,309.010009765625,309.04998779296875,5221,0.0,0.0
2024-12-09 14:21:00-05:00,309.04998779296875,309.20001220703125,309.04998779296875,309.1099853515625,6684,0.0,0.0
2024-12-09 14:22:00-05:00,309.1099853515625,309.1199951171875,309.0400085449219,309.05999755859375,3394,0.0,0.0
2024-12-09 14:23:00-05:00,309.05499267578125,309.1400146484375,309.0299987792969,309.1400146484375,6704,0.0,0.0
2024-12-09 14:24:00-05:00,309.1650085449219,309.17999267578125,309.05670166015625,309.135009765625,10753,0.0,0.0
2024-12-09 14:25:00-05:00,309.19000244140625,309.239990234375,309.1449890136719,309.1770935058594,7093,0.0,0.0
2024-12-09 14:26:00-05:00,309.2200012207031,309.25,309.2200012207031,309.25,2178,0.0,0.0
2024-12-09 14:27:00-05:00,309.2699890136719,309.2900085449219,309.19000244140625,309.19000244140625,5443,0.0,0.0
2024-12-09 14:28:00-05:00,309.20001220703125,309.2229919433594,309.1600036621094,309.1600036621094,4877,0.0,0.0
2024-12-09 14:29:00-05:00,309.1499938964844,309.1499938964844,309.05499267578125,309.1400146484375,12665,0.0,0.0
2024-12-09 14:30:00-05:00,309.1400146484375,309.1499938964844,309.0799865722656,309.1000061035156,2966,0.0,0.0
2024-12-09 14:31:00-05:00,309.0899963378906,309.1300048828125,309.0799865722656,309.1199951171875,7043,0.0,0.0
2024-12-09 14:32:00-05:00,309.1449890136719,309.1549987792969,309.1099853515625,309.1099853515625,3765,0.0,0.0
2024-12-09 14:33:00-05:00,309.1549987792969,309.19000244140625,309.0299987792969,309.1499938964844,10932,0.0,0.0
2024-12-09 14:34:00-05:00,309.21600341796875,309.2300109863281,309.17999267578125,309.2300109863281,3978,0.0,0.0
2024-12-09 14:35:00-05:00,309.25,309.32000732421875,309.20001220703125,309.27490234375,7845,0.0,0.0
2024-12-09 14:36:00-05:00,309.19000244140625,309.2900085449219,309.19000244140625,309.2900085449219,3258,0.0,0.0
2024-12-09 14:37:00-05:00,309.25,309.25,309.1600036621094,309.20001220703125,6748,0.0,0.0
2024-12-09 14:38:00-05:00,309.20001220703125,309.2200012207031,309.20001220703125,309.2049865722656,3125,0.0,0.0
2024-12-09 14:39:00-05:00,309.2099914550781,309.29998779296875,309.2099914550781,309.29998779296875,6476,0.0,0.0
2024-12-09 14:40:00-05:00,309.2799987792969,309.375,309.2799987792969,309.3550109863281,7836,0.0,0.0
2024-12-09 14:41:00-05:00,309.3900146484375,309.4700012207031,309.2550048828125,309.2550048828125,10106,0.0,0.0
2024-12-09 14:42:00-05:00,309.2900085449219,309.30999755859375,309.2300109863281,309.2300109863281,2910,0.0,0.0
2024-12-09 14:43:00-05:00,309.19000244140625,309.2713928222656,309.19000244140625,309.2200012207031,5941,0.0,0.0
2024-12-09 14:44:00-05:00,309.2550048828125,309.2550048828125,309.17498779296875,309.17498779296875,5395,0.0,0.0
2024-12-09 14:45:00-05:00,309.1499938964844,309.239990234375,309.1499938964844,309.2200012207031,8859,0.0,0.0
2024-12-09 14:46:00-05:00,309.25,309.2699890136719,309.1499938964844,309.2250061035156,12004,0.0,0.0
2024-12-09 14:47:00-05:00,309.260009765625,309.3299865722656,309.260009765625,309.31500244140625,4650,0.0,0.0
2024-12-09 14:48:00-05:00,309.31500244140625,309.3349914550781,309.31500244140625,309.32501220703125,2347,0.0,0.0
2024-12-09 14:49:00-05:00,309.32501220703125,309.42498779296875,309.2799987792969,309.42498779296875,8053,0.0,0.0
2024-12-09 14:50:00-05:00,309.3699951171875,309.42779541015625,309.3599853515625,309.3999938964844,4567,0.0,0.0
2024-12-09 14:51:00-05:00,309.3865051269531,309.3949890136719,309.2699890136719,309.2900085449219,17177,0.0,0.0
2024-12-09 14:52:00-05:00,309.2200012207031,309.3399963378906,309.17999267578125,309.2101135253906,9067,0.0,0.0
2024-12-09 14:53:00-05:00,309.2950134277344,309.3399963378906,309.260009765625,309.30499267578125,5068,0.0,0.0
2024-12-09 14:54:00-05:00,309.30999755859375,309.42999267578125,309.30999755859375,309.42999267578125,7520,0.0,0.0
2024-12-09 14:55:00-05:00,309.44000244140625,309.5400085449219,309.4100036621094,309.5400085449219,6554,0.0,0.0
2024-12-09 14:56:00-05:00,309.5299987792969,309.6099853515625,309.5299987792969,309.6099853515625,10961,0.0,0.0
2024-12-09 14:57:00-05:00,309.5899963378906,309.5899963378906,309.5299987792969,309.54998779296875,4823,0.0,0.0
2024-12-09 14:58:00-05:00,309.5400085449219,309.6099853515625,309.5199890136719,309.6099853515625,8020,0.0,0.0
2024-12-09 14:59:00-05:00,309.5899963378906,309.6400146484375,309.44500732421875,309.4849853515625,11531,0.0,0.0
2024-12-09 15:00:00-05:00,309.5199890136719,309.7200012207031,309.5199890136719,309.66949462890625,4735,0.0,0.0
2024-12-09 15:01:00-05:00,309.55999755859375,309.60040283203125,309.5299987792969,309.57000732421875,4355,0.0,0.0
2024-12-09 15:02:00-05:00,309.57000732421875,309.57000732421875,309.4700012207031,309.4849853515625,6936,0.0,0.0
2024-12-09 15:03:00-05:00,309.4700012207031,309.510009765625,309.44500732421875,309.4599914550781,5432,0.0,0.0
2024-12-09 15:04:00-05:00,309.42999267578125,309.42999267578125,309.3500061035156,309.375,6544,0.0,0.0
2024-12-09 15:05:00-05:00,309.375,309.3800048828125,309.1099853515625,309.1099853515625,10145,0.0,0.0
2024-12-09 15:06:00-05:00,309.1600036621094,309.22900390625,309.1400146484375,309.1499938964844,6308,0.0,0.0
2024-12-09 15:07:00-05:00,309.1700134277344,309.2099914550781,309.1199951171875,309.1449890136719,8251,0.0,0.0
2024-12-09 15:08:00-05:00,309.1424865722656,309.1449890136719,309.010009765625,309.0150146484375,4815,0.0,0.0
2024-12-09 15:09:00-05:00,309.04998779296875,309.1199951171875,309.0299987792969,309.0950012207031,8749,0.0,0.0
2024-12-09 15:10:00-05:00,309.1050109863281,309.1400146484375,309.0899963378906,309.1050109863281,7111,0.0,0.0
2024-12-09 15:11:00-05:00,309.1050109863281,309.1162109375,309.07000732421875,309.0769958496094,2347,0.0,0.0
2024-12-09 15:12:00-05:00,309.0950012207031,309.1199035644531,308.9100036621094,309.0,22624,0.0,0.0
2024-12-09 15:13:00-05:00,308.989990234375,309.05999755859375,308.9200134277344,309.0299987792969,18321,0.0,0.0
2024-12-09 15:14:00-05:00,309.0474853515625,309.0474853515625,309.0,309.01251220703125,3895,0.0,0.0
2024-12-09 15:15:00-05:00,309.0400085449219,309.19000244140625,309.0271911621094,309.18499755859375,8093,0.0,0.0
2024-12-09 15:16:00-05:00,309.1400146484375,309.3500061035156,309.1400146484375,309.1549987792969,12652,0.0,0.0
2024-12-09 15:17:00-05:00,309.19000244140625,309.260009765625,309.1400146484375,309.260009765625,6055,0.0,0.0
2024-12-09 15:18:00-05:00,309.2250061035156,309.2799987792969,309.17999267578125,309.17999267578125,12257,0.0,0.0
2024-12-09 15:19:00-05:00,309.17999267578125,309.2598876953125,309.1600036621094,309.20001220703125,8715,0.0,0.0
2024-12-09 15:20:00-05:00,309.2200012207031,309.2200012207031,309.1300048828125,309.1549987792969,10136,0.0,0.0
2024-12-09 15:21:00-05:00,309.1300048828125,309.135009765625,309.0400085449219,309.0400085449219,7216,0.0,0.0
2024-12-09 15:22:00-05:00,309.05999755859375,309.1499938964844,308.989990234375,309.1300048828125,21998,0.0,0.0
2024-12-09 15:23:00-05:00,309.1300048828125,309.1600036621094,309.0899963378906,309.1189880371094,15811,0.0,0.0
2024-12-09 15:24:00-05:00,309.1400146484375,309.1400146484375,308.989990234375,309.0,12005,0.0,0.0
2024-12-09 15:25:00-05:00,309.0150146484375,309.02398681640625,308.9599914550781,308.9700012207031,5850,0.0,0.0
2024-12-09 15:26:00-05:00,308.9700012207031,309.0299987792969,308.9599914550781,309.0,10253,0.0,0.0
2024-12-09 15:27:00-05:00,308.989990234375,308.989990234375,308.8450012207031,308.94000244140625,17127,0.0,0.0
2024-12-09 15:28:00-05:00,308.9200134277344,308.9200134277344,308.827392578125,308.827392578125,9254,0.0,0.0
2024-12-09 15:29:00-05:00,308.8699951171875,309.0050048828125,308.8699951171875,309.0050048828125,11061,0.0,0.0
2024-12-09 15:30:00-05:00,309.0799865722656,309.1400146484375,309.0050048828125,309.04998779296875,11431,0.0,0.0
2024-12-09 15:31:00-05:00,309.0950012207031,309.1400146484375,309.0799865722656,309.1400146484375,8289,0.0,0.0
2024-12-09 15:32:00-05:00,309.1400146484375,309.2200012207031,309.1400146484375,309.1700134277344,9741,0.0,0.0
2024-12-09 15:33:00-05:00,309.19500732421875,309.2650146484375,309.1600036621094,309.2650146484375,10474,0.0,0.0
2024-12-09 15:34:00-05:00,309.2650146484375,309.2900085449219,309.239990234375,309.25,11916,0.0,0.0
2024-12-09 15:35:00-05:00,309.260009765625,309.2699890136719,309.2099914550781,309.2300109863281,10699,0.0,0.0
2024-12-09 15:36:00-05:00,309.2300109863281,309.2799987792969,309.2300109863281,309.2770080566406,14980,0.0,0.0
2024-12-09 15:37:00-05:00,309.2699890136719,309.4100036621094,309.2699890136719,309.3999938964844,9329,0.0,0.0
2024-12-09 15:38:00-05:00,309.42999267578125,309.489990234375,309.3800048828125,309.4049987792969,17220,0.0,0.0
2024-12-09 15:39:00-05:00,309.4049987792969,309.4049987792969,309.260009765625,309.2850036621094,7593,0.0,0.0
2024-12-09 15:40:00-05:00,309.2850036621094,309.2898864746094,309.20001220703125,309.25,7625,0.0,0.0
2024-12-09 15:41:00-05:00,309.25,309.2799987792969,309.20001220703125,309.2799987792969,11560,0.0,0.0
2024-12-09 15:42:00-05:00,309.30999755859375,309.30999755859375,309.25,309.2699890136719,6897,0.0,0.0
2024-12-09 15:43:00-05:00,309.2749938964844,309.4800109863281,309.2749938964844,309.32000732421875,12610,0.0,0.0
2024-12-09 15:44:00-05:00,309.30999755859375,309.3752746582031,309.1700134277344,309.17498779296875,13030,0.0,0.0
2024-12-09 15:45:00-05:00,309.1400146484375,309.30999755859375,309.114990234375,309.30999755859375,14923,0.0,0.0
2024-12-09 15:46:00-05:00,309.2799987792969,309.2799987792969,309.1300048828125,309.135009765625,10274,0.0,0.0
2024-12-09 15:47:00-05:00,309.1099853515625,309.25,309.07000732421875,309.2200012207031,14124,0.0,0.0
2024-12-09 15:48:00-05:00,309.2200012207031,309.2300109863281,309.0050048828125,309.0050048828125,14081,0.0,0.0
2024-12-09 15:49:00-05:00,309.0,309.0,308.7200012207031,308.739990234375,27842,0.0,0.0
2024-12-09 15:50:00-05:00,308.79998779296875,308.8699951171875,308.5299987792969,308.5299987792969,34282,0.0,0.0
2024-12-09 15:51:00-05:00,308.5799865722656,308.5799865722656,308.1499938964844,308.2099914550781,33844,0.0,0.0
2024-12-09 15:52:00-05:00,308.2099914550781,308.3599853515625,308.1199951171875,308.17498779296875,48669,0.0,0.0
2024-12-09 15:53:00-05:00,308.17498779296875,308.2900085449219,308.1400146484375,308.1400146484375,35346,0.0,0.0
2024-12-09 15:54:00-05:00,308.1650085449219,308.1700134277344,307.79998779296875,307.8900146484375,51235,0.0,0.0
2024-12-09 15:55:00-05:00,307.8900146484375,307.96990966796875,307.6400146484375,307.9100036621094,57248,0.0,0.0
2024-12-09 15:56:00-05:00,307.8500061035156,307.9700012207031,307.6600036621094,307.9700012207031,63382,0.0,0.0
2024-12-09 15:57:00-05:00,307.95001220703125,308.1099853515625,307.8900146484375,308.1099853515625,64651,0.0,0.0
2024-12-09 15:58:00-05:00,308.1099853515625,308.2200012207031,308.0400085449219,308.1300048828125,71296,0.0,0.0
2024-12-09 15:59:00-05:00,308.1300048828125,308.3800048828125,308.04998779296875,308.30999755859375,181916,0.0,0.0
2024-12-09 16:00:00-05:00,308.3,308.8,308.3,308.3,939777,0.0,0.0
2024-12-09 16:01:00-05:00,308.08,308.3,308.08,308.3,0,0.0,0.0
2024-12-09 16:02:00-05:00,308.3,308.3,308.3,308.3,0,0.0,0.0
2024-12-09 16:03:00-05:00,308.3,308.3,308.3,308.3,0,0.0,0.0
2024-12-09 16:04:00-05:00,308.3,308.3,307.75,308.2,0,0.0,0.0
2024-12-09 16:05:00-05:00,308.3,308.3,308.3,308.3,0,0.0,0.0
2024-12-09 16:06:00-05:00,308.3,308.3,307.75,308.3,0,0.0,0.0
2024-12-09 16:07:00-05:00,308.3,308.3,308.3,308.3,0,0.0,0.0
2024-12-09 16:08:00-05:00,308.3,308.3,308.3,308.3,0,0.0,0.0
2024-12-09 16:09:00-05:00,309.0,309.0,309.0,309.0,0,0.0,0.0
2024-12-09 16:10:00-05:00,309.0,309.0,309.0,309.0,0,0.0,0.0
2024-12-09 16:11:00-05:00,307.75,307.75,307.75,307.75,0,0.0,0.0
2024-12-09 16:12:00-05:00,307.75,307.75,307.75,307.75,0,0.0,0.0
2024-12-09 16:13:00-05:00,308.09,308.29,308.09,308.29,0,0.0,0.0
2024-12-09 16:14:00-05:00,308.1,308.1,308.1,308.1,0,0.0,0.0
2024-12-09 16:15:00-05:00,308.3,308.3,308.3,308.3,0,0.0,0.0
2024-12-09 16:16:00-05:00,307.75,307.75,307.75,307.75,0,0.0,0.0
2024-12-09 16:18:00-05:00,309.0,309.0,308.3,308.3,0,0.0,0.0
2024-12-09 16:19:00-05:00,308.29,308.29,308.09,308.09,0,0.0,0.0
2024-12-09 16:20:00-05:00,308.3,309.0,308.3,309.0,0,0.0,0.0
2024-12-09 16:21:00-05:00,307.7812,307.7812,307.7812,307.7812,0,0.0,0.0
2024-12-09 16:22:00-05:00,309.0,309.0,309.0,309.0,0,0.0,0.0
2024-12-09 16:23:00-05:00,308.3,309.0,308.3,309.0,0,0.0,0.0
2024-12-09 16:24:00-05:00,308.89,308.89,308.3,308.3,0,0.0,0.0
2024-12-09 16:25:00-05:00,308.1,308.1,308.1,308.1,0,0.0,0.0
2024-12-09 16:27:00-05:00,307.75,307.75,307.75,307.75,0,0.0,0.0
2024-12-09 16:29:00-05:00,308.3,308.3,308.3,308.3,0,0.0,0.0
2024-12-09 16:30:00-05:00,308.3,308.3,308.3,308.3,0,0.0,0.0
2024-12-09 16:32:00-05:00,308.1,308.1,308.1,308.1,0,0.0,0.0
2024-12-09 16:34:00-05:00,309.065,309.065,309.065,309.065,0,0.0,0.0
2024-12-09 16:35:00-05:00,308.11,308.3,308.11,308.3,0,0.0,0.0
2024-12-09 16:38:00-05:00,307.75,309.0,307.75,309.0,0,0.0,0.0
2024-12-09 16:39:00-05:00,308.12,308.12,308.12,308.12,0,0.0,0.0
2024-12-09 16:41:00-05:00,308.0811,308.0811,308.0811,308.0811,0,0.0,0.0
2024-12-09 16:43:00-05:00,308.29,308.83,308.29,308.82,0,0.0,0.0
2024-12-09 16:44:00-05:00,308.82,308.82,308.82,308.82,0,0.0,0.0
2024-12-09 16:50:00-05:00,308.33,308.33,308.33,308.33,0,0.0,0.0
2024-12-09 16:57:00-05:00,308.34,308.82,308.34,308.82,0,0.0,0.0
2024-12-09 16:58:00-05:00,308.81,308.81,308.81,308.81,0,0.0,0.0
2024-12-09 16:59:00-05:00,308.82,308.82,308.82,308.82,0,0.0,0.0
2024-12-09 17:02:00-05:00,308.78,308.78,308.78,308.78,0,0.0,0.0
2024-12-09 17:04:00-05:00,308.8,308.8,308.8,308.8,0,0.0,0.0
2024-12-09 17:05:00-05:00,308.3012,308.3012,308.3012,308.3012,0,0.0,0.0
2024-12-09 17:06:00-05:00,308.82,308.82,308.82,308.82,0,0.0,0.0
2024-12-09 17:07:00-05:00,308.34,308.34,308.34,308.34,0,0.0,0.0
2024-12-09 17:11:00-05:00,308.35,308.35,308.35,308.35,0,0.0,0.0
2024-12-09 17:12:00-05:00,308.34,308.35,308.34,308.35,0,0.0,0.0
2024-12-09 17:18:00-05:00,307.75,307.75,307.75,307.75,0,0.0,0.0
2024-12-09 17:22:00-05:00,308.34,308.34,308.34,308.34,0,0.0,0.0
2024-12-09 17:25:00-05:00,308.47,308.47,308.35,308.35,0,0.0,0.0
2024-12-09 17:26:00-05:00,308.34,308.34,308.34,308.34,0,0.0,0.0
2024-12-09 17:30:00-05:00,308.0,308.35,308.0,308.35,0,0.0,0.0
2024-12-09 17:31:00-05:00,308.3,308.3,308.3,308.3,0,0.0,0.0
2024-12-09 17:32:00-05:00,308.275,308.275,307.7762,307.7762,0,0.0,0.0
2024-12-09 17:33:00-05:00,308.275,308.275,308.275,308.275,0,0.0,0.0
2024-12-09 17:34:00-05:00,308.79,308.79,308.79,308.79,0,0.0,0.0
2024-12-09 17:35:00-05:00,308.4,308.4,308.4,308.4,0,0.0,0.0
2024-12-09 17:36:00-05:00,308.8,308.8,308.8,308.8,0,0.0,0.0
2024-12-09 17:42:00-05:00,308.6,308.6,308.6,308.6,0,0.0,0.0
2024-12-09 17:44:00-05:00,308.8,308.8,308.8,308.8,0,0.0,0.0
2024-12-09 17:45:00-05:00,308.77,308.77,308.77,308.77,0,0.0,0.0
2024-12-09 17:49:00-05:00,308.77,308.77,308.77,308.77,0,0.0,0.0
2024-12-09 17:52:00-05:00,308.0297,308.0297,308.0297,308.0297,0,0.0,0.0
2024-12-09 17:54:00-05:00,308.78,308.78,308.78,308.78,0,0.0,0.0
2024-12-09 17:55:00-05:00,308.77,308.77,308.76,308.76,0,0.0,0.0
2024-12-09 17:56:00-05:00,308.43,308.43,308.43,308.43,0,0.0,0.0
2024-12-09 17:57:00-05:00,308.01,308.4,308.01,308.01,0,0.0,0.0
2024-12-09 18:01:00-05:00,308.74,308.75,308.74,308.75,0,0.0,0.0
2024-12-09 18:05:00-05:00,308.8,308.8,308.8,308.8,0,0.0,0.0
2024-12-09 18:11:00-05:00,308.73,308.73,308.73,308.73,0,0.0,0.0
2024-12-09 18:12:00-05:00,308.8,308.8,308.8,308.8,0,0.0,0.0
2024-12-09 18:13:00-05:00,308.4,308.4,308.0213,308.0213,0,0.0,0.0
2024-12-09 18:15:00-05:00,308.0213,308.0213,308.0213,308.0213,0,0.0,0.0
2024-12-09 18:31:00-05:00,308.51,308.79,308.51,308.79,0,0.0,0.0
2024-12-09 18:33:00-05:00,308.01,308.01,308.01,308.01,0,0.0,0.0
2024-12-09 18:34:00-05:00,308.7999,308.7999,308.7999,308.7999,0,0.0,0.0
2024-12-09 18:41:00-05:00,308.0297,308.0297,308.0297,308.0297,0,0.0,0.0
2024-12-09 18:49:00-05:00,308.8,308.8,308.8,308.8,0,0.0,0.0
2024-12-09 18:52:00-05:00,308.01,308.01,308.01,308.01,0,0.0,0.0
2024-12-09 18:55:00-05:00,308.44,308.44,308.41,308.41,0,0.0,0.0
2024-12-09 19:00:00-05:00,308.41,308.41,308.41,308.41,0,0.0,0.0
2024-12-09 19:15:00-05:00,308.42,308.42,308.4,308.4,0,0.0,0.0
2024-12-09 19:19:00-05:00,308.109,308.109,308.109,308.109,0,0.0,0.0
2024-12-09 19:23:00-05:00,308.8,308.8,308.8,308.8,0,0.0,0.0
2024-12-09 19:26:00-05:00,308.45,308.45,308.45,308.45,0,0.0,0.0
2024-12-09 19:27:00-05:00,308.5,308.5,308.5,308.5,0,0.0,0.0
2024-12-09 19:29:00-05:00,308.8,308.8,308.8,308.8,0,0.0,0.0
2024-12-09 19:31:00-05:00,308.79,308.79,308.79,308.79,0,0.0,0.0
2024-12-09 19:33:00-05:00,308.4,308.41,308.35,308.35,0,0.0,0.0
2024-12-09 19:35:00-05:00,308.0297,308.0297,308.0297,308.0297,0,0.0,0.0
2024-12-09 19:40:00-05:00,308.0297,308.0297,308.0297,308.0297,0,0.0,0.0
2024-12-09 19:41:00-05:00,308.34,308.34,308.34,308.34,0,0.0,0.0
2024-12-09 19:46:00-05:00,308.01,308.01,308.01,308.01,0,0.0,0.0
2024-12-09 19:48:00-05:00,308.01,308.01,308.01,308.01,0,0.0,0.0
2024-12-09 19:50:00-05:00,308.8,308.8,308.8,308.8,0,0.0,0.0
2024-12-09 19:52:00-05:00,308.35,308.35,308.35,308.35,0,0.0,0.0
2024-12-09 19:53:00-05:00,308.35,308.35,308.3,308.3,0,0.0,0.0
