time,Open,High,Low,Close,Volume,Dividends,Stock Splits
2024-12-17 04:00:00-05:00,315.0,315.76,315.0,315.76,0,0.0,0.0
2024-12-17 04:01:00-05:00,315.67,315.67,315.67,315.67,0,0.0,0.0
2024-12-17 04:03:00-05:00,315.55,315.55,315.55,315.55,0,0.0,0.0
2024-12-17 04:05:00-05:00,315.51,315.51,315.51,315.51,0,0.0,0.0
2024-12-17 04:06:00-05:00,315.47,315.47,315.47,315.47,0,0.0,0.0
2024-12-17 04:20:00-05:00,315.47,315.47,315.47,315.47,0,0.0,0.0
2024-12-17 04:23:00-05:00,315.18,315.34,315.18,315.18,0,0.0,0.0
2024-12-17 04:26:00-05:00,315.38,315.38,315.38,315.38,0,0.0,0.0
2024-12-17 04:34:00-05:00,315.38,315.38,315.38,315.38,0,0.0,0.0
2024-12-17 04:48:00-05:00,315.44,315.86,315.44,315.86,0,0.0,0.0
2024-12-17 04:50:00-05:00,315.86,315.86,315.86,315.86,0,0.0,0.0
2024-12-17 04:53:00-05:00,315.89,315.9,315.86,315.9,0,0.0,0.0
2024-12-17 05:01:00-05:00,315.87,315.87,315.87,315.87,0,0.0,0.0
2024-12-17 05:04:00-05:00,315.87,315.9,315.87,315.9,0,0.0,0.0
2024-12-17 05:05:00-05:00,315.9,315.9,315.9,315.9,0,0.0,0.0
2024-12-17 05:10:00-05:00,315.9,315.9,315.9,315.9,0,0.0,0.0
2024-12-17 05:19:00-05:00,315.9,315.9,315.9,315.9,0,0.0,0.0
2024-12-17 05:24:00-05:00,315.56,315.56,315.56,315.56,0,0.0,0.0
2024-12-17 05:35:00-05:00,315.74,315.74,315.74,315.74,0,0.0,0.0
2024-12-17 05:38:00-05:00,315.89,316.01,315.89,316.01,0,0.0,0.0
2024-12-17 05:40:00-05:00,316.06,316.08,316.06,316.08,0,0.0,0.0
2024-12-17 05:48:00-05:00,315.92,315.92,315.92,315.92,0,0.0,0.0
2024-12-17 05:49:00-05:00,316.08,316.08,316.05,316.06,0,0.0,0.0
2024-12-17 05:50:00-05:00,316.06,316.06,316.06,316.06,0,0.0,0.0
2024-12-17 05:51:00-05:00,316.07,316.07,316.07,316.07,0,0.0,0.0
2024-12-17 05:52:00-05:00,316.1,316.1,316.1,316.1,0,0.0,0.0
2024-12-17 05:53:00-05:00,316.12,316.18,316.12,316.18,0,0.0,0.0
2024-12-17 06:00:00-05:00,316.27,316.53,316.27,316.29,0,0.0,0.0
2024-12-17 06:02:00-05:00,316.35,316.35,316.34,316.35,0,0.0,0.0
2024-12-17 06:04:00-05:00,316.5,316.53,316.35,316.35,0,0.0,0.0
2024-12-17 06:05:00-05:00,316.35,316.61,316.35,316.6,0,0.0,0.0
2024-12-17 06:06:00-05:00,316.63,316.63,316.63,316.63,0,0.0,0.0
2024-12-17 06:07:00-05:00,316.63,316.63,316.63,316.63,0,0.0,0.0
2024-12-17 06:08:00-05:00,316.65,316.65,316.65,316.65,0,0.0,0.0
2024-12-17 06:09:00-05:00,316.89,316.89,316.89,316.89,0,0.0,0.0
2024-12-17 06:20:00-05:00,316.89,316.89,316.89,316.89,0,0.0,0.0
2024-12-17 06:25:00-05:00,316.65,316.65,316.65,316.65,0,0.0,0.0
2024-12-17 06:31:00-05:00,316.79,316.92,316.7,316.7,0,0.0,0.0
2024-12-17 06:32:00-05:00,316.88,316.94,316.88,316.94,0,0.0,0.0
2024-12-17 06:33:00-05:00,316.95,317.03,316.94,316.95,0,0.0,0.0
2024-12-17 06:34:00-05:00,316.97,316.97,316.92,316.92,0,0.0,0.0
2024-12-17 06:35:00-05:00,316.94,316.94,316.94,316.94,0,0.0,0.0
2024-12-17 06:36:00-05:00,316.92,316.92,316.92,316.92,0,0.0,0.0
2024-12-17 06:37:00-05:00,316.93,316.93,316.93,316.93,0,0.0,0.0
2024-12-17 06:38:00-05:00,317.06,317.08,317.06,317.08,0,0.0,0.0
2024-12-17 06:39:00-05:00,317.12,317.12,316.99,316.99,0,0.0,0.0
2024-12-17 06:41:00-05:00,316.93,316.93,316.92,316.92,0,0.0,0.0
2024-12-17 06:42:00-05:00,316.92,316.92,316.92,316.92,0,0.0,0.0
2024-12-17 06:43:00-05:00,316.92,316.92,316.9,316.9,0,0.0,0.0
2024-12-17 06:45:00-05:00,316.9,316.9,316.9,316.9,0,0.0,0.0
2024-12-17 06:46:00-05:00,316.8,316.8,316.8,316.8,0,0.0,0.0
2024-12-17 06:49:00-05:00,316.9,316.9,316.9,316.9,0,0.0,0.0
2024-12-17 06:50:00-05:00,316.9,316.9,316.64,316.71,0,0.0,0.0
2024-12-17 06:51:00-05:00,316.64,316.7,316.55,316.55,0,0.0,0.0
2024-12-17 06:52:00-05:00,316.55,316.55,316.52,316.52,0,0.0,0.0
2024-12-17 06:53:00-05:00,316.53,316.53,316.53,316.53,0,0.0,0.0
2024-12-17 06:54:00-05:00,316.53,316.53,316.52,316.52,0,0.0,0.0
2024-12-17 06:59:00-05:00,316.29,316.29,316.29,316.29,0,0.0,0.0
2024-12-17 07:02:00-05:00,316.51,316.51,316.51,316.51,0,0.0,0.0
2024-12-17 07:03:00-05:00,316.5,316.5,316.5,316.5,0,0.0,0.0
2024-12-17 07:05:00-05:00,316.5,316.5,316.5,316.5,0,0.0,0.0
2024-12-17 07:06:00-05:00,316.23,316.23,316.23,316.23,0,0.0,0.0
2024-12-17 07:10:00-05:00,316.46,316.49,316.46,316.49,0,0.0,0.0
2024-12-17 07:11:00-05:00,316.49,316.49,316.49,316.49,0,0.0,0.0
2024-12-17 07:12:00-05:00,316.48,316.48,316.48,316.48,0,0.0,0.0
2024-12-17 07:13:00-05:00,316.5,316.53,316.25,316.31,0,0.0,0.0
2024-12-17 07:14:00-05:00,316.3,316.3,316.23,316.23,0,0.0,0.0
2024-12-17 07:17:00-05:00,316.21,316.21,316.21,316.21,0,0.0,0.0
2024-12-17 07:18:00-05:00,316.11,316.11,316.05,316.05,0,0.0,0.0
2024-12-17 07:19:00-05:00,316.05,316.07,316.0,316.0,0,0.0,0.0
2024-12-17 07:20:00-05:00,316.0,316.0,315.99,315.99,0,0.0,0.0
2024-12-17 07:21:00-05:00,315.94,315.94,315.68,315.68,0,0.0,0.0
2024-12-17 07:24:00-05:00,315.8,315.8,315.8,315.8,0,0.0,0.0
2024-12-17 07:26:00-05:00,315.82,315.82,315.82,315.82,0,0.0,0.0
2024-12-17 07:27:00-05:00,315.82,315.82,315.82,315.82,0,0.0,0.0
2024-12-17 07:28:00-05:00,315.83,315.83,315.83,315.83,0,0.0,0.0
2024-12-17 07:29:00-05:00,315.78,315.78,315.53,315.77,0,0.0,0.0
2024-12-17 07:30:00-05:00,315.77,315.77,315.77,315.77,0,0.0,0.0
2024-12-17 07:34:00-05:00,315.8,315.8,315.8,315.8,0,0.0,0.0
2024-12-17 07:35:00-05:00,315.82,315.82,315.82,315.82,0,0.0,0.0
2024-12-17 07:36:00-05:00,315.83,315.83,315.82,315.82,0,0.0,0.0
2024-12-17 07:37:00-05:00,315.86,315.94,315.79,315.84,0,0.0,0.0
2024-12-17 07:45:00-05:00,315.79,315.79,315.79,315.79,0,0.0,0.0
2024-12-17 07:49:00-05:00,315.79,315.79,315.79,315.79,0,0.0,0.0
2024-12-17 07:55:00-05:00,315.88,315.88,315.8,315.81,0,0.0,0.0
2024-12-17 07:57:00-05:00,315.88,315.88,315.88,315.88,0,0.0,0.0
2024-12-17 07:58:00-05:00,315.81,315.89,315.81,315.89,0,0.0,0.0
2024-12-17 07:59:00-05:00,315.89,315.89,315.88,315.88,0,0.0,0.0
2024-12-17 08:00:00-05:00,316.28,319.9988,310.9612,319.4488,0,0.0,0.0
2024-12-17 08:01:00-05:00,316.9019,316.99,315.53,315.7,0,0.0,0.0
2024-12-17 08:02:00-05:00,315.52,315.8432,315.42,315.8432,0,0.0,0.0
2024-12-17 08:04:00-05:00,315.42,315.702,315.0,315.0,0,0.0,0.0
2024-12-17 08:05:00-05:00,315.21,315.21,315.21,315.21,0,0.0,0.0
2024-12-17 08:07:00-05:00,315.22,315.22,315.22,315.22,0,0.0,0.0
2024-12-17 08:08:00-05:00,315.52,315.52,315.26,315.26,0,0.0,0.0
2024-12-17 08:09:00-05:00,315.49,315.49,315.49,315.49,0,0.0,0.0
2024-12-17 08:10:00-05:00,315.225,315.225,315.225,315.225,0,0.0,0.0
2024-12-17 08:12:00-05:00,315.33,315.33,315.33,315.33,0,0.0,0.0
2024-12-17 08:20:00-05:00,315.33,315.33,315.33,315.33,0,0.0,0.0
2024-12-17 08:24:00-05:00,315.28,316.31,315.28,316.31,0,0.0,0.0
2024-12-17 08:26:00-05:00,316.31,316.31,316.31,316.31,0,0.0,0.0
2024-12-17 08:29:00-05:00,315.69,315.69,315.69,315.69,0,0.0,0.0
2024-12-17 08:31:00-05:00,315.69,315.69,315.69,315.69,0,0.0,0.0
2024-12-17 08:35:00-05:00,315.69,315.69,315.69,315.69,0,0.0,0.0
2024-12-17 08:37:00-05:00,315.89,315.89,315.89,315.89,0,0.0,0.0
2024-12-17 08:38:00-05:00,315.27,315.27,315.27,315.27,0,0.0,0.0
2024-12-17 08:39:00-05:00,315.33,315.42,315.32,315.42,0,0.0,0.0
2024-12-17 08:44:00-05:00,315.5,315.55,315.5,315.55,0,0.0,0.0
2024-12-17 08:45:00-05:00,315.55,315.55,315.1,315.19,0,0.0,0.0
2024-12-17 08:46:00-05:00,315.19,315.19,315.06,315.06,0,0.0,0.0
2024-12-17 08:47:00-05:00,315.0,315.0,315.0,315.0,0,0.0,0.0
2024-12-17 08:48:00-05:00,315.08,315.08,315.08,315.08,0,0.0,0.0
2024-12-17 08:49:00-05:00,315.1,315.1,315.1,315.1,0,0.0,0.0
2024-12-17 08:50:00-05:00,315.55,315.55,315.55,315.55,0,0.0,0.0
2024-12-17 08:52:00-05:00,315.42,315.42,315.42,315.42,0,0.0,0.0
2024-12-17 08:53:00-05:00,315.26,315.26,315.26,315.26,0,0.0,0.0
2024-12-17 08:59:00-05:00,315.31,315.55,315.26,315.55,0,0.0,0.0
2024-12-17 09:00:00-05:00,315.44,315.44,315.44,315.44,0,0.0,0.0
2024-12-17 09:01:00-05:00,315.44,315.54,315.2087,315.54,0,0.0,0.0
2024-12-17 09:02:00-05:00,315.5,315.5,315.43,315.5,0,0.0,0.0
2024-12-17 09:03:00-05:00,315.33,315.33,315.31,315.31,0,0.0,0.0
2024-12-17 09:05:00-05:00,315.34,315.34,315.34,315.34,0,0.0,0.0
2024-12-17 09:08:00-05:00,315.55,315.55,315.55,315.55,0,0.0,0.0
2024-12-17 09:10:00-05:00,315.3,315.425,315.3,315.425,0,0.0,0.0
2024-12-17 09:13:00-05:00,315.55,315.55,315.55,315.55,0,0.0,0.0
2024-12-17 09:30:00-05:00,315.82000732421875,317.25,315.44500732421875,317.25,349791,0.0,0.0
2024-12-17 09:31:00-05:00,317.20001220703125,317.20001220703125,316.31500244140625,316.635009765625,13152,0.0,0.0
2024-12-17 09:32:00-05:00,316.635009765625,316.92999267578125,315.2200012207031,315.2880859375,28860,0.0,0.0
2024-12-17 09:33:00-05:00,315.2900085449219,315.7799987792969,315.2300109863281,315.7149963378906,8871,0.0,0.0
2024-12-17 09:34:00-05:00,315.69000244140625,316.0400085449219,315.4200134277344,315.92999267578125,19045,0.0,0.0
2024-12-17 09:35:00-05:00,315.8699951171875,315.97540283203125,315.510009765625,315.80499267578125,8974,0.0,0.0
2024-12-17 09:36:00-05:00,315.80499267578125,316.0,315.6099853515625,315.6300048828125,4251,0.0,0.0
2024-12-17 09:37:00-05:00,315.8299865722656,316.05499267578125,315.6099853515625,315.8399963378906,12815,0.0,0.0
2024-12-17 09:38:00-05:00,315.9200134277344,316.07000732421875,315.739990234375,315.8900146484375,3598,0.0,0.0
2024-12-17 09:39:00-05:00,315.8900146484375,316.1000061035156,315.6000061035156,315.7699890136719,19322,0.0,0.0
2024-12-17 09:40:00-05:00,315.79998779296875,315.82000732421875,315.54998779296875,315.7300109863281,15984,0.0,0.0
2024-12-17 09:41:00-05:00,315.635009765625,315.70001220703125,315.1400146484375,315.70001220703125,38445,0.0,0.0
2024-12-17 09:42:00-05:00,315.55499267578125,315.55499267578125,315.1499938964844,315.260009765625,15360,0.0,0.0
2024-12-17 09:43:00-05:00,315.19000244140625,315.44000244140625,315.1400146484375,315.3374938964844,6401,0.0,0.0
2024-12-17 09:44:00-05:00,315.4200134277344,315.7099914550781,315.29998779296875,315.6000061035156,15654,0.0,0.0
2024-12-17 09:45:00-05:00,315.6000061035156,315.9800109863281,315.5299987792969,315.760009765625,7418,0.0,0.0
2024-12-17 09:46:00-05:00,315.8699951171875,316.17999267578125,315.8699951171875,316.0249938964844,25477,0.0,0.0
2024-12-17 09:47:00-05:00,315.9154968261719,316.0899963378906,315.8800048828125,316.0,8127,0.0,0.0
2024-12-17 09:48:00-05:00,316.0,316.010009765625,315.79998779296875,315.92999267578125,16695,0.0,0.0
2024-12-17 09:49:00-05:00,315.8999938964844,316.1700134277344,315.7900085449219,316.1700134277344,13297,0.0,0.0
2024-12-17 09:50:00-05:00,316.1700134277344,316.3900146484375,316.1650085449219,316.2900085449219,16115,0.0,0.0
2024-12-17 09:51:00-05:00,316.2388916015625,316.2850036621094,315.92999267578125,316.010009765625,21954,0.0,0.0
2024-12-17 09:52:00-05:00,316.0400085449219,316.30999755859375,316.0400085449219,316.2250061035156,10152,0.0,0.0
2024-12-17 09:53:00-05:00,316.2699890136719,316.3999938964844,316.19500732421875,316.2799987792969,12941,0.0,0.0
2024-12-17 09:54:00-05:00,316.2749938964844,316.6000061035156,316.2699890136719,316.5950012207031,13338,0.0,0.0
2024-12-17 09:55:00-05:00,316.489990234375,316.79998779296875,316.489990234375,316.68499755859375,44653,0.0,0.0
2024-12-17 09:56:00-05:00,316.79998779296875,316.79998779296875,316.6000061035156,316.6449890136719,13853,0.0,0.0
2024-12-17 09:57:00-05:00,316.6449890136719,316.7200012207031,316.5400085449219,316.7200012207031,15150,0.0,0.0
2024-12-17 09:58:00-05:00,316.7200012207031,316.7300109863281,316.6000061035156,316.6549987792969,40377,0.0,0.0
2024-12-17 09:59:00-05:00,316.6549987792969,316.9100036621094,316.6000061035156,316.8999938964844,21838,0.0,0.0
2024-12-17 10:00:00-05:00,316.94000244140625,317.1300048828125,316.7699890136719,317.1300048828125,69881,0.0,0.0
2024-12-17 10:01:00-05:00,317.1300048828125,317.2200012207031,317.0050048828125,317.0199890136719,30237,0.0,0.0
2024-12-17 10:02:00-05:00,317.1400146484375,317.1700134277344,316.95001220703125,316.9700012207031,13823,0.0,0.0
2024-12-17 10:03:00-05:00,316.94500732421875,317.1400146484375,316.94500732421875,317.0899963378906,11998,0.0,0.0
2024-12-17 10:04:00-05:00,317.0799865722656,317.2099914550781,316.9100036621094,316.9100036621094,22769,0.0,0.0
2024-12-17 10:05:00-05:00,316.9649963378906,316.9649963378906,316.4169921875,316.44000244140625,26042,0.0,0.0
2024-12-17 10:06:00-05:00,316.44000244140625,316.5400085449219,316.4100036621094,316.4750061035156,8485,0.0,0.0
2024-12-17 10:07:00-05:00,316.3900146484375,316.42999267578125,316.2099914550781,316.2149963378906,13683,0.0,0.0
2024-12-17 10:08:00-05:00,316.2099914550781,316.30999755859375,316.1400146484375,316.2250061035156,20355,0.0,0.0
2024-12-17 10:09:00-05:00,316.2250061035156,316.67999267578125,316.2250061035156,316.54998779296875,23984,0.0,0.0
2024-12-17 10:10:00-05:00,316.54998779296875,316.7900085449219,316.5,316.70001220703125,27886,0.0,0.0
2024-12-17 10:11:00-05:00,316.70001220703125,316.70001220703125,316.45001220703125,316.5450134277344,15313,0.0,0.0
2024-12-17 10:12:00-05:00,316.5400085449219,316.6600036621094,316.4200134277344,316.5899963378906,21523,0.0,0.0
2024-12-17 10:13:00-05:00,316.6300048828125,316.7200012207031,316.5299987792969,316.6549987792969,13247,0.0,0.0
2024-12-17 10:14:00-05:00,316.6549987792969,316.6600036621094,316.4800109863281,316.510009765625,30503,0.0,0.0
2024-12-17 10:15:00-05:00,316.510009765625,316.9599914550781,316.4200134277344,316.8800048828125,24408,0.0,0.0
2024-12-17 10:16:00-05:00,316.8800048828125,316.9599914550781,316.80999755859375,316.8699951171875,13661,0.0,0.0
2024-12-17 10:17:00-05:00,316.8699951171875,317.07000732421875,316.8699951171875,317.010009765625,21247,0.0,0.0
2024-12-17 10:18:00-05:00,317.0199890136719,317.0400085449219,316.95001220703125,316.9750061035156,3368,0.0,0.0
2024-12-17 10:19:00-05:00,317.0950012207031,317.2200012207031,317.0950012207031,317.1199951171875,26057,0.0,0.0
2024-12-17 10:20:00-05:00,317.1199951171875,317.1499938964844,316.95001220703125,317.0249938964844,20527,0.0,0.0
2024-12-17 10:21:00-05:00,317.0249938964844,317.2799987792969,316.95001220703125,317.2799987792969,23965,0.0,0.0
2024-12-17 10:22:00-05:00,317.2349853515625,317.32000732421875,317.2200012207031,317.2650146484375,12497,0.0,0.0
2024-12-17 10:23:00-05:00,317.2200012207031,317.489990234375,317.1199951171875,317.3800048828125,26876,0.0,0.0
2024-12-17 10:24:00-05:00,317.4100036621094,317.5400085449219,317.3399963378906,317.4125061035156,18327,0.0,0.0
2024-12-17 10:25:00-05:00,317.4150085449219,317.42999267578125,317.29998779296875,317.29998779296875,17886,0.0,0.0
2024-12-17 10:26:00-05:00,317.29998779296875,317.3399963378906,317.2106018066406,317.2799987792969,19764,0.0,0.0
2024-12-17 10:27:00-05:00,317.239990234375,317.2799987792969,317.1499938964844,317.2200012207031,28463,0.0,0.0
2024-12-17 10:28:00-05:00,317.18499755859375,317.2850036621094,316.92999267578125,316.9800109863281,54292,0.0,0.0
2024-12-17 10:29:00-05:00,316.9800109863281,317.1199951171875,316.9200134277344,317.05499267578125,16779,0.0,0.0
2024-12-17 10:30:00-05:00,317.0450134277344,317.3599853515625,316.989990234375,317.3599853515625,21775,0.0,0.0
2024-12-17 10:31:00-05:00,317.2900085449219,317.2900085449219,317.1199951171875,317.19000244140625,18506,0.0,0.0
2024-12-17 10:32:00-05:00,317.19000244140625,317.3500061035156,317.18499755859375,317.239990234375,9053,0.0,0.0
2024-12-17 10:33:00-05:00,317.239990234375,317.4100036621094,317.2200012207031,317.3299865722656,18098,0.0,0.0
2024-12-17 10:34:00-05:00,317.260009765625,317.2799987792969,317.1000061035156,317.2049865722656,12636,0.0,0.0
2024-12-17 10:35:00-05:00,317.2200012207031,317.239990234375,316.75,317.0450134277344,22959,0.0,0.0
2024-12-17 10:36:00-05:00,317.0806884765625,317.2799987792969,317.07000732421875,317.2300109863281,6244,0.0,0.0
2024-12-17 10:37:00-05:00,317.2300109863281,317.2300109863281,317.1099853515625,317.1199951171875,9361,0.0,0.0
2024-12-17 10:38:00-05:00,317.1000061035156,317.2099914550781,316.9800109863281,317.1600036621094,11254,0.0,0.0
2024-12-17 10:39:00-05:00,317.1600036621094,317.2900085449219,317.07000732421875,317.2349853515625,16914,0.0,0.0
2024-12-17 10:40:00-05:00,317.2349853515625,317.25,317.1499938964844,317.239990234375,18485,0.0,0.0
2024-12-17 10:41:00-05:00,317.17999267578125,317.2200012207031,317.1099853515625,317.1700134277344,5164,0.0,0.0
2024-12-17 10:42:00-05:00,317.1650085449219,317.239990234375,317.1099853515625,317.18499755859375,15226,0.0,0.0
2024-12-17 10:43:00-05:00,317.17999267578125,317.2300109863281,317.0299987792969,317.05499267578125,24742,0.0,0.0
2024-12-17 10:44:00-05:00,317.07000732421875,317.1700134277344,317.0299987792969,317.1000061035156,12837,0.0,0.0
2024-12-17 10:45:00-05:00,317.1000061035156,317.1400146484375,317.0299987792969,317.0849914550781,8628,0.0,0.0
2024-12-17 10:46:00-05:00,317.1400146484375,317.25,317.0,317.0450134277344,24401,0.0,0.0
2024-12-17 10:47:00-05:00,317.0450134277344,317.1499938964844,316.9200134277344,317.1099853515625,12107,0.0,0.0
2024-12-17 10:48:00-05:00,317.0899963378906,317.19000244140625,316.95001220703125,316.9949951171875,13260,0.0,0.0
2024-12-17 10:49:00-05:00,316.9949951171875,316.9949951171875,316.8399963378906,316.8399963378906,51656,0.0,0.0
2024-12-17 10:50:00-05:00,316.8900146484375,316.9049987792969,316.7900085449219,316.8299865722656,12796,0.0,0.0
2024-12-17 10:51:00-05:00,316.7980041503906,317.07000732421875,316.7799987792969,317.07000732421875,17563,0.0,0.0
2024-12-17 10:52:00-05:00,317.07000732421875,317.1099853515625,317.07000732421875,317.1099853515625,948,0.0,0.0
2024-12-17 10:54:00-05:00,316.8500061035156,317.010009765625,316.8500061035156,317.010009765625,24757,0.0,0.0
2024-12-17 10:55:00-05:00,316.9800109863281,316.989990234375,316.8900146484375,316.9100036621094,3616,0.0,0.0
2024-12-17 10:56:00-05:00,316.9100036621094,317.1099853515625,316.8699951171875,317.1099853515625,5754,0.0,0.0
2024-12-17 10:57:00-05:00,317.1400146484375,317.2099914550781,317.1000061035156,317.125,8602,0.0,0.0
2024-12-17 10:58:00-05:00,317.125,317.2200012207031,317.0799865722656,317.1600036621094,9599,0.0,0.0
2024-12-17 10:59:00-05:00,317.1600036621094,317.30999755859375,317.1300048828125,317.2300109863281,8749,0.0,0.0
2024-12-17 11:00:00-05:00,317.2300109863281,317.2300109863281,317.1000061035156,317.1549987792969,11200,0.0,0.0
2024-12-17 11:01:00-05:00,317.1600036621094,317.5899963378906,317.1000061035156,317.3699951171875,40400,0.0,0.0
2024-12-17 11:02:00-05:00,317.3500061035156,317.44000244140625,317.2200012207031,317.44000244140625,12451,0.0,0.0
2024-12-17 11:03:00-05:00,317.44000244140625,317.45001220703125,317.3399963378906,317.3399963378906,7741,0.0,0.0
2024-12-17 11:04:00-05:00,317.3399963378906,317.55999755859375,317.3399963378906,317.55999755859375,9257,0.0,0.0
2024-12-17 11:05:00-05:00,317.4800109863281,318.31500244140625,317.4800109863281,318.2950134277344,36431,0.0,0.0
2024-12-17 11:06:00-05:00,318.2900085449219,318.3399963378906,318.2200012207031,318.3299865722656,20039,0.0,0.0
2024-12-17 11:07:00-05:00,318.3299865722656,318.45001220703125,318.2699890136719,318.30999755859375,14558,0.0,0.0
2024-12-17 11:08:00-05:00,318.2300109863281,318.2950134277344,318.04998779296875,318.125,12925,0.0,0.0
2024-12-17 11:09:00-05:00,318.125,318.2300109863281,318.0299987792969,318.1600036621094,11362,0.0,0.0
2024-12-17 11:10:00-05:00,318.1400146484375,318.239990234375,318.0982971191406,318.2300109863281,5699,0.0,0.0
2024-12-17 11:11:00-05:00,318.1499938964844,318.3500061035156,318.1499938964844,318.19000244140625,12038,0.0,0.0
2024-12-17 11:12:00-05:00,318.25,318.2650146484375,318.1199951171875,318.17498779296875,14684,0.0,0.0
2024-12-17 11:13:00-05:00,318.17498779296875,318.17498779296875,318.05999755859375,318.1083068847656,7070,0.0,0.0
2024-12-17 11:14:00-05:00,318.0950012207031,318.19000244140625,318.0299987792969,318.1650085449219,8229,0.0,0.0
2024-12-17 11:15:00-05:00,318.1650085449219,318.3999938964844,318.135009765625,318.3800048828125,10341,0.0,0.0
2024-12-17 11:16:00-05:00,318.364990234375,318.3699951171875,318.260009765625,318.3561096191406,12932,0.0,0.0
2024-12-17 11:17:00-05:00,318.32000732421875,318.44000244140625,318.300537109375,318.385009765625,5440,0.0,0.0
2024-12-17 11:18:00-05:00,318.3599853515625,318.4700012207031,318.30999755859375,318.4200134277344,10098,0.0,0.0
2024-12-17 11:19:00-05:00,318.4549865722656,318.5,318.3439025878906,318.45001220703125,8737,0.0,0.0
2024-12-17 11:20:00-05:00,318.5400085449219,318.5400085449219,318.3599853515625,318.4049987792969,8885,0.0,0.0
2024-12-17 11:21:00-05:00,318.45001220703125,318.61358642578125,318.45001220703125,318.52899169921875,14149,0.0,0.0
2024-12-17 11:22:00-05:00,318.5199890136719,318.6600036621094,318.45001220703125,318.4750061035156,15951,0.0,0.0
2024-12-17 11:23:00-05:00,318.4200134277344,318.42999267578125,318.20001220703125,318.20001220703125,6941,0.0,0.0
2024-12-17 11:24:00-05:00,318.2200012207031,318.2250061035156,318.06500244140625,318.1499938964844,7106,0.0,0.0
2024-12-17 11:25:00-05:00,318.13848876953125,318.29998779296875,318.0899963378906,318.1509094238281,7960,0.0,0.0
2024-12-17 11:26:00-05:00,318.1000061035156,318.25,318.1000061035156,318.2300109863281,2912,0.0,0.0
2024-12-17 11:27:00-05:00,318.1700134277344,318.2650146484375,318.1700134277344,318.2650146484375,5529,0.0,0.0
2024-12-17 11:28:00-05:00,318.2049865722656,318.2200012207031,318.0,318.0,14169,0.0,0.0
2024-12-17 11:29:00-05:00,317.9599914550781,318.0799865722656,317.9410095214844,318.0799865722656,14925,0.0,0.0
2024-12-17 11:30:00-05:00,318.05999755859375,318.1600036621094,318.05999755859375,318.1199951171875,31056,0.0,0.0
2024-12-17 11:31:00-05:00,318.1700134277344,318.3299865722656,318.1449890136719,318.2850036621094,7786,0.0,0.0
2024-12-17 11:32:00-05:00,318.239990234375,318.2900085449219,318.1449890136719,318.19000244140625,10612,0.0,0.0
2024-12-17 11:33:00-05:00,318.1300048828125,318.2200012207031,318.010009765625,318.2200012207031,10245,0.0,0.0
2024-12-17 11:34:00-05:00,318.1549987792969,318.2698974609375,318.0400085449219,318.18499755859375,10860,0.0,0.0
2024-12-17 11:35:00-05:00,318.1824951171875,318.25,318.0899963378906,318.0899963378906,6153,0.0,0.0
2024-12-17 11:36:00-05:00,318.1499938964844,318.1700134277344,318.0356140136719,318.05499267578125,7637,0.0,0.0
2024-12-17 11:37:00-05:00,318.010009765625,318.0199890136719,317.9800109863281,318.0,5898,0.0,0.0
2024-12-17 11:38:00-05:00,317.9869079589844,318.1199951171875,317.94000244140625,318.0899963378906,16537,0.0,0.0
2024-12-17 11:39:00-05:00,318.02960205078125,318.2900085449219,318.02960205078125,318.2149963378906,6419,0.0,0.0
2024-12-17 11:40:00-05:00,318.2149963378906,318.3299865722656,318.1600036621094,318.2900085449219,8243,0.0,0.0
2024-12-17 11:41:00-05:00,318.3033142089844,318.30499267578125,318.25628662109375,318.2900085449219,9260,0.0,0.0
2024-12-17 11:42:00-05:00,318.3500061035156,318.3900146484375,318.32000732421875,318.32000732421875,5102,0.0,0.0
2024-12-17 11:43:00-05:00,318.32000732421875,318.45001220703125,318.29998779296875,318.3800048828125,7842,0.0,0.0
2024-12-17 11:44:00-05:00,318.375,318.4200134277344,318.29998779296875,318.3500061035156,6226,0.0,0.0
2024-12-17 11:45:00-05:00,318.3500061035156,318.4200134277344,318.29998779296875,318.3450012207031,9054,0.0,0.0
2024-12-17 11:46:00-05:00,318.3399963378906,318.3800048828125,318.2099914550781,318.2300109863281,14616,0.0,0.0
2024-12-17 11:47:00-05:00,318.2200012207031,318.30999755859375,318.17999267578125,318.260009765625,11138,0.0,0.0
2024-12-17 11:48:00-05:00,318.2699890136719,318.3299865722656,318.2300109863281,318.32501220703125,5625,0.0,0.0
2024-12-17 11:49:00-05:00,318.29998779296875,318.4599914550781,318.29998779296875,318.4549865722656,7472,0.0,0.0
2024-12-17 11:50:00-05:00,318.4599914550781,318.6000061035156,318.30999755859375,318.3500061035156,14448,0.0,0.0
2024-12-17 11:51:00-05:00,318.3999938964844,318.44000244140625,318.3999938964844,318.44000244140625,2760,0.0,0.0
2024-12-17 11:52:00-05:00,318.3800048828125,318.4800109863281,318.3699951171875,318.3699951171875,8417,0.0,0.0
2024-12-17 11:53:00-05:00,318.3699951171875,318.510009765625,318.3399963378906,318.510009765625,8966,0.0,0.0
2024-12-17 11:54:00-05:00,318.510009765625,318.55999755859375,318.3999938964844,318.55999755859375,4011,0.0,0.0
2024-12-17 11:55:00-05:00,318.6600036621094,318.760009765625,318.6600036621094,318.75,4697,0.0,0.0
2024-12-17 11:56:00-05:00,318.75,318.75,318.6000061035156,318.6669921875,10199,0.0,0.0
2024-12-17 11:57:00-05:00,318.7200012207031,318.7200012207031,318.6000061035156,318.6300048828125,3189,0.0,0.0
2024-12-17 11:58:00-05:00,318.70001220703125,318.739990234375,318.6300048828125,318.739990234375,7862,0.0,0.0
2024-12-17 11:59:00-05:00,318.760009765625,318.8399963378906,318.70001220703125,318.82501220703125,8102,0.0,0.0
2024-12-17 12:00:00-05:00,318.79998779296875,318.81500244140625,318.7099914550781,318.7300109863281,14931,0.0,0.0
2024-12-17 12:01:00-05:00,318.7900085449219,318.8349914550781,318.7200012207031,318.79998779296875,2706,0.0,0.0
2024-12-17 12:02:00-05:00,318.7900085449219,318.7900085449219,318.593505859375,318.593505859375,6448,0.0,0.0
2024-12-17 12:03:00-05:00,318.6499938964844,318.7200012207031,318.6300048828125,318.6600036621094,8205,0.0,0.0
2024-12-17 12:04:00-05:00,318.6600036621094,318.6600036621094,318.4100036621094,318.42999267578125,9381,0.0,0.0
2024-12-17 12:05:00-05:00,318.4700012207031,318.54998779296875,318.3949890136719,318.3949890136719,11843,0.0,0.0
2024-12-17 12:06:00-05:00,318.3900146484375,318.4599914550781,318.32000732421875,318.3599853515625,3680,0.0,0.0
2024-12-17 12:07:00-05:00,318.3349914550781,318.44000244140625,318.32000732421875,318.32000732421875,6944,0.0,0.0
2024-12-17 12:08:00-05:00,318.3500061035156,318.3500061035156,318.239990234375,318.2699890136719,6859,0.0,0.0
2024-12-17 12:09:00-05:00,318.2699890136719,318.3299865722656,318.17999267578125,318.17999267578125,9991,0.0,0.0
2024-12-17 12:10:00-05:00,318.2290344238281,318.2290344238281,318.1401062011719,318.2099914550781,1894,0.0,0.0
2024-12-17 12:11:00-05:00,318.2099914550781,318.2699890136719,318.1600036621094,318.2349853515625,7084,0.0,0.0
2024-12-17 12:12:00-05:00,318.2900085449219,318.3599853515625,318.2799987792969,318.2799987792969,8444,0.0,0.0
2024-12-17 12:13:00-05:00,318.2799987792969,318.2799987792969,318.17999267578125,318.2550048828125,12291,0.0,0.0
2024-12-17 12:14:00-05:00,318.19000244140625,318.2149963378906,318.1000061035156,318.1263732910156,10562,0.0,0.0
2024-12-17 12:15:00-05:00,318.0899963378906,318.260009765625,318.04998779296875,318.25,9215,0.0,0.0
2024-12-17 12:16:00-05:00,318.260009765625,318.260009765625,318.1700134277344,318.25,6195,0.0,0.0
2024-12-17 12:17:00-05:00,318.2372131347656,318.2372131347656,318.0199890136719,318.0199890136719,13394,0.0,0.0
2024-12-17 12:18:00-05:00,318.07000732421875,318.07000732421875,317.8949890136719,317.9800109863281,6490,0.0,0.0
2024-12-17 12:19:00-05:00,317.9800109863281,317.9800109863281,317.8399963378906,317.92498779296875,11643,0.0,0.0
2024-12-17 12:20:00-05:00,317.9700012207031,318.0299987792969,317.8699951171875,317.9100036621094,7014,0.0,0.0
2024-12-17 12:21:00-05:00,317.95001220703125,318.010009765625,317.8399963378906,317.8399963378906,9249,0.0,0.0
2024-12-17 12:22:00-05:00,317.85198974609375,317.8949890136719,317.8299865722656,317.8599853515625,3579,0.0,0.0
2024-12-17 12:23:00-05:00,317.8399963378906,317.8800048828125,317.760009765625,317.80999755859375,7377,0.0,0.0
2024-12-17 12:24:00-05:00,317.80999755859375,317.8900146484375,317.7900085449219,317.79998779296875,8383,0.0,0.0
2024-12-17 12:25:00-05:00,317.8399963378906,317.9599914550781,317.80999755859375,317.80999755859375,9876,0.0,0.0
2024-12-17 12:26:00-05:00,317.79998779296875,317.8500061035156,317.7900085449219,317.7900085449219,2112,0.0,0.0
2024-12-17 12:27:00-05:00,317.7900085449219,317.8420104980469,317.69500732421875,317.697509765625,10734,0.0,0.0
2024-12-17 12:28:00-05:00,317.69500732421875,317.69500732421875,317.6199951171875,317.6499938964844,4120,0.0,0.0
2024-12-17 12:29:00-05:00,317.69000244140625,317.69000244140625,317.5481872558594,317.6499938964844,9101,0.0,0.0
2024-12-17 12:30:00-05:00,317.6700134277344,317.7799987792969,317.6361083984375,317.6600036621094,6567,0.0,0.0
2024-12-17 12:31:00-05:00,317.68499755859375,317.7300109863281,317.5899963378906,317.6300048828125,8277,0.0,0.0
2024-12-17 12:32:00-05:00,317.6600036621094,317.80999755859375,317.6600036621094,317.75,8868,0.0,0.0
2024-12-17 12:33:00-05:00,317.739990234375,317.7950134277344,317.69000244140625,317.75,10524,0.0,0.0
2024-12-17 12:34:00-05:00,317.739990234375,317.7799987792969,317.6600036621094,317.739990234375,10371,0.0,0.0
2024-12-17 12:35:00-05:00,317.79998779296875,317.80999755859375,317.69000244140625,317.7699890136719,4287,0.0,0.0
2024-12-17 12:36:00-05:00,317.760009765625,317.80999755859375,317.7099914550781,317.7099914550781,13219,0.0,0.0
2024-12-17 12:37:00-05:00,317.79998779296875,317.8699951171875,317.75,317.760009765625,15328,0.0,0.0
2024-12-17 12:38:00-05:00,317.760009765625,317.760009765625,317.6099853515625,317.6199951171875,8071,0.0,0.0
2024-12-17 12:39:00-05:00,317.6300048828125,317.82000732421875,317.6099853515625,317.82000732421875,10521,0.0,0.0
2024-12-17 12:40:00-05:00,317.8399963378906,317.94000244140625,317.70159912109375,317.8320007324219,3149,0.0,0.0
2024-12-17 12:41:00-05:00,317.92999267578125,318.0,317.92999267578125,317.9599914550781,4417,0.0,0.0
2024-12-17 12:42:00-05:00,318.0,318.0799865722656,317.96881103515625,318.0799865722656,4605,0.0,0.0
2024-12-17 12:43:00-05:00,318.0342102050781,318.1000061035156,318.0069885253906,318.0899963378906,4742,0.0,0.0
2024-12-17 12:44:00-05:00,318.1000061035156,318.19000244140625,318.0799865722656,318.1549987792969,7882,0.0,0.0
2024-12-17 12:45:00-05:00,318.1199951171875,318.1300048828125,318.04998779296875,318.0899963378906,9266,0.0,0.0
2024-12-17 12:46:00-05:00,318.0950012207031,318.0950012207031,318.0299987792969,318.0625,9304,0.0,0.0
2024-12-17 12:47:00-05:00,318.0899963378906,318.1000061035156,318.0,318.0199890136719,6089,0.0,0.0
2024-12-17 12:48:00-05:00,318.09991455078125,318.09991455078125,317.94000244140625,317.9800109863281,5088,0.0,0.0
2024-12-17 12:49:00-05:00,317.94000244140625,318.0400085449219,317.92999267578125,318.0299987792969,8245,0.0,0.0
2024-12-17 12:50:00-05:00,318.0799865722656,318.20001220703125,318.0400085449219,318.1600036621094,9098,0.0,0.0
2024-12-17 12:51:00-05:00,318.2200012207031,318.2799072265625,318.2200012207031,318.2799072265625,2562,0.0,0.0
2024-12-17 12:52:00-05:00,318.2099914550781,318.2900085449219,318.19000244140625,318.239990234375,5116,0.0,0.0
2024-12-17 12:53:00-05:00,318.2099914550781,318.239990234375,318.1400146484375,318.19000244140625,11331,0.0,0.0
2024-12-17 12:54:00-05:00,318.2012939453125,318.2099914550781,318.14801025390625,318.17999267578125,5899,0.0,0.0
2024-12-17 12:55:00-05:00,318.1700134277344,318.1700134277344,318.1099853515625,318.1449890136719,13644,0.0,0.0
2024-12-17 12:56:00-05:00,318.1000061035156,318.1600036621094,318.1000061035156,318.1257019042969,6770,0.0,0.0
2024-12-17 12:57:00-05:00,318.1424865722656,318.1449890136719,318.0299987792969,318.06500244140625,6512,0.0,0.0
2024-12-17 12:58:00-05:00,318.0199890136719,318.1400146484375,318.0199890136719,318.1300048828125,6484,0.0,0.0
2024-12-17 12:59:00-05:00,318.1400146484375,318.17999267578125,318.1199951171875,318.1199951171875,6488,0.0,0.0
2024-12-17 13:00:00-05:00,318.1199951171875,318.2200012207031,318.1199951171875,318.1700134277344,9966,0.0,0.0
2024-12-17 13:01:00-05:00,318.1700134277344,318.20001220703125,318.0870056152344,318.0870056152344,9104,0.0,0.0
2024-12-17 13:02:00-05:00,318.0899963378906,318.1700134277344,318.0799865722656,318.1050109863281,3852,0.0,0.0
2024-12-17 13:03:00-05:00,318.05999755859375,318.1000061035156,318.010009765625,318.010009765625,8276,0.0,0.0
2024-12-17 13:04:00-05:00,318.05499267578125,318.1400146484375,318.04998779296875,318.0799865722656,7739,0.0,0.0
2024-12-17 13:05:00-05:00,318.0950012207031,318.0950012207031,317.94500732421875,317.94500732421875,10319,0.0,0.0
2024-12-17 13:06:00-05:00,317.9150085449219,317.95001220703125,317.8999938964844,317.92999267578125,8240,0.0,0.0
2024-12-17 13:07:00-05:00,317.9100036621094,317.9100036621094,317.80999755859375,317.8900146484375,9481,0.0,0.0
2024-12-17 13:08:00-05:00,317.8450012207031,317.8450012207031,317.760009765625,317.760986328125,5470,0.0,0.0
2024-12-17 13:09:00-05:00,317.7850036621094,317.82000732421875,317.67999267578125,317.69000244140625,9577,0.0,0.0
2024-12-17 13:10:00-05:00,317.7030944824219,317.9100036621094,317.7030944824219,317.8500061035156,6437,0.0,0.0
2024-12-17 13:11:00-05:00,317.8399963378906,317.92999267578125,317.80010986328125,317.8999938964844,7499,0.0,0.0
2024-12-17 13:12:00-05:00,317.8999938964844,317.9200134277344,317.8500061035156,317.88250732421875,7787,0.0,0.0
2024-12-17 13:13:00-05:00,317.885009765625,317.885009765625,317.79998779296875,317.82000732421875,6248,0.0,0.0
2024-12-17 13:14:00-05:00,317.8299865722656,317.9100036621094,317.8299865722656,317.8924865722656,7543,0.0,0.0
2024-12-17 13:15:00-05:00,317.9100036621094,317.9800109863281,317.8902893066406,317.95001220703125,18171,0.0,0.0
2024-12-17 13:16:00-05:00,317.9200134277344,317.9750061035156,317.79998779296875,317.81500244140625,10169,0.0,0.0
2024-12-17 13:17:00-05:00,317.7699890136719,317.8500061035156,317.7699890136719,317.8500061035156,4895,0.0,0.0
2024-12-17 13:18:00-05:00,317.7998046875,317.8349914550781,317.760009765625,317.80499267578125,14231,0.0,0.0
2024-12-17 13:19:00-05:00,317.7699890136719,317.7799987792969,317.67999267578125,317.69000244140625,10517,0.0,0.0
2024-12-17 13:20:00-05:00,317.7200012207031,317.8299865722656,317.7200012207031,317.7900085449219,14500,0.0,0.0
2024-12-17 13:21:00-05:00,317.8299865722656,317.8999938964844,317.79998779296875,317.8999938964844,15362,0.0,0.0
2024-12-17 13:22:00-05:00,317.8699951171875,317.9100036621094,317.82000732421875,317.8999938964844,5424,0.0,0.0
2024-12-17 13:23:00-05:00,317.8680114746094,317.95001220703125,317.8299865722656,317.83489990234375,10744,0.0,0.0
2024-12-17 13:24:00-05:00,317.80999755859375,317.8299865722656,317.739990234375,317.81500244140625,11962,0.0,0.0
2024-12-17 13:25:00-05:00,317.815185546875,317.8399963378906,317.739990234375,317.739990234375,8007,0.0,0.0
2024-12-17 13:26:00-05:00,317.739990234375,317.94000244140625,317.70001220703125,317.94000244140625,12709,0.0,0.0
2024-12-17 13:27:00-05:00,317.9200134277344,317.9800109863281,317.7799987792969,317.7799987792969,7922,0.0,0.0
2024-12-17 13:28:00-05:00,317.8612060546875,317.8612060546875,317.7699890136719,317.80999755859375,3954,0.0,0.0
2024-12-17 13:29:00-05:00,317.8599853515625,317.8699951171875,317.7699890136719,317.8399963378906,7114,0.0,0.0
2024-12-17 13:30:00-05:00,317.8900146484375,317.8999938964844,317.8299865722656,317.8349914550781,4382,0.0,0.0
2024-12-17 13:31:00-05:00,317.8800048828125,317.8800048828125,317.82000732421875,317.82000732421875,3691,0.0,0.0
2024-12-17 13:32:00-05:00,317.8450012207031,317.94500732421875,317.8299865722656,317.9100036621094,12939,0.0,0.0
2024-12-17 13:33:00-05:00,317.94000244140625,318.010009765625,317.8999938964844,317.8999938964844,12685,0.0,0.0
2024-12-17 13:34:00-05:00,317.93499755859375,317.9700012207031,317.9202880859375,317.9700012207031,4242,0.0,0.0
2024-12-17 13:35:00-05:00,318.0,318.0199890136719,317.9700012207031,318.0,4716,0.0,0.0
2024-12-17 13:36:00-05:00,318.0,318.0,317.8999938964844,317.95001220703125,11459,0.0,0.0
2024-12-17 13:37:00-05:00,317.9800109863281,318.0199890136719,317.94000244140625,318.0199890136719,5112,0.0,0.0
2024-12-17 13:38:00-05:00,317.9800109863281,318.05999755859375,317.9599914550781,318.05999755859375,10126,0.0,0.0
2024-12-17 13:39:00-05:00,318.05999755859375,318.1300048828125,317.92999267578125,318.0249938964844,16151,0.0,0.0
2024-12-17 13:40:00-05:00,318.010009765625,318.04998779296875,317.989990234375,318.0400085449219,6453,0.0,0.0
2024-12-17 13:41:00-05:00,318.010009765625,318.010009765625,317.94000244140625,317.94000244140625,5588,0.0,0.0
2024-12-17 13:42:00-05:00,317.94000244140625,317.9800109863281,317.9200134277344,317.9750061035156,6415,0.0,0.0
2024-12-17 13:43:00-05:00,318.010009765625,318.0199890136719,317.9599914550781,317.9599914550781,3485,0.0,0.0
2024-12-17 13:44:00-05:00,317.9949951171875,318.1000061035156,317.9800109863281,318.0799865722656,6710,0.0,0.0
2024-12-17 13:45:00-05:00,318.04998779296875,318.1499938964844,318.0400085449219,318.1099853515625,4356,0.0,0.0
2024-12-17 13:46:00-05:00,318.1099853515625,318.1199951171875,318.0400085449219,318.07000732421875,5706,0.0,0.0
2024-12-17 13:47:00-05:00,318.1000061035156,318.1300048828125,317.9679870605469,317.9800109863281,12953,0.0,0.0
2024-12-17 13:48:00-05:00,317.9800109863281,317.9800109863281,317.8999938964844,317.8999938964844,7279,0.0,0.0
2024-12-17 13:49:00-05:00,317.9280090332031,318.0400085449219,317.9280090332031,317.989990234375,9937,0.0,0.0
2024-12-17 13:50:00-05:00,317.989990234375,318.1199951171875,317.989990234375,318.1199951171875,7176,0.0,0.0
2024-12-17 13:51:00-05:00,318.1300048828125,318.1300048828125,318.0299987792969,318.0299987792969,2191,0.0,0.0
2024-12-17 13:52:00-05:00,318.1199951171875,318.1700134277344,318.05389404296875,318.1199951171875,3472,0.0,0.0
2024-12-17 13:53:00-05:00,318.17999267578125,318.2200012207031,318.1300048828125,318.1300048828125,9159,0.0,0.0
2024-12-17 13:54:00-05:00,318.17999267578125,318.17999267578125,318.1199951171875,318.1600036621094,5078,0.0,0.0
2024-12-17 13:55:00-05:00,318.1499938964844,318.2850036621094,318.1199951171875,318.2850036621094,10356,0.0,0.0
2024-12-17 13:56:00-05:00,318.31988525390625,318.31988525390625,318.21820068359375,318.21820068359375,10857,0.0,0.0
2024-12-17 13:57:00-05:00,318.2300109863281,318.2799987792969,318.2099914550781,318.2650146484375,5105,0.0,0.0
2024-12-17 13:58:00-05:00,318.2300109863281,318.239990234375,318.0801086425781,318.0801086425781,7301,0.0,0.0
2024-12-17 13:59:00-05:00,318.135009765625,318.18450927734375,318.0799865722656,318.0799865722656,4015,0.0,0.0
2024-12-17 14:00:00-05:00,318.13250732421875,318.135009765625,317.95001220703125,317.9549865722656,11536,0.0,0.0
2024-12-17 14:01:00-05:00,317.9950256347656,318.09991455078125,317.9700012207031,318.0799865722656,8656,0.0,0.0
2024-12-17 14:02:00-05:00,318.1000061035156,318.1000061035156,318.010009765625,318.0400085449219,9073,0.0,0.0
2024-12-17 14:03:00-05:00,318.0696105957031,318.07000732421875,318.0199890136719,318.0199890136719,4241,0.0,0.0
2024-12-17 14:04:00-05:00,318.05499267578125,318.05499267578125,317.8999938964844,317.92498779296875,13792,0.0,0.0
2024-12-17 14:05:00-05:00,317.95001220703125,317.989990234375,317.9100036621094,317.989990234375,9845,0.0,0.0
2024-12-17 14:06:00-05:00,317.9649963378906,317.9649963378906,317.8900146484375,317.8900146484375,6008,0.0,0.0
2024-12-17 14:07:00-05:00,317.8500061035156,317.8800048828125,317.7799987792969,317.7799987792969,7243,0.0,0.0
2024-12-17 14:08:00-05:00,317.8299865722656,317.8299865722656,317.67999267578125,317.67999267578125,7035,0.0,0.0
2024-12-17 14:09:00-05:00,317.7099914550781,317.95001220703125,317.69000244140625,317.95001220703125,12523,0.0,0.0
2024-12-17 14:10:00-05:00,317.885009765625,317.9599914550781,317.6260986328125,317.6700134277344,12278,0.0,0.0
2024-12-17 14:11:00-05:00,317.6199951171875,317.6700134277344,317.6199951171875,317.6499938964844,6905,0.0,0.0
2024-12-17 14:12:00-05:00,317.6700134277344,317.69000244140625,317.5899963378906,317.6650085449219,9511,0.0,0.0
2024-12-17 14:13:00-05:00,317.6600036621094,317.79998779296875,317.6600036621094,317.7850036621094,14154,0.0,0.0
2024-12-17 14:14:00-05:00,317.7699890136719,317.8399963378906,317.760009765625,317.8349914550781,7315,0.0,0.0
2024-12-17 14:15:00-05:00,317.7900085449219,317.92620849609375,317.7900085449219,317.8999938964844,7938,0.0,0.0
2024-12-17 14:16:00-05:00,317.8500061035156,317.8800048828125,317.82000732421875,317.82000732421875,8131,0.0,0.0
2024-12-17 14:17:00-05:00,317.82000732421875,317.8399963378906,317.7900085449219,317.81500244140625,6771,0.0,0.0
2024-12-17 14:18:00-05:00,317.79998779296875,317.8399963378906,317.7200927734375,317.82000732421875,15150,0.0,0.0
2024-12-17 14:19:00-05:00,317.7799987792969,317.81329345703125,317.7799987792969,317.80499267578125,1413,0.0,0.0
2024-12-17 14:20:00-05:00,317.7799987792969,317.7900085449219,317.7300109863281,317.75,11496,0.0,0.0
2024-12-17 14:21:00-05:00,317.75,317.79998779296875,317.7300109863281,317.7650146484375,6835,0.0,0.0
2024-12-17 14:22:00-05:00,317.7699890136719,317.94000244140625,317.7699890136719,317.9100036621094,20185,0.0,0.0
2024-12-17 14:23:00-05:00,317.8999938964844,317.94000244140625,317.8599853515625,317.9100036621094,5736,0.0,0.0
2024-12-17 14:24:00-05:00,317.8900146484375,317.9049987792969,317.8299865722656,317.8699951171875,6148,0.0,0.0
2024-12-17 14:25:00-05:00,317.8699951171875,317.9100036621094,317.8299865722656,317.9100036621094,5835,0.0,0.0
2024-12-17 14:26:00-05:00,317.8949890136719,317.92999267578125,317.8949890136719,317.9200134277344,2991,0.0,0.0
2024-12-17 14:27:00-05:00,317.8800048828125,317.9200134277344,317.7900085449219,317.81500244140625,12513,0.0,0.0
2024-12-17 14:28:00-05:00,317.82000732421875,317.8399963378906,317.75,317.7799987792969,6591,0.0,0.0
2024-12-17 14:29:00-05:00,317.7799987792969,317.79998779296875,317.75,317.7850036621094,5925,0.0,0.0
2024-12-17 14:30:00-05:00,317.7850036621094,317.7900085449219,317.739990234375,317.7611083984375,9000,0.0,0.0
2024-12-17 14:31:00-05:00,317.79998779296875,317.8500061035156,317.7799987792969,317.82000732421875,8613,0.0,0.0
2024-12-17 14:32:00-05:00,317.81500244140625,317.82000732421875,317.75,317.80499267578125,9138,0.0,0.0
2024-12-17 14:33:00-05:00,317.80499267578125,317.8500061035156,317.760009765625,317.79998779296875,9342,0.0,0.0
2024-12-17 14:34:00-05:00,317.79998779296875,317.8599853515625,317.7699890136719,317.80499267578125,9285,0.0,0.0
2024-12-17 14:35:00-05:00,317.82000732421875,317.82000732421875,317.760009765625,317.7699890136719,11163,0.0,0.0
2024-12-17 14:36:00-05:00,317.7799987792969,317.8550109863281,317.7799987792969,317.82000732421875,8965,0.0,0.0
2024-12-17 14:37:00-05:00,317.81500244140625,317.8299865722656,317.760009765625,317.7699890136719,15667,0.0,0.0
2024-12-17 14:38:00-05:00,317.7699890136719,317.8099060058594,317.75,317.75,12865,0.0,0.0
2024-12-17 14:39:00-05:00,317.75,317.8800048828125,317.739990234375,317.8800048828125,12154,0.0,0.0
2024-12-17 14:40:00-05:00,317.8299865722656,317.8399963378906,317.6300048828125,317.6300048828125,15721,0.0,0.0
2024-12-17 14:41:00-05:00,317.6400146484375,317.6549987792969,317.42999267578125,317.45001220703125,9461,0.0,0.0
2024-12-17 14:42:00-05:00,317.4849853515625,317.5199890136719,317.42999267578125,317.5199890136719,10042,0.0,0.0
2024-12-17 14:43:00-05:00,317.5277099609375,317.57000732421875,317.489990234375,317.5299987792969,8635,0.0,0.0
2024-12-17 14:44:00-05:00,317.5400085449219,317.5400085449219,317.42999267578125,317.489990234375,13868,0.0,0.0
2024-12-17 14:45:00-05:00,317.489990234375,317.6000061035156,317.489990234375,317.57000732421875,11585,0.0,0.0
2024-12-17 14:46:00-05:00,317.57000732421875,317.57000732421875,317.45001220703125,317.4599914550781,9287,0.0,0.0
2024-12-17 14:47:00-05:00,317.44000244140625,317.489990234375,317.42999267578125,317.44000244140625,4611,0.0,0.0
2024-12-17 14:48:00-05:00,317.42999267578125,317.5,317.3599853515625,317.5,15939,0.0,0.0
2024-12-17 14:49:00-05:00,317.4599914550781,317.5,317.3800048828125,317.3949890136719,5822,0.0,0.0
2024-12-17 14:50:00-05:00,317.3992919921875,317.3992919921875,317.3299865722656,317.3500061035156,7815,0.0,0.0
2024-12-17 14:51:00-05:00,317.3699951171875,317.3699951171875,317.3299865722656,317.3550109863281,3125,0.0,0.0
2024-12-17 14:52:00-05:00,317.3500061035156,317.3900146484375,317.3299865722656,317.3500061035156,5672,0.0,0.0
2024-12-17 14:53:00-05:00,317.3599853515625,317.3599853515625,317.010009765625,317.05499267578125,20059,0.0,0.0
2024-12-17 14:54:00-05:00,317.05499267578125,317.05499267578125,316.8500061035156,316.9700012207031,11992,0.0,0.0
2024-12-17 14:55:00-05:00,316.95001220703125,316.9800109863281,316.9100036621094,316.9800109863281,7588,0.0,0.0
2024-12-17 14:56:00-05:00,316.92999267578125,316.989990234375,316.92999267578125,316.9800109863281,2602,0.0,0.0
2024-12-17 14:57:00-05:00,316.9800109863281,317.0799865722656,316.9800109863281,317.0299987792969,18092,0.0,0.0
2024-12-17 14:58:00-05:00,317.0400085449219,317.1199951171875,317.0,317.0899963378906,9352,0.0,0.0
2024-12-17 14:59:00-05:00,317.114990234375,317.114990234375,316.989990234375,317.04998779296875,9296,0.0,0.0
2024-12-17 15:00:00-05:00,317.06500244140625,317.07000732421875,316.8299865722656,316.8299865722656,9849,0.0,0.0
2024-12-17 15:01:00-05:00,316.8699951171875,316.8800048828125,316.7137145996094,316.80999755859375,17353,0.0,0.0
2024-12-17 15:02:00-05:00,316.80499267578125,316.80499267578125,316.7099914550781,316.7300109863281,3765,0.0,0.0
2024-12-17 15:03:00-05:00,316.7550048828125,316.7699890136719,316.70001220703125,316.70001220703125,6689,0.0,0.0
2024-12-17 15:04:00-05:00,316.67999267578125,316.739990234375,316.6700134277344,316.7149963378906,18828,0.0,0.0
2024-12-17 15:05:00-05:00,316.7099914550781,316.8500061035156,316.69000244140625,316.80999755859375,10635,0.0,0.0
2024-12-17 15:06:00-05:00,316.80999755859375,316.8299865722656,316.75,316.79998779296875,12168,0.0,0.0
2024-12-17 15:07:00-05:00,316.79998779296875,316.8699951171875,316.760009765625,316.8599853515625,20090,0.0,0.0
2024-12-17 15:08:00-05:00,316.864990234375,316.88519287109375,316.55999755859375,316.55999755859375,14036,0.0,0.0
2024-12-17 15:09:00-05:00,316.6099853515625,316.6766052246094,316.6050109863281,316.6650085449219,7305,0.0,0.0
2024-12-17 15:10:00-05:00,316.70660400390625,316.739990234375,316.5899963378906,316.5899963378906,31694,0.0,0.0
2024-12-17 15:11:00-05:00,316.6400146484375,316.6499938964844,316.510009765625,316.6000061035156,20169,0.0,0.0
2024-12-17 15:12:00-05:00,316.5799865722656,316.6400146484375,316.56500244140625,316.6099853515625,3856,0.0,0.0
2024-12-17 15:13:00-05:00,316.6099853515625,316.6499938964844,316.5050048828125,316.6000061035156,9554,0.0,0.0
2024-12-17 15:14:00-05:00,316.6700134277344,316.78839111328125,316.6400146484375,316.7449951171875,7763,0.0,0.0
2024-12-17 15:15:00-05:00,316.7349853515625,316.75,316.5899963378906,316.5899963378906,13027,0.0,0.0
2024-12-17 15:16:00-05:00,316.6000061035156,316.6000061035156,316.5199890136719,316.5799865722656,8314,0.0,0.0
2024-12-17 15:17:00-05:00,316.5799865722656,316.6300048828125,316.5199890136719,316.5199890136719,5333,0.0,0.0
2024-12-17 15:18:00-05:00,316.57000732421875,316.57000732421875,316.4200134277344,316.5400085449219,12838,0.0,0.0
2024-12-17 15:19:00-05:00,316.5400085449219,316.6499938964844,316.5354919433594,316.6499938964844,14202,0.0,0.0
2024-12-17 15:20:00-05:00,316.6600036621094,316.6700134277344,316.57000732421875,316.6099853515625,12073,0.0,0.0
2024-12-17 15:21:00-05:00,316.6199951171875,316.69000244140625,316.6199951171875,316.69000244140625,4264,0.0,0.0
2024-12-17 15:22:00-05:00,316.68499755859375,316.70721435546875,316.6300048828125,316.6499938964844,11027,0.0,0.0
2024-12-17 15:23:00-05:00,316.6600036621094,316.8349914550781,316.6300048828125,316.7799987792969,7658,0.0,0.0
2024-12-17 15:24:00-05:00,316.7950134277344,316.7950134277344,316.75,316.75,6262,0.0,0.0
2024-12-17 15:25:00-05:00,316.7699890136719,316.8699951171875,316.7699890136719,316.8399963378906,8314,0.0,0.0
2024-12-17 15:26:00-05:00,316.8399963378906,316.9700012207031,316.8299865722656,316.9049987792969,14022,0.0,0.0
2024-12-17 15:27:00-05:00,316.9049987792969,316.9330139160156,316.82000732421875,316.8999938964844,10791,0.0,0.0
2024-12-17 15:28:00-05:00,316.8835144042969,316.9200134277344,316.8399963378906,316.8699951171875,2637,0.0,0.0
2024-12-17 15:29:00-05:00,316.877685546875,316.94000244140625,316.8399963378906,316.8500061035156,15516,0.0,0.0
2024-12-17 15:30:00-05:00,316.8599853515625,316.9200134277344,316.8299865722656,316.864990234375,11957,0.0,0.0
2024-12-17 15:31:00-05:00,316.8599853515625,316.8599853515625,316.7200012207031,316.760009765625,12306,0.0,0.0
2024-12-17 15:32:00-05:00,316.739990234375,316.82000732421875,316.7300109863281,316.80999755859375,12812,0.0,0.0
2024-12-17 15:33:00-05:00,316.8399963378906,316.909912109375,316.82000732421875,316.86920166015625,8228,0.0,0.0
2024-12-17 15:34:00-05:00,316.864990234375,317.05999755859375,316.864990234375,316.9549865722656,16342,0.0,0.0
2024-12-17 15:35:00-05:00,316.9482116699219,317.0198974609375,316.9482116699219,316.9800109863281,5058,0.0,0.0
2024-12-17 15:36:00-05:00,316.9599914550781,317.1199951171875,316.9599914550781,317.0469970703125,9782,0.0,0.0
2024-12-17 15:37:00-05:00,317.0450134277344,317.05120849609375,316.9800109863281,317.0199890136719,4439,0.0,0.0
2024-12-17 15:38:00-05:00,317.010009765625,317.0199890136719,316.9599914550781,316.9849853515625,15170,0.0,0.0
2024-12-17 15:39:00-05:00,316.9849853515625,317.1300048828125,316.9649963378906,317.1300048828125,14829,0.0,0.0
2024-12-17 15:40:00-05:00,317.114990234375,317.2593994140625,317.1050109863281,317.2200012207031,9145,0.0,0.0
2024-12-17 15:41:00-05:00,317.25,317.260009765625,317.2049865722656,317.2099914550781,16819,0.0,0.0
2024-12-17 15:42:00-05:00,317.2099914550781,317.44000244140625,317.2099914550781,317.2950134277344,16661,0.0,0.0
2024-12-17 15:43:00-05:00,317.2900085449219,317.3599853515625,317.2560119628906,317.3349914550781,12141,0.0,0.0
2024-12-17 15:44:00-05:00,317.3450012207031,317.3599853515625,317.2900085449219,317.32501220703125,9606,0.0,0.0
2024-12-17 15:45:00-05:00,317.32000732421875,317.54998779296875,317.32000732421875,317.5450134277344,15897,0.0,0.0
2024-12-17 15:46:00-05:00,317.5249938964844,317.5249938964844,317.3900146484375,317.5050048828125,18585,0.0,0.0
2024-12-17 15:47:00-05:00,317.5050048828125,317.5299987792969,317.45001220703125,317.45001220703125,28325,0.0,0.0
2024-12-17 15:48:00-05:00,317.4549865722656,317.4750061035156,317.3900146484375,317.3999938964844,15559,0.0,0.0
2024-12-17 15:49:00-05:00,317.4100036621094,317.6099853515625,317.3999938964844,317.5,18020,0.0,0.0
2024-12-17 15:50:00-05:00,317.5,317.6700134277344,317.5,317.625,18404,0.0,0.0
2024-12-17 15:51:00-05:00,317.635009765625,317.8500061035156,317.6300048828125,317.7699890136719,37967,0.0,0.0
2024-12-17 15:52:00-05:00,317.79998779296875,317.8500061035156,317.75,317.8160095214844,22044,0.0,0.0
2024-12-17 15:53:00-05:00,317.8599853515625,317.9049987792969,317.7699890136719,317.8699951171875,22080,0.0,0.0
2024-12-17 15:54:00-05:00,317.8699951171875,317.95001220703125,317.7900085449219,317.8599853515625,25671,0.0,0.0
2024-12-17 15:55:00-05:00,317.8299865722656,317.8900146484375,317.739990234375,317.82000732421875,49490,0.0,0.0
2024-12-17 15:56:00-05:00,317.80999755859375,318.3900146484375,317.80999755859375,318.3800048828125,45293,0.0,0.0
2024-12-17 15:57:00-05:00,318.3599853515625,318.5,318.260009765625,318.2650146484375,48418,0.0,0.0
2024-12-17 15:58:00-05:00,318.2799987792969,318.3299865722656,318.0199890136719,318.0299987792969,47422,0.0,0.0
2024-12-17 15:59:00-05:00,318.04998779296875,318.5799865722656,317.8599853515625,317.8800048828125,272267,0.0,0.0
2024-12-17 16:00:00-05:00,317.87,318.32,317.87,318.3,2751283,0.0,0.0
2024-12-17 16:01:00-05:00,318.29,318.78,318.16,318.3,0,0.0,0.0
2024-12-17 16:02:00-05:00,318.3,318.3,317.89,318.3,0,0.0,0.0
2024-12-17 16:03:00-05:00,317.96,318.3,317.96,318.3,0,0.0,0.0
2024-12-17 16:04:00-05:00,317.99,318.0,317.99,318.0,0,0.0,0.0
2024-12-17 16:05:00-05:00,318.3,318.3,318.3,318.3,0,0.0,0.0
2024-12-17 16:06:00-05:00,318.3,318.3,317.89,318.0,0,0.0,0.0
2024-12-17 16:07:00-05:00,318.07,318.09,318.07,318.09,0,0.0,0.0
2024-12-17 16:08:00-05:00,318.09,318.09,317.9608,318.09,0,0.0,0.0
2024-12-17 16:09:00-05:00,318.3,318.3,318.02,318.02,0,0.0,0.0
2024-12-17 16:10:00-05:00,318.06,318.06,318.06,318.06,0,0.0,0.0
2024-12-17 16:13:00-05:00,318.3,318.3,318.3,318.3,0,0.0,0.0
2024-12-17 16:14:00-05:00,318.3,318.3,318.07,318.07,0,0.0,0.0
2024-12-17 16:15:00-05:00,318.18,318.3,318.16,318.3,0,0.0,0.0
2024-12-17 16:16:00-05:00,318.28,318.3,318.02,318.02,0,0.0,0.0
2024-12-17 16:18:00-05:00,318.29,318.3,318.29,318.3,0,0.0,0.0
2024-12-17 16:24:00-05:00,318.3,319.0,318.09,318.09,0,0.0,0.0
2024-12-17 16:25:00-05:00,313.19,313.19,313.19,313.19,0,0.0,0.0
2024-12-17 16:26:00-05:00,318.31,318.4,318.31,318.4,0,0.0,0.0
2024-12-17 16:27:00-05:00,318.16,318.16,318.16,318.16,0,0.0,0.0
2024-12-17 16:28:00-05:00,318.4,318.4,318.4,318.4,0,0.0,0.0
2024-12-17 16:30:00-05:00,318.4,318.4,318.4,318.4,0,0.0,0.0
2024-12-17 16:32:00-05:00,318.3,318.7,318.29,318.7,0,0.0,0.0
2024-12-17 16:35:00-05:00,318.7,318.7,318.6,318.6,0,0.0,0.0
2024-12-17 16:39:00-05:00,318.6,318.6,318.6,318.6,0,0.0,0.0
2024-12-17 16:40:00-05:00,319.0,319.0,319.0,319.0,0,0.0,0.0
2024-12-17 16:42:00-05:00,319.0,319.0,319.0,319.0,0,0.0,0.0
2024-12-17 16:44:00-05:00,317.81,317.81,317.81,317.81,0,0.0,0.0
2024-12-17 16:46:00-05:00,318.48,318.5,317.83,318.3,0,0.0,0.0
2024-12-17 16:50:00-05:00,317.81,317.81,317.81,317.81,0,0.0,0.0
2024-12-17 16:53:00-05:00,318.48,318.49,318.48,318.49,0,0.0,0.0
2024-12-17 16:54:00-05:00,318.3,318.3,318.3,318.3,0,0.0,0.0
2024-12-17 16:55:00-05:00,318.34,318.34,318.34,318.34,0,0.0,0.0
2024-12-17 16:56:00-05:00,318.3,318.3,318.3,318.3,0,0.0,0.0
2024-12-17 16:57:00-05:00,317.81,317.81,317.81,317.81,0,0.0,0.0
2024-12-17 17:04:00-05:00,318.31,318.31,318.27,318.27,0,0.0,0.0
2024-12-17 17:05:00-05:00,318.27,318.27,318.27,318.27,0,0.0,0.0
2024-12-17 17:06:00-05:00,319.0,319.0,319.0,319.0,0,0.0,0.0
2024-12-17 17:07:00-05:00,318.27,318.3,317.9,318.3,0,0.0,0.0
2024-12-17 17:08:00-05:00,318.29,318.3,318.29,318.3,0,0.0,0.0
2024-12-17 17:10:00-05:00,318.3,318.3,318.3,318.3,0,0.0,0.0
2024-12-17 17:15:00-05:00,318.29,318.29,318.29,318.29,0,0.0,0.0
2024-12-17 17:20:00-05:00,318.26,318.26,318.26,318.26,0,0.0,0.0
2024-12-17 17:21:00-05:00,318.24,318.24,318.24,318.24,0,0.0,0.0
2024-12-17 17:22:00-05:00,318.24,318.24,318.24,318.24,0,0.0,0.0
2024-12-17 17:23:00-05:00,318.15,318.15,318.15,318.15,0,0.0,0.0
2024-12-17 17:24:00-05:00,317.81,317.81,317.81,317.81,0,0.0,0.0
2024-12-17 17:25:00-05:00,318.14,318.2877,317.84,318.2877,0,0.0,0.0
2024-12-17 17:26:00-05:00,318.03,318.03,318.03,318.03,0,0.0,0.0
2024-12-17 17:29:00-05:00,318.3,318.3,318.3,318.3,0,0.0,0.0
2024-12-17 17:32:00-05:00,318.02,318.02,318.02,318.02,0,0.0,0.0
2024-12-17 17:35:00-05:00,318.3,318.3,318.3,318.3,0,0.0,0.0
2024-12-17 17:36:00-05:00,318.19,318.25,318.19,318.25,0,0.0,0.0
2024-12-17 17:37:00-05:00,318.2,318.29,318.2,318.29,0,0.0,0.0
2024-12-17 17:39:00-05:00,318.28,318.28,318.28,318.28,0,0.0,0.0
2024-12-17 17:40:00-05:00,318.28,318.29,318.28,318.29,0,0.0,0.0
2024-12-17 17:41:00-05:00,318.29,318.29,318.29,318.29,0,0.0,0.0
2024-12-17 17:43:00-05:00,318.29,318.29,318.29,318.29,0,0.0,0.0
2024-12-17 17:45:00-05:00,318.3,318.3,318.3,318.3,0,0.0,0.0
2024-12-17 17:47:00-05:00,318.29,318.3,318.29,318.3,0,0.0,0.0
2024-12-17 17:48:00-05:00,318.3,318.3,318.3,318.3,0,0.0,0.0
2024-12-17 17:49:00-05:00,318.3,318.3,318.3,318.3,0,0.0,0.0
2024-12-17 17:58:00-05:00,318.28,318.28,318.28,318.28,0,0.0,0.0
2024-12-17 17:59:00-05:00,318.28,318.28,318.28,318.28,0,0.0,0.0
2024-12-17 18:01:00-05:00,318.2,318.26,317.91,318.26,0,0.0,0.0
2024-12-17 18:02:00-05:00,318.26,318.26,318.12,318.12,0,0.0,0.0
2024-12-17 18:04:00-05:00,318.12,318.12,318.12,318.12,0,0.0,0.0
2024-12-17 18:19:00-05:00,318.15,318.15,318.15,318.15,0,0.0,0.0
2024-12-17 18:20:00-05:00,318.3,318.3,318.3,318.3,0,0.0,0.0
2024-12-17 18:21:00-05:00,318.28,318.28,318.28,318.28,0,0.0,0.0
2024-12-17 18:22:00-05:00,318.27,318.29,318.27,318.29,0,0.0,0.0
2024-12-17 18:24:00-05:00,318.18,318.29,318.18,318.29,0,0.0,0.0
2024-12-17 18:26:00-05:00,318.27,318.28,318.27,318.28,0,0.0,0.0
2024-12-17 18:28:00-05:00,318.28,318.28,318.28,318.28,0,0.0,0.0
2024-12-17 18:43:00-05:00,318.27,318.27,318.27,318.27,0,0.0,0.0
2024-12-17 18:44:00-05:00,318.28,318.28,318.28,318.28,0,0.0,0.0
2024-12-17 18:46:00-05:00,318.28,318.28,318.28,318.28,0,0.0,0.0
2024-12-17 18:47:00-05:00,318.28,318.28,318.28,318.28,0,0.0,0.0
2024-12-17 18:50:00-05:00,318.17,318.17,318.17,318.17,0,0.0,0.0
2024-12-17 18:52:00-05:00,318.2788,318.2788,318.2788,318.2788,0,0.0,0.0
2024-12-17 18:56:00-05:00,318.2788,318.2788,318.2788,318.2788,0,0.0,0.0
2024-12-17 19:06:00-05:00,318.27,318.27,318.27,318.27,0,0.0,0.0
2024-12-17 19:16:00-05:00,315.0,315.0,315.0,315.0,0,0.0,0.0
2024-12-17 19:23:00-05:00,318.3,318.3,317.52,317.52,0,0.0,0.0
2024-12-17 19:24:00-05:00,318.3,318.3,318.3,318.3,0,0.0,0.0
2024-12-17 19:32:00-05:00,318.28,318.28,318.28,318.28,0,0.0,0.0
2024-12-17 19:34:00-05:00,317.5,318.16,317.5,318.16,0,0.0,0.0
2024-12-17 19:39:00-05:00,318.28,318.28,318.28,318.28,0,0.0,0.0
2024-12-17 19:41:00-05:00,318.28,318.28,318.16,318.16,0,0.0,0.0
2024-12-17 19:51:00-05:00,317.5,318.28,317.5,318.28,0,0.0,0.0
2024-12-17 19:53:00-05:00,318.28,318.28,318.28,318.28,0,0.0,0.0
2024-12-17 19:55:00-05:00,317.5,317.5,317.5,317.5,0,0.0,0.0
2024-12-17 19:56:20-05:00,318.29,318.29,318.29,318.29,0,0.0,0.0
