time,Open,High,Low,Close,Volume,Dividends,Stock Splits
2024-12-04 04:00:00-05:00,313.88,314.93,313.22,313.47,0,0.0,0.0
2024-12-04 04:03:00-05:00,313.2,313.23,313.02,313.02,0,0.0,0.0
2024-12-04 04:04:00-05:00,313.16,313.16,313.16,313.16,0,0.0,0.0
2024-12-04 04:06:00-05:00,313.03,313.11,313.0,313.11,0,0.0,0.0
2024-12-04 04:08:00-05:00,313.13,313.13,313.13,313.13,0,0.0,0.0
2024-12-04 04:11:00-05:00,313.15,313.15,313.15,313.15,0,0.0,0.0
2024-12-04 04:14:00-05:00,313.15,313.15,313.15,313.15,0,0.0,0.0
2024-12-04 04:16:00-05:00,313.15,313.15,313.15,313.15,0,0.0,0.0
2024-12-04 04:17:00-05:00,313.1,313.13,313.1,313.13,0,0.0,0.0
2024-12-04 04:18:00-05:00,313.1,313.1,313.03,313.1,0,0.0,0.0
2024-12-04 04:21:00-05:00,313.22,313.22,313.22,313.22,0,0.0,0.0
2024-12-04 04:22:00-05:00,313.14,313.22,313.14,313.22,0,0.0,0.0
2024-12-04 04:24:00-05:00,313.13,313.13,313.13,313.13,0,0.0,0.0
2024-12-04 04:25:00-05:00,313.12,313.12,313.12,313.12,0,0.0,0.0
2024-12-04 04:26:00-05:00,313.14,313.14,313.02,313.05,0,0.0,0.0
2024-12-04 04:28:00-05:00,313.05,313.05,313.05,313.05,0,0.0,0.0
2024-12-04 04:29:00-05:00,313.43,313.43,313.43,313.43,0,0.0,0.0
2024-12-04 04:38:00-05:00,313.05,313.05,313.0,313.01,0,0.0,0.0
2024-12-04 04:41:00-05:00,313.01,313.04,313.01,313.04,0,0.0,0.0
2024-12-04 04:42:00-05:00,313.03,313.05,313.0,313.0,0,0.0,0.0
2024-12-04 04:43:00-05:00,313.0,313.0,313.0,313.0,0,0.0,0.0
2024-12-04 04:48:00-05:00,312.79,312.79,312.79,312.79,0,0.0,0.0
2024-12-04 04:49:00-05:00,312.8,312.8,312.8,312.8,0,0.0,0.0
2024-12-04 04:52:00-05:00,313.0,313.01,313.0,313.01,0,0.0,0.0
2024-12-04 04:54:00-05:00,313.01,313.01,312.86,312.86,0,0.0,0.0
2024-12-04 04:56:00-05:00,313.01,313.01,312.83,312.83,0,0.0,0.0
2024-12-04 04:57:00-05:00,312.83,312.83,312.83,312.83,0,0.0,0.0
2024-12-04 04:59:00-05:00,312.83,312.83,312.83,312.83,0,0.0,0.0
2024-12-04 05:00:00-05:00,312.83,312.83,312.83,312.83,0,0.0,0.0
2024-12-04 05:02:00-05:00,312.97,312.97,312.76,312.76,0,0.0,0.0
2024-12-04 05:04:00-05:00,312.87,312.87,312.87,312.87,0,0.0,0.0
2024-12-04 05:05:00-05:00,312.97,312.97,312.97,312.97,0,0.0,0.0
2024-12-04 05:06:00-05:00,312.86,312.86,312.85,312.85,0,0.0,0.0
2024-12-04 05:10:00-05:00,312.87,312.87,312.76,312.76,0,0.0,0.0
2024-12-04 05:11:00-05:00,312.83,312.83,312.78,312.78,0,0.0,0.0
2024-12-04 05:12:00-05:00,312.84,312.84,312.82,312.83,0,0.0,0.0
2024-12-04 05:13:00-05:00,312.9,312.9,312.89,312.89,0,0.0,0.0
2024-12-04 05:14:00-05:00,312.89,312.89,312.89,312.89,0,0.0,0.0
2024-12-04 05:15:00-05:00,312.97,312.97,312.97,312.97,0,0.0,0.0
2024-12-04 05:16:00-05:00,312.99,312.99,312.99,312.99,0,0.0,0.0
2024-12-04 05:19:00-05:00,312.76,312.76,312.76,312.76,0,0.0,0.0
2024-12-04 05:22:00-05:00,312.97,313.2,312.81,313.2,0,0.0,0.0
2024-12-04 05:24:00-05:00,313.39,313.39,312.85,312.85,0,0.0,0.0
2024-12-04 05:25:00-05:00,313.19,313.19,313.19,313.19,0,0.0,0.0
2024-12-04 05:26:00-05:00,312.9,312.9,312.9,312.9,0,0.0,0.0
2024-12-04 05:29:00-05:00,312.9,312.9,312.9,312.9,0,0.0,0.0
2024-12-04 05:30:00-05:00,312.9,312.9,312.65,312.65,0,0.0,0.0
2024-12-04 05:36:00-05:00,313.03,313.03,312.78,312.78,0,0.0,0.0
2024-12-04 05:43:00-05:00,312.78,312.78,312.78,312.78,0,0.0,0.0
2024-12-04 05:54:00-05:00,312.8,313.14,312.78,313.14,0,0.0,0.0
2024-12-04 05:59:00-05:00,313.14,313.14,313.14,313.14,0,0.0,0.0
2024-12-04 06:12:00-05:00,312.93,312.93,312.7,312.7,0,0.0,0.0
2024-12-04 06:13:00-05:00,312.7,312.7,312.7,312.7,0,0.0,0.0
2024-12-04 06:18:00-05:00,313.0,313.01,312.7,312.7,0,0.0,0.0
2024-12-04 06:19:00-05:00,312.61,312.61,312.61,312.61,0,0.0,0.0
2024-12-04 06:20:00-05:00,312.99,313.01,312.99,313.01,0,0.0,0.0
2024-12-04 06:21:00-05:00,312.68,313.05,312.58,312.58,0,0.0,0.0
2024-12-04 06:24:00-05:00,313.17,313.17,313.17,313.17,0,0.0,0.0
2024-12-04 06:29:00-05:00,313.17,313.17,313.17,313.17,0,0.0,0.0
2024-12-04 06:33:00-05:00,312.98,312.98,312.98,312.98,0,0.0,0.0
2024-12-04 06:36:00-05:00,313.0,313.0,313.0,313.0,0,0.0,0.0
2024-12-04 06:39:00-05:00,313.05,313.05,313.05,313.05,0,0.0,0.0
2024-12-04 06:43:00-05:00,313.05,313.05,313.05,313.05,0,0.0,0.0
2024-12-04 06:48:00-05:00,313.0,313.0,313.0,313.0,0,0.0,0.0
2024-12-04 06:49:00-05:00,313.16,313.16,313.16,313.16,0,0.0,0.0
2024-12-04 06:50:00-05:00,313.17,313.17,313.17,313.17,0,0.0,0.0
2024-12-04 06:52:00-05:00,312.82,312.84,312.66,312.8,0,0.0,0.0
2024-12-04 06:53:00-05:00,312.65,313.11,312.65,313.11,0,0.0,0.0
2024-12-04 06:54:00-05:00,312.61,312.61,312.51,312.6,0,0.0,0.0
2024-12-04 06:56:00-05:00,312.47,312.51,312.47,312.51,0,0.0,0.0
2024-12-04 06:59:00-05:00,312.51,312.87,312.51,312.87,0,0.0,0.0
2024-12-04 07:00:00-05:00,312.84,313.25,312.57,312.61,0,0.0,0.0
2024-12-04 07:03:00-05:00,312.64,312.64,312.64,312.64,0,0.0,0.0
2024-12-04 07:04:00-05:00,312.65,312.65,312.63,312.63,0,0.0,0.0
2024-12-04 07:09:00-05:00,312.67,312.67,312.67,312.67,0,0.0,0.0
2024-12-04 07:10:00-05:00,312.71,312.71,312.71,312.71,0,0.0,0.0
2024-12-04 07:12:00-05:00,312.72,312.72,312.71,312.71,0,0.0,0.0
2024-12-04 07:14:00-05:00,312.71,312.71,312.71,312.71,0,0.0,0.0
2024-12-04 07:25:00-05:00,312.83,312.94,312.83,312.91,0,0.0,0.0
2024-12-04 07:27:00-05:00,312.73,312.73,312.73,312.73,0,0.0,0.0
2024-12-04 07:28:00-05:00,312.73,312.73,312.73,312.73,0,0.0,0.0
2024-12-04 07:29:00-05:00,312.73,312.73,312.73,312.73,0,0.0,0.0
2024-12-04 07:30:00-05:00,312.74,312.74,312.6,312.6,0,0.0,0.0
2024-12-04 07:33:00-05:00,312.55,312.55,312.03,312.36,0,0.0,0.0
2024-12-04 07:35:00-05:00,312.25,312.25,312.25,312.25,0,0.0,0.0
2024-12-04 07:36:00-05:00,312.25,312.48,312.24,312.24,0,0.0,0.0
2024-12-04 07:38:00-05:00,312.13,312.13,312.1,312.1,0,0.0,0.0
2024-12-04 07:39:00-05:00,312.27,312.27,312.27,312.27,0,0.0,0.0
2024-12-04 07:40:00-05:00,312.11,312.11,312.11,312.11,0,0.0,0.0
2024-12-04 07:41:00-05:00,312.16,312.23,312.16,312.23,0,0.0,0.0
2024-12-04 07:43:00-05:00,312.12,312.12,312.1,312.12,0,0.0,0.0
2024-12-04 07:44:00-05:00,312.12,312.44,312.12,312.18,0,0.0,0.0
2024-12-04 07:48:00-05:00,312.2,312.2,312.2,312.2,0,0.0,0.0
2024-12-04 07:49:00-05:00,312.34,312.34,312.23,312.23,0,0.0,0.0
2024-12-04 07:50:00-05:00,312.23,312.23,312.2,312.2,0,0.0,0.0
2024-12-04 07:51:00-05:00,312.2,312.2,312.2,312.2,0,0.0,0.0
2024-12-04 07:52:00-05:00,312.12,312.12,312.1,312.1,0,0.0,0.0
2024-12-04 07:55:00-05:00,312.16,312.16,312.16,312.16,0,0.0,0.0
2024-12-04 07:56:00-05:00,312.3,312.3,312.3,312.3,0,0.0,0.0
2024-12-04 07:59:00-05:00,312.3,312.3,312.3,312.3,0,0.0,0.0
2024-12-04 08:00:00-05:00,311.5395,315.0488,311.5395,312.78,0,0.0,0.0
2024-12-04 08:03:00-05:00,312.41,312.41,312.41,312.41,0,0.0,0.0
2024-12-04 08:04:00-05:00,312.23,312.23,312.23,312.23,0,0.0,0.0
2024-12-04 08:05:00-05:00,313.01,313.01,312.18,312.356,0,0.0,0.0
2024-12-04 08:06:00-05:00,312.3,312.3,312.3,312.3,0,0.0,0.0
2024-12-04 08:07:00-05:00,312.3,312.3,311.81,311.81,0,0.0,0.0
2024-12-04 08:08:00-05:00,312.3,312.3,312.3,312.3,0,0.0,0.0
2024-12-04 08:10:00-05:00,312.3,312.3,312.22,312.22,0,0.0,0.0
2024-12-04 08:14:00-05:00,312.22,312.22,312.22,312.22,0,0.0,0.0
2024-12-04 08:16:00-05:00,312.3,312.3,312.3,312.3,0,0.0,0.0
2024-12-04 08:17:00-05:00,312.3,312.3,312.22,312.22,0,0.0,0.0
2024-12-04 08:20:00-05:00,312.2,312.2,312.2,312.2,0,0.0,0.0
2024-12-04 08:21:00-05:00,312.2,312.2,312.18,312.18,0,0.0,0.0
2024-12-04 08:22:00-05:00,312.13,312.13,311.81,311.81,0,0.0,0.0
2024-12-04 08:23:00-05:00,312.29,312.29,312.29,312.29,0,0.0,0.0
2024-12-04 08:27:00-05:00,312.3,312.35,312.3,312.31,0,0.0,0.0
2024-12-04 08:28:00-05:00,312.3,312.87,311.81,312.32,0,0.0,0.0
2024-12-04 08:30:00-05:00,312.22,312.26,311.81,311.99,0,0.0,0.0
2024-12-04 08:31:00-05:00,312.11,312.11,312.03,312.03,0,0.0,0.0
2024-12-04 08:32:00-05:00,312.0,312.0,311.93,311.93,0,0.0,0.0
2024-12-04 08:33:00-05:00,311.99,311.99,311.93,311.93,0,0.0,0.0
2024-12-04 08:35:00-05:00,312.88,312.88,312.88,312.88,0,0.0,0.0
2024-12-04 08:36:00-05:00,311.94,311.94,311.94,311.94,0,0.0,0.0
2024-12-04 08:37:00-05:00,312.02,312.15,311.97,312.04,0,0.0,0.0
2024-12-04 08:38:00-05:00,312.03,312.3,312.03,312.3,0,0.0,0.0
2024-12-04 08:40:00-05:00,312.31,312.55,312.31,312.5,0,0.0,0.0
2024-12-04 08:41:00-05:00,312.4,312.87,312.3,312.3075,0,0.0,0.0
2024-12-04 08:42:00-05:00,312.3167,312.3167,312.3167,312.3167,0,0.0,0.0
2024-12-04 08:43:00-05:00,312.48,312.52,312.48,312.52,0,0.0,0.0
2024-12-04 08:44:00-05:00,312.57,312.58,312.5,312.5,0,0.0,0.0
2024-12-04 08:46:00-05:00,312.55,312.55,312.55,312.55,0,0.0,0.0
2024-12-04 08:47:00-05:00,312.345,312.55,312.31,312.43,0,0.0,0.0
2024-12-04 08:48:00-05:00,312.4,312.4,312.4,312.4,0,0.0,0.0
2024-12-04 08:49:00-05:00,312.48,312.48,312.48,312.48,0,0.0,0.0
2024-12-04 08:52:00-05:00,312.44,312.44,312.4,312.4,0,0.0,0.0
2024-12-04 08:53:00-05:00,312.44,312.44,312.44,312.44,0,0.0,0.0
2024-12-04 08:54:00-05:00,312.41,312.41,312.04,312.27,0,0.0,0.0
2024-12-04 08:55:00-05:00,312.41,312.79,312.3,312.3,0,0.0,0.0
2024-12-04 08:58:00-05:00,312.3,312.3,312.3,312.3,0,0.0,0.0
2024-12-04 09:01:00-05:00,312.2583,312.38,312.2583,312.38,0,0.0,0.0
2024-12-04 09:04:00-05:00,312.88,312.88,312.88,312.88,0,0.0,0.0
2024-12-04 09:05:00-05:00,311.86,312.46,311.86,312.39,0,0.0,0.0
2024-12-04 09:06:00-05:00,312.48,312.48,312.48,312.48,0,0.0,0.0
2024-12-04 09:08:00-05:00,312.54,312.54,312.54,312.54,0,0.0,0.0
2024-12-04 09:09:00-05:00,312.48,312.55,312.48,312.53,0,0.0,0.0
2024-12-04 09:10:00-05:00,311.86,312.56,311.86,312.56,0,0.0,0.0
2024-12-04 09:13:00-05:00,312.88,312.88,312.88,312.88,0,0.0,0.0
2024-12-04 09:30:00-05:00,311.5400085449219,311.5400085449219,311.5400085449219,311.5400085449219,149952,0.0,0.0
2024-12-04 09:31:00-05:00,311.5400085449219,312.2900085449219,311.5400085449219,312.2900085449219,16544,0.0,0.0
2024-12-04 09:32:00-05:00,312.1700134277344,312.4200134277344,311.5799865722656,311.6700134277344,12225,0.0,0.0
2024-12-04 09:33:00-05:00,311.8299865722656,311.8999938964844,311.5299987792969,311.6700134277344,14963,0.0,0.0
2024-12-04 09:34:00-05:00,311.7799987792969,311.7799987792969,311.4200134277344,311.42999267578125,15769,0.0,0.0
2024-12-04 09:35:00-05:00,311.42999267578125,311.73968505859375,311.2500915527344,311.4700012207031,14674,0.0,0.0
2024-12-04 09:36:00-05:00,311.29998779296875,311.29998779296875,310.80999755859375,310.9700012207031,19369,0.0,0.0
2024-12-04 09:37:00-05:00,311.0450134277344,311.3041076660156,310.9700012207031,311.20001220703125,8694,0.0,0.0
2024-12-04 09:38:00-05:00,311.2200012207031,311.2300109863281,310.9599914550781,311.1000061035156,5483,0.0,0.0
2024-12-04 09:39:00-05:00,311.1099853515625,311.20001220703125,310.989990234375,311.1499938964844,7298,0.0,0.0
2024-12-04 09:40:00-05:00,311.1099853515625,311.2200012207031,310.82000732421875,310.8699951171875,13627,0.0,0.0
2024-12-04 09:41:00-05:00,310.875,311.010009765625,310.80999755859375,310.831298828125,9816,0.0,0.0
2024-12-04 09:42:00-05:00,310.95001220703125,311.04998779296875,310.8900146484375,311.0400085449219,11222,0.0,0.0
2024-12-04 09:43:00-05:00,311.0299987792969,311.0299987792969,310.70001220703125,310.70001220703125,6879,0.0,0.0
2024-12-04 09:44:00-05:00,310.7799987792969,310.7799987792969,310.510009765625,310.5199890136719,6262,0.0,0.0
2024-12-04 09:45:00-05:00,310.5799865722656,310.760009765625,310.5,310.75,9755,0.0,0.0
2024-12-04 09:46:00-05:00,310.6700134277344,310.80999755859375,310.6700134277344,310.75,7557,0.0,0.0
2024-12-04 09:47:00-05:00,310.7200012207031,310.739990234375,310.375,310.38018798828125,11597,0.0,0.0
2024-12-04 09:48:00-05:00,310.29998779296875,310.32000732421875,309.8800048828125,309.8800048828125,29445,0.0,0.0
2024-12-04 09:49:00-05:00,309.8800048828125,310.0,309.8800048828125,309.8800048828125,12450,0.0,0.0
2024-12-04 09:50:00-05:00,309.8800048828125,310.20001220703125,309.75,310.1409912109375,25015,0.0,0.0
2024-12-04 09:51:00-05:00,310.22918701171875,310.4700012207031,310.19000244140625,310.4700012207031,11870,0.0,0.0
2024-12-04 09:52:00-05:00,310.3800048828125,310.3800048828125,310.2200012207031,310.2449951171875,3657,0.0,0.0
2024-12-04 09:53:00-05:00,310.29998779296875,310.3500061035156,310.16009521484375,310.3399963378906,9000,0.0,0.0
2024-12-04 09:54:00-05:00,310.3399963378906,310.3500061035156,310.1600036621094,310.3450012207031,9321,0.0,0.0
2024-12-04 09:55:00-05:00,310.42999267578125,310.5,310.3599853515625,310.3999938964844,5980,0.0,0.0
2024-12-04 09:56:00-05:00,310.45001220703125,310.5,310.3299865722656,310.5,9142,0.0,0.0
2024-12-04 09:57:00-05:00,310.5400085449219,310.6499938964844,310.5299987792969,310.6499938964844,10419,0.0,0.0
2024-12-04 09:58:00-05:00,310.6499938964844,310.6700134277344,310.4599914550781,310.5,12761,0.0,0.0
2024-12-04 09:59:00-05:00,310.4599914550781,310.5400085449219,310.45001220703125,310.4649963378906,9421,0.0,0.0
2024-12-04 10:00:00-05:00,310.42999267578125,310.5799865722656,310.25,310.25,17708,0.0,0.0
2024-12-04 10:01:00-05:00,310.3399963378906,310.3699951171875,310.1400146484375,310.2699890136719,7537,0.0,0.0
2024-12-04 10:02:00-05:00,310.2699890136719,310.29998779296875,310.1000061035156,310.15008544921875,7849,0.0,0.0
2024-12-04 10:03:00-05:00,310.2200012207031,310.2699890136719,310.1199951171875,310.1600036621094,9581,0.0,0.0
2024-12-04 10:04:00-05:00,310.1600036621094,310.1700134277344,310.07000732421875,310.1099853515625,9180,0.0,0.0
2024-12-04 10:05:00-05:00,310.1099853515625,310.1499938964844,310.02239990234375,310.1400146484375,12923,0.0,0.0
2024-12-04 10:06:00-05:00,310.09381103515625,310.2044982910156,309.9700012207031,310.2044982910156,22861,0.0,0.0
2024-12-04 10:07:00-05:00,310.19000244140625,310.19000244140625,309.8999938964844,309.8999938964844,8339,0.0,0.0
2024-12-04 10:08:00-05:00,309.9549865722656,310.1700134277344,309.94000244140625,310.1600036621094,13204,0.0,0.0
2024-12-04 10:09:00-05:00,310.1700134277344,310.2900085449219,310.0799865722656,310.1099853515625,18214,0.0,0.0
2024-12-04 10:10:00-05:00,310.0899963378906,310.3800048828125,310.0,310.2900085449219,15484,0.0,0.0
2024-12-04 10:11:00-05:00,310.2950134277344,310.2950134277344,310.0400085449219,310.0775146484375,6345,0.0,0.0
2024-12-04 10:12:00-05:00,310.010009765625,310.0375061035156,309.80999755859375,309.82000732421875,11126,0.0,0.0
2024-12-04 10:13:00-05:00,309.82000732421875,309.9200134277344,309.6400146484375,309.6600036621094,16717,0.0,0.0
2024-12-04 10:14:00-05:00,309.6600036621094,309.80999755859375,309.57000732421875,309.760009765625,28173,0.0,0.0
2024-12-04 10:15:00-05:00,309.7900085449219,309.93499755859375,309.7200012207031,309.8299865722656,15117,0.0,0.0
2024-12-04 10:16:00-05:00,309.7699890136719,310.0799865722656,309.739990234375,310.0450134277344,13077,0.0,0.0
2024-12-04 10:17:00-05:00,310.0199890136719,310.0400085449219,309.8699951171875,309.92999267578125,14233,0.0,0.0
2024-12-04 10:18:00-05:00,309.8699951171875,309.93499755859375,309.7900085449219,309.7900085449219,9016,0.0,0.0
2024-12-04 10:19:00-05:00,309.80999755859375,309.94000244140625,309.80999755859375,309.908203125,6865,0.0,0.0
2024-12-04 10:20:00-05:00,309.8900146484375,310.3399963378906,309.8399963378906,310.0899963378906,19111,0.0,0.0
2024-12-04 10:21:00-05:00,310.0899963378906,310.1449890136719,309.9100036621094,310.0050048828125,11025,0.0,0.0
2024-12-04 10:22:00-05:00,310.0199890136719,310.0799865722656,309.989990234375,309.989990234375,11273,0.0,0.0
2024-12-04 10:23:00-05:00,310.1099853515625,310.17999267578125,310.04998779296875,310.1654968261719,9064,0.0,0.0
2024-12-04 10:24:00-05:00,310.0799865722656,310.0899963378906,309.9278869628906,310.05999755859375,13711,0.0,0.0
2024-12-04 10:25:00-05:00,310.07501220703125,310.30999755859375,310.07501220703125,310.30999755859375,9052,0.0,0.0
2024-12-04 10:26:00-05:00,310.2699890136719,310.2699890136719,310.0199890136719,310.0849914550781,13796,0.0,0.0
2024-12-04 10:27:00-05:00,310.0799865722656,310.0799865722656,309.95001220703125,310.04791259765625,8067,0.0,0.0
2024-12-04 10:28:00-05:00,309.9599914550781,310.0,309.79998779296875,309.8900146484375,22232,0.0,0.0
2024-12-04 10:29:00-05:00,309.82000732421875,309.8800048828125,309.79998779296875,309.79998779296875,4638,0.0,0.0
2024-12-04 10:30:00-05:00,309.8016052246094,309.8500061035156,309.7515869140625,309.760009765625,6003,0.0,0.0
2024-12-04 10:31:00-05:00,309.760009765625,309.82000732421875,309.6000061035156,309.6300048828125,21454,0.0,0.0
2024-12-04 10:32:00-05:00,309.6600036621094,309.7300109863281,309.44000244140625,309.45001220703125,20117,0.0,0.0
2024-12-04 10:33:00-05:00,309.4800109863281,309.5849914550781,309.44000244140625,309.44000244140625,13324,0.0,0.0
2024-12-04 10:34:00-05:00,309.45001220703125,309.6300048828125,309.45001220703125,309.5400085449219,13472,0.0,0.0
2024-12-04 10:35:00-05:00,309.5400085449219,309.6300048828125,309.4700012207031,309.5950012207031,16516,0.0,0.0
2024-12-04 10:36:00-05:00,309.6300048828125,309.8349914550781,309.55999755859375,309.8349914550781,9491,0.0,0.0
2024-12-04 10:37:00-05:00,309.8399963378906,309.8399963378906,309.69000244140625,309.7200012207031,11737,0.0,0.0
2024-12-04 10:38:00-05:00,309.74249267578125,310.0400085449219,309.70001220703125,309.7300109863281,45654,0.0,0.0
2024-12-04 10:39:00-05:00,309.760009765625,309.760009765625,309.6099853515625,309.6099853515625,12635,0.0,0.0
2024-12-04 10:40:00-05:00,309.63751220703125,309.70001220703125,309.6000061035156,309.64739990234375,3404,0.0,0.0
2024-12-04 10:41:00-05:00,309.6099853515625,309.79998779296875,309.6099853515625,309.6700134277344,32913,0.0,0.0
2024-12-04 10:42:00-05:00,309.6199951171875,309.70001220703125,309.510009765625,309.58990478515625,6396,0.0,0.0
2024-12-04 10:43:00-05:00,309.6000061035156,309.6300048828125,309.5299987792969,309.57000732421875,10628,0.0,0.0
2024-12-04 10:44:00-05:00,309.57000732421875,309.7200012207031,309.57000732421875,309.6499938964844,11592,0.0,0.0
2024-12-04 10:45:00-05:00,309.6099853515625,309.6499938964844,309.5400085449219,309.5740966796875,9621,0.0,0.0
2024-12-04 10:46:00-05:00,309.54998779296875,309.6199951171875,309.5299987792969,309.5299987792969,12266,0.0,0.0
2024-12-04 10:47:00-05:00,309.5299987792969,309.54998779296875,309.29998779296875,309.29998779296875,18276,0.0,0.0
2024-12-04 10:48:00-05:00,309.29998779296875,309.4549865722656,309.260009765625,309.44000244140625,23275,0.0,0.0
2024-12-04 10:49:00-05:00,309.5,309.760009765625,309.49920654296875,309.6199951171875,13442,0.0,0.0
2024-12-04 10:50:00-05:00,309.6199951171875,309.760009765625,309.57000732421875,309.69000244140625,10560,0.0,0.0
2024-12-04 10:51:00-05:00,309.70001220703125,309.7149963378906,309.5400085449219,309.5696105957031,7023,0.0,0.0
2024-12-04 10:52:00-05:00,309.5400085449219,309.6300048828125,309.5299987792969,309.57000732421875,4203,0.0,0.0
2024-12-04 10:53:00-05:00,309.45001220703125,309.6000061035156,309.45001220703125,309.55499267578125,7857,0.0,0.0
2024-12-04 10:54:00-05:00,309.5763854980469,309.6099853515625,309.5299987792969,309.5299987792969,5735,0.0,0.0
2024-12-04 10:55:00-05:00,309.57000732421875,309.80999755859375,309.5299987792969,309.739990234375,15931,0.0,0.0
2024-12-04 10:56:00-05:00,309.7449951171875,309.80999755859375,309.6499938964844,309.79998779296875,21538,0.0,0.0
2024-12-04 10:57:00-05:00,309.80999755859375,309.83990478515625,309.6700134277344,309.7449951171875,6330,0.0,0.0
2024-12-04 10:58:00-05:00,309.70001220703125,310.0513916015625,309.6600036621094,309.94000244140625,10913,0.0,0.0
2024-12-04 10:59:00-05:00,309.94000244140625,310.0,309.8900146484375,309.9049987792969,9220,0.0,0.0
2024-12-04 11:00:00-05:00,309.8999938964844,309.94500732421875,309.7900085449219,309.7900085449219,10072,0.0,0.0
2024-12-04 11:01:00-05:00,309.8299865722656,310.0,309.79998779296875,309.8599853515625,18915,0.0,0.0
2024-12-04 11:02:00-05:00,309.92498779296875,309.9422912597656,309.82000732421875,309.82000732421875,5133,0.0,0.0
2024-12-04 11:03:00-05:00,309.8399963378906,309.8900146484375,309.82000732421875,309.82000732421875,6723,0.0,0.0
2024-12-04 11:04:00-05:00,309.8429870605469,309.8999938964844,309.80999755859375,309.875,11313,0.0,0.0
2024-12-04 11:05:00-05:00,309.8800048828125,309.989990234375,309.8299865722656,309.8700866699219,9297,0.0,0.0
2024-12-04 11:06:00-05:00,309.95001220703125,309.95001220703125,309.8500061035156,309.8800048828125,4893,0.0,0.0
2024-12-04 11:07:00-05:00,309.8699951171875,309.95001220703125,309.8299865722656,309.8800048828125,14010,0.0,0.0
2024-12-04 11:08:00-05:00,309.9599914550781,309.9800109863281,309.8800048828125,309.8800048828125,6500,0.0,0.0
2024-12-04 11:09:00-05:00,309.8865966796875,309.9800109863281,309.8699951171875,309.8800048828125,3626,0.0,0.0
2024-12-04 11:10:00-05:00,309.92498779296875,310.04998779296875,309.8699951171875,309.9700012207031,20200,0.0,0.0
2024-12-04 11:11:00-05:00,309.9700012207031,310.1400146484375,309.9599914550781,310.0,30750,0.0,0.0
2024-12-04 11:12:00-05:00,310.0400085449219,310.04998779296875,309.9200134277344,309.95001220703125,8322,0.0,0.0
2024-12-04 11:13:00-05:00,309.9849853515625,309.9849853515625,309.8699951171875,309.8699951171875,4510,0.0,0.0
2024-12-04 11:14:00-05:00,309.9200134277344,309.9800109863281,309.8793029785156,309.95001220703125,7409,0.0,0.0
2024-12-04 11:15:00-05:00,309.94000244140625,309.989990234375,309.9100036621094,309.989990234375,4236,0.0,0.0
2024-12-04 11:16:00-05:00,309.989990234375,310.1000061035156,309.989990234375,310.07000732421875,13471,0.0,0.0
2024-12-04 11:17:00-05:00,310.0400085449219,310.0400085449219,309.8949890136719,309.9775085449219,10358,0.0,0.0
2024-12-04 11:18:00-05:00,309.9549865722656,310.010009765625,309.92999267578125,309.94000244140625,6560,0.0,0.0
2024-12-04 11:19:00-05:00,309.989990234375,310.0199890136719,309.9150085449219,309.9150085449219,14318,0.0,0.0
2024-12-04 11:20:00-05:00,309.8999938964844,309.95001220703125,309.8599853515625,309.9305114746094,5668,0.0,0.0
2024-12-04 11:21:00-05:00,309.94000244140625,309.94000244140625,309.8800048828125,309.9150085449219,3043,0.0,0.0
2024-12-04 11:22:00-05:00,309.92498779296875,309.92498779296875,309.7300109863281,309.82000732421875,15860,0.0,0.0
2024-12-04 11:23:00-05:00,309.8599853515625,309.989990234375,309.8309020996094,309.989990234375,11578,0.0,0.0
2024-12-04 11:24:00-05:00,309.9700927734375,310.0284118652344,309.9100036621094,309.9100036621094,11603,0.0,0.0
2024-12-04 11:25:00-05:00,309.9898986816406,310.0299987792969,309.885009765625,309.989990234375,14267,0.0,0.0
2024-12-04 11:26:00-05:00,309.989990234375,310.07000732421875,309.9599914550781,309.9750061035156,8932,0.0,0.0
2024-12-04 11:27:00-05:00,310.010009765625,310.0400085449219,309.9700012207031,310.0,9388,0.0,0.0
2024-12-04 11:28:00-05:00,309.9599914550781,310.0400085449219,309.92999267578125,309.9949951171875,2785,0.0,0.0
2024-12-04 11:29:00-05:00,309.9949951171875,310.0398864746094,309.92999267578125,309.9700012207031,4902,0.0,0.0
2024-12-04 11:30:00-05:00,309.989990234375,310.0199890136719,309.94000244140625,310.0159912109375,9865,0.0,0.0
2024-12-04 11:31:00-05:00,309.9949951171875,310.0400085449219,309.8999938964844,309.9150085449219,18889,0.0,0.0
2024-12-04 11:32:00-05:00,309.9175109863281,309.9599914550781,309.9150085449219,309.92999267578125,3616,0.0,0.0
2024-12-04 11:33:00-05:00,309.94000244140625,310.0400085449219,309.92999267578125,310.010009765625,19079,0.0,0.0
2024-12-04 11:34:00-05:00,309.9949951171875,310.1199951171875,309.9949951171875,310.06500244140625,13587,0.0,0.0
2024-12-04 11:35:00-05:00,310.04998779296875,310.05499267578125,309.8599853515625,309.8699951171875,9599,0.0,0.0
2024-12-04 11:36:00-05:00,309.8999938964844,309.8999938964844,309.82000732421875,309.82000732421875,8952,0.0,0.0
2024-12-04 11:37:00-05:00,309.82000732421875,309.8500061035156,309.80999755859375,309.8500061035156,2432,0.0,0.0
2024-12-04 11:38:00-05:00,309.8599853515625,309.9599914550781,309.8550109863281,309.9599914550781,8627,0.0,0.0
2024-12-04 11:39:00-05:00,309.914306640625,310.0299987792969,309.914306640625,310.0299987792969,1540,0.0,0.0
2024-12-04 11:40:00-05:00,309.989990234375,310.0299987792969,309.989990234375,310.0299987792969,1945,0.0,0.0
2024-12-04 11:41:00-05:00,309.9700012207031,309.9700012207031,309.8500061035156,309.8999938964844,7968,0.0,0.0
2024-12-04 11:42:00-05:00,309.9150085449219,309.9200134277344,309.8500061035156,309.8800048828125,4465,0.0,0.0
2024-12-04 11:43:00-05:00,309.8865966796875,309.9158020019531,309.80999755859375,309.82000732421875,5202,0.0,0.0
2024-12-04 11:44:00-05:00,309.82000732421875,309.8504943847656,309.82000732421875,309.8424987792969,2278,0.0,0.0
2024-12-04 11:45:00-05:00,309.8450012207031,309.92999267578125,309.82000732421875,309.92999267578125,11917,0.0,0.0
2024-12-04 11:46:00-05:00,309.92498779296875,309.95001220703125,309.75,309.80999755859375,22740,0.0,0.0
2024-12-04 11:47:00-05:00,309.82000732421875,309.8800048828125,309.82000732421875,309.8399963378906,1857,0.0,0.0
2024-12-04 11:48:00-05:00,309.877197265625,309.989990234375,309.7900085449219,309.94500732421875,11626,0.0,0.0
2024-12-04 11:49:00-05:00,310.0400085449219,310.1300048828125,310.0,310.0968017578125,12830,0.0,0.0
2024-12-04 11:50:00-05:00,310.07501220703125,310.19500732421875,310.0,310.0799865722656,25858,0.0,0.0
2024-12-04 11:51:00-05:00,310.1499938964844,310.239990234375,310.0799865722656,310.1603088378906,18980,0.0,0.0
2024-12-04 11:52:00-05:00,310.20001220703125,310.2049865722656,310.0299987792969,310.0899963378906,7437,0.0,0.0
2024-12-04 11:53:00-05:00,310.135009765625,310.1700134277344,310.07000732421875,310.1000061035156,2992,0.0,0.0
2024-12-04 11:54:00-05:00,310.1099853515625,310.260009765625,310.1099853515625,310.17999267578125,15024,0.0,0.0
2024-12-04 11:55:00-05:00,310.2598876953125,310.2598876953125,310.1199951171875,310.1300048828125,5061,0.0,0.0
2024-12-04 11:56:00-05:00,310.1499938964844,310.2049865722656,310.0,310.0,7554,0.0,0.0
2024-12-04 11:57:00-05:00,310.0,310.0,309.95001220703125,309.95001220703125,4171,0.0,0.0
2024-12-04 11:58:00-05:00,309.9849853515625,310.010009765625,309.92999267578125,309.9927062988281,7012,0.0,0.0
2024-12-04 11:59:00-05:00,309.9649963378906,309.9800109863281,309.8800048828125,309.9800109863281,6799,0.0,0.0
2024-12-04 12:00:00-05:00,309.93499755859375,309.989990234375,309.93499755859375,309.9700012207031,1940,0.0,0.0
2024-12-04 12:01:00-05:00,309.95001220703125,309.9800109863281,309.8999938964844,309.9501037597656,3088,0.0,0.0
2024-12-04 12:02:00-05:00,309.9383850097656,309.9700012207031,309.8500061035156,309.8949890136719,13665,0.0,0.0
2024-12-04 12:03:00-05:00,309.9100036621094,309.94000244140625,309.8800048828125,309.8800048828125,7282,0.0,0.0
2024-12-04 12:04:00-05:00,309.8800048828125,309.94000244140625,309.8800048828125,309.8999938964844,5726,0.0,0.0
2024-12-04 12:05:00-05:00,309.8905029296875,309.95001220703125,309.8800048828125,309.95001220703125,5085,0.0,0.0
2024-12-04 12:06:00-05:00,309.92498779296875,309.92498779296875,309.8800048828125,309.8900146484375,3158,0.0,0.0
2024-12-04 12:07:00-05:00,309.9100036621094,310.0,309.9100036621094,309.989990234375,7234,0.0,0.0
2024-12-04 12:08:00-05:00,310.010009765625,310.0299987792969,309.9200134277344,309.9599914550781,7565,0.0,0.0
2024-12-04 12:09:00-05:00,310.0,310.0,309.8900146484375,309.8900146484375,3694,0.0,0.0
2024-12-04 12:10:00-05:00,309.8599853515625,309.8999938964844,309.8299865722656,309.8699951171875,8234,0.0,0.0
2024-12-04 12:11:00-05:00,309.9100036621094,309.9100036621094,309.8399963378906,309.909912109375,11029,0.0,0.0
2024-12-04 12:12:00-05:00,309.8500061035156,309.8800048828125,309.80999755859375,309.8450012207031,7601,0.0,0.0
2024-12-04 12:13:00-05:00,309.8399963378906,309.8711853027344,309.8399963378906,309.8500061035156,2314,0.0,0.0
2024-12-04 12:14:00-05:00,309.8500061035156,309.86419677734375,309.74798583984375,309.82000732421875,7921,0.0,0.0
2024-12-04 12:15:00-05:00,309.7799987792969,309.82000732421875,309.6600036621094,309.69500732421875,11953,0.0,0.0
2024-12-04 12:16:00-05:00,309.70001220703125,309.7699890136719,309.70001220703125,309.7550048828125,9582,0.0,0.0
2024-12-04 12:17:00-05:00,309.7550048828125,309.79998779296875,309.7550048828125,309.79998779296875,5578,0.0,0.0
2024-12-04 12:18:00-05:00,309.760009765625,309.7749938964844,309.7200012207031,309.7349853515625,7062,0.0,0.0
2024-12-04 12:19:00-05:00,309.7200012207031,309.75,309.67999267578125,309.7200012207031,6250,0.0,0.0
2024-12-04 12:20:00-05:00,309.7149963378906,309.75,309.7149963378906,309.7200012207031,2864,0.0,0.0
2024-12-04 12:21:00-05:00,309.7300109863281,309.7300109863281,309.6300048828125,309.6600036621094,9144,0.0,0.0
2024-12-04 12:22:00-05:00,309.6968078613281,309.6968078613281,309.3399963378906,309.3599853515625,22663,0.0,0.0
2024-12-04 12:23:00-05:00,309.3800048828125,309.5199890136719,309.3399963378906,309.4974060058594,12589,0.0,0.0
2024-12-04 12:24:00-05:00,309.5526123046875,309.5849914550781,309.5299987792969,309.5799865722656,4350,0.0,0.0
2024-12-04 12:25:00-05:00,309.5899963378906,309.6300048828125,309.510009765625,309.56500244140625,8064,0.0,0.0
2024-12-04 12:26:00-05:00,309.5799865722656,309.5899963378906,309.510009765625,309.5899963378906,9052,0.0,0.0
2024-12-04 12:27:00-05:00,309.54998779296875,309.6300048828125,309.54998779296875,309.6300048828125,6697,0.0,0.0
2024-12-04 12:28:00-05:00,309.6000061035156,309.6199951171875,309.510009765625,309.5400085449219,4801,0.0,0.0
2024-12-04 12:29:00-05:00,309.4800109863281,309.5249938964844,309.4700012207031,309.4800109863281,2008,0.0,0.0
2024-12-04 12:30:00-05:00,309.5552978515625,309.5552978515625,309.29998779296875,309.3399963378906,9906,0.0,0.0
2024-12-04 12:31:00-05:00,309.2699890136719,309.3599853515625,309.1499938964844,309.2900085449219,11313,0.0,0.0
2024-12-04 12:32:00-05:00,309.2900085449219,309.3599853515625,309.2099914550781,309.2250061035156,4123,0.0,0.0
2024-12-04 12:33:00-05:00,309.1499938964844,309.26348876953125,309.1199951171875,309.1300048828125,3815,0.0,0.0
2024-12-04 12:34:00-05:00,309.1499938964844,309.2099914550781,309.1499938964844,309.19500732421875,7233,0.0,0.0
2024-12-04 12:35:00-05:00,309.19500732421875,309.2699890136719,309.19500732421875,309.25,5859,0.0,0.0
2024-12-04 12:36:00-05:00,309.25,309.2699890136719,309.20001220703125,309.2300109863281,5556,0.0,0.0
2024-12-04 12:37:00-05:00,309.1700134277344,309.2300109863281,309.1700134277344,309.2099914550781,1832,0.0,0.0
2024-12-04 12:38:00-05:00,309.2099914550781,309.2300109863281,309.0799865722656,309.1000061035156,6620,0.0,0.0
2024-12-04 12:39:00-05:00,309.1499938964844,309.2300109863281,309.1400146484375,309.17498779296875,4116,0.0,0.0
2024-12-04 12:40:00-05:00,309.18499755859375,309.2699890136719,309.15008544921875,309.239990234375,13901,0.0,0.0
2024-12-04 12:41:00-05:00,309.2200012207031,309.2200012207031,308.94000244140625,309.0249938964844,34720,0.0,0.0
2024-12-04 12:42:00-05:00,309.0199890136719,309.0299987792969,308.80999755859375,308.8500061035156,8568,0.0,0.0
2024-12-04 12:43:00-05:00,308.82000732421875,309.07000732421875,308.80999755859375,309.07000732421875,8435,0.0,0.0
2024-12-04 12:44:00-05:00,308.9949951171875,309.0299987792969,308.9949951171875,309.0299987792969,1244,0.0,0.0
2024-12-04 12:45:00-05:00,308.9599914550781,309.06500244140625,308.8999938964844,308.8999938964844,11627,0.0,0.0
2024-12-04 12:46:00-05:00,308.8999938964844,308.9800109863281,308.79998779296875,308.79998779296875,4664,0.0,0.0
2024-12-04 12:47:00-05:00,308.8800048828125,308.95989990234375,308.8399963378906,308.8699951171875,3175,0.0,0.0
2024-12-04 12:48:00-05:00,308.8450012207031,309.1000061035156,308.82501220703125,309.1000061035156,19223,0.0,0.0
2024-12-04 12:49:00-05:00,309.1000061035156,309.25,309.1000061035156,309.25,4348,0.0,0.0
2024-12-04 12:50:00-05:00,309.2149963378906,309.3450012207031,309.20001220703125,309.3450012207031,4312,0.0,0.0
2024-12-04 12:51:00-05:00,309.45001220703125,309.4700012207031,309.30999755859375,309.30999755859375,8241,0.0,0.0
2024-12-04 12:52:00-05:00,309.3599853515625,309.4082946777344,309.3599853515625,309.4082946777344,2837,0.0,0.0
2024-12-04 12:53:00-05:00,309.4100036621094,309.4800109863281,309.3800048828125,309.4800109863281,7781,0.0,0.0
2024-12-04 12:54:00-05:00,309.4100036621094,309.4800109863281,309.3800048828125,309.4043884277344,3515,0.0,0.0
2024-12-04 12:55:00-05:00,309.45001220703125,309.45001220703125,309.4100036621094,309.4100036621094,2144,0.0,0.0
2024-12-04 12:56:00-05:00,309.4100036621094,309.45001220703125,309.3800048828125,309.4100036621094,3409,0.0,0.0
2024-12-04 12:57:00-05:00,309.45001220703125,309.54998779296875,309.3700866699219,309.3700866699219,5340,0.0,0.0
2024-12-04 12:58:00-05:00,309.4649963378906,309.55999755859375,309.4649963378906,309.5050048828125,4408,0.0,0.0
2024-12-04 12:59:00-05:00,309.5050048828125,309.5899963378906,309.5050048828125,309.5474853515625,19748,0.0,0.0
2024-12-04 13:00:00-05:00,309.510009765625,309.6000061035156,309.5,309.5799865722656,8639,0.0,0.0
2024-12-04 13:01:00-05:00,309.54998779296875,309.6000061035156,309.54998779296875,309.55499267578125,2306,0.0,0.0
2024-12-04 13:02:00-05:00,309.54998779296875,309.5903015136719,309.5101013183594,309.5101013183594,3137,0.0,0.0
2024-12-04 13:03:00-05:00,309.510009765625,309.55999755859375,309.4800109863281,309.5150146484375,5791,0.0,0.0
2024-12-04 13:04:00-05:00,309.55999755859375,309.6000061035156,309.54998779296875,309.5799865722656,4686,0.0,0.0
2024-12-04 13:05:00-05:00,309.6000061035156,309.6000061035156,309.4800109863281,309.5,6327,0.0,0.0
2024-12-04 13:06:00-05:00,309.55999755859375,309.5899963378906,309.5350036621094,309.5799865722656,4884,0.0,0.0
2024-12-04 13:07:00-05:00,309.5899963378906,309.70001220703125,309.5899963378906,309.70001220703125,7463,0.0,0.0
2024-12-04 13:09:00-05:00,309.7699890136719,309.79998779296875,309.75,309.7850036621094,3968,0.0,0.0
2024-12-04 13:10:00-05:00,309.7850036621094,309.8599853515625,309.7702941894531,309.8599853515625,4621,0.0,0.0
2024-12-04 13:11:00-05:00,309.8699951171875,309.8699951171875,309.8699951171875,309.8699951171875,2315,0.0,0.0
2024-12-04 13:12:00-05:00,309.8800048828125,309.9200134277344,309.85009765625,309.885009765625,8905,0.0,0.0
2024-12-04 13:13:00-05:00,309.9200134277344,309.9200134277344,309.75,309.80999755859375,10824,0.0,0.0
2024-12-04 13:14:00-05:00,309.80999755859375,309.94000244140625,309.7850036621094,309.8800048828125,8136,0.0,0.0
2024-12-04 13:15:00-05:00,309.9100036621094,310.0,309.9100036621094,309.9599914550781,7327,0.0,0.0
2024-12-04 13:16:00-05:00,309.9700012207031,310.0902099609375,309.9200134277344,310.0902099609375,7759,0.0,0.0
2024-12-04 13:17:00-05:00,310.0199890136719,310.0650939941406,309.94000244140625,310.0,5068,0.0,0.0
2024-12-04 13:18:00-05:00,309.9910888671875,309.9910888671875,309.8900146484375,309.92498779296875,1593,0.0,0.0
2024-12-04 13:19:00-05:00,309.92498779296875,309.9800109863281,309.9100036621094,309.9601135253906,3339,0.0,0.0
2024-12-04 13:20:00-05:00,309.9599914550781,309.9599914550781,309.7699890136719,309.8583068847656,6947,0.0,0.0
2024-12-04 13:21:00-05:00,309.75,309.75,309.6400146484375,309.67498779296875,6183,0.0,0.0
2024-12-04 13:22:00-05:00,309.75,309.75,309.6700134277344,309.67999267578125,2743,0.0,0.0
2024-12-04 13:23:00-05:00,309.7049865722656,309.739990234375,309.6300048828125,309.6700134277344,3437,0.0,0.0
2024-12-04 13:24:00-05:00,309.6199951171875,309.6400146484375,309.5450134277344,309.6400146484375,9118,0.0,0.0
2024-12-04 13:25:00-05:00,309.68499755859375,309.7200012207031,309.6116943359375,309.67498779296875,5759,0.0,0.0
2024-12-04 13:26:00-05:00,309.67498779296875,309.67498779296875,309.67498779296875,309.67498779296875,1067,0.0,0.0
2024-12-04 13:27:00-05:00,309.67498779296875,309.67498779296875,309.6715087890625,309.6715087890625,883,0.0,0.0
2024-12-04 13:28:00-05:00,309.7200012207031,309.7200012207031,309.6600036621094,309.6600036621094,4535,0.0,0.0
2024-12-04 13:29:00-05:00,309.7012023925781,309.7012023925781,309.6300048828125,309.6700134277344,5059,0.0,0.0
2024-12-04 13:30:00-05:00,309.6700134277344,309.6700134277344,309.47100830078125,309.47100830078125,10604,0.0,0.0
2024-12-04 13:31:00-05:00,309.5400085449219,309.5400085449219,309.3800048828125,309.3800048828125,3738,0.0,0.0
2024-12-04 13:32:00-05:00,309.3927001953125,309.3927001953125,309.2900085449219,309.30999755859375,4197,0.0,0.0
2024-12-04 13:33:00-05:00,309.30999755859375,309.5950012207031,309.29998779296875,309.54998779296875,11669,0.0,0.0
2024-12-04 13:34:00-05:00,309.5799865722656,309.6098937988281,309.5177917480469,309.5177917480469,3850,0.0,0.0
2024-12-04 13:35:00-05:00,309.54998779296875,309.6099853515625,309.54998779296875,309.55499267578125,2583,0.0,0.0
2024-12-04 13:36:00-05:00,309.6099853515625,309.7049865722656,309.5950012207031,309.6499938964844,7672,0.0,0.0
2024-12-04 13:37:00-05:00,309.67498779296875,309.739990234375,309.67498779296875,309.7025146484375,3747,0.0,0.0
2024-12-04 13:38:00-05:00,309.739990234375,309.739990234375,309.67999267578125,309.69000244140625,6229,0.0,0.0
2024-12-04 13:39:00-05:00,309.68499755859375,309.7300109863281,309.6499938964844,309.7099914550781,6160,0.0,0.0
2024-12-04 13:40:00-05:00,309.739990234375,309.7749938964844,309.7300109863281,309.7749938964844,5644,0.0,0.0
2024-12-04 13:41:00-05:00,309.80810546875,309.9399108886719,309.7900085449219,309.885009765625,7627,0.0,0.0
2024-12-04 13:42:00-05:00,309.8399963378906,309.8900146484375,309.79998779296875,309.864990234375,3781,0.0,0.0
2024-12-04 13:43:00-05:00,309.8800048828125,310.04998779296875,309.864990234375,310.0150146484375,11820,0.0,0.0
2024-12-04 13:44:00-05:00,310.0249938964844,310.1099853515625,310.0000915527344,310.0849914550781,13113,0.0,0.0
2024-12-04 13:45:00-05:00,310.04998779296875,310.0848083496094,310.0,310.04998779296875,4842,0.0,0.0
2024-12-04 13:46:00-05:00,310.04998779296875,310.1099853515625,310.0199890136719,310.07501220703125,9423,0.0,0.0
2024-12-04 13:47:00-05:00,310.09991455078125,310.1000061035156,310.0799865722656,310.0799865722656,1699,0.0,0.0
2024-12-04 13:48:00-05:00,310.05999755859375,310.05999755859375,310.0199890136719,310.05999755859375,5498,0.0,0.0
2024-12-04 13:49:00-05:00,310.0799865722656,310.0799865722656,310.05999755859375,310.05999755859375,1419,0.0,0.0
2024-12-04 13:50:00-05:00,310.0675048828125,310.1099853515625,310.06500244140625,310.0950012207031,9221,0.0,0.0
2024-12-04 13:51:00-05:00,310.0799865722656,310.1300048828125,310.0199890136719,310.0849914550781,25461,0.0,0.0
2024-12-04 13:52:00-05:00,310.10369873046875,310.19000244140625,310.0636901855469,310.1650085449219,25973,0.0,0.0
2024-12-04 13:53:00-05:00,310.20001220703125,310.2699890136719,310.1650085449219,310.2699890136719,2063,0.0,0.0
2024-12-04 13:54:00-05:00,310.239990234375,310.2900085449219,310.19000244140625,310.2550048828125,6533,0.0,0.0
2024-12-04 13:55:00-05:00,310.2550048828125,310.2900085449219,310.19000244140625,310.2099914550781,7595,0.0,0.0
2024-12-04 13:56:00-05:00,310.20001220703125,310.260009765625,310.1600036621094,310.18499755859375,26167,0.0,0.0
2024-12-04 13:57:00-05:00,310.1400146484375,310.2300109863281,310.1300048828125,310.1549987792969,3228,0.0,0.0
2024-12-04 13:58:00-05:00,310.1600036621094,310.19549560546875,310.1000061035156,310.1000061035156,8781,0.0,0.0
2024-12-04 13:59:00-05:00,310.0899963378906,310.125,309.94000244140625,309.95001220703125,6543,0.0,0.0
2024-12-04 14:00:00-05:00,309.8999938964844,310.1199951171875,309.8699951171875,310.05999755859375,13420,0.0,0.0
2024-12-04 14:01:00-05:00,310.1199951171875,310.1299133300781,310.0000915527344,310.0474853515625,2719,0.0,0.0
2024-12-04 14:02:00-05:00,310.0,310.05499267578125,309.989990234375,309.989990234375,3498,0.0,0.0
2024-12-04 14:03:00-05:00,309.9800109863281,310.010009765625,309.95001220703125,309.9750061035156,7546,0.0,0.0
2024-12-04 14:04:00-05:00,309.9750061035156,310.010009765625,309.8900146484375,310.0,5718,0.0,0.0
2024-12-04 14:05:00-05:00,309.9599914550781,310.010009765625,309.9599914550781,309.9750061035156,3594,0.0,0.0
2024-12-04 14:06:00-05:00,309.99639892578125,310.0,309.9750061035156,310.0,854,0.0,0.0
2024-12-04 14:07:00-05:00,310.010009765625,310.0199890136719,309.95001220703125,310.0150146484375,13489,0.0,0.0
2024-12-04 14:08:00-05:00,310.07000732421875,310.1000061035156,310.07000732421875,310.1000061035156,903,0.0,0.0
2024-12-04 14:09:00-05:00,310.07501220703125,310.0799865722656,310.010009765625,310.010009765625,5530,0.0,0.0
2024-12-04 14:10:00-05:00,310.0050048828125,310.0050048828125,309.95001220703125,309.95001220703125,2636,0.0,0.0
2024-12-04 14:11:00-05:00,309.9599914550781,310.0299987792969,309.9599914550781,310.0299987792969,7215,0.0,0.0
2024-12-04 14:12:00-05:00,310.0,310.0,309.97149658203125,310.0,26538,0.0,0.0
2024-12-04 14:13:00-05:00,309.989990234375,310.0299987792969,309.95001220703125,309.9751892089844,5553,0.0,0.0
2024-12-04 14:14:00-05:00,310.0199890136719,310.0199890136719,309.9747009277344,310.0097961425781,3602,0.0,0.0
2024-12-04 14:15:00-05:00,309.9599914550781,310.0400085449219,309.9599914550781,310.0299987792969,9588,0.0,0.0
2024-12-04 14:16:00-05:00,310.0299987792969,310.04998779296875,310.0101013183594,310.0350036621094,5475,0.0,0.0
2024-12-04 14:17:00-05:00,310.0350036621094,310.05999755859375,310.0199890136719,310.0450134277344,5041,0.0,0.0
2024-12-04 14:18:00-05:00,310.04998779296875,310.04998779296875,309.9800109863281,309.9949951171875,6439,0.0,0.0
2024-12-04 14:19:00-05:00,310.0299987792969,310.0299987792969,309.9100036621094,309.9599914550781,5674,0.0,0.0
2024-12-04 14:20:00-05:00,309.8999938964844,309.9700012207031,309.8999938964844,309.93499755859375,4286,0.0,0.0
2024-12-04 14:21:00-05:00,309.9599914550781,310.0400085449219,309.9501037597656,310.0050048828125,12926,0.0,0.0
2024-12-04 14:22:00-05:00,309.9700012207031,310.00048828125,309.94000244140625,310.00048828125,2255,0.0,0.0
2024-12-04 14:23:00-05:00,309.9599914550781,310.002685546875,309.9200134277344,309.9649963378906,1905,0.0,0.0
2024-12-04 14:24:00-05:00,309.91009521484375,310.05999755859375,309.91009521484375,310.05499267578125,12673,0.0,0.0
2024-12-04 14:25:00-05:00,310.05999755859375,310.07000732421875,310.0150146484375,310.0249938964844,3612,0.0,0.0
2024-12-04 14:26:00-05:00,309.98480224609375,310.0299987792969,309.98480224609375,310.0299987792969,1461,0.0,0.0
2024-12-04 14:27:00-05:00,310.0199890136719,310.0299987792969,309.94891357421875,309.9790954589844,6135,0.0,0.0
2024-12-04 14:28:00-05:00,310.0,310.0,309.94000244140625,309.95001220703125,4421,0.0,0.0
2024-12-04 14:29:00-05:00,309.95001220703125,309.95001220703125,309.8999938964844,309.95001220703125,3157,0.0,0.0
2024-12-04 14:30:00-05:00,309.9200134277344,309.95001220703125,309.8999938964844,309.92999267578125,3620,0.0,0.0
2024-12-04 14:31:00-05:00,309.95001220703125,309.9599914550781,309.9100036621094,309.9150085449219,5945,0.0,0.0
2024-12-04 14:32:00-05:00,309.9100036621094,309.95001220703125,309.8699951171875,309.95001220703125,14431,0.0,0.0
2024-12-04 14:33:00-05:00,309.95001220703125,309.9599914550781,309.94000244140625,309.9599914550781,1916,0.0,0.0
2024-12-04 14:34:00-05:00,309.95001220703125,309.989990234375,309.94500732421875,309.9750061035156,9448,0.0,0.0
2024-12-04 14:35:00-05:00,309.9599914550781,310.07000732421875,309.875,309.875,12957,0.0,0.0
2024-12-04 14:36:00-05:00,309.8599853515625,309.9599914550781,309.8599853515625,309.9599914550781,6091,0.0,0.0
2024-12-04 14:37:00-05:00,309.93341064453125,309.94000244140625,309.93341064453125,309.94000244140625,982,0.0,0.0
2024-12-04 14:38:00-05:00,309.9599914550781,309.9700012207031,309.94000244140625,309.94000244140625,3587,0.0,0.0
2024-12-04 14:39:00-05:00,309.9649963378906,309.9649963378906,309.94000244140625,309.94500732421875,1245,0.0,0.0
2024-12-04 14:40:00-05:00,309.947509765625,309.947509765625,309.8299865722656,309.8599853515625,13788,0.0,0.0
2024-12-04 14:41:00-05:00,309.8699951171875,309.9100036621094,309.8500061035156,309.875,3061,0.0,0.0
2024-12-04 14:42:00-05:00,309.875,309.989990234375,309.8299865722656,309.8800048828125,10272,0.0,0.0
2024-12-04 14:43:00-05:00,309.885009765625,309.885009765625,309.79998779296875,309.8399963378906,4157,0.0,0.0
2024-12-04 14:44:00-05:00,309.82501220703125,309.8900146484375,309.82501220703125,309.8699951171875,4980,0.0,0.0
2024-12-04 14:45:00-05:00,309.8800048828125,309.8800048828125,309.82000732421875,309.82000732421875,4736,0.0,0.0
2024-12-04 14:46:00-05:00,309.82000732421875,309.8800048828125,309.82000732421875,309.875,2309,0.0,0.0
2024-12-04 14:47:00-05:00,309.875,309.9198913574219,309.8699951171875,309.8699951171875,2908,0.0,0.0
2024-12-04 14:48:00-05:00,309.8599853515625,309.9200134277344,309.82000732421875,309.82000732421875,9579,0.0,0.0
2024-12-04 14:49:00-05:00,309.8450012207031,309.8699951171875,309.760009765625,309.7900085449219,5599,0.0,0.0
2024-12-04 14:50:00-05:00,309.7900085449219,309.7900085449219,309.6650085449219,309.7900085449219,9613,0.0,0.0
2024-12-04 14:51:00-05:00,309.760009765625,309.760009765625,309.67999267578125,309.7250061035156,4390,0.0,0.0
2024-12-04 14:52:00-05:00,309.7250061035156,309.7799987792969,309.67999267578125,309.7200012207031,7225,0.0,0.0
2024-12-04 14:53:00-05:00,309.6700134277344,309.69500732421875,309.6600036621094,309.6600036621094,3694,0.0,0.0
2024-12-04 14:54:00-05:00,309.6724853515625,309.6724853515625,309.5400085449219,309.5400085449219,6827,0.0,0.0
2024-12-04 14:55:00-05:00,309.57000732421875,309.6075134277344,309.4800109863281,309.5,18792,0.0,0.0
2024-12-04 14:56:00-05:00,309.5150146484375,309.5799865722656,309.510009765625,309.57159423828125,11760,0.0,0.0
2024-12-04 14:57:00-05:00,309.55999755859375,309.57000732421875,309.510009765625,309.5299987792969,6598,0.0,0.0
2024-12-04 14:58:00-05:00,309.57000732421875,309.6600036621094,309.54998779296875,309.6000061035156,12208,0.0,0.0
2024-12-04 14:59:00-05:00,309.5799865722656,309.6499938964844,309.55999755859375,309.614990234375,15978,0.0,0.0
2024-12-04 15:00:00-05:00,309.614990234375,309.7799987792969,309.614990234375,309.7799987792969,8569,0.0,0.0
2024-12-04 15:01:00-05:00,309.7149963378906,309.7149963378906,309.6400146484375,309.67498779296875,6438,0.0,0.0
2024-12-04 15:02:00-05:00,309.6875915527344,309.79998779296875,309.6875915527344,309.75,12342,0.0,0.0
2024-12-04 15:03:00-05:00,309.75,309.8800048828125,309.75,309.8800048828125,9618,0.0,0.0
2024-12-04 15:04:00-05:00,309.8900146484375,309.9798889160156,309.8550109863281,309.92999267578125,6408,0.0,0.0
2024-12-04 15:05:00-05:00,309.93499755859375,309.989990234375,309.8999938964844,309.8999938964844,7773,0.0,0.0
2024-12-04 15:06:00-05:00,309.9537048339844,310.07501220703125,309.8900146484375,310.07501220703125,16009,0.0,0.0
2024-12-04 15:07:00-05:00,310.07501220703125,310.29998779296875,310.0199890136719,310.25,58235,0.0,0.0
2024-12-04 15:08:00-05:00,310.29998779296875,310.3699951171875,310.2300109863281,310.3049011230469,7336,0.0,0.0
2024-12-04 15:09:00-05:00,310.2738037109375,310.42999267578125,310.2099914550781,310.42999267578125,8934,0.0,0.0
2024-12-04 15:10:00-05:00,310.4800109863281,310.5799865722656,310.4800109863281,310.5799865722656,7476,0.0,0.0
2024-12-04 15:11:00-05:00,310.6300048828125,310.69000244140625,310.62811279296875,310.69000244140625,4845,0.0,0.0
2024-12-04 15:12:00-05:00,310.6499938964844,310.6600036621094,310.4599914550781,310.55560302734375,12187,0.0,0.0
2024-12-04 15:13:00-05:00,310.55999755859375,310.6300048828125,310.4200134277344,310.4200134277344,9401,0.0,0.0
2024-12-04 15:14:00-05:00,310.489990234375,310.489990234375,310.3299865722656,310.3800048828125,3099,0.0,0.0
2024-12-04 15:15:00-05:00,310.4100036621094,310.4898986816406,310.3500061035156,310.4049987792969,2892,0.0,0.0
2024-12-04 15:16:00-05:00,310.3800048828125,310.45001220703125,310.3699951171875,310.4100036621094,8258,0.0,0.0
2024-12-04 15:17:00-05:00,310.4100036621094,310.4100036621094,310.2900085449219,310.3349914550781,26554,0.0,0.0
2024-12-04 15:18:00-05:00,310.3999938964844,310.6300048828125,310.3599853515625,310.6300048828125,15876,0.0,0.0
2024-12-04 15:19:00-05:00,310.55999755859375,310.6661071777344,310.5199890136719,310.6622009277344,3440,0.0,0.0
2024-12-04 15:20:00-05:00,310.67999267578125,310.7250061035156,310.6400146484375,310.6650085449219,6720,0.0,0.0
2024-12-04 15:21:00-05:00,310.7099914550781,310.7099914550781,310.57000732421875,310.6400146484375,7054,0.0,0.0
2024-12-04 15:22:00-05:00,310.5899963378906,310.7099914550781,310.55999755859375,310.67999267578125,31019,0.0,0.0
2024-12-04 15:23:00-05:00,310.6499938964844,310.6499938964844,310.489990234375,310.510009765625,5275,0.0,0.0
2024-12-04 15:24:00-05:00,310.5,310.5400085449219,310.4884033203125,310.5050048828125,7042,0.0,0.0
2024-12-04 15:25:00-05:00,310.510009765625,310.5899963378906,310.489990234375,310.54998779296875,7216,0.0,0.0
2024-12-04 15:26:00-05:00,310.54998779296875,310.6700134277344,310.54998779296875,310.6400146484375,6308,0.0,0.0
2024-12-04 15:27:00-05:00,310.6300048828125,310.6400146484375,310.4949951171875,310.4949951171875,8377,0.0,0.0
2024-12-04 15:28:00-05:00,310.49700927734375,310.54400634765625,310.4800109863281,310.54400634765625,6405,0.0,0.0
2024-12-04 15:29:00-05:00,310.5400085449219,310.55999755859375,310.4800109863281,310.4949951171875,13285,0.0,0.0
2024-12-04 15:30:00-05:00,310.489990234375,310.5285949707031,310.4200134277344,310.5285949707031,20208,0.0,0.0
2024-12-04 15:31:00-05:00,310.5,310.55999755859375,310.5,310.55999755859375,6879,0.0,0.0
2024-12-04 15:32:00-05:00,310.54998779296875,310.577392578125,310.5299987792969,310.55999755859375,10677,0.0,0.0
2024-12-04 15:33:00-05:00,310.55999755859375,310.55999755859375,310.44000244140625,310.4649963378906,14519,0.0,0.0
2024-12-04 15:34:00-05:00,310.489990234375,310.510009765625,310.4549865722656,310.4800109863281,8686,0.0,0.0
2024-12-04 15:35:00-05:00,310.4800109863281,310.4800109863281,310.3384094238281,310.42498779296875,19215,0.0,0.0
2024-12-04 15:36:00-05:00,310.44000244140625,310.5199890136719,310.42498779296875,310.44500732421875,6187,0.0,0.0
2024-12-04 15:37:00-05:00,310.4649963378906,310.510009765625,310.4200134277344,310.4800109863281,9611,0.0,0.0
2024-12-04 15:38:00-05:00,310.5199890136719,310.6600036621094,310.510009765625,310.55999755859375,7763,0.0,0.0
2024-12-04 15:39:00-05:00,310.656005859375,310.6600036621094,310.4849853515625,310.6177062988281,17145,0.0,0.0
2024-12-04 15:40:00-05:00,310.5799865722656,310.6600036621094,310.5799865722656,310.6593017578125,7630,0.0,0.0
2024-12-04 15:41:00-05:00,310.659912109375,310.6600036621094,310.5899963378906,310.6000061035156,11833,0.0,0.0
2024-12-04 15:42:00-05:00,310.6000061035156,310.6600036621094,310.5799865722656,310.6000061035156,19427,0.0,0.0
2024-12-04 15:43:00-05:00,310.6000061035156,310.6499938964844,310.55999755859375,310.6000061035156,9104,0.0,0.0
2024-12-04 15:44:00-05:00,310.54998779296875,310.6300048828125,310.54998779296875,310.5879211425781,7732,0.0,0.0
2024-12-04 15:45:00-05:00,310.5400085449219,310.80999755859375,310.4700012207031,310.80999755859375,35143,0.0,0.0
2024-12-04 15:46:00-05:00,310.8609924316406,310.92999267578125,310.80999755859375,310.8550109863281,11298,0.0,0.0
2024-12-04 15:47:00-05:00,310.8550109863281,310.8900146484375,310.79998779296875,310.8800048828125,10747,0.0,0.0
2024-12-04 15:48:00-05:00,310.875,310.8900146484375,310.739990234375,310.7799987792969,16242,0.0,0.0
2024-12-04 15:49:00-05:00,310.79998779296875,310.8900146484375,310.7799987792969,310.8399963378906,18917,0.0,0.0
2024-12-04 15:50:00-05:00,310.80999755859375,310.8900146484375,310.5899963378906,310.5899963378906,26240,0.0,0.0
2024-12-04 15:51:00-05:00,310.5899963378906,310.7099914550781,310.4800109863281,310.5400085449219,24316,0.0,0.0
2024-12-04 15:52:00-05:00,310.5950012207031,310.6199951171875,310.45001220703125,310.5899963378906,38263,0.0,0.0
2024-12-04 15:53:00-05:00,310.5899963378906,310.5899963378906,310.4599914550781,310.5199890136719,14687,0.0,0.0
2024-12-04 15:54:00-05:00,310.54998779296875,310.55999755859375,310.42999267578125,310.42999267578125,27125,0.0,0.0
2024-12-04 15:55:00-05:00,310.3900146484375,310.45001220703125,310.07000732421875,310.1700134277344,58633,0.0,0.0
2024-12-04 15:56:00-05:00,310.18499755859375,310.260009765625,309.7099914550781,309.7099914550781,41296,0.0,0.0
2024-12-04 15:57:00-05:00,309.7099914550781,309.7099914550781,309.45001220703125,309.5950012207031,69352,0.0,0.0
2024-12-04 15:58:00-05:00,309.5950012207031,309.80999755859375,309.5950012207031,309.79998779296875,89184,0.0,0.0
2024-12-04 15:59:00-05:00,309.7900085449219,309.92999267578125,309.489990234375,309.8500061035156,173544,0.0,0.0
2024-12-04 16:00:00-05:00,309.91,309.95,309.54,309.9,1137689,0.0,0.0
2024-12-04 16:01:00-05:00,309.9,309.9,309.9,309.9,0,0.0,0.0
2024-12-04 16:02:00-05:00,309.9,309.95,309.9,309.9,0,0.0,0.0
2024-12-04 16:03:00-05:00,309.9,309.9,308.81,308.81,0,0.0,0.0
2024-12-04 16:05:00-05:00,309.95,309.95,309.63,309.63,0,0.0,0.0
2024-12-04 16:06:00-05:00,308.8112,309.9,308.8112,309.9,0,0.0,0.0
2024-12-04 16:07:00-05:00,309.9,309.9,309.75,309.75,0,0.0,0.0
2024-12-04 16:08:00-05:00,309.9,310.9452,309.9,309.9,0,0.0,0.0
2024-12-04 16:09:00-05:00,309.75,309.75,308.8647,308.8647,0,0.0,0.0
2024-12-04 16:10:00-05:00,309.9,311.0,309.75,309.75,0,0.0,0.0
2024-12-04 16:11:00-05:00,309.9,309.9,309.75,309.75,0,0.0,0.0
2024-12-04 16:12:00-05:00,309.8,309.8,309.8,309.8,0,0.0,0.0
2024-12-04 16:13:00-05:00,309.7,309.9,309.7,309.75,0,0.0,0.0
2024-12-04 16:14:00-05:00,309.0,309.76,308.96,309.61,0,0.0,0.0
2024-12-04 16:15:00-05:00,309.9,309.9,309.49,309.49,0,0.0,0.0
2024-12-04 16:16:00-05:00,309.49,309.49,309.49,309.49,0,0.0,0.0
2024-12-04 16:17:00-05:00,311.0,311.0,309.9,309.9,0,0.0,0.0
2024-12-04 16:18:00-05:00,309.49,309.49,309.45,309.49,0,0.0,0.0
2024-12-04 16:19:00-05:00,309.49,309.49,309.49,309.49,0,0.0,0.0
2024-12-04 16:20:00-05:00,309.64,309.9,309.64,309.9,0,0.0,0.0
2024-12-04 16:21:00-05:00,311.0,311.0,309.65,309.65,0,0.0,0.0
2024-12-04 16:22:00-05:00,309.65,310.9988,309.51,309.51,0,0.0,0.0
2024-12-04 16:23:00-05:00,309.51,309.66,309.5,309.66,0,0.0,0.0
2024-12-04 16:25:00-05:00,311.0,311.0,309.49,309.49,0,0.0,0.0
2024-12-04 16:27:00-05:00,309.46,309.61,309.46,309.61,0,0.0,0.0
2024-12-04 16:28:00-05:00,309.61,309.61,309.61,309.61,0,0.0,0.0
2024-12-04 16:30:00-05:00,309.63,309.63,309.63,309.63,0,0.0,0.0
2024-12-04 16:32:00-05:00,309.6,311.0,309.58,311.0,0,0.0,0.0
2024-12-04 16:33:00-05:00,309.46,309.46,309.45,309.45,0,0.0,0.0
2024-12-04 16:34:00-05:00,309.44,310.9375,308.5625,308.5625,0,0.0,0.0
2024-12-04 16:35:00-05:00,309.37,309.9,309.36,309.36,0,0.0,0.0
2024-12-04 16:36:00-05:00,309.45,309.9,309.45,309.45,0,0.0,0.0
2024-12-04 16:37:00-05:00,309.9,309.9,309.9,309.9,0,0.0,0.0
2024-12-04 16:38:00-05:00,310.9375,310.9988,310.9375,310.9988,0,0.0,0.0
2024-12-04 16:39:00-05:00,309.9,309.9,308.5625,308.5625,0,0.0,0.0
2024-12-04 16:40:00-05:00,309.59,309.59,309.56,309.56,0,0.0,0.0
2024-12-04 16:42:00-05:00,309.56,309.56,309.56,309.56,0,0.0,0.0
2024-12-04 16:43:00-05:00,309.56,309.56,309.56,309.56,0,0.0,0.0
2024-12-04 16:45:00-05:00,309.55,309.59,309.55,309.55,0,0.0,0.0
2024-12-04 16:46:00-05:00,309.38,309.38,309.38,309.38,0,0.0,0.0
2024-12-04 16:47:00-05:00,311.0,311.0,308.5,308.5,0,0.0,0.0
2024-12-04 16:48:00-05:00,309.9,309.9,309.9,309.9,0,0.0,0.0
2024-12-04 16:50:00-05:00,309.54,309.59,309.54,309.55,0,0.0,0.0
2024-12-04 16:51:00-05:00,309.75,309.9,309.75,309.9,0,0.0,0.0
2024-12-04 16:54:00-05:00,309.54,309.54,309.54,309.54,0,0.0,0.0
2024-12-04 16:55:00-05:00,309.38,310.9988,309.38,309.9,0,0.0,0.0
2024-12-04 16:57:00-05:00,309.54,309.54,309.54,309.54,0,0.0,0.0
2024-12-04 16:58:00-05:00,309.52,309.52,309.52,309.52,0,0.0,0.0
2024-12-04 16:59:00-05:00,309.52,309.52,309.52,309.52,0,0.0,0.0
2024-12-04 17:00:00-05:00,309.51,309.59,309.36,309.59,0,0.0,0.0
2024-12-04 17:03:00-05:00,309.57,310.34,309.52,310.34,0,0.0,0.0
2024-12-04 17:04:00-05:00,309.6,309.6,309.6,309.6,0,0.0,0.0
2024-12-04 17:05:00-05:00,309.68,309.68,309.68,309.68,0,0.0,0.0
2024-12-04 17:07:00-05:00,310.241,310.241,310.241,310.241,0,0.0,0.0
2024-12-04 17:08:00-05:00,309.7,309.7,309.7,309.7,0,0.0,0.0
2024-12-04 17:09:00-05:00,309.5,309.5,309.5,309.5,0,0.0,0.0
2024-12-04 17:10:00-05:00,309.5,309.5,309.5,309.5,0,0.0,0.0
2024-12-04 17:11:00-05:00,309.54,309.69,309.54,309.69,0,0.0,0.0
2024-12-04 17:12:00-05:00,310.26,310.26,310.26,310.26,0,0.0,0.0
2024-12-04 17:14:00-05:00,310.4,310.4,310.4,310.4,0,0.0,0.0
2024-12-04 17:16:00-05:00,309.5,309.5,309.5,309.5,0,0.0,0.0
2024-12-04 17:18:00-05:00,310.4,310.4,309.7,309.7,0,0.0,0.0
2024-12-04 17:19:00-05:00,309.7,309.7,309.7,309.7,0,0.0,0.0
2024-12-04 17:20:00-05:00,309.65,309.65,309.65,309.65,0,0.0,0.0
2024-12-04 17:21:00-05:00,309.72,310.22,309.5,310.22,0,0.0,0.0
2024-12-04 17:22:00-05:00,310.22,310.22,309.65,309.65,0,0.0,0.0
2024-12-04 17:23:00-05:00,309.65,309.7,309.65,309.7,0,0.0,0.0
2024-12-04 17:24:00-05:00,309.8,309.9,309.5,309.5,0,0.0,0.0
2024-12-04 17:25:00-05:00,309.89,309.9,309.89,309.9,0,0.0,0.0
2024-12-04 17:26:00-05:00,310.24,310.24,310.24,310.24,0,0.0,0.0
2024-12-04 17:27:00-05:00,310.24,310.24,309.88,309.88,0,0.0,0.0
2024-12-04 17:29:00-05:00,309.88,309.88,309.88,309.88,0,0.0,0.0
2024-12-04 17:30:00-05:00,309.88,309.88,309.88,309.88,0,0.0,0.0
2024-12-04 17:31:00-05:00,309.88,309.88,309.88,309.88,0,0.0,0.0
2024-12-04 17:32:00-05:00,309.5,309.89,309.5,309.89,0,0.0,0.0
2024-12-04 17:36:00-05:00,309.5185,310.24,309.5185,310.24,0,0.0,0.0
2024-12-04 17:37:00-05:00,309.88,310.0,309.5,309.5,0,0.0,0.0
2024-12-04 17:42:00-05:00,309.91,309.91,309.91,309.91,0,0.0,0.0
2024-12-04 17:43:00-05:00,309.89,309.89,309.89,309.89,0,0.0,0.0
2024-12-04 17:44:00-05:00,309.89,309.89,309.89,309.89,0,0.0,0.0
2024-12-04 17:50:00-05:00,309.76,309.76,309.76,309.76,0,0.0,0.0
2024-12-04 17:53:00-05:00,310.2215,310.2215,310.2215,310.2215,0,0.0,0.0
2024-12-04 17:57:00-05:00,310.22,310.22,310.22,310.22,0,0.0,0.0
2024-12-04 17:59:00-05:00,310.22,310.22,310.22,310.22,0,0.0,0.0
2024-12-04 18:02:00-05:00,310.4,310.4,310.4,310.4,0,0.0,0.0
2024-12-04 18:04:00-05:00,309.9812,309.9812,309.9812,309.9812,0,0.0,0.0
2024-12-04 18:06:00-05:00,309.9625,309.9625,309.9625,309.9625,0,0.0,0.0
2024-12-04 18:09:00-05:00,309.85,309.85,309.85,309.85,0,0.0,0.0
2024-12-04 18:11:00-05:00,309.6,309.6,309.6,309.6,0,0.0,0.0
2024-12-04 18:14:00-05:00,309.6,309.6,309.6,309.6,0,0.0,0.0
2024-12-04 18:17:00-05:00,309.62,309.62,309.61,309.61,0,0.0,0.0
2024-12-04 18:18:00-05:00,309.63,309.64,309.63,309.64,0,0.0,0.0
2024-12-04 18:20:00-05:00,309.85,309.85,309.85,309.85,0,0.0,0.0
2024-12-04 18:23:00-05:00,310.3888,310.3888,310.3888,310.3888,0,0.0,0.0
2024-12-04 18:25:00-05:00,309.5,309.5,309.5,309.5,0,0.0,0.0
2024-12-04 18:29:00-05:00,309.5,309.5,309.5,309.5,0,0.0,0.0
2024-12-04 18:32:00-05:00,309.61,309.61,309.5,309.5,0,0.0,0.0
2024-12-04 18:36:00-05:00,310.37,310.37,309.9,309.9,0,0.0,0.0
2024-12-04 18:38:00-05:00,309.61,309.61,309.61,309.61,0,0.0,0.0
2024-12-04 18:42:00-05:00,309.5,310.39,309.5,310.0,0,0.0,0.0
2024-12-04 18:43:00-05:00,310.37,310.37,310.37,310.37,0,0.0,0.0
2024-12-04 18:44:00-05:00,310.37,310.37,310.37,310.37,0,0.0,0.0
2024-12-04 18:47:00-05:00,310.0,310.0,310.0,310.0,0,0.0,0.0
2024-12-04 18:50:00-05:00,309.5,309.5,309.5,309.5,0,0.0,0.0
2024-12-04 18:51:00-05:00,310.0,310.0,310.0,310.0,0,0.0,0.0
2024-12-04 18:54:00-05:00,309.99,309.99,309.99,309.99,0,0.0,0.0
2024-12-04 18:56:00-05:00,310.39,310.39,310.39,310.39,0,0.0,0.0
2024-12-04 18:59:00-05:00,310.39,310.39,310.39,310.39,0,0.0,0.0
2024-12-04 19:01:00-05:00,309.99,309.99,309.99,309.99,0,0.0,0.0
2024-12-04 19:02:00-05:00,310.0,310.0,310.0,310.0,0,0.0,0.0
2024-12-04 19:08:00-05:00,310.0,310.0,310.0,310.0,0,0.0,0.0
2024-12-04 19:11:00-05:00,310.0,310.0,310.0,310.0,0,0.0,0.0
2024-12-04 19:14:00-05:00,310.0,310.4,310.0,310.4,0,0.0,0.0
2024-12-04 19:15:00-05:00,310.0,310.0,310.0,310.0,0,0.0,0.0
2024-12-04 19:19:00-05:00,309.9,309.9,309.9,309.9,0,0.0,0.0
2024-12-04 19:32:15-05:00,309.95,309.95,309.95,309.95,0,0.0,0.0
