time,Open,High,Low,Close,Volume,Dividends,Stock Splits
2024-12-19 04:00:00-05:00,138.0,138.41,138.0,138.08,0,0.0,0.0
2024-12-19 04:01:00-05:00,137.61,137.61,137.46,137.46,0,0.0,0.0
2024-12-19 04:05:00-05:00,137.99,138.17,137.99,138.17,0,0.0,0.0
2024-12-19 04:07:00-05:00,137.64,137.64,137.49,137.5,0,0.0,0.0
2024-12-19 04:08:00-05:00,137.5,137.5,137.5,137.5,0,0.0,0.0
2024-12-19 04:09:00-05:00,137.49,137.53,137.29,137.29,0,0.0,0.0
2024-12-19 04:10:00-05:00,137.29,137.47,137.29,137.47,0,0.0,0.0
2024-12-19 04:13:00-05:00,137.47,137.47,137.47,137.47,0,0.0,0.0
2024-12-19 04:15:00-05:00,137.5,137.5,137.5,137.5,0,0.0,0.0
2024-12-19 04:18:00-05:00,137.57,137.57,137.57,137.57,0,0.0,0.0
2024-12-19 04:20:00-05:00,137.34,137.34,137.34,137.34,0,0.0,0.0
2024-12-19 04:21:00-05:00,137.3,137.33,137.3,137.33,0,0.0,0.0
2024-12-19 04:22:00-05:00,137.3,137.3,137.17,137.17,0,0.0,0.0
2024-12-19 04:23:00-05:00,137.14,137.14,137.03,137.03,0,0.0,0.0
2024-12-19 04:24:00-05:00,137.02,137.02,136.6,136.75,0,0.0,0.0
2024-12-19 04:25:00-05:00,136.8,136.81,136.8,136.81,0,0.0,0.0
2024-12-19 04:28:00-05:00,137.14,137.14,137.1,137.1,0,0.0,0.0
2024-12-19 04:33:00-05:00,136.9,136.9,136.9,136.9,0,0.0,0.0
2024-12-19 04:35:00-05:00,136.99,136.99,136.99,136.99,0,0.0,0.0
2024-12-19 04:36:00-05:00,137.0,137.0,137.0,137.0,0,0.0,0.0
2024-12-19 04:37:00-05:00,136.98,136.98,136.95,136.95,0,0.0,0.0
2024-12-19 04:39:00-05:00,136.99,136.99,136.99,136.99,0,0.0,0.0
2024-12-19 04:42:00-05:00,136.72,136.72,136.72,136.72,0,0.0,0.0
2024-12-19 04:43:00-05:00,136.74,136.74,136.71,136.71,0,0.0,0.0
2024-12-19 04:45:00-05:00,136.97,136.97,136.97,136.97,0,0.0,0.0
2024-12-19 04:52:00-05:00,136.94,136.94,136.94,136.94,0,0.0,0.0
2024-12-19 04:53:00-05:00,136.92,137.42,136.92,137.42,0,0.0,0.0
2024-12-19 04:55:00-05:00,136.73,136.84,136.73,136.84,0,0.0,0.0
2024-12-19 04:56:00-05:00,137.09,137.09,137.09,137.09,0,0.0,0.0
2024-12-19 05:09:00-05:00,137.19,137.19,137.19,137.19,0,0.0,0.0
2024-12-19 05:10:00-05:00,137.2,137.2,137.2,137.2,0,0.0,0.0
2024-12-19 05:18:00-05:00,137.32,137.32,137.32,137.32,0,0.0,0.0
2024-12-19 05:19:00-05:00,137.18,137.18,137.02,137.02,0,0.0,0.0
2024-12-19 05:21:00-05:00,137.5,137.53,137.4,137.4,0,0.0,0.0
2024-12-19 05:24:00-05:00,137.4,137.4,137.4,137.4,0,0.0,0.0
2024-12-19 05:25:00-05:00,137.49,137.49,137.49,137.49,0,0.0,0.0
2024-12-19 05:34:00-05:00,137.14,137.14,137.14,137.14,0,0.0,0.0
2024-12-19 05:38:00-05:00,137.14,137.14,137.1,137.1,0,0.0,0.0
2024-12-19 05:45:00-05:00,137.39,137.39,137.39,137.39,0,0.0,0.0
2024-12-19 05:47:00-05:00,137.07,137.07,137.07,137.07,0,0.0,0.0
2024-12-19 06:00:00-05:00,137.0,137.0,137.0,137.0,0,0.0,0.0
2024-12-19 06:02:00-05:00,137.02,137.02,137.02,137.02,0,0.0,0.0
2024-12-19 06:03:00-05:00,136.97,136.97,136.97,136.97,0,0.0,0.0
2024-12-19 06:09:00-05:00,137.04,137.04,137.04,137.04,0,0.0,0.0
2024-12-19 06:11:00-05:00,137.07,137.07,137.07,137.07,0,0.0,0.0
2024-12-19 06:13:00-05:00,137.0,137.0,137.0,137.0,0,0.0,0.0
2024-12-19 06:31:00-05:00,137.17,137.17,137.17,137.17,0,0.0,0.0
2024-12-19 07:00:00-05:00,137.4,137.4,137.4,137.4,0,0.0,0.0
2024-12-19 07:01:00-05:00,137.25,137.25,137.25,137.25,0,0.0,0.0
2024-12-19 07:04:00-05:00,137.28,137.28,137.27,137.28,0,0.0,0.0
2024-12-19 07:05:00-05:00,137.28,137.39,137.28,137.39,0,0.0,0.0
2024-12-19 07:07:00-05:00,137.4,137.8,137.4,137.8,0,0.0,0.0
2024-12-19 07:10:00-05:00,137.89,137.89,137.89,137.89,0,0.0,0.0
2024-12-19 07:12:00-05:00,137.9,137.9,137.9,137.9,0,0.0,0.0
2024-12-19 07:13:00-05:00,138.0,138.0,138.0,138.0,0,0.0,0.0
2024-12-19 07:17:00-05:00,137.71,137.71,137.7,137.7,0,0.0,0.0
2024-12-19 07:19:00-05:00,137.53,137.64,137.5,137.64,0,0.0,0.0
2024-12-19 07:22:00-05:00,137.66,137.66,137.66,137.66,0,0.0,0.0
2024-12-19 07:24:00-05:00,137.83,137.84,137.77,137.77,0,0.0,0.0
2024-12-19 07:25:00-05:00,138.1,138.1,138.1,138.1,0,0.0,0.0
2024-12-19 07:26:00-05:00,137.97,138.0,137.97,138.0,0,0.0,0.0
2024-12-19 07:28:00-05:00,137.91,137.91,137.91,137.91,0,0.0,0.0
2024-12-19 07:30:00-05:00,138.04,138.04,138.01,138.01,0,0.0,0.0
2024-12-19 07:34:00-05:00,138.05,138.05,138.05,138.05,0,0.0,0.0
2024-12-19 07:35:00-05:00,138.14,138.35,138.14,138.35,0,0.0,0.0
2024-12-19 07:36:00-05:00,138.27,138.27,138.27,138.27,0,0.0,0.0
2024-12-19 07:40:00-05:00,138.34,138.34,138.34,138.34,0,0.0,0.0
2024-12-19 07:41:00-05:00,138.35,138.4,138.35,138.35,0,0.0,0.0
2024-12-19 07:42:00-05:00,138.42,138.5,138.42,138.5,0,0.0,0.0
2024-12-19 07:43:00-05:00,138.57,138.64,138.57,138.64,0,0.0,0.0
2024-12-19 07:44:00-05:00,138.64,138.67,138.64,138.67,0,0.0,0.0
2024-12-19 07:45:00-05:00,138.67,138.67,138.67,138.67,0,0.0,0.0
2024-12-19 07:48:00-05:00,138.67,138.67,138.67,138.67,0,0.0,0.0
2024-12-19 07:49:00-05:00,138.63,138.63,138.62,138.62,0,0.0,0.0
2024-12-19 07:50:00-05:00,138.51,138.51,138.5,138.5,0,0.0,0.0
2024-12-19 07:51:00-05:00,138.37,138.37,138.36,138.36,0,0.0,0.0
2024-12-19 07:56:00-05:00,138.7,138.73,138.7,138.73,0,0.0,0.0
2024-12-19 07:57:00-05:00,138.56,138.56,138.56,138.56,0,0.0,0.0
2024-12-19 07:58:00-05:00,138.72,138.72,138.72,138.72,0,0.0,0.0
2024-12-19 07:59:00-05:00,138.62,138.62,138.62,138.62,0,0.0,0.0
2024-12-19 08:00:00-05:00,137.61,138.92,137.0642,138.56,0,0.0,0.0
2024-12-19 08:01:00-05:00,137.55,138.56,137.55,138.53,0,0.0,0.0
2024-12-19 08:02:00-05:00,138.35,138.62,137.55,138.5,0,0.0,0.0
2024-12-19 08:03:00-05:00,138.55,138.7,138.3603,138.7,0,0.0,0.0
2024-12-19 08:04:00-05:00,138.7,138.7,138.4258,138.4258,0,0.0,0.0
2024-12-19 08:05:00-05:00,136.56,138.69,136.56,138.616,0,0.0,0.0
2024-12-19 08:07:00-05:00,138.5,138.5,138.5,138.5,0,0.0,0.0
2024-12-19 08:09:00-05:00,138.5,138.5,138.5,138.5,0,0.0,0.0
2024-12-19 08:10:00-05:00,138.3,138.49,138.3,138.49,0,0.0,0.0
2024-12-19 08:11:00-05:00,138.3,138.3,138.27,138.3,0,0.0,0.0
2024-12-19 08:14:00-05:00,138.3,138.3,138.3,138.3,0,0.0,0.0
2024-12-19 08:16:00-05:00,138.4,138.5,138.3,138.5,0,0.0,0.0
2024-12-19 08:17:00-05:00,138.3,138.488,138.3,138.47,0,0.0,0.0
2024-12-19 08:18:00-05:00,138.0,138.0,138.0,138.0,0,0.0,0.0
2024-12-19 08:19:00-05:00,138.5,138.5,138.0,138.0,0,0.0,0.0
2024-12-19 08:20:00-05:00,138.49,138.6,138.49,138.5,0,0.0,0.0
2024-12-19 08:21:00-05:00,138.5,138.6,138.49,138.49,0,0.0,0.0
2024-12-19 08:22:00-05:00,138.48,138.5,138.4797,138.5,0,0.0,0.0
2024-12-19 08:23:00-05:00,138.25,138.5,138.25,138.5,0,0.0,0.0
2024-12-19 08:25:00-05:00,138.3,138.5,138.25,138.25,0,0.0,0.0
2024-12-19 08:26:00-05:00,138.3,138.3,138.0,138.2,0,0.0,0.0
2024-12-19 08:27:00-05:00,138.45,138.5,138.45,138.5,0,0.0,0.0
2024-12-19 08:28:00-05:00,138.45,138.45,138.375,138.375,0,0.0,0.0
2024-12-19 08:29:00-05:00,138.35,138.5,138.3,138.4,0,0.0,0.0
2024-12-19 08:30:00-05:00,138.301,138.45,138.301,138.32,0,0.0,0.0
2024-12-19 08:31:00-05:00,138.32,138.3503,138.32,138.3503,0,0.0,0.0
2024-12-19 08:32:00-05:00,138.25,138.5,138.0,138.5,0,0.0,0.0
2024-12-19 08:33:00-05:00,138.4999,138.4999,138.0,138.0,0,0.0,0.0
2024-12-19 08:34:00-05:00,138.2,138.45,138.19,138.26,0,0.0,0.0
2024-12-19 08:35:00-05:00,138.14,138.14,138.1,138.1,0,0.0,0.0
2024-12-19 08:36:00-05:00,138.2,138.5,138.2,138.37,0,0.0,0.0
2024-12-19 08:37:00-05:00,138.33,138.5,138.1,138.5,0,0.0,0.0
2024-12-19 08:38:00-05:00,138.1,138.22,138.1,138.22,0,0.0,0.0
2024-12-19 08:39:00-05:00,138.45,138.45,138.45,138.45,0,0.0,0.0
2024-12-19 08:40:00-05:00,138.0056,138.494,138.0056,138.494,0,0.0,0.0
2024-12-19 08:41:00-05:00,138.14,138.22,138.14,138.22,0,0.0,0.0
2024-12-19 08:42:00-05:00,138.22,138.22,138.1,138.1,0,0.0,0.0
2024-12-19 08:43:00-05:00,138.1,138.25,138.1,138.22,0,0.0,0.0
2024-12-19 08:44:00-05:00,138.06,138.21,138.0,138.0,0,0.0,0.0
2024-12-19 08:45:00-05:00,138.03,138.03,138.0,138.0,0,0.0,0.0
2024-12-19 08:46:00-05:00,138.21,138.21,138.21,138.21,0,0.0,0.0
2024-12-19 08:47:00-05:00,138.0,138.24,138.0,138.21,0,0.0,0.0
2024-12-19 08:48:00-05:00,138.01,138.5,138.01,138.01,0,0.0,0.0
2024-12-19 08:49:00-05:00,138.5,138.5,138.3,138.3,0,0.0,0.0
2024-12-19 08:50:00-05:00,138.29,138.29,138.25,138.25,0,0.0,0.0
2024-12-19 08:51:00-05:00,138.02,138.35,138.02,138.24,0,0.0,0.0
2024-12-19 08:52:00-05:00,138.5,138.5,138.45,138.45,0,0.0,0.0
2024-12-19 08:53:00-05:00,138.255,138.255,138.01,138.255,0,0.0,0.0
2024-12-19 08:54:00-05:00,138.25,138.25,138.1,138.1,0,0.0,0.0
2024-12-19 08:55:00-05:00,138.1,138.1,138.1,138.1,0,0.0,0.0
2024-12-19 08:56:00-05:00,138.01,138.01,138.01,138.01,0,0.0,0.0
2024-12-19 08:57:00-05:00,138.3,138.3,138.3,138.3,0,0.0,0.0
2024-12-19 08:58:00-05:00,138.23,138.3,138.23,138.3,0,0.0,0.0
2024-12-19 08:59:00-05:00,138.0007,138.1,138.0007,138.1,0,0.0,0.0
2024-12-19 09:00:00-05:00,138.2,138.2,138.19,138.19,0,0.0,0.0
2024-12-19 09:01:00-05:00,138.19,138.19,138.19,138.19,0,0.0,0.0
2024-12-19 09:02:00-05:00,138.0,138.2,138.0,138.0,0,0.0,0.0
2024-12-19 09:04:00-05:00,138.29,138.29,138.27,138.27,0,0.0,0.0
2024-12-19 09:05:00-05:00,138.2,138.49,138.2,138.43,0,0.0,0.0
2024-12-19 09:06:00-05:00,138.43,138.4576,138.25,138.26,0,0.0,0.0
2024-12-19 09:07:00-05:00,138.45,138.6,138.45,138.6,0,0.0,0.0
2024-12-19 09:08:00-05:00,138.51,138.59,138.475,138.475,0,0.0,0.0
2024-12-19 09:09:00-05:00,138.475,138.475,138.475,138.475,0,0.0,0.0
2024-12-19 09:10:00-05:00,138.475,138.475,138.3,138.35,0,0.0,0.0
2024-12-19 09:11:00-05:00,138.51,138.6,138.51,138.6,0,0.0,0.0
2024-12-19 09:13:00-05:00,138.6997,138.6997,138.6997,138.6997,0,0.0,0.0
2024-12-19 09:14:00-05:00,138.7,138.7,138.6999,138.6999,0,0.0,0.0
2024-12-19 09:15:00-05:00,138.6,138.65,138.6,138.65,0,0.0,0.0
2024-12-19 09:17:00-05:00,138.605,138.7,138.605,138.64,0,0.0,0.0
2024-12-19 09:18:00-05:00,138.79,138.98,138.7,138.7,0,0.0,0.0
2024-12-19 09:19:00-05:00,138.91,138.91,138.51,138.655,0,0.0,0.0
2024-12-19 09:20:00-05:00,138.8,138.8,138.655,138.79,0,0.0,0.0
2024-12-19 09:21:00-05:00,138.52,138.8,138.51,138.655,0,0.0,0.0
2024-12-19 09:22:00-05:00,138.8,138.8,138.8,138.8,0,0.0,0.0
2024-12-19 09:23:00-05:00,138.79,138.79,138.655,138.655,0,0.0,0.0
2024-12-19 09:24:00-05:00,138.655,138.79,138.52,138.62,0,0.0,0.0
2024-12-19 09:25:00-05:00,138.14,138.6,137.07,138.025,0,0.0,0.0
2024-12-19 09:26:00-05:00,137.4,137.4,137.2,137.2,0,0.0,0.0
2024-12-19 09:27:00-05:00,137.5,137.5,137.14,137.14,0,0.0,0.0
2024-12-19 09:28:00-05:00,137.12,137.16,137.1,137.16,0,0.0,0.0
2024-12-19 09:29:00-05:00,137.13,137.22,137.05,137.06,0,0.0,0.0
2024-12-19 09:30:00-05:00,137.18499755859375,138.7949981689453,137.00999450683594,138.39999389648438,230335,0.0,0.0
2024-12-19 09:31:00-05:00,138.11000061035156,138.86000061035156,138.11000061035156,138.86000061035156,12863,0.0,0.0
2024-12-19 09:32:00-05:00,138.86000061035156,139.3000030517578,138.5800018310547,138.94520568847656,31659,0.0,0.0
2024-12-19 09:33:00-05:00,138.64999389648438,139.8000030517578,138.64999389648438,139.67999267578125,17624,0.0,0.0
2024-12-19 09:34:00-05:00,139.57620239257812,140.20989990234375,139.46009826660156,139.79249572753906,34680,0.0,0.0
2024-12-19 09:35:00-05:00,139.50790405273438,139.90550231933594,138.8032989501953,138.8032989501953,14142,0.0,0.0
2024-12-19 09:36:00-05:00,138.86000061035156,139.37989807128906,138.67689514160156,138.76499938964844,14174,0.0,0.0
2024-12-19 09:37:00-05:00,138.61000061035156,138.97999572753906,138.0,138.3249969482422,26694,0.0,0.0
2024-12-19 09:38:00-05:00,138.44000244140625,138.75,138.31500244140625,138.49000549316406,24352,0.0,0.0
2024-12-19 09:39:00-05:00,138.639892578125,138.69679260253906,137.80999755859375,137.83999633789062,20032,0.0,0.0
2024-12-19 09:40:00-05:00,137.9600067138672,138.30999755859375,137.8300018310547,137.93499755859375,12631,0.0,0.0
2024-12-19 09:41:00-05:00,137.93499755859375,139.0,137.64649963378906,138.99000549316406,21159,0.0,0.0
2024-12-19 09:42:00-05:00,138.99000549316406,139.17999267578125,138.8625030517578,138.94000244140625,13683,0.0,0.0
2024-12-19 09:43:00-05:00,138.8699951171875,138.8699951171875,138.3800048828125,138.5399932861328,14612,0.0,0.0
2024-12-19 09:44:00-05:00,138.53500366210938,138.66000366210938,138.2899932861328,138.51499938964844,20314,0.0,0.0
2024-12-19 09:45:00-05:00,138.39999389648438,138.5319061279297,138.27999877929688,138.4199981689453,7964,0.0,0.0
2024-12-19 09:46:00-05:00,138.32000732421875,138.6199951171875,138.0500030517578,138.1999969482422,9980,0.0,0.0
2024-12-19 09:47:00-05:00,138.02000427246094,138.22999572753906,137.92010498046875,138.1750030517578,8471,0.0,0.0
2024-12-19 09:48:00-05:00,138.2949981689453,138.57000732421875,138.27999877929688,138.48500061035156,5851,0.0,0.0
2024-12-19 09:49:00-05:00,138.30999755859375,138.34910583496094,138.19000244140625,138.1999969482422,7421,0.0,0.0
2024-12-19 09:50:00-05:00,138.42999267578125,138.5,138.2100067138672,138.47000122070312,8995,0.0,0.0
2024-12-19 09:51:00-05:00,138.60000610351562,138.6300048828125,138.27000427246094,138.38499450683594,10314,0.0,0.0
2024-12-19 09:52:00-05:00,138.3000030517578,138.63999938964844,138.3000030517578,138.4600067138672,9586,0.0,0.0
2024-12-19 09:53:00-05:00,138.49000549316406,138.5800018310547,138.39999389648438,138.50999450683594,8627,0.0,0.0
2024-12-19 09:54:00-05:00,138.66000366210938,138.66000366210938,138.1999969482422,138.36000061035156,24801,0.0,0.0
2024-12-19 09:55:00-05:00,138.32000732421875,138.4600067138672,138.17999267578125,138.4550018310547,21954,0.0,0.0
2024-12-19 09:56:00-05:00,138.6199951171875,138.6699981689453,138.52999877929688,138.53500366210938,10369,0.0,0.0
2024-12-19 09:57:00-05:00,138.6999969482422,138.72999572753906,138.5413055419922,138.66079711914062,7129,0.0,0.0
2024-12-19 09:58:00-05:00,138.58999633789062,138.58999633789062,138.1999969482422,138.36920166015625,11672,0.0,0.0
2024-12-19 09:59:00-05:00,138.27999877929688,138.39999389648438,138.16000366210938,138.35000610351562,64221,0.0,0.0
2024-12-19 10:00:00-05:00,138.39999389648438,138.82009887695312,138.2100067138672,138.82009887695312,18670,0.0,0.0
2024-12-19 10:01:00-05:00,138.80999755859375,138.80999755859375,138.1999969482422,138.27999877929688,8088,0.0,0.0
2024-12-19 10:02:00-05:00,138.20010375976562,138.5998992919922,138.0,138.5998992919922,62670,0.0,0.0
2024-12-19 10:03:00-05:00,138.4416046142578,138.77000427246094,138.4416046142578,138.69000244140625,9773,0.0,0.0
2024-12-19 10:04:00-05:00,138.67999267578125,138.6999969482422,138.30999755859375,138.30999755859375,14122,0.0,0.0
2024-12-19 10:05:00-05:00,138.2100067138672,138.39500427246094,138.10000610351562,138.1999969482422,8523,0.0,0.0
2024-12-19 10:06:00-05:00,138.1999969482422,138.3000030517578,138.06500244140625,138.10000610351562,77657,0.0,0.0
2024-12-19 10:07:00-05:00,138.1300048828125,138.14500427246094,137.8699951171875,138.1300048828125,65085,0.0,0.0
2024-12-19 10:08:00-05:00,138.13999938964844,138.25,137.98890686035156,138.11000061035156,14240,0.0,0.0
2024-12-19 10:09:00-05:00,138.10000610351562,138.25999450683594,138.07000732421875,138.1060028076172,10032,0.0,0.0
2024-12-19 10:10:00-05:00,138.1999969482422,138.39999389648438,138.12469482421875,138.3050994873047,6255,0.0,0.0
2024-12-19 10:11:00-05:00,138.34500122070312,138.63999938964844,138.1999969482422,138.56500244140625,12560,0.0,0.0
2024-12-19 10:12:00-05:00,138.74989318847656,138.97000122070312,138.43899536132812,138.85499572753906,10357,0.0,0.0
2024-12-19 10:13:00-05:00,138.85499572753906,139.3300018310547,138.85499572753906,139.1999969482422,17712,0.0,0.0
2024-12-19 10:14:00-05:00,139.3092041015625,139.33999633789062,139.11000061035156,139.11099243164062,8017,0.0,0.0
2024-12-19 10:15:00-05:00,139.11000061035156,139.21929931640625,138.67909240722656,138.67909240722656,7190,0.0,0.0
2024-12-19 10:16:00-05:00,138.64999389648438,138.72520446777344,138.24000549316406,138.27000427246094,6133,0.0,0.0
2024-12-19 10:17:00-05:00,138.27000427246094,138.4199981689453,138.1300048828125,138.22999572753906,6138,0.0,0.0
2024-12-19 10:18:00-05:00,138.0,138.1999969482422,137.5399932861328,137.74000549316406,20727,0.0,0.0
2024-12-19 10:19:00-05:00,137.5,137.6387939453125,137.11000061035156,137.47500610351562,19157,0.0,0.0
2024-12-19 10:20:00-05:00,137.36000061035156,137.36000061035156,136.75,136.83999633789062,20015,0.0,0.0
2024-12-19 10:21:00-05:00,136.7001953125,136.77999877929688,136.66000366210938,136.75,5064,0.0,0.0
2024-12-19 10:22:00-05:00,136.25,136.25,136.0,136.02999877929688,43634,0.0,0.0
2024-12-19 10:23:00-05:00,135.9281005859375,136.08790588378906,135.47999572753906,135.55340576171875,30117,0.0,0.0
2024-12-19 10:24:00-05:00,135.5500030517578,135.60000610351562,135.22869873046875,135.3300018310547,20965,0.0,0.0
2024-12-19 10:25:00-05:00,135.0,135.58999633789062,135.0,135.5850067138672,25840,0.0,0.0
2024-12-19 10:26:00-05:00,135.61000061035156,135.66000366210938,135.07000732421875,135.08999633789062,17408,0.0,0.0
2024-12-19 10:27:00-05:00,135.13499450683594,135.5399932861328,135.13499450683594,135.1699981689453,26117,0.0,0.0
2024-12-19 10:28:00-05:00,135.3498992919922,135.3498992919922,134.63009643554688,134.77999877929688,38859,0.0,0.0
2024-12-19 10:29:00-05:00,134.96560668945312,134.96560668945312,134.5,134.66000366210938,19520,0.0,0.0
2024-12-19 10:30:00-05:00,134.7082061767578,134.8498992919922,134.49000549316406,134.49000549316406,17089,0.0,0.0
2024-12-19 10:31:00-05:00,134.52499389648438,134.63999938964844,134.22000122070312,134.25,17866,0.0,0.0
2024-12-19 10:32:00-05:00,134.38499450683594,134.75,134.36500549316406,134.74000549316406,14027,0.0,0.0
2024-12-19 10:33:00-05:00,134.7899932861328,134.7899932861328,134.3000030517578,134.3300018310547,9800,0.0,0.0
2024-12-19 10:34:00-05:00,134.35000610351562,134.35000610351562,133.75,134.06610107421875,39515,0.0,0.0
2024-12-19 10:35:00-05:00,134.05999755859375,134.1699981689453,133.30079650878906,133.45750427246094,51749,0.0,0.0
2024-12-19 10:36:00-05:00,133.36000061035156,133.5749969482422,133.1699981689453,133.3000030517578,28734,0.0,0.0
2024-12-19 10:37:00-05:00,133.4199981689453,133.7899932861328,133.3000030517578,133.61000061035156,21615,0.0,0.0
2024-12-19 10:38:00-05:00,133.6999969482422,134.11489868164062,133.58999633789062,133.75,50910,0.0,0.0
2024-12-19 10:39:00-05:00,133.7100067138672,133.97999572753906,133.4550018310547,133.58990478515625,10290,0.0,0.0
2024-12-19 10:40:00-05:00,133.32000732421875,133.80499267578125,133.11000061035156,133.68499755859375,22949,0.0,0.0
2024-12-19 10:41:00-05:00,133.5800018310547,133.64999389648438,133.22999572753906,133.2899932861328,13003,0.0,0.0
2024-12-19 10:42:00-05:00,133.1699981689453,134.33999633789062,133.1699981689453,134.22999572753906,24134,0.0,0.0
2024-12-19 10:43:00-05:00,134.1699981689453,134.39999389648438,134.1699981689453,134.25,20149,0.0,0.0
2024-12-19 10:44:00-05:00,134.19000244140625,134.39999389648438,134.1699981689453,134.2550048828125,10377,0.0,0.0
2024-12-19 10:45:00-05:00,134.30999755859375,134.47000122070312,134.0500030517578,134.19000244140625,16426,0.0,0.0
2024-12-19 10:46:00-05:00,134.2949981689453,134.4199981689453,134.02000427246094,134.1566925048828,14599,0.0,0.0
2024-12-19 10:47:00-05:00,134.1999969482422,134.1999969482422,133.65890502929688,133.75999450683594,11193,0.0,0.0
2024-12-19 10:48:00-05:00,133.75999450683594,133.89529418945312,133.59500122070312,133.60499572753906,12736,0.0,0.0
2024-12-19 10:49:00-05:00,133.77000427246094,134.0500030517578,133.75999450683594,134.00999450683594,9195,0.0,0.0
2024-12-19 10:50:00-05:00,134.0449981689453,134.1634979248047,133.92999267578125,134.0,18380,0.0,0.0
2024-12-19 10:51:00-05:00,134.01499938964844,134.1699981689453,133.8000030517578,133.8000030517578,12009,0.0,0.0
2024-12-19 10:52:00-05:00,133.9481964111328,133.97129821777344,133.64500427246094,133.6699981689453,14587,0.0,0.0
2024-12-19 10:53:00-05:00,133.75999450683594,134.02000427246094,133.67999267578125,134.0,15787,0.0,0.0
2024-12-19 10:54:00-05:00,134.0,134.0500030517578,133.80999755859375,133.85000610351562,15934,0.0,0.0
2024-12-19 10:55:00-05:00,133.85499572753906,134.00999450683594,133.85499572753906,134.0,11752,0.0,0.0
2024-12-19 10:56:00-05:00,134.0399932861328,134.05799865722656,133.80999755859375,133.9250030517578,26409,0.0,0.0
2024-12-19 10:57:00-05:00,133.8300018310547,133.99229431152344,133.74000549316406,133.99229431152344,9926,0.0,0.0
2024-12-19 10:58:00-05:00,133.89999389648438,134.14089965820312,133.89999389648438,134.10000610351562,28581,0.0,0.0
2024-12-19 10:59:00-05:00,134.0500030517578,134.10000610351562,134.02999877929688,134.03289794921875,8101,0.0,0.0
2024-12-19 11:00:00-05:00,134.0,134.1999969482422,133.94000244140625,134.17999267578125,15248,0.0,0.0
2024-12-19 11:01:00-05:00,134.15640258789062,134.85000610351562,134.10060119628906,134.42999267578125,36480,0.0,0.0
2024-12-19 11:02:00-05:00,134.3300018310547,134.4199981689453,134.1300048828125,134.25,15835,0.0,0.0
2024-12-19 11:03:00-05:00,134.5,134.52999877929688,134.35499572753906,134.35499572753906,5714,0.0,0.0
2024-12-19 11:04:00-05:00,134.25999450683594,134.33999633789062,134.07000732421875,134.07000732421875,10958,0.0,0.0
2024-12-19 11:05:00-05:00,134.02000427246094,134.22999572753906,134.0,134.0,14561,0.0,0.0
2024-12-19 11:06:00-05:00,134.0,134.24000549316406,134.0,134.02000427246094,14790,0.0,0.0
2024-12-19 11:07:00-05:00,134.125,134.125,133.75999450683594,133.85000610351562,24904,0.0,0.0
2024-12-19 11:09:00-05:00,133.7100067138672,133.75999450683594,133.60780334472656,133.69749450683594,27486,0.0,0.0
2024-12-19 11:10:00-05:00,133.8000030517578,134.0,133.44000244140625,133.6029052734375,23336,0.0,0.0
2024-12-19 11:11:00-05:00,133.6199951171875,133.62939453125,133.47000122070312,133.47000122070312,7598,0.0,0.0
2024-12-19 11:12:00-05:00,133.5050048828125,133.59800720214844,133.3000030517578,133.33999633789062,7736,0.0,0.0
2024-12-19 11:13:00-05:00,133.32000732421875,133.39999389648438,133.1699981689453,133.375,13915,0.0,0.0
2024-12-19 11:14:00-05:00,133.36000061035156,133.36000061035156,132.89999389648438,133.14500427246094,34315,0.0,0.0
2024-12-19 11:15:00-05:00,133.16000366210938,133.5,133.11000061035156,133.47500610351562,31884,0.0,0.0
2024-12-19 11:16:00-05:00,133.35000610351562,133.4799041748047,133.1999969482422,133.4199981689453,6576,0.0,0.0
2024-12-19 11:17:00-05:00,133.47999572753906,133.58999633789062,133.4499969482422,133.53810119628906,7786,0.0,0.0
2024-12-19 11:18:00-05:00,133.50999450683594,133.56900024414062,133.24000549316406,133.477294921875,10755,0.0,0.0
2024-12-19 11:19:00-05:00,133.27000427246094,133.41000366210938,133.22000122070312,133.36680603027344,9823,0.0,0.0
2024-12-19 11:20:00-05:00,133.33279418945312,133.67999267578125,133.33279418945312,133.672607421875,6770,0.0,0.0
2024-12-19 11:21:00-05:00,133.7198944091797,133.93499755859375,133.57000732421875,133.86000061035156,11968,0.0,0.0
2024-12-19 11:22:00-05:00,133.9250030517578,133.99000549316406,133.7050018310547,133.99000549316406,10948,0.0,0.0
2024-12-19 11:23:00-05:00,133.92999267578125,134.60000610351562,133.92999267578125,134.22999572753906,15445,0.0,0.0
2024-12-19 11:24:00-05:00,134.33999633789062,134.39500427246094,134.10000610351562,134.22999572753906,6707,0.0,0.0
2024-12-19 11:25:00-05:00,134.36000061035156,134.66000366210938,134.24000549316406,134.65989685058594,23491,0.0,0.0
2024-12-19 11:26:00-05:00,134.5500030517578,134.74989318847656,134.52000427246094,134.58999633789062,5626,0.0,0.0
2024-12-19 11:27:00-05:00,134.58999633789062,134.87989807128906,134.5850067138672,134.7050018310547,10846,0.0,0.0
2024-12-19 11:28:00-05:00,134.8625030517578,134.8625030517578,134.33999633789062,134.34939575195312,20622,0.0,0.0
2024-12-19 11:29:00-05:00,134.32000732421875,134.389892578125,134.11000061035156,134.30999755859375,9143,0.0,0.0
2024-12-19 11:30:00-05:00,134.25,134.49000549316406,134.2100067138672,134.49000549316406,6018,0.0,0.0
2024-12-19 11:31:00-05:00,134.47500610351562,134.5955047607422,134.42999267578125,134.42999267578125,5055,0.0,0.0
2024-12-19 11:32:00-05:00,134.3699951171875,134.3699951171875,134.19000244140625,134.19000244140625,6853,0.0,0.0
2024-12-19 11:33:00-05:00,134.11000061035156,134.11000061035156,133.7707061767578,133.7707061767578,17985,0.0,0.0
2024-12-19 11:34:00-05:00,133.85609436035156,133.85609436035156,133.67999267578125,133.77000427246094,5059,0.0,0.0
2024-12-19 11:35:00-05:00,133.7100067138672,133.83999633789062,133.60830688476562,133.83999633789062,8168,0.0,0.0
2024-12-19 11:36:00-05:00,133.83999633789062,134.05999755859375,133.61000061035156,134.05499267578125,15610,0.0,0.0
2024-12-19 11:37:00-05:00,133.9949951171875,134.5,133.9949951171875,134.5,22709,0.0,0.0
2024-12-19 11:38:00-05:00,134.47500610351562,134.85000610351562,134.4113006591797,134.7899932861328,15686,0.0,0.0
2024-12-19 11:39:00-05:00,134.80999755859375,135.0,134.7073974609375,134.79800415039062,14820,0.0,0.0
2024-12-19 11:40:00-05:00,134.72669982910156,134.7747039794922,134.57000732421875,134.6999969482422,2725,0.0,0.0
2024-12-19 11:41:00-05:00,134.57000732421875,134.5800018310547,134.18499755859375,134.18499755859375,5615,0.0,0.0
2024-12-19 11:42:00-05:00,134.18499755859375,134.2449951171875,134.1428985595703,134.1428985595703,4440,0.0,0.0
2024-12-19 11:43:00-05:00,134.1300048828125,134.4199981689453,134.1199951171875,134.3350067138672,11204,0.0,0.0
2024-12-19 11:44:00-05:00,134.3925018310547,134.4199981689453,134.32000732421875,134.38470458984375,3859,0.0,0.0
2024-12-19 11:45:00-05:00,134.3800048828125,134.38999938964844,134.17999267578125,134.22999572753906,6626,0.0,0.0
2024-12-19 11:46:00-05:00,134.2100067138672,134.4199981689453,134.17999267578125,134.36000061035156,13136,0.0,0.0
2024-12-19 11:47:00-05:00,134.41000366210938,134.4199981689453,134.25,134.34500122070312,14424,0.0,0.0
2024-12-19 11:48:00-05:00,134.3699951171875,134.4199981689453,134.25999450683594,134.3000030517578,8216,0.0,0.0
2024-12-19 11:49:00-05:00,134.27000427246094,134.35519409179688,134.16000366210938,134.35519409179688,7184,0.0,0.0
2024-12-19 11:50:00-05:00,134.27499389648438,134.3115997314453,134.1300048828125,134.1300048828125,3489,0.0,0.0
2024-12-19 11:51:00-05:00,134.1300048828125,134.13999938964844,134.0399932861328,134.11500549316406,14447,0.0,0.0
2024-12-19 11:52:00-05:00,134.11500549316406,134.18609619140625,134.0500030517578,134.08999633789062,6411,0.0,0.0
2024-12-19 11:53:00-05:00,134.0050048828125,134.05499267578125,133.8000030517578,133.9801025390625,10580,0.0,0.0
2024-12-19 11:54:00-05:00,134.05999755859375,134.1300048828125,134.05999755859375,134.1300048828125,1783,0.0,0.0
2024-12-19 11:55:00-05:00,134.22000122070312,134.3936004638672,134.22000122070312,134.36000061035156,4396,0.0,0.0
2024-12-19 11:56:00-05:00,134.36000061035156,134.57000732421875,134.36000061035156,134.5,7926,0.0,0.0
2024-12-19 11:57:00-05:00,134.3800048828125,134.49000549316406,134.25999450683594,134.25999450683594,5210,0.0,0.0
2024-12-19 11:58:00-05:00,134.0449981689453,134.10000610351562,134.0,134.07000732421875,5157,0.0,0.0
2024-12-19 11:59:00-05:00,134.07000732421875,134.07000732421875,133.9499969482422,133.9499969482422,8785,0.0,0.0
2024-12-19 12:00:00-05:00,133.9499969482422,134.07000732421875,133.92999267578125,133.92999267578125,5854,0.0,0.0
2024-12-19 12:01:00-05:00,133.91700744628906,133.92999267578125,133.76690673828125,133.76690673828125,6512,0.0,0.0
2024-12-19 12:02:00-05:00,133.55999755859375,133.8000030517578,133.55999755859375,133.78500366210938,3711,0.0,0.0
2024-12-19 12:03:00-05:00,133.73919677734375,133.8249969482422,133.6697998046875,133.8249969482422,5866,0.0,0.0
2024-12-19 12:04:00-05:00,133.8249969482422,133.97999572753906,133.8000030517578,133.97999572753906,7737,0.0,0.0
2024-12-19 12:05:00-05:00,133.97999572753906,134.07290649414062,133.93890380859375,134.00999450683594,7727,0.0,0.0
2024-12-19 12:06:00-05:00,133.97500610351562,134.16000366210938,133.97500610351562,134.0677032470703,5461,0.0,0.0
2024-12-19 12:07:00-05:00,134.1199951171875,134.1199951171875,133.77999877929688,133.77999877929688,5653,0.0,0.0
2024-12-19 12:08:00-05:00,133.67999267578125,133.77000427246094,133.65499877929688,133.65499877929688,11741,0.0,0.0
2024-12-19 12:09:00-05:00,133.72000122070312,133.7550048828125,133.6623992919922,133.6649932861328,7133,0.0,0.0
2024-12-19 12:10:00-05:00,133.6374969482422,133.72999572753906,133.42469787597656,133.52999877929688,16745,0.0,0.0
2024-12-19 12:11:00-05:00,133.4656982421875,133.52999877929688,133.42999267578125,133.42999267578125,4452,0.0,0.0
2024-12-19 12:12:00-05:00,133.4250030517578,133.5,133.37399291992188,133.37399291992188,6192,0.0,0.0
2024-12-19 12:13:00-05:00,133.3800048828125,133.42860412597656,133.22999572753906,133.27999877929688,6648,0.0,0.0
2024-12-19 12:14:00-05:00,133.17999267578125,133.30499267578125,133.17999267578125,133.30499267578125,6415,0.0,0.0
2024-12-19 12:15:00-05:00,133.30499267578125,133.30499267578125,133.22189331054688,133.28500366210938,15137,0.0,0.0
2024-12-19 12:16:00-05:00,133.28500366210938,133.3000030517578,133.16769409179688,133.22000122070312,10796,0.0,0.0
2024-12-19 12:17:00-05:00,133.24000549316406,133.24000549316406,132.9499969482422,133.08999633789062,26984,0.0,0.0
2024-12-19 12:18:00-05:00,133.16830444335938,133.16830444335938,132.97000122070312,133.00999450683594,12051,0.0,0.0
2024-12-19 12:19:00-05:00,133.00999450683594,133.05999755859375,132.9600067138672,132.9949951171875,7547,0.0,0.0
2024-12-19 12:20:00-05:00,133.03219604492188,133.03219604492188,132.8000030517578,132.875,20207,0.0,0.0
2024-12-19 12:21:00-05:00,132.83560180664062,132.875,132.72999572753906,132.80499267578125,9827,0.0,0.0
2024-12-19 12:22:00-05:00,132.90989685058594,132.90989685058594,132.52000427246094,132.80990600585938,23483,0.0,0.0
2024-12-19 12:23:00-05:00,132.6649932861328,132.80999755859375,132.60000610351562,132.69500732421875,15033,0.0,0.0
2024-12-19 12:24:00-05:00,132.6750030517578,132.7899932861328,132.6461944580078,132.7899932861328,9303,0.0,0.0
2024-12-19 12:25:00-05:00,132.82000732421875,132.82000732421875,132.5850067138672,132.6699981689453,11881,0.0,0.0
2024-12-19 12:26:00-05:00,132.64439392089844,132.6699981689453,132.4499969482422,132.52999877929688,16097,0.0,0.0
2024-12-19 12:27:00-05:00,132.6199951171875,132.76499938964844,132.5399932861328,132.63999938964844,9380,0.0,0.0
2024-12-19 12:28:00-05:00,132.6649932861328,132.6649932861328,132.32000732421875,132.32009887695312,9169,0.0,0.0
2024-12-19 12:29:00-05:00,132.375,132.63340759277344,132.375,132.5,14162,0.0,0.0
2024-12-19 12:30:00-05:00,132.60000610351562,132.65989685058594,132.44000244140625,132.50999450683594,4561,0.0,0.0
2024-12-19 12:31:00-05:00,132.52000427246094,132.56900024414062,132.43710327148438,132.48500061035156,6070,0.0,0.0
2024-12-19 12:32:00-05:00,132.48500061035156,132.6300048828125,132.42999267578125,132.55499267578125,7314,0.0,0.0
2024-12-19 12:33:00-05:00,132.56500244140625,132.82000732421875,132.56500244140625,132.78399658203125,8824,0.0,0.0
2024-12-19 12:34:00-05:00,132.80499267578125,133.08999633789062,132.80499267578125,133.0800018310547,8691,0.0,0.0
2024-12-19 12:35:00-05:00,133.18099975585938,133.25999450683594,132.83380126953125,132.9499969482422,11169,0.0,0.0
2024-12-19 12:36:00-05:00,133.0699005126953,133.0699005126953,132.75010681152344,132.88999938964844,9355,0.0,0.0
2024-12-19 12:37:00-05:00,132.8800048828125,132.91799926757812,132.61000061035156,132.75999450683594,8374,0.0,0.0
2024-12-19 12:38:00-05:00,132.77000427246094,132.87789916992188,132.6699981689453,132.68499755859375,3149,0.0,0.0
2024-12-19 12:39:00-05:00,132.77130126953125,132.9499969482422,132.77130126953125,132.89500427246094,4653,0.0,0.0
2024-12-19 12:40:00-05:00,132.97999572753906,133.05999755859375,132.82330322265625,132.98500061035156,8066,0.0,0.0
2024-12-19 12:41:00-05:00,132.91000366210938,132.99620056152344,132.86500549316406,132.86500549316406,3020,0.0,0.0
2024-12-19 12:42:00-05:00,132.78500366210938,132.9499969482422,132.77999877929688,132.83999633789062,2928,0.0,0.0
2024-12-19 12:43:00-05:00,132.83999633789062,132.9700927734375,132.8029022216797,132.8800048828125,3421,0.0,0.0
2024-12-19 12:44:00-05:00,132.86000061035156,132.9149932861328,132.75999450683594,132.91000366210938,7138,0.0,0.0
2024-12-19 12:45:00-05:00,132.9199981689453,133.08999633789062,132.8603973388672,133.0800018310547,8146,0.0,0.0
2024-12-19 12:46:00-05:00,133.02000427246094,133.27999877929688,133.02000427246094,133.27999877929688,5892,0.0,0.0
2024-12-19 12:47:00-05:00,133.26710510253906,133.49000549316406,133.26710510253906,133.3972930908203,8132,0.0,0.0
2024-12-19 12:48:00-05:00,133.36500549316406,133.39999389648438,133.28140258789062,133.39999389648438,2277,0.0,0.0
2024-12-19 12:49:00-05:00,133.3000030517578,133.39999389648438,133.10000610351562,133.19000244140625,6308,0.0,0.0
2024-12-19 12:50:00-05:00,133.08999633789062,133.11000061035156,132.9907989501953,133.08999633789062,5377,0.0,0.0
2024-12-19 12:51:00-05:00,133.08999633789062,133.08999633789062,133.00010681152344,133.00999450683594,2398,0.0,0.0
2024-12-19 12:52:00-05:00,133.02999877929688,133.02999877929688,132.89999389648438,132.89999389648438,3258,0.0,0.0
2024-12-19 12:53:00-05:00,132.89999389648438,133.0800018310547,132.89999389648438,133.02999877929688,3425,0.0,0.0
2024-12-19 12:54:00-05:00,133.10000610351562,133.1999969482422,133.10000610351562,133.1772003173828,3862,0.0,0.0
2024-12-19 12:55:00-05:00,133.27999877929688,133.3300018310547,133.22279357910156,133.3300018310547,2325,0.0,0.0
2024-12-19 12:56:00-05:00,133.22000122070312,133.4199981689453,133.22000122070312,133.4199981689453,6550,0.0,0.0
2024-12-19 12:57:00-05:00,133.4600067138672,133.63999938964844,133.4600067138672,133.60000610351562,6161,0.0,0.0
2024-12-19 12:58:00-05:00,133.52999877929688,133.75709533691406,133.50999450683594,133.63499450683594,12046,0.0,0.0
2024-12-19 12:59:00-05:00,133.63999938964844,133.72999572753906,133.58999633789062,133.66000366210938,5830,0.0,0.0
2024-12-19 13:00:00-05:00,133.60000610351562,133.60000610351562,133.22000122070312,133.22000122070312,7657,0.0,0.0
2024-12-19 13:01:00-05:00,133.22000122070312,133.23500061035156,133.07000732421875,133.2100067138672,4186,0.0,0.0
2024-12-19 13:02:00-05:00,133.13999938964844,133.13999938964844,132.88499450683594,132.88499450683594,5163,0.0,0.0
2024-12-19 13:03:00-05:00,132.8800048828125,132.94500732421875,132.85000610351562,132.90499877929688,4757,0.0,0.0
2024-12-19 13:04:00-05:00,132.86500549316406,132.8800048828125,132.72999572753906,132.80499267578125,7218,0.0,0.0
2024-12-19 13:05:00-05:00,132.8000030517578,132.89999389648438,132.6999969482422,132.89500427246094,5990,0.0,0.0
2024-12-19 13:06:00-05:00,132.88499450683594,133.0,132.8101043701172,132.91000366210938,3886,0.0,0.0
2024-12-19 13:07:00-05:00,132.88999938964844,133.17999267578125,132.88999938964844,133.1649932861328,4870,0.0,0.0
2024-12-19 13:08:00-05:00,133.1699981689453,133.27999877929688,133.07080078125,133.11000061035156,5281,0.0,0.0
2024-12-19 13:09:00-05:00,133.19000244140625,133.19000244140625,133.02569580078125,133.19000244140625,3366,0.0,0.0
2024-12-19 13:10:00-05:00,133.19000244140625,133.25999450683594,133.1300048828125,133.1300048828125,3350,0.0,0.0
2024-12-19 13:11:00-05:00,133.19500732421875,133.3699951171875,133.19500732421875,133.30999755859375,7078,0.0,0.0
2024-12-19 13:12:00-05:00,133.24000549316406,133.26109313964844,133.00999450683594,133.13999938964844,5171,0.0,0.0
2024-12-19 13:13:00-05:00,133.05999755859375,133.125,133.0399932861328,133.0500030517578,6752,0.0,0.0
2024-12-19 13:14:00-05:00,133.05999755859375,133.4499969482422,133.0500030517578,133.44000244140625,9591,0.0,0.0
2024-12-19 13:15:00-05:00,133.26260375976562,133.35499572753906,133.25,133.25,2449,0.0,0.0
2024-12-19 13:16:00-05:00,133.30999755859375,133.49000549316406,133.30999755859375,133.4250030517578,3783,0.0,0.0
2024-12-19 13:17:00-05:00,133.34689331054688,133.4250030517578,133.1999969482422,133.1999969482422,2690,0.0,0.0
2024-12-19 13:18:00-05:00,133.0500030517578,133.1999969482422,133.00010681152344,133.19500732421875,3971,0.0,0.0
2024-12-19 13:19:00-05:00,133.17999267578125,133.2899932861328,133.17999267578125,133.2899932861328,1746,0.0,0.0
2024-12-19 13:20:00-05:00,133.22000122070312,133.3300018310547,133.1300048828125,133.30999755859375,18917,0.0,0.0
2024-12-19 13:21:00-05:00,133.24000549316406,133.25999450683594,133.19000244140625,133.19000244140625,0,0.0,0.0
2024-12-19 13:22:00-05:00,133.13999938964844,133.22999572753906,133.02999877929688,133.125,4500,0.0,0.0
2024-12-19 13:23:00-05:00,133.19000244140625,133.33999633789062,133.11000061035156,133.2449951171875,4835,0.0,0.0
2024-12-19 13:24:00-05:00,133.3300018310547,133.3300018310547,133.17999267578125,133.17999267578125,2413,0.0,0.0
2024-12-19 13:25:00-05:00,133.3000030517578,133.30499267578125,133.1699981689453,133.22000122070312,3663,0.0,0.0
2024-12-19 13:26:00-05:00,133.2100067138672,133.30999755859375,133.1699981689453,133.2949981689453,2320,0.0,0.0
2024-12-19 13:27:00-05:00,133.3249969482422,133.3249969482422,133.22000122070312,133.25999450683594,984,0.0,0.0
2024-12-19 13:28:00-05:00,133.25999450683594,133.38999938964844,133.22000122070312,133.22000122070312,4193,0.0,0.0
2024-12-19 13:29:00-05:00,133.3000030517578,133.39999389648438,133.1614990234375,133.31500244140625,2552,0.0,0.0
2024-12-19 13:30:00-05:00,133.2550048828125,133.32000732421875,133.2550048828125,133.27499389648438,2056,0.0,0.0
2024-12-19 13:31:00-05:00,133.10499572753906,133.1999969482422,133.08999633789062,133.08999633789062,2141,0.0,0.0
2024-12-19 13:32:00-05:00,133.13499450683594,133.25,133.13499450683594,133.14500427246094,2662,0.0,0.0
2024-12-19 13:33:00-05:00,133.24049377441406,133.25999450683594,133.11000061035156,133.13499450683594,3517,0.0,0.0
2024-12-19 13:34:00-05:00,133.1199951171875,133.1199951171875,133.0446014404297,133.1199951171875,1687,0.0,0.0
2024-12-19 13:35:00-05:00,133.22999572753906,133.25,133.11000061035156,133.25,1589,0.0,0.0
2024-12-19 13:36:00-05:00,133.17999267578125,133.27000427246094,133.17999267578125,133.22999572753906,4114,0.0,0.0
2024-12-19 13:37:00-05:00,133.12950134277344,133.39999389648438,133.12950134277344,133.39999389648438,7668,0.0,0.0
2024-12-19 13:38:00-05:00,133.50999450683594,133.66000366210938,133.35009765625,133.66000366210938,6623,0.0,0.0
2024-12-19 13:39:00-05:00,133.69000244140625,133.89999389648438,133.69000244140625,133.88710021972656,9144,0.0,0.0
2024-12-19 13:40:00-05:00,133.875,134.0,133.83999633789062,133.83999633789062,7513,0.0,0.0
2024-12-19 13:41:00-05:00,133.99000549316406,134.10000610351562,133.89320373535156,133.89320373535156,10893,0.0,0.0
2024-12-19 13:42:00-05:00,133.9429931640625,133.97500610351562,133.73500061035156,133.73500061035156,2923,0.0,0.0
2024-12-19 13:43:00-05:00,133.72999572753906,133.75,133.5449981689453,133.5449981689453,1641,0.0,0.0
2024-12-19 13:44:00-05:00,133.41000366210938,133.49000549316406,133.36000061035156,133.36000061035156,2794,0.0,0.0
2024-12-19 13:45:00-05:00,133.1322021484375,133.22000122070312,133.1300048828125,133.22000122070312,1907,0.0,0.0
2024-12-19 13:46:00-05:00,133.1699981689453,133.49000549316406,133.1699981689453,133.49000549316406,4494,0.0,0.0
2024-12-19 13:47:00-05:00,133.47000122070312,133.47000122070312,133.2834014892578,133.3800048828125,4108,0.0,0.0
2024-12-19 13:48:00-05:00,133.3300018310547,133.3300018310547,133.3300018310547,133.3300018310547,594,0.0,0.0
2024-12-19 13:49:00-05:00,133.39999389648438,133.4145050048828,133.39999389648438,133.4145050048828,1710,0.0,0.0
2024-12-19 13:50:00-05:00,133.32000732421875,133.32000732421875,133.20010375976562,133.30999755859375,2789,0.0,0.0
2024-12-19 13:51:00-05:00,133.2949981689453,133.41000366210938,133.2949981689453,133.41000366210938,2348,0.0,0.0
2024-12-19 13:52:00-05:00,133.3000946044922,133.3300018310547,133.3000030517578,133.31500244140625,3260,0.0,0.0
2024-12-19 13:53:00-05:00,133.32000732421875,133.38999938964844,133.30999755859375,133.30999755859375,1343,0.0,0.0
2024-12-19 13:54:00-05:00,133.31500244140625,133.31500244140625,133.1999969482422,133.2449951171875,1279,0.0,0.0
2024-12-19 13:55:00-05:00,133.25999450683594,133.3433074951172,133.25999450683594,133.3433074951172,1290,0.0,0.0
2024-12-19 13:56:00-05:00,133.41000366210938,133.49000549316406,133.3000030517578,133.49000549316406,9854,0.0,0.0
2024-12-19 13:57:00-05:00,133.50999450683594,133.75,133.50999450683594,133.6300048828125,3388,0.0,0.0
2024-12-19 13:58:00-05:00,133.64999389648438,133.77000427246094,133.61000061035156,133.77000427246094,7603,0.0,0.0
2024-12-19 13:59:00-05:00,133.8699951171875,133.97000122070312,133.7899932861328,133.91000366210938,2751,0.0,0.0
2024-12-19 14:00:00-05:00,133.7899932861328,133.86000061035156,133.6800994873047,133.86000061035156,3788,0.0,0.0
2024-12-19 14:01:00-05:00,133.78500366210938,133.83999633789062,133.47999572753906,133.47999572753906,7196,0.0,0.0
2024-12-19 14:02:00-05:00,133.52499389648438,133.52499389648438,133.52499389648438,133.52499389648438,3197,0.0,0.0
2024-12-19 14:03:00-05:00,133.4499969482422,133.4499969482422,133.4499969482422,133.4499969482422,1070,0.0,0.0
2024-12-19 14:04:00-05:00,133.4499969482422,133.60150146484375,133.4499969482422,133.46499633789062,1705,0.0,0.0
2024-12-19 14:05:00-05:00,133.41000366210938,133.5800018310547,133.3699951171875,133.5500030517578,4738,0.0,0.0
2024-12-19 14:06:00-05:00,133.5449981689453,133.5449981689453,133.4600067138672,133.48500061035156,1645,0.0,0.0
2024-12-19 14:07:00-05:00,133.41000366210938,133.5500030517578,133.38160705566406,133.52499389648438,3398,0.0,0.0
2024-12-19 14:08:00-05:00,133.5500030517578,133.64999389648438,133.5500030517578,133.59530639648438,2890,0.0,0.0
2024-12-19 14:09:00-05:00,133.6199951171875,133.67100524902344,133.5500030517578,133.5500030517578,2848,0.0,0.0
2024-12-19 14:10:00-05:00,133.47999572753906,133.50039672851562,133.42149353027344,133.4499969482422,1014,0.0,0.0
2024-12-19 14:11:00-05:00,133.4199981689453,133.55999755859375,133.4199981689453,133.452392578125,4876,0.0,0.0
2024-12-19 14:12:00-05:00,133.55999755859375,133.60000610351562,133.5399932861328,133.5399932861328,1672,0.0,0.0
2024-12-19 14:13:00-05:00,133.56399536132812,133.56399536132812,133.4199981689453,133.5500030517578,3003,0.0,0.0
2024-12-19 14:14:00-05:00,133.5500030517578,133.56100463867188,133.47999572753906,133.4949951171875,2484,0.0,0.0
2024-12-19 14:15:00-05:00,133.4949951171875,133.57000732421875,133.41000366210938,133.49000549316406,5652,0.0,0.0
2024-12-19 14:16:00-05:00,133.35000610351562,133.4669952392578,133.35000610351562,133.35000610351562,2336,0.0,0.0
2024-12-19 14:17:00-05:00,133.3350067138672,133.33999633789062,133.27439880371094,133.3000030517578,2982,0.0,0.0
2024-12-19 14:18:00-05:00,133.2899932861328,133.3699951171875,133.25,133.2646026611328,7760,0.0,0.0
2024-12-19 14:19:00-05:00,133.3249969482422,133.4499969482422,133.25999450683594,133.25999450683594,5394,0.0,0.0
2024-12-19 14:20:00-05:00,133.33529663085938,133.36000061035156,133.22000122070312,133.27999877929688,6037,0.0,0.0
2024-12-19 14:21:00-05:00,133.25999450683594,133.25999450683594,133.0800018310547,133.14500427246094,3011,0.0,0.0
2024-12-19 14:22:00-05:00,133.05999755859375,133.22999572753906,133.05999755859375,133.22999572753906,3030,0.0,0.0
2024-12-19 14:23:00-05:00,133.15499877929688,133.15499877929688,133.15499877929688,133.15499877929688,2023,0.0,0.0
2024-12-19 14:24:00-05:00,133.2899932861328,133.3300018310547,133.25,133.25,2381,0.0,0.0
2024-12-19 14:25:00-05:00,133.16000366210938,133.16000366210938,133.05999755859375,133.125,1053,0.0,0.0
2024-12-19 14:26:00-05:00,133.1999969482422,133.41000366210938,133.13999938964844,133.30999755859375,34220,0.0,0.0
2024-12-19 14:27:00-05:00,133.44000244140625,133.44000244140625,133.44000244140625,133.44000244140625,978,0.0,0.0
2024-12-19 14:28:00-05:00,133.3699951171875,133.3699951171875,133.24000549316406,133.30999755859375,7230,0.0,0.0
2024-12-19 14:29:00-05:00,133.35000610351562,133.35499572753906,133.35000610351562,133.35499572753906,1456,0.0,0.0
2024-12-19 14:30:00-05:00,133.4199981689453,133.49000549316406,133.3300018310547,133.3300018310547,5769,0.0,0.0
2024-12-19 14:31:00-05:00,133.3000030517578,133.3000030517578,133.3000030517578,133.3000030517578,540,0.0,0.0
2024-12-19 14:32:00-05:00,133.34500122070312,133.34500122070312,133.25999450683594,133.28990173339844,5337,0.0,0.0
2024-12-19 14:33:00-05:00,133.2899932861328,133.33999633789062,133.2292022705078,133.2292022705078,6218,0.0,0.0
2024-12-19 14:34:00-05:00,133.27000427246094,133.30990600585938,133.23500061035156,133.23500061035156,7901,0.0,0.0
2024-12-19 14:35:00-05:00,133.27999877929688,133.32000732421875,133.27999877929688,133.30999755859375,4562,0.0,0.0
2024-12-19 14:36:00-05:00,133.10000610351562,133.1699981689453,133.0399932861328,133.1699981689453,863,0.0,0.0
2024-12-19 14:37:00-05:00,133.0612030029297,133.11000061035156,132.9199981689453,133.02999877929688,12346,0.0,0.0
2024-12-19 14:38:00-05:00,133.07000732421875,133.07000732421875,132.9730987548828,132.9949951171875,6275,0.0,0.0
2024-12-19 14:39:00-05:00,132.9949951171875,133.05999755859375,132.89999389648438,132.94500732421875,5507,0.0,0.0
2024-12-19 14:40:00-05:00,132.8699951171875,132.9600067138672,132.86000061035156,132.9250030517578,7587,0.0,0.0
2024-12-19 14:41:00-05:00,132.86000061035156,132.91000366210938,132.7899932861328,132.8300018310547,8695,0.0,0.0
2024-12-19 14:42:00-05:00,132.8881072998047,132.91000366210938,132.71249389648438,132.71249389648438,5593,0.0,0.0
2024-12-19 14:43:00-05:00,132.7050018310547,132.85000610351562,132.7050018310547,132.85000610351562,4902,0.0,0.0
2024-12-19 14:44:00-05:00,132.69000244140625,132.85000610351562,132.69000244140625,132.85000610351562,3202,0.0,0.0
2024-12-19 14:45:00-05:00,132.8699951171875,132.89999389648438,132.74139404296875,132.89999389648438,5433,0.0,0.0
2024-12-19 14:46:00-05:00,132.91000366210938,132.94000244140625,132.72500610351562,132.77000427246094,4623,0.0,0.0
2024-12-19 14:47:00-05:00,132.75,132.75,132.55999755859375,132.56500244140625,19441,0.0,0.0
2024-12-19 14:48:00-05:00,132.5800018310547,132.72999572753906,132.55409240722656,132.72999572753906,7169,0.0,0.0
2024-12-19 14:49:00-05:00,132.77000427246094,132.88780212402344,132.72000122070312,132.8000030517578,3021,0.0,0.0
2024-12-19 14:50:00-05:00,132.7899932861328,132.79600524902344,132.7899932861328,132.7899932861328,1010,0.0,0.0
2024-12-19 14:51:00-05:00,132.83999633789062,132.98989868164062,132.83999633789062,132.98989868164062,3661,0.0,0.0
2024-12-19 14:52:00-05:00,132.87010192871094,132.92999267578125,132.86000061035156,132.86000061035156,2464,0.0,0.0
2024-12-19 14:53:00-05:00,132.77999877929688,132.8800048828125,132.77999877929688,132.84500122070312,2419,0.0,0.0
2024-12-19 14:54:00-05:00,132.8000030517578,132.83999633789062,132.77999877929688,132.83999633789062,3816,0.0,0.0
2024-12-19 14:55:00-05:00,132.89999389648438,132.89999389648438,132.85000610351562,132.85000610351562,1151,0.0,0.0
2024-12-19 14:56:00-05:00,132.8800048828125,132.9499969482422,132.8459930419922,132.9499969482422,3054,0.0,0.0
2024-12-19 14:57:00-05:00,132.9499969482422,132.9499969482422,132.8000030517578,132.80999755859375,1788,0.0,0.0
2024-12-19 14:58:00-05:00,132.875,132.875,132.875,132.875,711,0.0,0.0
2024-12-19 14:59:00-05:00,132.875,132.875,132.60000610351562,132.60000610351562,3741,0.0,0.0
2024-12-19 15:00:00-05:00,132.75,132.83999633789062,132.72999572753906,132.83999633789062,4691,0.0,0.0
2024-12-19 15:01:00-05:00,132.74000549316406,132.74000549316406,132.66659545898438,132.66659545898438,1205,0.0,0.0
2024-12-19 15:02:00-05:00,132.7100067138672,132.77999877929688,132.6649932861328,132.69000244140625,6338,0.0,0.0
2024-12-19 15:03:00-05:00,132.6300048828125,132.69000244140625,132.58999633789062,132.60000610351562,2884,0.0,0.0
2024-12-19 15:04:00-05:00,132.6029052734375,132.77340698242188,132.47999572753906,132.72000122070312,9700,0.0,0.0
2024-12-19 15:05:00-05:00,132.64999389648438,132.6999969482422,132.61000061035156,132.65499877929688,3563,0.0,0.0
2024-12-19 15:06:00-05:00,132.72000122070312,132.72000122070312,132.57000732421875,132.57000732421875,1286,0.0,0.0
2024-12-19 15:07:00-05:00,132.61500549316406,132.61500549316406,132.57000732421875,132.57000732421875,1024,0.0,0.0
2024-12-19 15:08:00-05:00,132.5399932861328,132.62100219726562,132.5,132.62100219726562,6286,0.0,0.0
2024-12-19 15:09:00-05:00,132.64999389648438,132.77000427246094,132.6199951171875,132.64939880371094,10949,0.0,0.0
2024-12-19 15:10:00-05:00,132.6999969482422,132.6999969482422,132.49000549316406,132.57000732421875,7418,0.0,0.0
2024-12-19 15:11:00-05:00,132.52999877929688,132.53500366210938,132.4600067138672,132.4600067138672,3219,0.0,0.0
2024-12-19 15:12:00-05:00,132.5399932861328,132.5800018310547,132.3800048828125,132.3800048828125,8489,0.0,0.0
2024-12-19 15:13:00-05:00,132.36000061035156,132.52000427246094,132.35499572753906,132.4499969482422,5444,0.0,0.0
2024-12-19 15:14:00-05:00,132.50430297851562,132.72999572753906,132.4499969482422,132.66000366210938,7651,0.0,0.0
2024-12-19 15:15:00-05:00,132.66000366210938,132.85000610351562,132.66000366210938,132.85000610351562,6638,0.0,0.0
2024-12-19 15:16:00-05:00,132.8000946044922,132.9600067138672,132.7899932861328,132.8300018310547,9202,0.0,0.0
2024-12-19 15:17:00-05:00,132.83880615234375,133.01499938964844,132.80499267578125,133.01499938964844,7148,0.0,0.0
2024-12-19 15:18:00-05:00,133.00999450683594,133.08299255371094,133.0,133.0399932861328,2365,0.0,0.0
2024-12-19 15:19:00-05:00,133.03500366210938,133.08999633789062,132.97999572753906,133.0,3988,0.0,0.0
2024-12-19 15:20:00-05:00,132.9499969482422,133.05999755859375,132.92999267578125,132.9949951171875,3125,0.0,0.0
2024-12-19 15:21:00-05:00,133.03460693359375,133.03460693359375,132.82449340820312,132.82449340820312,4193,0.0,0.0
2024-12-19 15:22:00-05:00,132.97999572753906,133.10000610351562,132.9250030517578,133.10000610351562,7315,0.0,0.0
2024-12-19 15:23:00-05:00,133.04640197753906,133.27999877929688,133.04640197753906,133.27999877929688,13752,0.0,0.0
2024-12-19 15:24:00-05:00,133.22000122070312,133.49000549316406,133.22000122070312,133.4510040283203,3877,0.0,0.0
2024-12-19 15:25:00-05:00,133.42999267578125,133.42999267578125,133.08999633789062,133.08999633789062,7773,0.0,0.0
2024-12-19 15:26:00-05:00,133.0800018310547,133.1300048828125,133.0,133.0,10199,0.0,0.0
2024-12-19 15:27:00-05:00,133.0,133.00900268554688,132.64010620117188,132.64039611816406,6743,0.0,0.0
2024-12-19 15:28:00-05:00,132.71499633789062,132.83999633789062,132.6699981689453,132.8300018310547,4958,0.0,0.0
2024-12-19 15:29:00-05:00,132.75840759277344,132.8300018310547,132.5800018310547,132.625,4492,0.0,0.0
2024-12-19 15:30:00-05:00,132.69000244140625,133.01499938964844,132.64010620117188,133.01499938964844,14122,0.0,0.0
2024-12-19 15:31:00-05:00,132.9886016845703,133.0,132.8800048828125,132.8800048828125,11183,0.0,0.0
2024-12-19 15:32:00-05:00,132.8000030517578,132.8249969482422,132.6999969482422,132.77999877929688,2446,0.0,0.0
2024-12-19 15:33:00-05:00,132.69500732421875,132.74000549316406,132.5800018310547,132.5800018310547,7515,0.0,0.0
2024-12-19 15:34:00-05:00,132.64500427246094,132.64500427246094,132.47000122070312,132.47000122070312,5120,0.0,0.0
2024-12-19 15:35:00-05:00,132.55999755859375,132.6508026123047,132.2012939453125,132.28500366210938,27824,0.0,0.0
2024-12-19 15:36:00-05:00,132.26499938964844,132.2720947265625,132.10000610351562,132.19000244140625,10951,0.0,0.0
2024-12-19 15:37:00-05:00,132.24000549316406,132.40499877929688,132.22999572753906,132.40499877929688,8867,0.0,0.0
2024-12-19 15:38:00-05:00,132.52499389648438,132.60000610351562,132.4199981689453,132.60000610351562,20976,0.0,0.0
2024-12-19 15:39:00-05:00,132.5399932861328,132.72000122070312,132.5399932861328,132.69500732421875,11054,0.0,0.0
2024-12-19 15:40:00-05:00,132.66000366210938,132.7100067138672,132.58999633789062,132.64999389648438,7725,0.0,0.0
2024-12-19 15:41:00-05:00,132.7100067138672,132.75,132.60000610351562,132.69000244140625,10396,0.0,0.0
2024-12-19 15:42:00-05:00,132.7303009033203,132.8800048828125,132.69000244140625,132.8300018310547,11368,0.0,0.0
2024-12-19 15:43:00-05:00,132.8300018310547,132.8300018310547,132.55999755859375,132.625,6795,0.0,0.0
2024-12-19 15:44:00-05:00,132.625,132.625,132.3300018310547,132.44500732421875,9756,0.0,0.0
2024-12-19 15:45:00-05:00,132.4199981689453,132.4499969482422,132.2100067138672,132.26499938964844,16775,0.0,0.0
2024-12-19 15:46:00-05:00,132.26499938964844,132.4499053955078,132.24000549316406,132.39500427246094,14919,0.0,0.0
2024-12-19 15:47:00-05:00,132.33999633789062,132.33999633789062,132.10000610351562,132.15499877929688,11111,0.0,0.0
2024-12-19 15:48:00-05:00,132.10000610351562,132.14500427246094,131.99000549316406,132.11000061035156,38899,0.0,0.0
2024-12-19 15:49:00-05:00,132.05499267578125,132.25,132.0500030517578,132.1999969482422,12210,0.0,0.0
2024-12-19 15:50:00-05:00,132.1300048828125,132.19000244140625,131.9499969482422,132.10499572753906,33459,0.0,0.0
2024-12-19 15:51:00-05:00,132.16000366210938,132.32000732421875,132.1199951171875,132.22999572753906,17426,0.0,0.0
2024-12-19 15:52:00-05:00,132.1999969482422,132.44000244140625,132.15499877929688,132.2550048828125,28301,0.0,0.0
2024-12-19 15:53:00-05:00,132.22000122070312,132.27999877929688,131.99000549316406,132.02000427246094,30665,0.0,0.0
2024-12-19 15:54:00-05:00,132.05369567871094,132.27000427246094,131.97000122070312,132.05999755859375,28211,0.0,0.0
2024-12-19 15:55:00-05:00,132.10000610351562,132.27999877929688,132.0500030517578,132.11000061035156,38490,0.0,0.0
2024-12-19 15:56:00-05:00,132.13499450683594,132.27999877929688,132.125,132.27000427246094,25663,0.0,0.0
2024-12-19 15:57:00-05:00,132.24000549316406,132.38999938964844,132.10000610351562,132.25999450683594,49341,0.0,0.0
2024-12-19 15:58:00-05:00,132.25,132.32000732421875,132.17160034179688,132.22000122070312,48880,0.0,0.0
2024-12-19 15:59:00-05:00,132.2100067138672,132.2100067138672,132.0,132.08999633789062,100636,0.0,0.0
2024-12-19 16:00:00-05:00,132.09,132.1,131.9,132.01,1289818,0.0,0.0
2024-12-19 16:01:00-05:00,132.1,132.1,132.1,132.1,0,0.0,0.0
2024-12-19 16:02:00-05:00,132.09,132.1,132.09,132.1,0,0.0,0.0
2024-12-19 16:03:00-05:00,132.08,132.1,131.87,132.1,0,0.0,0.0
2024-12-19 16:04:00-05:00,132.1102,132.17,132.1,132.1,0,0.0,0.0
2024-12-19 16:05:00-05:00,132.1,132.1683,132.1,132.13,0,0.0,0.0
2024-12-19 16:06:00-05:00,132.17,132.17,132.1,132.1,0,0.0,0.0
2024-12-19 16:07:00-05:00,132.17,132.17,132.1,132.1,0,0.0,0.0
2024-12-19 16:08:00-05:00,132.1,132.1694,132.1,132.1694,0,0.0,0.0
2024-12-19 16:09:00-05:00,132.17,132.17,132.17,132.17,0,0.0,0.0
2024-12-19 16:10:00-05:00,132.18,132.18,132.1,132.1,0,0.0,0.0
2024-12-19 16:12:00-05:00,132.39,132.3999,132.39,132.3999,0,0.0,0.0
2024-12-19 16:13:00-05:00,132.49,132.49,132.1,132.39,0,0.0,0.0
2024-12-19 16:14:00-05:00,132.39,132.39,132.1,132.1,0,0.0,0.0
2024-12-19 16:15:00-05:00,132.1,132.1,132.1,132.1,0,0.0,0.0
2024-12-19 16:16:00-05:00,132.1,132.39,132.1,132.2,0,0.0,0.0
2024-12-19 16:17:00-05:00,132.1,132.2,132.1,132.2,0,0.0,0.0
2024-12-19 16:18:00-05:00,132.39,132.39,132.3,132.3,0,0.0,0.0
2024-12-19 16:19:00-05:00,132.2001,132.2001,132.2001,132.2001,0,0.0,0.0
2024-12-19 16:20:00-05:00,132.1,132.4,132.1,132.4,0,0.0,0.0
2024-12-19 16:21:00-05:00,132.3001,132.3001,132.3001,132.3001,0,0.0,0.0
2024-12-19 16:22:00-05:00,132.5,132.5,132.5,132.5,0,0.0,0.0
2024-12-19 16:23:00-05:00,132.5,132.5,132.5,132.5,0,0.0,0.0
2024-12-19 16:24:00-05:00,132.5,132.5,132.5,132.5,0,0.0,0.0
2024-12-19 16:25:00-05:00,132.5,132.5,132.5,132.5,0,0.0,0.0
2024-12-19 16:26:00-05:00,132.3,132.3,132.3,132.3,0,0.0,0.0
2024-12-19 16:27:00-05:00,132.3,132.45,132.3,132.45,0,0.0,0.0
2024-12-19 16:29:00-05:00,132.49,132.5,132.49,132.5,0,0.0,0.0
2024-12-19 16:30:00-05:00,132.5,132.5,132.45,132.45,0,0.0,0.0
2024-12-19 16:31:00-05:00,132.5,132.5,132.1,132.1,0,0.0,0.0
2024-12-19 16:32:00-05:00,132.31,132.5,132.29,132.5,0,0.0,0.0
2024-12-19 16:33:00-05:00,132.12,132.12,132.12,132.12,0,0.0,0.0
2024-12-19 16:34:00-05:00,132.17,132.17,132.12,132.12,0,0.0,0.0
2024-12-19 16:35:00-05:00,132.43,132.5,132.14,132.5,0,0.0,0.0
2024-12-19 16:36:00-05:00,132.5,132.5,132.5,132.5,0,0.0,0.0
2024-12-19 16:38:00-05:00,132.5,132.5,132.14,132.14,0,0.0,0.0
2024-12-19 16:39:00-05:00,132.14,132.44,132.14,132.44,0,0.0,0.0
2024-12-19 16:40:00-05:00,132.5,132.5,132.49,132.49,0,0.0,0.0
2024-12-19 16:41:00-05:00,132.49,132.49,132.43,132.49,0,0.0,0.0
2024-12-19 16:42:00-05:00,132.49,132.49,132.49,132.49,0,0.0,0.0
2024-12-19 16:43:00-05:00,132.43,132.48,132.3,132.3,0,0.0,0.0
2024-12-19 16:44:00-05:00,132.4,132.4,132.3,132.3,0,0.0,0.0
2024-12-19 16:45:00-05:00,132.3,132.3,132.3,132.3,0,0.0,0.0
2024-12-19 16:46:00-05:00,132.3,132.3,132.3,132.3,0,0.0,0.0
2024-12-19 16:47:00-05:00,132.48,132.48,132.38,132.38,0,0.0,0.0
2024-12-19 16:48:00-05:00,132.38,132.38,132.38,132.38,0,0.0,0.0
2024-12-19 16:49:00-05:00,132.4,132.46,132.4,132.44,0,0.0,0.0
2024-12-19 16:50:00-05:00,132.31,132.31,132.31,132.31,0,0.0,0.0
2024-12-19 16:51:00-05:00,132.46,132.46,132.31,132.31,0,0.0,0.0
2024-12-19 16:53:00-05:00,132.5,132.5,132.37,132.37,0,0.0,0.0
2024-12-19 16:54:00-05:00,132.5,132.5,132.4,132.4,0,0.0,0.0
2024-12-19 16:55:00-05:00,132.5,132.5,132.5,132.5,0,0.0,0.0
2024-12-19 16:57:00-05:00,132.47,132.47,132.47,132.47,0,0.0,0.0
2024-12-19 16:58:00-05:00,132.35,132.45,132.35,132.45,0,0.0,0.0
2024-12-19 16:59:00-05:00,132.43,132.43,132.3675,132.3675,0,0.0,0.0
2024-12-19 17:00:00-05:00,132.41,132.4999,132.41,132.47,0,0.0,0.0
2024-12-19 17:01:00-05:00,132.3501,132.47,132.3501,132.47,0,0.0,0.0
2024-12-19 17:02:00-05:00,132.47,132.5,132.47,132.5,0,0.0,0.0
2024-12-19 17:03:00-05:00,132.4,132.49,132.4,132.49,0,0.0,0.0
2024-12-19 17:04:00-05:00,132.49,132.49,132.45,132.46,0,0.0,0.0
2024-12-19 17:05:00-05:00,132.47,132.47,132.47,132.47,0,0.0,0.0
2024-12-19 17:06:00-05:00,132.47,132.47,132.45,132.45,0,0.0,0.0
2024-12-19 17:07:00-05:00,132.45,132.45,132.45,132.45,0,0.0,0.0
2024-12-19 17:09:00-05:00,132.47,132.47,132.47,132.47,0,0.0,0.0
2024-12-19 17:10:00-05:00,132.45,132.45,132.45,132.45,0,0.0,0.0
2024-12-19 17:11:00-05:00,132.5,132.5,132.5,132.5,0,0.0,0.0
2024-12-19 17:12:00-05:00,132.4,132.4,132.4,132.4,0,0.0,0.0
2024-12-19 17:14:00-05:00,132.41,132.41,132.41,132.41,0,0.0,0.0
2024-12-19 17:15:00-05:00,132.4,132.4,132.4,132.4,0,0.0,0.0
2024-12-19 17:20:00-05:00,132.42,132.42,132.15,132.42,0,0.0,0.0
2024-12-19 17:21:00-05:00,132.42,132.42,132.42,132.42,0,0.0,0.0
2024-12-19 17:24:00-05:00,132.14,132.14,132.14,132.14,0,0.0,0.0
2024-12-19 17:26:00-05:00,132.47,132.47,132.42,132.42,0,0.0,0.0
2024-12-19 17:27:00-05:00,132.42,132.42,132.42,132.42,0,0.0,0.0
2024-12-19 17:28:00-05:00,132.38,132.4501,132.38,132.4501,0,0.0,0.0
2024-12-19 17:29:00-05:00,132.47,132.47,132.47,132.47,0,0.0,0.0
2024-12-19 17:30:00-05:00,132.42,132.42,132.41,132.41,0,0.0,0.0
2024-12-19 17:33:00-05:00,132.17,132.47,132.17,132.17,0,0.0,0.0
2024-12-19 17:34:00-05:00,132.4,132.4,132.4,132.4,0,0.0,0.0
2024-12-19 17:36:00-05:00,132.3,132.3,132.16,132.3,0,0.0,0.0
2024-12-19 17:37:00-05:00,132.3,132.4,132.3,132.4,0,0.0,0.0
2024-12-19 17:41:00-05:00,132.39,132.39,132.39,132.39,0,0.0,0.0
2024-12-19 17:42:00-05:00,132.47,132.47,132.39,132.39,0,0.0,0.0
2024-12-19 17:43:00-05:00,132.16,132.16,132.16,132.16,0,0.0,0.0
2024-12-19 17:44:00-05:00,132.33,132.33,132.33,132.33,0,0.0,0.0
2024-12-19 17:45:00-05:00,132.33,132.39,132.33,132.39,0,0.0,0.0
2024-12-19 17:46:00-05:00,132.42,132.42,132.42,132.42,0,0.0,0.0
2024-12-19 17:47:00-05:00,132.42,132.42,132.42,132.42,0,0.0,0.0
2024-12-19 17:48:00-05:00,132.42,132.42,132.42,132.42,0,0.0,0.0
2024-12-19 17:49:00-05:00,132.42,132.42,132.4,132.4,0,0.0,0.0
2024-12-19 17:50:00-05:00,132.5,132.5,132.42,132.42,0,0.0,0.0
2024-12-19 17:51:00-05:00,132.5,132.5,132.42,132.42,0,0.0,0.0
2024-12-19 17:52:00-05:00,132.42,132.42,132.42,132.42,0,0.0,0.0
2024-12-19 17:53:00-05:00,132.42,132.5,132.42,132.5,0,0.0,0.0
2024-12-19 17:54:00-05:00,132.4991,132.4991,132.4991,132.4991,0,0.0,0.0
2024-12-19 17:55:00-05:00,132.4982,132.4982,132.4982,132.4982,0,0.0,0.0
2024-12-19 17:57:00-05:00,132.5,132.5,132.5,132.5,0,0.0,0.0
2024-12-19 18:00:00-05:00,132.45,132.4997,132.45,132.4997,0,0.0,0.0
2024-12-19 18:01:00-05:00,132.49,132.49,132.49,132.49,0,0.0,0.0
2024-12-19 18:03:00-05:00,132.5,132.5,132.46,132.49,0,0.0,0.0
2024-12-19 18:08:00-05:00,132.49,132.49,132.49,132.49,0,0.0,0.0
2024-12-19 18:10:00-05:00,132.45,132.45,132.45,132.45,0,0.0,0.0
2024-12-19 18:12:00-05:00,132.45,132.45,132.45,132.45,0,0.0,0.0
2024-12-19 18:14:00-05:00,132.49,132.7,132.4,132.7,0,0.0,0.0
2024-12-19 18:19:00-05:00,132.45,132.45,132.45,132.45,0,0.0,0.0
2024-12-19 18:24:00-05:00,132.875,132.875,132.875,132.875,0,0.0,0.0
2024-12-19 18:26:00-05:00,132.88,132.88,132.75,132.75,0,0.0,0.0
2024-12-19 18:27:00-05:00,132.5001,132.5001,132.5001,132.5001,0,0.0,0.0
2024-12-19 18:32:00-05:00,132.8,132.8,132.8,132.8,0,0.0,0.0
2024-12-19 18:36:00-05:00,132.75,132.76,132.7,132.7,0,0.0,0.0
2024-12-19 18:37:00-05:00,132.8,133.0,132.6,132.6,0,0.0,0.0
2024-12-19 18:38:00-05:00,132.55,132.55,132.5,132.5,0,0.0,0.0
2024-12-19 18:39:00-05:00,132.89,133.0,132.89,133.0,0,0.0,0.0
2024-12-19 18:42:00-05:00,132.7,132.84,132.45,132.45,0,0.0,0.0
2024-12-19 18:43:00-05:00,132.45,132.45,132.45,132.45,0,0.0,0.0
2024-12-19 18:45:00-05:00,132.4501,132.5,132.4501,132.5,0,0.0,0.0
2024-12-19 18:46:00-05:00,132.5,132.5,132.45,132.45,0,0.0,0.0
2024-12-19 18:47:00-05:00,132.41,132.41,132.41,132.41,0,0.0,0.0
2024-12-19 18:48:00-05:00,132.45,132.45,132.45,132.45,0,0.0,0.0
2024-12-19 18:50:00-05:00,132.45,132.45,132.45,132.45,0,0.0,0.0
2024-12-19 18:52:00-05:00,132.42,132.42,132.42,132.42,0,0.0,0.0
2024-12-19 18:54:00-05:00,132.5,132.5,132.5,132.5,0,0.0,0.0
2024-12-19 18:55:00-05:00,132.6,132.6,132.6,132.6,0,0.0,0.0
2024-12-19 18:56:00-05:00,132.6,132.6,132.6,132.6,0,0.0,0.0
2024-12-19 18:58:00-05:00,132.6,132.6,132.42,132.42,0,0.0,0.0
2024-12-19 18:59:00-05:00,132.58,132.58,132.5,132.5,0,0.0,0.0
2024-12-19 19:00:00-05:00,132.41,132.58,132.4,132.58,0,0.0,0.0
2024-12-19 19:02:00-05:00,132.54,132.54,132.54,132.54,0,0.0,0.0
2024-12-19 19:04:00-05:00,132.5,132.5,132.5,132.5,0,0.0,0.0
2024-12-19 19:06:00-05:00,132.5,132.5,132.5,132.5,0,0.0,0.0
2024-12-19 19:07:00-05:00,132.4,132.54,132.4,132.54,0,0.0,0.0
2024-12-19 19:08:00-05:00,133.01,133.01,133.01,133.01,0,0.0,0.0
2024-12-19 19:09:00-05:00,132.54,132.54,132.2,132.2,0,0.0,0.0
2024-12-19 19:10:00-05:00,133.01,133.01,133.01,133.01,0,0.0,0.0
2024-12-19 19:14:00-05:00,132.54,132.54,132.54,132.54,0,0.0,0.0
2024-12-19 19:16:00-05:00,132.54,132.54,131.9,131.9,0,0.0,0.0
2024-12-19 19:17:00-05:00,132.1,132.11,132.1,132.11,0,0.0,0.0
2024-12-19 19:18:00-05:00,132.11,132.54,132.11,132.54,0,0.0,0.0
2024-12-19 19:19:00-05:00,131.9182,131.9182,131.9182,131.9182,0,0.0,0.0
2024-12-19 19:20:00-05:00,132.64,132.89,132.64,132.89,0,0.0,0.0
2024-12-19 19:21:00-05:00,132.0,132.0,132.0,132.0,0,0.0,0.0
2024-12-19 19:23:00-05:00,132.31,132.31,132.31,132.31,0,0.0,0.0
2024-12-19 19:25:00-05:00,132.1,132.1,132.1,132.1,0,0.0,0.0
2024-12-19 19:26:00-05:00,132.22,132.22,132.11,132.15,0,0.0,0.0
2024-12-19 19:27:00-05:00,133.01,133.01,133.01,133.01,0,0.0,0.0
2024-12-19 19:28:00-05:00,132.6,132.6,132.24,132.25,0,0.0,0.0
2024-12-19 19:29:00-05:00,132.17,132.17,132.17,132.17,0,0.0,0.0
2024-12-19 19:30:00-05:00,132.16,132.9113,132.16,132.9113,0,0.0,0.0
2024-12-19 19:31:00-05:00,132.68,132.68,132.68,132.68,0,0.0,0.0
2024-12-19 19:35:00-05:00,133.0,133.0,132.31,132.5,0,0.0,0.0
2024-12-19 19:36:00-05:00,132.27,132.27,132.26,132.26,0,0.0,0.0
2024-12-19 19:37:00-05:00,132.28,132.28,132.16,132.16,0,0.0,0.0
2024-12-19 19:40:00-05:00,132.99,132.99,132.99,132.99,0,0.0,0.0
2024-12-19 19:42:00-05:00,132.6,132.6,132.16,132.16,0,0.0,0.0
2024-12-19 19:43:00-05:00,132.29,132.29,132.29,132.29,0,0.0,0.0
2024-12-19 19:44:00-05:00,132.16,132.16,132.1,132.1,0,0.0,0.0
2024-12-19 19:45:00-05:00,132.0989,132.0989,132.0989,132.0989,0,0.0,0.0
2024-12-19 19:46:00-05:00,131.92,132.0,131.91,132.0,0,0.0,0.0
2024-12-19 19:47:00-05:00,132.0,132.0,131.91,131.91,0,0.0,0.0
2024-12-19 19:48:00-05:00,131.89,131.89,131.86,131.86,0,0.0,0.0
2024-12-19 19:50:00-05:00,132.0,132.29,132.0,132.29,0,0.0,0.0
2024-12-19 19:51:00-05:00,132.29,132.29,131.81,131.81,0,0.0,0.0
2024-12-19 19:52:00-05:00,132.05,132.05,132.01,132.01,0,0.0,0.0
2024-12-19 19:54:00-05:00,132.02,132.02,132.02,132.02,0,0.0,0.0
2024-12-19 19:55:00-05:00,132.01,132.02,132.01,132.02,0,0.0,0.0
2024-12-19 19:56:00-05:00,132.29,132.29,131.81,131.81,0,0.0,0.0
2024-12-19 19:57:00-05:00,131.8,131.8,131.77,131.77,0,0.0,0.0
2024-12-19 19:58:00-05:00,131.71,131.71,131.71,131.71,0,0.0,0.0
2024-12-19 19:59:42-05:00,131.71,131.71,131.71,131.71,0,0.0,0.0
