time,Open,High,Low,Close,Volume,Dividends,Stock Splits
2024-12-12 04:08:00-05:00,142.71,142.71,142.71,142.71,0,0.0,0.0
2024-12-12 04:31:00-05:00,142.41,142.41,142.41,142.41,0,0.0,0.0
2024-12-12 05:01:00-05:00,142.4,142.4,142.4,142.4,0,0.0,0.0
2024-12-12 05:25:00-05:00,142.33,142.33,142.33,142.33,0,0.0,0.0
2024-12-12 05:27:00-05:00,142.5,142.5,142.5,142.5,0,0.0,0.0
2024-12-12 05:28:00-05:00,142.7,142.74,142.7,142.74,0,0.0,0.0
2024-12-12 05:30:00-05:00,142.74,142.74,142.74,142.74,0,0.0,0.0
2024-12-12 05:31:00-05:00,142.52,142.52,142.52,142.52,0,0.0,0.0
2024-12-12 05:37:00-05:00,142.77,142.77,142.77,142.77,0,0.0,0.0
2024-12-12 05:38:00-05:00,142.6,142.6,142.6,142.6,0,0.0,0.0
2024-12-12 06:01:00-05:00,142.42,142.42,142.42,142.42,0,0.0,0.0
2024-12-12 06:02:00-05:00,142.56,142.69,142.56,142.69,0,0.0,0.0
2024-12-12 06:07:00-05:00,142.8,142.8,142.69,142.77,0,0.0,0.0
2024-12-12 06:13:00-05:00,142.66,142.66,142.66,142.66,0,0.0,0.0
2024-12-12 06:21:00-05:00,142.25,142.25,142.25,142.25,0,0.0,0.0
2024-12-12 06:23:00-05:00,142.2,142.2,142.2,142.2,0,0.0,0.0
2024-12-12 06:40:00-05:00,142.51,142.51,142.51,142.51,0,0.0,0.0
2024-12-12 06:46:00-05:00,142.56,142.56,142.56,142.56,0,0.0,0.0
2024-12-12 06:47:00-05:00,142.56,142.56,142.56,142.56,0,0.0,0.0
2024-12-12 07:01:00-05:00,142.6,142.6,142.6,142.6,0,0.0,0.0
2024-12-12 07:02:00-05:00,142.63,142.63,142.34,142.34,0,0.0,0.0
2024-12-12 07:04:00-05:00,142.48,142.48,142.48,142.48,0,0.0,0.0
2024-12-12 07:09:00-05:00,142.62,142.64,142.6,142.64,0,0.0,0.0
2024-12-12 07:15:00-05:00,142.55,142.55,142.55,142.55,0,0.0,0.0
2024-12-12 07:16:00-05:00,142.57,142.57,142.57,142.57,0,0.0,0.0
2024-12-12 07:18:00-05:00,142.55,142.55,142.55,142.55,0,0.0,0.0
2024-12-12 07:23:00-05:00,142.57,142.57,142.45,142.45,0,0.0,0.0
2024-12-12 07:26:00-05:00,142.45,142.45,142.45,142.45,0,0.0,0.0
2024-12-12 07:27:00-05:00,142.45,142.45,142.45,142.45,0,0.0,0.0
2024-12-12 07:30:00-05:00,142.62,142.62,142.62,142.62,0,0.0,0.0
2024-12-12 07:39:00-05:00,142.43,142.43,142.43,142.43,0,0.0,0.0
2024-12-12 07:42:00-05:00,142.43,142.46,142.43,142.43,0,0.0,0.0
2024-12-12 07:44:00-05:00,142.47,142.47,142.47,142.47,0,0.0,0.0
2024-12-12 08:00:00-05:00,142.5,142.78,142.32,142.5,0,0.0,0.0
2024-12-12 08:01:00-05:00,142.99,143.22,142.5,142.5,0,0.0,0.0
2024-12-12 08:03:00-05:00,142.5,142.5,142.5,142.5,0,0.0,0.0
2024-12-12 08:05:00-05:00,142.5,142.56,142.5,142.5,0,0.0,0.0
2024-12-12 08:07:00-05:00,142.59,142.59,142.59,142.59,0,0.0,0.0
2024-12-12 08:08:00-05:00,142.62,142.66,142.62,142.66,0,0.0,0.0
2024-12-12 08:09:00-05:00,142.5,142.5,142.5,142.5,0,0.0,0.0
2024-12-12 08:10:00-05:00,142.48,142.48,142.338,142.36,0,0.0,0.0
2024-12-12 08:11:00-05:00,142.39,142.4,142.33,142.33,0,0.0,0.0
2024-12-12 08:12:00-05:00,142.32,142.35,142.32,142.35,0,0.0,0.0
2024-12-12 08:13:00-05:00,142.31,142.31,142.31,142.31,0,0.0,0.0
2024-12-12 08:15:00-05:00,142.31,142.33,142.3,142.33,0,0.0,0.0
2024-12-12 08:18:00-05:00,142.25,142.3,142.25,142.3,0,0.0,0.0
2024-12-12 08:19:00-05:00,142.2,142.2,142.2,142.2,0,0.0,0.0
2024-12-12 08:20:00-05:00,142.25,142.25,142.2,142.2,0,0.0,0.0
2024-12-12 08:21:00-05:00,142.15,142.15,142.1,142.1,0,0.0,0.0
2024-12-12 08:22:00-05:00,142.0,142.0,142.0,142.0,0,0.0,0.0
2024-12-12 08:23:00-05:00,142.0,142.21,142.0,142.21,0,0.0,0.0
2024-12-12 08:24:00-05:00,142.06,142.06,142.04,142.04,0,0.0,0.0
2024-12-12 08:25:00-05:00,142.14,142.14,142.14,142.14,0,0.0,0.0
2024-12-12 08:26:00-05:00,142.14,142.14,142.14,142.14,0,0.0,0.0
2024-12-12 08:27:00-05:00,142.0,142.17,142.0,142.17,0,0.0,0.0
2024-12-12 08:28:00-05:00,142.04,142.12,142.01,142.12,0,0.0,0.0
2024-12-12 08:29:00-05:00,142.15,142.15,142.15,142.15,0,0.0,0.0
2024-12-12 08:30:00-05:00,142.0,142.15,142.0,142.15,0,0.0,0.0
2024-12-12 08:32:00-05:00,142.05,142.05,141.5,141.51,0,0.0,0.0
2024-12-12 08:33:00-05:00,141.79,141.79,141.74,141.74,0,0.0,0.0
2024-12-12 08:34:00-05:00,141.6,141.6,141.5,141.5,0,0.0,0.0
2024-12-12 08:35:00-05:00,142.36,142.36,141.5,141.5,0,0.0,0.0
2024-12-12 08:36:00-05:00,141.5,141.5599,141.4,141.4,0,0.0,0.0
2024-12-12 08:37:00-05:00,141.3,141.3,141.3,141.3,0,0.0,0.0
2024-12-12 08:39:00-05:00,141.6,141.6,141.6,141.6,0,0.0,0.0
2024-12-12 08:40:00-05:00,141.59,141.59,141.49,141.49,0,0.0,0.0
2024-12-12 08:41:00-05:00,141.5,142.33,141.2226,142.33,0,0.0,0.0
2024-12-12 08:42:00-05:00,141.9,142.0,141.22,141.27,0,0.0,0.0
2024-12-12 08:43:00-05:00,141.9962,142.36,141.3,142.36,0,0.0,0.0
2024-12-12 08:44:00-05:00,141.48,142.36,141.48,142.0,0,0.0,0.0
2024-12-12 08:45:00-05:00,141.62,141.62,141.42,141.42,0,0.0,0.0
2024-12-12 08:46:00-05:00,141.5,141.9,141.4575,141.9,0,0.0,0.0
2024-12-12 08:47:00-05:00,141.7,141.7,141.4917,141.4917,0,0.0,0.0
2024-12-12 08:48:00-05:00,141.5,141.88,141.5,141.5,0,0.0,0.0
2024-12-12 08:49:00-05:00,141.7,141.7,141.5,141.5,0,0.0,0.0
2024-12-12 08:50:00-05:00,141.7,141.7,141.54,141.54,0,0.0,0.0
2024-12-12 08:51:00-05:00,141.55,141.55,141.4,141.4,0,0.0,0.0
2024-12-12 08:52:00-05:00,141.772,141.772,141.422,141.422,0,0.0,0.0
2024-12-12 08:53:00-05:00,141.42,141.42,141.42,141.42,0,0.0,0.0
2024-12-12 08:54:00-05:00,141.45,141.45,141.449,141.449,0,0.0,0.0
2024-12-12 08:55:00-05:00,141.4,141.88,141.4,141.88,0,0.0,0.0
2024-12-12 08:56:00-05:00,141.5,141.5,141.5,141.5,0,0.0,0.0
2024-12-12 08:57:00-05:00,141.45,141.65,141.42,141.65,0,0.0,0.0
2024-12-12 08:58:00-05:00,141.4712,141.4712,141.42,141.42,0,0.0,0.0
2024-12-12 08:59:00-05:00,141.42,141.42,141.4,141.4,0,0.0,0.0
2024-12-12 09:00:00-05:00,141.42,141.42,141.4067,141.4067,0,0.0,0.0
2024-12-12 09:01:00-05:00,141.41,141.41,141.4,141.4,0,0.0,0.0
2024-12-12 09:02:00-05:00,141.5,141.5,141.4,141.4,0,0.0,0.0
2024-12-12 09:03:00-05:00,141.4001,141.4001,141.4001,141.4001,0,0.0,0.0
2024-12-12 09:04:00-05:00,141.73,141.73,141.5,141.55,0,0.0,0.0
2024-12-12 09:05:00-05:00,141.55,141.55,141.5,141.5,0,0.0,0.0
2024-12-12 09:06:00-05:00,141.53,141.53,141.41,141.41,0,0.0,0.0
2024-12-12 09:07:00-05:00,141.73,141.73,141.55,141.55,0,0.0,0.0
2024-12-12 09:08:00-05:00,141.6001,141.63,141.55,141.55,0,0.0,0.0
2024-12-12 09:09:00-05:00,141.57,141.57,141.57,141.57,0,0.0,0.0
2024-12-12 09:10:00-05:00,141.73,141.73,141.67,141.7286,0,0.0,0.0
2024-12-12 09:11:00-05:00,141.7286,141.7291,141.57,141.6,0,0.0,0.0
2024-12-12 09:12:00-05:00,141.73,141.7586,141.6,141.61,0,0.0,0.0
2024-12-12 09:13:00-05:00,141.61,141.88,141.61,141.88,0,0.0,0.0
2024-12-12 09:14:00-05:00,141.7887,141.7887,141.5,141.5,0,0.0,0.0
2024-12-12 09:15:00-05:00,141.56,141.56,141.56,141.56,0,0.0,0.0
2024-12-12 09:17:00-05:00,141.45,141.57,141.45,141.57,0,0.0,0.0
2024-12-12 09:18:00-05:00,141.61,141.77,141.6,141.6,0,0.0,0.0
2024-12-12 09:19:00-05:00,141.6,141.6,141.6,141.6,0,0.0,0.0
2024-12-12 09:20:00-05:00,141.75,141.75,141.48,141.6,0,0.0,0.0
2024-12-12 09:22:00-05:00,141.6,141.75,141.6,141.75,0,0.0,0.0
2024-12-12 09:23:00-05:00,141.6,141.6,141.55,141.55,0,0.0,0.0
2024-12-12 09:24:00-05:00,141.7,141.88,141.67,141.67,0,0.0,0.0
2024-12-12 09:25:00-05:00,141.65,141.65,140.56,140.9,0,0.0,0.0
2024-12-12 09:26:00-05:00,140.9,141.75,140.9,141.0,0,0.0,0.0
2024-12-12 09:27:00-05:00,141.37,142.36,141.37,142.36,0,0.0,0.0
2024-12-12 09:28:00-05:00,141.99,142.1156,141.99,142.1156,0,0.0,0.0
2024-12-12 09:29:00-05:00,142.0,142.22,142.0,142.22,0,0.0,0.0
2024-12-12 09:30:00-05:00,142.0,143.2227020263672,141.78109741210938,142.13499450683594,175943,0.0,0.0
2024-12-12 09:31:00-05:00,142.3800048828125,142.92349243164062,142.25999450683594,142.4600067138672,7120,0.0,0.0
2024-12-12 09:32:00-05:00,142.4600067138672,142.5,141.51010131835938,141.5836944580078,10245,0.0,0.0
2024-12-12 09:33:00-05:00,141.60000610351562,141.60000610351562,140.6999969482422,141.0850067138672,21871,0.0,0.0
2024-12-12 09:34:00-05:00,141.22000122070312,141.2487030029297,140.89999389648438,141.11000061035156,9025,0.0,0.0
2024-12-12 09:35:00-05:00,140.9499969482422,141.13499450683594,140.90130615234375,141.13499450683594,5117,0.0,0.0
2024-12-12 09:36:00-05:00,141.1300048828125,141.7283935546875,140.91000366210938,141.64500427246094,8643,0.0,0.0
2024-12-12 09:37:00-05:00,141.74969482421875,141.77999877929688,141.33999633789062,141.5749969482422,8212,0.0,0.0
2024-12-12 09:38:00-05:00,141.6199951171875,142.3000030517578,141.58999633789062,142.3000030517578,13414,0.0,0.0
2024-12-12 09:39:00-05:00,142.19000244140625,142.44400024414062,142.14999389648438,142.41000366210938,8443,0.0,0.0
2024-12-12 09:40:00-05:00,142.30999755859375,142.52999877929688,142.17999267578125,142.52999877929688,6838,0.0,0.0
2024-12-12 09:41:00-05:00,142.41810607910156,142.48500061035156,142.27499389648438,142.44000244140625,6284,0.0,0.0
2024-12-12 09:42:00-05:00,142.57000732421875,142.8415985107422,142.47999572753906,142.55999755859375,8955,0.0,0.0
2024-12-12 09:43:00-05:00,142.70489501953125,142.8520050048828,142.69000244140625,142.83999633789062,7260,0.0,0.0
2024-12-12 09:44:00-05:00,143.0,143.1999053955078,142.87139892578125,143.1699981689453,11577,0.0,0.0
2024-12-12 09:45:00-05:00,143.21449279785156,143.77000427246094,143.21449279785156,143.74000549316406,53224,0.0,0.0
2024-12-12 09:46:00-05:00,143.64500427246094,143.97000122070312,143.6300048828125,143.72000122070312,31322,0.0,0.0
2024-12-12 09:47:00-05:00,143.72000122070312,144.1999969482422,143.72000122070312,144.03199768066406,44282,0.0,0.0
2024-12-12 09:48:00-05:00,144.02999877929688,145.1699981689453,144.0,145.02999877929688,186650,0.0,0.0
2024-12-12 09:49:00-05:00,145.08999633789062,145.09500122070312,144.4149932861328,144.43040466308594,49405,0.0,0.0
2024-12-12 09:50:00-05:00,144.50999450683594,145.17999267578125,144.4499969482422,144.97189331054688,47805,0.0,0.0
2024-12-12 09:51:00-05:00,144.82000732421875,146.3000030517578,144.7899932861328,146.19000244140625,202379,0.0,0.0
2024-12-12 09:52:00-05:00,146.1300048828125,146.75,145.91000366210938,146.10000610351562,107943,0.0,0.0
2024-12-12 09:53:00-05:00,146.07000732421875,146.5,145.8249969482422,146.36000061035156,74252,0.0,0.0
2024-12-12 09:54:00-05:00,146.4250030517578,146.6999969482422,146.22999572753906,146.6999969482422,35995,0.0,0.0
2024-12-12 09:55:00-05:00,146.90029907226562,146.90029907226562,146.90029907226562,146.90029907226562,146473,0.0,0.0
2024-12-12 09:56:00-05:00,146.84500122070312,147.8300018310547,146.84500122070312,147.42999267578125,103579,0.0,0.0
2024-12-12 09:57:00-05:00,147.49249267578125,147.8699951171875,147.19000244140625,147.29010009765625,87116,0.0,0.0
2024-12-12 09:58:00-05:00,147.4199981689453,147.50999450683594,147.02999877929688,147.25999450683594,55310,0.0,0.0
2024-12-12 09:59:00-05:00,147.22999572753906,147.35000610351562,146.8300018310547,147.0500030517578,78654,0.0,0.0
2024-12-12 10:00:00-05:00,147.08999633789062,147.2100067138672,146.82240295410156,147.00999450683594,53738,0.0,0.0
2024-12-12 10:01:00-05:00,147.0050048828125,147.3300018310547,146.52999877929688,146.89500427246094,58527,0.0,0.0
2024-12-12 10:02:00-05:00,146.94239807128906,146.94239807128906,146.29010009765625,146.5699005126953,50184,0.0,0.0
2024-12-12 10:03:00-05:00,146.52000427246094,146.99000549316406,146.3000030517578,146.8074951171875,22057,0.0,0.0
2024-12-12 10:04:00-05:00,146.6519012451172,147.97999572753906,146.6519012451172,147.95550537109375,75914,0.0,0.0
2024-12-12 10:05:00-05:00,147.89999389648438,147.9571990966797,147.3092041015625,147.51800537109375,32255,0.0,0.0
2024-12-12 10:06:00-05:00,147.52000427246094,147.97000122070312,147.52000427246094,147.91000366210938,34899,0.0,0.0
2024-12-12 10:07:00-05:00,147.97889709472656,147.99000549316406,147.67999267578125,147.80999755859375,43136,0.0,0.0
2024-12-12 10:08:00-05:00,147.82000732421875,147.89999389648438,147.1699981689453,147.2198944091797,23923,0.0,0.0
2024-12-12 10:09:00-05:00,147.15069580078125,147.15069580078125,146.47999572753906,146.49139404296875,20566,0.0,0.0
2024-12-12 10:10:00-05:00,146.5749969482422,146.64810180664062,145.88999938964844,145.88999938964844,44612,0.0,0.0
2024-12-12 10:11:00-05:00,145.8699951171875,146.5,145.7100067138672,145.94000244140625,42464,0.0,0.0
2024-12-12 10:12:00-05:00,145.97999572753906,146.00999450683594,145.1999969482422,145.37210083007812,38245,0.0,0.0
2024-12-12 10:13:00-05:00,145.39999389648438,145.62789916992188,145.2100067138672,145.62789916992188,29560,0.0,0.0
2024-12-12 10:14:00-05:00,145.46009826660156,146.3800048828125,145.46009826660156,146.0789031982422,19386,0.0,0.0
2024-12-12 10:15:00-05:00,146.24000549316406,146.5,146.13999938964844,146.13999938964844,32665,0.0,0.0
2024-12-12 10:16:00-05:00,146.13999938964844,146.13999938964844,145.55999755859375,145.92999267578125,16045,0.0,0.0
2024-12-12 10:17:00-05:00,145.8699951171875,146.39999389648438,145.8699951171875,146.32000732421875,10036,0.0,0.0
2024-12-12 10:18:00-05:00,146.3000030517578,146.97999572753906,146.3000030517578,146.9600067138672,20944,0.0,0.0
2024-12-12 10:19:00-05:00,146.92999267578125,147.2899932861328,146.86000061035156,147.13499450683594,24825,0.0,0.0
2024-12-12 10:20:00-05:00,147.0,147.639892578125,147.0,147.39999389648438,56439,0.0,0.0
2024-12-12 10:21:00-05:00,147.4199981689453,147.70379638671875,147.17999267578125,147.60000610351562,45456,0.0,0.0
2024-12-12 10:22:00-05:00,147.50999450683594,147.77000427246094,147.1999969482422,147.27000427246094,28839,0.0,0.0
2024-12-12 10:23:00-05:00,147.27000427246094,147.47999572753906,147.07000732421875,147.4199981689453,13266,0.0,0.0
2024-12-12 10:24:00-05:00,147.44000244140625,147.64999389648438,147.40020751953125,147.55999755859375,21242,0.0,0.0
2024-12-12 10:25:00-05:00,147.52000427246094,148.23989868164062,147.52000427246094,148.05999755859375,100212,0.0,0.0
2024-12-12 10:26:00-05:00,148.02740478515625,148.33999633789062,147.89999389648438,148.125,41456,0.0,0.0
2024-12-12 10:27:00-05:00,148.1291961669922,148.25,147.39999389648438,147.52960205078125,23665,0.0,0.0
2024-12-12 10:28:00-05:00,147.4040069580078,147.64999389648438,147.17999267578125,147.19009399414062,18745,0.0,0.0
2024-12-12 10:29:00-05:00,147.23460388183594,147.61050415039062,147.22999572753906,147.61050415039062,12819,0.0,0.0
2024-12-12 10:30:00-05:00,147.5,148.24000549316406,147.32000732421875,148.22779846191406,28481,0.0,0.0
2024-12-12 10:31:00-05:00,148.3000030517578,148.63999938964844,148.3000030517578,148.48199462890625,42143,0.0,0.0
2024-12-12 10:32:00-05:00,148.39999389648438,148.99000549316406,148.39999389648438,148.89500427246094,42499,0.0,0.0
2024-12-12 10:33:00-05:00,148.9691925048828,148.9691925048828,148.60000610351562,148.64999389648438,27955,0.0,0.0
2024-12-12 10:34:00-05:00,148.6750030517578,148.6750030517578,148.38999938964844,148.52999877929688,22816,0.0,0.0
2024-12-12 10:35:00-05:00,148.52499389648438,149.08839416503906,148.52499389648438,148.98129272460938,75480,0.0,0.0
2024-12-12 10:36:00-05:00,148.89340209960938,149.5998992919922,148.89340209960938,149.49000549316406,53525,0.0,0.0
2024-12-12 10:37:00-05:00,149.47999572753906,149.89999389648438,149.4001007080078,149.89999389648438,42145,0.0,0.0
2024-12-12 10:38:00-05:00,149.78500366210938,149.97999572753906,149.61000061035156,149.85499572753906,49764,0.0,0.0
2024-12-12 10:39:00-05:00,149.82000732421875,149.97999572753906,149.4600067138672,149.47999572753906,52255,0.0,0.0
2024-12-12 10:40:00-05:00,149.5800018310547,149.5800018310547,149.0500030517578,149.12620544433594,32429,0.0,0.0
2024-12-12 10:41:00-05:00,149.0,149.0800018310547,148.60000610351562,148.76499938964844,29243,0.0,0.0
2024-12-12 10:42:00-05:00,148.77000427246094,148.80929565429688,148.52999877929688,148.77000427246094,20190,0.0,0.0
2024-12-12 10:43:00-05:00,148.86000061035156,148.99989318847656,148.3800048828125,148.51710510253906,23059,0.0,0.0
2024-12-12 10:44:00-05:00,148.5543975830078,148.88999938964844,148.49009704589844,148.83999633789062,17364,0.0,0.0
2024-12-12 10:45:00-05:00,148.8000030517578,149.00999450683594,148.55149841308594,148.99000549316406,15097,0.0,0.0
2024-12-12 10:46:00-05:00,148.87240600585938,149.3000030517578,148.71139526367188,148.7949981689453,27741,0.0,0.0
2024-12-12 10:47:00-05:00,148.70010375976562,149.3000030517578,148.70010375976562,149.11000061035156,29171,0.0,0.0
2024-12-12 10:48:00-05:00,149.22999572753906,149.22999572753906,148.8090057373047,148.85499572753906,11076,0.0,0.0
2024-12-12 10:49:00-05:00,148.83999633789062,149.06109619140625,148.7899932861328,149.00999450683594,21351,0.0,0.0
2024-12-12 10:50:00-05:00,148.9550018310547,149.02499389648438,148.5,148.60000610351562,16791,0.0,0.0
2024-12-12 10:51:00-05:00,148.60000610351562,149.0,148.55149841308594,148.9774932861328,21393,0.0,0.0
2024-12-12 10:52:00-05:00,149.1999969482422,149.28460693359375,149.05999755859375,149.22999572753906,15315,0.0,0.0
2024-12-12 10:53:00-05:00,149.19329833984375,149.44000244140625,149.13009643554688,149.3419952392578,16554,0.0,0.0
2024-12-12 10:54:00-05:00,149.32000732421875,149.62989807128906,149.32000732421875,149.4199981689453,22826,0.0,0.0
2024-12-12 10:55:00-05:00,149.4199981689453,149.60000610351562,149.4199981689453,149.52000427246094,12797,0.0,0.0
2024-12-12 10:56:00-05:00,149.52000427246094,149.64999389648438,149.4199981689453,149.5500030517578,17620,0.0,0.0
2024-12-12 10:57:00-05:00,149.4600067138672,149.75,149.38999938964844,149.47999572753906,30859,0.0,0.0
2024-12-12 10:58:00-05:00,149.39419555664062,149.5500030517578,148.82000732421875,148.82000732421875,18244,0.0,0.0
2024-12-12 10:59:00-05:00,148.89999389648438,149.17999267578125,148.8000030517578,149.08999633789062,18471,0.0,0.0
2024-12-12 11:00:00-05:00,149.08999633789062,149.42999267578125,149.00900268554688,149.39999389648438,11675,0.0,0.0
2024-12-12 11:01:00-05:00,149.42649841308594,149.44000244140625,149.20010375976562,149.33999633789062,28162,0.0,0.0
2024-12-12 11:02:00-05:00,149.4199981689453,149.7100067138672,149.41000366210938,149.6699981689453,15509,0.0,0.0
2024-12-12 11:03:00-05:00,149.69000244140625,149.85000610351562,149.57000732421875,149.85000610351562,25403,0.0,0.0
2024-12-12 11:04:00-05:00,149.797607421875,149.86000061035156,149.7301025390625,149.7949981689453,15751,0.0,0.0
2024-12-12 11:05:00-05:00,149.75,149.9199981689453,149.75,149.84539794921875,28413,0.0,0.0
2024-12-12 11:06:00-05:00,149.84010314941406,149.9600067138672,149.8000030517578,149.85000610351562,10059,0.0,0.0
2024-12-12 11:07:00-05:00,149.83999633789062,149.99000549316406,149.74000549316406,149.85000610351562,42260,0.0,0.0
2024-12-12 11:08:00-05:00,149.81500244140625,149.92999267578125,149.63999938964844,149.92999267578125,30610,0.0,0.0
2024-12-12 11:09:00-05:00,149.9799041748047,149.97999572753906,149.77999877929688,149.78500366210938,34302,0.0,0.0
2024-12-12 11:10:00-05:00,149.78500366210938,149.82640075683594,149.6999969482422,149.6999969482422,8253,0.0,0.0
2024-12-12 11:11:00-05:00,149.7100067138672,149.88580322265625,149.5500030517578,149.64999389648438,19024,0.0,0.0
2024-12-12 11:12:00-05:00,149.52999877929688,149.63999938964844,149.2100067138672,149.21270751953125,12067,0.0,0.0
2024-12-12 11:14:00-05:00,148.88119506835938,148.88119506835938,148.88119506835938,148.88119506835938,55373,0.0,0.0
2024-12-12 11:15:00-05:00,148.7899932861328,148.9759979248047,148.7100067138672,148.89500427246094,8045,0.0,0.0
2024-12-12 11:16:00-05:00,148.89999389648438,149.10000610351562,148.89999389648438,149.10000610351562,25439,0.0,0.0
2024-12-12 11:17:00-05:00,149.0500030517578,149.0500030517578,148.80999755859375,148.80999755859375,9287,0.0,0.0
2024-12-12 11:18:00-05:00,148.83999633789062,148.91690063476562,148.8000030517578,148.91690063476562,11932,0.0,0.0
2024-12-12 11:19:00-05:00,148.84500122070312,148.84500122070312,148.51170349121094,148.5720977783203,10898,0.0,0.0
2024-12-12 11:20:00-05:00,148.59120178222656,148.63999938964844,148.4149932861328,148.58999633789062,13437,0.0,0.0
2024-12-12 11:21:00-05:00,148.5399932861328,148.5399932861328,148.05999755859375,148.35000610351562,23796,0.0,0.0
2024-12-12 11:22:00-05:00,148.31069946289062,148.39999389648438,148.13999938964844,148.24000549316406,12360,0.0,0.0
2024-12-12 11:23:00-05:00,148.16000366210938,148.18690490722656,147.93780517578125,147.93780517578125,15649,0.0,0.0
2024-12-12 11:24:00-05:00,147.9853973388672,148.2899932861328,147.89999389648438,148.21719360351562,17890,0.0,0.0
2024-12-12 11:25:00-05:00,148.25999450683594,148.25999450683594,148.0283966064453,148.09500122070312,4415,0.0,0.0
2024-12-12 11:26:00-05:00,148.09500122070312,148.1699981689453,147.97999572753906,148.02000427246094,20535,0.0,0.0
2024-12-12 11:27:00-05:00,147.9199981689453,147.94000244140625,147.47000122070312,147.61000061035156,27591,0.0,0.0
2024-12-12 11:28:00-05:00,147.6699981689453,147.82760620117188,147.66000366210938,147.75999450683594,8483,0.0,0.0
2024-12-12 11:29:00-05:00,147.8498992919922,147.9600067138672,147.63999938964844,147.94000244140625,25502,0.0,0.0
2024-12-12 11:30:00-05:00,148.0,148.4788055419922,147.831298828125,148.35569763183594,48904,0.0,0.0
2024-12-12 11:31:00-05:00,148.37319946289062,148.66140747070312,148.25,148.4949951171875,17136,0.0,0.0
2024-12-12 11:32:00-05:00,148.460693359375,148.72999572753906,148.460693359375,148.66949462890625,11520,0.0,0.0
2024-12-12 11:33:00-05:00,148.60000610351562,148.6699981689453,148.26390075683594,148.44000244140625,7313,0.0,0.0
2024-12-12 11:34:00-05:00,148.5,148.91360473632812,148.47999572753906,148.66000366210938,17265,0.0,0.0
2024-12-12 11:35:00-05:00,148.63999938964844,148.8699951171875,148.63999938964844,148.78309631347656,5894,0.0,0.0
2024-12-12 11:36:00-05:00,148.6999969482422,148.8791046142578,148.44000244140625,148.44000244140625,6256,0.0,0.0
2024-12-12 11:37:00-05:00,148.44869995117188,148.6215057373047,148.24000549316406,148.60000610351562,7532,0.0,0.0
2024-12-12 11:38:00-05:00,148.47000122070312,148.67999267578125,148.47000122070312,148.67999267578125,2721,0.0,0.0
2024-12-12 11:39:00-05:00,148.49000549316406,148.6217041015625,148.42160034179688,148.5,29119,0.0,0.0
2024-12-12 11:40:00-05:00,148.6042938232422,148.6042938232422,148.5,148.58380126953125,2171,0.0,0.0
2024-12-12 11:41:00-05:00,148.50999450683594,148.7799072265625,148.50010681152344,148.69000244140625,8529,0.0,0.0
2024-12-12 11:42:00-05:00,148.66000366210938,148.74000549316406,148.50750732421875,148.50750732421875,6353,0.0,0.0
2024-12-12 11:43:00-05:00,148.55999755859375,148.55999755859375,148.360107421875,148.360107421875,6858,0.0,0.0
2024-12-12 11:44:00-05:00,148.47999572753906,148.58949279785156,148.47999572753906,148.52000427246094,4684,0.0,0.0
2024-12-12 11:45:00-05:00,148.46009826660156,148.5449981689453,148.25010681152344,148.35000610351562,6590,0.0,0.0
2024-12-12 11:46:00-05:00,148.24000549316406,148.2552032470703,147.59500122070312,147.59500122070312,13303,0.0,0.0
2024-12-12 11:47:00-05:00,147.52000427246094,147.6300048828125,147.0800018310547,147.0800018310547,24393,0.0,0.0
2024-12-12 11:48:00-05:00,147.08999633789062,147.17999267578125,146.5399932861328,146.9499969482422,59819,0.0,0.0
2024-12-12 11:49:00-05:00,146.8477020263672,147.22999572753906,146.7899932861328,147.18370056152344,15483,0.0,0.0
2024-12-12 11:50:00-05:00,147.14500427246094,147.4199981689453,146.99200439453125,147.3778076171875,10364,0.0,0.0
2024-12-12 11:51:00-05:00,147.22000122070312,147.35549926757812,147.17999267578125,147.35549926757812,5936,0.0,0.0
2024-12-12 11:52:00-05:00,147.2899932861328,147.3699951171875,147.1300048828125,147.24000549316406,5107,0.0,0.0
2024-12-12 11:53:00-05:00,147.10000610351562,147.2440948486328,147.10000610351562,147.18499755859375,5582,0.0,0.0
2024-12-12 11:54:00-05:00,147.18499755859375,147.24920654296875,147.11000061035156,147.22129821777344,5056,0.0,0.0
2024-12-12 11:55:00-05:00,147.22470092773438,147.28900146484375,146.9600067138672,146.9600067138672,10201,0.0,0.0
2024-12-12 11:56:00-05:00,146.97999572753906,147.1199951171875,146.97999572753906,147.1199951171875,19865,0.0,0.0
2024-12-12 11:57:00-05:00,147.1313934326172,147.32000732421875,147.110107421875,147.13999938964844,5315,0.0,0.0
2024-12-12 11:58:00-05:00,147.13999938964844,147.1719970703125,146.8415985107422,146.91000366210938,7114,0.0,0.0
2024-12-12 11:59:00-05:00,147.00999450683594,147.1772003173828,146.94000244140625,147.00999450683594,9262,0.0,0.0
2024-12-12 12:00:00-05:00,147.00999450683594,147.11790466308594,146.8668975830078,147.11790466308594,8275,0.0,0.0
2024-12-12 12:01:00-05:00,147.11419677734375,147.11419677734375,146.89999389648438,146.9499969482422,6411,0.0,0.0
2024-12-12 12:02:00-05:00,147.0800018310547,147.47360229492188,147.0800018310547,147.4134063720703,7866,0.0,0.0
2024-12-12 12:03:00-05:00,147.41250610351562,147.47999572753906,147.35009765625,147.42999267578125,9324,0.0,0.0
2024-12-12 12:04:00-05:00,147.35000610351562,147.35000610351562,147.24000549316406,147.33700561523438,6279,0.0,0.0
2024-12-12 12:05:00-05:00,147.3928985595703,147.39999389648438,147.27000427246094,147.38949584960938,5456,0.0,0.0
2024-12-12 12:06:00-05:00,147.32000732421875,147.3690948486328,147.30999755859375,147.30999755859375,2647,0.0,0.0
2024-12-12 12:07:00-05:00,147.31500244140625,147.47999572753906,147.24000549316406,147.47999572753906,7038,0.0,0.0
2024-12-12 12:08:00-05:00,147.4149932861328,147.93930053710938,147.4149932861328,147.90960693359375,9131,0.0,0.0
2024-12-12 12:09:00-05:00,147.86500549316406,147.8726043701172,147.75,147.85000610351562,7910,0.0,0.0
2024-12-12 12:10:00-05:00,147.72999572753906,147.72999572753906,147.6199951171875,147.6199951171875,7780,0.0,0.0
2024-12-12 12:11:00-05:00,147.7198944091797,147.72000122070312,147.60000610351562,147.7100067138672,12776,0.0,0.0
2024-12-12 12:12:00-05:00,147.7100067138672,147.8000030517578,147.7100067138672,147.7686004638672,12477,0.0,0.0
2024-12-12 12:13:00-05:00,147.8300018310547,147.98989868164062,147.8188018798828,147.981201171875,13622,0.0,0.0
2024-12-12 12:14:00-05:00,147.93499755859375,147.99000549316406,147.86000061035156,147.86000061035156,5010,0.0,0.0
2024-12-12 12:15:00-05:00,147.86000061035156,147.86000061035156,147.85499572753906,147.85499572753906,830,0.0,0.0
2024-12-12 12:16:00-05:00,147.85499572753906,148.14999389648438,147.8300018310547,148.08999633789062,10229,0.0,0.0
2024-12-12 12:17:00-05:00,148.09970092773438,148.17999267578125,147.91000366210938,148.07000732421875,6292,0.0,0.0
2024-12-12 12:18:00-05:00,148.05499267578125,148.05499267578125,147.6999969482422,147.6999969482422,10340,0.0,0.0
2024-12-12 12:19:00-05:00,147.69000244140625,147.6999969482422,147.39999389648438,147.57369995117188,11036,0.0,0.0
2024-12-12 12:20:00-05:00,147.5449981689453,147.81149291992188,147.5449981689453,147.73500061035156,3375,0.0,0.0
2024-12-12 12:21:00-05:00,147.74000549316406,147.80499267578125,147.69749450683594,147.80499267578125,3908,0.0,0.0
2024-12-12 12:22:00-05:00,147.8300018310547,147.9398956298828,147.8300018310547,147.9398956298828,4022,0.0,0.0
2024-12-12 12:23:00-05:00,147.99000549316406,148.06300354003906,147.83009338378906,148.06300354003906,5607,0.0,0.0
2024-12-12 12:24:00-05:00,148.05999755859375,148.05999755859375,147.80349731445312,147.8699951171875,5541,0.0,0.0
2024-12-12 12:25:00-05:00,147.8354034423828,147.8699951171875,147.75999450683594,147.8000030517578,5261,0.0,0.0
2024-12-12 12:26:00-05:00,147.8000030517578,148.07000732421875,147.8000030517578,148.0500030517578,5339,0.0,0.0
2024-12-12 12:27:00-05:00,147.97999572753906,148.38999938964844,147.91009521484375,148.23500061035156,21651,0.0,0.0
2024-12-12 12:28:00-05:00,148.23660278320312,148.3800048828125,148.14039611816406,148.34779357910156,7756,0.0,0.0
2024-12-12 12:29:00-05:00,148.35000610351562,148.4326934814453,148.13999938964844,148.19000244140625,11578,0.0,0.0
2024-12-12 12:30:00-05:00,148.0800018310547,148.2082061767578,148.00999450683594,148.1999969482422,5347,0.0,0.0
2024-12-12 12:31:00-05:00,148.20339965820312,148.20339965820312,147.85000610351562,147.94000244140625,4912,0.0,0.0
2024-12-12 12:32:00-05:00,147.97999572753906,147.99989318847656,147.7899932861328,147.88999938964844,8783,0.0,0.0
2024-12-12 12:33:00-05:00,147.90859985351562,148.0,147.85360717773438,147.9199981689453,3332,0.0,0.0
2024-12-12 12:34:00-05:00,147.88250732421875,147.94000244140625,147.88250732421875,147.9199981689453,3010,0.0,0.0
2024-12-12 12:35:00-05:00,148.0,148.0,147.67999267578125,147.80499267578125,6358,0.0,0.0
2024-12-12 12:36:00-05:00,147.8300018310547,148.0399932861328,147.82000732421875,147.99989318847656,6265,0.0,0.0
2024-12-12 12:37:00-05:00,148.01980590820312,148.0800018310547,147.91000366210938,147.91000366210938,1684,0.0,0.0
2024-12-12 12:38:00-05:00,147.91000366210938,147.91000366210938,147.91000366210938,147.91000366210938,1379,0.0,0.0
2024-12-12 12:39:00-05:00,147.9199981689453,148.00999450683594,147.9199981689453,147.97000122070312,1215,0.0,0.0
2024-12-12 12:40:00-05:00,148.00999450683594,148.00999450683594,147.9250030517578,147.9250030517578,1896,0.0,0.0
2024-12-12 12:41:00-05:00,147.9250030517578,147.9250030517578,147.8300018310547,147.8300018310547,5259,0.0,0.0
2024-12-12 12:42:00-05:00,147.8699951171875,147.8950958251953,147.75999450683594,147.8950958251953,4364,0.0,0.0
2024-12-12 12:43:00-05:00,147.80499267578125,147.9387969970703,147.80499267578125,147.88999938964844,4351,0.0,0.0
2024-12-12 12:44:00-05:00,147.90499877929688,148.11000061035156,147.860107421875,148.02000427246094,4733,0.0,0.0
2024-12-12 12:45:00-05:00,148.13999938964844,148.3000030517578,148.1291046142578,148.27000427246094,2948,0.0,0.0
2024-12-12 12:46:00-05:00,148.21310424804688,148.25999450683594,148.17999267578125,148.21009826660156,8922,0.0,0.0
2024-12-12 12:47:00-05:00,148.24249267578125,148.25,148.1302032470703,148.2407989501953,10127,0.0,0.0
2024-12-12 12:48:00-05:00,148.19000244140625,148.24090576171875,148.14100646972656,148.24090576171875,1785,0.0,0.0
2024-12-12 12:49:00-05:00,148.25999450683594,148.3800048828125,148.25999450683594,148.36000061035156,5270,0.0,0.0
2024-12-12 12:50:00-05:00,148.3800048828125,148.6300048828125,148.3800048828125,148.6199951171875,8058,0.0,0.0
2024-12-12 12:51:00-05:00,148.55999755859375,148.77000427246094,148.55499267578125,148.6593017578125,13427,0.0,0.0
2024-12-12 12:52:00-05:00,148.75999450683594,148.92990112304688,148.66000366210938,148.86500549316406,16801,0.0,0.0
2024-12-12 12:53:00-05:00,148.86000061035156,149.1199951171875,148.86000061035156,149.08999633789062,36085,0.0,0.0
2024-12-12 12:54:00-05:00,149.0399932861328,149.08999633789062,149.00819396972656,149.05499267578125,13453,0.0,0.0
2024-12-12 12:55:00-05:00,149.0998992919922,149.19000244140625,148.9300994873047,149.11000061035156,27236,0.0,0.0
2024-12-12 12:56:00-05:00,149.05999755859375,149.09500122070312,148.77499389648438,148.77499389648438,14854,0.0,0.0
2024-12-12 12:57:00-05:00,148.8000030517578,148.92999267578125,148.64999389648438,148.8699951171875,15711,0.0,0.0
2024-12-12 12:58:00-05:00,148.80999755859375,148.8780975341797,148.7635040283203,148.8699951171875,3477,0.0,0.0
2024-12-12 12:59:00-05:00,148.8800048828125,148.89999389648438,148.75999450683594,148.83999633789062,6547,0.0,0.0
2024-12-12 13:00:00-05:00,148.889892578125,149.03500366210938,148.84500122070312,148.98500061035156,9937,0.0,0.0
2024-12-12 13:01:00-05:00,148.89999389648438,148.99929809570312,148.8300018310547,148.91000366210938,5950,0.0,0.0
2024-12-12 13:02:00-05:00,148.85000610351562,148.89999389648438,148.80039978027344,148.82000732421875,4504,0.0,0.0
2024-12-12 13:03:00-05:00,148.8656005859375,148.8699951171875,148.71400451660156,148.71400451660156,4741,0.0,0.0
2024-12-12 13:04:00-05:00,148.7100067138672,148.7899932861328,148.6999969482422,148.76780700683594,3766,0.0,0.0
2024-12-12 13:05:00-05:00,148.69500732421875,148.69500732421875,148.56500244140625,148.61000061035156,3514,0.0,0.0
2024-12-12 13:06:00-05:00,148.64999389648438,148.89999389648438,148.63999938964844,148.89999389648438,8482,0.0,0.0
2024-12-12 13:07:00-05:00,148.88999938964844,149.04409790039062,148.85000610351562,148.98500061035156,6636,0.0,0.0
2024-12-12 13:08:00-05:00,148.89999389648438,148.94500732421875,148.66000366210938,148.7050018310547,11971,0.0,0.0
2024-12-12 13:09:00-05:00,148.6300048828125,148.8000030517578,148.6300048828125,148.7303924560547,6381,0.0,0.0
2024-12-12 13:10:00-05:00,148.8000030517578,148.9199981689453,148.7834014892578,148.91000366210938,5228,0.0,0.0
2024-12-12 13:11:00-05:00,148.82049560546875,148.9600067138672,148.75999450683594,148.80999755859375,5991,0.0,0.0
2024-12-12 13:12:00-05:00,148.8800048828125,148.91000366210938,148.75,148.91000366210938,4157,0.0,0.0
2024-12-12 13:13:00-05:00,148.9149932861328,148.99000549316406,148.91000366210938,148.9199981689453,3196,0.0,0.0
2024-12-12 13:14:00-05:00,148.9199981689453,148.9600067138672,148.86000061035156,148.9600067138672,4820,0.0,0.0
2024-12-12 13:15:00-05:00,148.85000610351562,149.10000610351562,148.85000610351562,149.05499267578125,6932,0.0,0.0
2024-12-12 13:16:00-05:00,149.10000610351562,149.1699981689453,149.0500030517578,149.1699981689453,7152,0.0,0.0
2024-12-12 13:17:00-05:00,149.16490173339844,149.25999450683594,149.16490173339844,149.22500610351562,28749,0.0,0.0
2024-12-12 13:18:00-05:00,149.22500610351562,149.5399932861328,149.22500610351562,149.52450561523438,31138,0.0,0.0
2024-12-12 13:19:00-05:00,149.52999877929688,149.62899780273438,149.52999877929688,149.62899780273438,7874,0.0,0.0
2024-12-12 13:20:00-05:00,149.5850067138672,149.6300048828125,149.50999450683594,149.5500030517578,12300,0.0,0.0
2024-12-12 13:21:00-05:00,149.5417938232422,149.5417938232422,149.40350341796875,149.4199981689453,6387,0.0,0.0
2024-12-12 13:22:00-05:00,149.43499755859375,149.4600067138672,149.22999572753906,149.30999755859375,9672,0.0,0.0
2024-12-12 13:23:00-05:00,149.3800048828125,149.3800048828125,149.3350067138672,149.33999633789062,3256,0.0,0.0
2024-12-12 13:24:00-05:00,149.38999938964844,149.4864044189453,149.38999938964844,149.4864044189453,3159,0.0,0.0
2024-12-12 13:25:00-05:00,149.44000244140625,149.47999572753906,149.38999938964844,149.38999938964844,5480,0.0,0.0
2024-12-12 13:26:00-05:00,149.4199981689453,149.44000244140625,149.3300018310547,149.3300018310547,3799,0.0,0.0
2024-12-12 13:27:00-05:00,149.36000061035156,149.77699279785156,149.36000061035156,149.77699279785156,20826,0.0,0.0
2024-12-12 13:28:00-05:00,149.75,149.85000610351562,149.7200927734375,149.83999633789062,18132,0.0,0.0
2024-12-12 13:29:00-05:00,149.82000732421875,149.82000732421875,149.6999969482422,149.80349731445312,15207,0.0,0.0
2024-12-12 13:30:00-05:00,149.77999877929688,149.8800048828125,149.7100067138672,149.82000732421875,13394,0.0,0.0
2024-12-12 13:31:00-05:00,149.8166961669922,149.85000610351562,149.67999267578125,149.7899932861328,19225,0.0,0.0
2024-12-12 13:32:00-05:00,149.8000030517578,149.83999633789062,149.64999389648438,149.64999389648438,11858,0.0,0.0
2024-12-12 13:33:00-05:00,149.73500061035156,149.78529357910156,149.3300018310547,149.3699951171875,11602,0.0,0.0
2024-12-12 13:34:00-05:00,149.41580200195312,149.42599487304688,149.25999450683594,149.30499267578125,6996,0.0,0.0
2024-12-12 13:35:00-05:00,149.32000732421875,149.35000610351562,149.1999969482422,149.22970581054688,9829,0.0,0.0
2024-12-12 13:36:00-05:00,149.27000427246094,149.40159606933594,149.1999969482422,149.39999389648438,9727,0.0,0.0
2024-12-12 13:37:00-05:00,149.41000366210938,149.49679565429688,149.35000610351562,149.41749572753906,4739,0.0,0.0
2024-12-12 13:38:00-05:00,149.4499969482422,149.49000549316406,149.41000366210938,149.42529296875,3100,0.0,0.0
2024-12-12 13:39:00-05:00,149.4149932861328,149.6300048828125,149.39999389648438,149.6300048828125,7359,0.0,0.0
2024-12-12 13:40:00-05:00,149.66000366210938,149.75,149.44000244140625,149.44000244140625,11305,0.0,0.0
2024-12-12 13:41:00-05:00,149.39999389648438,149.4499969482422,149.3800048828125,149.3800048828125,1329,0.0,0.0
2024-12-12 13:42:00-05:00,149.4071044921875,149.4553985595703,149.27000427246094,149.3800048828125,8276,0.0,0.0
2024-12-12 13:43:00-05:00,149.39349365234375,149.39349365234375,149.33999633789062,149.33999633789062,4254,0.0,0.0
2024-12-12 13:44:00-05:00,149.3800048828125,149.3800048828125,149.30999755859375,149.30999755859375,1635,0.0,0.0
2024-12-12 13:45:00-05:00,149.36000061035156,149.38189697265625,149.3350067138672,149.36000061035156,2700,0.0,0.0
2024-12-12 13:46:00-05:00,149.3699951171875,149.47000122070312,149.3699951171875,149.43499755859375,8625,0.0,0.0
2024-12-12 13:47:00-05:00,149.36000061035156,149.58990478515625,149.3000030517578,149.5449981689453,10015,0.0,0.0
2024-12-12 13:48:00-05:00,149.5,149.5612030029297,149.47900390625,149.50999450683594,8556,0.0,0.0
2024-12-12 13:49:00-05:00,149.49000549316406,149.5885009765625,149.4600067138672,149.53500366210938,1146,0.0,0.0
2024-12-12 13:50:00-05:00,149.58999633789062,149.60000610351562,149.1300048828125,149.1300048828125,13586,0.0,0.0
2024-12-12 13:51:00-05:00,149.14500427246094,149.17999267578125,148.9600067138672,149.0,13427,0.0,0.0
2024-12-12 13:52:00-05:00,148.92999267578125,148.92999267578125,148.77499389648438,148.91000366210938,10318,0.0,0.0
2024-12-12 13:53:00-05:00,148.81500244140625,148.89999389648438,148.80799865722656,148.88499450683594,4686,0.0,0.0
2024-12-12 13:54:00-05:00,148.88999938964844,148.9499969482422,148.8800048828125,148.93499755859375,3775,0.0,0.0
2024-12-12 13:55:00-05:00,149.02000427246094,149.02000427246094,148.83999633789062,148.83999633789062,3597,0.0,0.0
2024-12-12 13:56:00-05:00,148.9250030517578,148.9499053955078,148.85000610351562,148.9499053955078,5110,0.0,0.0
2024-12-12 13:57:00-05:00,148.89500427246094,148.9403076171875,148.89500427246094,148.93499755859375,3623,0.0,0.0
2024-12-12 13:58:00-05:00,148.9250030517578,148.9268035888672,148.8000030517578,148.875,23203,0.0,0.0
2024-12-12 13:59:00-05:00,148.8800048828125,148.9499969482422,148.81979370117188,148.8800048828125,3273,0.0,0.0
2024-12-12 14:00:00-05:00,148.8800048828125,148.88499450683594,148.7100067138672,148.75,7079,0.0,0.0
2024-12-12 14:01:00-05:00,148.75,148.75999450683594,148.6999969482422,148.75999450683594,4152,0.0,0.0
2024-12-12 14:02:00-05:00,148.7449951171875,148.97000122070312,148.7449951171875,148.9250030517578,4622,0.0,0.0
2024-12-12 14:03:00-05:00,149.02000427246094,149.30999755859375,149.00010681152344,149.30999755859375,13747,0.0,0.0
2024-12-12 14:04:00-05:00,149.1999969482422,149.32000732421875,149.19000244140625,149.25,16876,0.0,0.0
2024-12-12 14:05:00-05:00,149.26499938964844,149.74000549316406,149.25999450683594,149.74000549316406,12722,0.0,0.0
2024-12-12 14:06:00-05:00,149.5800018310547,149.75,149.39999389648438,149.4600067138672,25890,0.0,0.0
2024-12-12 14:07:00-05:00,149.4541015625,149.57000732421875,149.4149932861328,149.47999572753906,5548,0.0,0.0
2024-12-12 14:08:00-05:00,149.4178009033203,149.5,149.4178009033203,149.4499969482422,3451,0.0,0.0
2024-12-12 14:09:00-05:00,149.4499969482422,149.58999633789062,149.4499969482422,149.5561981201172,7425,0.0,0.0
2024-12-12 14:10:00-05:00,149.58999633789062,149.77999877929688,149.58999633789062,149.6999969482422,26706,0.0,0.0
2024-12-12 14:11:00-05:00,149.69000244140625,149.8800048828125,149.60000610351562,149.81610107421875,27236,0.0,0.0
2024-12-12 14:12:00-05:00,149.8249969482422,149.8249969482422,149.65609741210938,149.6750030517578,11382,0.0,0.0
2024-12-12 14:13:00-05:00,149.64999389648438,149.7563934326172,149.61000061035156,149.6649932861328,9361,0.0,0.0
2024-12-12 14:14:00-05:00,149.6649932861328,149.6649932861328,149.38160705566406,149.44000244140625,15470,0.0,0.0
2024-12-12 14:15:00-05:00,149.38009643554688,149.44000244140625,149.38009643554688,149.44000244140625,4624,0.0,0.0
2024-12-12 14:16:00-05:00,149.14999389648438,149.22999572753906,149.07220458984375,149.0749969482422,24928,0.0,0.0
2024-12-12 14:17:00-05:00,149.01010131835938,149.27999877929688,148.86000061035156,149.14010620117188,46965,0.0,0.0
2024-12-12 14:18:00-05:00,149.24000549316406,149.46209716796875,149.19500732421875,149.4044952392578,7646,0.0,0.0
2024-12-12 14:19:00-05:00,149.4199981689453,149.47760009765625,149.3800048828125,149.40809631347656,4819,0.0,0.0
2024-12-12 14:20:00-05:00,149.3170928955078,149.39999389648438,149.2449951171875,149.2449951171875,4546,0.0,0.0
2024-12-12 14:21:00-05:00,149.24000549316406,149.24000549316406,149.0,149.0,8800,0.0,0.0
2024-12-12 14:22:00-05:00,148.9949951171875,149.10000610351562,148.8946990966797,148.8946990966797,8487,0.0,0.0
2024-12-12 14:23:00-05:00,148.93930053710938,148.9600067138672,148.85000610351562,148.94000244140625,10621,0.0,0.0
2024-12-12 14:24:00-05:00,148.85000610351562,149.1300048828125,148.85000610351562,149.0998992919922,8010,0.0,0.0
2024-12-12 14:25:00-05:00,149.10000610351562,149.33999633789062,149.04310607910156,149.3000030517578,5728,0.0,0.0
2024-12-12 14:26:00-05:00,149.3300018310547,149.42999267578125,149.27969360351562,149.3800048828125,10798,0.0,0.0
2024-12-12 14:27:00-05:00,149.39920043945312,149.39920043945312,149.24000549316406,149.35000610351562,21601,0.0,0.0
2024-12-12 14:28:00-05:00,149.35000610351562,149.38999938964844,149.3157958984375,149.31689453125,6019,0.0,0.0
2024-12-12 14:29:00-05:00,149.30999755859375,149.30999755859375,149.11000061035156,149.1750030517578,12505,0.0,0.0
2024-12-12 14:30:00-05:00,149.24000549316406,149.3000030517578,149.10000610351562,149.2550048828125,11738,0.0,0.0
2024-12-12 14:31:00-05:00,149.2550048828125,149.3000030517578,148.89999389648438,149.02999877929688,6680,0.0,0.0
2024-12-12 14:32:00-05:00,148.99000549316406,149.1571044921875,148.99000549316406,149.03460693359375,5314,0.0,0.0
2024-12-12 14:33:00-05:00,149.00999450683594,149.32000732421875,149.00999450683594,149.32000732421875,8523,0.0,0.0
2024-12-12 14:34:00-05:00,149.30499267578125,149.5,149.30499267578125,149.44500732421875,7729,0.0,0.0
2024-12-12 14:35:00-05:00,149.4600067138672,149.52999877929688,149.33999633789062,149.33999633789062,36301,0.0,0.0
2024-12-12 14:36:00-05:00,149.38499450683594,149.4799041748047,149.25,149.36000061035156,8991,0.0,0.0
2024-12-12 14:37:00-05:00,149.375,149.4199981689453,149.35000610351562,149.4149932861328,6758,0.0,0.0
2024-12-12 14:38:00-05:00,149.4149932861328,149.4687957763672,149.25999450683594,149.3000030517578,13638,0.0,0.0
2024-12-12 14:39:00-05:00,149.22000122070312,149.28990173339844,149.19000244140625,149.1999969482422,11047,0.0,0.0
2024-12-12 14:40:00-05:00,149.17999267578125,149.17999267578125,148.97999572753906,148.99000549316406,8275,0.0,0.0
2024-12-12 14:41:00-05:00,149.0177001953125,149.08709716796875,148.93080139160156,148.97000122070312,10636,0.0,0.0
2024-12-12 14:42:00-05:00,148.89999389648438,148.89999389648438,148.51010131835938,148.51010131835938,11617,0.0,0.0
2024-12-12 14:43:00-05:00,148.6300048828125,148.71910095214844,148.57000732421875,148.64999389648438,13676,0.0,0.0
2024-12-12 14:44:00-05:00,148.6199951171875,148.65499877929688,148.5399932861328,148.61000061035156,7230,0.0,0.0
2024-12-12 14:45:00-05:00,148.5500030517578,148.7799072265625,148.52999877929688,148.7799072265625,7306,0.0,0.0
2024-12-12 14:46:00-05:00,148.69000244140625,148.6999969482422,148.5301055908203,148.69000244140625,9269,0.0,0.0
2024-12-12 14:47:00-05:00,148.67999267578125,148.7368927001953,148.6199951171875,148.7368927001953,1436,0.0,0.0
2024-12-12 14:48:00-05:00,148.67999267578125,148.9499969482422,148.67999267578125,148.89999389648438,7903,0.0,0.0
2024-12-12 14:49:00-05:00,148.89999389648438,148.9799041748047,148.80499267578125,148.8455047607422,5751,0.0,0.0
2024-12-12 14:50:00-05:00,148.90499877929688,149.0198974609375,148.90499877929688,149.0177001953125,8739,0.0,0.0
2024-12-12 14:51:00-05:00,148.9199981689453,149.00999450683594,148.9199981689453,149.0050048828125,5910,0.0,0.0
2024-12-12 14:52:00-05:00,149.0050048828125,149.0050048828125,148.88999938964844,148.94000244140625,15398,0.0,0.0
2024-12-12 14:53:00-05:00,149.00999450683594,149.19000244140625,149.00999450683594,149.19000244140625,9194,0.0,0.0
2024-12-12 14:54:00-05:00,149.1999969482422,149.24000549316406,149.18499755859375,149.24000549316406,3480,0.0,0.0
2024-12-12 14:55:00-05:00,149.1999969482422,149.3800048828125,149.1999969482422,149.3249969482422,8913,0.0,0.0
2024-12-12 14:56:00-05:00,149.39999389648438,149.39999389648438,149.12010192871094,149.125,11452,0.0,0.0
2024-12-12 14:57:00-05:00,149.1199951171875,149.13999938964844,149.11000061035156,149.1300048828125,1934,0.0,0.0
2024-12-12 14:58:00-05:00,149.17709350585938,149.17709350585938,149.09500122070312,149.09500122070312,2337,0.0,0.0
2024-12-12 14:59:00-05:00,149.125,149.1699981689453,149.10000610351562,149.10000610351562,3741,0.0,0.0
2024-12-12 15:00:00-05:00,149.14999389648438,149.17999267578125,149.05029296875,149.11500549316406,6854,0.0,0.0
2024-12-12 15:01:00-05:00,149.11000061035156,149.14999389648438,148.76010131835938,148.9199981689453,6804,0.0,0.0
2024-12-12 15:02:00-05:00,148.85499572753906,149.0,148.85499572753906,148.97500610351562,6462,0.0,0.0
2024-12-12 15:03:00-05:00,148.97500610351562,149.07000732421875,148.95199584960938,149.07000732421875,5278,0.0,0.0
2024-12-12 15:04:00-05:00,149.0500030517578,149.0749969482422,149.00999450683594,149.05499267578125,5202,0.0,0.0
2024-12-12 15:05:00-05:00,149.10000610351562,149.2100067138672,149.093505859375,149.2100067138672,4540,0.0,0.0
2024-12-12 15:06:00-05:00,149.1699981689453,149.24000549316406,149.16000366210938,149.19000244140625,4454,0.0,0.0
2024-12-12 15:07:00-05:00,149.2100067138672,149.25,149.14999389648438,149.1999969482422,7514,0.0,0.0
2024-12-12 15:08:00-05:00,149.13189697265625,149.18499755859375,148.8699951171875,148.92999267578125,8502,0.0,0.0
2024-12-12 15:09:00-05:00,148.92999267578125,148.99000549316406,148.92999267578125,148.99000549316406,3437,0.0,0.0
2024-12-12 15:10:00-05:00,148.94500732421875,148.99000549316406,148.8300018310547,148.88999938964844,4301,0.0,0.0
2024-12-12 15:11:00-05:00,148.83999633789062,148.86109924316406,148.36000061035156,148.42999267578125,14278,0.0,0.0
2024-12-12 15:12:00-05:00,148.41000366210938,148.41400146484375,148.11000061035156,148.22500610351562,17971,0.0,0.0
2024-12-12 15:13:00-05:00,148.23500061035156,148.36000061035156,148.22500610351562,148.36000061035156,5247,0.0,0.0
2024-12-12 15:14:00-05:00,148.4499969482422,148.56790161132812,148.42999267578125,148.5050048828125,7119,0.0,0.0
2024-12-12 15:15:00-05:00,148.5050048828125,148.6157989501953,148.3300018310547,148.3300018310547,6293,0.0,0.0
2024-12-12 15:16:00-05:00,148.33999633789062,148.36500549316406,148.20069885253906,148.3441925048828,7566,0.0,0.0
2024-12-12 15:17:00-05:00,148.36000061035156,148.42999267578125,148.3000030517578,148.3699951171875,5118,0.0,0.0
2024-12-12 15:18:00-05:00,148.3699951171875,148.44219970703125,148.24099731445312,148.3300018310547,6374,0.0,0.0
2024-12-12 15:19:00-05:00,148.2700958251953,148.43490600585938,148.19000244140625,148.27000427246094,5505,0.0,0.0
2024-12-12 15:20:00-05:00,148.27000427246094,148.4499969482422,148.19000244140625,148.4499969482422,6153,0.0,0.0
2024-12-12 15:21:00-05:00,148.4250030517578,148.4250030517578,148.27000427246094,148.27000427246094,5397,0.0,0.0
2024-12-12 15:22:00-05:00,148.22500610351562,148.2819061279297,148.01870727539062,148.19000244140625,12981,0.0,0.0
2024-12-12 15:23:00-05:00,148.1750030517578,148.30230712890625,148.1750030517578,148.2550048828125,3563,0.0,0.0
2024-12-12 15:24:00-05:00,148.2550048828125,148.30999755859375,148.25,148.25999450683594,3196,0.0,0.0
2024-12-12 15:25:00-05:00,148.30999755859375,148.34230041503906,148.2200927734375,148.2949981689453,11404,0.0,0.0
2024-12-12 15:26:00-05:00,148.28500366210938,148.28500366210938,148.19000244140625,148.1999969482422,8120,0.0,0.0
2024-12-12 15:27:00-05:00,148.2698974609375,148.2698974609375,148.1699981689453,148.1699981689453,4815,0.0,0.0
2024-12-12 15:28:00-05:00,148.22000122070312,148.22999572753906,148.07000732421875,148.1199951171875,8580,0.0,0.0
2024-12-12 15:29:00-05:00,148.11000061035156,148.125,148.02000427246094,148.085693359375,3866,0.0,0.0
2024-12-12 15:30:00-05:00,148.0800018310547,148.1999969482422,148.05540466308594,148.14500427246094,5744,0.0,0.0
2024-12-12 15:31:00-05:00,148.14500427246094,148.2445068359375,148.10000610351562,148.125,7801,0.0,0.0
2024-12-12 15:32:00-05:00,148.125,148.13999938964844,148.0850067138672,148.13999938964844,4524,0.0,0.0
2024-12-12 15:33:00-05:00,148.08999633789062,148.1999969482422,148.08009338378906,148.08009338378906,9250,0.0,0.0
2024-12-12 15:34:00-05:00,148.1199951171875,148.22999572753906,147.9199981689453,148.0449981689453,35469,0.0,0.0
2024-12-12 15:35:00-05:00,148.1300048828125,148.14500427246094,148.00999450683594,148.00999450683594,5260,0.0,0.0
2024-12-12 15:36:00-05:00,147.9600067138672,148.10000610351562,147.9499969482422,148.05999755859375,5575,0.0,0.0
2024-12-12 15:37:00-05:00,148.0800018310547,148.13999938964844,148.0800018310547,148.1199951171875,8836,0.0,0.0
2024-12-12 15:38:00-05:00,148.125,148.22999572753906,148.02000427246094,148.22999572753906,11924,0.0,0.0
2024-12-12 15:39:00-05:00,148.17999267578125,148.3000030517578,148.17999267578125,148.2449951171875,5878,0.0,0.0
2024-12-12 15:40:00-05:00,148.27000427246094,148.27000427246094,148.02999877929688,148.13999938964844,18334,0.0,0.0
2024-12-12 15:41:00-05:00,148.16000366210938,148.19000244140625,148.110107421875,148.14500427246094,4597,0.0,0.0
2024-12-12 15:42:00-05:00,148.16000366210938,148.25,148.14999389648438,148.25,3891,0.0,0.0
2024-12-12 15:43:00-05:00,148.25999450683594,148.3800048828125,148.25999450683594,148.3800048828125,8800,0.0,0.0
2024-12-12 15:44:00-05:00,148.49000549316406,148.57249450683594,148.39999389648438,148.47500610351562,12880,0.0,0.0
2024-12-12 15:45:00-05:00,148.44000244140625,148.47500610351562,148.34500122070312,148.3957977294922,9881,0.0,0.0
2024-12-12 15:46:00-05:00,148.39999389648438,148.44000244140625,148.29010009765625,148.44000244140625,16072,0.0,0.0
2024-12-12 15:47:00-05:00,148.4550018310547,148.64999389648438,148.44580078125,148.5500030517578,13094,0.0,0.0
2024-12-12 15:48:00-05:00,148.5399932861328,148.63999938964844,148.5399932861328,148.63999938964844,9311,0.0,0.0
2024-12-12 15:49:00-05:00,148.63999938964844,148.67999267578125,148.34500122070312,148.34500122070312,18689,0.0,0.0
2024-12-12 15:50:00-05:00,148.3699951171875,148.47999572753906,148.3699951171875,148.4499969482422,12182,0.0,0.0
2024-12-12 15:51:00-05:00,148.4499969482422,148.47000122070312,148.3699951171875,148.47000122070312,18615,0.0,0.0
2024-12-12 15:52:00-05:00,148.4600067138672,148.47000122070312,148.25,148.3300018310547,14156,0.0,0.0
2024-12-12 15:53:00-05:00,148.35000610351562,148.39999389648438,148.0,148.02999877929688,34222,0.0,0.0
2024-12-12 15:54:00-05:00,147.9499969482422,147.9949951171875,147.66799926757812,147.72000122070312,29893,0.0,0.0
2024-12-12 15:55:00-05:00,147.8000030517578,148.1199951171875,147.63999938964844,147.6999969482422,32375,0.0,0.0
2024-12-12 15:56:00-05:00,147.69000244140625,147.86000061035156,147.64999389648438,147.75010681152344,33972,0.0,0.0
2024-12-12 15:57:00-05:00,147.7899932861328,147.86000061035156,147.71969604492188,147.85000610351562,42811,0.0,0.0
2024-12-12 15:58:00-05:00,147.86000061035156,147.99000549316406,147.86000061035156,147.93499755859375,35403,0.0,0.0
2024-12-12 15:59:00-05:00,147.91000366210938,148.1300048828125,147.89999389648438,147.99000549316406,64937,0.0,0.0
2024-12-12 16:00:00-05:00,147.99,148.47,147.5,148.29,163062,0.0,0.0
2024-12-12 16:01:00-05:00,148.0,148.0,147.75,148.0,0,0.0,0.0
2024-12-12 16:02:00-05:00,148.0,148.0,147.5,147.5,0,0.0,0.0
2024-12-12 16:03:00-05:00,147.5,147.5,147.5,147.5,0,0.0,0.0
2024-12-12 16:04:00-05:00,148.0,148.0,147.61,147.61,0,0.0,0.0
2024-12-12 16:05:00-05:00,148.0,148.0,147.6,147.6,0,0.0,0.0
2024-12-12 16:06:00-05:00,147.51,147.8,147.5,147.69,0,0.0,0.0
2024-12-12 16:07:00-05:00,147.6,148.0,147.6,148.0,0,0.0,0.0
2024-12-12 16:08:00-05:00,147.51,147.7,147.51,147.7,0,0.0,0.0
2024-12-12 16:09:00-05:00,147.7,147.9184,147.7,147.7,0,0.0,0.0
2024-12-12 16:10:00-05:00,147.7,147.9046,147.51,147.9046,0,0.0,0.0
2024-12-12 16:11:00-05:00,147.7,147.7,147.7,147.7,0,0.0,0.0
2024-12-12 16:12:00-05:00,147.5,147.51,147.5,147.5,0,0.0,0.0
2024-12-12 16:13:00-05:00,147.49,147.49,147.0,147.0,0,0.0,0.0
2024-12-12 16:14:00-05:00,147.5,147.5,147.4,147.49,0,0.0,0.0
2024-12-12 16:15:00-05:00,148.0,148.5,147.51,147.51,0,0.0,0.0
2024-12-12 16:16:00-05:00,147.51,148.0,147.0,147.01,0,0.0,0.0
2024-12-12 16:17:00-05:00,148.45,148.45,147.6,148.0,0,0.0,0.0
2024-12-12 16:18:00-05:00,148.45,148.6,147.73,148.1,0,0.0,0.0
2024-12-12 16:19:00-05:00,147.99,148.2,147.99,148.2,0,0.0,0.0
2024-12-12 16:20:00-05:00,148.0,148.88,148.0,148.88,0,0.0,0.0
2024-12-12 16:21:00-05:00,148.88,148.88,148.0,148.29,0,0.0,0.0
2024-12-12 16:22:00-05:00,148.5732,148.88,148.5,148.5,0,0.0,0.0
2024-12-12 16:23:00-05:00,148.24,148.24,148.24,148.24,0,0.0,0.0
2024-12-12 16:24:00-05:00,148.5,148.88,148.5,148.88,0,0.0,0.0
2024-12-12 16:25:00-05:00,148.0,148.88,148.0,148.59,0,0.0,0.0
2024-12-12 16:26:00-05:00,148.55,148.7,148.38,148.57,0,0.0,0.0
2024-12-12 16:27:00-05:00,148.7,148.7,148.47,148.47,0,0.0,0.0
2024-12-12 16:28:00-05:00,148.38,148.48,148.38,148.48,0,0.0,0.0
2024-12-12 16:29:00-05:00,148.5,148.6,148.44,148.44,0,0.0,0.0
2024-12-12 16:30:00-05:00,148.44,148.44,148.11,148.11,0,0.0,0.0
2024-12-12 16:31:00-05:00,148.1,148.2873,148.05,148.05,0,0.0,0.0
2024-12-12 16:32:00-05:00,148.25,148.25,148.05,148.15,0,0.0,0.0
2024-12-12 16:34:00-05:00,148.1,148.25,148.0999,148.25,0,0.0,0.0
2024-12-12 16:35:00-05:00,148.02,148.27,148.02,148.27,0,0.0,0.0
2024-12-12 16:36:00-05:00,148.25,148.25,147.1,147.5,0,0.0,0.0
2024-12-12 16:37:00-05:00,147.99,148.25,147.99,148.25,0,0.0,0.0
2024-12-12 16:38:00-05:00,147.0,148.0,147.0,147.4,0,0.0,0.0
2024-12-12 16:39:00-05:00,148.0,148.0,147.4,147.95,0,0.0,0.0
2024-12-12 16:40:00-05:00,147.07,147.07,147.07,147.07,0,0.0,0.0
2024-12-12 16:41:00-05:00,147.71,147.71,147.71,147.71,0,0.0,0.0
2024-12-12 16:42:00-05:00,147.87,148.0,147.75,148.0,0,0.0,0.0
2024-12-12 16:43:00-05:00,148.0,148.0,147.75,147.75,0,0.0,0.0
2024-12-12 16:44:00-05:00,147.08,147.75,147.08,147.75,0,0.0,0.0
2024-12-12 16:45:00-05:00,148.0,148.0,147.25,147.25,0,0.0,0.0
2024-12-12 16:46:00-05:00,147.2,147.8,147.2,147.8,0,0.0,0.0
2024-12-12 16:47:00-05:00,147.37,147.45,147.37,147.45,0,0.0,0.0
2024-12-12 16:48:00-05:00,148.0,148.0,147.07,147.2,0,0.0,0.0
2024-12-12 16:49:00-05:00,147.45,147.45,147.07,147.2,0,0.0,0.0
2024-12-12 16:51:00-05:00,147.45,147.45,147.45,147.45,0,0.0,0.0
2024-12-12 16:52:00-05:00,148.0,148.0,148.0,148.0,0,0.0,0.0
2024-12-12 16:53:00-05:00,147.2,147.2,147.2,147.2,0,0.0,0.0
2024-12-12 16:54:00-05:00,147.27,147.27,147.07,147.27,0,0.0,0.0
2024-12-12 16:55:00-05:00,147.25,147.45,147.25,147.45,0,0.0,0.0
2024-12-12 16:57:00-05:00,147.07,147.07,147.07,147.07,0,0.0,0.0
2024-12-12 16:58:00-05:00,147.27,147.5,147.27,147.27,0,0.0,0.0
2024-12-12 16:59:00-05:00,147.07,147.45,147.07,147.45,0,0.0,0.0
2024-12-12 17:00:00-05:00,147.59,147.59,147.59,147.59,0,0.0,0.0
2024-12-12 17:01:00-05:00,147.22,147.5,147.15,147.5,0,0.0,0.0
2024-12-12 17:02:00-05:00,147.27,147.27,147.27,147.27,0,0.0,0.0
2024-12-12 17:03:00-05:00,141.232,141.232,141.232,141.232,0,0.0,0.0
2024-12-12 17:04:00-05:00,148.0,148.0,148.0,148.0,0,0.0,0.0
2024-12-12 17:05:00-05:00,147.5,147.5,147.5,147.5,0,0.0,0.0
2024-12-12 17:06:00-05:00,147.14,147.5,147.14,147.5,0,0.0,0.0
2024-12-12 17:07:00-05:00,147.5,147.5,147.5,147.5,0,0.0,0.0
2024-12-12 17:08:00-05:00,147.21,147.21,147.1,147.1,0,0.0,0.0
2024-12-12 17:09:00-05:00,147.49,147.49,147.23,147.39,0,0.0,0.0
2024-12-12 17:10:00-05:00,147.4,147.5,147.21,147.5,0,0.0,0.0
2024-12-12 17:11:00-05:00,147.3,147.3,147.3,147.3,0,0.0,0.0
2024-12-12 17:12:00-05:00,147.12,147.36,147.12,147.36,0,0.0,0.0
2024-12-12 17:13:00-05:00,147.12,147.47,147.12,147.21,0,0.0,0.0
2024-12-12 17:14:00-05:00,147.47,147.47,147.1463,147.41,0,0.0,0.0
2024-12-12 17:15:00-05:00,147.5,147.5,147.5,147.5,0,0.0,0.0
2024-12-12 17:16:00-05:00,147.5,147.86,147.31,147.69,0,0.0,0.0
2024-12-12 17:17:00-05:00,147.59,147.59,147.59,147.59,0,0.0,0.0
2024-12-12 17:18:00-05:00,148.0,148.0,147.66,147.66,0,0.0,0.0
2024-12-12 17:20:00-05:00,147.99,148.14,147.8,147.8,0,0.0,0.0
2024-12-12 17:21:00-05:00,148.19,148.19,147.99,148.19,0,0.0,0.0
2024-12-12 17:22:00-05:00,148.19,148.19,148.0,148.0,0,0.0,0.0
2024-12-12 17:23:00-05:00,148.0,148.4,147.83,148.0,0,0.0,0.0
2024-12-12 17:24:00-05:00,148.02,148.1899,148.0,148.04,0,0.0,0.0
2024-12-12 17:25:00-05:00,148.2,148.3,148.2,148.3,0,0.0,0.0
2024-12-12 17:26:00-05:00,148.3,148.7,148.3,148.6,0,0.0,0.0
2024-12-12 17:27:00-05:00,147.6,148.88,147.6,148.0,0,0.0,0.0
2024-12-12 17:28:00-05:00,148.6,148.7546,148.6,148.7546,0,0.0,0.0
2024-12-12 17:29:00-05:00,148.5,148.88,148.5,148.61,0,0.0,0.0
2024-12-12 17:30:00-05:00,148.6,148.88,148.6,148.88,0,0.0,0.0
2024-12-12 17:31:00-05:00,148.84,148.84,148.61,148.61,0,0.0,0.0
2024-12-12 17:32:00-05:00,148.61,148.9,148.61,148.9,0,0.0,0.0
2024-12-12 17:33:00-05:00,148.9,148.9,148.62,148.65,0,0.0,0.0
2024-12-12 17:34:00-05:00,148.8,149.0,148.5,149.0,0,0.0,0.0
2024-12-12 17:35:00-05:00,149.0,149.1,149.0,149.1,0,0.0,0.0
2024-12-12 17:36:00-05:00,149.1,149.1,149.09,149.09,0,0.0,0.0
2024-12-12 17:37:00-05:00,149.1,149.41,149.1,149.41,0,0.0,0.0
2024-12-12 17:38:00-05:00,149.24,149.25,148.85,149.25,0,0.0,0.0
2024-12-12 17:39:00-05:00,149.24,149.705,149.24,149.6,0,0.0,0.0
2024-12-12 17:40:00-05:00,149.69,149.8,149.69,149.8,0,0.0,0.0
2024-12-12 17:41:00-05:00,149.5,149.9,149.5,149.9,0,0.0,0.0
2024-12-12 17:42:00-05:00,149.8,149.89,149.38,149.38,0,0.0,0.0
2024-12-12 17:43:00-05:00,149.5,149.78,149.5,149.5,0,0.0,0.0
2024-12-12 17:44:00-05:00,149.5,149.8783,149.45,149.6,0,0.0,0.0
2024-12-12 17:45:00-05:00,149.79,149.9,149.6,149.6,0,0.0,0.0
2024-12-12 17:46:00-05:00,149.38,149.75,149.38,149.38,0,0.0,0.0
2024-12-12 17:47:00-05:00,149.4981,149.5,149.4981,149.5,0,0.0,0.0
2024-12-12 17:48:00-05:00,149.49,149.49,149.0001,149.49,0,0.0,0.0
2024-12-12 17:49:00-05:00,149.75,149.75,149.75,149.75,0,0.0,0.0
2024-12-12 17:51:00-05:00,149.87,150.5,149.8,150.5,0,0.0,0.0
2024-12-12 17:52:00-05:00,150.5,150.5,150.0,150.12,0,0.0,0.0
2024-12-12 17:53:00-05:00,150.45,150.4685,150.1,150.46,0,0.0,0.0
2024-12-12 17:54:00-05:00,150.47,151.0,150.1,151.0,0,0.0,0.0
2024-12-12 17:55:00-05:00,150.91,151.0,150.75,151.0,0,0.0,0.0
2024-12-12 17:56:00-05:00,150.97,150.97,150.75,150.85,0,0.0,0.0
2024-12-12 17:57:00-05:00,150.89,150.97,150.75,150.96,0,0.0,0.0
2024-12-12 17:58:00-05:00,150.9,151.0,150.75,150.82,0,0.0,0.0
2024-12-12 17:59:00-05:00,151.0,151.0,150.75,150.9975,0,0.0,0.0
2024-12-12 18:00:00-05:00,150.75,151.0,150.75,151.0,0,0.0,0.0
2024-12-12 18:01:00-05:00,150.9,151.5,150.5,151.5,0,0.0,0.0
2024-12-12 18:02:00-05:00,151.1,151.31,151.1,151.21,0,0.0,0.0
2024-12-12 18:03:00-05:00,151.33,151.7,151.3299,151.62,0,0.0,0.0
2024-12-12 18:04:00-05:00,151.68,151.75,151.58,151.7293,0,0.0,0.0
2024-12-12 18:05:00-05:00,151.6959,151.7,151.21,151.55,0,0.0,0.0
2024-12-12 18:06:00-05:00,151.33,151.697,150.99,150.99,0,0.0,0.0
2024-12-12 18:07:00-05:00,150.99,151.1,150.5,151.1,0,0.0,0.0
2024-12-12 18:08:00-05:00,151.0,151.0,151.0,151.0,0,0.0,0.0
2024-12-12 18:09:00-05:00,150.57,151.0,150.57,150.75,0,0.0,0.0
2024-12-12 18:10:00-05:00,150.75,150.95,150.75,150.75,0,0.0,0.0
2024-12-12 18:11:00-05:00,150.75,151.0,150.75,150.7501,0,0.0,0.0
2024-12-12 18:12:00-05:00,150.76,150.76,150.76,150.76,0,0.0,0.0
2024-12-12 18:13:00-05:00,151.0,151.25,150.75,150.8,0,0.0,0.0
2024-12-12 18:14:00-05:00,151.0,151.25,150.79,151.25,0,0.0,0.0
2024-12-12 18:15:00-05:00,151.25,151.385,150.83,150.83,0,0.0,0.0
2024-12-12 18:16:00-05:00,151.0,151.41,150.75,150.75,0,0.0,0.0
2024-12-12 18:17:00-05:00,151.445,151.445,151.0,151.0,0,0.0,0.0
2024-12-12 18:18:00-05:00,151.5,151.5,151.0,151.0,0,0.0,0.0
2024-12-12 18:19:00-05:00,150.75,150.8,150.75,150.8,0,0.0,0.0
2024-12-12 18:20:00-05:00,151.5,151.5,150.88,151.25,0,0.0,0.0
2024-12-12 18:21:00-05:00,151.5,151.5,151.0,151.0,0,0.0,0.0
2024-12-12 18:22:00-05:00,151.0,151.0,151.0,151.0,0,0.0,0.0
2024-12-12 18:23:00-05:00,150.8,151.25,150.8,151.25,0,0.0,0.0
2024-12-12 18:24:00-05:00,150.94,151.0,150.94,151.0,0,0.0,0.0
2024-12-12 18:25:00-05:00,151.0975,151.0999,151.0,151.0999,0,0.0,0.0
2024-12-12 18:26:00-05:00,151.1,151.1,151.1,151.1,0,0.0,0.0
2024-12-12 18:27:00-05:00,151.1,151.1,151.1,151.1,0,0.0,0.0
2024-12-12 18:28:00-05:00,151.19,151.4,151.0,151.34,0,0.0,0.0
2024-12-12 18:29:00-05:00,151.07,151.1,151.07,151.1,0,0.0,0.0
2024-12-12 18:30:00-05:00,151.0,151.19,151.0,151.0,0,0.0,0.0
2024-12-12 18:31:00-05:00,151.3,151.3,151.0,151.0,0,0.0,0.0
2024-12-12 18:32:00-05:00,151.0,151.0,150.6,150.7999,0,0.0,0.0
2024-12-12 18:33:00-05:00,150.66,150.66,150.65,150.66,0,0.0,0.0
2024-12-12 18:34:00-05:00,150.6599,150.85,150.45,150.45,0,0.0,0.0
2024-12-12 18:35:00-05:00,150.45,150.88,150.44,150.88,0,0.0,0.0
2024-12-12 18:36:00-05:00,150.86,151.24,150.2,150.2,0,0.0,0.0
2024-12-12 18:37:00-05:00,151.4,151.4,151.0,151.1,0,0.0,0.0
2024-12-12 18:38:00-05:00,151.16,151.16,150.61,150.61,0,0.0,0.0
2024-12-12 18:39:00-05:00,151.19,151.19,150.2,150.2,0,0.0,0.0
2024-12-12 18:40:00-05:00,150.2,150.2,150.2,150.2,0,0.0,0.0
2024-12-12 18:41:00-05:00,151.0,151.0,150.6,150.7,0,0.0,0.0
2024-12-12 18:42:00-05:00,150.7,150.89,150.7,150.89,0,0.0,0.0
2024-12-12 18:43:00-05:00,150.65,150.65,150.65,150.65,0,0.0,0.0
2024-12-12 18:44:00-05:00,150.88,150.88,150.26,150.26,0,0.0,0.0
2024-12-12 18:46:00-05:00,150.6999,150.6999,150.69,150.69,0,0.0,0.0
2024-12-12 18:47:00-05:00,150.6999,150.6999,150.53,150.53,0,0.0,0.0
2024-12-12 18:48:00-05:00,150.7,150.84,150.7,150.84,0,0.0,0.0
2024-12-12 18:49:00-05:00,150.82,151.0,150.82,151.0,0,0.0,0.0
2024-12-12 18:50:00-05:00,151.0,151.0,150.8,150.8,0,0.0,0.0
2024-12-12 18:51:00-05:00,151.0,151.0,150.7001,150.73,0,0.0,0.0
2024-12-12 18:52:00-05:00,150.9999,150.9999,150.7,150.7,0,0.0,0.0
2024-12-12 18:53:00-05:00,151.0,151.0,150.7001,150.8,0,0.0,0.0
2024-12-12 18:54:00-05:00,150.99,150.99,150.7,150.7,0,0.0,0.0
2024-12-12 18:55:00-05:00,150.99,150.99,150.73,150.97,0,0.0,0.0
2024-12-12 18:56:00-05:00,150.97,150.99,150.97,150.99,0,0.0,0.0
2024-12-12 18:57:00-05:00,150.9899,150.9899,150.9899,150.9899,0,0.0,0.0
2024-12-12 18:58:00-05:00,150.9,150.9,150.9,150.9,0,0.0,0.0
2024-12-12 19:00:00-05:00,150.75,150.99,150.75,150.99,0,0.0,0.0
2024-12-12 19:01:00-05:00,150.7,150.99,150.7,150.73,0,0.0,0.0
2024-12-12 19:02:00-05:00,150.75,150.8,150.7,150.8,0,0.0,0.0
2024-12-12 19:03:00-05:00,150.83,150.83,150.83,150.83,0,0.0,0.0
2024-12-12 19:04:00-05:00,150.81,150.86,150.8,150.86,0,0.0,0.0
2024-12-12 19:05:00-05:00,150.7001,150.7001,150.7001,150.7001,0,0.0,0.0
2024-12-12 19:06:00-05:00,150.82,150.82,150.82,150.82,0,0.0,0.0
2024-12-12 19:07:00-05:00,150.83,150.99,150.83,150.9602,0,0.0,0.0
2024-12-12 19:08:00-05:00,150.8,150.8,150.8,150.8,0,0.0,0.0
2024-12-12 19:09:00-05:00,150.7,150.989,150.7,150.91,0,0.0,0.0
2024-12-12 19:10:00-05:00,151.0,151.13,151.0,151.12,0,0.0,0.0
2024-12-12 19:11:00-05:00,151.25,151.47,151.25,151.47,0,0.0,0.0
2024-12-12 19:12:00-05:00,151.01,151.1,151.01,151.1,0,0.0,0.0
2024-12-12 19:13:00-05:00,151.25,151.26,151.25,151.26,0,0.0,0.0
2024-12-12 19:14:00-05:00,151.26,151.4496,151.25,151.4496,0,0.0,0.0
2024-12-12 19:16:00-05:00,151.4,151.4,151.4,151.4,0,0.0,0.0
2024-12-12 19:17:00-05:00,151.45,151.45,151.34,151.39,0,0.0,0.0
2024-12-12 19:18:00-05:00,151.35,151.4,151.35,151.39,0,0.0,0.0
2024-12-12 19:19:00-05:00,151.35,151.39,151.29,151.29,0,0.0,0.0
2024-12-12 19:20:00-05:00,151.4,151.4,151.4,151.4,0,0.0,0.0
2024-12-12 19:21:00-05:00,151.4,151.4,151.4,151.4,0,0.0,0.0
2024-12-12 19:23:00-05:00,151.4,151.4,151.39,151.39,0,0.0,0.0
2024-12-12 19:24:00-05:00,151.39,151.4,151.19,151.19,0,0.0,0.0
2024-12-12 19:25:00-05:00,151.48,151.5114,151.48,151.5114,0,0.0,0.0
2024-12-12 19:26:20-05:00,151.54,151.54,151.54,151.54,0,0.0,0.0
