time,Open,High,Low,Close,Volume,Dividends,Stock Splits
2024-12-03 04:00:00-05:00,140.7,140.7,140.7,140.7,0,0.0,0.0
2024-12-03 04:01:00-05:00,140.76,141.0,140.67,140.96,0,0.0,0.0
2024-12-03 04:03:00-05:00,141.0,141.0,141.0,141.0,0,0.0,0.0
2024-12-03 04:04:00-05:00,140.84,140.85,140.84,140.85,0,0.0,0.0
2024-12-03 04:05:00-05:00,140.94,140.94,140.94,140.94,0,0.0,0.0
2024-12-03 04:07:00-05:00,141.09,141.1,141.09,141.1,0,0.0,0.0
2024-12-03 04:08:00-05:00,141.15,141.15,141.09,141.09,0,0.0,0.0
2024-12-03 04:09:00-05:00,141.19,141.19,141.19,141.19,0,0.0,0.0
2024-12-03 04:10:00-05:00,141.19,141.3,141.19,141.3,0,0.0,0.0
2024-12-03 04:11:00-05:00,141.29,141.29,141.29,141.29,0,0.0,0.0
2024-12-03 04:12:00-05:00,141.21,141.21,141.06,141.06,0,0.0,0.0
2024-12-03 04:13:00-05:00,141.28,141.29,141.28,141.28,0,0.0,0.0
2024-12-03 04:16:00-05:00,141.15,141.15,141.15,141.15,0,0.0,0.0
2024-12-03 04:19:00-05:00,141.13,141.13,141.13,141.13,0,0.0,0.0
2024-12-03 04:31:00-05:00,141.09,141.09,141.09,141.09,0,0.0,0.0
2024-12-03 04:32:00-05:00,141.06,141.06,141.01,141.01,0,0.0,0.0
2024-12-03 04:38:00-05:00,141.11,141.11,141.11,141.11,0,0.0,0.0
2024-12-03 04:47:00-05:00,141.11,141.11,141.11,141.11,0,0.0,0.0
2024-12-03 04:51:00-05:00,141.11,141.11,141.11,141.11,0,0.0,0.0
2024-12-03 05:04:00-05:00,140.99,140.99,140.99,140.99,0,0.0,0.0
2024-12-03 05:12:00-05:00,141.11,141.13,141.11,141.13,0,0.0,0.0
2024-12-03 05:15:00-05:00,141.27,141.27,141.27,141.27,0,0.0,0.0
2024-12-03 05:33:00-05:00,141.23,141.23,141.23,141.23,0,0.0,0.0
2024-12-03 05:38:00-05:00,140.92,140.92,140.92,140.92,0,0.0,0.0
2024-12-03 05:39:00-05:00,140.95,140.95,140.91,140.91,0,0.0,0.0
2024-12-03 05:41:00-05:00,140.93,140.93,140.91,140.91,0,0.0,0.0
2024-12-03 05:48:00-05:00,141.05,141.05,141.05,141.05,0,0.0,0.0
2024-12-03 05:49:00-05:00,141.07,141.07,141.07,141.07,0,0.0,0.0
2024-12-03 05:52:00-05:00,141.05,141.06,140.91,140.91,0,0.0,0.0
2024-12-03 05:54:00-05:00,140.94,140.94,140.94,140.94,0,0.0,0.0
2024-12-03 05:55:00-05:00,140.91,140.91,140.91,140.91,0,0.0,0.0
2024-12-03 05:57:00-05:00,140.91,140.91,140.91,140.91,0,0.0,0.0
2024-12-03 05:58:00-05:00,140.91,140.91,140.91,140.91,0,0.0,0.0
2024-12-03 06:00:00-05:00,140.91,140.91,140.91,140.91,0,0.0,0.0
2024-12-03 06:02:00-05:00,140.91,140.91,140.91,140.91,0,0.0,0.0
2024-12-03 06:03:00-05:00,140.91,140.91,140.91,140.91,0,0.0,0.0
2024-12-03 06:04:00-05:00,140.8,140.8,140.8,140.8,0,0.0,0.0
2024-12-03 06:12:00-05:00,140.89,140.89,140.89,140.89,0,0.0,0.0
2024-12-03 06:24:00-05:00,140.89,140.89,140.89,140.89,0,0.0,0.0
2024-12-03 06:43:00-05:00,140.97,140.99,140.97,140.99,0,0.0,0.0
2024-12-03 06:44:00-05:00,140.99,140.99,140.85,140.85,0,0.0,0.0
2024-12-03 06:47:00-05:00,140.86,140.86,140.85,140.85,0,0.0,0.0
2024-12-03 06:48:00-05:00,140.91,140.91,140.91,140.91,0,0.0,0.0
2024-12-03 07:00:00-05:00,140.94,140.94,140.85,140.85,0,0.0,0.0
2024-12-03 07:03:00-05:00,140.85,140.85,140.85,140.85,0,0.0,0.0
2024-12-03 07:04:00-05:00,140.85,140.85,140.85,140.85,0,0.0,0.0
2024-12-03 07:05:00-05:00,140.97,141.0,140.97,141.0,0,0.0,0.0
2024-12-03 07:08:00-05:00,141.0,141.0,141.0,141.0,0,0.0,0.0
2024-12-03 07:14:00-05:00,141.0,141.0,141.0,141.0,0,0.0,0.0
2024-12-03 07:15:00-05:00,140.83,140.83,140.83,140.83,0,0.0,0.0
2024-12-03 07:17:00-05:00,140.89,140.89,140.89,140.89,0,0.0,0.0
2024-12-03 07:22:00-05:00,140.93,140.93,140.93,140.93,0,0.0,0.0
2024-12-03 07:33:00-05:00,140.98,140.98,140.98,140.98,0,0.0,0.0
2024-12-03 07:37:00-05:00,141.0,141.0,141.0,141.0,0,0.0,0.0
2024-12-03 07:39:00-05:00,140.99,140.99,140.99,140.99,0,0.0,0.0
2024-12-03 07:40:00-05:00,141.0,141.0,140.99,141.0,0,0.0,0.0
2024-12-03 07:41:00-05:00,141.0,141.0,141.0,141.0,0,0.0,0.0
2024-12-03 07:42:00-05:00,141.02,141.02,141.02,141.02,0,0.0,0.0
2024-12-03 07:45:00-05:00,141.0,141.0,141.0,141.0,0,0.0,0.0
2024-12-03 07:46:00-05:00,140.9,140.9,140.7,140.7,0,0.0,0.0
2024-12-03 07:47:00-05:00,140.85,140.93,140.85,140.93,0,0.0,0.0
2024-12-03 07:58:00-05:00,140.77,140.77,140.77,140.77,0,0.0,0.0
2024-12-03 08:00:00-05:00,140.9,141.2501,140.5,140.9299,0,0.0,0.0
2024-12-03 08:01:00-05:00,140.9,140.9,140.9,140.9,0,0.0,0.0
2024-12-03 08:03:00-05:00,140.89,140.89,140.89,140.89,0,0.0,0.0
2024-12-03 08:06:00-05:00,140.8,140.8,140.7511,140.7511,0,0.0,0.0
2024-12-03 08:07:00-05:00,140.8,140.8,140.8,140.8,0,0.0,0.0
2024-12-03 08:08:00-05:00,140.8,140.8,140.8,140.8,0,0.0,0.0
2024-12-03 08:09:00-05:00,140.89,140.89,140.89,140.89,0,0.0,0.0
2024-12-03 08:10:00-05:00,140.87,140.87,140.8,140.8,0,0.0,0.0
2024-12-03 08:11:00-05:00,140.76,140.76,140.75,140.75,0,0.0,0.0
2024-12-03 08:12:00-05:00,140.7,140.89,140.5,140.5,0,0.0,0.0
2024-12-03 08:13:00-05:00,140.54,140.54,140.54,140.54,0,0.0,0.0
2024-12-03 08:14:00-05:00,140.54,140.54,140.54,140.54,0,0.0,0.0
2024-12-03 08:15:00-05:00,140.56,140.56,140.56,140.56,0,0.0,0.0
2024-12-03 08:17:00-05:00,140.56,140.57,140.56,140.57,0,0.0,0.0
2024-12-03 08:18:00-05:00,140.59,140.59,140.59,140.59,0,0.0,0.0
2024-12-03 08:19:00-05:00,140.5,140.5112,140.5,140.5112,0,0.0,0.0
2024-12-03 08:20:00-05:00,140.5,140.5,140.49,140.49,0,0.0,0.0
2024-12-03 08:21:00-05:00,140.49,140.9,140.49,140.9,0,0.0,0.0
2024-12-03 08:23:00-05:00,140.5,140.5,140.5,140.5,0,0.0,0.0
2024-12-03 08:25:00-05:00,140.5,140.5,140.5,140.5,0,0.0,0.0
2024-12-03 08:26:00-05:00,140.51,140.51,140.51,140.51,0,0.0,0.0
2024-12-03 08:27:00-05:00,140.49,140.5,140.49,140.5,0,0.0,0.0
2024-12-03 08:30:00-05:00,140.47,140.5,140.47,140.5,0,0.0,0.0
2024-12-03 08:31:00-05:00,140.35,140.35,140.35,140.35,0,0.0,0.0
2024-12-03 08:32:00-05:00,140.35,140.51,140.35,140.51,0,0.0,0.0
2024-12-03 08:33:00-05:00,140.52,140.52,140.52,140.52,0,0.0,0.0
2024-12-03 08:35:00-05:00,140.35,140.5,140.35,140.5,0,0.0,0.0
2024-12-03 08:36:00-05:00,140.34,140.45,140.34,140.34,0,0.0,0.0
2024-12-03 08:38:00-05:00,140.354,140.354,140.354,140.354,0,0.0,0.0
2024-12-03 08:40:00-05:00,140.63,140.63,140.63,140.63,0,0.0,0.0
2024-12-03 08:41:00-05:00,140.45,140.47,140.45,140.47,0,0.0,0.0
2024-12-03 08:43:00-05:00,140.45,140.45,140.45,140.45,0,0.0,0.0
2024-12-03 08:44:00-05:00,140.35,140.35,140.35,140.35,0,0.0,0.0
2024-12-03 08:45:00-05:00,140.86,140.86,140.86,140.86,0,0.0,0.0
2024-12-03 08:46:00-05:00,140.46,140.5,140.46,140.5,0,0.0,0.0
2024-12-03 08:47:00-05:00,140.5,140.5,140.5,140.5,0,0.0,0.0
2024-12-03 08:48:00-05:00,140.77,140.77,140.77,140.77,0,0.0,0.0
2024-12-03 08:49:00-05:00,140.75,140.92,140.51,140.51,0,0.0,0.0
2024-12-03 08:50:00-05:00,140.53,140.53,140.53,140.53,0,0.0,0.0
2024-12-03 08:51:00-05:00,140.63,140.89,140.63,140.89,0,0.0,0.0
2024-12-03 08:53:00-05:00,140.64,140.64,140.64,140.64,0,0.0,0.0
2024-12-03 08:54:00-05:00,140.41,140.41,140.2877,140.2877,0,0.0,0.0
2024-12-03 08:55:00-05:00,140.3,140.3,140.2,140.3,0,0.0,0.0
2024-12-03 08:56:00-05:00,140.3,140.4,140.3,140.4,0,0.0,0.0
2024-12-03 08:57:00-05:00,140.3,140.3,140.2,140.2,0,0.0,0.0
2024-12-03 08:58:00-05:00,140.19,140.19,140.0103,140.0103,0,0.0,0.0
2024-12-03 08:59:00-05:00,140.0944,140.26,140.0944,140.11,0,0.0,0.0
2024-12-03 09:00:00-05:00,140.29,140.29,140.17,140.17,0,0.0,0.0
2024-12-03 09:01:00-05:00,140.26,140.34,140.02,140.29,0,0.0,0.0
2024-12-03 09:02:00-05:00,140.32,140.32,140.32,140.32,0,0.0,0.0
2024-12-03 09:04:00-05:00,140.1,140.5,140.0,140.0,0,0.0,0.0
2024-12-03 09:05:00-05:00,139.99,140.01,139.68,139.7,0,0.0,0.0
2024-12-03 09:06:00-05:00,139.65,139.98,139.65,139.98,0,0.0,0.0
2024-12-03 09:07:00-05:00,139.69,139.99,139.5,139.5,0,0.0,0.0
2024-12-03 09:08:00-05:00,139.5001,139.71,139.5,139.71,0,0.0,0.0
2024-12-03 09:09:00-05:00,139.5,139.6,139.5,139.5,0,0.0,0.0
2024-12-03 09:10:00-05:00,139.5,139.56,139.5,139.56,0,0.0,0.0
2024-12-03 09:11:00-05:00,139.5,139.99,139.5,139.93,0,0.0,0.0
2024-12-03 09:12:00-05:00,139.63,139.99,139.6,139.63,0,0.0,0.0
2024-12-03 09:13:00-05:00,139.63,140.0,139.5,139.88,0,0.0,0.0
2024-12-03 09:14:00-05:00,139.63,139.75,139.5,139.5,0,0.0,0.0
2024-12-03 09:15:00-05:00,139.5,139.5,139.12,139.19,0,0.0,0.0
2024-12-03 09:16:00-05:00,139.3,139.3,139.0,139.0,0,0.0,0.0
2024-12-03 09:17:00-05:00,139.3,139.3,139.0,139.0,0,0.0,0.0
2024-12-03 09:18:00-05:00,139.14,139.16,139.14,139.16,0,0.0,0.0
2024-12-03 09:19:00-05:00,139.29,139.37,139.2,139.2,0,0.0,0.0
2024-12-03 09:20:00-05:00,139.1993,139.24,139.1993,139.24,0,0.0,0.0
2024-12-03 09:21:00-05:00,139.63,139.63,139.0,139.32,0,0.0,0.0
2024-12-03 09:22:00-05:00,139.48,139.48,139.3,139.3,0,0.0,0.0
2024-12-03 09:23:00-05:00,139.44,139.63,139.1,139.1,0,0.0,0.0
2024-12-03 09:24:00-05:00,139.37,139.43,139.064,139.1,0,0.0,0.0
2024-12-03 09:25:00-05:00,139.1,139.1,139.0,139.0,0,0.0,0.0
2024-12-03 09:27:00-05:00,139.2,139.62,139.2,139.62,0,0.0,0.0
2024-12-03 09:28:00-05:00,139.59,139.59,139.35,139.49,0,0.0,0.0
2024-12-03 09:29:00-05:00,139.62,139.62,139.62,139.62,0,0.0,0.0
2024-12-03 09:30:00-05:00,139.5,140.85000610351562,139.44000244140625,140.4199981689453,166869,0.0,0.0
2024-12-03 09:31:00-05:00,140.5399932861328,140.5399932861328,140.0,140.0,12249,0.0,0.0
2024-12-03 09:32:00-05:00,140.1199951171875,140.39999389648438,139.82119750976562,140.28500366210938,8076,0.0,0.0
2024-12-03 09:33:00-05:00,140.10000610351562,140.5998992919922,140.10000610351562,140.4199981689453,5941,0.0,0.0
2024-12-03 09:34:00-05:00,140.38999938964844,141.1199951171875,140.3000030517578,141.11000061035156,21448,0.0,0.0
2024-12-03 09:35:00-05:00,141.23989868164062,141.6699981689453,141.0,141.3699951171875,34848,0.0,0.0
2024-12-03 09:36:00-05:00,141.42739868164062,141.44000244140625,141.0,141.24000549316406,24709,0.0,0.0
2024-12-03 09:37:00-05:00,141.13999938964844,141.15499877929688,141.0,141.15499877929688,8836,0.0,0.0
2024-12-03 09:38:00-05:00,141.22000122070312,141.46969604492188,141.02999877929688,141.3350067138672,13245,0.0,0.0
2024-12-03 09:39:00-05:00,141.38999938964844,142.07000732421875,141.38999938964844,141.9550018310547,47450,0.0,0.0
2024-12-03 09:40:00-05:00,142.02999877929688,142.29989624023438,141.75,141.75,40462,0.0,0.0
2024-12-03 09:41:00-05:00,141.84829711914062,142.16990661621094,141.7801055908203,141.97999572753906,17019,0.0,0.0
2024-12-03 09:42:00-05:00,142.0,142.10000610351562,141.69000244140625,141.81500244140625,16817,0.0,0.0
2024-12-03 09:43:00-05:00,141.6699981689453,141.94000244140625,141.6112060546875,141.8000030517578,14776,0.0,0.0
2024-12-03 09:44:00-05:00,141.7899932861328,141.7899932861328,141.25010681152344,141.4499969482422,12296,0.0,0.0
2024-12-03 09:45:00-05:00,141.50999450683594,141.7303009033203,141.4499969482422,141.57159423828125,5696,0.0,0.0
2024-12-03 09:46:00-05:00,141.47999572753906,141.47999572753906,141.0800018310547,141.16000366210938,9582,0.0,0.0
2024-12-03 09:47:00-05:00,141.1199951171875,141.2899932861328,140.8000030517578,141.26829528808594,13114,0.0,0.0
2024-12-03 09:48:00-05:00,141.1649932861328,141.74099731445312,141.1649932861328,141.58099365234375,7998,0.0,0.0
2024-12-03 09:49:00-05:00,141.5399932861328,141.64329528808594,141.4499969482422,141.5749969482422,18188,0.0,0.0
2024-12-03 09:50:00-05:00,141.6678009033203,141.6678009033203,141.41000366210938,141.59500122070312,6059,0.0,0.0
2024-12-03 09:51:00-05:00,141.59500122070312,141.59500122070312,141.2100067138672,141.39199829101562,10853,0.0,0.0
2024-12-03 09:52:00-05:00,141.39999389648438,141.6999969482422,141.39999389648438,141.44500732421875,12187,0.0,0.0
2024-12-03 09:53:00-05:00,141.5850067138672,141.64999389648438,141.47999572753906,141.64999389648438,5306,0.0,0.0
2024-12-03 09:54:00-05:00,141.6199951171875,141.75999450683594,141.52999877929688,141.74000549316406,7418,0.0,0.0
2024-12-03 09:55:00-05:00,141.74180603027344,142.16000366210938,141.72000122070312,142.0,28891,0.0,0.0
2024-12-03 09:56:00-05:00,141.9949951171875,142.0800018310547,141.8300018310547,141.94000244140625,8477,0.0,0.0
2024-12-03 09:57:00-05:00,141.8800048828125,141.95489501953125,141.35000610351562,141.35000610351562,12428,0.0,0.0
2024-12-03 09:58:00-05:00,141.49000549316406,141.49000549316406,141.27000427246094,141.4149932861328,6431,0.0,0.0
2024-12-03 09:59:00-05:00,141.3699951171875,141.44000244140625,141.3699951171875,141.39500427246094,10340,0.0,0.0
2024-12-03 10:00:00-05:00,141.35000610351562,141.42999267578125,141.0,141.25999450683594,25321,0.0,0.0
2024-12-03 10:01:00-05:00,141.3000030517578,141.3699951171875,141.20779418945312,141.3699951171875,3985,0.0,0.0
2024-12-03 10:02:00-05:00,141.3699951171875,141.3699951171875,141.16250610351562,141.24000549316406,3564,0.0,0.0
2024-12-03 10:03:00-05:00,141.1199951171875,141.1649932861328,140.7899932861328,140.7899932861328,14713,0.0,0.0
2024-12-03 10:04:00-05:00,140.90989685058594,141.2698974609375,140.55999755859375,141.24000549316406,21423,0.0,0.0
2024-12-03 10:05:00-05:00,141.1999969482422,141.3480987548828,141.1699981689453,141.22000122070312,15776,0.0,0.0
2024-12-03 10:06:00-05:00,141.3000030517578,141.36000061035156,141.14849853515625,141.22999572753906,8248,0.0,0.0
2024-12-03 10:07:00-05:00,141.22500610351562,141.22500610351562,140.8800048828125,141.17999267578125,8696,0.0,0.0
2024-12-03 10:08:00-05:00,140.94000244140625,141.014404296875,140.8699951171875,140.92999267578125,10201,0.0,0.0
2024-12-03 10:09:00-05:00,140.85499572753906,140.99000549316406,140.61599731445312,140.77999877929688,20663,0.0,0.0
2024-12-03 10:10:00-05:00,140.8249969482422,140.85000610351562,140.72000122070312,140.8350067138672,10716,0.0,0.0
2024-12-03 10:11:00-05:00,140.88999938964844,141.3699951171875,140.7946014404297,141.3699951171875,12397,0.0,0.0
2024-12-03 10:12:00-05:00,141.27999877929688,141.35989379882812,141.1999969482422,141.35989379882812,3474,0.0,0.0
2024-12-03 10:13:00-05:00,141.22000122070312,141.22000122070312,141.0,141.0800018310547,5474,0.0,0.0
2024-12-03 10:14:00-05:00,141.2722930908203,141.2772979736328,141.1199951171875,141.2772979736328,2811,0.0,0.0
2024-12-03 10:15:00-05:00,141.1199951171875,141.2100067138672,141.0,141.2100067138672,11385,0.0,0.0
2024-12-03 10:16:00-05:00,141.21499633789062,141.2550048828125,141.11500549316406,141.18389892578125,3220,0.0,0.0
2024-12-03 10:17:00-05:00,141.11309814453125,141.32000732421875,141.07220458984375,141.3123016357422,6855,0.0,0.0
2024-12-03 10:18:00-05:00,141.3300018310547,141.35000610351562,141.24000549316406,141.3000030517578,5510,0.0,0.0
2024-12-03 10:19:00-05:00,141.22000122070312,141.22000122070312,141.0,141.14999389648438,5387,0.0,0.0
2024-12-03 10:20:00-05:00,141.05999755859375,141.14999389648438,140.89999389648438,141.0399932861328,7284,0.0,0.0
2024-12-03 10:21:00-05:00,141.218994140625,141.27999877929688,141.17999267578125,141.2050018310547,3318,0.0,0.0
2024-12-03 10:22:00-05:00,141.27999877929688,141.35000610351562,141.1999969482422,141.1999969482422,5393,0.0,0.0
2024-12-03 10:23:00-05:00,141.30999755859375,141.39999389648438,141.2949981689453,141.3249969482422,4329,0.0,0.0
2024-12-03 10:24:00-05:00,141.25,141.39999389648438,141.24000549316406,141.27999877929688,3176,0.0,0.0
2024-12-03 10:25:00-05:00,141.25,141.36839294433594,141.25,141.30499267578125,13761,0.0,0.0
2024-12-03 10:26:00-05:00,141.36000061035156,141.39999389648438,141.1699981689453,141.1699981689453,11096,0.0,0.0
2024-12-03 10:27:00-05:00,141.07009887695312,141.19000244140625,141.0601043701172,141.13999938964844,3689,0.0,0.0
2024-12-03 10:28:00-05:00,141.1999969482422,141.1999969482422,141.05999755859375,141.1999969482422,3340,0.0,0.0
2024-12-03 10:29:00-05:00,141.0601043701172,141.25,141.0601043701172,141.1300048828125,3014,0.0,0.0
2024-12-03 10:30:00-05:00,141.09500122070312,141.11000061035156,141.00180053710938,141.05239868164062,3617,0.0,0.0
2024-12-03 10:31:00-05:00,141.17529296875,141.24000549316406,141.14500427246094,141.24000549316406,4021,0.0,0.0
2024-12-03 10:32:00-05:00,141.28680419921875,141.3249969482422,141.1490936279297,141.22000122070312,6296,0.0,0.0
2024-12-03 10:33:00-05:00,141.31080627441406,141.35000610351562,141.22000122070312,141.30999755859375,7809,0.0,0.0
2024-12-03 10:34:00-05:00,141.41000366210938,141.41000366210938,141.27000427246094,141.3300018310547,3404,0.0,0.0
2024-12-03 10:35:00-05:00,141.41000366210938,141.47999572753906,141.36500549316406,141.47999572753906,8388,0.0,0.0
2024-12-03 10:36:00-05:00,141.4499969482422,141.60000610351562,141.2899932861328,141.2899932861328,13036,0.0,0.0
2024-12-03 10:37:00-05:00,141.22999572753906,141.24000549316406,140.97000122070312,141.2042999267578,8885,0.0,0.0
2024-12-03 10:38:00-05:00,141.16000366210938,141.22340393066406,141.10060119628906,141.22340393066406,1598,0.0,0.0
2024-12-03 10:39:00-05:00,141.13999938964844,141.15499877929688,141.02000427246094,141.0500030517578,2940,0.0,0.0
2024-12-03 10:40:00-05:00,141.11500549316406,141.13999938964844,140.8800048828125,140.89999389648438,13085,0.0,0.0
2024-12-03 10:41:00-05:00,140.98500061035156,141.0800018310547,140.89999389648438,140.89999389648438,15979,0.0,0.0
2024-12-03 10:42:00-05:00,140.94000244140625,140.94439697265625,140.82000732421875,140.82000732421875,8742,0.0,0.0
2024-12-03 10:43:00-05:00,140.8278045654297,140.91900634765625,140.8278045654297,140.91900634765625,9503,0.0,0.0
2024-12-03 10:44:00-05:00,140.9600067138672,141.10000610351562,140.9600067138672,141.0,5012,0.0,0.0
2024-12-03 10:45:00-05:00,140.97500610351562,141.1295928955078,140.85000610351562,140.910400390625,9356,0.0,0.0
2024-12-03 10:46:00-05:00,140.9550018310547,141.00999450683594,140.85000610351562,140.94639587402344,9288,0.0,0.0
2024-12-03 10:47:00-05:00,140.9261932373047,140.9261932373047,140.75999450683594,140.7949981689453,18517,0.0,0.0
2024-12-03 10:48:00-05:00,140.75999450683594,140.91000366210938,140.72999572753906,140.89999389648438,8816,0.0,0.0
2024-12-03 10:49:00-05:00,140.9149932861328,140.93499755859375,140.84500122070312,140.860107421875,8897,0.0,0.0
2024-12-03 10:50:00-05:00,140.92999267578125,141.07000732421875,140.89999389648438,141.0449981689453,12365,0.0,0.0
2024-12-03 10:51:00-05:00,141.0449981689453,141.0449981689453,140.83999633789062,140.83999633789062,13883,0.0,0.0
2024-12-03 10:52:00-05:00,140.75,140.8300018310547,140.50999450683594,140.6199951171875,13667,0.0,0.0
2024-12-03 10:53:00-05:00,140.6199951171875,140.72000122070312,140.60000610351562,140.6699981689453,22510,0.0,0.0
2024-12-03 10:54:00-05:00,140.6750030517578,140.77999877929688,140.6750030517578,140.77830505371094,6100,0.0,0.0
2024-12-03 10:55:00-05:00,140.8699951171875,140.8699951171875,140.72000122070312,140.72000122070312,15076,0.0,0.0
2024-12-03 10:56:00-05:00,140.69020080566406,140.86000061035156,140.60409545898438,140.86000061035156,9979,0.0,0.0
2024-12-03 10:57:00-05:00,140.8800048828125,141.0,140.82000732421875,140.93499755859375,4582,0.0,0.0
2024-12-03 10:58:00-05:00,140.96629333496094,141.1300048828125,140.8699951171875,141.1199951171875,6045,0.0,0.0
2024-12-03 10:59:00-05:00,141.1300048828125,141.2100067138672,141.06019592285156,141.2050018310547,11787,0.0,0.0
2024-12-03 11:00:00-05:00,141.19500732421875,141.25999450683594,141.08999633789062,141.1699981689453,4062,0.0,0.0
2024-12-03 11:01:00-05:00,141.1649932861328,141.3300018310547,141.10000610351562,141.3300018310547,5586,0.0,0.0
2024-12-03 11:02:00-05:00,141.22999572753906,141.3000030517578,141.13999938964844,141.19500732421875,3676,0.0,0.0
2024-12-03 11:03:00-05:00,141.1699981689453,141.38999938964844,141.13499450683594,141.35000610351562,5842,0.0,0.0
2024-12-03 11:04:00-05:00,141.4199981689453,141.67999267578125,141.4199981689453,141.52000427246094,11525,0.0,0.0
2024-12-03 11:05:00-05:00,141.51499938964844,141.6300048828125,141.43499755859375,141.6300048828125,8733,0.0,0.0
2024-12-03 11:06:00-05:00,141.67999267578125,141.67999267578125,141.58999633789062,141.6024932861328,3235,0.0,0.0
2024-12-03 11:07:00-05:00,141.64999389648438,141.7100067138672,141.55999755859375,141.67999267578125,5850,0.0,0.0
2024-12-03 11:08:00-05:00,141.64999389648438,141.72000122070312,141.63009643554688,141.72000122070312,8815,0.0,0.0
2024-12-03 11:09:00-05:00,141.75,141.7899932861328,141.6999969482422,141.72999572753906,6791,0.0,0.0
2024-12-03 11:10:00-05:00,141.7100067138672,141.8090057373047,141.66140747070312,141.69000244140625,15496,0.0,0.0
2024-12-03 11:11:00-05:00,141.75750732421875,141.75750732421875,141.64219665527344,141.6999969482422,4581,0.0,0.0
2024-12-03 11:12:00-05:00,141.6999969482422,141.6999969482422,141.64999389648438,141.6999969482422,79457,0.0,0.0
2024-12-03 11:13:00-05:00,141.63499450683594,141.63499450683594,141.5601043701172,141.58999633789062,4356,0.0,0.0
2024-12-03 11:14:00-05:00,141.54449462890625,141.5500030517578,141.4459991455078,141.5399932861328,2690,0.0,0.0
2024-12-03 11:15:00-05:00,141.50999450683594,141.50999450683594,141.36819458007812,141.36819458007812,3950,0.0,0.0
2024-12-03 11:16:00-05:00,141.33999633789062,141.35000610351562,141.25999450683594,141.27000427246094,5492,0.0,0.0
2024-12-03 11:17:00-05:00,141.3000030517578,141.3699951171875,141.3000030517578,141.36000061035156,75081,0.0,0.0
2024-12-03 11:18:00-05:00,141.41000366210938,141.41000366210938,141.2700958251953,141.36500549316406,8397,0.0,0.0
2024-12-03 11:19:00-05:00,141.32220458984375,141.39999389648438,141.23500061035156,141.3300018310547,8301,0.0,0.0
2024-12-03 11:20:00-05:00,141.35000610351562,141.35000610351562,141.2100067138672,141.25999450683594,7547,0.0,0.0
2024-12-03 11:21:00-05:00,141.27999877929688,141.33999633789062,141.24429321289062,141.24429321289062,1261,0.0,0.0
2024-12-03 11:22:00-05:00,141.2987060546875,141.33999633789062,141.1790008544922,141.1790008544922,3547,0.0,0.0
2024-12-03 11:23:00-05:00,141.1750030517578,141.3000030517578,141.1750030517578,141.3000030517578,1733,0.0,0.0
2024-12-03 11:24:00-05:00,141.27000427246094,141.27000427246094,141.1699981689453,141.22000122070312,2493,0.0,0.0
2024-12-03 11:25:00-05:00,141.22999572753906,141.2899932861328,141.1300048828125,141.27000427246094,6109,0.0,0.0
2024-12-03 11:26:00-05:00,141.3000030517578,141.42999267578125,141.3000030517578,141.4199981689453,2925,0.0,0.0
2024-12-03 11:27:00-05:00,141.375,141.46499633789062,141.32000732421875,141.4550018310547,0,0.0,0.0
2024-12-03 11:28:00-05:00,141.5500030517578,141.5998992919922,141.42999267578125,141.47999572753906,5854,0.0,0.0
2024-12-03 11:29:00-05:00,141.53489685058594,141.69000244140625,141.53489685058594,141.6699981689453,3342,0.0,0.0
2024-12-03 11:30:00-05:00,141.6199951171875,141.82000732421875,141.58799743652344,141.82000732421875,13857,0.0,0.0
2024-12-03 11:31:00-05:00,141.81939697265625,141.88999938964844,141.7790069580078,141.7790069580078,13799,0.0,0.0
2024-12-03 11:32:00-05:00,141.75,141.77000427246094,141.55999755859375,141.55999755859375,12416,0.0,0.0
2024-12-03 11:33:00-05:00,141.5800018310547,141.5800018310547,141.50230407714844,141.52000427246094,2266,0.0,0.0
2024-12-03 11:34:00-05:00,141.53500366210938,141.53500366210938,141.36500549316406,141.41000366210938,6868,0.0,0.0
2024-12-03 11:35:00-05:00,141.43789672851562,141.4600067138672,141.30499267578125,141.3061981201172,7087,0.0,0.0
2024-12-03 11:36:00-05:00,141.30499267578125,141.32000732421875,141.21499633789062,141.21499633789062,6488,0.0,0.0
2024-12-03 11:37:00-05:00,141.21499633789062,141.21499633789062,141.0800018310547,141.11000061035156,10778,0.0,0.0
2024-12-03 11:38:00-05:00,141.16000366210938,141.3699951171875,141.13999938964844,141.22329711914062,18032,0.0,0.0
2024-12-03 11:39:00-05:00,141.27000427246094,141.27000427246094,141.1999969482422,141.1999969482422,4917,0.0,0.0
2024-12-03 11:40:00-05:00,141.3000030517578,141.3000030517578,141.1999969482422,141.21499633789062,4092,0.0,0.0
2024-12-03 11:41:00-05:00,141.2100067138672,141.2100067138672,141.16000366210938,141.16000366210938,2044,0.0,0.0
2024-12-03 11:42:00-05:00,141.1300048828125,141.1300048828125,141.0164031982422,141.10580444335938,2230,0.0,0.0
2024-12-03 11:43:00-05:00,141.13999938964844,141.2100067138672,141.13999938964844,141.18499755859375,6542,0.0,0.0
2024-12-03 11:44:00-05:00,141.2050018310547,141.2100067138672,141.13009643554688,141.19000244140625,1950,0.0,0.0
2024-12-03 11:45:00-05:00,141.17999267578125,141.24000549316406,141.13999938964844,141.24000549316406,7430,0.0,0.0
2024-12-03 11:46:00-05:00,141.35000610351562,141.38999938964844,141.25030517578125,141.25030517578125,5108,0.0,0.0
2024-12-03 11:47:00-05:00,141.2949981689453,141.33999633789062,141.24009704589844,141.33999633789062,3518,0.0,0.0
2024-12-03 11:48:00-05:00,141.39990234375,141.49000549316406,141.33999633789062,141.4149932861328,2686,0.0,0.0
2024-12-03 11:49:00-05:00,141.47999572753906,141.5399932861328,141.3800048828125,141.45989990234375,7641,0.0,0.0
2024-12-03 11:50:00-05:00,141.375,141.49000549316406,141.375,141.49000549316406,5789,0.0,0.0
2024-12-03 11:51:00-05:00,141.44000244140625,141.49000549316406,141.3701934814453,141.49000549316406,2757,0.0,0.0
2024-12-03 11:52:00-05:00,141.52000427246094,141.57000732421875,141.47000122070312,141.52499389648438,1948,0.0,0.0
2024-12-03 11:53:00-05:00,141.51499938964844,141.63999938964844,141.51499938964844,141.63999938964844,2977,0.0,0.0
2024-12-03 11:54:00-05:00,141.63999938964844,141.64999389648438,141.63999938964844,141.64999389648438,2071,0.0,0.0
2024-12-03 11:55:00-05:00,141.6750030517578,141.77000427246094,141.63999938964844,141.69000244140625,9850,0.0,0.0
2024-12-03 11:56:00-05:00,141.6699981689453,141.6699981689453,141.64630126953125,141.64630126953125,6613,0.0,0.0
2024-12-03 11:57:00-05:00,141.6199951171875,141.7100067138672,141.5800018310547,141.61500549316406,3669,0.0,0.0
2024-12-03 11:58:00-05:00,141.66000366210938,141.66000366210938,141.57000732421875,141.57000732421875,3565,0.0,0.0
2024-12-03 11:59:00-05:00,141.64999389648438,141.64999389648438,141.50999450683594,141.50999450683594,4663,0.0,0.0
2024-12-03 12:00:00-05:00,141.44500732421875,141.5634002685547,141.44500732421875,141.5634002685547,3461,0.0,0.0
2024-12-03 12:01:00-05:00,141.51499938964844,141.6199951171875,141.51499938964844,141.52000427246094,3960,0.0,0.0
2024-12-03 12:02:00-05:00,141.47500610351562,141.47500610351562,141.3583984375,141.3583984375,2333,0.0,0.0
2024-12-03 12:03:00-05:00,141.35000610351562,141.39999389648438,141.32000732421875,141.38499450683594,2633,0.0,0.0
2024-12-03 12:04:00-05:00,141.3800048828125,141.41000366210938,141.3300018310547,141.3300018310547,3740,0.0,0.0
2024-12-03 12:05:00-05:00,141.27850341796875,141.36000061035156,141.2288055419922,141.2288055419922,2975,0.0,0.0
2024-12-03 12:06:00-05:00,141.22999572753906,141.22999572753906,141.08189392089844,141.1199951171875,3090,0.0,0.0
2024-12-03 12:07:00-05:00,141.1031951904297,141.1649932861328,141.1031951904297,141.11000061035156,5825,0.0,0.0
2024-12-03 12:08:00-05:00,141.22999572753906,141.24119567871094,141.05999755859375,141.07000732421875,7664,0.0,0.0
2024-12-03 12:09:00-05:00,141.09320068359375,141.1699981689453,141.07000732421875,141.07000732421875,5513,0.0,0.0
2024-12-03 12:10:00-05:00,141.1300048828125,141.1300048828125,141.0200958251953,141.10000610351562,1597,0.0,0.0
2024-12-03 12:11:00-05:00,141.0749969482422,141.2100067138672,141.05999755859375,141.2100067138672,3530,0.0,0.0
2024-12-03 12:12:00-05:00,141.2100067138672,141.39999389648438,141.2100067138672,141.33999633789062,4843,0.0,0.0
2024-12-03 12:13:00-05:00,141.33529663085938,141.33529663085938,141.1300048828125,141.13999938964844,7269,0.0,0.0
2024-12-03 12:14:00-05:00,141.1302032470703,141.1302032470703,141.10369873046875,141.10369873046875,3222,0.0,0.0
2024-12-03 12:15:00-05:00,141.10000610351562,141.17999267578125,141.10000610351562,141.17999267578125,2219,0.0,0.0
2024-12-03 12:16:00-05:00,141.18499755859375,141.18499755859375,141.1107940673828,141.1107940673828,7570,0.0,0.0
2024-12-03 12:17:00-05:00,141.1300048828125,141.2353057861328,141.1300048828125,141.22000122070312,10586,0.0,0.0
2024-12-03 12:18:00-05:00,141.27999877929688,141.27999877929688,141.1999969482422,141.1999969482422,5800,0.0,0.0
2024-12-03 12:19:00-05:00,141.25999450683594,141.32000732421875,141.25999450683594,141.31500244140625,3110,0.0,0.0
2024-12-03 12:20:00-05:00,141.3300018310547,141.33999633789062,141.26019287109375,141.26019287109375,1846,0.0,0.0
2024-12-03 12:21:00-05:00,141.3350067138672,141.3350067138672,141.2100067138672,141.21499633789062,10339,0.0,0.0
2024-12-03 12:22:00-05:00,141.21499633789062,141.35000610351562,141.21499633789062,141.35000610351562,5078,0.0,0.0
2024-12-03 12:23:00-05:00,141.35000610351562,141.35499572753906,141.31619262695312,141.35499572753906,6932,0.0,0.0
2024-12-03 12:24:00-05:00,141.30999755859375,141.30999755859375,141.22210693359375,141.22210693359375,1649,0.0,0.0
2024-12-03 12:25:00-05:00,141.2550048828125,141.2550048828125,141.19500732421875,141.2100067138672,4137,0.0,0.0
2024-12-03 12:26:00-05:00,141.2100067138672,141.27000427246094,141.2100067138672,141.22500610351562,2069,0.0,0.0
2024-12-03 12:27:00-05:00,141.22999572753906,141.27000427246094,141.16000366210938,141.2624053955078,1744,0.0,0.0
2024-12-03 12:28:00-05:00,141.27000427246094,141.27139282226562,141.14999389648438,141.15499877929688,4100,0.0,0.0
2024-12-03 12:29:00-05:00,141.14999389648438,141.14999389648438,141.0800018310547,141.0800018310547,1970,0.0,0.0
2024-12-03 12:30:00-05:00,141.0500030517578,141.10000610351562,141.0500030517578,141.10000610351562,2358,0.0,0.0
2024-12-03 12:31:00-05:00,141.0749969482422,141.1199951171875,141.0,141.0,13211,0.0,0.0
2024-12-03 12:32:00-05:00,140.97999572753906,141.07000732421875,140.97999572753906,141.07000732421875,3343,0.0,0.0
2024-12-03 12:33:00-05:00,141.08999633789062,141.08999633789062,141.0,141.0,5779,0.0,0.0
2024-12-03 12:34:00-05:00,141.0800018310547,141.15089416503906,141.02999877929688,141.02999877929688,4435,0.0,0.0
2024-12-03 12:35:00-05:00,141.0496063232422,141.0496063232422,140.85000610351562,140.85000610351562,5856,0.0,0.0
2024-12-03 12:36:00-05:00,140.86000061035156,140.9499969482422,140.8448028564453,140.9499969482422,2063,0.0,0.0
2024-12-03 12:37:00-05:00,140.97999572753906,141.06500244140625,140.97500610351562,141.02999877929688,4992,0.0,0.0
2024-12-03 12:38:00-05:00,141.00340270996094,141.03500366210938,141.00250244140625,141.03500366210938,2414,0.0,0.0
2024-12-03 12:39:00-05:00,141.00999450683594,141.08999633789062,141.0,141.05499267578125,5729,0.0,0.0
2024-12-03 12:40:00-05:00,141.07000732421875,141.11000061035156,141.05999755859375,141.05999755859375,2130,0.0,0.0
2024-12-03 12:41:00-05:00,141.02999877929688,141.0850067138672,141.02999877929688,141.0399932861328,1448,0.0,0.0
2024-12-03 12:42:00-05:00,141.0749969482422,141.0850067138672,141.0749969482422,141.0850067138672,734,0.0,0.0
2024-12-03 12:43:00-05:00,141.02999877929688,141.02999877929688,141.02999877929688,141.02999877929688,2282,0.0,0.0
2024-12-03 12:44:00-05:00,141.02999877929688,141.03500366210938,141.02999877929688,141.03500366210938,671,0.0,0.0
2024-12-03 12:45:00-05:00,141.02000427246094,141.0800018310547,141.00999450683594,141.05499267578125,4034,0.0,0.0
2024-12-03 12:46:00-05:00,141.05999755859375,141.10000610351562,141.05999755859375,141.10000610351562,2193,0.0,0.0
2024-12-03 12:47:00-05:00,141.2100067138672,141.2100067138672,141.0,141.02499389648438,7761,0.0,0.0
2024-12-03 12:48:00-05:00,141.00999450683594,141.02000427246094,140.97999572753906,141.02000427246094,5109,0.0,0.0
2024-12-03 12:49:00-05:00,141.11000061035156,141.19000244140625,141.11000061035156,141.1300048828125,2695,0.0,0.0
2024-12-03 12:50:00-05:00,141.1573944091797,141.1573944091797,141.1013946533203,141.1013946533203,1140,0.0,0.0
2024-12-03 12:51:00-05:00,141.17999267578125,141.27499389648438,141.17999267578125,141.27499389648438,3122,0.0,0.0
2024-12-03 12:52:00-05:00,141.25,141.36000061035156,141.25,141.25,7259,0.0,0.0
2024-12-03 12:53:00-05:00,141.2209014892578,141.42999267578125,141.2209014892578,141.42999267578125,2074,0.0,0.0
2024-12-03 12:54:00-05:00,141.42999267578125,141.46499633789062,141.42999267578125,141.46499633789062,1993,0.0,0.0
2024-12-03 12:55:00-05:00,141.4600067138672,141.52000427246094,141.4499969482422,141.47500610351562,9635,0.0,0.0
2024-12-03 12:56:00-05:00,141.47999572753906,141.51010131835938,141.44700622558594,141.50999450683594,4581,0.0,0.0
2024-12-03 12:57:00-05:00,141.5399932861328,141.6074981689453,141.5399932861328,141.57000732421875,1042,0.0,0.0
2024-12-03 12:58:00-05:00,141.61500549316406,141.61500549316406,141.5944061279297,141.59869384765625,1014,0.0,0.0
2024-12-03 12:59:00-05:00,141.58970642089844,141.63999938964844,141.57000732421875,141.60000610351562,7816,0.0,0.0
2024-12-03 13:00:00-05:00,141.5500030517578,141.5800018310547,141.5500030517578,141.5800018310547,3292,0.0,0.0
2024-12-03 13:01:00-05:00,141.58999633789062,141.6300048828125,141.52000427246094,141.52499389648438,5071,0.0,0.0
2024-12-03 13:02:00-05:00,141.52499389648438,141.57000732421875,141.42999267578125,141.42999267578125,3480,0.0,0.0
2024-12-03 13:03:00-05:00,141.44500732421875,141.5500030517578,141.33999633789062,141.5500030517578,3877,0.0,0.0
2024-12-03 13:04:00-05:00,141.55499267578125,141.55499267578125,141.44000244140625,141.44000244140625,4286,0.0,0.0
2024-12-03 13:05:00-05:00,141.48500061035156,141.48500061035156,141.43069458007812,141.43069458007812,1202,0.0,0.0
2024-12-03 13:06:00-05:00,141.52000427246094,141.52000427246094,141.5050048828125,141.5050048828125,999,0.0,0.0
2024-12-03 13:07:00-05:00,141.50999450683594,141.52000427246094,141.4208984375,141.4208984375,3032,0.0,0.0
2024-12-03 13:08:00-05:00,141.43499755859375,141.43499755859375,141.43499755859375,141.43499755859375,976,0.0,0.0
2024-12-03 13:09:00-05:00,141.4199981689453,141.44000244140625,141.40499877929688,141.44000244140625,1875,0.0,0.0
2024-12-03 13:10:00-05:00,141.4499969482422,141.50999450683594,141.2700958251953,141.2700958251953,7317,0.0,0.0
2024-12-03 13:11:00-05:00,141.31610107421875,141.3350067138672,141.19729614257812,141.19729614257812,2922,0.0,0.0
2024-12-03 13:12:00-05:00,141.32000732421875,141.32000732421875,141.26499938964844,141.26499938964844,1814,0.0,0.0
2024-12-03 13:13:00-05:00,141.3699951171875,141.3699951171875,141.2899932861328,141.2899932861328,2336,0.0,0.0
2024-12-03 13:14:00-05:00,141.27999877929688,141.27999877929688,141.20010375976562,141.25,3135,0.0,0.0
2024-12-03 13:15:00-05:00,141.25,141.2899932861328,141.25,141.2899932861328,1434,0.0,0.0
2024-12-03 13:16:00-05:00,141.27000427246094,141.27000427246094,141.17999267578125,141.17999267578125,3815,0.0,0.0
2024-12-03 13:17:00-05:00,141.1699981689453,141.17529296875,141.11500549316406,141.11500549316406,2608,0.0,0.0
2024-12-03 13:18:00-05:00,141.10499572753906,141.1699981689453,141.05999755859375,141.1699981689453,1589,0.0,0.0
2024-12-03 13:19:00-05:00,141.10000610351562,141.10000610351562,141.04420471191406,141.0500030517578,3567,0.0,0.0
2024-12-03 13:20:00-05:00,141.05999755859375,141.13999938964844,141.02999877929688,141.13999938964844,9849,0.0,0.0
2024-12-03 13:21:00-05:00,141.09759521484375,141.1300048828125,141.09759521484375,141.1300048828125,973,0.0,0.0
2024-12-03 13:22:00-05:00,141.17100524902344,141.17100524902344,141.07000732421875,141.07000732421875,3646,0.0,0.0
2024-12-03 13:23:00-05:00,141.01010131835938,141.01010131835938,141.01010131835938,141.01010131835938,1875,0.0,0.0
2024-12-03 13:24:00-05:00,141.0399932861328,141.0800018310547,140.97999572753906,140.97999572753906,7616,0.0,0.0
2024-12-03 13:25:00-05:00,141.0399932861328,141.10000610351562,141.02999877929688,141.09500122070312,3407,0.0,0.0
2024-12-03 13:26:00-05:00,141.10000610351562,141.125,141.01010131835938,141.0196075439453,3770,0.0,0.0
2024-12-03 13:27:00-05:00,141.08999633789062,141.19000244140625,141.08999633789062,141.19000244140625,3649,0.0,0.0
2024-12-03 13:28:00-05:00,141.08999633789062,141.1999969482422,141.08999633789062,141.1999969482422,10696,0.0,0.0
2024-12-03 13:29:00-05:00,141.1999969482422,141.1999969482422,141.1300048828125,141.14999389648438,4453,0.0,0.0
2024-12-03 13:30:00-05:00,141.19000244140625,141.19000244140625,141.0500030517578,141.10499572753906,3196,0.0,0.0
2024-12-03 13:31:00-05:00,141.10499572753906,141.16000366210938,141.05799865722656,141.13999938964844,2616,0.0,0.0
2024-12-03 13:32:00-05:00,141.09320068359375,141.11000061035156,141.09320068359375,141.11000061035156,838,0.0,0.0
2024-12-03 13:33:00-05:00,141.10499572753906,141.10499572753906,141.02999877929688,141.10000610351562,3584,0.0,0.0
2024-12-03 13:34:00-05:00,141.02499389648438,141.07000732421875,140.97999572753906,140.99000549316406,4506,0.0,0.0
2024-12-03 13:35:00-05:00,140.91769409179688,140.97500610351562,140.89999389648438,140.89999389648438,3771,0.0,0.0
2024-12-03 13:36:00-05:00,140.85000610351562,140.85000610351562,140.63999938964844,140.72000122070312,5773,0.0,0.0
2024-12-03 13:37:00-05:00,140.8000030517578,140.8000030517578,140.6699981689453,140.72999572753906,1664,0.0,0.0
2024-12-03 13:38:00-05:00,140.6230926513672,140.6999969482422,140.57000732421875,140.6302947998047,3754,0.0,0.0
2024-12-03 13:39:00-05:00,140.57000732421875,140.6300048828125,140.57000732421875,140.6300048828125,1553,0.0,0.0
2024-12-03 13:40:00-05:00,140.6199951171875,140.6199951171875,140.39999389648438,140.4199981689453,7087,0.0,0.0
2024-12-03 13:41:00-05:00,140.57000732421875,140.57000732421875,140.47999572753906,140.47999572753906,1613,0.0,0.0
2024-12-03 13:42:00-05:00,140.49000549316406,140.5,140.4600067138672,140.5,4305,0.0,0.0
2024-12-03 13:43:00-05:00,140.4199981689453,140.4199981689453,140.1999969482422,140.3000030517578,4900,0.0,0.0
2024-12-03 13:44:00-05:00,140.3300018310547,140.40989685058594,140.31500244140625,140.31500244140625,2638,0.0,0.0
2024-12-03 13:45:00-05:00,140.27999877929688,140.3000030517578,140.05670166015625,140.1199951171875,8639,0.0,0.0
2024-12-03 13:46:00-05:00,140.09649658203125,140.1898956298828,140.08999633789062,140.10000610351562,8258,0.0,0.0
2024-12-03 13:47:00-05:00,140.10000610351562,140.1699981689453,140.10000610351562,140.1699981689453,2916,0.0,0.0
2024-12-03 13:48:00-05:00,140.16000366210938,140.27999877929688,140.16000366210938,140.25,3331,0.0,0.0
2024-12-03 13:49:00-05:00,140.25,140.2949981689453,140.25,140.2899932861328,1698,0.0,0.0
2024-12-03 13:50:00-05:00,140.33230590820312,140.33230590820312,140.2100067138672,140.3000030517578,9694,0.0,0.0
2024-12-03 13:51:00-05:00,140.27999877929688,140.3000030517578,140.22999572753906,140.26499938964844,6969,0.0,0.0
2024-12-03 13:52:00-05:00,140.2449951171875,140.42999267578125,140.2449951171875,140.42999267578125,5072,0.0,0.0
2024-12-03 13:53:00-05:00,140.3101043701172,140.5,140.3101043701172,140.4342041015625,6269,0.0,0.0
2024-12-03 13:54:00-05:00,140.4550018310547,140.50999450683594,140.44700622558594,140.44700622558594,6361,0.0,0.0
2024-12-03 13:55:00-05:00,140.52000427246094,140.5699005126953,140.44790649414062,140.4503936767578,2428,0.0,0.0
2024-12-03 13:56:00-05:00,140.50999450683594,140.60000610351562,140.50999450683594,140.60000610351562,3376,0.0,0.0
2024-12-03 13:57:00-05:00,140.5500030517578,140.6199951171875,140.5500030517578,140.5749969482422,3887,0.0,0.0
2024-12-03 13:58:00-05:00,140.58580017089844,140.59500122070312,140.5500030517578,140.5500030517578,7036,0.0,0.0
2024-12-03 13:59:00-05:00,140.53500366210938,140.53500366210938,140.3800048828125,140.3800048828125,12547,0.0,0.0
2024-12-03 14:00:00-05:00,140.3800048828125,140.3800048828125,140.25,140.33999633789062,6146,0.0,0.0
2024-12-03 14:01:00-05:00,140.30999755859375,140.32479858398438,140.24000549316406,140.25999450683594,7069,0.0,0.0
2024-12-03 14:02:00-05:00,140.22999572753906,140.26499938964844,140.1699981689453,140.1699981689453,8337,0.0,0.0
2024-12-03 14:03:00-05:00,140.2100067138672,140.22999572753906,140.1649932861328,140.1999969482422,7582,0.0,0.0
2024-12-03 14:04:00-05:00,140.22999572753906,140.22999572753906,140.0800018310547,140.0800018310547,3767,0.0,0.0
2024-12-03 14:05:00-05:00,140.1658935546875,140.1658935546875,139.94000244140625,140.0,19487,0.0,0.0
2024-12-03 14:06:00-05:00,140.08999633789062,140.08999633789062,140.01499938964844,140.01499938964844,1821,0.0,0.0
2024-12-03 14:07:00-05:00,140.00840759277344,140.00999450683594,139.97999572753906,140.0,6292,0.0,0.0
2024-12-03 14:08:00-05:00,140.00999450683594,140.1300048828125,140.00999450683594,140.02000427246094,5049,0.0,0.0
2024-12-03 14:09:00-05:00,140.0399932861328,140.19000244140625,140.0399932861328,140.11500549316406,4056,0.0,0.0
2024-12-03 14:10:00-05:00,140.1300048828125,140.13999938964844,140.07699584960938,140.0946044921875,2682,0.0,0.0
2024-12-03 14:11:00-05:00,140.0500030517578,140.14999389648438,140.03990173339844,140.03990173339844,2133,0.0,0.0
2024-12-03 14:12:00-05:00,140.11000061035156,140.22000122070312,140.11000061035156,140.1699981689453,3088,0.0,0.0
2024-12-03 14:13:00-05:00,140.14999389648438,140.14999389648438,140.1177978515625,140.14999389648438,2878,0.0,0.0
2024-12-03 14:14:00-05:00,140.1300048828125,140.1300048828125,140.02130126953125,140.0500030517578,2139,0.0,0.0
2024-12-03 14:15:00-05:00,140.08999633789062,140.11000061035156,140.05999755859375,140.05999755859375,1370,0.0,0.0
2024-12-03 14:16:00-05:00,140.05999755859375,140.05999755859375,140.0,140.02000427246094,2724,0.0,0.0
2024-12-03 14:17:00-05:00,140.0399932861328,140.05499267578125,139.97999572753906,139.97999572753906,3770,0.0,0.0
2024-12-03 14:18:00-05:00,139.97999572753906,140.10000610351562,139.94000244140625,140.10000610351562,9549,0.0,0.0
2024-12-03 14:19:00-05:00,140.04100036621094,140.05999755859375,140.02000427246094,140.03500366210938,3919,0.0,0.0
2024-12-03 14:20:00-05:00,140.0500030517578,140.0800018310547,140.0500030517578,140.0800018310547,1280,0.0,0.0
2024-12-03 14:21:00-05:00,140.0500030517578,140.0500030517578,140.0449981689453,140.0449981689453,1532,0.0,0.0
2024-12-03 14:22:00-05:00,140.10000610351562,140.11000061035156,140.0800018310547,140.08999633789062,1489,0.0,0.0
2024-12-03 14:23:00-05:00,140.08999633789062,140.13999938964844,140.0323028564453,140.13999938964844,1281,0.0,0.0
2024-12-03 14:24:00-05:00,140.16000366210938,140.16000366210938,139.97999572753906,139.97999572753906,5148,0.0,0.0
2024-12-03 14:25:00-05:00,140.10000610351562,140.1199951171875,140.00999450683594,140.00999450683594,2609,0.0,0.0
2024-12-03 14:26:00-05:00,139.9949951171875,139.9949951171875,139.8863983154297,139.88929748535156,2704,0.0,0.0
2024-12-03 14:27:00-05:00,140.0,140.0,139.9149932861328,139.9149932861328,1601,0.0,0.0
2024-12-03 14:28:00-05:00,139.9600067138672,140.0,139.8699951171875,139.8699951171875,3935,0.0,0.0
2024-12-03 14:29:00-05:00,139.89309692382812,139.89309692382812,139.87010192871094,139.88470458984375,1504,0.0,0.0
2024-12-03 14:30:00-05:00,139.9199981689453,139.97000122070312,139.88999938964844,139.92999267578125,1234,0.0,0.0
2024-12-03 14:31:00-05:00,139.92999267578125,139.92999267578125,139.91000366210938,139.91000366210938,1596,0.0,0.0
2024-12-03 14:32:00-05:00,139.94859313964844,139.97999572753906,139.92999267578125,139.95140075683594,2270,0.0,0.0
2024-12-03 14:33:00-05:00,139.97999572753906,139.97999572753906,139.94000244140625,139.94000244140625,3283,0.0,0.0
2024-12-03 14:34:00-05:00,139.99000549316406,139.99000549316406,139.89999389648438,139.89999389648438,1806,0.0,0.0
2024-12-03 14:35:00-05:00,139.97740173339844,139.9949951171875,139.9199981689453,139.9199981689453,2268,0.0,0.0
2024-12-03 14:36:00-05:00,139.9250030517578,139.9250030517578,139.9250030517578,139.9250030517578,446,0.0,0.0
2024-12-03 14:37:00-05:00,139.97999572753906,140.0225067138672,139.92999267578125,139.94529724121094,3834,0.0,0.0
2024-12-03 14:38:00-05:00,140.07000732421875,140.08999633789062,140.07000732421875,140.08999633789062,636,0.0,0.0
2024-12-03 14:39:00-05:00,140.01730346679688,140.10000610351562,140.01730346679688,140.0240936279297,1866,0.0,0.0
2024-12-03 14:40:00-05:00,140.0749969482422,140.0749969482422,140.02999877929688,140.05999755859375,2539,0.0,0.0
2024-12-03 14:41:00-05:00,140.05999755859375,140.19000244140625,140.05999755859375,140.19000244140625,4827,0.0,0.0
2024-12-03 14:42:00-05:00,140.1649932861328,140.1999969482422,139.99000549316406,139.99000549316406,7449,0.0,0.0
2024-12-03 14:43:00-05:00,139.9801025390625,139.99000549316406,139.97999572753906,139.99000549316406,3274,0.0,0.0
2024-12-03 14:44:00-05:00,140.0,140.0,140.0,140.0,263,0.0,0.0
2024-12-03 14:45:00-05:00,140.0,140.0,139.92999267578125,139.9499969482422,2500,0.0,0.0
2024-12-03 14:46:00-05:00,139.92999267578125,139.97999572753906,139.92999267578125,139.9600067138672,3659,0.0,0.0
2024-12-03 14:47:00-05:00,139.99000549316406,140.05999755859375,139.99000549316406,140.05999755859375,1435,0.0,0.0
2024-12-03 14:48:00-05:00,140.07949829101562,140.07949829101562,140.02000427246094,140.02000427246094,1387,0.0,0.0
2024-12-03 14:49:00-05:00,140.0478973388672,140.11000061035156,140.02000427246094,140.11000061035156,753,0.0,0.0
2024-12-03 14:50:00-05:00,140.02000427246094,140.02000427246094,139.9600067138672,140.00999450683594,2042,0.0,0.0
2024-12-03 14:51:00-05:00,140.02000427246094,140.1199951171875,139.94000244140625,140.1199951171875,3031,0.0,0.0
2024-12-03 14:52:00-05:00,140.02999877929688,140.11000061035156,140.02999877929688,140.11000061035156,950,0.0,0.0
2024-12-03 14:53:00-05:00,140.10000610351562,140.14999389648438,140.0500030517578,140.10000610351562,8196,0.0,0.0
2024-12-03 14:54:00-05:00,140.1999969482422,140.22999572753906,140.1999969482422,140.22999572753906,1470,0.0,0.0
2024-12-03 14:55:00-05:00,140.24000549316406,140.3096923828125,140.1999969482422,140.1999969482422,2454,0.0,0.0
2024-12-03 14:56:00-05:00,140.27999877929688,140.27999877929688,140.17149353027344,140.22999572753906,2096,0.0,0.0
2024-12-03 14:57:00-05:00,140.21499633789062,140.28990173339844,140.21499633789062,140.25999450683594,938,0.0,0.0
2024-12-03 14:58:00-05:00,140.23500061035156,140.25509643554688,140.1699981689453,140.22000122070312,4325,0.0,0.0
2024-12-03 14:59:00-05:00,140.2635955810547,140.26780700683594,140.2100067138672,140.2100067138672,4197,0.0,0.0
2024-12-03 15:00:00-05:00,140.2550048828125,140.30999755859375,140.1199951171875,140.1199951171875,6330,0.0,0.0
2024-12-03 15:01:00-05:00,140.08399963378906,140.13999938964844,140.0800018310547,140.1300048828125,3363,0.0,0.0
2024-12-03 15:02:00-05:00,140.1300048828125,140.13009643554688,140.125,140.13009643554688,939,0.0,0.0
2024-12-03 15:03:00-05:00,140.125,140.1300048828125,140.05999755859375,140.08999633789062,1796,0.0,0.0
2024-12-03 15:04:00-05:00,140.0399932861328,140.05819702148438,139.9600067138672,139.99440002441406,3717,0.0,0.0
2024-12-03 15:05:00-05:00,140.0399932861328,140.0399932861328,140.0399932861328,140.0399932861328,1011,0.0,0.0
2024-12-03 15:06:00-05:00,139.9499969482422,140.10000610351562,139.9199981689453,140.10000610351562,4689,0.0,0.0
2024-12-03 15:07:00-05:00,140.08999633789062,140.10629272460938,140.08999633789062,140.10629272460938,1169,0.0,0.0
2024-12-03 15:08:00-05:00,140.1300048828125,140.14999389648438,140.10499572753906,140.125,1005,0.0,0.0
2024-12-03 15:09:00-05:00,140.10000610351562,140.10000610351562,140.0399932861328,140.0800018310547,2526,0.0,0.0
2024-12-03 15:10:00-05:00,140.0500030517578,140.10000610351562,140.00999450683594,140.05999755859375,2578,0.0,0.0
2024-12-03 15:11:00-05:00,140.10000610351562,140.11500549316406,140.05799865722656,140.10000610351562,3160,0.0,0.0
2024-12-03 15:12:00-05:00,140.10000610351562,140.1199951171875,140.05999755859375,140.06829833984375,4324,0.0,0.0
2024-12-03 15:13:00-05:00,140.07960510253906,140.0800018310547,140.0749969482422,140.0749969482422,2123,0.0,0.0
2024-12-03 15:14:00-05:00,140.05999755859375,140.10000610351562,140.01800537109375,140.0399932861328,5515,0.0,0.0
2024-12-03 15:15:00-05:00,139.97000122070312,140.0399932861328,139.97000122070312,140.0399932861328,3524,0.0,0.0
2024-12-03 15:16:00-05:00,140.00999450683594,140.00999450683594,140.00999450683594,140.00999450683594,495,0.0,0.0
2024-12-03 15:17:00-05:00,139.98500061035156,140.00999450683594,139.97999572753906,140.00999450683594,3822,0.0,0.0
2024-12-03 15:18:00-05:00,140.002197265625,140.002197265625,139.9600067138672,139.97999572753906,2777,0.0,0.0
2024-12-03 15:19:00-05:00,139.99000549316406,139.99000549316406,139.943603515625,139.943603515625,1982,0.0,0.0
2024-12-03 15:20:00-05:00,139.97500610351562,139.97999572753906,139.94430541992188,139.94430541992188,2690,0.0,0.0
2024-12-03 15:21:00-05:00,139.99000549316406,140.0800018310547,139.99000549316406,140.0800018310547,2739,0.0,0.0
2024-12-03 15:22:00-05:00,140.09300231933594,140.09300231933594,139.97000122070312,140.02000427246094,3496,0.0,0.0
2024-12-03 15:23:00-05:00,139.98500061035156,140.05999755859375,139.98500061035156,140.0449981689453,3675,0.0,0.0
2024-12-03 15:24:00-05:00,140.0800018310547,140.1300048828125,140.04400634765625,140.1300048828125,3395,0.0,0.0
2024-12-03 15:25:00-05:00,140.1300048828125,140.15499877929688,140.1300048828125,140.14610290527344,2977,0.0,0.0
2024-12-03 15:26:00-05:00,140.13499450683594,140.13499450683594,140.0800018310547,140.0800018310547,1695,0.0,0.0
2024-12-03 15:27:00-05:00,140.10150146484375,140.11000061035156,140.01499938964844,140.0500030517578,7853,0.0,0.0
2024-12-03 15:28:00-05:00,140.0399932861328,140.0500030517578,140.0,140.00999450683594,7658,0.0,0.0
2024-12-03 15:29:00-05:00,140.00770568847656,140.10000610351562,140.00770568847656,140.07000732421875,4367,0.0,0.0
2024-12-03 15:30:00-05:00,140.0500030517578,140.1699981689453,140.00010681152344,140.11300659179688,5727,0.0,0.0
2024-12-03 15:31:00-05:00,140.14500427246094,140.14500427246094,140.0469970703125,140.0469970703125,4309,0.0,0.0
2024-12-03 15:32:00-05:00,140.04010009765625,140.14039611816406,140.02999877929688,140.0800018310547,7358,0.0,0.0
2024-12-03 15:33:00-05:00,140.08999633789062,140.14990234375,140.08999633789062,140.14990234375,3898,0.0,0.0
2024-12-03 15:34:00-05:00,140.1199951171875,140.1199951171875,140.02999877929688,140.02999877929688,3497,0.0,0.0
2024-12-03 15:35:00-05:00,139.98899841308594,140.11000061035156,139.98899841308594,140.0850067138672,2816,0.0,0.0
2024-12-03 15:36:00-05:00,140.0800018310547,140.14100646972656,140.04339599609375,140.04339599609375,6644,0.0,0.0
2024-12-03 15:37:00-05:00,140.10000610351562,140.10499572753906,140.0800018310547,140.0800018310547,2682,0.0,0.0
2024-12-03 15:38:00-05:00,140.0500030517578,140.11000061035156,139.9600067138672,139.9949951171875,8032,0.0,0.0
2024-12-03 15:39:00-05:00,139.9499969482422,140.0500030517578,139.9499969482422,140.0500030517578,4951,0.0,0.0
2024-12-03 15:40:00-05:00,139.99200439453125,140.04989624023438,139.99200439453125,140.00999450683594,1333,0.0,0.0
2024-12-03 15:41:00-05:00,140.0500030517578,140.08999633789062,140.00999450683594,140.08999633789062,3789,0.0,0.0
2024-12-03 15:42:00-05:00,140.11000061035156,140.11000061035156,139.89999389648438,139.9250030517578,5127,0.0,0.0
2024-12-03 15:43:00-05:00,139.94000244140625,139.99000549316406,139.92999267578125,139.9550018310547,4482,0.0,0.0
2024-12-03 15:44:00-05:00,139.96499633789062,140.0500030517578,139.9600067138672,140.0399932861328,6868,0.0,0.0
2024-12-03 15:45:00-05:00,140.0500030517578,140.0800018310547,140.02999877929688,140.02999877929688,5525,0.0,0.0
2024-12-03 15:46:00-05:00,140.02999877929688,140.0500030517578,139.97999572753906,140.0,4450,0.0,0.0
2024-12-03 15:47:00-05:00,140.0050048828125,140.02000427246094,139.97999572753906,139.99600219726562,4351,0.0,0.0
2024-12-03 15:48:00-05:00,139.99000549316406,140.06080627441406,139.97000122070312,140.06080627441406,3821,0.0,0.0
2024-12-03 15:49:00-05:00,140.02999877929688,140.12100219726562,139.9499969482422,139.97999572753906,14210,0.0,0.0
2024-12-03 15:50:00-05:00,140.02999877929688,140.22000122070312,140.02879333496094,140.12899780273438,17164,0.0,0.0
2024-12-03 15:51:00-05:00,140.0500030517578,140.22410583496094,140.02479553222656,140.2100067138672,7088,0.0,0.0
2024-12-03 15:52:00-05:00,140.1999969482422,140.25999450683594,140.1699981689453,140.24000549316406,9182,0.0,0.0
2024-12-03 15:53:00-05:00,140.22000122070312,140.30999755859375,140.22000122070312,140.3000030517578,9931,0.0,0.0
2024-12-03 15:54:00-05:00,140.2899932861328,140.39999389648438,140.27000427246094,140.3249969482422,10253,0.0,0.0
2024-12-03 15:55:00-05:00,140.3699951171875,140.66000366210938,140.3249969482422,140.66000366210938,11994,0.0,0.0
2024-12-03 15:56:00-05:00,140.6300048828125,140.6699981689453,140.41000366210938,140.4149932861328,21862,0.0,0.0
2024-12-03 15:57:00-05:00,140.4499969482422,140.4499969482422,140.30999755859375,140.41000366210938,21347,0.0,0.0
2024-12-03 15:58:00-05:00,140.39999389648438,140.4199981689453,140.30999755859375,140.38499450683594,36819,0.0,0.0
2024-12-03 15:59:00-05:00,140.41000366210938,140.52000427246094,140.34759521484375,140.39999389648438,60314,0.0,0.0
2024-12-03 16:00:00-05:00,140.43,140.55,140.38,140.42,882306,0.0,0.0
2024-12-03 16:01:00-05:00,140.38,140.42,140.38,140.38,0,0.0,0.0
2024-12-03 16:02:00-05:00,140.38,140.7,140.38,140.38,0,0.0,0.0
2024-12-03 16:03:00-05:00,140.5884,140.5884,140.5884,140.5884,0,0.0,0.0
2024-12-03 16:04:00-05:00,140.42,140.42,140.42,140.42,0,0.0,0.0
2024-12-03 16:05:00-05:00,140.38,140.68,140.38,140.68,0,0.0,0.0
2024-12-03 16:06:00-05:00,140.68,140.68,140.59,140.59,0,0.0,0.0
2024-12-03 16:07:00-05:00,140.6996,140.6996,140.63,140.65,0,0.0,0.0
2024-12-03 16:08:00-05:00,140.6237,140.63,140.6237,140.6299,0,0.0,0.0
2024-12-03 16:09:00-05:00,140.41,140.41,140.41,140.41,0,0.0,0.0
2024-12-03 16:10:00-05:00,140.41,140.63,140.4,140.42,0,0.0,0.0
2024-12-03 16:11:00-05:00,140.42,140.63,140.4,140.63,0,0.0,0.0
2024-12-03 16:12:00-05:00,140.7,140.7,140.7,140.7,0,0.0,0.0
2024-12-03 16:14:00-05:00,140.57,140.8961,140.4,140.8961,0,0.0,0.0
2024-12-03 16:15:00-05:00,140.38,140.5,140.38,140.5,0,0.0,0.0
2024-12-03 16:16:00-05:00,140.7,140.75,140.7,140.75,0,0.0,0.0
2024-12-03 16:18:00-05:00,140.75,140.75,140.75,140.75,0,0.0,0.0
2024-12-03 16:19:00-05:00,140.6016,140.75,140.6,140.75,0,0.0,0.0
2024-12-03 16:20:00-05:00,140.38,140.6,140.38,140.6,0,0.0,0.0
2024-12-03 16:21:00-05:00,140.61,140.75,140.6,140.6,0,0.0,0.0
2024-12-03 16:22:00-05:00,140.9,140.96,140.9,140.95,0,0.0,0.0
2024-12-03 16:23:00-05:00,140.6,141.0,140.6,141.0,0,0.0,0.0
2024-12-03 16:24:00-05:00,140.61,140.62,140.61,140.62,0,0.0,0.0
2024-12-03 16:26:00-05:00,140.99,141.0,140.99,141.0,0,0.0,0.0
2024-12-03 16:27:00-05:00,141.0,141.0,140.74,140.74,0,0.0,0.0
2024-12-03 16:28:00-05:00,140.75,140.75,140.75,140.75,0,0.0,0.0
2024-12-03 16:29:00-05:00,140.7478,140.9999,140.7439,140.75,0,0.0,0.0
2024-12-03 16:30:00-05:00,141.0,141.0,140.75,140.75,0,0.0,0.0
2024-12-03 16:31:00-05:00,140.75,141.0,140.74,141.0,0,0.0,0.0
2024-12-03 16:32:00-05:00,140.85,140.85,140.85,140.85,0,0.0,0.0
2024-12-03 16:33:00-05:00,140.38,140.38,140.38,140.38,0,0.0,0.0
2024-12-03 16:34:00-05:00,140.8,140.8,140.75,140.75,0,0.0,0.0
2024-12-03 16:35:00-05:00,140.8,140.8,140.8,140.8,0,0.0,0.0
2024-12-03 16:36:00-05:00,140.9,140.9,140.8,140.8,0,0.0,0.0
2024-12-03 16:38:00-05:00,140.75,141.09,140.75,141.09,0,0.0,0.0
2024-12-03 16:39:00-05:00,141.09,141.3763,141.09,141.09,0,0.0,0.0
2024-12-03 16:40:00-05:00,141.2,141.2,140.5,140.5,0,0.0,0.0
2024-12-03 16:41:00-05:00,141.36,141.36,141.36,141.36,0,0.0,0.0
2024-12-03 16:43:00-05:00,140.5,141.01,140.41,140.41,0,0.0,0.0
2024-12-03 16:44:00-05:00,140.4257,140.5,140.4257,140.5,0,0.0,0.0
2024-12-03 16:45:00-05:00,140.75,140.75,140.75,140.75,0,0.0,0.0
2024-12-03 16:47:00-05:00,140.43,140.43,140.43,140.43,0,0.0,0.0
2024-12-03 16:51:00-05:00,141.1,141.1,141.1,141.1,0,0.0,0.0
2024-12-03 16:52:00-05:00,141.1,141.1,141.1,141.1,0,0.0,0.0
2024-12-03 16:53:00-05:00,141.11,141.11,141.11,141.11,0,0.0,0.0
2024-12-03 17:00:00-05:00,140.78,140.79,140.76,140.76,0,0.0,0.0
2024-12-03 17:01:00-05:00,140.79,140.79,140.79,140.79,0,0.0,0.0
2024-12-03 17:02:00-05:00,140.75,140.75,140.75,140.75,0,0.0,0.0
2024-12-03 17:04:00-05:00,140.89,140.89,140.89,140.89,0,0.0,0.0
2024-12-03 17:07:00-05:00,141.0,141.0,141.0,141.0,0,0.0,0.0
2024-12-03 17:08:00-05:00,140.99,141.0,140.99,141.0,0,0.0,0.0
2024-12-03 17:10:00-05:00,140.9,140.9,140.9,140.9,0,0.0,0.0
2024-12-03 17:11:00-05:00,140.99,140.99,140.9,140.9,0,0.0,0.0
2024-12-03 17:12:00-05:00,140.8,140.8,140.8,140.8,0,0.0,0.0
2024-12-03 17:14:00-05:00,141.0,141.0,140.8,140.8,0,0.0,0.0
2024-12-03 17:15:11-05:00,140.9,140.9,140.9,140.9,0,0.0,0.0
