time,Open,High,Low,Close,Volume,Dividends,Stock Splits
2024-12-09 04:07:00-05:00,140.98,140.98,140.98,140.98,0,0.0,0.0
2024-12-09 04:09:00-05:00,140.95,140.95,140.74,140.74,0,0.0,0.0
2024-12-09 04:10:00-05:00,140.59,140.59,140.55,140.55,0,0.0,0.0
2024-12-09 04:11:00-05:00,140.44,140.55,140.42,140.42,0,0.0,0.0
2024-12-09 04:12:00-05:00,140.37,140.48,140.37,140.48,0,0.0,0.0
2024-12-09 04:13:00-05:00,140.6,140.6,140.45,140.45,0,0.0,0.0
2024-12-09 04:15:00-05:00,140.52,140.52,140.36,140.36,0,0.0,0.0
2024-12-09 04:16:00-05:00,140.38,140.39,140.38,140.39,0,0.0,0.0
2024-12-09 04:17:00-05:00,140.38,140.38,140.36,140.36,0,0.0,0.0
2024-12-09 04:18:00-05:00,140.29,140.33,140.29,140.33,0,0.0,0.0
2024-12-09 04:19:00-05:00,140.29,140.4,140.29,140.4,0,0.0,0.0
2024-12-09 04:20:00-05:00,140.45,140.45,140.45,140.45,0,0.0,0.0
2024-12-09 04:27:00-05:00,140.48,140.48,140.48,140.48,0,0.0,0.0
2024-12-09 04:29:00-05:00,140.3,140.3,140.3,140.3,0,0.0,0.0
2024-12-09 04:31:00-05:00,140.29,140.29,140.1,140.1,0,0.0,0.0
2024-12-09 04:32:00-05:00,140.01,140.01,140.01,140.01,0,0.0,0.0
2024-12-09 04:33:00-05:00,140.01,140.01,140.01,140.01,0,0.0,0.0
2024-12-09 04:35:00-05:00,140.2,140.2,140.2,140.2,0,0.0,0.0
2024-12-09 04:37:00-05:00,140.04,140.04,140.04,140.04,0,0.0,0.0
2024-12-09 04:38:00-05:00,140.0,140.0,139.99,139.99,0,0.0,0.0
2024-12-09 04:43:00-05:00,139.9,139.9,139.9,139.9,0,0.0,0.0
2024-12-09 04:45:00-05:00,139.98,139.98,139.98,139.98,0,0.0,0.0
2024-12-09 04:47:00-05:00,139.93,139.93,139.93,139.93,0,0.0,0.0
2024-12-09 04:49:00-05:00,139.84,139.84,139.8,139.8,0,0.0,0.0
2024-12-09 04:51:00-05:00,139.8,139.8,139.8,139.8,0,0.0,0.0
2024-12-09 05:06:00-05:00,140.0,140.0,139.97,139.97,0,0.0,0.0
2024-12-09 05:14:00-05:00,139.98,140.0,139.98,140.0,0,0.0,0.0
2024-12-09 05:20:00-05:00,140.0,140.0,140.0,140.0,0,0.0,0.0
2024-12-09 05:36:00-05:00,140.0,140.07,140.0,140.07,0,0.0,0.0
2024-12-09 05:48:00-05:00,139.95,139.95,139.95,139.95,0,0.0,0.0
2024-12-09 05:49:00-05:00,140.11,140.11,140.11,140.11,0,0.0,0.0
2024-12-09 05:56:00-05:00,140.11,140.11,140.11,140.11,0,0.0,0.0
2024-12-09 06:07:00-05:00,140.15,140.15,140.15,140.15,0,0.0,0.0
2024-12-09 06:08:00-05:00,140.15,140.15,140.15,140.15,0,0.0,0.0
2024-12-09 06:11:00-05:00,139.9,139.9,139.9,139.9,0,0.0,0.0
2024-12-09 06:16:00-05:00,139.9,139.9,139.84,139.84,0,0.0,0.0
2024-12-09 06:21:00-05:00,139.8,139.8,139.8,139.8,0,0.0,0.0
2024-12-09 06:22:00-05:00,139.78,139.8,139.7,139.8,0,0.0,0.0
2024-12-09 06:34:00-05:00,139.69,139.69,139.69,139.69,0,0.0,0.0
2024-12-09 06:36:00-05:00,139.6,139.6,139.54,139.54,0,0.0,0.0
2024-12-09 06:37:00-05:00,139.5,139.5,139.43,139.43,0,0.0,0.0
2024-12-09 06:38:00-05:00,139.4,139.4,139.39,139.39,0,0.0,0.0
2024-12-09 06:39:00-05:00,139.38,139.41,139.34,139.34,0,0.0,0.0
2024-12-09 06:40:00-05:00,139.38,139.38,139.38,139.38,0,0.0,0.0
2024-12-09 06:44:00-05:00,139.34,139.34,139.15,139.16,0,0.0,0.0
2024-12-09 06:47:00-05:00,139.16,139.16,139.16,139.16,0,0.0,0.0
2024-12-09 06:48:00-05:00,139.48,139.55,139.48,139.55,0,0.0,0.0
2024-12-09 06:49:00-05:00,139.2,139.2,139.2,139.2,0,0.0,0.0
2024-12-09 06:56:00-05:00,139.3,139.3,139.3,139.3,0,0.0,0.0
2024-12-09 07:09:00-05:00,139.94,139.94,139.94,139.94,0,0.0,0.0
2024-12-09 07:17:00-05:00,139.86,139.86,139.86,139.86,0,0.0,0.0
2024-12-09 07:18:00-05:00,139.86,139.86,139.83,139.83,0,0.0,0.0
2024-12-09 07:19:00-05:00,139.83,139.83,139.83,139.83,0,0.0,0.0
2024-12-09 07:20:00-05:00,139.87,139.87,139.87,139.87,0,0.0,0.0
2024-12-09 07:25:00-05:00,139.9,139.9,139.9,139.9,0,0.0,0.0
2024-12-09 07:26:00-05:00,139.9,139.98,139.9,139.98,0,0.0,0.0
2024-12-09 07:28:00-05:00,140.04,140.04,140.04,140.04,0,0.0,0.0
2024-12-09 07:37:00-05:00,140.08,140.08,140.08,140.08,0,0.0,0.0
2024-12-09 07:42:00-05:00,140.07,140.07,140.0,140.0,0,0.0,0.0
2024-12-09 07:46:00-05:00,139.9,139.9,139.9,139.9,0,0.0,0.0
2024-12-09 07:47:00-05:00,139.96,139.96,139.96,139.96,0,0.0,0.0
2024-12-09 07:54:00-05:00,139.93,139.93,139.93,139.93,0,0.0,0.0
2024-12-09 07:55:00-05:00,139.93,139.93,139.93,139.93,0,0.0,0.0
2024-12-09 07:56:00-05:00,139.93,139.93,139.93,139.93,0,0.0,0.0
2024-12-09 08:00:00-05:00,139.53,141.0,138.53,139.9238,0,0.0,0.0
2024-12-09 08:01:00-05:00,142.95,142.95,140.02,140.02,0,0.0,0.0
2024-12-09 08:02:00-05:00,142.95,142.95,139.82,139.82,0,0.0,0.0
2024-12-09 08:05:00-05:00,140.89,140.89,140.89,140.89,0,0.0,0.0
2024-12-09 08:06:00-05:00,139.97,140.16,139.96,140.16,0,0.0,0.0
2024-12-09 08:07:00-05:00,139.97,139.97,139.97,139.97,0,0.0,0.0
2024-12-09 08:08:00-05:00,139.85,139.99,139.85,139.99,0,0.0,0.0
2024-12-09 08:09:00-05:00,139.85,139.85,139.85,139.85,0,0.0,0.0
2024-12-09 08:10:00-05:00,140.16,140.16,140.16,140.16,0,0.0,0.0
2024-12-09 08:11:00-05:00,140.03,140.03,140.03,140.03,0,0.0,0.0
2024-12-09 08:12:00-05:00,139.82,139.91,139.82,139.91,0,0.0,0.0
2024-12-09 08:13:00-05:00,139.9,139.9,139.9,139.9,0,0.0,0.0
2024-12-09 08:14:00-05:00,139.85,139.85,139.85,139.85,0,0.0,0.0
2024-12-09 08:15:00-05:00,139.83,140.538,139.81,140.538,0,0.0,0.0
2024-12-09 08:16:00-05:00,139.85,139.85,139.85,139.85,0,0.0,0.0
2024-12-09 08:17:00-05:00,139.94,139.94,139.94,139.94,0,0.0,0.0
2024-12-09 08:18:00-05:00,139.81,139.9,139.81,139.86,0,0.0,0.0
2024-12-09 08:19:00-05:00,139.84,139.96,139.84,139.96,0,0.0,0.0
2024-12-09 08:20:00-05:00,139.86,139.96,139.82,139.96,0,0.0,0.0
2024-12-09 08:21:00-05:00,139.9999,140.0,139.9999,140.0,0,0.0,0.0
2024-12-09 08:22:00-05:00,140.16,140.16,140.0,140.0,0,0.0,0.0
2024-12-09 08:24:00-05:00,139.98,139.98,139.9,139.9,0,0.0,0.0
2024-12-09 08:26:00-05:00,139.9,139.98,139.9,139.97,0,0.0,0.0
2024-12-09 08:27:00-05:00,139.97,139.97,139.91,139.91,0,0.0,0.0
2024-12-09 08:28:00-05:00,139.95,139.95,139.95,139.95,0,0.0,0.0
2024-12-09 08:29:00-05:00,139.95,139.95,139.95,139.95,0,0.0,0.0
2024-12-09 08:30:00-05:00,139.98,139.98,139.95,139.95,0,0.0,0.0
2024-12-09 08:31:00-05:00,140.01,140.16,140.0,140.1,0,0.0,0.0
2024-12-09 08:33:00-05:00,140.0,140.0,139.95,139.95,0,0.0,0.0
2024-12-09 08:34:00-05:00,139.95,139.95,139.9,139.9001,0,0.0,0.0
2024-12-09 08:35:00-05:00,139.9001,139.9001,139.9,139.9,0,0.0,0.0
2024-12-09 08:36:00-05:00,139.94,139.94,139.9,139.9,0,0.0,0.0
2024-12-09 08:37:00-05:00,139.93,140.0,139.9,139.95,0,0.0,0.0
2024-12-09 08:38:00-05:00,140.0,140.04,139.9109,139.9109,0,0.0,0.0
2024-12-09 08:39:00-05:00,139.92,140.05,139.9113,139.9113,0,0.0,0.0
2024-12-09 08:40:00-05:00,139.96,139.96,139.96,139.96,0,0.0,0.0
2024-12-09 08:42:00-05:00,139.91,139.9783,139.91,139.9783,0,0.0,0.0
2024-12-09 08:43:00-05:00,140.05,140.1,140.05,140.1,0,0.0,0.0
2024-12-09 08:44:00-05:00,140.1,140.1,140.1,140.1,0,0.0,0.0
2024-12-09 08:45:00-05:00,140.15,140.15,139.91,139.91,0,0.0,0.0
2024-12-09 08:46:00-05:00,140.1,140.2,140.1,140.11,0,0.0,0.0
2024-12-09 08:47:00-05:00,140.11,140.48,140.11,140.48,0,0.0,0.0
2024-12-09 08:48:00-05:00,140.48,140.48,140.2,140.2,0,0.0,0.0
2024-12-09 08:49:00-05:00,140.2,140.24,140.05,140.24,0,0.0,0.0
2024-12-09 08:51:00-05:00,140.4799,140.4799,140.1,140.1,0,0.0,0.0
2024-12-09 08:52:00-05:00,140.3,140.3,140.2,140.2,0,0.0,0.0
2024-12-09 08:53:00-05:00,140.2001,140.2001,140.2,140.2,0,0.0,0.0
2024-12-09 08:54:00-05:00,140.23,140.23,140.23,140.23,0,0.0,0.0
2024-12-09 08:55:00-05:00,140.24,140.24,140.1,140.1,0,0.0,0.0
2024-12-09 08:56:00-05:00,140.05,140.2,140.05,140.12,0,0.0,0.0
2024-12-09 08:57:00-05:00,140.12,140.12,140.12,140.12,0,0.0,0.0
2024-12-09 08:58:00-05:00,140.23,140.23,140.1,140.1,0,0.0,0.0
2024-12-09 08:59:00-05:00,140.15,140.15,140.15,140.15,0,0.0,0.0
2024-12-09 09:00:00-05:00,140.1,140.22,140.1,140.22,0,0.0,0.0
2024-12-09 09:01:00-05:00,140.19,140.19,140.05,140.05,0,0.0,0.0
2024-12-09 09:03:00-05:00,140.06,140.2,140.06,140.2,0,0.0,0.0
2024-12-09 09:04:00-05:00,140.1,140.18,140.08,140.08,0,0.0,0.0
2024-12-09 09:05:00-05:00,140.2,140.2,140.05,140.2,0,0.0,0.0
2024-12-09 09:07:00-05:00,140.1,140.12,140.06,140.06,0,0.0,0.0
2024-12-09 09:08:00-05:00,140.16,140.21,140.16,140.21,0,0.0,0.0
2024-12-09 09:09:00-05:00,140.2,140.2,140.05,140.05,0,0.0,0.0
2024-12-09 09:10:00-05:00,140.09,140.09,140.09,140.09,0,0.0,0.0
2024-12-09 09:11:00-05:00,140.09,140.09,140.09,140.09,0,0.0,0.0
2024-12-09 09:12:00-05:00,140.05,140.09,140.05,140.09,0,0.0,0.0
2024-12-09 09:13:00-05:00,140.09,140.09,140.09,140.09,0,0.0,0.0
2024-12-09 09:14:00-05:00,140.2,140.2,140.1898,140.1898,0,0.0,0.0
2024-12-09 09:15:00-05:00,140.11,140.11,140.1,140.1,0,0.0,0.0
2024-12-09 09:16:00-05:00,140.1,140.19,140.1,140.19,0,0.0,0.0
2024-12-09 09:17:00-05:00,140.1,140.1,140.1,140.1,0,0.0,0.0
2024-12-09 09:18:00-05:00,140.16,140.16,140.15,140.1501,0,0.0,0.0
2024-12-09 09:19:00-05:00,140.16,140.1886,140.05,140.15,0,0.0,0.0
2024-12-09 09:20:00-05:00,140.19,140.19,140.14,140.16,0,0.0,0.0
2024-12-09 09:21:00-05:00,140.17,140.2,140.17,140.17,0,0.0,0.0
2024-12-09 09:22:00-05:00,140.05,140.05,140.05,140.05,0,0.0,0.0
2024-12-09 09:23:00-05:00,140.1403,140.1403,140.1,140.1,0,0.0,0.0
2024-12-09 09:24:00-05:00,140.16,140.17,140.16,140.17,0,0.0,0.0
2024-12-09 09:25:00-05:00,140.09,140.09,140.09,140.09,0,0.0,0.0
2024-12-09 09:26:00-05:00,140.13,140.13,140.01,140.01,0,0.0,0.0
2024-12-09 09:27:00-05:00,140.0,140.3,140.0,140.3,0,0.0,0.0
2024-12-09 09:28:00-05:00,140.25,140.3,140.25,140.29,0,0.0,0.0
2024-12-09 09:29:00-05:00,140.1,140.19,140.0,140.14,0,0.0,0.0
2024-12-09 09:30:00-05:00,140.39999389648438,141.5800018310547,140.16000366210938,140.16000366210938,155435,0.0,0.0
2024-12-09 09:31:00-05:00,140.1501007080078,140.65570068359375,140.11940002441406,140.11940002441406,13624,0.0,0.0
2024-12-09 09:32:00-05:00,140.32000732421875,141.1199951171875,140.29969787597656,140.63999938964844,11684,0.0,0.0
2024-12-09 09:33:00-05:00,140.9375,140.9375,139.9510040283203,140.0500030517578,20669,0.0,0.0
2024-12-09 09:34:00-05:00,140.0449981689453,140.33999633789062,139.72079467773438,139.8000030517578,13793,0.0,0.0
2024-12-09 09:35:00-05:00,139.7449951171875,140.64109802246094,139.74249267578125,140.64109802246094,14597,0.0,0.0
2024-12-09 09:36:00-05:00,140.52000427246094,141.4530029296875,140.49110412597656,141.3000030517578,23451,0.0,0.0
2024-12-09 09:37:00-05:00,141.30999755859375,141.30999755859375,140.60000610351562,140.6999969482422,7364,0.0,0.0
2024-12-09 09:38:00-05:00,140.64999389648438,141.18670654296875,140.63999938964844,141.18649291992188,6393,0.0,0.0
2024-12-09 09:39:00-05:00,141.11000061035156,141.98500061035156,140.99139404296875,141.82000732421875,22941,0.0,0.0
2024-12-09 09:40:00-05:00,141.83999633789062,142.18629455566406,141.72000122070312,141.97999572753906,69002,0.0,0.0
2024-12-09 09:41:00-05:00,141.9149932861328,142.24000549316406,141.85000610351562,141.91000366210938,13146,0.0,0.0
2024-12-09 09:42:00-05:00,141.92999267578125,142.3000030517578,141.77999877929688,142.11000061035156,23663,0.0,0.0
2024-12-09 09:43:00-05:00,141.99000549316406,142.1999969482422,141.8000030517578,141.8000030517578,11205,0.0,0.0
2024-12-09 09:44:00-05:00,141.8249969482422,141.8249969482422,141.5500030517578,141.60000610351562,7263,0.0,0.0
2024-12-09 09:45:00-05:00,141.6300048828125,141.8800048828125,141.6300048828125,141.8800048828125,6116,0.0,0.0
2024-12-09 09:46:00-05:00,141.9600067138672,142.0,141.73390197753906,141.9949951171875,9158,0.0,0.0
2024-12-09 09:47:00-05:00,142.0823974609375,142.2700958251953,141.9949951171875,142.2700958251953,7910,0.0,0.0
2024-12-09 09:48:00-05:00,142.21499633789062,142.27999877929688,142.06640625,142.15499877929688,13043,0.0,0.0
2024-12-09 09:49:00-05:00,142.25,142.41990661621094,142.10000610351562,142.4075927734375,9907,0.0,0.0
2024-12-09 09:50:00-05:00,142.4199981689453,142.82000732421875,142.3800048828125,142.6999969482422,34965,0.0,0.0
2024-12-09 09:51:00-05:00,142.67999267578125,143.07870483398438,142.66229248046875,142.88999938964844,50384,0.0,0.0
2024-12-09 09:52:00-05:00,142.8699951171875,143.02999877929688,142.66009521484375,142.99319458007812,30190,0.0,0.0
2024-12-09 09:53:00-05:00,142.9951934814453,143.1999969482422,142.88429260253906,143.11500549316406,28572,0.0,0.0
2024-12-09 09:54:00-05:00,143.11500549316406,143.19000244140625,142.61000061035156,142.7050018310547,27305,0.0,0.0
2024-12-09 09:55:00-05:00,142.75,142.97000122070312,142.6999969482422,142.9149932861328,9131,0.0,0.0
2024-12-09 09:56:00-05:00,142.93299865722656,143.0699005126953,142.74009704589844,142.92999267578125,16633,0.0,0.0
2024-12-09 09:57:00-05:00,142.82850646972656,142.98370361328125,142.74000549316406,142.8350067138672,8501,0.0,0.0
2024-12-09 09:58:00-05:00,142.8350067138672,143.0,142.72000122070312,142.8000030517578,26637,0.0,0.0
2024-12-09 09:59:00-05:00,142.8022003173828,142.91729736328125,142.71009826660156,142.91729736328125,7372,0.0,0.0
2024-12-09 10:00:00-05:00,142.88999938964844,143.1999969482422,142.8372039794922,143.1486053466797,15434,0.0,0.0
2024-12-09 10:01:00-05:00,143.14999389648438,143.1699981689453,142.875,143.0384063720703,8496,0.0,0.0
2024-12-09 10:02:00-05:00,143.0200958251953,143.12319946289062,142.63999938964844,142.66000366210938,11819,0.0,0.0
2024-12-09 10:03:00-05:00,142.76499938964844,142.87989807128906,142.6300048828125,142.8000030517578,8528,0.0,0.0
2024-12-09 10:04:00-05:00,142.88999938964844,143.19000244140625,142.8800048828125,143.08999633789062,13316,0.0,0.0
2024-12-09 10:05:00-05:00,143.08999633789062,143.14999389648438,142.8000030517578,142.8000030517578,5436,0.0,0.0
2024-12-09 10:06:00-05:00,142.89500427246094,142.97999572753906,142.24099731445312,142.24099731445312,15209,0.0,0.0
2024-12-09 10:07:00-05:00,142.41000366210938,142.41000366210938,142.16000366210938,142.17849731445312,7316,0.0,0.0
2024-12-09 10:08:00-05:00,142.18499755859375,142.4510040283203,142.08999633789062,142.1699981689453,18087,0.0,0.0
2024-12-09 10:09:00-05:00,142.14500427246094,142.23829650878906,141.99000549316406,142.0216064453125,17310,0.0,0.0
2024-12-09 10:10:00-05:00,142.1300048828125,142.1699981689453,142.00149536132812,142.0800018310547,7595,0.0,0.0
2024-12-09 10:11:00-05:00,142.0749969482422,142.36000061035156,141.9199981689453,141.96499633789062,7856,0.0,0.0
2024-12-09 10:12:00-05:00,142.02000427246094,142.14999389648438,141.9409942626953,142.05999755859375,11052,0.0,0.0
2024-12-09 10:13:00-05:00,142.11500549316406,142.1699981689453,141.94720458984375,142.0,9254,0.0,0.0
2024-12-09 10:14:00-05:00,142.05999755859375,142.14370727539062,141.97000122070312,142.0,6756,0.0,0.0
2024-12-09 10:15:00-05:00,142.05499267578125,142.09779357910156,141.94580078125,141.94580078125,11417,0.0,0.0
2024-12-09 10:16:00-05:00,141.96499633789062,142.10000610351562,141.8800048828125,141.91000366210938,12892,0.0,0.0
2024-12-09 10:17:00-05:00,141.85000610351562,142.00999450683594,141.6999969482422,141.6999969482422,14665,0.0,0.0
2024-12-09 10:18:00-05:00,141.77000427246094,141.9199981689453,141.6199951171875,141.6199951171875,8063,0.0,0.0
2024-12-09 10:19:00-05:00,141.58999633789062,141.6719970703125,141.38999938964844,141.47500610351562,9806,0.0,0.0
2024-12-09 10:20:00-05:00,141.47500610351562,141.66000366210938,141.47000122070312,141.5500030517578,5448,0.0,0.0
2024-12-09 10:21:00-05:00,141.61000061035156,141.91000366210938,141.5395050048828,141.91000366210938,5592,0.0,0.0
2024-12-09 10:22:00-05:00,141.82000732421875,141.87010192871094,141.67999267578125,141.67999267578125,5754,0.0,0.0
2024-12-09 10:23:00-05:00,141.7100067138672,141.7100067138672,141.25,141.3000030517578,20561,0.0,0.0
2024-12-09 10:24:00-05:00,141.22740173339844,141.6114044189453,141.22740173339844,141.49000549316406,7659,0.0,0.0
2024-12-09 10:25:00-05:00,141.48500061035156,141.55999755859375,141.22999572753906,141.30999755859375,10166,0.0,0.0
2024-12-09 10:26:00-05:00,141.31500244140625,141.31500244140625,140.77879333496094,140.97000122070312,18478,0.0,0.0
2024-12-09 10:27:00-05:00,140.9600067138672,141.02940368652344,140.83999633789062,140.9199981689453,4808,0.0,0.0
2024-12-09 10:28:00-05:00,140.9199981689453,140.97000122070312,140.64999389648438,140.64999389648438,4740,0.0,0.0
2024-12-09 10:29:00-05:00,140.5,140.8144989013672,140.5,140.61000061035156,5402,0.0,0.0
2024-12-09 10:30:00-05:00,140.56080627441406,140.75999450683594,140.52000427246094,140.53199768066406,12004,0.0,0.0
2024-12-09 10:31:00-05:00,140.6999969482422,140.75999450683594,140.39999389648438,140.57000732421875,10386,0.0,0.0
2024-12-09 10:32:00-05:00,140.5800018310547,140.61500549316406,140.42999267578125,140.4600067138672,5440,0.0,0.0
2024-12-09 10:33:00-05:00,140.41000366210938,140.4904022216797,140.2906951904297,140.3699951171875,5135,0.0,0.0
2024-12-09 10:34:00-05:00,140.47999572753906,140.47999572753906,140.05999755859375,140.05999755859375,18772,0.0,0.0
2024-12-09 10:35:00-05:00,140.00999450683594,140.07000732421875,139.8699951171875,140.0,18306,0.0,0.0
2024-12-09 10:36:00-05:00,139.82000732421875,139.92999267578125,139.82000732421875,139.86000061035156,7539,0.0,0.0
2024-12-09 10:37:00-05:00,139.9250030517578,139.9250030517578,139.6199951171875,139.6199951171875,11020,0.0,0.0
2024-12-09 10:38:00-05:00,139.6352996826172,139.74000549316406,139.1999969482422,139.1999969482422,11875,0.0,0.0
2024-12-09 10:39:00-05:00,139.38999938964844,139.80999755859375,139.1750030517578,139.6490936279297,6949,0.0,0.0
2024-12-09 10:40:00-05:00,139.69500732421875,139.86000061035156,139.60000610351562,139.86000061035156,2431,0.0,0.0
2024-12-09 10:41:00-05:00,139.8000030517578,140.27000427246094,139.7593994140625,140.10499572753906,5350,0.0,0.0
2024-12-09 10:42:00-05:00,140.09500122070312,140.3800048828125,140.00999450683594,140.3800048828125,8470,0.0,0.0
2024-12-09 10:43:00-05:00,140.3699951171875,140.4499053955078,140.3000030517578,140.32000732421875,12374,0.0,0.0
2024-12-09 10:44:00-05:00,140.25,140.25,140.1291961669922,140.19119262695312,13491,0.0,0.0
2024-12-09 10:45:00-05:00,140.19500732421875,140.39999389648438,140.17100524902344,140.2274932861328,5534,0.0,0.0
2024-12-09 10:46:00-05:00,140.2949981689453,140.2949981689453,140.1999969482422,140.1999969482422,2308,0.0,0.0
2024-12-09 10:47:00-05:00,140.13999938964844,140.13999938964844,139.94000244140625,140.0500030517578,6470,0.0,0.0
2024-12-09 10:48:00-05:00,139.89129638671875,140.0,139.61000061035156,139.6533966064453,5592,0.0,0.0
2024-12-09 10:49:00-05:00,139.8000030517578,139.84500122070312,139.77000427246094,139.8260040283203,5675,0.0,0.0
2024-12-09 10:50:00-05:00,139.84869384765625,139.84869384765625,139.69500732421875,139.69639587402344,6471,0.0,0.0
2024-12-09 10:51:00-05:00,139.60000610351562,139.60000610351562,139.39999389648438,139.51629638671875,7361,0.0,0.0
2024-12-09 10:52:00-05:00,139.51870727539062,139.51870727539062,139.36000061035156,139.36000061035156,6811,0.0,0.0
2024-12-09 10:53:00-05:00,139.39999389648438,139.47999572753906,139.3000030517578,139.30999755859375,8845,0.0,0.0
2024-12-09 10:54:00-05:00,139.1999969482422,139.32000732421875,139.0500030517578,139.0500030517578,9013,0.0,0.0
2024-12-09 10:55:00-05:00,139.1199951171875,139.19000244140625,138.9600067138672,139.07000732421875,19642,0.0,0.0
2024-12-09 10:56:00-05:00,139.25999450683594,139.25999450683594,139.07000732421875,139.10000610351562,4126,0.0,0.0
2024-12-09 10:57:00-05:00,139.0,139.0,138.72999572753906,138.72999572753906,17080,0.0,0.0
2024-12-09 10:58:00-05:00,138.74000549316406,138.86000061035156,138.60000610351562,138.61000061035156,13129,0.0,0.0
2024-12-09 10:59:00-05:00,138.6199951171875,138.66000366210938,138.3300018310547,138.4561004638672,22183,0.0,0.0
2024-12-09 11:00:00-05:00,138.35000610351562,138.65989685058594,138.13999938964844,138.65989685058594,16440,0.0,0.0
2024-12-09 11:01:00-05:00,138.5800018310547,138.77000427246094,138.39999389648438,138.39999389648438,10188,0.0,0.0
2024-12-09 11:02:00-05:00,138.25,138.25,137.83999633789062,137.89999389648438,49401,0.0,0.0
2024-12-09 11:03:00-05:00,137.75,137.8498992919922,137.3997039794922,137.5,13291,0.0,0.0
2024-12-09 11:04:00-05:00,137.48500061035156,137.92999267578125,137.48500061035156,137.7050018310547,17051,0.0,0.0
2024-12-09 11:05:00-05:00,137.7050018310547,137.8000030517578,137.61000061035156,137.61000061035156,6762,0.0,0.0
2024-12-09 11:06:00-05:00,137.55999755859375,137.66990661621094,137.39500427246094,137.39500427246094,7767,0.0,0.0
2024-12-09 11:07:00-05:00,137.30999755859375,137.3311004638672,136.8800048828125,137.0399932861328,29235,0.0,0.0
2024-12-09 11:08:00-05:00,137.08250427246094,137.38999938964844,136.9676971435547,137.03900146484375,5228,0.0,0.0
2024-12-09 11:09:00-05:00,137.10499572753906,137.1096954345703,136.2899932861328,136.2899932861328,18663,0.0,0.0
2024-12-09 11:10:00-05:00,136.356201171875,136.5500030517578,136.2899932861328,136.5,16818,0.0,0.0
2024-12-09 11:11:00-05:00,136.6300048828125,136.6300048828125,136.38999938964844,136.44000244140625,4483,0.0,0.0
2024-12-09 11:12:00-05:00,136.53500366210938,136.59939575195312,136.38999938964844,136.47999572753906,9849,0.0,0.0
2024-12-09 11:13:00-05:00,136.60000610351562,136.69000244140625,136.57000732421875,136.69000244140625,6195,0.0,0.0
2024-12-09 11:16:00-05:00,137.19000244140625,137.24000549316406,137.11500549316406,137.24000549316406,32428,0.0,0.0
2024-12-09 11:17:00-05:00,137.1887969970703,137.41000366210938,137.1887969970703,137.41000366210938,4564,0.0,0.0
2024-12-09 11:18:00-05:00,137.41000366210938,137.72000122070312,137.28500366210938,137.72000122070312,19811,0.0,0.0
2024-12-09 11:19:00-05:00,137.57020568847656,137.61000061035156,137.48660278320312,137.58999633789062,4735,0.0,0.0
2024-12-09 11:20:00-05:00,137.6300048828125,137.69000244140625,137.55999755859375,137.6300048828125,10542,0.0,0.0
2024-12-09 11:21:00-05:00,137.68499755859375,137.87440490722656,137.57000732421875,137.72999572753906,16794,0.0,0.0
2024-12-09 11:22:00-05:00,137.78500366210938,137.80499267578125,137.7100067138672,137.80499267578125,2865,0.0,0.0
2024-12-09 11:23:00-05:00,137.72999572753906,137.8300018310547,137.64999389648438,137.75,4076,0.0,0.0
2024-12-09 11:24:00-05:00,137.8300018310547,137.91000366210938,137.80499267578125,137.8699951171875,5716,0.0,0.0
2024-12-09 11:25:00-05:00,137.90499877929688,138.0,137.69000244140625,137.69000244140625,8771,0.0,0.0
2024-12-09 11:26:00-05:00,137.69009399414062,137.97999572753906,137.69009399414062,137.90499877929688,5004,0.0,0.0
2024-12-09 11:27:00-05:00,137.97999572753906,138.02000427246094,137.8000030517578,137.85000610351562,5768,0.0,0.0
2024-12-09 11:28:00-05:00,137.80999755859375,137.94590759277344,137.75,137.75,6207,0.0,0.0
2024-12-09 11:29:00-05:00,137.75999450683594,137.75999450683594,137.59339904785156,137.65499877929688,4120,0.0,0.0
2024-12-09 11:30:00-05:00,137.60000610351562,137.7205047607422,137.5399932861328,137.7205047607422,9870,0.0,0.0
2024-12-09 11:31:00-05:00,137.63999938964844,137.71429443359375,137.63999938964844,137.71429443359375,3453,0.0,0.0
2024-12-09 11:32:00-05:00,137.8000030517578,137.91000366210938,137.8000030517578,137.84500122070312,1934,0.0,0.0
2024-12-09 11:33:00-05:00,137.89999389648438,137.94000244140625,137.67999267578125,137.72000122070312,11014,0.0,0.0
2024-12-09 11:34:00-05:00,137.639404296875,138.0,137.639404296875,137.99000549316406,7020,0.0,0.0
2024-12-09 11:35:00-05:00,137.98500061035156,138.14500427246094,137.97000122070312,138.14500427246094,13831,0.0,0.0
2024-12-09 11:36:00-05:00,138.13999938964844,138.1999969482422,138.0012969970703,138.0399932861328,8059,0.0,0.0
2024-12-09 11:37:00-05:00,138.05999755859375,138.39999389648438,138.0301055908203,138.34140014648438,12076,0.0,0.0
2024-12-09 11:38:00-05:00,138.3800048828125,138.50999450683594,138.27169799804688,138.4499969482422,12981,0.0,0.0
2024-12-09 11:39:00-05:00,138.5,138.5998992919922,138.47000122070312,138.5998992919922,8957,0.0,0.0
2024-12-09 11:40:00-05:00,138.5,138.60000610351562,138.5,138.5,5592,0.0,0.0
2024-12-09 11:41:00-05:00,138.5500030517578,138.7050018310547,138.5500030517578,138.65499877929688,9673,0.0,0.0
2024-12-09 11:42:00-05:00,138.61000061035156,138.61000061035156,138.5399932861328,138.55499267578125,16630,0.0,0.0
2024-12-09 11:43:00-05:00,138.64999389648438,138.64999389648438,138.50010681152344,138.59500122070312,14944,0.0,0.0
2024-12-09 11:44:00-05:00,138.55999755859375,138.64999389648438,138.5117950439453,138.61000061035156,4035,0.0,0.0
2024-12-09 11:45:00-05:00,138.77000427246094,138.85069274902344,138.61000061035156,138.73500061035156,8226,0.0,0.0
2024-12-09 11:46:00-05:00,138.60499572753906,138.78500366210938,138.55999755859375,138.78500366210938,6032,0.0,0.0
2024-12-09 11:47:00-05:00,138.7449951171875,138.77000427246094,138.6300048828125,138.66490173339844,9065,0.0,0.0
2024-12-09 11:48:00-05:00,138.6699981689453,138.83999633789062,138.54420471191406,138.77999877929688,15882,0.0,0.0
2024-12-09 11:49:00-05:00,138.8000030517578,138.89999389648438,138.69000244140625,138.86990356445312,5330,0.0,0.0
2024-12-09 11:50:00-05:00,138.77000427246094,139.0,138.72999572753906,138.99989318847656,12665,0.0,0.0
2024-12-09 11:51:00-05:00,138.8699951171875,139.07460021972656,138.75160217285156,139.07460021972656,8499,0.0,0.0
2024-12-09 11:52:00-05:00,139.0,139.0,138.95950317382812,138.97000122070312,6611,0.0,0.0
2024-12-09 11:53:00-05:00,138.9199981689453,139.08999633789062,138.9149932861328,139.08999633789062,8729,0.0,0.0
2024-12-09 11:54:00-05:00,139.16000366210938,139.16000366210938,138.94500732421875,138.94500732421875,7134,0.0,0.0
2024-12-09 11:55:00-05:00,138.94500732421875,138.94500732421875,138.8782958984375,138.92999267578125,2478,0.0,0.0
2024-12-09 11:56:00-05:00,138.94000244140625,139.02000427246094,138.8300018310547,138.89500427246094,9416,0.0,0.0
2024-12-09 11:57:00-05:00,138.89999389648438,138.89999389648438,138.75,138.8000030517578,3951,0.0,0.0
2024-12-09 11:58:00-05:00,138.80999755859375,138.99819946289062,138.80999755859375,138.89999389648438,2298,0.0,0.0
2024-12-09 11:59:00-05:00,138.97999572753906,138.97999572753906,138.57000732421875,138.5850067138672,13336,0.0,0.0
2024-12-09 12:00:00-05:00,138.57000732421875,138.63999938964844,138.5,138.52000427246094,5815,0.0,0.0
2024-12-09 12:01:00-05:00,138.66000366210938,138.8300018310547,138.610595703125,138.8300018310547,6548,0.0,0.0
2024-12-09 12:02:00-05:00,139.08999633789062,139.08999633789062,139.08999633789062,139.08999633789062,505,0.0,0.0
2024-12-09 12:03:00-05:00,139.0850067138672,139.14999389648438,138.97000122070312,138.99000549316406,4620,0.0,0.0
2024-12-09 12:04:00-05:00,139.0010986328125,139.2187957763672,139.0010986328125,139.2187957763672,2871,0.0,0.0
2024-12-09 12:05:00-05:00,139.10800170898438,139.13800048828125,138.85000610351562,138.85000610351562,4453,0.0,0.0
2024-12-09 12:06:00-05:00,138.7801055908203,138.9499969482422,138.7801055908203,138.9499969482422,4656,0.0,0.0
2024-12-09 12:07:00-05:00,138.89500427246094,139.0,138.87939453125,138.94259643554688,2937,0.0,0.0
2024-12-09 12:08:00-05:00,139.03750610351562,139.14990234375,138.96800231933594,138.96800231933594,1733,0.0,0.0
2024-12-09 12:09:00-05:00,139.0449981689453,139.17999267578125,138.98410034179688,139.17999267578125,2264,0.0,0.0
2024-12-09 12:10:00-05:00,139.0800018310547,139.16000366210938,138.97000122070312,139.02000427246094,3219,0.0,0.0
2024-12-09 12:11:00-05:00,139.0655059814453,139.0854949951172,138.97000122070312,138.99000549316406,4077,0.0,0.0
2024-12-09 12:12:00-05:00,139.02999877929688,139.08999633789062,139.0,139.00010681152344,2204,0.0,0.0
2024-12-09 12:13:00-05:00,139.02090454101562,139.1114959716797,139.02090454101562,139.1114959716797,2106,0.0,0.0
2024-12-09 12:14:00-05:00,139.13999938964844,139.1999969482422,139.0509033203125,139.1699981689453,3176,0.0,0.0
2024-12-09 12:15:00-05:00,139.19000244140625,139.2100067138672,139.1300048828125,139.13999938964844,2327,0.0,0.0
2024-12-09 12:16:00-05:00,139.0800018310547,139.0850067138672,138.84010314941406,138.92999267578125,8396,0.0,0.0
2024-12-09 12:17:00-05:00,138.89010620117188,138.92999267578125,138.88999938964844,138.92539978027344,2694,0.0,0.0
2024-12-09 12:18:00-05:00,138.92999267578125,138.92999267578125,138.80999755859375,138.80999755859375,3168,0.0,0.0
2024-12-09 12:19:00-05:00,138.85000610351562,138.85000610351562,138.85000610351562,138.85000610351562,1219,0.0,0.0
2024-12-09 12:20:00-05:00,138.85000610351562,138.91000366210938,138.7899932861328,138.8000030517578,4416,0.0,0.0
2024-12-09 12:21:00-05:00,138.97000122070312,138.97999572753906,138.91299438476562,138.91299438476562,2530,0.0,0.0
2024-12-09 12:22:00-05:00,138.95860290527344,138.9600067138672,138.9199981689453,138.9199981689453,2025,0.0,0.0
2024-12-09 12:23:00-05:00,138.9600067138672,138.9600067138672,138.9600067138672,138.9600067138672,1605,0.0,0.0
2024-12-09 12:24:00-05:00,139.02000427246094,139.02999877929688,138.91009521484375,139.02000427246094,2121,0.0,0.0
2024-12-09 12:25:00-05:00,139.02499389648438,139.14999389648438,139.02499389648438,139.14999389648438,1639,0.0,0.0
2024-12-09 12:26:00-05:00,138.97999572753906,138.97999572753906,138.8582000732422,138.8582000732422,3905,0.0,0.0
2024-12-09 12:27:00-05:00,138.8000030517578,138.95840454101562,138.8000030517578,138.8000030517578,1347,0.0,0.0
2024-12-09 12:28:00-05:00,138.72999572753906,138.77499389648438,138.6699981689453,138.6999969482422,2596,0.0,0.0
2024-12-09 12:29:00-05:00,138.72999572753906,138.75999450683594,138.66079711914062,138.75999450683594,2476,0.0,0.0
2024-12-09 12:30:00-05:00,138.74989318847656,138.74989318847656,138.67999267578125,138.67999267578125,2213,0.0,0.0
2024-12-09 12:31:00-05:00,138.6999969482422,138.6999969482422,138.64999389648438,138.6999969482422,574,0.0,0.0
2024-12-09 12:32:00-05:00,138.6999969482422,138.86000061035156,138.68960571289062,138.86000061035156,2621,0.0,0.0
2024-12-09 12:33:00-05:00,138.8300018310547,138.89999389648438,138.73150634765625,138.8699951171875,973,0.0,0.0
2024-12-09 12:34:00-05:00,138.81500244140625,138.91000366210938,138.75,138.91000366210938,1181,0.0,0.0
2024-12-09 12:35:00-05:00,138.76010131835938,138.8350067138672,138.76010131835938,138.8249969482422,2320,0.0,0.0
2024-12-09 12:36:00-05:00,138.87730407714844,138.88999938964844,138.87730407714844,138.88999938964844,2081,0.0,0.0
2024-12-09 12:37:00-05:00,138.82009887695312,138.88999938964844,138.82009887695312,138.88999938964844,2053,0.0,0.0
2024-12-09 12:38:00-05:00,138.82000732421875,138.88499450683594,138.82000732421875,138.8300018310547,3139,0.0,0.0
2024-12-09 12:39:00-05:00,138.82000732421875,138.82000732421875,138.77999877929688,138.77999877929688,2943,0.0,0.0
2024-12-09 12:40:00-05:00,138.77499389648438,138.91000366210938,138.77499389648438,138.89999389648438,2087,0.0,0.0
2024-12-09 12:41:00-05:00,138.9149932861328,138.93499755859375,138.9149932861328,138.92999267578125,1645,0.0,0.0
2024-12-09 12:42:00-05:00,138.93499755859375,138.93499755859375,138.9237060546875,138.9237060546875,1309,0.0,0.0
2024-12-09 12:43:00-05:00,138.9499969482422,139.0500030517578,138.9499969482422,139.0500030517578,3221,0.0,0.0
2024-12-09 12:44:00-05:00,139.07000732421875,139.08999633789062,139.0050048828125,139.07000732421875,1871,0.0,0.0
2024-12-09 12:45:00-05:00,138.9949951171875,139.07000732421875,138.9470977783203,139.07000732421875,2327,0.0,0.0
2024-12-09 12:46:00-05:00,139.00999450683594,139.15530395507812,138.99659729003906,139.05670166015625,3216,0.0,0.0
2024-12-09 12:47:00-05:00,139.1300048828125,139.1300048828125,139.04820251464844,139.04820251464844,1435,0.0,0.0
2024-12-09 12:48:00-05:00,139.11000061035156,139.16000366210938,139.0500030517578,139.16000366210938,3283,0.0,0.0
2024-12-09 12:49:00-05:00,139.1999969482422,139.1999969482422,139.1999969482422,139.1999969482422,3213,0.0,0.0
2024-12-09 12:50:00-05:00,139.3300018310547,139.49989318847656,139.3300018310547,139.47999572753906,5572,0.0,0.0
2024-12-09 12:51:00-05:00,139.4199981689453,139.4199981689453,139.33009338378906,139.40859985351562,5750,0.0,0.0
2024-12-09 12:52:00-05:00,139.38720703125,139.38999938964844,139.3466033935547,139.38999938964844,1678,0.0,0.0
2024-12-09 12:53:00-05:00,139.38999938964844,139.42999267578125,139.27999877929688,139.27999877929688,5361,0.0,0.0
2024-12-09 12:54:00-05:00,139.4199981689453,139.57000732421875,139.3824005126953,139.51589965820312,3491,0.0,0.0
2024-12-09 12:55:00-05:00,139.48500061035156,139.4949951171875,139.41119384765625,139.47500610351562,1965,0.0,0.0
2024-12-09 12:56:00-05:00,139.39199829101562,139.39199829101562,139.17999267578125,139.25999450683594,10867,0.0,0.0
2024-12-09 12:57:00-05:00,139.22500610351562,139.22500610351562,139.13600158691406,139.22500610351562,3071,0.0,0.0
2024-12-09 12:58:00-05:00,139.22500610351562,139.3300018310547,139.22500610351562,139.3300018310547,2809,0.0,0.0
2024-12-09 12:59:00-05:00,139.2050018310547,139.22999572753906,139.18499755859375,139.22999572753906,1546,0.0,0.0
2024-12-09 13:00:00-05:00,139.2050018310547,139.27000427246094,139.1300048828125,139.13999938964844,10822,0.0,0.0
2024-12-09 13:01:00-05:00,139.1237030029297,139.14999389648438,139.0,139.11000061035156,4976,0.0,0.0
2024-12-09 13:02:00-05:00,139.25,139.25,139.14280700683594,139.14280700683594,2202,0.0,0.0
2024-12-09 13:03:00-05:00,139.3300018310547,139.36000061035156,139.24000549316406,139.24000549316406,1600,0.0,0.0
2024-12-09 13:04:00-05:00,139.24000549316406,139.32989501953125,139.14010620117188,139.1699981689453,2783,0.0,0.0
2024-12-09 13:05:00-05:00,139.26499938964844,139.47000122070312,139.20010375976562,139.47000122070312,4643,0.0,0.0
2024-12-09 13:06:00-05:00,139.3551025390625,139.47000122070312,139.27389526367188,139.3300018310547,1454,0.0,0.0
2024-12-09 13:07:00-05:00,139.3300018310547,139.44000244140625,139.20010375976562,139.38999938964844,884,0.0,0.0
2024-12-09 13:08:00-05:00,139.3000030517578,139.47000122070312,139.3000030517578,139.47000122070312,1490,0.0,0.0
2024-12-09 13:09:00-05:00,139.47000122070312,139.47000122070312,139.24000549316406,139.24000549316406,6070,0.0,0.0
2024-12-09 13:10:00-05:00,139.24000549316406,139.24000549316406,139.24000549316406,139.24000549316406,797,0.0,0.0
2024-12-09 13:11:00-05:00,139.22000122070312,139.23500061035156,139.1699981689453,139.1699981689453,3123,0.0,0.0
2024-12-09 13:12:00-05:00,139.16000366210938,139.16000366210938,139.16000366210938,139.16000366210938,2516,0.0,0.0
2024-12-09 13:13:00-05:00,139.19500732421875,139.27000427246094,139.1511993408203,139.2449951171875,7296,0.0,0.0
2024-12-09 13:14:00-05:00,139.2449951171875,139.2449951171875,139.17999267578125,139.17999267578125,1727,0.0,0.0
2024-12-09 13:15:00-05:00,139.19500732421875,139.22999572753906,139.19500732421875,139.22999572753906,1765,0.0,0.0
2024-12-09 13:16:00-05:00,139.19500732421875,139.19500732421875,139.0800018310547,139.0800018310547,4403,0.0,0.0
2024-12-09 13:17:00-05:00,139.02000427246094,139.0800018310547,139.02000427246094,139.0449981689453,1807,0.0,0.0
2024-12-09 13:18:00-05:00,139.0800018310547,139.1699981689453,139.02000427246094,139.07640075683594,2404,0.0,0.0
2024-12-09 13:19:00-05:00,139.08999633789062,139.08999633789062,139.08999633789062,139.08999633789062,1268,0.0,0.0
2024-12-09 13:20:00-05:00,139.14999389648438,139.14999389648438,139.02000427246094,139.1300048828125,1182,0.0,0.0
2024-12-09 13:21:00-05:00,139.13999938964844,139.32000732421875,139.10899353027344,139.17999267578125,2710,0.0,0.0
2024-12-09 13:22:00-05:00,139.18499755859375,139.25,139.18499755859375,139.21499633789062,3078,0.0,0.0
2024-12-09 13:23:00-05:00,139.42999267578125,139.42999267578125,139.32000732421875,139.4199981689453,912,0.0,0.0
2024-12-09 13:24:00-05:00,139.3300018310547,139.41000366210938,139.3300018310547,139.3300018310547,1236,0.0,0.0
2024-12-09 13:25:00-05:00,139.38999938964844,139.4600067138672,139.38999938964844,139.4149932861328,1771,0.0,0.0
2024-12-09 13:26:00-05:00,139.360107421875,139.47999572753906,139.360107421875,139.42999267578125,4990,0.0,0.0
2024-12-09 13:27:00-05:00,139.36599731445312,139.44000244140625,139.36599731445312,139.44000244140625,514,0.0,0.0
2024-12-09 13:28:00-05:00,139.47999572753906,139.5500030517578,139.47999572753906,139.51499938964844,3333,0.0,0.0
2024-12-09 13:29:00-05:00,139.54229736328125,139.54229736328125,139.52000427246094,139.52000427246094,1563,0.0,0.0
2024-12-09 13:30:00-05:00,139.4600067138672,139.48989868164062,139.33380126953125,139.41000366210938,4493,0.0,0.0
2024-12-09 13:31:00-05:00,139.36000061035156,139.36000061035156,139.36000061035156,139.36000061035156,1231,0.0,0.0
2024-12-09 13:32:00-05:00,139.3000946044922,139.4123992919922,139.3000946044922,139.4123992919922,470,0.0,0.0
2024-12-09 13:33:00-05:00,139.39500427246094,139.4499969482422,139.39500427246094,139.4499969482422,528,0.0,0.0
2024-12-09 13:34:00-05:00,139.41000366210938,139.44000244140625,139.3699951171875,139.38999938964844,2088,0.0,0.0
2024-12-09 13:35:00-05:00,139.42999267578125,139.69000244140625,139.42999267578125,139.58999633789062,13774,0.0,0.0
2024-12-09 13:36:00-05:00,139.55499267578125,139.6699981689453,139.55499267578125,139.64999389648438,7293,0.0,0.0
2024-12-09 13:37:00-05:00,139.64999389648438,139.8699951171875,139.60000610351562,139.8699951171875,3910,0.0,0.0
2024-12-09 13:38:00-05:00,139.8350067138672,139.88999938964844,139.77999877929688,139.88999938964844,2701,0.0,0.0
2024-12-09 13:39:00-05:00,139.89999389648438,139.94000244140625,139.8699951171875,139.88999938964844,6342,0.0,0.0
2024-12-09 13:40:00-05:00,139.83599853515625,139.85000610351562,139.7303009033203,139.7303009033203,5867,0.0,0.0
2024-12-09 13:41:00-05:00,139.72999572753906,139.74000549316406,139.47999572753906,139.47999572753906,7144,0.0,0.0
2024-12-09 13:42:00-05:00,139.44000244140625,139.4600067138672,139.35000610351562,139.38499450683594,2236,0.0,0.0
2024-12-09 13:43:00-05:00,139.38999938964844,139.38999938964844,139.22999572753906,139.38999938964844,3511,0.0,0.0
2024-12-09 13:44:00-05:00,139.41000366210938,139.5800018310547,139.38999938964844,139.4199981689453,8695,0.0,0.0
2024-12-09 13:45:00-05:00,139.49000549316406,139.64999389648438,139.41079711914062,139.5850067138672,7662,0.0,0.0
2024-12-09 13:46:00-05:00,139.6699981689453,139.6699981689453,139.6199951171875,139.6199951171875,461,0.0,0.0
2024-12-09 13:47:00-05:00,139.6199951171875,139.6999969482422,139.54249572753906,139.6999969482422,2340,0.0,0.0
2024-12-09 13:48:00-05:00,139.63499450683594,139.63499450683594,139.63499450683594,139.63499450683594,632,0.0,0.0
2024-12-09 13:49:00-05:00,139.66000366210938,139.74000549316406,139.6300048828125,139.6300048828125,965,0.0,0.0
2024-12-09 13:50:00-05:00,139.5800018310547,139.5800018310547,139.5800018310547,139.5800018310547,1133,0.0,0.0
2024-12-09 13:51:00-05:00,139.52000427246094,139.52000427246094,139.52000427246094,139.52000427246094,1035,0.0,0.0
2024-12-09 13:52:00-05:00,139.5399932861328,139.60000610351562,139.49090576171875,139.60000610351562,1200,0.0,0.0
2024-12-09 13:53:00-05:00,139.59500122070312,139.59500122070312,139.59500122070312,139.59500122070312,221,0.0,0.0
2024-12-09 13:54:00-05:00,139.5500030517578,139.61000061035156,139.5135040283203,139.57040405273438,3193,0.0,0.0
2024-12-09 13:55:00-05:00,139.51300048828125,139.5821075439453,139.49000549316406,139.55499267578125,2983,0.0,0.0
2024-12-09 13:56:00-05:00,139.60000610351562,139.625,139.60000610351562,139.61749267578125,1591,0.0,0.0
2024-12-09 13:57:00-05:00,139.61500549316406,139.61500549316406,139.5500030517578,139.5500030517578,2227,0.0,0.0
2024-12-09 13:58:00-05:00,139.5500030517578,139.5500030517578,139.47000122070312,139.5211944580078,2313,0.0,0.0
2024-12-09 13:59:00-05:00,139.55999755859375,139.55999755859375,139.5,139.52000427246094,2210,0.0,0.0
2024-12-09 14:00:00-05:00,139.48500061035156,139.51220703125,139.35000610351562,139.3800048828125,6812,0.0,0.0
2024-12-09 14:01:00-05:00,139.39999389648438,139.39999389648438,139.35000610351562,139.35000610351562,2059,0.0,0.0
2024-12-09 14:02:00-05:00,139.2949981689453,139.30999755859375,139.2100067138672,139.2100067138672,4171,0.0,0.0
2024-12-09 14:03:00-05:00,139.2100067138672,139.2427978515625,139.1999969482422,139.24000549316406,2167,0.0,0.0
2024-12-09 14:04:00-05:00,139.17999267578125,139.2012939453125,139.12649536132812,139.12649536132812,2007,0.0,0.0
2024-12-09 14:05:00-05:00,139.14999389648438,139.14999389648438,139.11000061035156,139.11000061035156,720,0.0,0.0
2024-12-09 14:06:00-05:00,139.13999938964844,139.16000366210938,139.11790466308594,139.11790466308594,2039,0.0,0.0
2024-12-09 14:07:00-05:00,139.14500427246094,139.1999969482422,139.13760375976562,139.13760375976562,3953,0.0,0.0
2024-12-09 14:08:00-05:00,139.27999877929688,139.30999755859375,139.27999877929688,139.30499267578125,2444,0.0,0.0
2024-12-09 14:09:00-05:00,139.30499267578125,139.38499450683594,139.27000427246094,139.38499450683594,2893,0.0,0.0
2024-12-09 14:10:00-05:00,139.38999938964844,139.38999938964844,139.33059692382812,139.33059692382812,388,0.0,0.0
2024-12-09 14:11:00-05:00,139.39500427246094,139.39999389648438,139.38999938964844,139.38999938964844,1030,0.0,0.0
2024-12-09 14:12:00-05:00,139.38999938964844,139.44000244140625,139.38999938964844,139.40499877929688,1352,0.0,0.0
2024-12-09 14:13:00-05:00,139.38999938964844,139.39999389648438,139.2899932861328,139.35000610351562,2822,0.0,0.0
2024-12-09 14:14:00-05:00,139.27999877929688,139.27999877929688,139.22999572753906,139.22999572753906,956,0.0,0.0
2024-12-09 14:15:00-05:00,139.22000122070312,139.22000122070312,139.22000122070312,139.22000122070312,711,0.0,0.0
2024-12-09 14:16:00-05:00,139.0500030517578,139.11000061035156,139.0500030517578,139.11000061035156,2967,0.0,0.0
2024-12-09 14:18:00-05:00,139.11000061035156,139.1199951171875,139.11000061035156,139.1199951171875,533,0.0,0.0
2024-12-09 14:19:00-05:00,139.1199951171875,139.1199951171875,139.0601043701172,139.08999633789062,1710,0.0,0.0
2024-12-09 14:20:00-05:00,139.08999633789062,139.08999633789062,139.03370666503906,139.03370666503906,2965,0.0,0.0
2024-12-09 14:21:00-05:00,139.08999633789062,139.2100067138672,139.08999633789062,139.17999267578125,2436,0.0,0.0
2024-12-09 14:22:00-05:00,139.17999267578125,139.25,139.125,139.25,2085,0.0,0.0
2024-12-09 14:23:00-05:00,139.22999572753906,139.22999572753906,139.22999572753906,139.22999572753906,6768,0.0,0.0
2024-12-09 14:24:00-05:00,139.33999633789062,139.4499969482422,139.1999969482422,139.1999969482422,14439,0.0,0.0
2024-12-09 14:25:00-05:00,139.22000122070312,139.22000122070312,139.02999877929688,139.08999633789062,17179,0.0,0.0
2024-12-09 14:26:00-05:00,139.07000732421875,139.08990478515625,138.9001007080078,139.08990478515625,6198,0.0,0.0
2024-12-09 14:27:00-05:00,139.03480529785156,139.07249450683594,139.01499938964844,139.01499938964844,1594,0.0,0.0
2024-12-09 14:28:00-05:00,139.02099609375,139.08999633789062,138.9499969482422,138.9499969482422,3894,0.0,0.0
2024-12-09 14:29:00-05:00,138.9799041748047,138.9799041748047,138.77000427246094,138.77999877929688,5418,0.0,0.0
2024-12-09 14:30:00-05:00,138.84500122070312,138.8699951171875,138.8000030517578,138.80999755859375,2049,0.0,0.0
2024-12-09 14:31:00-05:00,138.8000030517578,138.8000030517578,138.66119384765625,138.66119384765625,3296,0.0,0.0
2024-12-09 14:32:00-05:00,138.6999969482422,138.6999969482422,138.6999969482422,138.6999969482422,266,0.0,0.0
2024-12-09 14:33:00-05:00,138.6999969482422,138.6999969482422,138.5811004638672,138.5811004638672,1372,0.0,0.0
2024-12-09 14:34:00-05:00,138.69000244140625,138.69000244140625,138.6199951171875,138.66050720214844,3054,0.0,0.0
2024-12-09 14:35:00-05:00,138.60000610351562,138.63499450683594,138.58999633789062,138.63499450683594,2321,0.0,0.0
2024-12-09 14:36:00-05:00,138.63499450683594,138.73989868164062,138.5800018310547,138.66000366210938,3557,0.0,0.0
2024-12-09 14:37:00-05:00,138.5500030517578,138.61000061035156,138.5399932861328,138.61000061035156,2893,0.0,0.0
2024-12-09 14:38:00-05:00,138.61000061035156,138.61000061035156,138.5655975341797,138.61000061035156,1904,0.0,0.0
2024-12-09 14:39:00-05:00,138.5399932861328,138.5500030517578,138.52000427246094,138.52000427246094,3606,0.0,0.0
2024-12-09 14:40:00-05:00,138.51119995117188,138.5449981689453,138.39999389648438,138.39999389648438,10065,0.0,0.0
2024-12-09 14:41:00-05:00,138.3699951171875,138.44020080566406,138.26089477539062,138.36990356445312,2057,0.0,0.0
2024-12-09 14:42:00-05:00,138.25999450683594,138.25999450683594,138.2100067138672,138.2449951171875,1232,0.0,0.0
2024-12-09 14:43:00-05:00,138.27999877929688,138.42999267578125,138.27999877929688,138.41000366210938,2779,0.0,0.0
2024-12-09 14:44:00-05:00,138.40049743652344,138.49000549316406,138.40040588378906,138.49000549316406,2282,0.0,0.0
2024-12-09 14:45:00-05:00,138.4250030517578,138.4250030517578,138.39559936523438,138.4250030517578,729,0.0,0.0
2024-12-09 14:46:00-05:00,138.36000061035156,138.36500549316406,138.25999450683594,138.25999450683594,3750,0.0,0.0
2024-12-09 14:47:00-05:00,138.2935028076172,138.2935028076172,138.1999969482422,138.1999969482422,1402,0.0,0.0
2024-12-09 14:48:00-05:00,138.1999969482422,138.1999969482422,138.11000061035156,138.13499450683594,2314,0.0,0.0
2024-12-09 14:49:00-05:00,138.19000244140625,138.26499938964844,138.14999389648438,138.1750030517578,2948,0.0,0.0
2024-12-09 14:50:00-05:00,138.25,138.25,138.1699981689453,138.1699981689453,1287,0.0,0.0
2024-12-09 14:51:00-05:00,138.125,138.15499877929688,138.125,138.15499877929688,911,0.0,0.0
2024-12-09 14:52:00-05:00,138.1199951171875,138.22500610351562,138.1199951171875,138.22500610351562,4341,0.0,0.0
2024-12-09 14:53:00-05:00,138.21189880371094,138.3699951171875,138.21189880371094,138.3699951171875,1304,0.0,0.0
2024-12-09 14:54:00-05:00,138.3800048828125,138.41000366210938,138.3800048828125,138.41000366210938,2075,0.0,0.0
2024-12-09 14:55:00-05:00,138.4499969482422,138.50999450683594,138.4499969482422,138.50999450683594,1851,0.0,0.0
2024-12-09 14:56:00-05:00,138.50999450683594,138.50999450683594,138.4499969482422,138.4499969482422,1834,0.0,0.0
2024-12-09 14:57:00-05:00,138.4600067138672,138.4600067138672,138.4600067138672,138.4600067138672,1060,0.0,0.0
2024-12-09 14:58:00-05:00,138.4600067138672,138.4600067138672,138.4600067138672,138.4600067138672,778,0.0,0.0
2024-12-09 14:59:00-05:00,138.5,138.51499938964844,138.5,138.51499938964844,1574,0.0,0.0
2024-12-09 15:00:00-05:00,138.41900634765625,138.44000244140625,138.41000366210938,138.41000366210938,1544,0.0,0.0
2024-12-09 15:01:00-05:00,138.3800048828125,138.41000366210938,138.32249450683594,138.40499877929688,5180,0.0,0.0
2024-12-09 15:02:00-05:00,138.39999389648438,138.4199981689453,138.36500549316406,138.4199981689453,1627,0.0,0.0
2024-12-09 15:03:00-05:00,138.44000244140625,138.46189880371094,138.44000244140625,138.46189880371094,1531,0.0,0.0
2024-12-09 15:04:00-05:00,138.46499633789062,138.48500061035156,138.43499755859375,138.43499755859375,1760,0.0,0.0
2024-12-09 15:05:00-05:00,138.43190002441406,138.4499969482422,138.41000366210938,138.4199981689453,6405,0.0,0.0
2024-12-09 15:06:00-05:00,138.44729614257812,138.48500061035156,138.44729614257812,138.48159790039062,1863,0.0,0.0
2024-12-09 15:07:00-05:00,138.52999877929688,138.6199951171875,138.52999877929688,138.5850067138672,2563,0.0,0.0
2024-12-09 15:08:00-05:00,138.53500366210938,138.53500366210938,138.51010131835938,138.51010131835938,2232,0.0,0.0
2024-12-09 15:09:00-05:00,138.5850067138672,138.5850067138672,138.50999450683594,138.5399932861328,5478,0.0,0.0
2024-12-09 15:10:00-05:00,138.5,138.53500366210938,138.231201171875,138.24000549316406,12666,0.0,0.0
2024-12-09 15:11:00-05:00,138.2100067138672,138.21499633789062,138.1999969482422,138.21499633789062,2064,0.0,0.0
2024-12-09 15:12:00-05:00,138.2100067138672,138.21499633789062,138.13009643554688,138.21499633789062,7324,0.0,0.0
2024-12-09 15:13:00-05:00,138.1699981689453,138.2449951171875,138.1699981689453,138.2449951171875,1297,0.0,0.0
2024-12-09 15:14:00-05:00,138.2899932861328,138.3491973876953,138.25999450683594,138.26499938964844,4093,0.0,0.0
2024-12-09 15:15:00-05:00,138.3300018310547,138.42999267578125,138.3300018310547,138.42999267578125,4033,0.0,0.0
2024-12-09 15:16:00-05:00,138.35000610351562,138.43499755859375,138.35000610351562,138.35000610351562,6952,0.0,0.0
2024-12-09 15:17:00-05:00,138.36000061035156,138.4199981689453,138.27000427246094,138.27000427246094,3524,0.0,0.0
2024-12-09 15:18:00-05:00,138.22999572753906,138.33999633789062,138.22999572753906,138.33999633789062,3210,0.0,0.0
2024-12-09 15:19:00-05:00,138.3699951171875,138.375,138.30999755859375,138.375,2140,0.0,0.0
2024-12-09 15:20:00-05:00,138.38999938964844,138.52000427246094,138.38999938964844,138.52000427246094,1295,0.0,0.0
2024-12-09 15:21:00-05:00,138.52999877929688,138.52999877929688,138.44500732421875,138.44500732421875,3388,0.0,0.0
2024-12-09 15:22:00-05:00,138.4499969482422,138.4499969482422,138.3800048828125,138.3800048828125,3970,0.0,0.0
2024-12-09 15:23:00-05:00,138.41000366210938,138.41000366210938,138.27000427246094,138.27000427246094,4139,0.0,0.0
2024-12-09 15:24:00-05:00,138.30499267578125,138.43499755859375,138.2823028564453,138.43499755859375,3610,0.0,0.0
2024-12-09 15:25:00-05:00,138.42999267578125,138.4600067138672,138.3800048828125,138.4149932861328,4895,0.0,0.0
2024-12-09 15:26:00-05:00,138.43499755859375,138.43499755859375,138.3800048828125,138.3800048828125,6831,0.0,0.0
2024-12-09 15:27:00-05:00,138.32000732421875,138.32000732421875,138.25999450683594,138.25999450683594,1590,0.0,0.0
2024-12-09 15:28:00-05:00,138.27000427246094,138.27000427246094,138.22999572753906,138.26499938964844,3781,0.0,0.0
2024-12-09 15:29:00-05:00,138.25999450683594,138.2794952392578,138.0500030517578,138.25,8433,0.0,0.0
2024-12-09 15:30:00-05:00,138.32000732421875,138.4499969482422,138.32000732421875,138.44000244140625,6753,0.0,0.0
2024-12-09 15:31:00-05:00,138.5,138.6300048828125,138.5,138.5399932861328,1978,0.0,0.0
2024-12-09 15:32:00-05:00,138.5399932861328,138.64370727539062,138.47560119628906,138.5399932861328,8919,0.0,0.0
2024-12-09 15:33:00-05:00,138.4969940185547,138.64999389648438,138.4969940185547,138.59500122070312,3891,0.0,0.0
2024-12-09 15:34:00-05:00,138.55979919433594,138.60499572753906,138.4600067138672,138.49000549316406,7239,0.0,0.0
2024-12-09 15:35:00-05:00,138.48300170898438,138.48300170898438,138.4199981689453,138.47000122070312,3951,0.0,0.0
2024-12-09 15:36:00-05:00,138.47500610351562,138.5500030517578,138.47000122070312,138.5500030517578,3988,0.0,0.0
2024-12-09 15:37:00-05:00,138.5800018310547,138.6199951171875,138.53880310058594,138.6199951171875,3866,0.0,0.0
2024-12-09 15:38:00-05:00,138.5399932861328,138.60000610351562,138.52999877929688,138.58999633789062,4016,0.0,0.0
2024-12-09 15:39:00-05:00,138.5800018310547,138.6699981689453,138.55999755859375,138.6300048828125,1093,0.0,0.0
2024-12-09 15:40:00-05:00,138.61500549316406,138.8000030517578,138.61500549316406,138.6999969482422,7382,0.0,0.0
2024-12-09 15:41:00-05:00,138.77999877929688,138.80999755859375,138.75,138.75,3687,0.0,0.0
2024-12-09 15:42:00-05:00,138.76499938964844,138.77000427246094,138.67999267578125,138.69000244140625,5948,0.0,0.0
2024-12-09 15:43:00-05:00,138.68240356445312,138.69000244140625,138.57000732421875,138.63999938964844,6481,0.0,0.0
2024-12-09 15:44:00-05:00,138.6300048828125,138.63999938964844,138.55999755859375,138.63999938964844,3209,0.0,0.0
2024-12-09 15:45:00-05:00,138.66000366210938,138.75,138.66000366210938,138.7100067138672,8066,0.0,0.0
2024-12-09 15:46:00-05:00,138.74000549316406,138.77000427246094,138.6999969482422,138.74000549316406,3287,0.0,0.0
2024-12-09 15:47:00-05:00,138.72000122070312,138.75,138.6300048828125,138.6300048828125,5591,0.0,0.0
2024-12-09 15:48:00-05:00,138.69000244140625,138.75,138.66009521484375,138.6999969482422,7052,0.0,0.0
2024-12-09 15:49:00-05:00,138.7449951171875,138.85000610351562,138.7100067138672,138.80499267578125,5296,0.0,0.0
2024-12-09 15:50:00-05:00,138.86000061035156,139.3300018310547,138.86000061035156,139.2899932861328,22346,0.0,0.0
2024-12-09 15:51:00-05:00,139.3300018310547,139.47000122070312,139.2100067138672,139.4499969482422,23213,0.0,0.0
2024-12-09 15:52:00-05:00,139.4499969482422,139.55999755859375,139.3800048828125,139.52999877929688,15277,0.0,0.0
2024-12-09 15:53:00-05:00,139.55999755859375,139.82000732421875,139.5399932861328,139.75,20089,0.0,0.0
2024-12-09 15:54:00-05:00,139.74000549316406,139.8000030517578,139.58999633789062,139.67999267578125,21412,0.0,0.0
2024-12-09 15:55:00-05:00,139.6649932861328,139.72000122070312,139.5500030517578,139.69000244140625,22766,0.0,0.0
2024-12-09 15:56:00-05:00,139.6300048828125,139.83999633789062,139.49249267578125,139.83999633789062,46936,0.0,0.0
2024-12-09 15:57:00-05:00,139.83999633789062,139.83999633789062,139.57000732421875,139.65249633789062,50729,0.0,0.0
2024-12-09 15:58:00-05:00,139.66000366210938,139.7550048828125,139.6199951171875,139.7100067138672,344128,0.0,0.0
2024-12-09 15:59:00-05:00,139.74000549316406,139.83920288085938,139.5800018310547,139.7100067138672,64691,0.0,0.0
2024-12-09 16:00:00-05:00,139.64,139.66,139.64,139.66,112703,0.0,0.0
2024-12-09 16:01:00-05:00,139.66,139.66,139.64,139.64,0,0.0,0.0
2024-12-09 16:02:00-05:00,139.66,139.66,139.64,139.64,0,0.0,0.0
2024-12-09 16:03:00-05:00,139.67,139.67,139.67,139.67,0,0.0,0.0
2024-12-09 16:04:00-05:00,139.67,139.67,139.67,139.67,0,0.0,0.0
2024-12-09 16:05:00-05:00,139.67,139.67,139.64,139.67,0,0.0,0.0
2024-12-09 16:06:00-05:00,139.7,139.7,139.7,139.7,0,0.0,0.0
2024-12-09 16:07:00-05:00,139.7,139.7,139.7,139.7,0,0.0,0.0
2024-12-09 16:08:00-05:00,139.72,139.72,139.7,139.7,0,0.0,0.0
2024-12-09 16:09:00-05:00,139.7,139.7,139.64,139.6632,0,0.0,0.0
2024-12-09 16:10:00-05:00,139.77,139.9,139.77,139.9,0,0.0,0.0
2024-12-09 16:11:00-05:00,139.7614,139.7614,139.7614,139.7614,0,0.0,0.0
2024-12-09 16:13:00-05:00,139.7999,139.7999,139.7999,139.7999,0,0.0,0.0
2024-12-09 16:14:00-05:00,139.8,139.8,139.7984,139.7984,0,0.0,0.0
2024-12-09 16:15:00-05:00,139.64,139.8,139.64,139.8,0,0.0,0.0
2024-12-09 16:16:00-05:00,139.8,139.8,139.7,139.7,0,0.0,0.0
2024-12-09 16:17:00-05:00,139.76,139.7993,139.76,139.7993,0,0.0,0.0
2024-12-09 16:19:00-05:00,139.75,139.75,139.75,139.75,0,0.0,0.0
2024-12-09 16:20:00-05:00,139.66,139.7,139.66,139.7,0,0.0,0.0
2024-12-09 16:21:00-05:00,139.7,139.7,139.7,139.7,0,0.0,0.0
2024-12-09 16:22:00-05:00,139.7,139.7,139.7,139.7,0,0.0,0.0
2024-12-09 16:23:00-05:00,139.7,139.7,139.64,139.65,0,0.0,0.0
2024-12-09 16:24:00-05:00,139.66,139.68,139.6401,139.6401,0,0.0,0.0
2024-12-09 16:25:00-05:00,139.65,139.79,139.65,139.79,0,0.0,0.0
2024-12-09 16:30:00-05:00,139.6417,139.6417,139.6417,139.6417,0,0.0,0.0
2024-12-09 16:31:00-05:00,139.64,139.64,139.64,139.64,0,0.0,0.0
2024-12-09 16:32:00-05:00,139.64,139.64,139.64,139.64,0,0.0,0.0
2024-12-09 16:33:00-05:00,139.7824,139.7824,139.7824,139.7824,0,0.0,0.0
2024-12-09 16:34:00-05:00,139.7,139.7,139.7,139.7,0,0.0,0.0
2024-12-09 16:35:00-05:00,139.65,139.65,139.65,139.65,0,0.0,0.0
2024-12-09 16:36:00-05:00,139.64,139.7,139.64,139.7,0,0.0,0.0
2024-12-09 16:40:00-05:00,139.56,139.56,139.56,139.56,0,0.0,0.0
2024-12-09 16:41:00-05:00,139.69,139.75,139.69,139.75,0,0.0,0.0
2024-12-09 16:42:00-05:00,139.75,139.77,139.75,139.75,0,0.0,0.0
2024-12-09 16:43:00-05:00,139.75,139.75,139.75,139.75,0,0.0,0.0
2024-12-09 16:44:00-05:00,139.75,139.75,139.75,139.75,0,0.0,0.0
2024-12-09 16:45:00-05:00,139.75,139.75,139.75,139.75,0,0.0,0.0
2024-12-09 16:46:00-05:00,139.76,139.7888,139.75,139.7888,0,0.0,0.0
2024-12-09 16:47:00-05:00,139.76,139.76,139.76,139.76,0,0.0,0.0
2024-12-09 16:48:00-05:00,139.76,139.76,133.8571,133.8571,0,0.0,0.0
2024-12-09 16:50:00-05:00,139.74,139.74,139.74,139.74,0,0.0,0.0
2024-12-09 16:56:00-05:00,133.8571,133.8571,133.8571,133.8571,0,0.0,0.0
2024-12-09 16:57:00-05:00,139.0954,139.75,139.0954,139.75,0,0.0,0.0
2024-12-09 17:01:00-05:00,139.73,139.73,139.73,139.73,0,0.0,0.0
2024-12-09 17:05:00-05:00,139.73,139.73,139.73,139.73,0,0.0,0.0
2024-12-09 17:10:00-05:00,139.65,139.73,139.64,139.73,0,0.0,0.0
2024-12-09 17:11:00-05:00,139.74,139.75,139.74,139.75,0,0.0,0.0
2024-12-09 17:12:00-05:00,139.75,139.75,139.75,139.75,0,0.0,0.0
2024-12-09 17:13:00-05:00,139.75,139.75,139.75,139.75,0,0.0,0.0
2024-12-09 17:15:00-05:00,139.64,139.64,139.64,139.64,0,0.0,0.0
2024-12-09 17:17:00-05:00,139.79,139.79,139.79,139.79,0,0.0,0.0
2024-12-09 17:18:00-05:00,139.78,139.78,139.78,139.78,0,0.0,0.0
2024-12-09 17:21:00-05:00,139.68,139.68,139.68,139.68,0,0.0,0.0
2024-12-09 17:22:00-05:00,139.68,139.68,139.64,139.64,0,0.0,0.0
2024-12-09 17:23:00-05:00,139.7,139.75,139.7,139.75,0,0.0,0.0
2024-12-09 17:26:00-05:00,139.64,139.64,139.64,139.64,0,0.0,0.0
2024-12-09 17:27:00-05:00,139.75,139.75,139.75,139.75,0,0.0,0.0
2024-12-09 17:31:00-05:00,139.75,139.75,139.75,139.75,0,0.0,0.0
2024-12-09 17:32:00-05:00,139.33,139.33,139.33,139.33,0,0.0,0.0
2024-12-09 17:35:00-05:00,139.3415,139.3415,139.3415,139.3415,0,0.0,0.0
2024-12-09 17:36:00-05:00,139.5,139.5,139.5,139.5,0,0.0,0.0
2024-12-09 17:39:00-05:00,139.5,139.5,139.5,139.5,0,0.0,0.0
2024-12-09 17:41:00-05:00,139.3301,139.3301,139.3301,139.3301,0,0.0,0.0
2024-12-09 17:42:00-05:00,139.5,139.5,139.5,139.5,0,0.0,0.0
2024-12-09 17:45:00-05:00,139.7,139.7,139.7,139.7,0,0.0,0.0
2024-12-09 17:46:00-05:00,139.754,139.79,139.3301,139.64,0,0.0,0.0
2024-12-09 17:48:00-05:00,139.64,139.64,139.64,139.64,0,0.0,0.0
2024-12-09 17:50:00-05:00,139.64,139.64,139.64,139.64,0,0.0,0.0
2024-12-09 17:53:00-05:00,139.5,139.5,139.5,139.5,0,0.0,0.0
2024-12-09 17:56:00-05:00,139.63,139.63,139.63,139.63,0,0.0,0.0
2024-12-09 17:59:00-05:00,139.62,139.62,139.62,139.62,0,0.0,0.0
2024-12-09 18:02:00-05:00,139.33,139.33,139.33,139.33,0,0.0,0.0
2024-12-09 18:11:00-05:00,139.63,139.63,139.63,139.63,0,0.0,0.0
2024-12-09 18:14:00-05:00,139.5,139.5,139.5,139.5,0,0.0,0.0
2024-12-09 18:16:00-05:00,139.63,139.63,139.5,139.5,0,0.0,0.0
2024-12-09 18:17:00-05:00,139.63,139.63,139.63,139.63,0,0.0,0.0
2024-12-09 18:18:00-05:00,139.62,139.62,139.62,139.62,0,0.0,0.0
2024-12-09 18:19:00-05:00,139.62,139.62,139.62,139.62,0,0.0,0.0
2024-12-09 18:21:00-05:00,139.48,139.48,139.48,139.48,0,0.0,0.0
2024-12-09 18:22:00-05:00,139.63,139.63,139.63,139.63,0,0.0,0.0
2024-12-09 18:23:00-05:00,139.63,139.63,139.63,139.63,0,0.0,0.0
2024-12-09 18:24:00-05:00,139.6299,139.6299,139.6299,139.6299,0,0.0,0.0
2024-12-09 18:27:00-05:00,139.6295,139.6295,139.6295,139.6295,0,0.0,0.0
2024-12-09 18:34:00-05:00,139.55,139.55,139.55,139.55,0,0.0,0.0
2024-12-09 18:38:00-05:00,139.6,139.6,139.5,139.5,0,0.0,0.0
2024-12-09 18:40:00-05:00,139.4,139.4,139.4,139.4,0,0.0,0.0
2024-12-09 18:41:00-05:00,139.35,139.35,139.35,139.35,0,0.0,0.0
2024-12-09 18:44:00-05:00,139.35,139.63,139.35,139.63,0,0.0,0.0
2024-12-09 18:47:00-05:00,139.39,139.4,139.39,139.4,0,0.0,0.0
2024-12-09 18:48:00-05:00,139.3417,139.3417,139.3417,139.3417,0,0.0,0.0
2024-12-09 18:50:00-05:00,139.34,139.34,139.34,139.34,0,0.0,0.0
2024-12-09 18:51:00-05:00,139.35,139.35,139.35,139.35,0,0.0,0.0
2024-12-09 18:55:00-05:00,139.36,139.36,139.35,139.35,0,0.0,0.0
2024-12-09 18:56:00-05:00,139.3302,139.3302,139.3302,139.3302,0,0.0,0.0
2024-12-09 18:57:00-05:00,139.33,139.33,139.33,139.33,0,0.0,0.0
2024-12-09 18:58:00-05:00,139.35,139.35,139.31,139.31,0,0.0,0.0
2024-12-09 18:59:00-05:00,139.31,139.31,139.31,139.31,0,0.0,0.0
2024-12-09 19:00:00-05:00,139.13,139.13,139.13,139.13,0,0.0,0.0
2024-12-09 19:07:00-05:00,138.9185,139.5,138.9185,139.5,0,0.0,0.0
2024-12-09 19:08:00-05:00,138.9,139.0116,138.9,139.0116,0,0.0,0.0
2024-12-09 19:09:00-05:00,139.06,139.06,138.9,138.9,0,0.0,0.0
2024-12-09 19:12:00-05:00,138.9,138.9,138.9,138.9,0,0.0,0.0
2024-12-09 19:13:00-05:00,138.8,138.8,138.8,138.8,0,0.0,0.0
2024-12-09 19:14:00-05:00,138.8,138.8,138.8,138.8,0,0.0,0.0
2024-12-09 19:15:00-05:00,138.79,138.8,138.79,138.8,0,0.0,0.0
2024-12-09 19:22:00-05:00,139.0001,139.0001,139.0001,139.0001,0,0.0,0.0
2024-12-09 19:23:00-05:00,139.0,139.0,139.0,139.0,0,0.0,0.0
2024-12-09 19:24:00-05:00,139.0,139.0,139.0,139.0,0,0.0,0.0
2024-12-09 19:26:00-05:00,139.2,139.47,139.2,139.47,0,0.0,0.0
2024-12-09 19:27:00-05:00,139.5,139.5,139.5,139.5,0,0.0,0.0
2024-12-09 19:32:00-05:00,139.08,139.08,139.0,139.0,0,0.0,0.0
2024-12-09 19:38:00-05:00,139.09,139.32,139.09,139.32,0,0.0,0.0
2024-12-09 19:46:00-05:00,139.05,139.05,139.05,139.05,0,0.0,0.0
2024-12-09 19:47:00-05:00,139.0,139.0,139.0,139.0,0,0.0,0.0
2024-12-09 19:49:00-05:00,139.05,139.05,139.05,139.05,0,0.0,0.0
2024-12-09 19:52:00-05:00,139.03,139.15,139.03,139.15,0,0.0,0.0
2024-12-09 19:53:00-05:00,139.33,139.33,139.33,139.33,0,0.0,0.0
2024-12-09 19:54:00-05:00,139.3286,139.33,139.3286,139.33,0,0.0,0.0
2024-12-09 19:57:00-05:00,139.33,139.33,139.33,139.33,0,0.0,0.0
2024-12-09 19:58:00-05:00,139.33,139.63,139.33,139.33,0,0.0,0.0
2024-12-09 19:59:00-05:00,139.0,139.0,139.0,139.0,0,0.0,0.0
