time,Open,High,Low,Close,Volume,Dividends,Stock Splits
2024-12-13 04:00:00-05:00,151.19,151.59,151.19,151.59,0,0.0,0.0
2024-12-13 04:01:00-05:00,151.14,151.14,151.0,151.0,0,0.0,0.0
2024-12-13 04:02:00-05:00,150.99,151.5,150.99,151.5,0,0.0,0.0
2024-12-13 04:03:00-05:00,151.4,151.4,151.28,151.28,0,0.0,0.0
2024-12-13 04:04:00-05:00,151.17,151.36,151.17,151.36,0,0.0,0.0
2024-12-13 04:07:00-05:00,151.37,151.45,151.37,151.45,0,0.0,0.0
2024-12-13 04:08:00-05:00,151.44,151.5,151.44,151.5,0,0.0,0.0
2024-12-13 04:09:00-05:00,151.65,151.65,151.65,151.65,0,0.0,0.0
2024-12-13 04:10:00-05:00,151.5,151.5,151.5,151.5,0,0.0,0.0
2024-12-13 04:17:00-05:00,151.5,151.53,151.5,151.53,0,0.0,0.0
2024-12-13 04:20:00-05:00,151.59,151.59,151.59,151.59,0,0.0,0.0
2024-12-13 04:21:00-05:00,151.43,151.46,151.43,151.46,0,0.0,0.0
2024-12-13 04:26:00-05:00,151.41,151.41,151.41,151.41,0,0.0,0.0
2024-12-13 04:29:00-05:00,151.44,151.55,151.44,151.55,0,0.0,0.0
2024-12-13 04:32:00-05:00,151.44,151.54,151.44,151.54,0,0.0,0.0
2024-12-13 04:33:00-05:00,151.53,151.55,151.53,151.55,0,0.0,0.0
2024-12-13 04:38:00-05:00,151.45,151.6,151.45,151.6,0,0.0,0.0
2024-12-13 04:39:00-05:00,151.61,151.61,151.61,151.61,0,0.0,0.0
2024-12-13 04:40:00-05:00,151.67,151.8,151.67,151.8,0,0.0,0.0
2024-12-13 04:41:00-05:00,151.79,151.79,151.79,151.79,0,0.0,0.0
2024-12-13 04:43:00-05:00,151.78,151.78,151.78,151.78,0,0.0,0.0
2024-12-13 04:48:00-05:00,151.8,151.8,151.8,151.8,0,0.0,0.0
2024-12-13 04:50:00-05:00,151.8,151.8,151.8,151.8,0,0.0,0.0
2024-12-13 04:51:00-05:00,151.85,151.85,151.85,151.85,0,0.0,0.0
2024-12-13 04:52:00-05:00,151.85,152.0,151.85,152.0,0,0.0,0.0
2024-12-13 04:56:00-05:00,152.06,152.14,152.06,152.14,0,0.0,0.0
2024-12-13 04:57:00-05:00,152.11,152.11,152.11,152.11,0,0.0,0.0
2024-12-13 04:58:00-05:00,151.91,151.91,151.21,151.22,0,0.0,0.0
2024-12-13 04:59:00-05:00,151.22,152.23,151.21,152.23,0,0.0,0.0
2024-12-13 05:00:00-05:00,151.64,152.28,151.64,152.28,0,0.0,0.0
2024-12-13 05:04:00-05:00,152.23,152.23,152.23,152.23,0,0.0,0.0
2024-12-13 05:10:00-05:00,152.03,152.03,152.0,152.0,0,0.0,0.0
2024-12-13 05:13:00-05:00,151.99,151.99,151.99,151.99,0,0.0,0.0
2024-12-13 05:16:00-05:00,151.64,151.64,151.64,151.64,0,0.0,0.0
2024-12-13 05:17:00-05:00,151.5,151.5,151.49,151.49,0,0.0,0.0
2024-12-13 05:29:00-05:00,151.39,151.43,151.39,151.43,0,0.0,0.0
2024-12-13 05:32:00-05:00,151.39,151.39,151.39,151.39,0,0.0,0.0
2024-12-13 05:35:00-05:00,151.4,151.4,151.4,151.4,0,0.0,0.0
2024-12-13 05:38:00-05:00,151.4,151.43,151.4,151.43,0,0.0,0.0
2024-12-13 05:39:00-05:00,151.43,151.43,151.43,151.43,0,0.0,0.0
2024-12-13 05:40:00-05:00,151.36,151.4,151.36,151.4,0,0.0,0.0
2024-12-13 05:43:00-05:00,151.43,151.43,151.43,151.43,0,0.0,0.0
2024-12-13 05:47:00-05:00,151.4,151.4,151.4,151.4,0,0.0,0.0
2024-12-13 05:48:00-05:00,151.43,151.43,151.43,151.43,0,0.0,0.0
2024-12-13 05:49:00-05:00,151.48,151.48,151.42,151.42,0,0.0,0.0
2024-12-13 05:50:00-05:00,151.43,151.43,151.43,151.43,0,0.0,0.0
2024-12-13 05:51:00-05:00,151.38,151.38,151.38,151.38,0,0.0,0.0
2024-12-13 05:58:00-05:00,151.48,151.48,151.48,151.48,0,0.0,0.0
2024-12-13 06:04:00-05:00,151.43,151.43,151.43,151.43,0,0.0,0.0
2024-12-13 06:06:00-05:00,151.47,151.47,151.47,151.47,0,0.0,0.0
2024-12-13 06:11:00-05:00,151.36,151.36,151.35,151.35,0,0.0,0.0
2024-12-13 06:14:00-05:00,151.46,151.46,151.46,151.46,0,0.0,0.0
2024-12-13 06:21:00-05:00,151.46,151.46,151.46,151.46,0,0.0,0.0
2024-12-13 06:32:00-05:00,151.47,151.47,151.47,151.47,0,0.0,0.0
2024-12-13 06:38:00-05:00,151.41,151.41,151.41,151.41,0,0.0,0.0
2024-12-13 06:41:00-05:00,151.39,151.39,151.39,151.39,0,0.0,0.0
2024-12-13 06:45:00-05:00,151.4,151.4,151.4,151.4,0,0.0,0.0
2024-12-13 06:47:00-05:00,151.39,151.39,151.39,151.39,0,0.0,0.0
2024-12-13 06:50:00-05:00,151.39,151.39,151.39,151.39,0,0.0,0.0
2024-12-13 06:53:00-05:00,151.4,151.48,151.4,151.48,0,0.0,0.0
2024-12-13 06:57:00-05:00,151.43,151.45,151.43,151.45,0,0.0,0.0
2024-12-13 06:59:00-05:00,151.5,151.55,151.5,151.55,0,0.0,0.0
2024-12-13 07:00:00-05:00,151.75,151.75,151.59,151.59,0,0.0,0.0
2024-12-13 07:01:00-05:00,151.52,151.52,151.5,151.5,0,0.0,0.0
2024-12-13 07:03:00-05:00,151.69,151.69,151.69,151.69,0,0.0,0.0
2024-12-13 07:05:00-05:00,151.61,151.61,151.61,151.61,0,0.0,0.0
2024-12-13 07:06:00-05:00,151.83,151.9,151.83,151.9,0,0.0,0.0
2024-12-13 07:07:00-05:00,151.97,152.0,151.97,152.0,0,0.0,0.0
2024-12-13 07:09:00-05:00,151.96,151.96,151.96,151.96,0,0.0,0.0
2024-12-13 07:10:00-05:00,151.8,151.8,151.8,151.8,0,0.0,0.0
2024-12-13 07:12:00-05:00,151.79,151.8,151.7,151.7,0,0.0,0.0
2024-12-13 07:14:00-05:00,151.79,151.79,151.79,151.79,0,0.0,0.0
2024-12-13 07:15:00-05:00,151.78,151.78,151.78,151.78,0,0.0,0.0
2024-12-13 07:25:00-05:00,151.77,151.77,151.77,151.77,0,0.0,0.0
2024-12-13 07:26:00-05:00,151.77,151.77,151.77,151.77,0,0.0,0.0
2024-12-13 07:27:00-05:00,151.71,151.76,151.71,151.76,0,0.0,0.0
2024-12-13 07:29:00-05:00,151.65,151.65,151.65,151.65,0,0.0,0.0
2024-12-13 07:30:00-05:00,151.78,151.78,151.78,151.78,0,0.0,0.0
2024-12-13 07:31:00-05:00,151.8,151.8,151.8,151.8,0,0.0,0.0
2024-12-13 07:33:00-05:00,151.77,151.77,151.77,151.77,0,0.0,0.0
2024-12-13 07:34:00-05:00,151.8,151.83,151.8,151.83,0,0.0,0.0
2024-12-13 07:35:00-05:00,151.82,151.82,151.82,151.82,0,0.0,0.0
2024-12-13 07:36:00-05:00,151.84,151.84,151.84,151.84,0,0.0,0.0
2024-12-13 07:37:00-05:00,151.86,151.86,151.86,151.86,0,0.0,0.0
2024-12-13 07:38:00-05:00,152.0,152.09,151.94,152.09,0,0.0,0.0
2024-12-13 07:39:00-05:00,152.03,152.03,151.99,152.0,0,0.0,0.0
2024-12-13 07:40:00-05:00,152.03,152.03,152.03,152.03,0,0.0,0.0
2024-12-13 07:41:00-05:00,152.09,152.16,152.04,152.04,0,0.0,0.0
2024-12-13 07:42:00-05:00,152.04,152.04,152.04,152.04,0,0.0,0.0
2024-12-13 07:43:00-05:00,152.18,152.18,152.18,152.18,0,0.0,0.0
2024-12-13 07:44:00-05:00,152.2,152.2,152.2,152.2,0,0.0,0.0
2024-12-13 07:45:00-05:00,152.24,152.28,152.24,152.28,0,0.0,0.0
2024-12-13 07:46:00-05:00,152.3,152.31,152.3,152.3,0,0.0,0.0
2024-12-13 07:48:00-05:00,152.36,152.43,152.36,152.43,0,0.0,0.0
2024-12-13 07:49:00-05:00,152.5,152.5,152.39,152.45,0,0.0,0.0
2024-12-13 07:50:00-05:00,152.44,152.58,152.42,152.54,0,0.0,0.0
2024-12-13 07:52:00-05:00,152.66,152.74,152.66,152.74,0,0.0,0.0
2024-12-13 07:53:00-05:00,152.79,152.98,152.79,152.98,0,0.0,0.0
2024-12-13 07:54:00-05:00,152.88,152.89,152.84,152.84,0,0.0,0.0
2024-12-13 07:55:00-05:00,152.86,152.92,152.83,152.91,0,0.0,0.0
2024-12-13 07:56:00-05:00,152.95,152.95,152.89,152.89,0,0.0,0.0
2024-12-13 07:57:00-05:00,152.9,152.97,152.85,152.93,0,0.0,0.0
2024-12-13 07:58:00-05:00,152.93,152.95,152.81,152.81,0,0.0,0.0
2024-12-13 07:59:00-05:00,152.89,152.89,152.75,152.75,0,0.0,0.0
2024-12-13 08:00:00-05:00,151.5,153.0,151.2755,152.64,0,0.0,0.0
2024-12-13 08:01:00-05:00,151.74,152.7,151.6,152.5,0,0.0,0.0
2024-12-13 08:02:00-05:00,152.6,152.8,152.5,152.5,0,0.0,0.0
2024-12-13 08:03:00-05:00,152.56,152.62,152.5,152.62,0,0.0,0.0
2024-12-13 08:04:00-05:00,152.75,152.75,152.5018,152.75,0,0.0,0.0
2024-12-13 08:05:00-05:00,148.0,152.62,148.0,152.53,0,0.0,0.0
2024-12-13 08:06:00-05:00,152.6,152.6,152.6,152.6,0,0.0,0.0
2024-12-13 08:07:00-05:00,152.9,152.9,152.6001,152.6001,0,0.0,0.0
2024-12-13 08:08:00-05:00,152.78,152.84,152.53,152.8,0,0.0,0.0
2024-12-13 08:09:00-05:00,152.79,152.79,152.66,152.73,0,0.0,0.0
2024-12-13 08:10:00-05:00,152.93,152.97,152.78,152.95,0,0.0,0.0
2024-12-13 08:11:00-05:00,152.96,152.98,152.92,152.96,0,0.0,0.0
2024-12-13 08:12:00-05:00,152.97,152.97,152.88,152.96,0,0.0,0.0
2024-12-13 08:13:00-05:00,152.94,152.94,152.8801,152.8807,0,0.0,0.0
2024-12-13 08:14:00-05:00,152.975,152.98,152.88,152.88,0,0.0,0.0
2024-12-13 08:15:00-05:00,152.95,152.97,152.6,152.6,0,0.0,0.0
2024-12-13 08:16:00-05:00,152.6,152.98,152.6,152.97,0,0.0,0.0
2024-12-13 08:17:00-05:00,152.97,153.09,152.89,153.01,0,0.0,0.0
2024-12-13 08:18:00-05:00,153.0992,153.396,153.0992,153.396,0,0.0,0.0
2024-12-13 08:19:00-05:00,153.38,153.44,153.3,153.4,0,0.0,0.0
2024-12-13 08:20:00-05:00,153.39,153.46,153.39,153.46,0,0.0,0.0
2024-12-13 08:21:00-05:00,153.46,153.48,153.4,153.4,0,0.0,0.0
2024-12-13 08:22:00-05:00,153.49,153.49,153.2167,153.3,0,0.0,0.0
2024-12-13 08:23:00-05:00,153.2,153.42,153.0,153.42,0,0.0,0.0
2024-12-13 08:24:00-05:00,153.01,153.42,153.01,153.3001,0,0.0,0.0
2024-12-13 08:25:00-05:00,153.45,153.45,153.3,153.3016,0,0.0,0.0
2024-12-13 08:26:00-05:00,153.31,153.4393,153.22,153.22,0,0.0,0.0
2024-12-13 08:27:00-05:00,153.46,153.46,153.25,153.39,0,0.0,0.0
2024-12-13 08:28:00-05:00,153.25,153.46,153.25,153.25,0,0.0,0.0
2024-12-13 08:29:00-05:00,153.25,153.46,153.2,153.36,0,0.0,0.0
2024-12-13 08:30:00-05:00,153.3,153.3885,153.28,153.28,0,0.0,0.0
2024-12-13 08:31:00-05:00,153.3,153.3,153.2,153.2,0,0.0,0.0
2024-12-13 08:32:00-05:00,153.2,153.268,153.1,153.12,0,0.0,0.0
2024-12-13 08:33:00-05:00,153.12,153.2,153.12,153.2,0,0.0,0.0
2024-12-13 08:34:00-05:00,153.24,153.25,153.1,153.19,0,0.0,0.0
2024-12-13 08:35:00-05:00,153.1001,153.2494,153.1,153.1,0,0.0,0.0
2024-12-13 08:36:00-05:00,153.06,153.2,153.01,153.11,0,0.0,0.0
2024-12-13 08:37:00-05:00,153.19,153.25,153.0101,153.0101,0,0.0,0.0
2024-12-13 08:38:00-05:00,153.1,153.2167,153.01,153.01,0,0.0,0.0
2024-12-13 08:39:00-05:00,153.01,153.2,152.8,152.8,0,0.0,0.0
2024-12-13 08:40:00-05:00,153.1327,153.1327,152.8,152.89,0,0.0,0.0
2024-12-13 08:41:00-05:00,152.6,153.0,152.6,152.8,0,0.0,0.0
2024-12-13 08:42:00-05:00,153.15,153.15,152.77,152.9,0,0.0,0.0
2024-12-13 08:43:00-05:00,152.9,152.999,152.77,152.9,0,0.0,0.0
2024-12-13 08:44:00-05:00,152.9,152.98,152.89,152.98,0,0.0,0.0
2024-12-13 08:45:00-05:00,152.9797,152.98,152.6,152.8,0,0.0,0.0
2024-12-13 08:46:00-05:00,153.0,153.03,152.85,152.85,0,0.0,0.0
2024-12-13 08:47:00-05:00,152.9,153.0299,152.6,153.0299,0,0.0,0.0
2024-12-13 08:49:00-05:00,152.952,152.952,152.75,152.75,0,0.0,0.0
2024-12-13 08:50:00-05:00,152.6087,152.6087,152.6087,152.6087,0,0.0,0.0
2024-12-13 08:51:00-05:00,152.7,152.8,152.61,152.8,0,0.0,0.0
2024-12-13 08:52:00-05:00,152.67,152.776,152.54,152.67,0,0.0,0.0
2024-12-13 08:53:00-05:00,152.76,152.9,152.6,152.76,0,0.0,0.0
2024-12-13 08:54:00-05:00,152.76,152.8,152.54,152.8,0,0.0,0.0
2024-12-13 08:55:00-05:00,152.8,152.9,152.77,152.8,0,0.0,0.0
2024-12-13 08:56:00-05:00,152.82,152.92,152.8,152.9,0,0.0,0.0
2024-12-13 08:57:00-05:00,152.83,152.92,152.83,152.92,0,0.0,0.0
2024-12-13 08:58:00-05:00,152.86,152.92,152.8018,152.9,0,0.0,0.0
2024-12-13 08:59:00-05:00,152.98,153.03,152.94,153.01,0,0.0,0.0
2024-12-13 09:00:00-05:00,152.9402,153.0,152.81,152.9584,0,0.0,0.0
2024-12-13 09:01:00-05:00,152.86,153.0,152.8,152.99,0,0.0,0.0
2024-12-13 09:02:00-05:00,153.0,153.0,152.75,153.0,0,0.0,0.0
2024-12-13 09:03:00-05:00,153.0,153.0,152.745,152.94,0,0.0,0.0
2024-12-13 09:04:00-05:00,152.76,152.9499,152.5703,152.793,0,0.0,0.0
2024-12-13 09:05:00-05:00,152.6,152.79,152.54,152.79,0,0.0,0.0
2024-12-13 09:06:00-05:00,152.54,152.7,152.54,152.54,0,0.0,0.0
2024-12-13 09:07:00-05:00,152.54,152.64,152.27,152.2779,0,0.0,0.0
2024-12-13 09:08:00-05:00,152.49,152.5,152.27,152.48,0,0.0,0.0
2024-12-13 09:09:00-05:00,152.48,152.75,152.48,152.505,0,0.0,0.0
2024-12-13 09:10:00-05:00,152.55,152.79,152.48,152.48,0,0.0,0.0
2024-12-13 09:11:00-05:00,152.48,152.578,152.35,152.42,0,0.0,0.0
2024-12-13 09:12:00-05:00,152.35,152.518,152.1,152.2,0,0.0,0.0
2024-12-13 09:13:00-05:00,152.18,152.6609,152.18,152.35,0,0.0,0.0
2024-12-13 09:14:00-05:00,152.4,152.43,152.3,152.35,0,0.0,0.0
2024-12-13 09:15:00-05:00,152.1,152.7,152.1,152.28,0,0.0,0.0
2024-12-13 09:16:00-05:00,152.25,152.7,152.0,152.0,0,0.0,0.0
2024-12-13 09:17:00-05:00,152.17,152.17,152.01,152.01,0,0.0,0.0
2024-12-13 09:18:00-05:00,152.01,152.2,151.89,151.89,0,0.0,0.0
2024-12-13 09:19:00-05:00,151.87,152.2,151.87,152.01,0,0.0,0.0
2024-12-13 09:20:00-05:00,152.0,152.2,152.0,152.16,0,0.0,0.0
2024-12-13 09:21:00-05:00,152.05,152.2,152.0,152.0,0,0.0,0.0
2024-12-13 09:22:00-05:00,152.0,152.2,151.8778,151.8778,0,0.0,0.0
2024-12-13 09:23:00-05:00,152.02,152.2,151.95,152.0,0,0.0,0.0
2024-12-13 09:24:00-05:00,152.12,152.1719,151.85,151.9,0,0.0,0.0
2024-12-13 09:25:00-05:00,151.84,151.84,150.12,150.8,0,0.0,0.0
2024-12-13 09:26:00-05:00,150.8,151.0,150.6,150.69,0,0.0,0.0
2024-12-13 09:27:00-05:00,150.68,151.82,150.41,151.82,0,0.0,0.0
2024-12-13 09:28:00-05:00,151.3,151.59,151.1,151.59,0,0.0,0.0
2024-12-13 09:30:00-05:00,151.50999450683594,152.99000549316406,151.02999877929688,152.21499633789062,643969,0.0,0.0
2024-12-13 09:31:00-05:00,152.10000610351562,152.8800048828125,151.5,152.35000610351562,58467,0.0,0.0
2024-12-13 09:32:00-05:00,152.4600067138672,154.11000061035156,152.2574005126953,153.82000732421875,218657,0.0,0.0
2024-12-13 09:33:00-05:00,153.7550048828125,154.97000122070312,153.72000122070312,154.6300048828125,169573,0.0,0.0
2024-12-13 09:34:00-05:00,154.74000549316406,155.3800048828125,153.5800018310547,154.0050048828125,270046,0.0,0.0
2024-12-13 09:35:00-05:00,154.0,154.3300018310547,153.11000061035156,154.0500946044922,93801,0.0,0.0
2024-12-13 09:36:00-05:00,154.22000122070312,154.82000732421875,154.16000366210938,154.74000549316406,66430,0.0,0.0
2024-12-13 09:37:00-05:00,154.74000549316406,155.0,153.5500030517578,153.91990661621094,86311,0.0,0.0
2024-12-13 09:38:00-05:00,153.72000122070312,153.8000030517578,153.19000244140625,153.49989318847656,48891,0.0,0.0
2024-12-13 09:39:00-05:00,153.44000244140625,154.1999969482422,153.1999969482422,154.13699340820312,60676,0.0,0.0
2024-12-13 09:40:00-05:00,154.14990234375,154.3000030517578,153.50999450683594,153.60000610351562,55250,0.0,0.0
2024-12-13 09:41:00-05:00,153.60000610351562,154.01499938964844,153.4842071533203,153.4842071533203,49003,0.0,0.0
2024-12-13 09:42:00-05:00,153.7375030517578,154.2899932861328,153.31300354003906,154.1199951171875,45896,0.0,0.0
2024-12-13 09:43:00-05:00,154.22669982910156,154.89999389648438,154.0800018310547,154.80999755859375,48594,0.0,0.0
2024-12-13 09:44:00-05:00,154.79730224609375,154.8699951171875,154.52000427246094,154.78500366210938,26698,0.0,0.0
2024-12-13 09:45:00-05:00,154.85000610351562,155.4499969482422,154.66000366210938,154.89999389648438,129954,0.0,0.0
2024-12-13 09:46:00-05:00,154.77279663085938,154.89999389648438,153.53370666503906,153.85650634765625,57929,0.0,0.0
2024-12-13 09:47:00-05:00,153.98989868164062,154.0399932861328,153.69000244140625,153.97000122070312,35196,0.0,0.0
2024-12-13 09:48:00-05:00,154.02999877929688,154.3000030517578,153.70010375976562,154.22500610351562,60773,0.0,0.0
2024-12-13 09:49:00-05:00,154.22500610351562,154.5688934326172,154.1811981201172,154.3986053466797,36591,0.0,0.0
2024-12-13 09:50:00-05:00,154.38999938964844,154.8990020751953,154.22999572753906,154.50999450683594,34186,0.0,0.0
2024-12-13 09:51:00-05:00,154.50999450683594,154.6300048828125,154.10000610351562,154.6082000732422,26191,0.0,0.0
2024-12-13 09:52:00-05:00,154.45680236816406,154.75999450683594,154.44000244140625,154.6699981689453,24542,0.0,0.0
2024-12-13 09:53:00-05:00,154.58999633789062,155.5399932861328,154.41000366210938,155.4167022705078,109767,0.0,0.0
2024-12-13 09:54:00-05:00,155.4550018310547,155.5489044189453,155.1699981689453,155.33990478515625,59672,0.0,0.0
2024-12-13 09:55:00-05:00,155.24000549316406,155.72000122070312,155.1199951171875,155.61000061035156,62026,0.0,0.0
2024-12-13 09:56:00-05:00,155.61000061035156,155.83999633789062,155.41000366210938,155.81500244140625,56876,0.0,0.0
2024-12-13 09:57:00-05:00,155.8699951171875,155.8699951171875,155.3000030517578,155.468994140625,46886,0.0,0.0
2024-12-13 09:58:00-05:00,155.46029663085938,156.2899932861328,155.46029663085938,156.1649932861328,112898,0.0,0.0
2024-12-13 09:59:00-05:00,156.2299041748047,156.38699340820312,156.0399932861328,156.22999572753906,82985,0.0,0.0
2024-12-13 10:00:00-05:00,156.25,156.38999938964844,155.89999389648438,156.25,95165,0.0,0.0
2024-12-13 10:01:00-05:00,156.2100067138672,156.2100067138672,155.39999389648438,155.55999755859375,45831,0.0,0.0
2024-12-13 10:02:00-05:00,155.55999755859375,155.61500549316406,155.02259826660156,155.43299865722656,39638,0.0,0.0
2024-12-13 10:03:00-05:00,155.43499755859375,155.66000366210938,155.3300018310547,155.6199951171875,26875,0.0,0.0
2024-12-13 10:04:00-05:00,155.57000732421875,155.8800048828125,155.4600067138672,155.8000030517578,50662,0.0,0.0
2024-12-13 10:05:00-05:00,155.6300048828125,155.89999389648438,155.5800018310547,155.69000244140625,23345,0.0,0.0
2024-12-13 10:06:00-05:00,155.66000366210938,155.72000122070312,155.16000366210938,155.4499969482422,33226,0.0,0.0
2024-12-13 10:07:00-05:00,155.49000549316406,155.75,155.3000030517578,155.32000732421875,53245,0.0,0.0
2024-12-13 10:08:00-05:00,155.4199981689453,155.88999938964844,155.0,155.83999633789062,56351,0.0,0.0
2024-12-13 10:09:00-05:00,155.8000030517578,155.8000030517578,155.57000732421875,155.6199951171875,15443,0.0,0.0
2024-12-13 10:10:00-05:00,155.6999969482422,155.97869873046875,155.69000244140625,155.86000061035156,18986,0.0,0.0
2024-12-13 10:11:00-05:00,155.85000610351562,156.1300048828125,155.69000244140625,155.98829650878906,44527,0.0,0.0
2024-12-13 10:12:00-05:00,156.0789031982422,156.25,155.92999267578125,156.1999969482422,28929,0.0,0.0
2024-12-13 10:13:00-05:00,156.1779022216797,156.38999938964844,156.1363983154297,156.17999267578125,28815,0.0,0.0
2024-12-13 10:14:00-05:00,156.17999267578125,156.3300018310547,155.85000610351562,155.85000610351562,27382,0.0,0.0
2024-12-13 10:15:00-05:00,155.94000244140625,155.99200439453125,155.63999938964844,155.72250366210938,13718,0.0,0.0
2024-12-13 10:16:00-05:00,155.63999938964844,155.9499969482422,155.63999938964844,155.75999450683594,22668,0.0,0.0
2024-12-13 10:17:00-05:00,155.8699951171875,155.8699951171875,155.6699981689453,155.72999572753906,23201,0.0,0.0
2024-12-13 10:18:00-05:00,155.61000061035156,155.67999267578125,154.94000244140625,155.0625,36999,0.0,0.0
2024-12-13 10:19:00-05:00,154.9600067138672,155.14999389648438,154.75,154.77999877929688,26961,0.0,0.0
2024-12-13 10:20:00-05:00,154.75999450683594,154.8699951171875,154.59860229492188,154.70449829101562,18392,0.0,0.0
2024-12-13 10:21:00-05:00,154.8000030517578,155.29989624023438,154.6802978515625,155.1199951171875,17620,0.0,0.0
2024-12-13 10:22:00-05:00,155.15899658203125,155.36000061035156,155.05059814453125,155.35000610351562,28249,0.0,0.0
2024-12-13 10:23:00-05:00,155.30499267578125,155.60000610351562,155.28280639648438,155.60000610351562,16294,0.0,0.0
2024-12-13 10:24:00-05:00,155.72999572753906,155.73219299316406,155.5,155.5,12400,0.0,0.0
2024-12-13 10:25:00-05:00,155.5238037109375,155.5500030517578,154.91000366210938,155.08999633789062,16644,0.0,0.0
2024-12-13 10:26:00-05:00,154.0449981689453,154.0449981689453,153.8000030517578,153.8800048828125,97454,0.0,0.0
2024-12-13 10:27:00-05:00,153.9149932861328,153.97000122070312,153.3699951171875,153.4600067138672,62273,0.0,0.0
2024-12-13 10:28:00-05:00,153.6300048828125,153.82989501953125,153.52000427246094,153.77000427246094,32314,0.0,0.0
2024-12-13 10:29:00-05:00,153.67880249023438,153.67880249023438,153.14999389648438,153.27999877929688,39240,0.0,0.0
2024-12-13 10:30:00-05:00,153.3459930419922,153.3800048828125,152.8000030517578,152.8000946044922,56636,0.0,0.0
2024-12-13 10:31:00-05:00,152.875,153.1739959716797,152.75,152.9600067138672,40449,0.0,0.0
2024-12-13 10:32:00-05:00,152.99710083007812,153.09849548339844,152.75,152.89999389648438,16549,0.0,0.0
2024-12-13 10:33:00-05:00,152.9799041748047,153.11000061035156,152.9001007080078,153.0800018310547,19459,0.0,0.0
2024-12-13 10:34:00-05:00,153.13999938964844,153.9499969482422,153.0800018310547,153.89990234375,34658,0.0,0.0
2024-12-13 10:35:00-05:00,153.8249969482422,154.4199981689453,153.8249969482422,154.25999450683594,31817,0.0,0.0
2024-12-13 10:36:00-05:00,154.3549041748047,154.42750549316406,153.80999755859375,153.89999389648438,19535,0.0,0.0
2024-12-13 10:37:00-05:00,154.0,154.07940673828125,153.8101043701172,153.94000244140625,10295,0.0,0.0
2024-12-13 10:38:00-05:00,153.9783935546875,154.0,153.8699951171875,153.89999389648438,15963,0.0,0.0
2024-12-13 10:39:00-05:00,153.9600067138672,154.08999633789062,153.8000030517578,153.9420928955078,31199,0.0,0.0
2024-12-13 10:40:00-05:00,153.92999267578125,154.0,153.32000732421875,153.50999450683594,25859,0.0,0.0
2024-12-13 10:41:00-05:00,153.4219970703125,153.97999572753906,153.22999572753906,153.3699951171875,46795,0.0,0.0
2024-12-13 10:42:00-05:00,153.2899932861328,153.3800048828125,152.6999969482422,152.70010375976562,21352,0.0,0.0
2024-12-13 10:43:00-05:00,152.70399475097656,152.91000366210938,152.6999969482422,152.8000030517578,12154,0.0,0.0
2024-12-13 10:44:00-05:00,152.8966064453125,153.0,152.77499389648438,152.82000732421875,68721,0.0,0.0
2024-12-13 10:45:00-05:00,152.90499877929688,153.02000427246094,152.3000030517578,152.42999267578125,36588,0.0,0.0
2024-12-13 10:46:00-05:00,152.3300018310547,152.64999389648438,152.3000030517578,152.64999389648438,18477,0.0,0.0
2024-12-13 10:47:00-05:00,152.5800018310547,153.1199951171875,152.5800018310547,153.0850067138672,17822,0.0,0.0
2024-12-13 10:48:00-05:00,153.05999755859375,153.389892578125,152.97259521484375,153.2509002685547,14762,0.0,0.0
2024-12-13 10:49:00-05:00,153.3800048828125,153.67999267578125,153.13009643554688,153.44000244140625,20096,0.0,0.0
2024-12-13 10:50:00-05:00,153.3614959716797,153.3699951171875,153.17010498046875,153.2344970703125,9246,0.0,0.0
2024-12-13 10:51:00-05:00,153.28770446777344,153.28770446777344,152.9062957763672,153.1199951171875,16581,0.0,0.0
2024-12-13 10:52:00-05:00,152.9949951171875,153.08999633789062,152.6800994873047,152.83999633789062,9627,0.0,0.0
2024-12-13 10:53:00-05:00,152.64999389648438,152.7100067138672,151.85000610351562,152.2100067138672,44729,0.0,0.0
2024-12-13 10:54:00-05:00,152.32000732421875,152.36000061035156,151.9199981689453,151.9199981689453,9656,0.0,0.0
2024-12-13 10:55:00-05:00,151.99000549316406,152.1999969482422,151.75999450683594,151.89999389648438,21243,0.0,0.0
2024-12-13 10:56:00-05:00,151.8000946044922,151.9084014892578,151.38999938964844,151.51499938964844,25332,0.0,0.0
2024-12-13 10:57:00-05:00,151.63999938964844,151.74000549316406,151.39999389648438,151.5399932861328,18295,0.0,0.0
2024-12-13 10:58:00-05:00,151.44000244140625,151.5,151.3000030517578,151.4499969482422,22058,0.0,0.0
2024-12-13 10:59:00-05:00,151.37879943847656,151.37879943847656,151.0,151.10000610351562,43600,0.0,0.0
2024-12-13 11:00:00-05:00,151.10000610351562,151.2707977294922,150.9499969482422,151.08509826660156,38172,0.0,0.0
2024-12-13 11:01:00-05:00,151.0850067138672,151.5,151.0,151.47999572753906,91259,0.0,0.0
2024-12-13 11:02:00-05:00,151.62989807128906,152.02099609375,151.2100067138672,151.9250030517578,35203,0.0,0.0
2024-12-13 11:03:00-05:00,151.9250030517578,152.36000061035156,151.8000030517578,152.0500030517578,35242,0.0,0.0
2024-12-13 11:04:00-05:00,152.0,152.28700256347656,151.9199981689453,152.11000061035156,19116,0.0,0.0
2024-12-13 11:05:00-05:00,152.11000061035156,152.36000061035156,151.80999755859375,151.86000061035156,18212,0.0,0.0
2024-12-13 11:06:00-05:00,152.11000061035156,152.2899932861328,151.74000549316406,151.9600067138672,36066,0.0,0.0
2024-12-13 11:07:00-05:00,152.0,152.25,151.6699981689453,151.86000061035156,20426,0.0,0.0
2024-12-13 11:08:00-05:00,151.83999633789062,151.875,151.1820068359375,151.4600067138672,19858,0.0,0.0
2024-12-13 11:09:00-05:00,151.47999572753906,151.7100067138672,151.35009765625,151.61500549316406,11017,0.0,0.0
2024-12-13 11:10:00-05:00,151.693603515625,151.9499969482422,151.5399932861328,151.7899932861328,14954,0.0,0.0
2024-12-13 11:11:00-05:00,151.80999755859375,152.32000732421875,151.73219299316406,152.32000732421875,20661,0.0,0.0
2024-12-13 11:12:00-05:00,152.32000732421875,152.33560180664062,152.0,152.27999877929688,13592,0.0,0.0
2024-12-13 11:13:00-05:00,152.3000030517578,152.41000366210938,152.1699981689453,152.41000366210938,22954,0.0,0.0
2024-12-13 11:14:00-05:00,152.43490600585938,152.60000610351562,152.2716064453125,152.48500061035156,12496,0.0,0.0
2024-12-13 11:15:00-05:00,152.4949951171875,152.60000610351562,152.30999755859375,152.53500366210938,29908,0.0,0.0
2024-12-13 11:16:00-05:00,152.53500366210938,152.75,152.38259887695312,152.68670654296875,17615,0.0,0.0
2024-12-13 11:17:00-05:00,152.54339599609375,152.8000030517578,152.54339599609375,152.7449951171875,11287,0.0,0.0
2024-12-13 11:18:00-05:00,152.7642059326172,153.10000610351562,152.7642059326172,152.9550018310547,36192,0.0,0.0
2024-12-13 11:19:00-05:00,152.82699584960938,153.22999572753906,152.82699584960938,153.05999755859375,25956,0.0,0.0
2024-12-13 11:20:00-05:00,153.0800018310547,153.49000549316406,153.0,153.17999267578125,23550,0.0,0.0
2024-12-13 11:21:00-05:00,153.30999755859375,153.30999755859375,152.8988037109375,153.07000732421875,30107,0.0,0.0
2024-12-13 11:22:00-05:00,152.97999572753906,153.07000732421875,152.8699951171875,152.89999389648438,9484,0.0,0.0
2024-12-13 11:23:00-05:00,152.99000549316406,153.31500244140625,152.9600067138672,153.31500244140625,11142,0.0,0.0
2024-12-13 11:24:00-05:00,153.35000610351562,153.72219848632812,153.2899932861328,153.625,16046,0.0,0.0
2024-12-13 11:25:00-05:00,153.625,153.75999450683594,153.1699981689453,153.2550048828125,18449,0.0,0.0
2024-12-13 11:26:00-05:00,153.2550048828125,153.2550048828125,152.80999755859375,152.99000549316406,12477,0.0,0.0
2024-12-13 11:27:00-05:00,152.8699951171875,153.1999969482422,152.8699951171875,153.02499389648438,17745,0.0,0.0
2024-12-13 11:28:00-05:00,153.09829711914062,153.13999938964844,152.9199981689453,152.98370361328125,7383,0.0,0.0
2024-12-13 11:29:00-05:00,153.03500366210938,153.0500030517578,153.02499389648438,153.0500030517578,4200,0.0,0.0
2024-12-13 11:30:00-05:00,153.10000610351562,153.54110717773438,153.10000610351562,153.4600067138672,15518,0.0,0.0
2024-12-13 11:31:00-05:00,153.60000610351562,153.75,153.4199981689453,153.5850067138672,12418,0.0,0.0
2024-12-13 11:32:00-05:00,153.57000732421875,153.94320678710938,153.57000732421875,153.6300048828125,13981,0.0,0.0
2024-12-13 11:33:00-05:00,153.77999877929688,153.91000366210938,153.58999633789062,153.82000732421875,25847,0.0,0.0
2024-12-13 11:34:00-05:00,153.91000366210938,154.0,153.68240356445312,153.8520050048828,15180,0.0,0.0
2024-12-13 11:35:00-05:00,153.89480590820312,153.89480590820312,153.6300048828125,153.65049743652344,10791,0.0,0.0
2024-12-13 11:36:00-05:00,153.80819702148438,154.0,153.80819702148438,153.9499969482422,5661,0.0,0.0
2024-12-13 11:37:00-05:00,153.80999755859375,153.889892578125,153.5800018310547,153.72999572753906,11906,0.0,0.0
2024-12-13 11:38:00-05:00,153.72999572753906,154.17999267578125,153.63999938964844,154.17999267578125,29037,0.0,0.0
2024-12-13 11:39:00-05:00,154.16700744628906,154.47000122070312,153.72999572753906,153.72999572753906,37558,0.0,0.0
2024-12-13 11:40:00-05:00,153.82989501953125,153.89999389648438,153.47000122070312,153.6300048828125,31123,0.0,0.0
2024-12-13 11:41:00-05:00,153.67999267578125,154.02000427246094,153.64999389648438,153.89999389648438,21719,0.0,0.0
2024-12-13 11:42:00-05:00,153.85000610351562,154.17230224609375,153.77000427246094,154.1199951171875,21919,0.0,0.0
2024-12-13 11:43:00-05:00,154.1092071533203,154.33999633789062,154.08970642089844,154.147705078125,15540,0.0,0.0
2024-12-13 11:44:00-05:00,154.2447967529297,154.2447967529297,153.64010620117188,153.8000030517578,11709,0.0,0.0
2024-12-13 11:45:00-05:00,153.8000030517578,153.9600067138672,153.4199981689453,153.66250610351562,16353,0.0,0.0
2024-12-13 11:46:00-05:00,153.5500030517578,153.69000244140625,153.42010498046875,153.69000244140625,9315,0.0,0.0
2024-12-13 11:47:00-05:00,153.69000244140625,154.3350067138672,153.69000244140625,154.3350067138672,9089,0.0,0.0
2024-12-13 11:48:00-05:00,154.33670043945312,154.6199951171875,154.2100067138672,154.5648956298828,21650,0.0,0.0
2024-12-13 11:49:00-05:00,154.44000244140625,154.83999633789062,154.44000244140625,154.6999969482422,38810,0.0,0.0
2024-12-13 11:50:00-05:00,154.64999389648438,154.82000732421875,154.61000061035156,154.72999572753906,8971,0.0,0.0
2024-12-13 11:51:00-05:00,154.6199951171875,154.9593963623047,154.55999755859375,154.72000122070312,21005,0.0,0.0
2024-12-13 11:52:00-05:00,154.72999572753906,154.8000030517578,154.4600067138672,154.4600067138672,13522,0.0,0.0
2024-12-13 11:53:00-05:00,154.42860412597656,154.6199951171875,154.42860412597656,154.52000427246094,5934,0.0,0.0
2024-12-13 11:54:00-05:00,154.52499389648438,154.52499389648438,153.92999267578125,154.07000732421875,12427,0.0,0.0
2024-12-13 11:55:00-05:00,154.1699981689453,154.32000732421875,154.0,154.02999877929688,16094,0.0,0.0
2024-12-13 11:56:00-05:00,153.97999572753906,154.11000061035156,153.85260009765625,154.0749969482422,4463,0.0,0.0
2024-12-13 11:57:00-05:00,153.90679931640625,154.0699005126953,153.6999969482422,153.82000732421875,10970,0.0,0.0
2024-12-13 11:58:00-05:00,153.75999450683594,153.8079071044922,153.53109741210938,153.58999633789062,9239,0.0,0.0
2024-12-13 11:59:00-05:00,153.69000244140625,153.91000366210938,153.49009704589844,153.75999450683594,16963,0.0,0.0
2024-12-13 12:00:00-05:00,153.83999633789062,154.0399932861328,153.83169555664062,154.0399932861328,7608,0.0,0.0
2024-12-13 12:01:00-05:00,154.0800018310547,154.47999572753906,154.0,154.47999572753906,11203,0.0,0.0
2024-12-13 12:02:00-05:00,154.49000549316406,154.5198974609375,154.39999389648438,154.42919921875,8357,0.0,0.0
2024-12-13 12:03:00-05:00,154.33999633789062,154.52999877929688,154.27999877929688,154.27999877929688,6438,0.0,0.0
2024-12-13 12:04:00-05:00,154.12010192871094,154.2967071533203,154.02999877929688,154.14999389648438,4973,0.0,0.0
2024-12-13 12:05:00-05:00,154.31500244140625,154.4232940673828,154.19009399414062,154.3300018310547,10285,0.0,0.0
2024-12-13 12:06:00-05:00,154.36500549316406,154.49000549316406,154.0133056640625,154.3300018310547,11354,0.0,0.0
2024-12-13 12:07:00-05:00,154.42999267578125,154.49000549316406,154.25,154.38999938964844,6706,0.0,0.0
2024-12-13 12:08:00-05:00,154.3800048828125,154.3800048828125,154.32000732421875,154.32000732421875,2333,0.0,0.0
2024-12-13 12:09:00-05:00,154.25999450683594,154.4199981689453,154.25999450683594,154.41000366210938,8453,0.0,0.0
2024-12-13 12:10:00-05:00,154.24009704589844,154.4398956298828,154.24009704589844,154.39500427246094,7218,0.0,0.0
2024-12-13 12:11:00-05:00,154.49000549316406,154.5800018310547,154.3800048828125,154.5,24309,0.0,0.0
2024-12-13 12:12:00-05:00,154.38999938964844,154.38999938964844,153.9550018310547,154.0800018310547,12642,0.0,0.0
2024-12-13 12:13:00-05:00,154.0800018310547,154.0800018310547,153.6199951171875,153.84530639648438,5562,0.0,0.0
2024-12-13 12:14:00-05:00,153.7449951171875,153.82330322265625,153.3699951171875,153.50999450683594,12929,0.0,0.0
2024-12-13 12:15:00-05:00,153.44500732421875,153.57809448242188,153.34970092773438,153.3699951171875,14704,0.0,0.0
2024-12-13 12:16:00-05:00,153.35000610351562,153.35000610351562,153.25,153.2617950439453,6855,0.0,0.0
2024-12-13 12:17:00-05:00,153.31500244140625,153.35459899902344,153.25999450683594,153.32000732421875,4995,0.0,0.0
2024-12-13 12:18:00-05:00,153.25999450683594,153.4600067138672,153.22000122070312,153.4600067138672,9462,0.0,0.0
2024-12-13 12:19:00-05:00,153.47000122070312,153.5399932861328,153.38839721679688,153.48500061035156,5218,0.0,0.0
2024-12-13 12:20:00-05:00,153.49000549316406,153.52999877929688,153.38999938964844,153.38999938964844,4999,0.0,0.0
2024-12-13 12:21:00-05:00,153.47999572753906,153.5,153.38999938964844,153.47000122070312,5220,0.0,0.0
2024-12-13 12:22:00-05:00,153.2899932861328,153.3699951171875,153.16000366210938,153.23500061035156,10620,0.0,0.0
2024-12-13 12:23:00-05:00,153.3300018310547,153.61500549316406,153.022705078125,153.61500549316406,24159,0.0,0.0
2024-12-13 12:24:00-05:00,153.54429626464844,153.58999633789062,153.41009521484375,153.50999450683594,3451,0.0,0.0
2024-12-13 12:25:00-05:00,153.39999389648438,153.60000610351562,153.3800048828125,153.4199981689453,22003,0.0,0.0
2024-12-13 12:26:00-05:00,153.3699951171875,153.52000427246094,153.25999450683594,153.52000427246094,6212,0.0,0.0
2024-12-13 12:27:00-05:00,153.5500030517578,153.5500030517578,153.33999633789062,153.44000244140625,4155,0.0,0.0
2024-12-13 12:28:00-05:00,153.56649780273438,153.58999633789062,153.36000061035156,153.48500061035156,3321,0.0,0.0
2024-12-13 12:29:00-05:00,153.36000061035156,153.4600067138672,153.25,153.42999267578125,5152,0.0,0.0
2024-12-13 12:30:00-05:00,153.44000244140625,153.44000244140625,153.2301025390625,153.35000610351562,3049,0.0,0.0
2024-12-13 12:31:00-05:00,153.41000366210938,153.41000366210938,153.27149963378906,153.27999877929688,4280,0.0,0.0
2024-12-13 12:32:00-05:00,153.2310028076172,153.30499267578125,153.10000610351562,153.24000549316406,4736,0.0,0.0
2024-12-13 12:33:00-05:00,153.25,153.25,153.1699981689453,153.22000122070312,5443,0.0,0.0
2024-12-13 12:34:00-05:00,153.2899932861328,153.41819763183594,153.25999450683594,153.2899932861328,5522,0.0,0.0
2024-12-13 12:35:00-05:00,153.35000610351562,153.4199981689453,153.30140686035156,153.34100341796875,4810,0.0,0.0
2024-12-13 12:36:00-05:00,153.3300018310547,153.4199981689453,153.32000732421875,153.32000732421875,4206,0.0,0.0
2024-12-13 12:37:00-05:00,153.47000122070312,153.47000122070312,153.25999450683594,153.29249572753906,6699,0.0,0.0
2024-12-13 12:38:00-05:00,153.2949981689453,153.4600067138672,153.2949981689453,153.4600067138672,4874,0.0,0.0
2024-12-13 12:39:00-05:00,153.3800048828125,153.5800018310547,153.3800048828125,153.53500366210938,6439,0.0,0.0
2024-12-13 12:40:00-05:00,153.5178985595703,153.5511016845703,153.24009704589844,153.28500366210938,6004,0.0,0.0
2024-12-13 12:41:00-05:00,153.3249969482422,153.3800048828125,153.30999755859375,153.3249969482422,6426,0.0,0.0
2024-12-13 12:42:00-05:00,153.3249969482422,153.4420928955078,153.27000427246094,153.39109802246094,4661,0.0,0.0
2024-12-13 12:43:00-05:00,153.3300018310547,153.36000061035156,153.22999572753906,153.2949981689453,12514,0.0,0.0
2024-12-13 12:44:00-05:00,153.2949981689453,153.2949981689453,153.1300048828125,153.17999267578125,4599,0.0,0.0
2024-12-13 12:45:00-05:00,153.07000732421875,153.1781005859375,152.89999389648438,153.0,27757,0.0,0.0
2024-12-13 12:46:00-05:00,153.08999633789062,153.14999389648438,153.0500030517578,153.11000061035156,4575,0.0,0.0
2024-12-13 12:47:00-05:00,153.13999938964844,153.2899932861328,153.13999938964844,153.2899932861328,2912,0.0,0.0
2024-12-13 12:48:00-05:00,153.27000427246094,153.36000061035156,153.16009521484375,153.19000244140625,2468,0.0,0.0
2024-12-13 12:49:00-05:00,153.28439331054688,153.47999572753906,153.28439331054688,153.47999572753906,2740,0.0,0.0
2024-12-13 12:50:00-05:00,153.38999938964844,153.38999938964844,153.0,153.02499389648438,7946,0.0,0.0
2024-12-13 12:51:00-05:00,153.05999755859375,153.05999755859375,152.94000244140625,152.9499969482422,3029,0.0,0.0
2024-12-13 12:52:00-05:00,153.00999450683594,153.22999572753906,153.00999450683594,153.22999572753906,5011,0.0,0.0
2024-12-13 12:53:00-05:00,153.2899932861328,153.34500122070312,153.16050720214844,153.3000030517578,3621,0.0,0.0
2024-12-13 12:54:00-05:00,153.35000610351562,153.35000610351562,153.19000244140625,153.19000244140625,2500,0.0,0.0
2024-12-13 12:55:00-05:00,153.3300018310547,153.33999633789062,153.21200561523438,153.3350067138672,3488,0.0,0.0
2024-12-13 12:56:00-05:00,153.27499389648438,153.27999877929688,153.1999969482422,153.27999877929688,3225,0.0,0.0
2024-12-13 12:57:00-05:00,153.3498992919922,153.3498992919922,153.19000244140625,153.19000244140625,2253,0.0,0.0
2024-12-13 12:58:00-05:00,153.3000030517578,153.3000030517578,153.22999572753906,153.3000030517578,3457,0.0,0.0
2024-12-13 12:59:00-05:00,153.1999969482422,153.3000030517578,153.1999969482422,153.25,2505,0.0,0.0
2024-12-13 13:00:00-05:00,153.26170349121094,153.28500366210938,153.1999969482422,153.25,5143,0.0,0.0
2024-12-13 13:01:00-05:00,153.22999572753906,153.49000549316406,153.22999572753906,153.47000122070312,3917,0.0,0.0
2024-12-13 13:02:00-05:00,153.47000122070312,153.47000122070312,153.39999389648438,153.39999389648438,2311,0.0,0.0
2024-12-13 13:03:00-05:00,153.44290161132812,153.44290161132812,153.3612060546875,153.39999389648438,4916,0.0,0.0
2024-12-13 13:04:00-05:00,153.4199981689453,153.47000122070312,153.37869262695312,153.37869262695312,9898,0.0,0.0
2024-12-13 13:05:00-05:00,153.27000427246094,153.37030029296875,153.27000427246094,153.3300018310547,1664,0.0,0.0
2024-12-13 13:06:00-05:00,153.31689453125,153.3300018310547,153.24000549316406,153.25,11662,0.0,0.0
2024-12-13 13:07:00-05:00,153.25999450683594,153.4499969482422,153.25999450683594,153.33999633789062,9479,0.0,0.0
2024-12-13 13:08:00-05:00,153.3800048828125,153.4600067138672,153.25,153.28089904785156,4935,0.0,0.0
2024-12-13 13:09:00-05:00,153.22999572753906,153.22999572753906,153.10000610351562,153.1208953857422,6641,0.0,0.0
2024-12-13 13:10:00-05:00,153.13999938964844,153.13999938964844,153.08999633789062,153.08999633789062,1485,0.0,0.0
2024-12-13 13:11:00-05:00,153.0800018310547,153.0800018310547,152.86000061035156,152.91000366210938,4983,0.0,0.0
2024-12-13 13:12:00-05:00,152.91000366210938,153.1699981689453,152.91000366210938,153.1699981689453,6354,0.0,0.0
2024-12-13 13:13:00-05:00,153.1699981689453,153.4499969482422,153.1699981689453,153.4499969482422,5923,0.0,0.0
2024-12-13 13:14:00-05:00,153.52000427246094,153.63999938964844,153.37210083007812,153.60499572753906,10287,0.0,0.0
2024-12-13 13:15:00-05:00,153.63999938964844,153.7899932861328,153.6024932861328,153.72000122070312,4761,0.0,0.0
2024-12-13 13:16:00-05:00,153.80819702148438,153.80819702148438,153.6300048828125,153.63999938964844,3573,0.0,0.0
2024-12-13 13:17:00-05:00,153.63999938964844,153.72000122070312,153.6300048828125,153.68499755859375,3442,0.0,0.0
2024-12-13 13:18:00-05:00,153.6750030517578,153.6999969482422,153.61000061035156,153.6300048828125,2446,0.0,0.0
2024-12-13 13:19:00-05:00,153.5800018310547,153.5800018310547,153.4001007080078,153.4199981689453,4638,0.0,0.0
2024-12-13 13:20:00-05:00,153.44500732421875,153.47999572753906,153.35000610351562,153.47999572753906,5004,0.0,0.0
2024-12-13 13:21:00-05:00,153.4499969482422,153.51919555664062,153.26010131835938,153.3708038330078,3113,0.0,0.0
2024-12-13 13:22:00-05:00,153.25999450683594,153.32400512695312,153.23049926757812,153.2899932861328,2037,0.0,0.0
2024-12-13 13:23:00-05:00,153.32859802246094,153.375,153.31500244140625,153.375,3673,0.0,0.0
2024-12-13 13:24:00-05:00,153.4698028564453,153.4698028564453,153.40499877929688,153.40499877929688,2882,0.0,0.0
2024-12-13 13:25:00-05:00,153.4600067138672,153.49000549316406,153.37010192871094,153.37010192871094,4708,0.0,0.0
2024-12-13 13:26:00-05:00,153.4199981689453,153.55999755859375,153.38009643554688,153.47999572753906,6754,0.0,0.0
2024-12-13 13:27:00-05:00,153.49000549316406,153.58999633789062,153.49000549316406,153.5399932861328,2815,0.0,0.0
2024-12-13 13:28:00-05:00,153.61000061035156,153.6699981689453,153.55160522460938,153.6300048828125,5469,0.0,0.0
2024-12-13 13:29:00-05:00,153.72000122070312,153.8000030517578,153.6300048828125,153.8000030517578,4173,0.0,0.0
2024-12-13 13:30:00-05:00,153.7899932861328,153.86000061035156,153.7899932861328,153.82000732421875,1398,0.0,0.0
2024-12-13 13:31:00-05:00,153.6999969482422,153.8000030517578,153.67999267578125,153.7375030517578,4372,0.0,0.0
2024-12-13 13:32:00-05:00,153.77499389648438,153.9600067138672,153.75,153.89999389648438,6205,0.0,0.0
2024-12-13 13:33:00-05:00,153.75,153.7899932861328,153.69000244140625,153.7899932861328,5232,0.0,0.0
2024-12-13 13:34:00-05:00,153.7899932861328,153.7899932861328,153.5991973876953,153.5991973876953,3447,0.0,0.0
2024-12-13 13:35:00-05:00,153.70849609375,153.74710083007812,153.70849609375,153.74710083007812,3242,0.0,0.0
2024-12-13 13:36:00-05:00,153.8000030517578,153.8524932861328,153.67010498046875,153.77000427246094,4417,0.0,0.0
2024-12-13 13:37:00-05:00,153.8300018310547,153.85000610351562,153.75999450683594,153.81619262695312,3405,0.0,0.0
2024-12-13 13:38:00-05:00,153.85000610351562,153.98989868164062,153.75999450683594,153.90640258789062,12864,0.0,0.0
2024-12-13 13:39:00-05:00,153.89999389648438,153.95660400390625,153.6699981689453,153.6699981689453,10941,0.0,0.0
2024-12-13 13:40:00-05:00,153.58999633789062,153.6175994873047,153.55999755859375,153.6175994873047,2837,0.0,0.0
2024-12-13 13:41:00-05:00,153.58999633789062,153.65890502929688,153.52000427246094,153.60499572753906,4752,0.0,0.0
2024-12-13 13:42:00-05:00,153.64720153808594,153.64720153808594,153.47000122070312,153.5211944580078,7339,0.0,0.0
2024-12-13 13:43:00-05:00,153.5699005126953,153.5699005126953,153.12109375,153.16000366210938,8566,0.0,0.0
2024-12-13 13:44:00-05:00,153.16000366210938,153.40809631347656,153.1199951171875,153.37449645996094,8542,0.0,0.0
2024-12-13 13:45:00-05:00,153.30999755859375,153.39999389648438,153.27999877929688,153.2899932861328,2777,0.0,0.0
2024-12-13 13:46:00-05:00,153.36500549316406,153.44000244140625,153.2899932861328,153.43499755859375,5931,0.0,0.0
2024-12-13 13:47:00-05:00,153.38999938964844,153.5,153.34010314941406,153.4199981689453,3862,0.0,0.0
2024-12-13 13:48:00-05:00,153.49000549316406,153.52000427246094,153.41000366210938,153.47000122070312,3071,0.0,0.0
2024-12-13 13:49:00-05:00,153.35000610351562,153.3699951171875,153.33999633789062,153.33999633789062,1117,0.0,0.0
2024-12-13 13:50:00-05:00,153.49000549316406,153.49000549316406,153.36000061035156,153.47000122070312,2669,0.0,0.0
2024-12-13 13:51:00-05:00,153.3800048828125,153.49000549316406,153.34010314941406,153.4499969482422,13013,0.0,0.0
2024-12-13 13:52:00-05:00,153.39999389648438,153.45249938964844,153.32009887695312,153.33999633789062,7547,0.0,0.0
2024-12-13 13:53:00-05:00,153.32000732421875,153.32000732421875,153.0399932861328,153.14999389648438,5741,0.0,0.0
2024-12-13 13:54:00-05:00,153.14999389648438,153.1999969482422,153.10000610351562,153.14999389648438,2643,0.0,0.0
2024-12-13 13:55:00-05:00,153.19000244140625,153.19000244140625,153.0800018310547,153.0800018310547,1683,0.0,0.0
2024-12-13 13:56:00-05:00,153.06500244140625,153.13499450683594,152.89999389648438,153.0399932861328,6702,0.0,0.0
2024-12-13 13:57:00-05:00,152.9636993408203,152.97500610351562,152.80169677734375,152.88499450683594,9231,0.0,0.0
2024-12-13 13:58:00-05:00,152.8800048828125,152.93899536132812,152.60000610351562,152.72999572753906,23802,0.0,0.0
2024-12-13 13:59:00-05:00,152.6199951171875,152.97000122070312,152.60000610351562,152.8000030517578,28945,0.0,0.0
2024-12-13 14:00:00-05:00,152.9250030517578,152.9250030517578,152.77999877929688,152.8699951171875,3895,0.0,0.0
2024-12-13 14:01:00-05:00,152.9134063720703,152.9600067138672,152.89999389648438,152.89999389648438,1062,0.0,0.0
2024-12-13 14:02:00-05:00,152.94329833984375,152.9600067138672,152.83999633789062,152.83999633789062,1999,0.0,0.0
2024-12-13 14:03:00-05:00,152.8800048828125,152.8800048828125,152.8800048828125,152.8800048828125,1079,0.0,0.0
2024-12-13 14:04:00-05:00,152.9199981689453,152.9199981689453,152.7899932861328,152.7899932861328,4333,0.0,0.0
2024-12-13 14:05:00-05:00,152.8300018310547,152.84730529785156,152.75,152.77999877929688,4172,0.0,0.0
2024-12-13 14:06:00-05:00,152.7548065185547,152.82000732421875,152.75,152.81500244140625,2635,0.0,0.0
2024-12-13 14:07:00-05:00,152.75,152.7926025390625,152.618896484375,152.618896484375,5958,0.0,0.0
2024-12-13 14:08:00-05:00,152.55999755859375,152.6199951171875,152.52000427246094,152.52000427246094,7342,0.0,0.0
2024-12-13 14:09:00-05:00,152.55999755859375,152.5677947998047,152.4499969482422,152.51499938964844,6699,0.0,0.0
2024-12-13 14:10:00-05:00,152.4600067138672,152.51820373535156,152.3699951171875,152.49000549316406,12773,0.0,0.0
2024-12-13 14:11:00-05:00,152.5050048828125,152.5699005126953,152.44000244140625,152.5699005126953,1091,0.0,0.0
2024-12-13 14:12:00-05:00,152.5699005126953,152.58999633789062,152.38999938964844,152.38999938964844,14989,0.0,0.0
2024-12-13 14:13:00-05:00,152.27000427246094,152.3699951171875,152.13999938964844,152.2899932861328,7033,0.0,0.0
2024-12-13 14:14:00-05:00,152.2899932861328,152.2899932861328,152.14999389648438,152.14999389648438,4451,0.0,0.0
2024-12-13 14:15:00-05:00,152.22999572753906,152.30499267578125,152.16000366210938,152.16140747070312,6375,0.0,0.0
2024-12-13 14:16:00-05:00,152.25,152.31570434570312,152.14999389648438,152.19000244140625,8007,0.0,0.0
2024-12-13 14:17:00-05:00,152.2248992919922,152.25,152.0500030517578,152.10499572753906,6572,0.0,0.0
2024-12-13 14:18:00-05:00,152.1699981689453,152.1699981689453,152.00999450683594,152.02000427246094,7210,0.0,0.0
2024-12-13 14:19:00-05:00,152.1699981689453,152.3968963623047,152.1649932861328,152.19009399414062,6804,0.0,0.0
2024-12-13 14:20:00-05:00,152.38999938964844,152.5413055419922,152.38499450683594,152.52999877929688,4958,0.0,0.0
2024-12-13 14:21:00-05:00,152.5500030517578,152.7740020751953,152.49000549316406,152.7740020751953,4926,0.0,0.0
2024-12-13 14:22:00-05:00,152.78089904785156,152.91000366210938,152.74000549316406,152.91000366210938,2319,0.0,0.0
2024-12-13 14:23:00-05:00,152.82000732421875,152.85000610351562,152.51010131835938,152.51010131835938,4732,0.0,0.0
2024-12-13 14:24:00-05:00,152.5399932861328,152.5850067138672,152.47999572753906,152.5850067138672,10722,0.0,0.0
2024-12-13 14:25:00-05:00,152.66200256347656,152.72999572753906,152.49000549316406,152.6199951171875,4080,0.0,0.0
2024-12-13 14:26:00-05:00,152.70809936523438,152.88999938964844,152.62600708007812,152.88999938964844,5927,0.0,0.0
2024-12-13 14:27:00-05:00,152.72520446777344,152.85000610351562,152.69000244140625,152.77999877929688,2566,0.0,0.0
2024-12-13 14:28:00-05:00,152.85000610351562,153.08999633789062,152.85000610351562,152.89999389648438,12412,0.0,0.0
2024-12-13 14:29:00-05:00,152.97000122070312,153.0399932861328,152.91600036621094,152.9499053955078,2225,0.0,0.0
2024-12-13 14:30:00-05:00,152.95750427246094,153.0364990234375,152.82000732421875,152.8699951171875,10009,0.0,0.0
2024-12-13 14:31:00-05:00,152.7899932861328,152.97999572753906,152.75,152.89999389648438,13753,0.0,0.0
2024-12-13 14:32:00-05:00,152.80999755859375,152.85000610351562,152.6999969482422,152.78500366210938,2681,0.0,0.0
2024-12-13 14:33:00-05:00,152.69000244140625,152.8800048828125,152.6616973876953,152.8800048828125,8523,0.0,0.0
2024-12-13 14:34:00-05:00,152.66009521484375,152.7949981689453,152.57000732421875,152.58999633789062,7008,0.0,0.0
2024-12-13 14:35:00-05:00,152.55999755859375,152.66000366210938,152.55999755859375,152.59500122070312,4394,0.0,0.0
2024-12-13 14:36:00-05:00,152.5399932861328,152.5500030517578,152.4600067138672,152.4600067138672,10238,0.0,0.0
2024-12-13 14:37:00-05:00,152.5449981689453,152.5449981689453,152.3804931640625,152.3804931640625,2908,0.0,0.0
2024-12-13 14:38:00-05:00,152.41000366210938,152.49000549316406,152.36000061035156,152.4550018310547,9890,0.0,0.0
2024-12-13 14:39:00-05:00,152.50999450683594,152.52000427246094,152.4499969482422,152.4947967529297,2741,0.0,0.0
2024-12-13 14:40:00-05:00,152.43499755859375,152.43499755859375,152.32009887695312,152.41000366210938,4240,0.0,0.0
2024-12-13 14:41:00-05:00,152.47000122070312,152.47000122070312,152.41000366210938,152.41000366210938,2816,0.0,0.0
2024-12-13 14:42:00-05:00,152.48199462890625,152.48199462890625,152.39999389648438,152.4199981689453,2322,0.0,0.0
2024-12-13 14:43:00-05:00,152.41000366210938,152.41000366210938,152.33120727539062,152.38819885253906,1308,0.0,0.0
2024-12-13 14:44:00-05:00,152.35000610351562,152.60000610351562,152.2519989013672,152.57000732421875,6140,0.0,0.0
2024-12-13 14:45:00-05:00,152.47999572753906,152.6999969482422,152.47999572753906,152.69000244140625,6402,0.0,0.0
2024-12-13 14:46:00-05:00,152.6999969482422,152.6999969482422,152.61000061035156,152.69000244140625,1859,0.0,0.0
2024-12-13 14:47:00-05:00,152.68580627441406,152.6999969482422,152.5800018310547,152.6999969482422,6282,0.0,0.0
2024-12-13 14:48:00-05:00,152.7353057861328,152.86000061035156,152.49000549316406,152.6699981689453,26174,0.0,0.0
2024-12-13 14:49:00-05:00,152.65499877929688,152.89999389648438,152.65499877929688,152.7100067138672,22266,0.0,0.0
2024-12-13 14:50:00-05:00,152.67999267578125,152.69000244140625,152.21009826660156,152.21009826660156,14050,0.0,0.0
2024-12-13 14:51:00-05:00,152.3249969482422,152.3249969482422,152.14280700683594,152.2100067138672,4574,0.0,0.0
2024-12-13 14:52:00-05:00,152.19000244140625,152.4600067138672,152.14999389648438,152.40499877929688,5675,0.0,0.0
2024-12-13 14:53:00-05:00,152.5,152.5,152.3800048828125,152.41000366210938,1927,0.0,0.0
2024-12-13 14:54:00-05:00,152.41510009765625,152.5800018310547,152.41510009765625,152.5800018310547,5430,0.0,0.0
2024-12-13 14:55:00-05:00,152.5050048828125,152.5050048828125,152.3845977783203,152.3845977783203,3293,0.0,0.0
2024-12-13 14:56:00-05:00,152.36000061035156,152.61000061035156,152.36000061035156,152.48500061035156,1288,0.0,0.0
2024-12-13 14:57:00-05:00,152.52999877929688,152.60000610351562,152.39599609375,152.60000610351562,4432,0.0,0.0
2024-12-13 14:58:00-05:00,152.5301055908203,152.6956024169922,152.50999450683594,152.50999450683594,4505,0.0,0.0
2024-12-13 14:59:00-05:00,152.55999755859375,152.60000610351562,152.47000122070312,152.56500244140625,8335,0.0,0.0
2024-12-13 15:00:00-05:00,152.47000122070312,152.52499389648438,152.2949981689453,152.52499389648438,11900,0.0,0.0
2024-12-13 15:01:00-05:00,152.52999877929688,152.52999877929688,152.38499450683594,152.40379333496094,2538,0.0,0.0
2024-12-13 15:02:00-05:00,152.3800048828125,152.72999572753906,152.3800048828125,152.63999938964844,3687,0.0,0.0
2024-12-13 15:03:00-05:00,152.6699981689453,152.73939514160156,152.52000427246094,152.58999633789062,6776,0.0,0.0
2024-12-13 15:04:00-05:00,152.56500244140625,152.56500244140625,152.55850219726562,152.55850219726562,245,0.0,0.0
2024-12-13 15:05:00-05:00,152.51890563964844,152.6300048828125,152.44000244140625,152.6300048828125,8160,0.0,0.0
2024-12-13 15:06:00-05:00,152.51730346679688,152.51730346679688,152.3699951171875,152.3699951171875,2977,0.0,0.0
2024-12-13 15:07:00-05:00,152.35000610351562,152.39999389648438,152.2550048828125,152.3137969970703,6535,0.0,0.0
2024-12-13 15:08:00-05:00,152.47000122070312,152.50999450683594,152.47000122070312,152.50999450683594,2652,0.0,0.0
2024-12-13 15:09:00-05:00,152.5800018310547,152.6562042236328,152.47999572753906,152.52000427246094,4211,0.0,0.0
2024-12-13 15:10:00-05:00,152.47000122070312,152.47000122070312,152.27999877929688,152.3000030517578,4595,0.0,0.0
2024-12-13 15:11:00-05:00,152.1999969482422,152.3498992919922,152.1199951171875,152.1699981689453,3975,0.0,0.0
2024-12-13 15:12:00-05:00,152.22500610351562,152.33999633789062,152.110107421875,152.27999877929688,3084,0.0,0.0
2024-12-13 15:13:00-05:00,152.4199981689453,152.47000122070312,152.34840393066406,152.3800048828125,4593,0.0,0.0
2024-12-13 15:14:00-05:00,152.41000366210938,152.41000366210938,152.2899932861328,152.2899932861328,4805,0.0,0.0
2024-12-13 15:15:00-05:00,152.27999877929688,152.3699951171875,152.27999877929688,152.36000061035156,1958,0.0,0.0
2024-12-13 15:16:00-05:00,152.22999572753906,152.39999389648438,152.1999969482422,152.32000732421875,3872,0.0,0.0
2024-12-13 15:17:00-05:00,152.39999389648438,152.39999389648438,152.2100067138672,152.22500610351562,9392,0.0,0.0
2024-12-13 15:18:00-05:00,152.27999877929688,152.39999389648438,152.18499755859375,152.24000549316406,6783,0.0,0.0
2024-12-13 15:19:00-05:00,152.27040100097656,152.36000061035156,152.19000244140625,152.19000244140625,3483,0.0,0.0
2024-12-13 15:20:00-05:00,152.283203125,152.283203125,152.02999877929688,152.0800018310547,5543,0.0,0.0
2024-12-13 15:21:00-05:00,152.1999969482422,152.1999969482422,151.860107421875,152.00999450683594,27518,0.0,0.0
2024-12-13 15:22:00-05:00,152.16000366210938,152.2899932861328,152.16000366210938,152.27000427246094,3230,0.0,0.0
2024-12-13 15:23:00-05:00,152.27000427246094,152.4499969482422,152.16009521484375,152.27000427246094,6980,0.0,0.0
2024-12-13 15:24:00-05:00,152.41000366210938,152.41000366210938,152.24000549316406,152.26499938964844,2821,0.0,0.0
2024-12-13 15:25:00-05:00,152.32000732421875,152.4499969482422,152.22830200195312,152.33140563964844,5554,0.0,0.0
2024-12-13 15:26:00-05:00,152.41000366210938,152.4862060546875,152.39010620117188,152.44500732421875,10881,0.0,0.0
2024-12-13 15:27:00-05:00,152.44500732421875,152.44500732421875,152.3300018310547,152.39999389648438,5129,0.0,0.0
2024-12-13 15:28:00-05:00,152.3300018310547,152.5,152.3300018310547,152.43499755859375,3434,0.0,0.0
2024-12-13 15:29:00-05:00,152.49000549316406,152.6199951171875,152.38999938964844,152.44500732421875,9085,0.0,0.0
2024-12-13 15:30:00-05:00,152.38999938964844,152.40989685058594,152.30999755859375,152.34500122070312,11886,0.0,0.0
2024-12-13 15:31:00-05:00,152.39999389648438,152.47720336914062,152.3000030517578,152.41000366210938,6784,0.0,0.0
2024-12-13 15:32:00-05:00,152.39739990234375,152.39739990234375,152.25,152.25,6256,0.0,0.0
2024-12-13 15:33:00-05:00,152.29750061035156,152.36099243164062,152.24000549316406,152.36000061035156,3822,0.0,0.0
2024-12-13 15:34:00-05:00,152.3699951171875,152.4199981689453,152.35000610351562,152.4199981689453,6530,0.0,0.0
2024-12-13 15:35:00-05:00,152.41000366210938,152.42999267578125,152.22000122070312,152.22999572753906,7302,0.0,0.0
2024-12-13 15:36:00-05:00,152.27999877929688,152.27999877929688,152.11000061035156,152.15499877929688,6434,0.0,0.0
2024-12-13 15:37:00-05:00,152.15499877929688,152.17999267578125,151.94000244140625,152.17999267578125,8778,0.0,0.0
2024-12-13 15:38:00-05:00,152.1999969482422,152.1999969482422,152.08999633789062,152.08999633789062,4161,0.0,0.0
2024-12-13 15:39:00-05:00,152.0500030517578,152.14999389648438,152.0500030517578,152.13999938964844,5350,0.0,0.0
2024-12-13 15:40:00-05:00,152.14500427246094,152.1699981689453,152.08999633789062,152.1699981689453,7815,0.0,0.0
2024-12-13 15:41:00-05:00,152.13999938964844,152.24989318847656,151.97999572753906,152.0301055908203,8537,0.0,0.0
2024-12-13 15:42:00-05:00,152.0050048828125,152.02000427246094,151.85000610351562,151.86000061035156,9484,0.0,0.0
2024-12-13 15:43:00-05:00,151.86000061035156,151.86000061035156,151.625,151.69000244140625,15092,0.0,0.0
2024-12-13 15:44:00-05:00,151.68499755859375,151.68499755859375,151.4499969482422,151.4499969482422,7015,0.0,0.0
2024-12-13 15:45:00-05:00,151.44000244140625,151.5399932861328,151.44000244140625,151.47500610351562,9526,0.0,0.0
2024-12-13 15:46:00-05:00,151.5,151.510498046875,151.39999389648438,151.47000122070312,13293,0.0,0.0
2024-12-13 15:47:00-05:00,151.5399932861328,151.57000732421875,151.38999938964844,151.38999938964844,15071,0.0,0.0
2024-12-13 15:48:00-05:00,151.4499969482422,151.4499969482422,151.3000030517578,151.34500122070312,11693,0.0,0.0
2024-12-13 15:49:00-05:00,151.34500122070312,151.4199981689453,151.30999755859375,151.41000366210938,13046,0.0,0.0
2024-12-13 15:50:00-05:00,151.4199981689453,151.8300018310547,151.4199981689453,151.8300018310547,36571,0.0,0.0
2024-12-13 15:51:00-05:00,151.88999938964844,151.93499755859375,151.74000549316406,151.82000732421875,16875,0.0,0.0
2024-12-13 15:52:00-05:00,151.82000732421875,151.89999389648438,151.7100067138672,151.8300018310547,17749,0.0,0.0
2024-12-13 15:53:00-05:00,151.82000732421875,151.89999389648438,151.75999450683594,151.89999389648438,19671,0.0,0.0
2024-12-13 15:54:00-05:00,151.89999389648438,152.0,151.77999877929688,151.8300018310547,23476,0.0,0.0
2024-12-13 15:55:00-05:00,151.88999938964844,152.24000549316406,151.88999938964844,152.08999633789062,43597,0.0,0.0
2024-12-13 15:56:00-05:00,152.08999633789062,152.09759521484375,151.8000030517578,151.83250427246094,26882,0.0,0.0
2024-12-13 15:57:00-05:00,151.8300018310547,151.89999389648438,151.69000244140625,151.8000030517578,50233,0.0,0.0
2024-12-13 15:58:00-05:00,151.82000732421875,151.9499969482422,151.65150451660156,151.91000366210938,55903,0.0,0.0
2024-12-13 15:59:00-05:00,151.94000244140625,151.9499969482422,151.82000732421875,151.91000366210938,83426,0.0,0.0
2024-12-13 16:00:00-05:00,151.91,151.95,151.85,151.91,229113,0.0,0.0
2024-12-13 16:01:00-05:00,151.91,151.91,151.64,151.79,0,0.0,0.0
2024-12-13 16:02:00-05:00,151.91,151.91,151.58,151.7,0,0.0,0.0
2024-12-13 16:03:00-05:00,151.7,151.7,151.7,151.7,0,0.0,0.0
2024-12-13 16:04:00-05:00,151.7,151.8,151.7,151.7,0,0.0,0.0
2024-12-13 16:05:00-05:00,151.91,151.91,151.7,151.79,0,0.0,0.0
2024-12-13 16:06:00-05:00,151.8,151.8,151.8,151.8,0,0.0,0.0
2024-12-13 16:07:00-05:00,151.8,151.8,151.69,151.69,0,0.0,0.0
2024-12-13 16:08:00-05:00,151.26,151.69,151.26,151.69,0,0.0,0.0
2024-12-13 16:09:00-05:00,151.57,151.7,151.56,151.7,0,0.0,0.0
2024-12-13 16:10:00-05:00,151.91,151.91,151.65,151.65,0,0.0,0.0
2024-12-13 16:12:00-05:00,151.56,151.66,151.56,151.66,0,0.0,0.0
2024-12-13 16:13:00-05:00,151.66,151.91,151.6,151.66,0,0.0,0.0
2024-12-13 16:14:00-05:00,151.6,151.6,151.56,151.56,0,0.0,0.0
2024-12-13 16:15:00-05:00,151.91,151.91,151.6,151.6,0,0.0,0.0
2024-12-13 16:16:00-05:00,151.6,151.6,151.56,151.56,0,0.0,0.0
2024-12-13 16:17:00-05:00,151.55,151.63,151.55,151.63,0,0.0,0.0
2024-12-13 16:18:00-05:00,151.63,151.63,151.5,151.5,0,0.0,0.0
2024-12-13 16:19:00-05:00,151.5,151.6365,151.5,151.6,0,0.0,0.0
2024-12-13 16:20:00-05:00,151.56,151.56,151.5,151.5,0,0.0,0.0
2024-12-13 16:21:00-05:00,151.6,151.66,151.6,151.6599,0,0.0,0.0
2024-12-13 16:22:00-05:00,151.6,151.7,151.6,151.7,0,0.0,0.0
2024-12-13 16:24:00-05:00,151.6,151.69,151.5,151.5,0,0.0,0.0
2024-12-13 16:25:00-05:00,151.51,151.69,151.51,151.53,0,0.0,0.0
2024-12-13 16:26:00-05:00,151.52,151.69,151.51,151.69,0,0.0,0.0
2024-12-13 16:27:00-05:00,151.51,151.69,151.51,151.51,0,0.0,0.0
2024-12-13 16:28:00-05:00,151.51,151.68,151.51,151.51,0,0.0,0.0
2024-12-13 16:29:00-05:00,151.52,151.52,151.52,151.52,0,0.0,0.0
2024-12-13 16:30:00-05:00,151.67,151.67,151.67,151.67,0,0.0,0.0
2024-12-13 16:31:00-05:00,151.5,151.5,151.5,151.5,0,0.0,0.0
2024-12-13 16:32:00-05:00,151.52,151.52,151.52,151.52,0,0.0,0.0
2024-12-13 16:33:00-05:00,151.52,151.52,151.52,151.52,0,0.0,0.0
2024-12-13 16:36:00-05:00,151.5001,151.51,151.5001,151.51,0,0.0,0.0
2024-12-13 16:37:00-05:00,151.6,151.6,151.51,151.51,0,0.0,0.0
2024-12-13 16:38:00-05:00,151.6,151.6025,151.6,151.6025,0,0.0,0.0
2024-12-13 16:39:00-05:00,151.6006,151.6006,151.6,151.6,0,0.0,0.0
2024-12-13 16:40:00-05:00,151.7,151.7,151.7,151.7,0,0.0,0.0
2024-12-13 16:42:00-05:00,151.6008,151.7,151.6008,151.7,0,0.0,0.0
2024-12-13 16:43:00-05:00,151.74,151.75,151.74,151.75,0,0.0,0.0
2024-12-13 16:46:00-05:00,151.74,151.85,151.74,151.85,0,0.0,0.0
2024-12-13 16:47:00-05:00,151.874,151.874,151.874,151.874,0,0.0,0.0
2024-12-13 16:48:00-05:00,151.85,151.85,151.85,151.85,0,0.0,0.0
2024-12-13 16:49:00-05:00,151.85,151.85,151.85,151.85,0,0.0,0.0
2024-12-13 16:51:00-05:00,151.88,151.88,151.76,151.85,0,0.0,0.0
2024-12-13 16:52:00-05:00,151.8793,151.8793,151.8793,151.8793,0,0.0,0.0
2024-12-13 16:53:00-05:00,151.84,151.84,151.84,151.84,0,0.0,0.0
2024-12-13 16:55:00-05:00,151.8,151.8,151.79,151.79,0,0.0,0.0
2024-12-13 16:56:00-05:00,151.8,151.8,151.8,151.8,0,0.0,0.0
2024-12-13 16:57:00-05:00,151.79,151.79,151.79,151.79,0,0.0,0.0
2024-12-13 16:58:00-05:00,151.79,151.8,151.79,151.79,0,0.0,0.0
2024-12-13 16:59:00-05:00,151.79,151.79,151.79,151.79,0,0.0,0.0
2024-12-13 17:00:00-05:00,151.79,151.9801,151.6501,151.9801,0,0.0,0.0
2024-12-13 17:01:00-05:00,151.99,152.0456,151.61,152.0456,0,0.0,0.0
2024-12-13 17:03:00-05:00,151.9,151.9,151.9,151.9,0,0.0,0.0
2024-12-13 17:04:00-05:00,151.76,151.9,151.76,151.9,0,0.0,0.0
2024-12-13 17:05:00-05:00,151.87,151.87,151.87,151.87,0,0.0,0.0
2024-12-13 17:08:00-05:00,151.8,151.8,151.8,151.8,0,0.0,0.0
2024-12-13 17:09:00-05:00,152.0154,152.0154,152.0154,152.0154,0,0.0,0.0
2024-12-13 17:10:00-05:00,151.8,151.895,151.8,151.895,0,0.0,0.0
2024-12-13 17:12:00-05:00,151.8,151.9712,151.8,151.9712,0,0.0,0.0
2024-12-13 17:15:00-05:00,151.97,151.97,151.97,151.97,0,0.0,0.0
2024-12-13 17:16:00-05:00,151.87,151.87,151.87,151.87,0,0.0,0.0
2024-12-13 17:17:00-05:00,151.9,151.9,151.9,151.9,0,0.0,0.0
2024-12-13 17:19:00-05:00,151.91,151.91,151.91,151.91,0,0.0,0.0
2024-12-13 17:21:00-05:00,151.8,151.91,151.8,151.91,0,0.0,0.0
2024-12-13 17:22:00-05:00,151.87,151.87,151.87,151.87,0,0.0,0.0
2024-12-13 17:23:00-05:00,151.9099,151.9099,151.8,151.8,0,0.0,0.0
2024-12-13 17:24:00-05:00,151.8,151.8,151.79,151.79,0,0.0,0.0
2024-12-13 17:25:00-05:00,151.76,151.76,151.76,151.76,0,0.0,0.0
2024-12-13 17:26:00-05:00,151.77,151.8,151.77,151.8,0,0.0,0.0
2024-12-13 17:27:00-05:00,151.78,151.78,151.78,151.78,0,0.0,0.0
2024-12-13 17:28:00-05:00,151.79,151.79,151.78,151.79,0,0.0,0.0
2024-12-13 17:29:00-05:00,151.78,151.7995,151.78,151.7995,0,0.0,0.0
2024-12-13 17:31:00-05:00,151.79,151.8,151.79,151.8,0,0.0,0.0
2024-12-13 17:32:00-05:00,151.79,151.79,151.79,151.79,0,0.0,0.0
2024-12-13 17:33:00-05:00,151.79,151.79,151.76,151.76,0,0.0,0.0
2024-12-13 17:35:00-05:00,151.7993,151.7993,151.76,151.76,0,0.0,0.0
2024-12-13 17:36:00-05:00,151.79,151.79,151.79,151.79,0,0.0,0.0
2024-12-13 17:37:00-05:00,151.8,151.8,151.7792,151.7792,0,0.0,0.0
2024-12-13 17:41:00-05:00,151.78,151.78,151.78,151.78,0,0.0,0.0
2024-12-13 17:43:00-05:00,151.79,151.79,151.76,151.76,0,0.0,0.0
2024-12-13 17:46:00-05:00,151.78,151.78,151.78,151.78,0,0.0,0.0
2024-12-13 17:47:00-05:00,151.78,151.78,151.6,151.6,0,0.0,0.0
2024-12-13 17:48:00-05:00,151.61,151.61,151.61,151.61,0,0.0,0.0
2024-12-13 17:49:00-05:00,151.78,151.78,151.78,151.78,0,0.0,0.0
2024-12-13 17:50:00-05:00,151.6,151.78,151.6,151.78,0,0.0,0.0
2024-12-13 17:52:00-05:00,151.78,151.78,151.71,151.71,0,0.0,0.0
2024-12-13 17:53:00-05:00,151.79,151.8,151.7799,151.7799,0,0.0,0.0
2024-12-13 17:54:00-05:00,151.9093,151.9093,151.7,151.7,0,0.0,0.0
2024-12-13 17:56:00-05:00,151.71,151.71,151.71,151.71,0,0.0,0.0
2024-12-13 17:57:00-05:00,151.908,151.908,151.908,151.908,0,0.0,0.0
2024-12-13 18:00:00-05:00,151.9099,151.9099,151.71,151.71,0,0.0,0.0
2024-12-13 18:01:00-05:00,151.71,151.71,151.71,151.71,0,0.0,0.0
2024-12-13 18:02:00-05:00,151.7,151.7,151.51,151.51,0,0.0,0.0
2024-12-13 18:03:00-05:00,151.74,151.74,151.74,151.74,0,0.0,0.0
2024-12-13 18:06:00-05:00,151.7,151.7,151.7,151.7,0,0.0,0.0
2024-12-13 18:09:00-05:00,151.7,151.7,151.7,151.7,0,0.0,0.0
2024-12-13 18:13:00-05:00,151.7,151.7,151.7,151.7,0,0.0,0.0
2024-12-13 18:14:00-05:00,151.7492,151.7492,151.51,151.51,0,0.0,0.0
2024-12-13 18:15:00-05:00,151.5,151.5,151.5,151.5,0,0.0,0.0
2024-12-13 18:16:00-05:00,151.51,151.51,151.51,151.51,0,0.0,0.0
2024-12-13 18:20:00-05:00,151.62,151.62,151.62,151.62,0,0.0,0.0
2024-12-13 18:24:00-05:00,151.63,151.63,151.63,151.63,0,0.0,0.0
2024-12-13 18:25:00-05:00,151.62,151.63,151.62,151.63,0,0.0,0.0
2024-12-13 18:27:00-05:00,151.5,151.5,151.5,151.5,0,0.0,0.0
2024-12-13 18:28:00-05:00,151.5,151.5,151.5,151.5,0,0.0,0.0
2024-12-13 18:30:00-05:00,151.63,151.63,151.63,151.63,0,0.0,0.0
2024-12-13 18:33:00-05:00,151.75,151.75,151.5,151.5,0,0.0,0.0
2024-12-13 18:36:00-05:00,151.7,151.7,151.7,151.7,0,0.0,0.0
2024-12-13 18:37:00-05:00,151.75,151.75,151.75,151.75,0,0.0,0.0
2024-12-13 18:41:00-05:00,151.91,151.91,151.91,151.91,0,0.0,0.0
2024-12-13 18:43:00-05:00,151.91,151.91,151.91,151.91,0,0.0,0.0
2024-12-13 18:44:00-05:00,151.75,151.75,151.75,151.75,0,0.0,0.0
2024-12-13 18:45:00-05:00,151.55,151.55,151.51,151.51,0,0.0,0.0
2024-12-13 18:55:00-05:00,151.75,151.8687,151.75,151.8687,0,0.0,0.0
2024-12-13 18:58:00-05:00,151.6,151.6,151.6,151.6,0,0.0,0.0
2024-12-13 19:03:00-05:00,151.7498,151.7498,151.7498,151.7498,0,0.0,0.0
2024-12-13 19:06:00-05:00,151.7492,151.7496,151.7492,151.7496,0,0.0,0.0
2024-12-13 19:07:00-05:00,151.7486,151.7486,151.7486,151.7486,0,0.0,0.0
2024-12-13 19:13:00-05:00,151.73,151.73,151.73,151.73,0,0.0,0.0
2024-12-13 19:14:00-05:00,151.73,151.73,151.73,151.73,0,0.0,0.0
2024-12-13 19:17:00-05:00,151.71,151.71,151.71,151.71,0,0.0,0.0
2024-12-13 19:19:00-05:00,151.8,151.8,151.8,151.8,0,0.0,0.0
2024-12-13 19:20:00-05:00,151.8,151.85,151.8,151.85,0,0.0,0.0
2024-12-13 19:23:00-05:00,151.73,151.75,151.73,151.75,0,0.0,0.0
2024-12-13 19:25:00-05:00,151.8488,151.8488,151.8488,151.8488,0,0.0,0.0
2024-12-13 19:27:00-05:00,151.7,151.7,151.7,151.7,0,0.0,0.0
2024-12-13 19:28:00-05:00,151.71,151.71,151.71,151.71,0,0.0,0.0
2024-12-13 19:30:00-05:00,151.7,151.7,151.7,151.7,0,0.0,0.0
2024-12-13 19:33:00-05:00,151.81,151.81,151.81,151.81,0,0.0,0.0
2024-12-13 19:38:00-05:00,151.7,151.7,151.7,151.7,0,0.0,0.0
2024-12-13 19:39:00-05:00,151.6,151.7,151.6,151.7,0,0.0,0.0
2024-12-13 19:40:00-05:00,151.84,151.84,151.6,151.6,0,0.0,0.0
2024-12-13 19:43:09-05:00,151.84,151.84,151.84,151.84,0,0.0,0.0
