time,Open,High,Low,Close,Volume,Dividends,Stock Splits
2024-12-16 04:02:00-05:00,151.43,151.43,151.43,151.43,0,0.0,0.0
2024-12-16 04:03:00-05:00,151.06,151.06,151.06,151.06,0,0.0,0.0
2024-12-16 04:04:00-05:00,151.06,151.06,151.06,151.06,0,0.0,0.0
2024-12-16 04:05:00-05:00,151.05,151.05,150.75,150.75,0,0.0,0.0
2024-12-16 04:06:00-05:00,150.7,150.7,150.7,150.7,0,0.0,0.0
2024-12-16 04:07:00-05:00,150.64,150.64,150.5,150.5,0,0.0,0.0
2024-12-16 04:08:00-05:00,150.45,150.45,150.45,150.45,0,0.0,0.0
2024-12-16 04:09:00-05:00,150.3,150.3,150.3,150.3,0,0.0,0.0
2024-12-16 04:10:00-05:00,150.3,150.31,150.3,150.31,0,0.0,0.0
2024-12-16 04:11:00-05:00,150.5,150.5,150.5,150.5,0,0.0,0.0
2024-12-16 04:13:00-05:00,150.53,150.6,150.5,150.5,0,0.0,0.0
2024-12-16 04:14:00-05:00,150.5,150.5,150.5,150.5,0,0.0,0.0
2024-12-16 04:15:00-05:00,150.5,150.5,150.5,150.5,0,0.0,0.0
2024-12-16 04:16:00-05:00,150.5,150.5,150.5,150.5,0,0.0,0.0
2024-12-16 04:19:00-05:00,150.37,150.37,150.37,150.37,0,0.0,0.0
2024-12-16 04:20:00-05:00,150.37,150.37,150.19,150.19,0,0.0,0.0
2024-12-16 04:24:00-05:00,150.16,150.16,150.16,150.16,0,0.0,0.0
2024-12-16 04:25:00-05:00,150.16,150.23,150.16,150.16,0,0.0,0.0
2024-12-16 04:26:00-05:00,150.16,150.16,150.11,150.11,0,0.0,0.0
2024-12-16 04:30:00-05:00,150.3,150.3,150.24,150.24,0,0.0,0.0
2024-12-16 04:31:00-05:00,150.24,150.24,150.11,150.11,0,0.0,0.0
2024-12-16 04:32:00-05:00,150.11,150.24,150.11,150.24,0,0.0,0.0
2024-12-16 04:34:00-05:00,150.24,150.24,150.24,150.24,0,0.0,0.0
2024-12-16 04:41:00-05:00,150.47,150.47,150.47,150.47,0,0.0,0.0
2024-12-16 04:45:00-05:00,150.5,150.5,150.5,150.5,0,0.0,0.0
2024-12-16 04:46:00-05:00,150.64,150.64,150.64,150.64,0,0.0,0.0
2024-12-16 04:48:00-05:00,150.67,150.67,150.5,150.5,0,0.0,0.0
2024-12-16 04:50:00-05:00,150.34,150.34,150.34,150.34,0,0.0,0.0
2024-12-16 04:51:00-05:00,150.48,150.48,150.29,150.29,0,0.0,0.0
2024-12-16 04:52:00-05:00,150.3,150.3,150.3,150.3,0,0.0,0.0
2024-12-16 04:53:00-05:00,150.3,150.3,150.3,150.3,0,0.0,0.0
2024-12-16 04:57:00-05:00,150.27,150.27,150.27,150.27,0,0.0,0.0
2024-12-16 04:58:00-05:00,150.3,150.3,150.3,150.3,0,0.0,0.0
2024-12-16 04:59:00-05:00,150.28,150.37,150.28,150.37,0,0.0,0.0
2024-12-16 05:00:00-05:00,150.27,150.36,150.27,150.36,0,0.0,0.0
2024-12-16 05:01:00-05:00,150.38,150.38,150.38,150.38,0,0.0,0.0
2024-12-16 05:02:00-05:00,150.39,150.39,150.39,150.39,0,0.0,0.0
2024-12-16 05:03:00-05:00,150.52,150.52,150.51,150.51,0,0.0,0.0
2024-12-16 05:04:00-05:00,150.4,150.4,150.4,150.4,0,0.0,0.0
2024-12-16 05:05:00-05:00,150.4,150.4,150.4,150.4,0,0.0,0.0
2024-12-16 05:20:00-05:00,150.62,150.62,150.62,150.62,0,0.0,0.0
2024-12-16 05:28:00-05:00,150.75,150.75,150.75,150.75,0,0.0,0.0
2024-12-16 05:29:00-05:00,150.77,150.77,150.77,150.77,0,0.0,0.0
2024-12-16 05:30:00-05:00,151.0,151.01,151.0,151.01,0,0.0,0.0
2024-12-16 05:36:00-05:00,151.07,151.07,151.07,151.07,0,0.0,0.0
2024-12-16 05:41:00-05:00,151.03,151.03,151.03,151.03,0,0.0,0.0
2024-12-16 05:45:00-05:00,151.01,151.01,151.0,151.0,0,0.0,0.0
2024-12-16 05:46:00-05:00,151.0,151.0,151.0,151.0,0,0.0,0.0
2024-12-16 05:48:00-05:00,151.0,151.0,151.0,151.0,0,0.0,0.0
2024-12-16 05:49:00-05:00,150.92,150.92,150.92,150.92,0,0.0,0.0
2024-12-16 05:50:00-05:00,150.95,150.95,150.95,150.95,0,0.0,0.0
2024-12-16 05:54:00-05:00,151.09,151.1,151.09,151.1,0,0.0,0.0
2024-12-16 06:04:00-05:00,151.14,151.44,151.14,151.44,0,0.0,0.0
2024-12-16 06:09:00-05:00,150.91,151.21,150.91,151.21,0,0.0,0.0
2024-12-16 06:10:00-05:00,151.21,151.21,151.21,151.21,0,0.0,0.0
2024-12-16 06:11:00-05:00,151.21,151.21,151.21,151.21,0,0.0,0.0
2024-12-16 06:12:00-05:00,150.91,150.91,150.91,150.91,0,0.0,0.0
2024-12-16 06:16:00-05:00,151.35,151.35,151.35,151.35,0,0.0,0.0
2024-12-16 06:20:00-05:00,151.27,151.27,151.27,151.27,0,0.0,0.0
2024-12-16 06:24:00-05:00,151.27,151.29,151.07,151.29,0,0.0,0.0
2024-12-16 06:31:00-05:00,151.41,151.41,151.41,151.41,0,0.0,0.0
2024-12-16 06:39:00-05:00,151.34,151.37,151.34,151.37,0,0.0,0.0
2024-12-16 06:40:00-05:00,151.38,151.38,151.38,151.38,0,0.0,0.0
2024-12-16 06:48:00-05:00,151.33,151.33,151.31,151.31,0,0.0,0.0
2024-12-16 07:00:00-05:00,151.35,152.0,151.35,152.0,0,0.0,0.0
2024-12-16 07:01:00-05:00,152.04,152.1,152.04,152.08,0,0.0,0.0
2024-12-16 07:04:00-05:00,151.9,151.9,151.9,151.9,0,0.0,0.0
2024-12-16 07:07:00-05:00,151.9,151.9,151.9,151.9,0,0.0,0.0
2024-12-16 07:08:00-05:00,151.86,151.86,151.86,151.86,0,0.0,0.0
2024-12-16 07:10:00-05:00,152.0,152.04,151.91,152.04,0,0.0,0.0
2024-12-16 07:15:00-05:00,152.14,152.2,152.14,152.2,0,0.0,0.0
2024-12-16 07:17:00-05:00,152.3,152.31,152.3,152.31,0,0.0,0.0
2024-12-16 07:20:00-05:00,152.5,152.64,152.5,152.64,0,0.0,0.0
2024-12-16 07:22:00-05:00,152.63,152.63,152.63,152.63,0,0.0,0.0
2024-12-16 07:23:00-05:00,152.64,152.7,152.64,152.7,0,0.0,0.0
2024-12-16 07:27:00-05:00,152.9,152.99,152.9,152.99,0,0.0,0.0
2024-12-16 07:28:00-05:00,152.85,152.98,152.85,152.98,0,0.0,0.0
2024-12-16 07:29:00-05:00,152.87,152.87,152.87,152.87,0,0.0,0.0
2024-12-16 07:31:00-05:00,152.87,152.9,152.81,152.9,0,0.0,0.0
2024-12-16 07:32:00-05:00,152.99,153.0,152.99,153.0,0,0.0,0.0
2024-12-16 07:33:00-05:00,153.1,153.19,153.1,153.19,0,0.0,0.0
2024-12-16 07:35:00-05:00,153.16,153.16,153.16,153.16,0,0.0,0.0
2024-12-16 07:36:00-05:00,153.25,153.25,153.25,153.25,0,0.0,0.0
2024-12-16 07:38:00-05:00,153.26,153.26,153.26,153.26,0,0.0,0.0
2024-12-16 07:39:00-05:00,152.97,152.97,152.8,152.86,0,0.0,0.0
2024-12-16 07:40:00-05:00,152.85,152.85,152.85,152.85,0,0.0,0.0
2024-12-16 07:41:00-05:00,152.86,152.86,152.86,152.86,0,0.0,0.0
2024-12-16 07:46:00-05:00,152.85,152.85,152.64,152.64,0,0.0,0.0
2024-12-16 07:51:00-05:00,152.76,152.86,152.76,152.86,0,0.0,0.0
2024-12-16 07:53:00-05:00,152.83,152.83,152.83,152.83,0,0.0,0.0
2024-12-16 07:55:00-05:00,152.77,152.77,152.63,152.63,0,0.0,0.0
2024-12-16 07:56:00-05:00,152.8,152.8,152.8,152.8,0,0.0,0.0
2024-12-16 07:59:00-05:00,152.79,152.79,152.79,152.79,0,0.0,0.0
2024-12-16 08:00:00-05:00,151.37,153.7,150.1177,152.8433,0,0.0,0.0
2024-12-16 08:01:00-05:00,152.05,152.83,152.05,152.05,0,0.0,0.0
2024-12-16 08:02:00-05:00,152.2,152.79,152.2,152.79,0,0.0,0.0
2024-12-16 08:03:00-05:00,152.8482,152.8482,152.66,152.83,0,0.0,0.0
2024-12-16 08:04:00-05:00,152.71,152.78,152.71,152.78,0,0.0,0.0
2024-12-16 08:05:00-05:00,152.74,152.83,151.531,152.71,0,0.0,0.0
2024-12-16 08:06:00-05:00,152.697,152.83,152.697,152.82,0,0.0,0.0
2024-12-16 08:07:00-05:00,152.71,152.848,152.71,152.848,0,0.0,0.0
2024-12-16 08:08:00-05:00,152.6968,153.0,152.6968,152.99,0,0.0,0.0
2024-12-16 08:10:00-05:00,153.04,153.04,152.96,152.96,0,0.0,0.0
2024-12-16 08:11:00-05:00,152.97,153.127,152.97,153.0,0,0.0,0.0
2024-12-16 08:12:00-05:00,153.13,153.5,153.13,153.5,0,0.0,0.0
2024-12-16 08:13:00-05:00,153.5,153.5,153.25,153.3,0,0.0,0.0
2024-12-16 08:14:00-05:00,153.25,153.25,153.2,153.2,0,0.0,0.0
2024-12-16 08:15:00-05:00,153.4,153.4,153.4,153.4,0,0.0,0.0
2024-12-16 08:16:00-05:00,153.4,153.5,153.4,153.5,0,0.0,0.0
2024-12-16 08:17:00-05:00,153.4,153.4,153.4,153.4,0,0.0,0.0
2024-12-16 08:18:00-05:00,153.4,153.5,153.4,153.48,0,0.0,0.0
2024-12-16 08:19:00-05:00,153.47,153.49,153.25,153.4,0,0.0,0.0
2024-12-16 08:20:00-05:00,153.48,153.5,153.48,153.5,0,0.0,0.0
2024-12-16 08:21:00-05:00,153.7,153.7,153.3,153.6698,0,0.0,0.0
2024-12-16 08:22:00-05:00,153.56,153.7814,153.56,153.67,0,0.0,0.0
2024-12-16 08:23:00-05:00,153.7,154.0,153.7,153.9,0,0.0,0.0
2024-12-16 08:24:00-05:00,153.9,154.33,153.85,154.11,0,0.0,0.0
2024-12-16 08:25:00-05:00,154.11,154.11,154.0,154.0,0,0.0,0.0
2024-12-16 08:26:00-05:00,154.04,154.1,153.75,154.0,0,0.0,0.0
2024-12-16 08:27:00-05:00,154.0,154.0,154.0,154.0,0,0.0,0.0
2024-12-16 08:28:00-05:00,153.81,154.4,153.81,154.4,0,0.0,0.0
2024-12-16 08:29:00-05:00,154.1,154.1,154.01,154.01,0,0.0,0.0
2024-12-16 08:30:00-05:00,154.1,154.4,154.05,154.05,0,0.0,0.0
2024-12-16 08:31:00-05:00,154.01,154.06,154.0,154.06,0,0.0,0.0
2024-12-16 08:33:00-05:00,154.096,154.39,153.5,154.39,0,0.0,0.0
2024-12-16 08:34:00-05:00,154.0,154.0,154.0,154.0,0,0.0,0.0
2024-12-16 08:35:00-05:00,154.17,154.17,153.98,154.0,0,0.0,0.0
2024-12-16 08:36:00-05:00,154.25,154.25,153.88,154.0,0,0.0,0.0
2024-12-16 08:37:00-05:00,154.06,154.0867,153.88,153.88,0,0.0,0.0
2024-12-16 08:38:00-05:00,154.0,154.0,153.85,154.0,0,0.0,0.0
2024-12-16 08:39:00-05:00,153.9999,153.9999,153.93,153.93,0,0.0,0.0
2024-12-16 08:40:00-05:00,153.93,153.99,153.93,153.99,0,0.0,0.0
2024-12-16 08:41:00-05:00,153.91,153.99,153.8101,153.8101,0,0.0,0.0
2024-12-16 08:42:00-05:00,153.8103,153.9,153.8103,153.8999,0,0.0,0.0
2024-12-16 08:43:00-05:00,153.8,153.855,153.8,153.8,0,0.0,0.0
2024-12-16 08:44:00-05:00,153.75,154.04,153.7,153.99,0,0.0,0.0
2024-12-16 08:46:00-05:00,153.87,153.87,153.75,153.75,0,0.0,0.0
2024-12-16 08:47:00-05:00,153.9,153.9,153.9,153.9,0,0.0,0.0
2024-12-16 08:48:00-05:00,153.87,154.0,153.87,154.0,0,0.0,0.0
2024-12-16 08:49:00-05:00,154.0,154.19,154.0,154.19,0,0.0,0.0
2024-12-16 08:50:00-05:00,154.19,154.19,154.15,154.15,0,0.0,0.0
2024-12-16 08:51:00-05:00,154.15,154.15,154.15,154.15,0,0.0,0.0
2024-12-16 08:52:00-05:00,154.1,154.15,154.1,154.1,0,0.0,0.0
2024-12-16 08:53:00-05:00,153.91,154.09,153.9,153.9,0,0.0,0.0
2024-12-16 08:54:00-05:00,154.0,154.09,153.9029,153.91,0,0.0,0.0
2024-12-16 08:55:00-05:00,153.97,153.97,153.81,153.94,0,0.0,0.0
2024-12-16 08:56:00-05:00,153.97,154.0,153.83,154.0,0,0.0,0.0
2024-12-16 08:57:00-05:00,154.0,154.0,153.89,153.89,0,0.0,0.0
2024-12-16 08:58:00-05:00,153.89,154.0,153.89,154.0,0,0.0,0.0
2024-12-16 08:59:00-05:00,154.0,154.0,153.9999,154.0,0,0.0,0.0
2024-12-16 09:00:00-05:00,153.97,153.97,153.82,153.82,0,0.0,0.0
2024-12-16 09:01:00-05:00,153.97,153.97,153.59,153.59,0,0.0,0.0
2024-12-16 09:02:00-05:00,153.64,153.9695,153.01,153.332,0,0.0,0.0
2024-12-16 09:03:00-05:00,153.4,153.64,153.2132,153.64,0,0.0,0.0
2024-12-16 09:04:00-05:00,153.6,153.97,153.57,153.57,0,0.0,0.0
2024-12-16 09:05:00-05:00,153.57,153.57,153.57,153.57,0,0.0,0.0
2024-12-16 09:06:00-05:00,153.57,153.8826,153.57,153.57,0,0.0,0.0
2024-12-16 09:07:00-05:00,153.7945,153.7945,153.54,153.54,0,0.0,0.0
2024-12-16 09:08:00-05:00,153.8,153.8,153.3229,153.3229,0,0.0,0.0
2024-12-16 09:09:00-05:00,153.4,153.48,153.31,153.4,0,0.0,0.0
2024-12-16 09:10:00-05:00,153.4,153.7194,153.32,153.7194,0,0.0,0.0
2024-12-16 09:11:00-05:00,153.553,153.553,153.3207,153.3207,0,0.0,0.0
2024-12-16 09:12:00-05:00,153.3607,153.49,153.143,153.48,0,0.0,0.0
2024-12-16 09:13:00-05:00,153.48,153.49,153.19,153.38,0,0.0,0.0
2024-12-16 09:14:00-05:00,153.38,153.4,153.1,153.1,0,0.0,0.0
2024-12-16 09:15:00-05:00,153.14,153.14,152.7,152.8,0,0.0,0.0
2024-12-16 09:16:00-05:00,152.84,153.06,152.56,152.93,0,0.0,0.0
2024-12-16 09:17:00-05:00,152.93,152.99,152.93,152.99,0,0.0,0.0
2024-12-16 09:18:00-05:00,152.99,153.08,152.93,153.0727,0,0.0,0.0
2024-12-16 09:19:00-05:00,153.08,153.1,152.98,152.99,0,0.0,0.0
2024-12-16 09:20:00-05:00,153.3425,153.3425,152.99,153.1,0,0.0,0.0
2024-12-16 09:21:00-05:00,153.16,153.16,153.15,153.15,0,0.0,0.0
2024-12-16 09:22:00-05:00,153.15,153.2,153.15,153.2,0,0.0,0.0
2024-12-16 09:23:00-05:00,153.4364,153.4364,153.35,153.35,0,0.0,0.0
2024-12-16 09:24:00-05:00,153.48,153.65,153.48,153.63,0,0.0,0.0
2024-12-16 09:25:00-05:00,153.33,153.33,152.02,152.1,0,0.0,0.0
2024-12-16 09:26:00-05:00,152.06,152.4,152.0,152.4,0,0.0,0.0
2024-12-16 09:27:00-05:00,151.91,152.11,151.54,151.54,0,0.0,0.0
2024-12-16 09:28:00-05:00,151.72,152.14,151.72,151.9,0,0.0,0.0
2024-12-16 09:29:00-05:00,152.0,152.0,152.0,152.0,0,0.0,0.0
2024-12-16 09:30:00-05:00,152.3000030517578,152.3000030517578,150.60000610351562,150.9600067138672,345826,0.0,0.0
2024-12-16 09:31:00-05:00,150.60000610351562,150.61000061035156,147.75999450683594,148.2449951171875,139793,0.0,0.0
2024-12-16 09:32:00-05:00,148.32919311523438,148.74000549316406,146.8000030517578,147.00999450683594,57436,0.0,0.0
2024-12-16 09:33:00-05:00,147.0200958251953,147.22000122070312,145.27999877929688,145.4499969482422,96867,0.0,0.0
2024-12-16 09:34:00-05:00,145.64999389648438,146.90359497070312,145.32400512695312,146.69500732421875,46618,0.0,0.0
2024-12-16 09:35:00-05:00,146.69500732421875,146.7100067138672,144.3300018310547,144.7100067138672,89622,0.0,0.0
2024-12-16 09:36:00-05:00,145.035400390625,145.60000610351562,144.02999877929688,144.48719787597656,62488,0.0,0.0
2024-12-16 09:37:00-05:00,144.5,145.3800048828125,143.74000549316406,144.77999877929688,69008,0.0,0.0
2024-12-16 09:38:00-05:00,144.96499633789062,144.96499633789062,144.4199981689453,144.7050018310547,45992,0.0,0.0
2024-12-16 09:39:00-05:00,144.6999969482422,144.88999938964844,143.88999938964844,144.22500610351562,62643,0.0,0.0
2024-12-16 09:40:00-05:00,144.08999633789062,144.77000427246094,143.57000732421875,144.77000427246094,60730,0.0,0.0
2024-12-16 09:41:00-05:00,144.75999450683594,145.0,144.3249969482422,144.52000427246094,34106,0.0,0.0
2024-12-16 09:42:00-05:00,144.67999267578125,144.8498992919922,143.3300018310547,143.86500549316406,67532,0.0,0.0
2024-12-16 09:43:00-05:00,143.60000610351562,143.6300048828125,142.8300018310547,143.3000030517578,139317,0.0,0.0
2024-12-16 09:44:00-05:00,143.4499969482422,143.45989990234375,142.38999938964844,142.91000366210938,139381,0.0,0.0
2024-12-16 09:45:00-05:00,142.97000122070312,143.37989807128906,142.0399932861328,142.35000610351562,85322,0.0,0.0
2024-12-16 09:46:00-05:00,142.31500244140625,143.36489868164062,142.13389587402344,143.2100067138672,48966,0.0,0.0
2024-12-16 09:47:00-05:00,143.24000549316406,143.6699981689453,142.8426971435547,142.8426971435547,70187,0.0,0.0
2024-12-16 09:48:00-05:00,143.08999633789062,143.5500030517578,142.4600067138672,143.52999877929688,53073,0.0,0.0
2024-12-16 09:49:00-05:00,143.24000549316406,144.30999755859375,143.2100067138672,143.8300018310547,47592,0.0,0.0
2024-12-16 09:50:00-05:00,144.0,144.19000244140625,143.3800048828125,144.1699981689453,56173,0.0,0.0
2024-12-16 09:51:00-05:00,144.13999938964844,144.3000030517578,143.85760498046875,144.218505859375,48330,0.0,0.0
2024-12-16 09:52:00-05:00,144.19039916992188,144.6999969482422,144.0500030517578,144.5500030517578,57502,0.0,0.0
2024-12-16 09:53:00-05:00,144.56829833984375,144.9199981689453,144.17999267578125,144.59979248046875,34866,0.0,0.0
2024-12-16 09:54:00-05:00,144.6699981689453,145.97999572753906,144.6699981689453,145.9499969482422,69770,0.0,0.0
2024-12-16 09:55:00-05:00,145.8350067138672,146.24000549316406,145.1699981689453,145.3679962158203,58454,0.0,0.0
2024-12-16 09:56:00-05:00,145.17999267578125,145.34649658203125,144.8946990966797,145.13949584960938,19711,0.0,0.0
2024-12-16 09:57:00-05:00,145.10009765625,145.86000061035156,145.10000610351562,145.86000061035156,15962,0.0,0.0
2024-12-16 09:58:00-05:00,145.87319946289062,146.82000732421875,145.82020568847656,146.57870483398438,71908,0.0,0.0
2024-12-16 09:59:00-05:00,146.34249877929688,146.58990478515625,145.95489501953125,146.38999938964844,43504,0.0,0.0
2024-12-16 10:00:00-05:00,146.24000549316406,146.24000549316406,145.79249572753906,146.08079528808594,32790,0.0,0.0
2024-12-16 10:01:00-05:00,145.99000549316406,146.25999450683594,145.89999389648438,145.97500610351562,27996,0.0,0.0
2024-12-16 10:02:00-05:00,145.94500732421875,146.0800018310547,145.44000244140625,146.0800018310547,33891,0.0,0.0
2024-12-16 10:03:00-05:00,146.0800018310547,146.6699981689453,145.94000244140625,146.63999938964844,20045,0.0,0.0
2024-12-16 10:04:00-05:00,146.63999938964844,146.8699951171875,146.0,146.19949340820312,41332,0.0,0.0
2024-12-16 10:05:00-05:00,146.25999450683594,146.34910583496094,145.62010192871094,145.8699951171875,34319,0.0,0.0
2024-12-16 10:06:00-05:00,145.9499969482422,146.03500366210938,145.32000732421875,145.5,32612,0.0,0.0
2024-12-16 10:07:00-05:00,145.5,146.27000427246094,145.4510040283203,146.15499877929688,18026,0.0,0.0
2024-12-16 10:08:00-05:00,146.02000427246094,146.50999450683594,146.02000427246094,146.21270751953125,35833,0.0,0.0
2024-12-16 10:09:00-05:00,146.277099609375,147.0,146.27000427246094,146.50999450683594,45358,0.0,0.0
2024-12-16 10:10:00-05:00,146.47999572753906,146.57000732421875,146.1300048828125,146.29820251464844,17499,0.0,0.0
2024-12-16 10:11:00-05:00,146.2624053955078,146.2624053955078,145.6999969482422,145.72000122070312,18644,0.0,0.0
2024-12-16 10:12:00-05:00,145.8498992919922,146.1300048828125,145.58999633789062,145.9949951171875,12454,0.0,0.0
2024-12-16 10:13:00-05:00,145.9949951171875,145.9949951171875,145.2100067138672,145.41000366210938,20490,0.0,0.0
2024-12-16 10:14:00-05:00,145.35000610351562,145.35000610351562,144.5,144.77999877929688,46244,0.0,0.0
2024-12-16 10:15:00-05:00,144.73500061035156,144.99000549316406,144.25010681152344,144.36500549316406,27891,0.0,0.0
2024-12-16 10:16:00-05:00,144.3300018310547,144.49000549316406,144.26409912109375,144.49000549316406,5668,0.0,0.0
2024-12-16 10:17:00-05:00,144.5041046142578,144.94000244140625,144.49000549316406,144.88999938964844,52776,0.0,0.0
2024-12-16 10:18:00-05:00,144.82000732421875,145.47999572753906,144.82000732421875,145.47999572753906,14854,0.0,0.0
2024-12-16 10:19:00-05:00,145.4550018310547,145.60000610351562,145.04010009765625,145.42999267578125,13832,0.0,0.0
2024-12-16 10:20:00-05:00,145.44000244140625,146.0,145.41000366210938,146.0,24077,0.0,0.0
2024-12-16 10:21:00-05:00,145.9512939453125,146.6011962890625,145.75999450683594,146.50999450683594,28026,0.0,0.0
2024-12-16 10:22:00-05:00,146.5500030517578,146.7100067138672,146.3300018310547,146.5,21900,0.0,0.0
2024-12-16 10:23:00-05:00,146.80999755859375,146.9199981689453,146.24000549316406,146.3800048828125,35495,0.0,0.0
2024-12-16 10:24:00-05:00,146.30999755859375,146.44000244140625,145.97999572753906,146.25,27573,0.0,0.0
2024-12-16 10:25:00-05:00,146.1999969482422,146.68600463867188,146.1999969482422,146.5500030517578,20067,0.0,0.0
2024-12-16 10:26:00-05:00,146.4510955810547,146.8769073486328,146.28700256347656,146.73500061035156,14648,0.0,0.0
2024-12-16 10:27:00-05:00,146.73500061035156,146.8800048828125,146.44000244140625,146.44000244140625,17883,0.0,0.0
2024-12-16 10:28:00-05:00,146.5,146.9600067138672,146.5,146.8699951171875,9842,0.0,0.0
2024-12-16 10:29:00-05:00,146.88059997558594,146.88999938964844,146.69000244140625,146.85000610351562,7163,0.0,0.0
2024-12-16 10:30:00-05:00,146.80999755859375,146.80999755859375,146.25059509277344,146.32000732421875,11154,0.0,0.0
2024-12-16 10:31:00-05:00,146.2100067138672,146.4904022216797,146.2100067138672,146.39999389648438,12675,0.0,0.0
2024-12-16 10:32:00-05:00,146.41610717773438,146.8000030517578,146.41000366210938,146.7449951171875,9147,0.0,0.0
2024-12-16 10:33:00-05:00,146.71890258789062,147.11000061035156,146.6750030517578,147.0399932861328,12240,0.0,0.0
2024-12-16 10:34:00-05:00,146.835693359375,147.14999389648438,146.65499877929688,146.65499877929688,15545,0.0,0.0
2024-12-16 10:35:00-05:00,146.55999755859375,146.64500427246094,146.14999389648438,146.2550048828125,15639,0.0,0.0
2024-12-16 10:36:00-05:00,146.28289794921875,146.28289794921875,145.82000732421875,145.94500732421875,8296,0.0,0.0
2024-12-16 10:37:00-05:00,145.86270141601562,146.03990173339844,145.72999572753906,145.72999572753906,10449,0.0,0.0
2024-12-16 10:38:00-05:00,145.70950317382812,146.42990112304688,145.61000061035156,146.42990112304688,11613,0.0,0.0
2024-12-16 10:39:00-05:00,146.3800048828125,146.66000366210938,146.33999633789062,146.5800018310547,6355,0.0,0.0
2024-12-16 10:40:00-05:00,146.42999267578125,146.6573944091797,146.39999389648438,146.42999267578125,5175,0.0,0.0
2024-12-16 10:41:00-05:00,146.5,146.5,146.3101043701172,146.40499877929688,6866,0.0,0.0
2024-12-16 10:42:00-05:00,146.61000061035156,146.75999450683594,146.14010620117188,146.14010620117188,23499,0.0,0.0
2024-12-16 10:43:00-05:00,146.22000122070312,146.26690673828125,146.09500122070312,146.26690673828125,9430,0.0,0.0
2024-12-16 10:44:00-05:00,146.3000030517578,146.60000610351562,146.27999877929688,146.4499969482422,8953,0.0,0.0
2024-12-16 10:45:00-05:00,146.47039794921875,146.6999969482422,146.47039794921875,146.52000427246094,4223,0.0,0.0
2024-12-16 10:46:00-05:00,146.72979736328125,146.72979736328125,146.36000061035156,146.5399932861328,8057,0.0,0.0
2024-12-16 10:47:00-05:00,146.66000366210938,146.7299041748047,146.4510040283203,146.72000122070312,5773,0.0,0.0
2024-12-16 10:48:00-05:00,146.60000610351562,146.83990478515625,146.2100067138672,146.34500122070312,13389,0.0,0.0
2024-12-16 10:49:00-05:00,146.34500122070312,146.4499969482422,146.19000244140625,146.19000244140625,9378,0.0,0.0
2024-12-16 10:50:00-05:00,146.2550048828125,146.47509765625,146.25,146.375,9732,0.0,0.0
2024-12-16 10:51:00-05:00,146.5,146.5,146.23550415039062,146.48989868164062,8669,0.0,0.0
2024-12-16 10:52:00-05:00,146.48989868164062,146.5500030517578,146.2200927734375,146.53500366210938,8712,0.0,0.0
2024-12-16 10:53:00-05:00,146.4990997314453,146.4990997314453,146.22999572753906,146.3300018310547,5893,0.0,0.0
2024-12-16 10:54:00-05:00,146.27999877929688,146.39999389648438,145.6199951171875,145.85000610351562,26541,0.0,0.0
2024-12-16 10:55:00-05:00,145.77999877929688,145.98609924316406,145.41000366210938,145.85499572753906,23775,0.0,0.0
2024-12-16 10:56:00-05:00,145.8800048828125,146.1699981689453,145.86000061035156,146.1699981689453,12139,0.0,0.0
2024-12-16 10:57:00-05:00,146.1699981689453,146.1999969482422,146.0301055908203,146.1999969482422,5830,0.0,0.0
2024-12-16 10:58:00-05:00,146.05999755859375,146.1988067626953,145.72000122070312,145.72000122070312,10049,0.0,0.0
2024-12-16 10:59:00-05:00,145.83999633789062,146.00999450683594,145.73179626464844,145.85000610351562,10450,0.0,0.0
2024-12-16 11:00:00-05:00,145.91000366210938,146.18179321289062,145.8000030517578,146.01950073242188,16962,0.0,0.0
2024-12-16 11:01:00-05:00,146.2899932861328,146.3000030517578,146.0301055908203,146.16000366210938,6331,0.0,0.0
2024-12-16 11:02:00-05:00,146.27999877929688,146.49000549316406,146.04800415039062,146.47000122070312,5344,0.0,0.0
2024-12-16 11:03:00-05:00,146.4149932861328,146.5,145.98199462890625,145.98199462890625,14972,0.0,0.0
2024-12-16 11:04:00-05:00,146.08999633789062,146.27999877929688,146.05479431152344,146.27999877929688,8068,0.0,0.0
2024-12-16 11:05:00-05:00,146.19859313964844,146.3800048828125,146.19859313964844,146.3800048828125,3180,0.0,0.0
2024-12-16 11:06:00-05:00,146.3800048828125,146.42999267578125,146.22000122070312,146.22000122070312,5756,0.0,0.0
2024-12-16 11:07:00-05:00,146.2458038330078,146.52999877929688,146.2458038330078,146.4600067138672,6053,0.0,0.0
2024-12-16 11:08:00-05:00,146.61000061035156,146.61000061035156,146.25,146.47999572753906,13114,0.0,0.0
2024-12-16 11:09:00-05:00,146.38499450683594,146.38999938964844,146.25999450683594,146.3249969482422,4910,0.0,0.0
2024-12-16 11:10:00-05:00,146.3249969482422,146.38999938964844,146.14999389648438,146.3000030517578,8619,0.0,0.0
2024-12-16 11:11:00-05:00,146.3000030517578,146.33309936523438,145.92999267578125,145.92999267578125,8741,0.0,0.0
2024-12-16 11:12:00-05:00,145.92999267578125,146.0,145.80999755859375,145.89259338378906,10363,0.0,0.0
2024-12-16 11:13:00-05:00,145.77000427246094,145.94000244140625,145.75,145.80999755859375,9789,0.0,0.0
2024-12-16 11:14:00-05:00,145.8000030517578,145.82000732421875,145.50509643554688,145.82000732421875,14746,0.0,0.0
2024-12-16 11:15:00-05:00,145.90989685058594,146.25,145.69369506835938,146.22000122070312,19648,0.0,0.0
2024-12-16 11:16:00-05:00,146.25999450683594,146.3282928466797,146.02000427246094,146.04010009765625,7148,0.0,0.0
2024-12-16 11:17:00-05:00,146.0399932861328,146.18780517578125,146.0399932861328,146.18780517578125,5567,0.0,0.0
2024-12-16 11:18:00-05:00,146.0500030517578,146.35000610351562,146.0500030517578,146.27999877929688,8574,0.0,0.0
2024-12-16 11:19:00-05:00,146.39999389648438,146.39999389648438,146.35000610351562,146.37130737304688,1142,0.0,0.0
2024-12-16 11:21:00-05:00,146.375,146.5,146.3699951171875,146.5,31217,0.0,0.0
2024-12-16 11:22:00-05:00,146.4149932861328,146.4149932861328,146.1699981689453,146.1699981689453,11581,0.0,0.0
2024-12-16 11:23:00-05:00,146.25,146.25,145.82000732421875,145.92959594726562,9730,0.0,0.0
2024-12-16 11:24:00-05:00,145.94000244140625,146.35350036621094,145.89639282226562,146.2899932861328,10540,0.0,0.0
2024-12-16 11:25:00-05:00,146.23019409179688,146.4499969482422,146.23019409179688,146.43499755859375,7368,0.0,0.0
2024-12-16 11:26:00-05:00,146.43499755859375,146.43499755859375,145.8800048828125,145.8800048828125,7783,0.0,0.0
2024-12-16 11:27:00-05:00,145.89920043945312,145.89920043945312,145.58999633789062,145.58999633789062,12526,0.0,0.0
2024-12-16 11:28:00-05:00,145.58999633789062,145.75999450683594,145.41119384765625,145.44500732421875,15118,0.0,0.0
2024-12-16 11:29:00-05:00,145.55999755859375,145.6699981689453,145.4499969482422,145.50999450683594,10890,0.0,0.0
2024-12-16 11:30:00-05:00,145.6699981689453,145.6699981689453,145.57000732421875,145.60000610351562,4388,0.0,0.0
2024-12-16 11:31:00-05:00,145.52999877929688,145.6699981689453,145.44000244140625,145.52499389648438,13778,0.0,0.0
2024-12-16 11:32:00-05:00,145.4600067138672,145.5500030517578,145.22999572753906,145.5500030517578,13012,0.0,0.0
2024-12-16 11:33:00-05:00,145.61000061035156,145.6699981689453,145.360107421875,145.4550018310547,5396,0.0,0.0
2024-12-16 11:34:00-05:00,145.50570678710938,145.50570678710938,145.22999572753906,145.27499389648438,5804,0.0,0.0
2024-12-16 11:35:00-05:00,145.3000030517578,145.3000030517578,144.88999938964844,144.89999389648438,29384,0.0,0.0
2024-12-16 11:36:00-05:00,144.8699951171875,145.1300048828125,144.8699951171875,145.00999450683594,24046,0.0,0.0
2024-12-16 11:37:00-05:00,145.02999877929688,145.1750030517578,145.02999877929688,145.1387939453125,9454,0.0,0.0
2024-12-16 11:38:00-05:00,145.1199951171875,145.3699951171875,145.1199951171875,145.3699951171875,9774,0.0,0.0
2024-12-16 11:39:00-05:00,145.3800048828125,145.3800048828125,145.2165985107422,145.27000427246094,5801,0.0,0.0
2024-12-16 11:40:00-05:00,145.22000122070312,145.4593048095703,144.8000030517578,144.8524932861328,15389,0.0,0.0
2024-12-16 11:41:00-05:00,144.8000030517578,144.97000122070312,144.6300048828125,144.85499572753906,15593,0.0,0.0
2024-12-16 11:42:00-05:00,144.7017059326172,144.7960968017578,144.69000244140625,144.75,8607,0.0,0.0
2024-12-16 11:43:00-05:00,144.82000732421875,144.83999633789062,144.3699951171875,144.43499755859375,23361,0.0,0.0
2024-12-16 11:44:00-05:00,144.3699951171875,144.52000427246094,144.3300018310547,144.42999267578125,13265,0.0,0.0
2024-12-16 11:45:00-05:00,144.43499755859375,144.43499755859375,144.32000732421875,144.35499572753906,7787,0.0,0.0
2024-12-16 11:46:00-05:00,144.32000732421875,144.69000244140625,144.32000732421875,144.55999755859375,13494,0.0,0.0
2024-12-16 11:47:00-05:00,144.55999755859375,144.6649932861328,144.5,144.55230712890625,12486,0.0,0.0
2024-12-16 11:48:00-05:00,144.55999755859375,144.6699981689453,144.5,144.5,13533,0.0,0.0
2024-12-16 11:49:00-05:00,144.5500030517578,144.65499877929688,144.5,144.65499877929688,14296,0.0,0.0
2024-12-16 11:50:00-05:00,144.68499755859375,145.07000732421875,144.66329956054688,144.80999755859375,11615,0.0,0.0
2024-12-16 11:51:00-05:00,144.9481964111328,145.0,144.81350708007812,144.89500427246094,3841,0.0,0.0
2024-12-16 11:52:00-05:00,144.99000549316406,145.27999877929688,144.97999572753906,145.19000244140625,7344,0.0,0.0
2024-12-16 11:53:00-05:00,145.2570037841797,145.55999755859375,145.16909790039062,145.5247039794922,17742,0.0,0.0
2024-12-16 11:54:00-05:00,145.5399932861328,145.6699981689453,145.5,145.53160095214844,7486,0.0,0.0
2024-12-16 11:55:00-05:00,145.5850067138672,145.8000030517578,145.5500030517578,145.8000030517578,5707,0.0,0.0
2024-12-16 11:56:00-05:00,145.88980102539062,145.97999572753906,145.6300048828125,145.81179809570312,9157,0.0,0.0
2024-12-16 11:57:00-05:00,145.72999572753906,145.8800048828125,145.72999572753906,145.86000061035156,5377,0.0,0.0
2024-12-16 11:58:00-05:00,145.99000549316406,146.1300048828125,145.99000549316406,146.07000732421875,4839,0.0,0.0
2024-12-16 11:59:00-05:00,146.07000732421875,146.1199951171875,145.97999572753906,146.093994140625,3848,0.0,0.0
2024-12-16 12:00:00-05:00,146.17999267578125,146.17999267578125,146.02859497070312,146.02859497070312,2917,0.0,0.0
2024-12-16 12:01:00-05:00,146.00999450683594,146.1999969482422,145.9600067138672,146.1999969482422,5276,0.0,0.0
2024-12-16 12:02:00-05:00,146.24000549316406,146.3050994873047,146.16990661621094,146.25,3932,0.0,0.0
2024-12-16 12:03:00-05:00,146.22000122070312,146.32000732421875,146.1199951171875,146.32000732421875,6666,0.0,0.0
2024-12-16 12:04:00-05:00,146.44000244140625,146.47000122070312,146.33999633789062,146.36680603027344,2489,0.0,0.0
2024-12-16 12:05:00-05:00,146.3206024169922,146.39500427246094,146.10159301757812,146.1405029296875,10851,0.0,0.0
2024-12-16 12:06:00-05:00,146.24989318847656,146.27999877929688,146.11630249023438,146.22000122070312,2946,0.0,0.0
2024-12-16 12:07:00-05:00,146.2093048095703,146.27999877929688,146.05999755859375,146.12249755859375,6896,0.0,0.0
2024-12-16 12:08:00-05:00,146.1199951171875,146.14939880371094,145.92999267578125,146.10989379882812,4649,0.0,0.0
2024-12-16 12:09:00-05:00,146.07000732421875,146.08900451660156,145.9553985595703,146.0,2723,0.0,0.0
2024-12-16 12:10:00-05:00,146.01499938964844,146.1999053955078,145.9394073486328,146.1999053955078,5568,0.0,0.0
2024-12-16 12:11:00-05:00,146.0699005126953,146.2550048828125,146.0699005126953,146.2550048828125,4519,0.0,0.0
2024-12-16 12:12:00-05:00,146.25999450683594,146.30999755859375,146.23500061035156,146.3094940185547,3801,0.0,0.0
2024-12-16 12:13:00-05:00,146.16749572753906,146.29989624023438,146.10009765625,146.2982940673828,3464,0.0,0.0
2024-12-16 12:14:00-05:00,146.24000549316406,146.24000549316406,146.10000610351562,146.2050018310547,8765,0.0,0.0
2024-12-16 12:15:00-05:00,146.2100067138672,146.2899932861328,146.07550048828125,146.07550048828125,11652,0.0,0.0
2024-12-16 12:16:00-05:00,146.14999389648438,146.14999389648438,146.0500030517578,146.1468963623047,5817,0.0,0.0
2024-12-16 12:17:00-05:00,146.2100067138672,146.2100067138672,146.0399932861328,146.0791015625,3754,0.0,0.0
2024-12-16 12:18:00-05:00,146.0924072265625,146.14999389648438,145.88999938964844,146.11000061035156,9531,0.0,0.0
2024-12-16 12:19:00-05:00,146.2050018310547,146.32989501953125,146.11000061035156,146.27999877929688,6333,0.0,0.0
2024-12-16 12:20:00-05:00,146.3199005126953,146.3199005126953,146.1699981689453,146.22999572753906,4894,0.0,0.0
2024-12-16 12:21:00-05:00,146.1999969482422,146.21499633789062,146.11000061035156,146.11000061035156,6586,0.0,0.0
2024-12-16 12:22:00-05:00,146.0717010498047,146.30499267578125,146.0717010498047,146.3000030517578,5122,0.0,0.0
2024-12-16 12:23:00-05:00,146.23500061035156,146.3300018310547,146.19000244140625,146.19000244140625,4831,0.0,0.0
2024-12-16 12:24:00-05:00,146.18820190429688,146.18820190429688,146.07000732421875,146.11000061035156,1630,0.0,0.0
2024-12-16 12:25:00-05:00,146.09950256347656,146.11000061035156,146.0500030517578,146.0821075439453,3586,0.0,0.0
2024-12-16 12:26:00-05:00,146.0500030517578,146.1199951171875,146.0500030517578,146.0814971923828,7165,0.0,0.0
2024-12-16 12:27:00-05:00,146.08999633789062,146.08999633789062,145.8000030517578,145.80999755859375,6358,0.0,0.0
2024-12-16 12:28:00-05:00,145.83999633789062,145.8699951171875,145.8000030517578,145.8000030517578,4488,0.0,0.0
2024-12-16 12:29:00-05:00,145.7781982421875,145.97000122070312,145.7781982421875,145.9188995361328,4507,0.0,0.0
2024-12-16 12:30:00-05:00,145.83009338378906,146.02000427246094,145.83009338378906,146.02000427246094,3997,0.0,0.0
2024-12-16 12:31:00-05:00,146.0,146.0399932861328,145.88999938964844,146.0,6619,0.0,0.0
2024-12-16 12:32:00-05:00,145.89999389648438,145.98989868164062,145.82000732421875,145.91000366210938,7392,0.0,0.0
2024-12-16 12:33:00-05:00,145.97999572753906,146.0998992919922,145.9626007080078,146.0,2195,0.0,0.0
2024-12-16 12:34:00-05:00,145.88999938964844,146.0,145.8699951171875,145.99940490722656,4518,0.0,0.0
2024-12-16 12:35:00-05:00,146.02000427246094,146.0500030517578,145.9550018310547,145.9550018310547,4423,0.0,0.0
2024-12-16 12:36:00-05:00,145.97999572753906,146.08999633789062,145.92999267578125,145.92999267578125,6608,0.0,0.0
2024-12-16 12:37:00-05:00,146.0,146.0500030517578,145.9488067626953,146.04989624023438,3140,0.0,0.0
2024-12-16 12:38:00-05:00,145.97500610351562,146.02000427246094,145.94580078125,146.02000427246094,3156,0.0,0.0
2024-12-16 12:39:00-05:00,146.0,146.0,145.86000061035156,145.9149932861328,2932,0.0,0.0
2024-12-16 12:40:00-05:00,145.9149932861328,145.9149932861328,145.66000366210938,145.74000549316406,6919,0.0,0.0
2024-12-16 12:41:00-05:00,145.6772003173828,145.75999450683594,145.3800048828125,145.6999969482422,10624,0.0,0.0
2024-12-16 12:42:00-05:00,145.72999572753906,145.86000061035156,145.72999572753906,145.86000061035156,3637,0.0,0.0
2024-12-16 12:43:00-05:00,145.80999755859375,145.91000366210938,145.74740600585938,145.90499877929688,3622,0.0,0.0
2024-12-16 12:44:00-05:00,145.82000732421875,146.02000427246094,145.82000732421875,146.0,5670,0.0,0.0
2024-12-16 12:45:00-05:00,145.92999267578125,146.1999969482422,145.92999267578125,146.13999938964844,7023,0.0,0.0
2024-12-16 12:46:00-05:00,146.25999450683594,146.27999877929688,146.0399932861328,146.05850219726562,4688,0.0,0.0
2024-12-16 12:47:00-05:00,146.14999389648438,146.16270446777344,146.04010009765625,146.14999389648438,3719,0.0,0.0
2024-12-16 12:48:00-05:00,146.16000366210938,146.1842041015625,146.06350708007812,146.06350708007812,3186,0.0,0.0
2024-12-16 12:49:00-05:00,146.10000610351562,146.24000549316406,146.08030700683594,146.1999969482422,3622,0.0,0.0
2024-12-16 12:50:00-05:00,146.10000610351562,146.17999267578125,146.08380126953125,146.1425018310547,2302,0.0,0.0
2024-12-16 12:51:00-05:00,146.08999633789062,146.14500427246094,145.97940063476562,146.04949951171875,6871,0.0,0.0
2024-12-16 12:52:00-05:00,146.0500030517578,146.0500030517578,145.97000122070312,145.99000549316406,2716,0.0,0.0
2024-12-16 12:53:00-05:00,146.0052947998047,146.0052947998047,145.88999938964844,145.88999938964844,3001,0.0,0.0
2024-12-16 12:54:00-05:00,145.9102020263672,146.02000427246094,145.9102020263672,145.9866943359375,1071,0.0,0.0
2024-12-16 12:55:00-05:00,145.96499633789062,145.96499633789062,145.90789794921875,145.9600067138672,2293,0.0,0.0
2024-12-16 12:56:00-05:00,145.9600067138672,146.2050018310547,145.9600067138672,146.2050018310547,3650,0.0,0.0
2024-12-16 12:57:00-05:00,146.23500061035156,146.29989624023438,146.19000244140625,146.29989624023438,4415,0.0,0.0
2024-12-16 12:58:00-05:00,146.2449951171875,146.35000610351562,146.19000244140625,146.3300018310547,8569,0.0,0.0
2024-12-16 12:59:00-05:00,146.36000061035156,146.3800048828125,146.30149841308594,146.30149841308594,4798,0.0,0.0
2024-12-16 13:00:00-05:00,146.375,146.4040985107422,146.35000610351562,146.3800048828125,3274,0.0,0.0
2024-12-16 13:01:00-05:00,146.44000244140625,146.45899963378906,146.3800048828125,146.3800048828125,3902,0.0,0.0
2024-12-16 13:02:00-05:00,146.4600067138672,146.5500030517578,146.4199981689453,146.4199981689453,11552,0.0,0.0
2024-12-16 13:03:00-05:00,146.44000244140625,146.44000244140625,146.35000610351562,146.3800048828125,4218,0.0,0.0
2024-12-16 13:04:00-05:00,146.38999938964844,146.60000610351562,146.38999938964844,146.52000427246094,8976,0.0,0.0
2024-12-16 13:05:00-05:00,146.5800018310547,146.6699981689453,146.5800018310547,146.66000366210938,4395,0.0,0.0
2024-12-16 13:06:00-05:00,146.61000061035156,146.693603515625,146.59930419921875,146.625,1963,0.0,0.0
2024-12-16 13:07:00-05:00,146.62770080566406,146.67840576171875,146.5399932861328,146.5399932861328,5419,0.0,0.0
2024-12-16 13:08:00-05:00,146.5399932861328,146.5749969482422,146.5399932861328,146.5749969482422,1928,0.0,0.0
2024-12-16 13:09:00-05:00,146.5,146.50999450683594,146.47999572753906,146.47999572753906,3098,0.0,0.0
2024-12-16 13:10:00-05:00,146.47999572753906,146.6199951171875,146.47999572753906,146.58999633789062,3058,0.0,0.0
2024-12-16 13:11:00-05:00,146.6199951171875,146.67999267578125,146.59500122070312,146.59500122070312,2391,0.0,0.0
2024-12-16 13:12:00-05:00,146.5424041748047,146.67999267578125,146.52049255371094,146.656494140625,2840,0.0,0.0
2024-12-16 13:13:00-05:00,146.66000366210938,147.17999267578125,146.59500122070312,147.13999938964844,32158,0.0,0.0
2024-12-16 13:14:00-05:00,147.0500030517578,147.25,147.0012969970703,147.16000366210938,12310,0.0,0.0
2024-12-16 13:15:00-05:00,147.0,147.07000732421875,147.0,147.07000732421875,5326,0.0,0.0
2024-12-16 13:16:00-05:00,147.03219604492188,147.1999969482422,147.03219604492188,147.19000244140625,7403,0.0,0.0
2024-12-16 13:17:00-05:00,147.2200927734375,147.3800048828125,147.2200927734375,147.3000030517578,13972,0.0,0.0
2024-12-16 13:18:00-05:00,147.3800048828125,147.5399932861328,147.2926025390625,147.42999267578125,11132,0.0,0.0
2024-12-16 13:19:00-05:00,147.49969482421875,147.5,147.05999755859375,147.24249267578125,8099,0.0,0.0
2024-12-16 13:20:00-05:00,147.35000610351562,147.35000610351562,147.22999572753906,147.27000427246094,2727,0.0,0.0
2024-12-16 13:21:00-05:00,147.25,147.26730346679688,147.22999572753906,147.26730346679688,3536,0.0,0.0
2024-12-16 13:22:00-05:00,147.27999877929688,147.4423065185547,147.2729949951172,147.4423065185547,4779,0.0,0.0
2024-12-16 13:23:00-05:00,147.3885040283203,147.44500732421875,147.36180114746094,147.4403076171875,2911,0.0,0.0
2024-12-16 13:24:00-05:00,147.38999938964844,147.47120666503906,147.38999938964844,147.43150329589844,3113,0.0,0.0
2024-12-16 13:25:00-05:00,147.38999938964844,147.5,147.29080200195312,147.44500732421875,7265,0.0,0.0
2024-12-16 13:26:00-05:00,147.44500732421875,147.47000122070312,147.35079956054688,147.39500427246094,2691,0.0,0.0
2024-12-16 13:27:00-05:00,147.39999389648438,147.39999389648438,147.32000732421875,147.36549377441406,3528,0.0,0.0
2024-12-16 13:28:00-05:00,147.17999267578125,147.22000122070312,147.10009765625,147.10009765625,2336,0.0,0.0
2024-12-16 13:29:00-05:00,147.12440490722656,147.22230529785156,147.10000610351562,147.1699981689453,4773,0.0,0.0
2024-12-16 13:30:00-05:00,147.07000732421875,147.16000366210938,147.0,147.16000366210938,15277,0.0,0.0
2024-12-16 13:31:00-05:00,147.0,147.25999450683594,147.0,147.2100067138672,7865,0.0,0.0
2024-12-16 13:32:00-05:00,147.2100067138672,147.27999877929688,147.00999450683594,147.00999450683594,4242,0.0,0.0
2024-12-16 13:33:00-05:00,147.2512969970703,147.2512969970703,147.14830017089844,147.18899536132812,2930,0.0,0.0
2024-12-16 13:34:00-05:00,147.17990112304688,147.17990112304688,147.08399963378906,147.08399963378906,2033,0.0,0.0
2024-12-16 13:35:00-05:00,147.16990661621094,147.21209716796875,147.10279846191406,147.21209716796875,4119,0.0,0.0
2024-12-16 13:36:00-05:00,147.2512969970703,147.3000030517578,147.19740295410156,147.27999877929688,5014,0.0,0.0
2024-12-16 13:37:00-05:00,147.25,147.25,147.1999969482422,147.22500610351562,2275,0.0,0.0
2024-12-16 13:38:00-05:00,147.23269653320312,147.44859313964844,147.1840057373047,147.36000061035156,8005,0.0,0.0
2024-12-16 13:39:00-05:00,147.40989685058594,147.40989685058594,147.31919860839844,147.3249969482422,1494,0.0,0.0
2024-12-16 13:40:00-05:00,147.31500244140625,147.40870666503906,147.3000030517578,147.40870666503906,4059,0.0,0.0
2024-12-16 13:41:00-05:00,147.39999389648438,147.40989685058594,147.28280639648438,147.3249969482422,3388,0.0,0.0
2024-12-16 13:42:00-05:00,147.3249969482422,147.3249969482422,147.17999267578125,147.17999267578125,3465,0.0,0.0
2024-12-16 13:43:00-05:00,147.25120544433594,147.25120544433594,147.0,147.0843048095703,8689,0.0,0.0
2024-12-16 13:44:00-05:00,147.0850067138672,147.16990661621094,147.02999877929688,147.16990661621094,4038,0.0,0.0
2024-12-16 13:45:00-05:00,147.0399932861328,147.10000610351562,147.01390075683594,147.01390075683594,2621,0.0,0.0
2024-12-16 13:46:00-05:00,147.07049560546875,147.07049560546875,147.0,147.02000427246094,10402,0.0,0.0
2024-12-16 13:47:00-05:00,147.0399932861328,147.32000732421875,147.02000427246094,147.32000732421875,7559,0.0,0.0
2024-12-16 13:48:00-05:00,147.20030212402344,147.4799041748047,147.20030212402344,147.40499877929688,3564,0.0,0.0
2024-12-16 13:49:00-05:00,147.3524932861328,147.45989990234375,147.3300018310547,147.3513946533203,5836,0.0,0.0
2024-12-16 13:50:00-05:00,147.42990112304688,147.42990112304688,147.27200317382812,147.30999755859375,2877,0.0,0.0
2024-12-16 13:51:00-05:00,147.30499267578125,147.30499267578125,147.26499938964844,147.27000427246094,2111,0.0,0.0
2024-12-16 13:52:00-05:00,147.28109741210938,147.31199645996094,147.1999969482422,147.1999969482422,1631,0.0,0.0
2024-12-16 13:53:00-05:00,147.19009399414062,147.39999389648438,147.19009399414062,147.39999389648438,5409,0.0,0.0
2024-12-16 13:54:00-05:00,147.3699951171875,147.39999389648438,147.30999755859375,147.32000732421875,3303,0.0,0.0
2024-12-16 13:55:00-05:00,147.26710510253906,147.4210968017578,147.26710510253906,147.36500549316406,2503,0.0,0.0
2024-12-16 13:56:00-05:00,147.36500549316406,147.4499969482422,147.32179260253906,147.38999938964844,4445,0.0,0.0
2024-12-16 13:57:00-05:00,147.44970703125,147.44970703125,147.2449951171875,147.33999633789062,5986,0.0,0.0
2024-12-16 13:58:00-05:00,147.2100067138672,147.2100067138672,147.10330200195312,147.10330200195312,2082,0.0,0.0
2024-12-16 13:59:00-05:00,147.1999969482422,147.2100067138672,147.10000610351562,147.10000610351562,5969,0.0,0.0
2024-12-16 14:00:00-05:00,147.14999389648438,147.14999389648438,147.0749969482422,147.0850067138672,12668,0.0,0.0
2024-12-16 14:01:00-05:00,147.09500122070312,147.19000244140625,146.8800048828125,147.02999877929688,33154,0.0,0.0
2024-12-16 14:02:00-05:00,147.25,147.27999877929688,147.0800018310547,147.13999938964844,6821,0.0,0.0
2024-12-16 14:03:00-05:00,147.1999969482422,147.22000122070312,147.05999755859375,147.09500122070312,13777,0.0,0.0
2024-12-16 14:04:00-05:00,147.0052947998047,147.0500030517578,146.91720581054688,146.98500061035156,4606,0.0,0.0
2024-12-16 14:05:00-05:00,146.9199981689453,147.0718994140625,146.89999389648438,147.06500244140625,5698,0.0,0.0
2024-12-16 14:06:00-05:00,147.0605010986328,147.11500549316406,147.02000427246094,147.10000610351562,3259,0.0,0.0
2024-12-16 14:07:00-05:00,147.15499877929688,147.15499877929688,146.91000366210938,146.9499969482422,25698,0.0,0.0
2024-12-16 14:08:00-05:00,147.0,147.0,146.60000610351562,146.8000030517578,11998,0.0,0.0
2024-12-16 14:09:00-05:00,146.7100067138672,146.7100067138672,146.6291961669922,146.6291961669922,1461,0.0,0.0
2024-12-16 14:10:00-05:00,146.69500732421875,146.80999755859375,146.61000061035156,146.7136993408203,4012,0.0,0.0
2024-12-16 14:11:00-05:00,146.69000244140625,146.69000244140625,146.4163055419922,146.55499267578125,5014,0.0,0.0
2024-12-16 14:12:00-05:00,146.5211944580078,146.66000366210938,146.5211944580078,146.62359619140625,4498,0.0,0.0
2024-12-16 14:13:00-05:00,146.52000427246094,146.63780212402344,146.4499969482422,146.4499969482422,3164,0.0,0.0
2024-12-16 14:14:00-05:00,146.639892578125,146.75900268554688,146.4199981689453,146.75900268554688,3211,0.0,0.0
2024-12-16 14:15:00-05:00,146.6278076171875,146.89990234375,146.6278076171875,146.7664031982422,5115,0.0,0.0
2024-12-16 14:16:00-05:00,146.8701934814453,146.89990234375,146.8271942138672,146.8271942138672,1868,0.0,0.0
2024-12-16 14:17:00-05:00,146.7100067138672,146.8699951171875,146.7100067138672,146.8699951171875,2159,0.0,0.0
2024-12-16 14:18:00-05:00,146.8699951171875,146.8699951171875,146.73989868164062,146.80499267578125,3064,0.0,0.0
2024-12-16 14:19:00-05:00,146.80029296875,146.86000061035156,146.75,146.86000061035156,3653,0.0,0.0
2024-12-16 14:20:00-05:00,146.8000030517578,146.97999572753906,146.75999450683594,146.89999389648438,7286,0.0,0.0
2024-12-16 14:21:00-05:00,146.8094024658203,147.08999633789062,146.8094024658203,147.08999633789062,5751,0.0,0.0
2024-12-16 14:22:00-05:00,147.0850067138672,147.15989685058594,146.93080139160156,146.93080139160156,2274,0.0,0.0
2024-12-16 14:23:00-05:00,146.99000549316406,147.02000427246094,146.90179443359375,146.94000244140625,7057,0.0,0.0
2024-12-16 14:24:00-05:00,146.885498046875,146.885498046875,146.7917938232422,146.8800048828125,3995,0.0,0.0
2024-12-16 14:25:00-05:00,146.8800048828125,146.88510131835938,146.75,146.75,4380,0.0,0.0
2024-12-16 14:26:00-05:00,146.81500244140625,146.81500244140625,146.75,146.77000427246094,13617,0.0,0.0
2024-12-16 14:27:00-05:00,146.7863006591797,146.9199981689453,146.75010681152344,146.86000061035156,7883,0.0,0.0
2024-12-16 14:28:00-05:00,146.88479614257812,146.9499969482422,146.88479614257812,146.89999389648438,3754,0.0,0.0
2024-12-16 14:29:00-05:00,146.94000244140625,146.94000244140625,146.93499755859375,146.93499755859375,1899,0.0,0.0
2024-12-16 14:30:00-05:00,146.82000732421875,146.88999938964844,146.75,146.82000732421875,12003,0.0,0.0
2024-12-16 14:31:00-05:00,146.75999450683594,146.9499969482422,146.75999450683594,146.93899536132812,5765,0.0,0.0
2024-12-16 14:32:00-05:00,146.91000366210938,146.9199981689453,146.76820373535156,146.76820373535156,4196,0.0,0.0
2024-12-16 14:33:00-05:00,146.76690673828125,146.8699951171875,146.75,146.75,16374,0.0,0.0
2024-12-16 14:34:00-05:00,146.83999633789062,146.9084014892578,146.75010681152344,146.856201171875,2863,0.0,0.0
2024-12-16 14:35:00-05:00,146.86000061035156,146.9199981689453,146.86000061035156,146.90139770507812,4365,0.0,0.0
2024-12-16 14:36:00-05:00,146.89999389648438,146.98570251464844,146.89999389648438,146.89999389648438,3575,0.0,0.0
2024-12-16 14:37:00-05:00,146.99819946289062,147.0,146.3000030517578,146.47569274902344,22711,0.0,0.0
2024-12-16 14:38:00-05:00,146.34860229492188,146.4346923828125,146.33009338378906,146.4346923828125,3120,0.0,0.0
2024-12-16 14:39:00-05:00,146.47000122070312,146.49000549316406,146.14999389648438,146.41000366210938,9052,0.0,0.0
2024-12-16 14:40:00-05:00,146.33999633789062,146.4600067138672,146.25,146.4600067138672,2721,0.0,0.0
2024-12-16 14:41:00-05:00,146.4591064453125,146.4591064453125,146.30999755859375,146.30999755859375,375,0.0,0.0
2024-12-16 14:42:00-05:00,146.33999633789062,146.33999633789062,145.8800048828125,145.97000122070312,20765,0.0,0.0
2024-12-16 14:43:00-05:00,146.0,146.08999633789062,145.9199981689453,146.08999633789062,4960,0.0,0.0
2024-12-16 14:44:00-05:00,145.99000549316406,146.08999633789062,145.8800048828125,146.08999633789062,6942,0.0,0.0
2024-12-16 14:45:00-05:00,146.02999877929688,146.32000732421875,146.02999877929688,146.32000732421875,5376,0.0,0.0
2024-12-16 14:46:00-05:00,146.3000030517578,146.3300018310547,146.0399932861328,146.1239013671875,3826,0.0,0.0
2024-12-16 14:47:00-05:00,146.11770629882812,146.12660217285156,146.0,146.0,4183,0.0,0.0
2024-12-16 14:48:00-05:00,146.0,146.13999938964844,145.9600067138672,146.1199951171875,6767,0.0,0.0
2024-12-16 14:49:00-05:00,146.1999969482422,146.27000427246094,146.0865020751953,146.1699981689453,2768,0.0,0.0
2024-12-16 14:50:00-05:00,146.1300048828125,146.1649932861328,146.0200958251953,146.0800018310547,7645,0.0,0.0
2024-12-16 14:51:00-05:00,146.07000732421875,146.11000061035156,145.90640258789062,145.91000366210938,8349,0.0,0.0
2024-12-16 14:52:00-05:00,146.02999877929688,146.05999755859375,145.96119689941406,146.0054931640625,4158,0.0,0.0
2024-12-16 14:53:00-05:00,145.97500610351562,146.0399932861328,145.97500610351562,146.02999877929688,1837,0.0,0.0
2024-12-16 14:54:00-05:00,146.02000427246094,146.08250427246094,145.97500610351562,146.02000427246094,2975,0.0,0.0
2024-12-16 14:55:00-05:00,145.97000122070312,146.0050048828125,145.95140075683594,145.9822998046875,3362,0.0,0.0
2024-12-16 14:56:00-05:00,145.99000549316406,145.99000549316406,145.875,145.875,1508,0.0,0.0
2024-12-16 14:57:00-05:00,145.8800048828125,145.88999938964844,145.86000061035156,145.88800048828125,3611,0.0,0.0
2024-12-16 14:58:00-05:00,145.81480407714844,145.86500549316406,145.73500061035156,145.85000610351562,9823,0.0,0.0
2024-12-16 14:59:00-05:00,145.80999755859375,145.80999755859375,145.38999938964844,145.38999938964844,25410,0.0,0.0
2024-12-16 15:00:00-05:00,145.49000549316406,145.70989990234375,145.481201171875,145.5850067138672,6473,0.0,0.0
2024-12-16 15:01:00-05:00,145.58999633789062,145.62890625,145.3800048828125,145.3800048828125,19440,0.0,0.0
2024-12-16 15:02:00-05:00,145.4600067138672,145.52000427246094,145.35000610351562,145.46499633789062,10497,0.0,0.0
2024-12-16 15:03:00-05:00,145.41000366210938,145.41000366210938,145.2100067138672,145.25999450683594,9586,0.0,0.0
2024-12-16 15:04:00-05:00,145.25999450683594,145.3699951171875,145.16000366210938,145.30499267578125,7292,0.0,0.0
2024-12-16 15:05:00-05:00,145.36529541015625,145.38999938964844,145.25,145.3699951171875,4960,0.0,0.0
2024-12-16 15:06:00-05:00,145.38999938964844,145.48959350585938,145.36000061035156,145.4149932861328,12920,0.0,0.0
2024-12-16 15:07:00-05:00,145.4149932861328,145.49879455566406,145.33999633789062,145.33999633789062,9522,0.0,0.0
2024-12-16 15:08:00-05:00,145.34500122070312,145.34500122070312,145.2899932861328,145.3300018310547,3458,0.0,0.0
2024-12-16 15:09:00-05:00,145.3699951171875,145.50999450683594,145.36000061035156,145.46499633789062,6501,0.0,0.0
2024-12-16 15:10:00-05:00,145.46499633789062,145.50999450683594,145.39999389648438,145.4600067138672,5842,0.0,0.0
2024-12-16 15:11:00-05:00,145.39999389648438,145.42999267578125,145.39869689941406,145.41000366210938,9713,0.0,0.0
2024-12-16 15:12:00-05:00,145.36000061035156,145.36749267578125,145.33999633789062,145.33999633789062,6732,0.0,0.0
2024-12-16 15:13:00-05:00,145.3323974609375,145.3800048828125,145.27650451660156,145.2899932861328,2688,0.0,0.0
2024-12-16 15:14:00-05:00,145.2899932861328,145.3000030517578,145.22999572753906,145.2949981689453,2979,0.0,0.0
2024-12-16 15:15:00-05:00,145.34829711914062,145.44000244140625,145.30160522460938,145.42999267578125,4583,0.0,0.0
2024-12-16 15:16:00-05:00,145.40049743652344,145.4398956298828,145.25010681152344,145.32000732421875,13144,0.0,0.0
2024-12-16 15:17:00-05:00,145.38999938964844,145.44000244140625,145.26010131835938,145.26010131835938,5779,0.0,0.0
2024-12-16 15:18:00-05:00,145.29010009765625,145.5,145.2899932861328,145.39990234375,5031,0.0,0.0
2024-12-16 15:19:00-05:00,145.38499450683594,145.4600067138672,145.3300018310547,145.4600067138672,2749,0.0,0.0
2024-12-16 15:20:00-05:00,145.31149291992188,145.4600067138672,145.31149291992188,145.3699951171875,4804,0.0,0.0
2024-12-16 15:21:00-05:00,145.35000610351562,145.3699951171875,145.25,145.25,7079,0.0,0.0
2024-12-16 15:22:00-05:00,145.2899932861328,145.3800048828125,145.25100708007812,145.3000030517578,5025,0.0,0.0
2024-12-16 15:23:00-05:00,145.3000030517578,145.36000061035156,144.8699951171875,144.97500610351562,29114,0.0,0.0
2024-12-16 15:24:00-05:00,144.9199981689453,144.9481964111328,144.6999969482422,144.7100067138672,11608,0.0,0.0
2024-12-16 15:25:00-05:00,144.71189880371094,144.9499969482422,144.71189880371094,144.9499969482422,7920,0.0,0.0
2024-12-16 15:26:00-05:00,144.91000366210938,145.0749969482422,144.91000366210938,145.05499267578125,6940,0.0,0.0
2024-12-16 15:27:00-05:00,145.1699981689453,145.2899932861328,145.08999633789062,145.1199951171875,5295,0.0,0.0
2024-12-16 15:28:00-05:00,145.1300048828125,145.22000122070312,145.03329467773438,145.03329467773438,11860,0.0,0.0
2024-12-16 15:29:00-05:00,145.14999389648438,145.27000427246094,145.1300048828125,145.24000549316406,6762,0.0,0.0
2024-12-16 15:30:00-05:00,145.17999267578125,145.2550048828125,145.1300048828125,145.2550048828125,12576,0.0,0.0
2024-12-16 15:31:00-05:00,145.2039031982422,145.4355926513672,145.11000061035156,145.42430114746094,13270,0.0,0.0
2024-12-16 15:32:00-05:00,145.4398956298828,145.49000549316406,145.26499938964844,145.26499938964844,13049,0.0,0.0
2024-12-16 15:33:00-05:00,145.27999877929688,145.3699951171875,145.1199951171875,145.1300048828125,21133,0.0,0.0
2024-12-16 15:34:00-05:00,145.1999969482422,145.3300018310547,145.14999389648438,145.14999389648438,17417,0.0,0.0
2024-12-16 15:35:00-05:00,145.14999389648438,145.25,145.14999389648438,145.14999389648438,10173,0.0,0.0
2024-12-16 15:36:00-05:00,145.1300048828125,145.13999938964844,144.97999572753906,145.0800018310547,10715,0.0,0.0
2024-12-16 15:37:00-05:00,145.13999938964844,145.1699981689453,144.8000030517578,144.9499969482422,25217,0.0,0.0
2024-12-16 15:38:00-05:00,145.0,145.13999938964844,144.90060424804688,145.13999938964844,8336,0.0,0.0
2024-12-16 15:39:00-05:00,145.16000366210938,145.1999969482422,144.8800048828125,144.8800048828125,15195,0.0,0.0
2024-12-16 15:40:00-05:00,144.97000122070312,145.0399932861328,144.89999389648438,144.99899291992188,11022,0.0,0.0
2024-12-16 15:41:00-05:00,144.98500061035156,145.0399932861328,144.9250030517578,144.9965057373047,13407,0.0,0.0
2024-12-16 15:42:00-05:00,145.0399932861328,145.0399932861328,144.75,144.84500122070312,17855,0.0,0.0
2024-12-16 15:43:00-05:00,144.75999450683594,144.84500122070312,144.72999572753906,144.7899932861328,18715,0.0,0.0
2024-12-16 15:44:00-05:00,144.8300018310547,144.9199981689453,144.82000732421875,144.8699951171875,12090,0.0,0.0
2024-12-16 15:45:00-05:00,144.86000061035156,144.92999267578125,144.80999755859375,144.92999267578125,15774,0.0,0.0
2024-12-16 15:46:00-05:00,144.91000366210938,145.02000427246094,144.88429260253906,144.92999267578125,15879,0.0,0.0
2024-12-16 15:47:00-05:00,144.9499969482422,145.0399932861328,144.91000366210938,145.02000427246094,25408,0.0,0.0
2024-12-16 15:48:00-05:00,145.0,145.0500030517578,144.92999267578125,145.02000427246094,26639,0.0,0.0
2024-12-16 15:49:00-05:00,145.02000427246094,145.05999755859375,144.7200927734375,144.78500366210938,36667,0.0,0.0
2024-12-16 15:50:00-05:00,144.77499389648438,144.97999572753906,144.64500427246094,144.9149932861328,11876,0.0,0.0
2024-12-16 15:51:00-05:00,144.88180541992188,145.4600067138672,144.83999633789062,145.4199981689453,36998,0.0,0.0
2024-12-16 15:52:00-05:00,145.44000244140625,145.47000122070312,145.05999755859375,145.14500427246094,59837,0.0,0.0
2024-12-16 15:53:00-05:00,145.20379638671875,145.2100067138672,145.07000732421875,145.14500427246094,29145,0.0,0.0
2024-12-16 15:54:00-05:00,145.13999938964844,145.55999755859375,145.07000732421875,145.52000427246094,56366,0.0,0.0
2024-12-16 15:55:00-05:00,145.4499969482422,145.52999877929688,145.04100036621094,145.13999938964844,75434,0.0,0.0
2024-12-16 15:56:00-05:00,145.1699981689453,145.1999969482422,144.8582000732422,145.0,61765,0.0,0.0
2024-12-16 15:57:00-05:00,144.97000122070312,145.0,144.9199981689453,144.98500061035156,53561,0.0,0.0
2024-12-16 15:58:00-05:00,145.0,145.02000427246094,144.97000122070312,145.0,67892,0.0,0.0
2024-12-16 15:59:00-05:00,144.99000549316406,145.00999450683594,144.94000244140625,144.94000244140625,96944,0.0,0.0
2024-12-16 16:00:00-05:00,145.0,145.86,144.99,145.0,190920,0.0,0.0
2024-12-16 16:01:00-05:00,145.0,145.0,145.0,145.0,0,0.0,0.0
2024-12-16 16:02:00-05:00,145.0,145.0,145.0,145.0,0,0.0,0.0
2024-12-16 16:03:00-05:00,145.0,145.43,145.0,145.01,0,0.0,0.0
2024-12-16 16:04:00-05:00,145.0,145.05,145.0,145.05,0,0.0,0.0
2024-12-16 16:05:00-05:00,145.0,145.0,145.0,145.0,0,0.0,0.0
2024-12-16 16:06:00-05:00,145.02,145.02,145.02,145.02,0,0.0,0.0
2024-12-16 16:07:00-05:00,145.1,145.15,145.0,145.1,0,0.0,0.0
2024-12-16 16:08:00-05:00,145.0301,145.1,145.0301,145.08,0,0.0,0.0
2024-12-16 16:09:00-05:00,145.1,145.1,145.08,145.08,0,0.0,0.0
2024-12-16 16:10:00-05:00,145.08,145.1,145.08,145.1,0,0.0,0.0
2024-12-16 16:11:00-05:00,145.03,145.03,145.03,145.03,0,0.0,0.0
2024-12-16 16:12:00-05:00,145.1,145.1,145.03,145.03,0,0.0,0.0
2024-12-16 16:13:00-05:00,145.1,145.1,145.05,145.05,0,0.0,0.0
2024-12-16 16:14:00-05:00,145.05,145.0986,145.05,145.0986,0,0.0,0.0
2024-12-16 16:15:00-05:00,145.0,145.09,145.0,145.03,0,0.0,0.0
2024-12-16 16:16:00-05:00,145.09,145.0982,145.03,145.03,0,0.0,0.0
2024-12-16 16:17:00-05:00,145.03,145.03,145.0,145.0,0,0.0,0.0
2024-12-16 16:18:00-05:00,145.0001,145.0001,145.0001,145.0001,0,0.0,0.0
2024-12-16 16:19:00-05:00,145.0,145.1,144.95,144.95,0,0.0,0.0
2024-12-16 16:20:00-05:00,144.95,145.07,144.8,144.8,0,0.0,0.0
2024-12-16 16:21:00-05:00,144.66,145.09,144.66,145.09,0,0.0,0.0
2024-12-16 16:22:00-05:00,145.09,145.09,144.99,145.05,0,0.0,0.0
2024-12-16 16:23:00-05:00,145.06,145.09,145.06,145.09,0,0.0,0.0
2024-12-16 16:24:00-05:00,145.01,145.09,145.01,145.09,0,0.0,0.0
2024-12-16 16:25:00-05:00,145.0,145.0,145.0,145.0,0,0.0,0.0
2024-12-16 16:27:00-05:00,144.85,144.85,144.85,144.85,0,0.0,0.0
2024-12-16 16:28:00-05:00,145.0,145.0,145.0,145.0,0,0.0,0.0
2024-12-16 16:29:00-05:00,144.9882,145.0,144.53,144.88,0,0.0,0.0
2024-12-16 16:30:00-05:00,145.0,145.0,145.0,145.0,0,0.0,0.0
2024-12-16 16:31:00-05:00,144.99,144.99,144.9,144.9,0,0.0,0.0
2024-12-16 16:32:00-05:00,145.0,145.0,145.0,145.0,0,0.0,0.0
2024-12-16 16:33:00-05:00,144.8988,144.8988,144.85,144.85,0,0.0,0.0
2024-12-16 16:34:00-05:00,144.83,144.9,144.83,144.9,0,0.0,0.0
2024-12-16 16:35:00-05:00,144.86,144.86,144.7858,144.86,0,0.0,0.0
2024-12-16 16:36:00-05:00,144.86,144.9,144.86,144.89,0,0.0,0.0
2024-12-16 16:37:00-05:00,144.89,144.89,144.89,144.89,0,0.0,0.0
2024-12-16 16:38:00-05:00,144.89,144.9,144.8108,144.9,0,0.0,0.0
2024-12-16 16:39:00-05:00,144.9,144.9,144.7006,144.7006,0,0.0,0.0
2024-12-16 16:40:00-05:00,144.9,144.9,144.9,144.9,0,0.0,0.0
2024-12-16 16:41:00-05:00,144.8,144.8,144.8,144.8,0,0.0,0.0
2024-12-16 16:42:00-05:00,144.88,144.88,144.88,144.88,0,0.0,0.0
2024-12-16 16:44:00-05:00,144.85,144.88,144.61,144.88,0,0.0,0.0
2024-12-16 16:45:00-05:00,145.02,145.02,144.88,144.88,0,0.0,0.0
2024-12-16 16:47:00-05:00,144.91,144.91,144.88,144.88,0,0.0,0.0
2024-12-16 16:48:00-05:00,145.0,145.0,145.0,145.0,0,0.0,0.0
2024-12-16 16:49:00-05:00,145.0,145.0,144.9,144.9,0,0.0,0.0
2024-12-16 16:50:00-05:00,144.8,144.81,144.8,144.81,0,0.0,0.0
2024-12-16 16:51:00-05:00,145.0,145.0,144.9,145.0,0,0.0,0.0
2024-12-16 16:52:00-05:00,144.89,144.89,144.89,144.89,0,0.0,0.0
2024-12-16 16:53:00-05:00,144.81,144.89,144.81,144.89,0,0.0,0.0
2024-12-16 16:54:00-05:00,145.0,145.0,145.0,145.0,0,0.0,0.0
2024-12-16 16:55:00-05:00,145.0,145.0,144.9999,144.9999,0,0.0,0.0
2024-12-16 16:56:00-05:00,145.0,145.0,145.0,145.0,0,0.0,0.0
2024-12-16 16:57:00-05:00,144.8492,144.8492,144.8492,144.8492,0,0.0,0.0
2024-12-16 16:58:00-05:00,145.0,145.0,145.0,145.0,0,0.0,0.0
2024-12-16 16:59:00-05:00,145.0,145.0,144.81,144.81,0,0.0,0.0
2024-12-16 17:00:00-05:00,144.81,145.0,144.81,145.0,0,0.0,0.0
2024-12-16 17:01:00-05:00,145.0,145.0,145.0,145.0,0,0.0,0.0
2024-12-16 17:02:00-05:00,144.82,144.82,144.82,144.82,0,0.0,0.0
2024-12-16 17:03:00-05:00,144.81,145.0,144.81,145.0,0,0.0,0.0
2024-12-16 17:04:00-05:00,145.0,145.0,145.0,145.0,0,0.0,0.0
2024-12-16 17:05:00-05:00,145.0,145.0,145.0,145.0,0,0.0,0.0
2024-12-16 17:06:00-05:00,145.0,145.0,144.81,145.0,0,0.0,0.0
2024-12-16 17:07:00-05:00,145.0,145.0,145.0,145.0,0,0.0,0.0
2024-12-16 17:08:00-05:00,144.81,144.81,144.81,144.81,0,0.0,0.0
2024-12-16 17:09:00-05:00,144.7525,144.7525,144.7525,144.7525,0,0.0,0.0
2024-12-16 17:12:00-05:00,144.85,145.0,144.85,145.0,0,0.0,0.0
2024-12-16 17:13:00-05:00,144.85,144.85,144.85,144.85,0,0.0,0.0
2024-12-16 17:14:00-05:00,144.85,145.0,144.85,144.984,0,0.0,0.0
2024-12-16 17:15:00-05:00,144.98,144.98,144.98,144.98,0,0.0,0.0
2024-12-16 17:16:00-05:00,144.98,144.98,144.98,144.98,0,0.0,0.0
2024-12-16 17:17:00-05:00,144.85,144.85,144.85,144.85,0,0.0,0.0
2024-12-16 17:18:00-05:00,144.98,144.98,144.98,144.98,0,0.0,0.0
2024-12-16 17:19:00-05:00,144.85,144.85,144.85,144.85,0,0.0,0.0
2024-12-16 17:20:00-05:00,144.85,144.85,144.7,144.7,0,0.0,0.0
2024-12-16 17:21:00-05:00,144.7,144.87,144.7,144.87,0,0.0,0.0
2024-12-16 17:22:00-05:00,144.85,144.85,144.85,144.85,0,0.0,0.0
2024-12-16 17:23:00-05:00,144.85,144.85,144.6583,144.6583,0,0.0,0.0
2024-12-16 17:24:00-05:00,144.85,144.85,144.85,144.85,0,0.0,0.0
2024-12-16 17:25:00-05:00,144.75,144.85,144.75,144.85,0,0.0,0.0
2024-12-16 17:26:00-05:00,144.8,144.8,144.8,144.8,0,0.0,0.0
2024-12-16 17:27:00-05:00,144.61,144.7,144.61,144.7,0,0.0,0.0
2024-12-16 17:28:00-05:00,144.75,144.75,144.7,144.7485,0,0.0,0.0
2024-12-16 17:30:00-05:00,144.74,144.8,144.74,144.8,0,0.0,0.0
2024-12-16 17:31:00-05:00,144.8,144.8,144.8,144.8,0,0.0,0.0
2024-12-16 17:33:00-05:00,144.75,144.75,144.75,144.75,0,0.0,0.0
2024-12-16 17:34:00-05:00,144.75,144.75,144.74,144.74,0,0.0,0.0
2024-12-16 17:35:00-05:00,144.74,145.0,144.74,145.0,0,0.0,0.0
2024-12-16 17:36:00-05:00,144.7787,144.7787,144.7787,144.7787,0,0.0,0.0
2024-12-16 17:37:00-05:00,144.75,144.75,144.7018,144.7018,0,0.0,0.0
2024-12-16 17:38:00-05:00,144.7,144.7001,144.7,144.7001,0,0.0,0.0
2024-12-16 17:39:00-05:00,144.77,144.77,144.77,144.77,0,0.0,0.0
2024-12-16 17:40:00-05:00,144.78,144.78,144.7014,144.7014,0,0.0,0.0
2024-12-16 17:42:00-05:00,144.78,144.8,144.73,144.8,0,0.0,0.0
2024-12-16 17:43:00-05:00,144.8,144.8,144.8,144.8,0,0.0,0.0
2024-12-16 17:44:00-05:00,144.8,144.8,144.8,144.8,0,0.0,0.0
2024-12-16 17:45:00-05:00,144.85,144.85,144.75,144.85,0,0.0,0.0
2024-12-16 17:47:00-05:00,144.85,144.98,144.85,144.98,0,0.0,0.0
2024-12-16 17:48:00-05:00,144.989,144.989,144.989,144.989,0,0.0,0.0
2024-12-16 17:49:00-05:00,144.7009,144.78,144.7009,144.71,0,0.0,0.0
2024-12-16 17:53:00-05:00,144.71,144.71,144.7,144.7,0,0.0,0.0
2024-12-16 17:54:00-05:00,144.72,144.72,144.7,144.7,0,0.0,0.0
2024-12-16 17:55:00-05:00,144.9,144.9,144.85,144.85,0,0.0,0.0
2024-12-16 17:56:00-05:00,144.85,144.9803,144.7,144.9803,0,0.0,0.0
2024-12-16 17:58:00-05:00,144.85,144.85,144.85,144.85,0,0.0,0.0
2024-12-16 18:00:00-05:00,144.99,144.99,144.99,144.99,0,0.0,0.0
2024-12-16 18:03:00-05:00,144.9872,144.9872,144.9872,144.9872,0,0.0,0.0
2024-12-16 18:04:00-05:00,144.98,144.99,144.98,144.99,0,0.0,0.0
2024-12-16 18:07:00-05:00,144.9,144.9,144.7,144.9,0,0.0,0.0
2024-12-16 18:08:00-05:00,144.91,144.91,144.7,144.7,0,0.0,0.0
2024-12-16 18:09:00-05:00,144.8,144.8,144.8,144.8,0,0.0,0.0
2024-12-16 18:11:00-05:00,144.7,144.7,144.7,144.7,0,0.0,0.0
2024-12-16 18:13:00-05:00,144.8001,144.8001,144.7884,144.7884,0,0.0,0.0
2024-12-16 18:14:00-05:00,144.79,144.9599,144.79,144.9599,0,0.0,0.0
2024-12-16 18:15:00-05:00,144.9,144.9,144.9,144.9,0,0.0,0.0
2024-12-16 18:17:00-05:00,144.71,145.0,144.71,145.0,0,0.0,0.0
2024-12-16 18:18:00-05:00,145.0,145.0,144.99,144.99,0,0.0,0.0
2024-12-16 18:19:00-05:00,144.99,144.99,144.99,144.99,0,0.0,0.0
2024-12-16 18:20:00-05:00,144.9,144.96,144.9,144.96,0,0.0,0.0
2024-12-16 18:21:00-05:00,144.95,144.96,144.95,144.96,0,0.0,0.0
2024-12-16 18:22:00-05:00,145.08,145.08,145.0,145.0,0,0.0,0.0
2024-12-16 18:23:00-05:00,144.8,144.8,144.7827,144.7827,0,0.0,0.0
2024-12-16 18:25:00-05:00,145.09,145.09,145.09,145.09,0,0.0,0.0
2024-12-16 18:26:00-05:00,144.95,145.0,144.82,145.0,0,0.0,0.0
2024-12-16 18:27:00-05:00,144.85,145.0,144.82,145.0,0,0.0,0.0
2024-12-16 18:29:00-05:00,145.0899,145.0899,145.0899,145.0899,0,0.0,0.0
2024-12-16 18:30:00-05:00,145.09,145.09,145.08,145.09,0,0.0,0.0
2024-12-16 18:31:00-05:00,145.07,145.07,144.82,144.82,0,0.0,0.0
2024-12-16 18:32:00-05:00,145.09,145.09,145.09,145.09,0,0.0,0.0
2024-12-16 18:33:00-05:00,145.09,145.09,145.09,145.09,0,0.0,0.0
2024-12-16 18:34:00-05:00,145.042,145.042,144.8008,144.8008,0,0.0,0.0
2024-12-16 18:35:00-05:00,144.8,144.8,144.8,144.8,0,0.0,0.0
2024-12-16 18:36:00-05:00,145.09,145.09,145.0,145.0,0,0.0,0.0
2024-12-16 18:37:00-05:00,145.0,145.09,144.801,145.0,0,0.0,0.0
2024-12-16 18:38:00-05:00,144.82,144.82,144.8,144.8,0,0.0,0.0
2024-12-16 18:39:00-05:00,144.82,144.82,144.82,144.82,0,0.0,0.0
2024-12-16 18:41:00-05:00,145.09,145.09,144.82,144.82,0,0.0,0.0
2024-12-16 18:42:00-05:00,145.04,145.07,145.04,145.07,0,0.0,0.0
2024-12-16 18:44:00-05:00,145.0,145.0,145.0,145.0,0,0.0,0.0
2024-12-16 18:45:00-05:00,144.9,145.07,144.79,144.79,0,0.0,0.0
2024-12-16 18:46:00-05:00,144.71,145.0,144.71,145.0,0,0.0,0.0
2024-12-16 18:47:00-05:00,145.08,145.08,145.08,145.08,0,0.0,0.0
2024-12-16 18:48:00-05:00,144.99,144.99,144.99,144.99,0,0.0,0.0
2024-12-16 18:49:00-05:00,144.9,145.0,144.9,145.0,0,0.0,0.0
2024-12-16 18:50:00-05:00,144.79,144.79,144.79,144.79,0,0.0,0.0
2024-12-16 18:51:00-05:00,144.71,144.71,144.71,144.71,0,0.0,0.0
2024-12-16 18:52:00-05:00,144.79,144.79,144.79,144.79,0,0.0,0.0
2024-12-16 18:55:00-05:00,144.8,144.8,144.71,144.71,0,0.0,0.0
2024-12-16 18:57:00-05:00,145.0,145.0,145.0,145.0,0,0.0,0.0
2024-12-16 18:58:00-05:00,145.08,145.08,145.08,145.08,0,0.0,0.0
2024-12-16 18:59:00-05:00,145.08,145.08,144.79,144.79,0,0.0,0.0
2024-12-16 19:00:00-05:00,144.8,144.8,144.79,144.79,0,0.0,0.0
2024-12-16 19:01:00-05:00,144.9,144.9,144.9,144.9,0,0.0,0.0
2024-12-16 19:02:00-05:00,145.0,145.0,145.0,145.0,0,0.0,0.0
2024-12-16 19:03:00-05:00,144.72,145.09,144.72,145.09,0,0.0,0.0
2024-12-16 19:04:00-05:00,145.0,145.0,144.527,144.527,0,0.0,0.0
2024-12-16 19:05:00-05:00,144.5,144.5,144.5,144.5,0,0.0,0.0
2024-12-16 19:08:00-05:00,144.64,144.64,144.56,144.56,0,0.0,0.0
2024-12-16 19:09:00-05:00,145.09,145.09,145.09,145.09,0,0.0,0.0
2024-12-16 19:11:00-05:00,144.6,144.6,144.6,144.6,0,0.0,0.0
2024-12-16 19:12:00-05:00,144.85,144.85,144.85,144.85,0,0.0,0.0
2024-12-16 19:13:00-05:00,144.51,144.51,144.51,144.51,0,0.0,0.0
2024-12-16 19:17:00-05:00,145.0,145.0,145.0,145.0,0,0.0,0.0
2024-12-16 19:19:00-05:00,145.0,145.09,145.0,145.09,0,0.0,0.0
2024-12-16 19:20:00-05:00,144.91,144.97,144.91,144.97,0,0.0,0.0
2024-12-16 19:22:00-05:00,144.97,144.97,144.97,144.97,0,0.0,0.0
2024-12-16 19:23:00-05:00,144.53,144.53,144.53,144.53,0,0.0,0.0
2024-12-16 19:25:00-05:00,145.0,145.0,145.0,145.0,0,0.0,0.0
2024-12-16 19:27:00-05:00,144.53,144.93,144.53,144.93,0,0.0,0.0
2024-12-16 19:28:00-05:00,144.93,145.07,144.93,145.0,0,0.0,0.0
2024-12-16 19:29:00-05:00,145.07,145.07,145.07,145.07,0,0.0,0.0
2024-12-16 19:30:00-05:00,144.855,144.855,144.855,144.855,0,0.0,0.0
2024-12-16 19:34:00-05:00,144.98,145.0,144.98,145.0,0,0.0,0.0
2024-12-16 19:35:00-05:00,145.0,145.006,145.0,145.006,0,0.0,0.0
2024-12-16 19:36:00-05:00,145.09,145.09,145.0,145.08,0,0.0,0.0
2024-12-16 19:37:00-05:00,145.07,145.07,144.9,144.9,0,0.0,0.0
2024-12-16 19:38:00-05:00,144.98,144.99,144.98,144.99,0,0.0,0.0
2024-12-16 19:39:00-05:00,144.98,145.0,144.98,144.98,0,0.0,0.0
2024-12-16 19:40:00-05:00,144.98,144.98,144.98,144.98,0,0.0,0.0
2024-12-16 19:41:00-05:00,144.98,144.98,144.98,144.98,0,0.0,0.0
2024-12-16 19:44:00-05:00,144.98,144.98,144.9,144.9,0,0.0,0.0
2024-12-16 19:45:00-05:00,144.9799,144.9799,144.9799,144.9799,0,0.0,0.0
2024-12-16 19:46:00-05:00,144.9,144.97,144.8,144.97,0,0.0,0.0
2024-12-16 19:47:00-05:00,144.9799,144.9799,144.9799,144.9799,0,0.0,0.0
2024-12-16 19:48:00-05:00,144.7,144.7,144.7,144.7,0,0.0,0.0
2024-12-16 19:49:00-05:00,144.98,144.98,144.98,144.98,0,0.0,0.0
2024-12-16 19:50:00-05:00,144.98,144.98,144.98,144.98,0,0.0,0.0
2024-12-16 19:51:00-05:00,144.98,144.98,144.98,144.98,0,0.0,0.0
2024-12-16 19:54:00-05:00,145.0,145.0,145.0,145.0,0,0.0,0.0
2024-12-16 19:55:00-05:00,144.75,144.75,144.75,144.75,0,0.0,0.0
2024-12-16 19:56:00-05:00,144.8,144.8,144.7993,144.7993,0,0.0,0.0
2024-12-16 19:57:00-05:00,145.09,145.09,145.09,145.09,0,0.0,0.0
2024-12-16 19:58:00-05:00,145.0,145.0,145.0,145.0,0,0.0,0.0
2024-12-16 19:59:00-05:00,144.85,145.07,144.81,145.07,0,0.0,0.0
