time,Open,High,Low,Close,Volume,Dividends,Stock Splits
2024-12-17 04:00:00-05:00,144.92,144.92,144.92,144.92,0,0.0,0.0
2024-12-17 04:02:00-05:00,145.0,145.0,145.0,145.0,0,0.0,0.0
2024-12-17 04:03:00-05:00,145.03,145.03,144.99,145.0,0,0.0,0.0
2024-12-17 04:04:00-05:00,145.33,145.33,145.2,145.21,0,0.0,0.0
2024-12-17 04:06:00-05:00,145.14,145.14,145.14,145.14,0,0.0,0.0
2024-12-17 04:08:00-05:00,145.24,145.24,145.2,145.2,0,0.0,0.0
2024-12-17 04:10:00-05:00,145.41,145.41,145.41,145.41,0,0.0,0.0
2024-12-17 04:12:00-05:00,145.4,145.4,145.4,145.4,0,0.0,0.0
2024-12-17 04:14:00-05:00,145.6,145.69,145.6,145.69,0,0.0,0.0
2024-12-17 04:15:00-05:00,145.7,145.8,145.7,145.8,0,0.0,0.0
2024-12-17 04:16:00-05:00,145.89,145.89,145.89,145.89,0,0.0,0.0
2024-12-17 04:17:00-05:00,145.88,146.02,145.88,146.02,0,0.0,0.0
2024-12-17 04:18:00-05:00,146.06,146.06,146.0,146.0,0,0.0,0.0
2024-12-17 04:20:00-05:00,145.99,145.99,145.69,145.69,0,0.0,0.0
2024-12-17 04:21:00-05:00,145.54,145.54,145.46,145.46,0,0.0,0.0
2024-12-17 04:23:00-05:00,145.4,145.4,145.4,145.4,0,0.0,0.0
2024-12-17 04:25:00-05:00,145.39,145.39,145.39,145.39,0,0.0,0.0
2024-12-17 04:26:00-05:00,145.7,145.7,145.7,145.7,0,0.0,0.0
2024-12-17 04:30:00-05:00,145.93,145.93,145.93,145.93,0,0.0,0.0
2024-12-17 04:37:00-05:00,145.93,145.93,145.93,145.93,0,0.0,0.0
2024-12-17 04:38:00-05:00,145.99,146.05,145.99,146.05,0,0.0,0.0
2024-12-17 04:39:00-05:00,146.09,146.1,146.09,146.1,0,0.0,0.0
2024-12-17 04:40:00-05:00,146.13,146.13,146.13,146.13,0,0.0,0.0
2024-12-17 04:41:00-05:00,146.13,146.13,146.13,146.13,0,0.0,0.0
2024-12-17 04:44:00-05:00,146.13,146.13,146.13,146.13,0,0.0,0.0
2024-12-17 04:45:00-05:00,146.09,146.09,146.09,146.09,0,0.0,0.0
2024-12-17 04:54:00-05:00,146.14,146.3,146.14,146.3,0,0.0,0.0
2024-12-17 04:55:00-05:00,146.21,146.21,146.21,146.21,0,0.0,0.0
2024-12-17 04:56:00-05:00,146.1,146.1,146.1,146.1,0,0.0,0.0
2024-12-17 05:02:00-05:00,146.15,146.15,146.15,146.15,0,0.0,0.0
2024-12-17 05:03:00-05:00,146.15,146.15,146.15,146.15,0,0.0,0.0
2024-12-17 05:06:00-05:00,146.07,146.07,146.07,146.07,0,0.0,0.0
2024-12-17 05:10:00-05:00,146.03,146.03,146.03,146.03,0,0.0,0.0
2024-12-17 05:14:00-05:00,146.03,146.03,146.03,146.03,0,0.0,0.0
2024-12-17 05:20:00-05:00,146.03,146.03,146.03,146.03,0,0.0,0.0
2024-12-17 05:30:00-05:00,146.2,146.2,146.2,146.2,0,0.0,0.0
2024-12-17 05:31:00-05:00,146.2,146.2,146.2,146.2,0,0.0,0.0
2024-12-17 05:32:00-05:00,146.2,146.2,146.2,146.2,0,0.0,0.0
2024-12-17 05:37:00-05:00,146.2,146.2,146.2,146.2,0,0.0,0.0
2024-12-17 05:43:00-05:00,146.2,146.2,146.2,146.2,0,0.0,0.0
2024-12-17 05:49:00-05:00,146.03,146.03,146.0,146.0,0,0.0,0.0
2024-12-17 05:52:00-05:00,146.12,146.12,146.12,146.12,0,0.0,0.0
2024-12-17 05:57:00-05:00,146.15,146.15,145.97,145.97,0,0.0,0.0
2024-12-17 05:59:00-05:00,145.94,145.94,145.94,145.94,0,0.0,0.0
2024-12-17 06:02:00-05:00,145.9,145.9,145.9,145.9,0,0.0,0.0
2024-12-17 06:05:00-05:00,145.91,145.91,145.85,145.85,0,0.0,0.0
2024-12-17 06:06:00-05:00,145.96,145.97,145.95,145.97,0,0.0,0.0
2024-12-17 06:07:00-05:00,145.83,145.83,145.83,145.83,0,0.0,0.0
2024-12-17 06:09:00-05:00,145.9,145.9,145.9,145.9,0,0.0,0.0
2024-12-17 06:11:00-05:00,145.89,145.9,145.85,145.9,0,0.0,0.0
2024-12-17 06:13:00-05:00,145.83,145.83,145.83,145.83,0,0.0,0.0
2024-12-17 06:14:00-05:00,145.83,145.83,145.83,145.83,0,0.0,0.0
2024-12-17 06:16:00-05:00,145.89,145.9,145.89,145.9,0,0.0,0.0
2024-12-17 06:18:00-05:00,145.89,145.97,145.89,145.89,0,0.0,0.0
2024-12-17 06:19:00-05:00,145.97,146.05,145.97,146.05,0,0.0,0.0
2024-12-17 06:20:00-05:00,146.16,146.16,146.16,146.16,0,0.0,0.0
2024-12-17 06:22:00-05:00,145.98,145.98,145.97,145.97,0,0.0,0.0
2024-12-17 06:24:00-05:00,145.97,145.97,145.75,145.75,0,0.0,0.0
2024-12-17 06:25:00-05:00,145.76,145.79,145.75,145.79,0,0.0,0.0
2024-12-17 06:33:00-05:00,145.75,145.76,145.75,145.75,0,0.0,0.0
2024-12-17 06:36:00-05:00,145.75,145.76,145.75,145.75,0,0.0,0.0
2024-12-17 06:37:00-05:00,145.75,145.75,145.75,145.75,0,0.0,0.0
2024-12-17 06:44:00-05:00,145.86,145.86,145.83,145.83,0,0.0,0.0
2024-12-17 06:46:00-05:00,145.81,145.81,145.75,145.8,0,0.0,0.0
2024-12-17 06:47:00-05:00,145.76,145.76,145.76,145.76,0,0.0,0.0
2024-12-17 06:48:00-05:00,145.76,145.8,145.75,145.8,0,0.0,0.0
2024-12-17 06:49:00-05:00,145.8,145.8,145.8,145.8,0,0.0,0.0
2024-12-17 06:51:00-05:00,145.76,145.76,145.75,145.75,0,0.0,0.0
2024-12-17 06:52:00-05:00,145.79,145.8,145.79,145.8,0,0.0,0.0
2024-12-17 06:58:00-05:00,145.81,145.81,145.75,145.75,0,0.0,0.0
2024-12-17 06:59:00-05:00,145.76,145.76,145.75,145.75,0,0.0,0.0
2024-12-17 07:00:00-05:00,145.79,145.79,145.75,145.75,0,0.0,0.0
2024-12-17 07:03:00-05:00,145.79,145.79,145.75,145.75,0,0.0,0.0
2024-12-17 07:04:00-05:00,145.76,145.76,145.7,145.7,0,0.0,0.0
2024-12-17 07:05:00-05:00,145.69,145.69,145.5,145.5,0,0.0,0.0
2024-12-17 07:06:00-05:00,145.48,145.48,145.47,145.48,0,0.0,0.0
2024-12-17 07:07:00-05:00,145.39,145.39,145.39,145.39,0,0.0,0.0
2024-12-17 07:08:00-05:00,145.29,145.3,145.2,145.2,0,0.0,0.0
2024-12-17 07:09:00-05:00,145.14,145.14,145.1,145.1,0,0.0,0.0
2024-12-17 07:12:00-05:00,145.1,145.1,145.09,145.1,0,0.0,0.0
2024-12-17 07:17:00-05:00,145.22,145.24,145.22,145.24,0,0.0,0.0
2024-12-17 07:18:00-05:00,145.22,145.22,145.22,145.22,0,0.0,0.0
2024-12-17 07:20:00-05:00,145.21,145.21,145.21,145.21,0,0.0,0.0
2024-12-17 07:21:00-05:00,145.14,145.14,145.11,145.11,0,0.0,0.0
2024-12-17 07:23:00-05:00,145.11,145.11,145.11,145.11,0,0.0,0.0
2024-12-17 07:24:00-05:00,145.11,145.11,145.11,145.11,0,0.0,0.0
2024-12-17 07:25:00-05:00,145.11,145.11,145.11,145.11,0,0.0,0.0
2024-12-17 07:27:00-05:00,145.24,145.25,145.11,145.11,0,0.0,0.0
2024-12-17 07:33:00-05:00,145.12,145.12,145.01,145.01,0,0.0,0.0
2024-12-17 07:34:00-05:00,145.01,145.01,145.0,145.0,0,0.0,0.0
2024-12-17 07:35:00-05:00,145.01,145.01,145.01,145.01,0,0.0,0.0
2024-12-17 07:41:00-05:00,145.12,145.12,145.12,145.12,0,0.0,0.0
2024-12-17 07:45:00-05:00,145.21,145.21,145.21,145.21,0,0.0,0.0
2024-12-17 07:46:00-05:00,145.12,145.12,145.12,145.12,0,0.0,0.0
2024-12-17 07:47:00-05:00,145.09,145.09,145.09,145.09,0,0.0,0.0
2024-12-17 07:50:00-05:00,145.0,145.0,145.0,145.0,0,0.0,0.0
2024-12-17 07:51:00-05:00,145.0,145.05,145.0,145.0,0,0.0,0.0
2024-12-17 07:53:00-05:00,145.0,145.06,145.0,145.06,0,0.0,0.0
2024-12-17 07:55:00-05:00,145.0,145.0,145.0,145.0,0,0.0,0.0
2024-12-17 07:56:00-05:00,144.9,144.9,144.88,144.88,0,0.0,0.0
2024-12-17 07:57:00-05:00,144.87,144.87,144.8,144.8,0,0.0,0.0
2024-12-17 07:58:00-05:00,144.99,145.14,144.99,145.1,0,0.0,0.0
2024-12-17 07:59:00-05:00,145.1,145.1,145.1,145.1,0,0.0,0.0
2024-12-17 08:00:00-05:00,145.49,146.21,144.8,145.21,0,0.0,0.0
2024-12-17 08:01:00-05:00,144.8,145.51,144.8,144.802,0,0.0,0.0
2024-12-17 08:02:00-05:00,144.85,144.85,144.806,144.806,0,0.0,0.0
2024-12-17 08:03:00-05:00,144.8383,145.0,144.8383,145.0,0,0.0,0.0
2024-12-17 08:04:00-05:00,145.21,145.21,144.9625,144.9625,0,0.0,0.0
2024-12-17 08:05:00-05:00,144.81,144.81,144.8,144.8,0,0.0,0.0
2024-12-17 08:06:00-05:00,144.846,145.0,144.846,145.0,0,0.0,0.0
2024-12-17 08:07:00-05:00,145.0,145.0,145.0,145.0,0,0.0,0.0
2024-12-17 08:08:00-05:00,144.81,144.81,144.81,144.81,0,0.0,0.0
2024-12-17 08:09:00-05:00,144.81,145.0,144.5,144.5,0,0.0,0.0
2024-12-17 08:10:00-05:00,144.76,145.0,144.5,144.76,0,0.0,0.0
2024-12-17 08:11:00-05:00,144.71,145.0,144.7,145.0,0,0.0,0.0
2024-12-17 08:12:00-05:00,145.0,145.0,145.0,145.0,0,0.0,0.0
2024-12-17 08:13:00-05:00,144.99,144.99,144.81,144.97,0,0.0,0.0
2024-12-17 08:14:00-05:00,144.9669,144.9669,144.9669,144.9669,0,0.0,0.0
2024-12-17 08:15:00-05:00,144.71,144.71,144.71,144.71,0,0.0,0.0
2024-12-17 08:16:00-05:00,144.8,144.8,144.8,144.8,0,0.0,0.0
2024-12-17 08:17:00-05:00,144.81,144.85,144.81,144.85,0,0.0,0.0
2024-12-17 08:18:00-05:00,144.81,144.81,144.8,144.8,0,0.0,0.0
2024-12-17 08:19:00-05:00,144.8,144.99,144.8,144.99,0,0.0,0.0
2024-12-17 08:21:00-05:00,144.75,144.75,144.7,144.75,0,0.0,0.0
2024-12-17 08:22:00-05:00,144.71,144.77,144.71,144.75,0,0.0,0.0
2024-12-17 08:23:00-05:00,145.0,145.0,145.0,145.0,0,0.0,0.0
2024-12-17 08:25:00-05:00,144.71,144.71,144.71,144.71,0,0.0,0.0
2024-12-17 08:26:00-05:00,145.0,145.0,144.6565,144.6565,0,0.0,0.0
2024-12-17 08:27:00-05:00,144.61,144.97,144.61,144.97,0,0.0,0.0
2024-12-17 08:28:00-05:00,144.66,144.9725,144.61,144.9725,0,0.0,0.0
2024-12-17 08:29:00-05:00,144.96,144.96,144.61,144.61,0,0.0,0.0
2024-12-17 08:30:00-05:00,144.64,144.64,144.5,144.63,0,0.0,0.0
2024-12-17 08:31:00-05:00,144.63,144.63,144.63,144.63,0,0.0,0.0
2024-12-17 08:32:00-05:00,144.67,145.14,144.67,145.14,0,0.0,0.0
2024-12-17 08:33:00-05:00,145.14,145.28,145.14,145.28,0,0.0,0.0
2024-12-17 08:34:00-05:00,145.35,145.4867,145.2,145.2,0,0.0,0.0
2024-12-17 08:35:00-05:00,145.45,145.45,145.45,145.45,0,0.0,0.0
2024-12-17 08:36:00-05:00,144.57,145.45,144.57,145.45,0,0.0,0.0
2024-12-17 08:38:00-05:00,145.2,145.45,145.2,145.2283,0,0.0,0.0
2024-12-17 08:39:00-05:00,145.2,145.2,145.07,145.07,0,0.0,0.0
2024-12-17 08:40:00-05:00,145.02,145.02,144.99,144.99,0,0.0,0.0
2024-12-17 08:41:00-05:00,144.9,145.0,144.855,145.0,0,0.0,0.0
2024-12-17 08:42:00-05:00,144.65,144.89,144.6,144.865,0,0.0,0.0
2024-12-17 08:43:00-05:00,144.64,144.65,144.5,144.65,0,0.0,0.0
2024-12-17 08:44:00-05:00,144.5,144.5,144.3,144.3,0,0.0,0.0
2024-12-17 08:45:00-05:00,144.61,144.62,144.07,144.62,0,0.0,0.0
2024-12-17 08:46:00-05:00,144.4,144.6199,144.0775,144.4,0,0.0,0.0
2024-12-17 08:47:00-05:00,144.4,144.62,144.1308,144.61,0,0.0,0.0
2024-12-17 08:48:00-05:00,144.4,144.9,144.4,144.65,0,0.0,0.0
2024-12-17 08:49:00-05:00,144.62,144.62,144.62,144.62,0,0.0,0.0
2024-12-17 08:50:00-05:00,144.62,144.8,144.62,144.71,0,0.0,0.0
2024-12-17 08:51:00-05:00,144.7,144.87,144.65,144.76,0,0.0,0.0
2024-12-17 08:52:00-05:00,144.79,144.85,144.75,144.77,0,0.0,0.0
2024-12-17 08:53:00-05:00,144.84,144.84,144.65,144.77,0,0.0,0.0
2024-12-17 08:54:00-05:00,144.77,144.77,144.77,144.77,0,0.0,0.0
2024-12-17 08:55:00-05:00,144.9,144.9,144.5,144.9,0,0.0,0.0
2024-12-17 08:56:00-05:00,144.85,144.9,144.7568,144.9,0,0.0,0.0
2024-12-17 08:57:00-05:00,144.88,144.8993,144.75,144.89,0,0.0,0.0
2024-12-17 08:58:00-05:00,145.0,145.19,144.75,145.19,0,0.0,0.0
2024-12-17 08:59:00-05:00,144.82,145.0,144.82,145.0,0,0.0,0.0
2024-12-17 09:00:00-05:00,144.91,145.0,144.91,144.93,0,0.0,0.0
2024-12-17 09:01:00-05:00,144.97,144.97,144.97,144.97,0,0.0,0.0
2024-12-17 09:02:00-05:00,144.96,144.96,144.96,144.96,0,0.0,0.0
2024-12-17 09:03:00-05:00,144.96,145.04,144.96,145.04,0,0.0,0.0
2024-12-17 09:04:00-05:00,144.95,145.04,144.88,144.88,0,0.0,0.0
2024-12-17 09:05:00-05:00,145.01,145.2,145.0,145.19,0,0.0,0.0
2024-12-17 09:06:00-05:00,145.19,145.2,144.9,145.0,0,0.0,0.0
2024-12-17 09:07:00-05:00,145.0,145.2,144.77,144.77,0,0.0,0.0
2024-12-17 09:08:00-05:00,145.0,145.2,144.96,145.0,0,0.0,0.0
2024-12-17 09:09:00-05:00,145.2,145.2,144.9637,145.19,0,0.0,0.0
2024-12-17 09:10:00-05:00,144.97,144.97,144.77,144.97,0,0.0,0.0
2024-12-17 09:11:00-05:00,144.5,144.5,144.01,144.01,0,0.0,0.0
2024-12-17 09:12:00-05:00,144.822,144.822,144.65,144.65,0,0.0,0.0
2024-12-17 09:13:00-05:00,144.845,145.19,144.6,144.6,0,0.0,0.0
2024-12-17 09:14:00-05:00,144.6,144.845,144.6,144.845,0,0.0,0.0
2024-12-17 09:15:00-05:00,144.845,144.88,144.52,144.8,0,0.0,0.0
2024-12-17 09:16:00-05:00,144.945,144.945,144.89,144.89,0,0.0,0.0
2024-12-17 09:17:00-05:00,144.8,144.895,144.7,144.895,0,0.0,0.0
2024-12-17 09:18:00-05:00,144.7,144.7,144.7,144.7,0,0.0,0.0
2024-12-17 09:19:00-05:00,144.84,144.84,144.84,144.84,0,0.0,0.0
2024-12-17 09:20:00-05:00,144.7564,144.895,144.7289,144.81,0,0.0,0.0
2024-12-17 09:21:00-05:00,144.895,145.19,144.77,144.89,0,0.0,0.0
2024-12-17 09:22:00-05:00,145.19,145.19,144.75,144.85,0,0.0,0.0
2024-12-17 09:24:00-05:00,144.8,144.8,144.7,144.7,0,0.0,0.0
2024-12-17 09:25:00-05:00,144.7,144.7,143.43,144.14,0,0.0,0.0
2024-12-17 09:26:00-05:00,143.84,143.84,143.55,143.55,0,0.0,0.0
2024-12-17 09:27:00-05:00,143.8,144.27,143.03,143.03,0,0.0,0.0
2024-12-17 09:28:00-05:00,143.94,143.94,143.284,143.284,0,0.0,0.0
2024-12-17 09:29:00-05:00,144.05,144.05,143.66,143.66,0,0.0,0.0
2024-12-17 09:30:00-05:00,143.99000549316406,144.0,141.11000061035156,141.1199951171875,430073,0.0,0.0
2024-12-17 09:31:00-05:00,141.14999389648438,141.4600067138672,139.57000732421875,140.48800659179688,149667,0.0,0.0
2024-12-17 09:32:00-05:00,140.58999633789062,141.05999755859375,139.8948974609375,140.5800018310547,36334,0.0,0.0
2024-12-17 09:33:00-05:00,140.73500061035156,141.36000061035156,140.13999938964844,140.4781951904297,45650,0.0,0.0
2024-12-17 09:34:00-05:00,140.47000122070312,140.6750030517578,140.06300354003906,140.25,46713,0.0,0.0
2024-12-17 09:35:00-05:00,140.25,140.67999267578125,139.8000030517578,140.0,41309,0.0,0.0
2024-12-17 09:36:00-05:00,139.86000061035156,140.33999633789062,139.86000061035156,140.11839294433594,22511,0.0,0.0
2024-12-17 09:37:00-05:00,140.01649475097656,140.1345977783203,139.11619567871094,139.2100067138672,49213,0.0,0.0
2024-12-17 09:38:00-05:00,139.30999755859375,139.30999755859375,138.58230590820312,139.0,59165,0.0,0.0
2024-12-17 09:39:00-05:00,139.01499938964844,139.5198974609375,138.9499969482422,139.5198974609375,27481,0.0,0.0
2024-12-17 09:40:00-05:00,139.25010681152344,139.62989807128906,139.1300048828125,139.50999450683594,27413,0.0,0.0
2024-12-17 09:41:00-05:00,139.60000610351562,140.19000244140625,139.60000610351562,140.0124969482422,23979,0.0,0.0
2024-12-17 09:42:00-05:00,140.12440490722656,140.12440490722656,139.58999633789062,139.68499755859375,14922,0.0,0.0
2024-12-17 09:43:00-05:00,139.50999450683594,139.83999633789062,139.3699951171875,139.7050018310547,16427,0.0,0.0
2024-12-17 09:44:00-05:00,139.77000427246094,139.8000030517578,138.8000030517578,139.1999969482422,63828,0.0,0.0
2024-12-17 09:45:00-05:00,139.0399932861328,139.8300018310547,138.9199981689453,139.75,31172,0.0,0.0
2024-12-17 09:46:00-05:00,139.63999938964844,139.75,139.3000030517578,139.3000030517578,13038,0.0,0.0
2024-12-17 09:47:00-05:00,139.35499572753906,139.6697998046875,139.35499572753906,139.5,28846,0.0,0.0
2024-12-17 09:48:00-05:00,139.5399932861328,139.6999969482422,139.40280151367188,139.6999969482422,15406,0.0,0.0
2024-12-17 09:49:00-05:00,139.6999969482422,139.9799041748047,138.9499969482422,139.19549560546875,38565,0.0,0.0
2024-12-17 09:50:00-05:00,139.14999389648438,139.22999572753906,138.72019958496094,138.8000030517578,37613,0.0,0.0
2024-12-17 09:51:00-05:00,138.875,138.9600067138672,138.39999389648438,138.64999389648438,49571,0.0,0.0
2024-12-17 09:52:00-05:00,138.6356964111328,138.85000610351562,138.4001007080078,138.8300018310547,36933,0.0,0.0
2024-12-17 09:53:00-05:00,138.89999389648438,138.89999389648438,138.1999969482422,138.2969970703125,34874,0.0,0.0
2024-12-17 09:54:00-05:00,138.2449951171875,138.5749969482422,138.05999755859375,138.42999267578125,28155,0.0,0.0
2024-12-17 09:55:00-05:00,138.41000366210938,138.47999572753906,138.25,138.2729034423828,23764,0.0,0.0
2024-12-17 09:56:00-05:00,138.25,138.90989685058594,138.25,138.6096954345703,26076,0.0,0.0
2024-12-17 09:57:00-05:00,138.67999267578125,138.72000122070312,138.44000244140625,138.4949951171875,20230,0.0,0.0
2024-12-17 09:58:00-05:00,138.54080200195312,138.67990112304688,138.43499755859375,138.47000122070312,14823,0.0,0.0
2024-12-17 09:59:00-05:00,138.47999572753906,138.47999572753906,137.82000732421875,138.1699981689453,64693,0.0,0.0
2024-12-17 10:00:00-05:00,138.0500030517578,138.27000427246094,137.93980407714844,138.1999969482422,33270,0.0,0.0
2024-12-17 10:01:00-05:00,138.22000122070312,138.77999877929688,138.1699981689453,138.41600036621094,29753,0.0,0.0
2024-12-17 10:02:00-05:00,138.47000122070312,138.89999389648438,138.27999877929688,138.8000030517578,31980,0.0,0.0
2024-12-17 10:03:00-05:00,138.72999572753906,138.8000030517578,138.60000610351562,138.72999572753906,35815,0.0,0.0
2024-12-17 10:04:00-05:00,138.7899932861328,138.7899932861328,138.3000030517578,138.75,31330,0.0,0.0
2024-12-17 10:05:00-05:00,138.75,139.16000366210938,138.5800018310547,138.64999389648438,28203,0.0,0.0
2024-12-17 10:06:00-05:00,138.60000610351562,139.14999389648438,138.5399932861328,139.00999450683594,35916,0.0,0.0
2024-12-17 10:07:00-05:00,139.00999450683594,139.24000549316406,138.8957977294922,139.0850067138672,38914,0.0,0.0
2024-12-17 10:08:00-05:00,139.0850067138672,139.28900146484375,139.07249450683594,139.1750030517578,29741,0.0,0.0
2024-12-17 10:09:00-05:00,139.19000244140625,139.27000427246094,138.94000244140625,139.10009765625,27244,0.0,0.0
2024-12-17 10:10:00-05:00,139.1925048828125,139.2899932861328,138.97000122070312,139.0,11037,0.0,0.0
2024-12-17 10:11:00-05:00,138.96499633789062,139.1199951171875,138.7100067138672,138.7230987548828,34738,0.0,0.0
2024-12-17 10:12:00-05:00,138.8000030517578,138.99000549316406,138.55999755859375,138.86000061035156,20129,0.0,0.0
2024-12-17 10:13:00-05:00,138.79440307617188,139.1199951171875,138.72000122070312,139.1199951171875,26273,0.0,0.0
2024-12-17 10:14:00-05:00,138.9322052001953,139.16000366210938,138.83999633789062,139.05999755859375,15456,0.0,0.0
2024-12-17 10:15:00-05:00,139.05999755859375,139.05999755859375,138.57000732421875,138.72999572753906,26080,0.0,0.0
2024-12-17 10:16:00-05:00,138.64999389648438,138.86500549316406,138.4199981689453,138.7550048828125,39874,0.0,0.0
2024-12-17 10:17:00-05:00,138.7550048828125,138.99000549316406,138.5,138.94000244140625,22263,0.0,0.0
2024-12-17 10:18:00-05:00,138.8800048828125,138.8800048828125,138.4801025390625,138.7100067138672,21142,0.0,0.0
2024-12-17 10:19:00-05:00,138.69000244140625,138.6999969482422,138.08999633789062,138.31939697265625,45717,0.0,0.0
2024-12-17 10:20:00-05:00,138.18499755859375,138.49000549316406,137.99000549316406,138.22000122070312,54491,0.0,0.0
2024-12-17 10:21:00-05:00,138.2899932861328,138.63999938964844,138.2899932861328,138.50999450683594,12546,0.0,0.0
2024-12-17 10:22:00-05:00,138.50999450683594,138.74000549316406,138.50999450683594,138.625,15072,0.0,0.0
2024-12-17 10:23:00-05:00,138.625,138.63999938964844,138.44000244140625,138.61500549316406,24461,0.0,0.0
2024-12-17 10:24:00-05:00,138.61500549316406,138.7100067138672,138.25999450683594,138.343994140625,19436,0.0,0.0
2024-12-17 10:25:00-05:00,138.39999389648438,138.51809692382812,138.25999450683594,138.35000610351562,18424,0.0,0.0
2024-12-17 10:26:00-05:00,138.36000061035156,138.69000244140625,138.27000427246094,138.6024932861328,19755,0.0,0.0
2024-12-17 10:27:00-05:00,138.58999633789062,138.62539672851562,138.3000946044922,138.5399932861328,20404,0.0,0.0
2024-12-17 10:28:00-05:00,138.5500030517578,138.9687957763672,138.5500030517578,138.875,11943,0.0,0.0
2024-12-17 10:29:00-05:00,138.875,138.94000244140625,138.6699981689453,138.6699981689453,20722,0.0,0.0
2024-12-17 10:30:00-05:00,138.69000244140625,138.7375030517578,138.16000366210938,138.29010009765625,35978,0.0,0.0
2024-12-17 10:31:00-05:00,138.3000030517578,138.77000427246094,138.2899932861328,138.6750030517578,21039,0.0,0.0
2024-12-17 10:32:00-05:00,138.75,138.8699951171875,138.60000610351562,138.78500366210938,15931,0.0,0.0
2024-12-17 10:33:00-05:00,138.8000030517578,138.9600067138672,138.74209594726562,138.85000610351562,3291,0.0,0.0
2024-12-17 10:34:00-05:00,138.92999267578125,139.1199951171875,138.92999267578125,139.10000610351562,22701,0.0,0.0
2024-12-17 10:35:00-05:00,139.10000610351562,139.1894073486328,138.9532928466797,139.16000366210938,12286,0.0,0.0
2024-12-17 10:36:00-05:00,139.10000610351562,139.2761993408203,138.8800048828125,138.89999389648438,30368,0.0,0.0
2024-12-17 10:37:00-05:00,138.94000244140625,139.17999267578125,138.7899932861328,139.13499450683594,23944,0.0,0.0
2024-12-17 10:38:00-05:00,139.13499450683594,139.39999389648438,139.13499450683594,139.22219848632812,19933,0.0,0.0
2024-12-17 10:39:00-05:00,139.22000122070312,139.3800048828125,139.0,139.3000030517578,14073,0.0,0.0
2024-12-17 10:40:00-05:00,139.1999969482422,139.2550048828125,138.91000366210938,139.22999572753906,10939,0.0,0.0
2024-12-17 10:41:00-05:00,139.06500244140625,139.06500244140625,138.7899932861328,138.7899932861328,24930,0.0,0.0
2024-12-17 10:42:00-05:00,138.8000030517578,138.83999633789062,138.5399932861328,138.59500122070312,17597,0.0,0.0
2024-12-17 10:43:00-05:00,138.59500122070312,138.75999450683594,138.59500122070312,138.75999450683594,9565,0.0,0.0
2024-12-17 10:44:00-05:00,138.75999450683594,139.1699981689453,138.75999450683594,139.16000366210938,16751,0.0,0.0
2024-12-17 10:45:00-05:00,139.09979248046875,139.38999938964844,139.09979248046875,139.24000549316406,26490,0.0,0.0
2024-12-17 10:46:00-05:00,139.19000244140625,139.24000549316406,138.8699951171875,138.8699951171875,30185,0.0,0.0
2024-12-17 10:47:00-05:00,138.93499755859375,139.19000244140625,138.8800048828125,139.13999938964844,19576,0.0,0.0
2024-12-17 10:48:00-05:00,139.08999633789062,139.36000061035156,138.99000549316406,139.36000061035156,39545,0.0,0.0
2024-12-17 10:49:00-05:00,139.26499938964844,139.37989807128906,139.14999389648438,139.14999389648438,8763,0.0,0.0
2024-12-17 10:50:00-05:00,139.19760131835938,139.74000549316406,139.19760131835938,139.74000549316406,33802,0.0,0.0
2024-12-17 10:51:00-05:00,139.63999938964844,139.8000030517578,139.32000732421875,139.32000732421875,22484,0.0,0.0
2024-12-17 10:52:00-05:00,139.3800048828125,139.38499450683594,139.25999450683594,139.3699951171875,4656,0.0,0.0
2024-12-17 10:53:00-05:00,139.3699951171875,139.55990600585938,139.0,139.0500030517578,33036,0.0,0.0
2024-12-17 10:54:00-05:00,139.11000061035156,139.52999877929688,139.0399932861328,139.4250030517578,15961,0.0,0.0
2024-12-17 10:55:00-05:00,139.35000610351562,139.44000244140625,139.35000610351562,139.44000244140625,7724,0.0,0.0
2024-12-17 10:56:00-05:00,139.35000610351562,139.39999389648438,139.1300048828125,139.1300048828125,14779,0.0,0.0
2024-12-17 10:57:00-05:00,139.0200958251953,139.3300018310547,139.02000427246094,139.3300018310547,12119,0.0,0.0
2024-12-17 10:58:00-05:00,139.3699951171875,139.48800659179688,139.25,139.48800659179688,6781,0.0,0.0
2024-12-17 10:59:00-05:00,139.6300048828125,139.75,139.48500061035156,139.75,25566,0.0,0.0
2024-12-17 11:00:00-05:00,139.69000244140625,139.8800048828125,139.5850067138672,139.73550415039062,18393,0.0,0.0
2024-12-17 11:01:00-05:00,139.6699981689453,140.0,139.5601043701172,139.91000366210938,37058,0.0,0.0
2024-12-17 11:02:00-05:00,139.89500427246094,140.0399932861328,139.89500427246094,139.9600067138672,23700,0.0,0.0
2024-12-17 11:03:00-05:00,140.02420043945312,140.0399932861328,139.8699951171875,139.8699951171875,11271,0.0,0.0
2024-12-17 11:04:00-05:00,139.8699951171875,139.8800048828125,139.76010131835938,139.8350067138672,7187,0.0,0.0
2024-12-17 11:05:00-05:00,139.8350067138672,139.91000366210938,139.71449279785156,139.71449279785156,8493,0.0,0.0
2024-12-17 11:06:00-05:00,139.75,139.75,139.3699951171875,139.48500061035156,31338,0.0,0.0
2024-12-17 11:07:00-05:00,139.48500061035156,139.58999633789062,139.39999389648438,139.5,23568,0.0,0.0
2024-12-17 11:09:00-05:00,139.6300048828125,139.7570037841797,139.5500030517578,139.64999389648438,61481,0.0,0.0
2024-12-17 11:10:00-05:00,139.64999389648438,139.74000549316406,139.57000732421875,139.67999267578125,17794,0.0,0.0
2024-12-17 11:11:00-05:00,139.6699981689453,140.1199951171875,139.60000610351562,139.7550048828125,47000,0.0,0.0
2024-12-17 11:12:00-05:00,139.7675018310547,139.80990600585938,139.25,139.3000030517578,12410,0.0,0.0
2024-12-17 11:13:00-05:00,139.30349731445312,139.52000427246094,139.3000030517578,139.4250030517578,10205,0.0,0.0
2024-12-17 11:14:00-05:00,139.3531951904297,139.69000244140625,139.33999633789062,139.33999633789062,10360,0.0,0.0
2024-12-17 11:15:00-05:00,139.41000366210938,139.47000122070312,139.15289306640625,139.15289306640625,13104,0.0,0.0
2024-12-17 11:16:00-05:00,139.2899932861328,139.2899932861328,139.0800018310547,139.11500549316406,6862,0.0,0.0
2024-12-17 11:17:00-05:00,139.02000427246094,139.06500244140625,138.83999633789062,138.83999633789062,20382,0.0,0.0
2024-12-17 11:18:00-05:00,138.83999633789062,138.99000549316406,138.69000244140625,138.75,20711,0.0,0.0
2024-12-17 11:19:00-05:00,138.74000549316406,138.75,138.5500030517578,138.64999389648438,11407,0.0,0.0
2024-12-17 11:20:00-05:00,138.63499450683594,138.81500244140625,138.47999572753906,138.68499755859375,24132,0.0,0.0
2024-12-17 11:21:00-05:00,138.7895965576172,138.82000732421875,138.7100067138672,138.72039794921875,8702,0.0,0.0
2024-12-17 11:22:00-05:00,138.76499938964844,139.0500030517578,138.74000549316406,138.97000122070312,12093,0.0,0.0
2024-12-17 11:23:00-05:00,139.0500030517578,139.15989685058594,138.89999389648438,138.89999389648438,8540,0.0,0.0
2024-12-17 11:24:00-05:00,138.89010620117188,139.39999389648438,138.85000610351562,139.23500061035156,10572,0.0,0.0
2024-12-17 11:25:00-05:00,139.3699951171875,139.3699951171875,139.27670288085938,139.27670288085938,1253,0.0,0.0
2024-12-17 11:26:00-05:00,139.2834014892578,139.47000122070312,139.2550048828125,139.47000122070312,7204,0.0,0.0
2024-12-17 11:27:00-05:00,139.47000122070312,139.77999877929688,139.3000030517578,139.6699981689453,9736,0.0,0.0
2024-12-17 11:28:00-05:00,139.6204071044922,139.6204071044922,139.50999450683594,139.58999633789062,3080,0.0,0.0
2024-12-17 11:29:00-05:00,139.5850067138672,139.58999633789062,139.4259033203125,139.52000427246094,9853,0.0,0.0
2024-12-17 11:30:00-05:00,139.55999755859375,139.5800018310547,139.39999389648438,139.55999755859375,10202,0.0,0.0
2024-12-17 11:31:00-05:00,139.52499389648438,139.68499755859375,139.5050048828125,139.5800018310547,9430,0.0,0.0
2024-12-17 11:32:00-05:00,139.625,139.7100067138672,139.3699951171875,139.3699951171875,14396,0.0,0.0
2024-12-17 11:33:00-05:00,139.3699951171875,139.49000549316406,139.3699951171875,139.4600067138672,10289,0.0,0.0
2024-12-17 11:34:00-05:00,139.49000549316406,139.6999969482422,139.49000549316406,139.69500732421875,19291,0.0,0.0
2024-12-17 11:35:00-05:00,139.6999969482422,139.86000061035156,139.69000244140625,139.86000061035156,18725,0.0,0.0
2024-12-17 11:36:00-05:00,139.85960388183594,140.02999877929688,139.83999633789062,140.0,13513,0.0,0.0
2024-12-17 11:37:00-05:00,140.0,140.0,139.84500122070312,139.8800048828125,5389,0.0,0.0
2024-12-17 11:38:00-05:00,139.84500122070312,140.0500030517578,139.84500122070312,140.0,12923,0.0,0.0
2024-12-17 11:39:00-05:00,139.9600067138672,140.0500030517578,139.9199981689453,140.0,10478,0.0,0.0
2024-12-17 11:40:00-05:00,140.02999877929688,140.05999755859375,139.8800048828125,139.9600067138672,8747,0.0,0.0
2024-12-17 11:41:00-05:00,139.8509063720703,140.13999938964844,139.82000732421875,140.0574951171875,16150,0.0,0.0
2024-12-17 11:42:00-05:00,140.09519958496094,140.22000122070312,140.07420349121094,140.1699981689453,9772,0.0,0.0
2024-12-17 11:43:00-05:00,140.1999969482422,140.25,140.08999633789062,140.10159301757812,6547,0.0,0.0
2024-12-17 11:44:00-05:00,140.10000610351562,140.24000549316406,140.10000610351562,140.24000549316406,6620,0.0,0.0
2024-12-17 11:45:00-05:00,140.24000549316406,140.24000549316406,140.0399932861328,140.22999572753906,16427,0.0,0.0
2024-12-17 11:46:00-05:00,140.19500732421875,140.6300048828125,140.16000366210938,140.5800018310547,18250,0.0,0.0
2024-12-17 11:47:00-05:00,140.49000549316406,140.69000244140625,140.1497039794922,140.2050018310547,38486,0.0,0.0
2024-12-17 11:48:00-05:00,140.2050018310547,140.2050018310547,140.02000427246094,140.07000732421875,7781,0.0,0.0
2024-12-17 11:49:00-05:00,140.02000427246094,140.02000427246094,139.67999267578125,139.75,8211,0.0,0.0
2024-12-17 11:50:00-05:00,139.68310546875,139.86000061035156,139.66000366210938,139.66000366210938,12269,0.0,0.0
2024-12-17 11:51:00-05:00,139.76499938964844,139.82000732421875,139.6699981689453,139.7449951171875,5245,0.0,0.0
2024-12-17 11:52:00-05:00,139.74000549316406,139.7635955810547,139.581298828125,139.60499572753906,7773,0.0,0.0
2024-12-17 11:53:00-05:00,139.66000366210938,139.7100067138672,139.5301055908203,139.5500030517578,5131,0.0,0.0
2024-12-17 11:54:00-05:00,139.53500366210938,139.57000732421875,139.41000366210938,139.41000366210938,13597,0.0,0.0
2024-12-17 11:55:00-05:00,139.42129516601562,139.42129516601562,139.2510986328125,139.2899932861328,4321,0.0,0.0
2024-12-17 11:56:00-05:00,139.29029846191406,139.4604034423828,139.27000427246094,139.3800048828125,6514,0.0,0.0
2024-12-17 11:57:00-05:00,139.3800048828125,139.49000549316406,139.3800048828125,139.39999389648438,12112,0.0,0.0
2024-12-17 11:58:00-05:00,139.3300018310547,139.3350067138672,139.29930114746094,139.29930114746094,2615,0.0,0.0
2024-12-17 11:59:00-05:00,139.3699951171875,139.60989379882812,139.3155059814453,139.5,8460,0.0,0.0
2024-12-17 12:00:00-05:00,139.44500732421875,139.44500732421875,139.38999938964844,139.4250030517578,1543,0.0,0.0
2024-12-17 12:01:00-05:00,139.5,139.5,139.19000244140625,139.28500366210938,6548,0.0,0.0
2024-12-17 12:02:00-05:00,139.33999633789062,139.75999450683594,139.31500244140625,139.7100067138672,7361,0.0,0.0
2024-12-17 12:03:00-05:00,139.60000610351562,139.69000244140625,139.60000610351562,139.61000061035156,2389,0.0,0.0
2024-12-17 12:04:00-05:00,139.69000244140625,139.9499969482422,139.61000061035156,139.86000061035156,5286,0.0,0.0
2024-12-17 12:05:00-05:00,139.88499450683594,139.88499450683594,139.7093048095703,139.82000732421875,6117,0.0,0.0
2024-12-17 12:06:00-05:00,139.6699981689453,139.83999633789062,139.63999938964844,139.75999450683594,23807,0.0,0.0
2024-12-17 12:07:00-05:00,139.7899932861328,140.0,139.76370239257812,139.9257049560547,5025,0.0,0.0
2024-12-17 12:08:00-05:00,139.9687957763672,140.36000061035156,139.9687957763672,140.25,3235,0.0,0.0
2024-12-17 12:09:00-05:00,140.14999389648438,140.3300018310547,140.14999389648438,140.3000030517578,7854,0.0,0.0
2024-12-17 12:10:00-05:00,140.3000030517578,140.33380126953125,140.25,140.25999450683594,2885,0.0,0.0
2024-12-17 12:11:00-05:00,140.3000030517578,140.69000244140625,140.3000030517578,140.6199951171875,13041,0.0,0.0
2024-12-17 12:12:00-05:00,140.6199951171875,140.6999969482422,140.4499969482422,140.4499969482422,6268,0.0,0.0
2024-12-17 12:13:00-05:00,140.57000732421875,140.75,140.4871063232422,140.61000061035156,18099,0.0,0.0
2024-12-17 12:14:00-05:00,140.625,140.7899932861328,140.625,140.6905059814453,9051,0.0,0.0
2024-12-17 12:15:00-05:00,140.75,140.89999389648438,140.72000122070312,140.889892578125,10497,0.0,0.0
2024-12-17 12:16:00-05:00,140.88999938964844,140.88999938964844,140.8000030517578,140.88999938964844,3681,0.0,0.0
2024-12-17 12:17:00-05:00,140.85000610351562,141.02000427246094,140.8101043701172,140.99000549316406,13354,0.0,0.0
2024-12-17 12:18:00-05:00,140.94500732421875,141.1999969482422,140.88999938964844,141.10499572753906,8798,0.0,0.0
2024-12-17 12:19:00-05:00,141.125,141.18089294433594,141.02000427246094,141.0500030517578,9697,0.0,0.0
2024-12-17 12:20:00-05:00,141.09500122070312,141.19000244140625,141.09500122070312,141.14390563964844,8774,0.0,0.0
2024-12-17 12:21:00-05:00,141.0800018310547,141.1999969482422,141.0301055908203,141.1199951171875,11912,0.0,0.0
2024-12-17 12:22:00-05:00,141.10000610351562,141.4199981689453,141.10000610351562,141.30250549316406,11590,0.0,0.0
2024-12-17 12:23:00-05:00,141.3249969482422,141.41000366210938,141.1699981689453,141.28500366210938,5459,0.0,0.0
2024-12-17 12:24:00-05:00,141.2510986328125,141.33999633789062,141.1501007080078,141.27000427246094,7147,0.0,0.0
2024-12-17 12:25:00-05:00,141.2740020751953,141.3800048828125,141.1199951171875,141.25999450683594,8013,0.0,0.0
2024-12-17 12:26:00-05:00,141.1999969482422,141.33990478515625,141.1875,141.21249389648438,4931,0.0,0.0
2024-12-17 12:27:00-05:00,141.22500610351562,141.68499755859375,141.18780517578125,141.68499755859375,9554,0.0,0.0
2024-12-17 12:28:00-05:00,141.6699981689453,141.7667999267578,141.60060119628906,141.6999969482422,5370,0.0,0.0
2024-12-17 12:29:00-05:00,141.75999450683594,141.77999877929688,141.69500732421875,141.72000122070312,3860,0.0,0.0
2024-12-17 12:30:00-05:00,141.75999450683594,141.77999877929688,141.67999267578125,141.77000427246094,4387,0.0,0.0
2024-12-17 12:31:00-05:00,141.72500610351562,141.8300018310547,141.69009399414062,141.77999877929688,7776,0.0,0.0
2024-12-17 12:32:00-05:00,141.8300018310547,141.8300018310547,141.7241973876953,141.82000732421875,6356,0.0,0.0
2024-12-17 12:33:00-05:00,141.7100067138672,141.8300018310547,141.7100067138672,141.77000427246094,4655,0.0,0.0
2024-12-17 12:34:00-05:00,141.81570434570312,141.82989501953125,141.67999267578125,141.82000732421875,16615,0.0,0.0
2024-12-17 12:35:00-05:00,141.8300018310547,141.91000366210938,141.75,141.8699951171875,11576,0.0,0.0
2024-12-17 12:36:00-05:00,141.75379943847656,142.27999877929688,141.75379943847656,142.27999877929688,25822,0.0,0.0
2024-12-17 12:37:00-05:00,142.35000610351562,142.41920471191406,142.2384033203125,142.41920471191406,5822,0.0,0.0
2024-12-17 12:38:00-05:00,142.38499450683594,142.52000427246094,142.30999755859375,142.30999755859375,18472,0.0,0.0
2024-12-17 12:39:00-05:00,142.3634033203125,142.48989868164062,142.3634033203125,142.41000366210938,12392,0.0,0.0
2024-12-17 12:40:00-05:00,142.42550659179688,142.42550659179688,142.25010681152344,142.2949981689453,11906,0.0,0.0
2024-12-17 12:41:00-05:00,142.3300018310547,142.33999633789062,142.14320373535156,142.22999572753906,9743,0.0,0.0
2024-12-17 12:42:00-05:00,142.27999877929688,142.3887939453125,142.27999877929688,142.3887939453125,4090,0.0,0.0
2024-12-17 12:43:00-05:00,142.35499572753906,142.47999572753906,142.35499572753906,142.4499969482422,14812,0.0,0.0
2024-12-17 12:44:00-05:00,142.38999938964844,142.44000244140625,142.3300018310547,142.42999267578125,1872,0.0,0.0
2024-12-17 12:45:00-05:00,142.4499969482422,142.5,142.39869689941406,142.5,2968,0.0,0.0
2024-12-17 12:46:00-05:00,142.4250030517578,142.55999755859375,142.41009521484375,142.42999267578125,5151,0.0,0.0
2024-12-17 12:47:00-05:00,142.47500610351562,142.50999450683594,142.35000610351562,142.50999450683594,11050,0.0,0.0
2024-12-17 12:48:00-05:00,142.4550018310547,142.72970581054688,142.4550018310547,142.65499877929688,8465,0.0,0.0
2024-12-17 12:49:00-05:00,142.65499877929688,142.7032012939453,142.60009765625,142.66000366210938,10397,0.0,0.0
2024-12-17 12:50:00-05:00,142.72000122070312,142.72000122070312,142.50999450683594,142.56500244140625,12823,0.0,0.0
2024-12-17 12:51:00-05:00,142.64990234375,142.64990234375,142.0,142.0850067138672,14197,0.0,0.0
2024-12-17 12:52:00-05:00,142.11500549316406,142.1999969482422,141.98019409179688,142.17269897460938,14713,0.0,0.0
2024-12-17 12:53:00-05:00,142.1999969482422,142.3800048828125,142.1999969482422,142.36000061035156,3679,0.0,0.0
2024-12-17 12:54:00-05:00,142.42999267578125,142.44000244140625,142.38999938964844,142.38999938964844,3084,0.0,0.0
2024-12-17 12:55:00-05:00,142.5,142.50999450683594,142.3791961669922,142.43499755859375,8685,0.0,0.0
2024-12-17 12:56:00-05:00,142.3699951171875,142.42250061035156,142.3000030517578,142.36500549316406,3874,0.0,0.0
2024-12-17 12:57:00-05:00,142.36500549316406,142.3961944580078,142.30999755859375,142.30999755859375,3893,0.0,0.0
2024-12-17 12:58:00-05:00,142.4199981689453,142.4199981689453,142.30999755859375,142.38999938964844,2252,0.0,0.0
2024-12-17 12:59:00-05:00,142.34500122070312,142.4199981689453,142.34500122070312,142.37139892578125,2671,0.0,0.0
2024-12-17 13:00:00-05:00,142.36000061035156,142.36000061035156,142.0,142.00999450683594,8969,0.0,0.0
2024-12-17 13:01:00-05:00,142.0,142.1199951171875,141.96499633789062,142.08999633789062,5726,0.0,0.0
2024-12-17 13:02:00-05:00,142.14999389648438,142.30999755859375,142.08999633789062,142.22500610351562,2041,0.0,0.0
2024-12-17 13:03:00-05:00,142.25,142.4199981689453,142.20010375976562,142.4199981689453,3438,0.0,0.0
2024-12-17 13:04:00-05:00,142.4199981689453,142.5,142.3300018310547,142.3300018310547,2595,0.0,0.0
2024-12-17 13:05:00-05:00,142.3800048828125,142.4698944091797,142.2100067138672,142.2100067138672,3495,0.0,0.0
2024-12-17 13:06:00-05:00,142.3498992919922,142.36000061035156,142.23660278320312,142.35499572753906,2475,0.0,0.0
2024-12-17 13:07:00-05:00,142.30499267578125,142.30999755859375,142.05999755859375,142.25,12130,0.0,0.0
2024-12-17 13:08:00-05:00,142.17999267578125,142.24000549316406,142.1300048828125,142.1300048828125,2877,0.0,0.0
2024-12-17 13:09:00-05:00,142.27999877929688,142.4324951171875,142.27999877929688,142.375,2210,0.0,0.0
2024-12-17 13:10:00-05:00,142.39999389648438,142.39999389648438,142.2100067138672,142.2100067138672,2413,0.0,0.0
2024-12-17 13:11:00-05:00,142.35000610351562,142.35000610351562,142.3249969482422,142.3300018310547,951,0.0,0.0
2024-12-17 13:12:00-05:00,142.3437042236328,142.3437042236328,142.3249969482422,142.3249969482422,1631,0.0,0.0
2024-12-17 13:13:00-05:00,142.3350067138672,142.3800048828125,142.21119689941406,142.21119689941406,4561,0.0,0.0
2024-12-17 13:14:00-05:00,142.25,142.25,142.19000244140625,142.24000549316406,3356,0.0,0.0
2024-12-17 13:15:00-05:00,142.19119262695312,142.2346954345703,142.19000244140625,142.19000244140625,3443,0.0,0.0
2024-12-17 13:16:00-05:00,142.1699981689453,142.1699981689453,142.07000732421875,142.1208953857422,3407,0.0,0.0
2024-12-17 13:17:00-05:00,142.0800018310547,142.0821990966797,141.94000244140625,142.0821990966797,5105,0.0,0.0
2024-12-17 13:18:00-05:00,142.02000427246094,142.10000610351562,142.02000427246094,142.10000610351562,1969,0.0,0.0
2024-12-17 13:19:00-05:00,142.10000610351562,142.19000244140625,142.0850067138672,142.19000244140625,4371,0.0,0.0
2024-12-17 13:20:00-05:00,142.0850067138672,142.16940307617188,141.99000549316406,142.05999755859375,7615,0.0,0.0
2024-12-17 13:21:00-05:00,142.0399932861328,142.1300048828125,141.99000549316406,142.1300048828125,7795,0.0,0.0
2024-12-17 13:22:00-05:00,142.11000061035156,142.14999389648438,142.11000061035156,142.14999389648438,2081,0.0,0.0
2024-12-17 13:23:00-05:00,142.08999633789062,142.14999389648438,142.08999633789062,142.11000061035156,5281,0.0,0.0
2024-12-17 13:24:00-05:00,142.14999389648438,142.1999969482422,142.10000610351562,142.1999969482422,3273,0.0,0.0
2024-12-17 13:25:00-05:00,142.19000244140625,142.1999969482422,142.12860107421875,142.1999969482422,1339,0.0,0.0
2024-12-17 13:26:00-05:00,142.1999969482422,142.1999969482422,142.02000427246094,142.02000427246094,3702,0.0,0.0
2024-12-17 13:27:00-05:00,142.11000061035156,142.11000061035156,142.11000061035156,142.11000061035156,336,0.0,0.0
2024-12-17 13:28:00-05:00,142.1699981689453,142.1699981689453,141.6199951171875,141.6999969482422,7494,0.0,0.0
2024-12-17 13:29:00-05:00,141.6999969482422,141.82000732421875,141.6999969482422,141.80999755859375,2635,0.0,0.0
2024-12-17 13:30:00-05:00,141.77999877929688,141.85000610351562,141.6800994873047,141.75,6128,0.0,0.0
2024-12-17 13:31:00-05:00,141.72500610351562,141.7480926513672,141.62750244140625,141.7480926513672,4538,0.0,0.0
2024-12-17 13:32:00-05:00,141.77000427246094,141.94000244140625,141.64999389648438,141.7899932861328,43205,0.0,0.0
2024-12-17 13:33:00-05:00,141.6999969482422,141.889892578125,141.67999267578125,141.75,4440,0.0,0.0
2024-12-17 13:34:00-05:00,141.8249969482422,141.9499969482422,141.8249969482422,141.8513946533203,3142,0.0,0.0
2024-12-17 13:35:00-05:00,141.77999877929688,141.77999877929688,141.6699981689453,141.6699981689453,3083,0.0,0.0
2024-12-17 13:36:00-05:00,141.69000244140625,141.77000427246094,141.69000244140625,141.77000427246094,1770,0.0,0.0
2024-12-17 13:37:00-05:00,141.72000122070312,141.72000122070312,141.69000244140625,141.72000122070312,2634,0.0,0.0
2024-12-17 13:38:00-05:00,141.72000122070312,141.72000122070312,141.66769409179688,141.66769409179688,2026,0.0,0.0
2024-12-17 13:39:00-05:00,141.74000549316406,141.77000427246094,141.63999938964844,141.63999938964844,3297,0.0,0.0
2024-12-17 13:40:00-05:00,141.6750030517578,141.6750030517578,141.60000610351562,141.60000610351562,13185,0.0,0.0
2024-12-17 13:41:00-05:00,141.6427001953125,141.6522979736328,141.60000610351562,141.6522979736328,1755,0.0,0.0
2024-12-17 13:42:00-05:00,141.65499877929688,141.77000427246094,141.62010192871094,141.63999938964844,4748,0.0,0.0
2024-12-17 13:43:00-05:00,141.6999969482422,141.8498992919922,141.67999267578125,141.6999969482422,2633,0.0,0.0
2024-12-17 13:44:00-05:00,141.69000244140625,141.83180236816406,141.68499755859375,141.68499755859375,1637,0.0,0.0
2024-12-17 13:45:00-05:00,141.63499450683594,141.73069763183594,141.63009643554688,141.68499755859375,2560,0.0,0.0
2024-12-17 13:46:00-05:00,141.68499755859375,141.73989868164062,141.68260192871094,141.68499755859375,1352,0.0,0.0
2024-12-17 13:47:00-05:00,141.6300048828125,141.63999938964844,141.55250549316406,141.5749969482422,3907,0.0,0.0
2024-12-17 13:48:00-05:00,141.57000732421875,141.57000732421875,141.47000122070312,141.47500610351562,5777,0.0,0.0
2024-12-17 13:49:00-05:00,141.49000549316406,141.55999755859375,141.4199981689453,141.5399932861328,1574,0.0,0.0
2024-12-17 13:50:00-05:00,141.5,141.57000732421875,141.5,141.5399932861328,9921,0.0,0.0
2024-12-17 13:51:00-05:00,141.5800018310547,141.5800018310547,141.5449981689453,141.5449981689453,1767,0.0,0.0
2024-12-17 13:52:00-05:00,141.5449981689453,141.54750061035156,141.47000122070312,141.47000122070312,7025,0.0,0.0
2024-12-17 13:53:00-05:00,141.52999877929688,141.5399932861328,141.52999877929688,141.5399932861328,1231,0.0,0.0
2024-12-17 13:54:00-05:00,141.5399932861328,141.5399932861328,141.44000244140625,141.4799041748047,2211,0.0,0.0
2024-12-17 13:55:00-05:00,141.52999877929688,141.52999877929688,141.52999877929688,141.52999877929688,435,0.0,0.0
2024-12-17 13:56:00-05:00,141.50999450683594,141.50999450683594,141.44000244140625,141.44000244140625,1120,0.0,0.0
2024-12-17 13:57:00-05:00,141.47999572753906,141.47999572753906,141.360107421875,141.42999267578125,1990,0.0,0.0
2024-12-17 13:58:00-05:00,141.42750549316406,141.42750549316406,141.39419555664062,141.39419555664062,1183,0.0,0.0
2024-12-17 13:59:00-05:00,141.47999572753906,141.47999572753906,141.36000061035156,141.39500427246094,2915,0.0,0.0
2024-12-17 14:00:00-05:00,141.39500427246094,141.4499969482422,141.39500427246094,141.4499969482422,1039,0.0,0.0
2024-12-17 14:01:00-05:00,141.33999633789062,141.38499450683594,141.33999633789062,141.3800048828125,1708,0.0,0.0
2024-12-17 14:02:00-05:00,141.3800048828125,141.3800048828125,141.27999877929688,141.3350067138672,4495,0.0,0.0
2024-12-17 14:03:00-05:00,141.3699951171875,141.3800048828125,141.27999877929688,141.33700561523438,2972,0.0,0.0
2024-12-17 14:04:00-05:00,141.4199981689453,141.83999633789062,141.4149932861328,141.8000030517578,5215,0.0,0.0
2024-12-17 14:05:00-05:00,141.7550048828125,141.7550048828125,141.5800018310547,141.64999389648438,5707,0.0,0.0
2024-12-17 14:06:00-05:00,141.70880126953125,141.70880126953125,141.65499877929688,141.6649932861328,2489,0.0,0.0
2024-12-17 14:07:00-05:00,141.6649932861328,141.83999633789062,141.65699768066406,141.83999633789062,7967,0.0,0.0
2024-12-17 14:08:00-05:00,141.83999633789062,141.83999633789062,141.58999633789062,141.72999572753906,6024,0.0,0.0
2024-12-17 14:09:00-05:00,141.6999969482422,141.8000030517578,141.6999969482422,141.7899932861328,2265,0.0,0.0
2024-12-17 14:10:00-05:00,141.71749877929688,141.82000732421875,141.71749877929688,141.78500366210938,1647,0.0,0.0
2024-12-17 14:11:00-05:00,141.85479736328125,141.8699951171875,141.73060607910156,141.76499938964844,3671,0.0,0.0
2024-12-17 14:12:00-05:00,141.76499938964844,141.97999572753906,141.76499938964844,141.80999755859375,3618,0.0,0.0
2024-12-17 14:13:00-05:00,141.97000122070312,142.0,141.875,141.94000244140625,11725,0.0,0.0
2024-12-17 14:14:00-05:00,141.7899932861328,141.8300018310547,141.67999267578125,141.67999267578125,2961,0.0,0.0
2024-12-17 14:15:00-05:00,141.768798828125,141.8699951171875,141.66000366210938,141.8000030517578,6459,0.0,0.0
2024-12-17 14:16:00-05:00,141.82000732421875,141.83999633789062,141.74569702148438,141.74569702148438,1686,0.0,0.0
2024-12-17 14:17:00-05:00,141.69000244140625,141.83999633789062,141.69000244140625,141.718505859375,2191,0.0,0.0
2024-12-17 14:18:00-05:00,141.77000427246094,141.7899932861328,141.77000427246094,141.77000427246094,1864,0.0,0.0
2024-12-17 14:19:00-05:00,141.83999633789062,141.83999633789062,141.75999450683594,141.83999633789062,1654,0.0,0.0
2024-12-17 14:20:00-05:00,141.6699981689453,141.77999877929688,141.66000366210938,141.71499633789062,7972,0.0,0.0
2024-12-17 14:21:00-05:00,141.71499633789062,141.88999938964844,141.64999389648438,141.8885955810547,21478,0.0,0.0
2024-12-17 14:22:00-05:00,141.89999389648438,141.89999389648438,141.83999633789062,141.83999633789062,2028,0.0,0.0
2024-12-17 14:23:00-05:00,141.85000610351562,141.85000610351562,141.72000122070312,141.74000549316406,4449,0.0,0.0
2024-12-17 14:24:00-05:00,141.74000549316406,141.8000030517578,141.74000549316406,141.8000030517578,8639,0.0,0.0
2024-12-17 14:25:00-05:00,141.7899932861328,141.8000030517578,141.63609313964844,141.7899932861328,2141,0.0,0.0
2024-12-17 14:26:00-05:00,141.7899932861328,141.89999389648438,141.6199951171875,141.69000244140625,19122,0.0,0.0
2024-12-17 14:27:00-05:00,141.69129943847656,141.82000732421875,141.27000427246094,141.80999755859375,26592,0.0,0.0
2024-12-17 14:28:00-05:00,141.82000732421875,141.8699951171875,141.82000732421875,141.8699951171875,2565,0.0,0.0
2024-12-17 14:29:00-05:00,141.71009826660156,141.88999938964844,141.71009826660156,141.76010131835938,3726,0.0,0.0
2024-12-17 14:30:00-05:00,141.8249969482422,141.8249969482422,141.72999572753906,141.72999572753906,1515,0.0,0.0
2024-12-17 14:31:00-05:00,141.72999572753906,141.72999572753906,141.72999572753906,141.72999572753906,1029,0.0,0.0
2024-12-17 14:32:00-05:00,141.77999877929688,141.77999877929688,141.7100067138672,141.77000427246094,1548,0.0,0.0
2024-12-17 14:33:00-05:00,141.85000610351562,141.85000610351562,141.72999572753906,141.72999572753906,1609,0.0,0.0
2024-12-17 14:34:00-05:00,141.67999267578125,141.77999877929688,141.67999267578125,141.77999877929688,1389,0.0,0.0
2024-12-17 14:35:00-05:00,141.72000122070312,141.77999877929688,141.67999267578125,141.7799072265625,1976,0.0,0.0
2024-12-17 14:36:00-05:00,141.6656036376953,141.6656036376953,141.5343017578125,141.5343017578125,3624,0.0,0.0
2024-12-17 14:37:00-05:00,141.6199951171875,141.6199951171875,141.52000427246094,141.52000427246094,1148,0.0,0.0
2024-12-17 14:38:00-05:00,141.52000427246094,141.53500366210938,141.5,141.5,2481,0.0,0.0
2024-12-17 14:39:00-05:00,141.51499938964844,141.75,141.51499938964844,141.72000122070312,4397,0.0,0.0
2024-12-17 14:40:00-05:00,141.68629455566406,141.74000549316406,141.6365966796875,141.6750030517578,1414,0.0,0.0
2024-12-17 14:41:00-05:00,141.6999969482422,141.6999969482422,141.58999633789062,141.63499450683594,2226,0.0,0.0
2024-12-17 14:42:00-05:00,141.63999938964844,141.6999969482422,141.60400390625,141.60549926757812,4073,0.0,0.0
2024-12-17 14:43:00-05:00,141.63999938964844,141.6999969482422,141.44000244140625,141.51499938964844,7319,0.0,0.0
2024-12-17 14:44:00-05:00,141.52000427246094,141.77000427246094,141.52000427246094,141.77000427246094,5222,0.0,0.0
2024-12-17 14:45:00-05:00,141.69000244140625,141.77000427246094,141.69000244140625,141.77000427246094,1268,0.0,0.0
2024-12-17 14:46:00-05:00,141.64999389648438,141.64999389648438,141.52999877929688,141.63999938964844,3598,0.0,0.0
2024-12-17 14:47:00-05:00,141.6999969482422,141.72000122070312,141.66000366210938,141.69000244140625,3980,0.0,0.0
2024-12-17 14:48:00-05:00,141.6999969482422,141.6999969482422,141.6999969482422,141.6999969482422,878,0.0,0.0
2024-12-17 14:49:00-05:00,141.65139770507812,141.8000030517578,141.65139770507812,141.77420043945312,1977,0.0,0.0
2024-12-17 14:50:00-05:00,141.77000427246094,141.88999938964844,141.77000427246094,141.88499450683594,3736,0.0,0.0
2024-12-17 14:51:00-05:00,141.89999389648438,141.9199981689453,141.83120727539062,141.88999938964844,3097,0.0,0.0
2024-12-17 14:52:00-05:00,141.9499969482422,142.0509033203125,141.9499969482422,141.98129272460938,6529,0.0,0.0
2024-12-17 14:53:00-05:00,141.9521942138672,142.0,141.88490295410156,141.9199981689453,2668,0.0,0.0
2024-12-17 14:54:00-05:00,141.97000122070312,142.0491943359375,141.97000122070312,142.0491943359375,4002,0.0,0.0
2024-12-17 14:55:00-05:00,142.07000732421875,142.08990478515625,141.8800048828125,141.97500610351562,7728,0.0,0.0
2024-12-17 14:56:00-05:00,141.88189697265625,141.89700317382812,141.8300018310547,141.86000061035156,9167,0.0,0.0
2024-12-17 14:57:00-05:00,141.83999633789062,141.9425048828125,141.82000732421875,141.93280029296875,20279,0.0,0.0
2024-12-17 14:58:00-05:00,141.89999389648438,142.07000732421875,141.89999389648438,142.07000732421875,5366,0.0,0.0
2024-12-17 14:59:00-05:00,141.96249389648438,142.03500366210938,141.88999938964844,141.9250030517578,2302,0.0,0.0
2024-12-17 15:00:00-05:00,142.0,142.0,141.97000122070312,141.97000122070312,3603,0.0,0.0
2024-12-17 15:01:00-05:00,141.9550018310547,142.0,141.9550018310547,142.0,1000,0.0,0.0
2024-12-17 15:02:00-05:00,142.00999450683594,142.00999450683594,141.9600067138672,141.9600067138672,3230,0.0,0.0
2024-12-17 15:03:00-05:00,141.98150634765625,142.00999450683594,141.98150634765625,142.00999450683594,4165,0.0,0.0
2024-12-17 15:04:00-05:00,141.90499877929688,141.9600067138672,141.77999877929688,141.86000061035156,2775,0.0,0.0
2024-12-17 15:05:00-05:00,141.89999389648438,141.9199981689453,141.75999450683594,141.78500366210938,3545,0.0,0.0
2024-12-17 15:06:00-05:00,141.72999572753906,141.8466033935547,141.64999389648438,141.64999389648438,5366,0.0,0.0
2024-12-17 15:07:00-05:00,141.6199951171875,141.6199951171875,141.5,141.5,4149,0.0,0.0
2024-12-17 15:08:00-05:00,141.56500244140625,141.6999969482422,141.50999450683594,141.64500427246094,4026,0.0,0.0
2024-12-17 15:09:00-05:00,141.64999389648438,141.9499969482422,141.64999389648438,141.9499969482422,5213,0.0,0.0
2024-12-17 15:10:00-05:00,141.79949951171875,141.9199981689453,141.79949951171875,141.89999389648438,2494,0.0,0.0
2024-12-17 15:11:00-05:00,141.90499877929688,141.95989990234375,141.75999450683594,141.7949981689453,3120,0.0,0.0
2024-12-17 15:12:00-05:00,141.78500366210938,141.8000030517578,141.72000122070312,141.8000030517578,4684,0.0,0.0
2024-12-17 15:13:00-05:00,141.74000549316406,141.8199005126953,141.74000549316406,141.7550048828125,2149,0.0,0.0
2024-12-17 15:14:00-05:00,141.75169372558594,141.80999755859375,141.6699981689453,141.80999755859375,3501,0.0,0.0
2024-12-17 15:15:00-05:00,141.79539489746094,141.8300018310547,141.77499389648438,141.8300018310547,3819,0.0,0.0
2024-12-17 15:16:00-05:00,141.77499389648438,141.85000610351562,141.77499389648438,141.81500244140625,2686,0.0,0.0
2024-12-17 15:17:00-05:00,141.8699951171875,141.8699951171875,141.77020263671875,141.86050415039062,907,0.0,0.0
2024-12-17 15:18:00-05:00,141.8699951171875,141.9199981689453,141.8300018310547,141.8699951171875,3577,0.0,0.0
2024-12-17 15:19:00-05:00,141.9199981689453,142.07000732421875,141.9199981689453,142.06500244140625,5026,0.0,0.0
2024-12-17 15:20:00-05:00,142.0,142.16000366210938,141.77000427246094,141.77000427246094,6726,0.0,0.0
2024-12-17 15:21:00-05:00,141.6800994873047,141.87469482421875,141.66000366210938,141.87469482421875,7822,0.0,0.0
2024-12-17 15:22:00-05:00,141.8800048828125,141.8800048828125,141.75799560546875,141.75799560546875,2427,0.0,0.0
2024-12-17 15:23:00-05:00,141.75999450683594,141.7949981689453,141.6999969482422,141.6999969482422,1972,0.0,0.0
2024-12-17 15:24:00-05:00,141.83999633789062,141.83999633789062,141.64999389648438,141.7449951171875,4110,0.0,0.0
2024-12-17 15:25:00-05:00,141.7550048828125,141.77000427246094,141.69000244140625,141.72000122070312,3299,0.0,0.0
2024-12-17 15:26:00-05:00,141.77999877929688,141.8800048828125,141.77999877929688,141.87989807128906,5236,0.0,0.0
2024-12-17 15:27:00-05:00,141.8300018310547,141.99000549316406,141.8300018310547,141.99000549316406,2354,0.0,0.0
2024-12-17 15:28:00-05:00,141.9604034423828,141.9604034423828,141.9604034423828,141.9604034423828,919,0.0,0.0
2024-12-17 15:29:00-05:00,141.94000244140625,142.07000732421875,141.94000244140625,142.07000732421875,5198,0.0,0.0
2024-12-17 15:30:00-05:00,142.17999267578125,142.1999969482422,142.02999877929688,142.16000366210938,13331,0.0,0.0
2024-12-17 15:31:00-05:00,142.14999389648438,142.2899932861328,141.97000122070312,142.0,15898,0.0,0.0
2024-12-17 15:32:00-05:00,142.13999938964844,142.24000549316406,142.07000732421875,142.16000366210938,5467,0.0,0.0
2024-12-17 15:33:00-05:00,142.16000366210938,142.19000244140625,142.08290100097656,142.08290100097656,2653,0.0,0.0
2024-12-17 15:34:00-05:00,142.14999389648438,142.5,142.07000732421875,142.17999267578125,31184,0.0,0.0
2024-12-17 15:35:00-05:00,142.076904296875,142.17999267578125,141.9499969482422,142.05999755859375,14354,0.0,0.0
2024-12-17 15:36:00-05:00,142.13999938964844,142.13999938964844,142.00999450683594,142.13999938964844,4777,0.0,0.0
2024-12-17 15:37:00-05:00,142.1699981689453,142.3000030517578,142.10000610351562,142.3000030517578,7707,0.0,0.0
2024-12-17 15:38:00-05:00,142.28500366210938,142.3699951171875,142.25,142.30999755859375,13158,0.0,0.0
2024-12-17 15:39:00-05:00,142.30999755859375,142.3699951171875,142.22000122070312,142.24749755859375,28269,0.0,0.0
2024-12-17 15:40:00-05:00,142.27499389648438,142.44000244140625,142.27499389648438,142.39500427246094,6701,0.0,0.0
2024-12-17 15:41:00-05:00,142.3800048828125,142.4199981689453,142.2899932861328,142.4199981689453,7251,0.0,0.0
2024-12-17 15:42:00-05:00,142.3800048828125,142.44000244140625,142.27999877929688,142.3350067138672,8025,0.0,0.0
2024-12-17 15:43:00-05:00,142.3350067138672,142.3350067138672,142.10009765625,142.2949981689453,11801,0.0,0.0
2024-12-17 15:44:00-05:00,142.3699951171875,142.5,142.31500244140625,142.4499969482422,11813,0.0,0.0
2024-12-17 15:45:00-05:00,142.4499969482422,142.57000732421875,142.43499755859375,142.52499389648438,6913,0.0,0.0
2024-12-17 15:46:00-05:00,142.52499389648438,142.64210510253906,142.42999267578125,142.5800018310547,19984,0.0,0.0
2024-12-17 15:47:00-05:00,142.5500030517578,142.5800018310547,142.47000122070312,142.52999877929688,9786,0.0,0.0
2024-12-17 15:48:00-05:00,142.52000427246094,142.55999755859375,142.5,142.50999450683594,10055,0.0,0.0
2024-12-17 15:49:00-05:00,142.5399932861328,142.5399932861328,142.4199981689453,142.46499633789062,13565,0.0,0.0
2024-12-17 15:50:00-05:00,142.50999450683594,142.75,142.42999267578125,142.6699981689453,19281,0.0,0.0
2024-12-17 15:51:00-05:00,142.6699981689453,142.86000061035156,142.61000061035156,142.86000061035156,17761,0.0,0.0
2024-12-17 15:52:00-05:00,142.86000061035156,143.10000610351562,142.8300018310547,142.9600067138672,23701,0.0,0.0
2024-12-17 15:53:00-05:00,142.97000122070312,143.10000610351562,142.8699951171875,143.0500030517578,27734,0.0,0.0
2024-12-17 15:54:00-05:00,143.0,143.17999267578125,142.9499969482422,143.1300048828125,45446,0.0,0.0
2024-12-17 15:55:00-05:00,143.08999633789062,143.1300048828125,142.8000030517578,142.93299865722656,46276,0.0,0.0
2024-12-17 15:56:00-05:00,142.88499450683594,143.10000610351562,142.83999633789062,142.9499969482422,38369,0.0,0.0
2024-12-17 15:57:00-05:00,142.9105987548828,143.00999450683594,142.8699951171875,142.99000549316406,25514,0.0,0.0
2024-12-17 15:58:00-05:00,142.96499633789062,143.0,142.8699951171875,142.94000244140625,62099,0.0,0.0
2024-12-17 15:59:00-05:00,142.94000244140625,142.9550018310547,142.77999877929688,142.85000610351562,72408,0.0,0.0
2024-12-17 16:00:00-05:00,142.8,143.22,142.62,142.8,468092,0.0,0.0
2024-12-17 16:01:00-05:00,142.71,142.8,142.6,142.6,0,0.0,0.0
2024-12-17 16:02:00-05:00,142.8,142.8,142.75,142.8,0,0.0,0.0
2024-12-17 16:03:00-05:00,142.71,142.8,142.71,142.78,0,0.0,0.0
2024-12-17 16:04:00-05:00,142.8,142.8,142.6,142.6,0,0.0,0.0
2024-12-17 16:05:00-05:00,142.8,142.8,142.6,142.8,0,0.0,0.0
2024-12-17 16:06:00-05:00,142.44,142.75,142.44,142.75,0,0.0,0.0
2024-12-17 16:07:00-05:00,142.68,142.68,142.68,142.68,0,0.0,0.0
2024-12-17 16:10:00-05:00,142.66,142.66,141.7626,142.39,0,0.0,0.0
2024-12-17 16:11:00-05:00,142.67,142.67,142.33,142.67,0,0.0,0.0
2024-12-17 16:12:00-05:00,142.67,142.68,142.67,142.68,0,0.0,0.0
2024-12-17 16:13:00-05:00,142.7,142.7,142.4,142.4,0,0.0,0.0
2024-12-17 16:14:00-05:00,142.67,142.67,142.67,142.67,0,0.0,0.0
2024-12-17 16:15:00-05:00,142.8,142.8,142.2437,142.2437,0,0.0,0.0
2024-12-17 16:16:00-05:00,142.5,142.5,142.5,142.5,0,0.0,0.0
2024-12-17 16:17:00-05:00,142.5,142.75,142.25,142.25,0,0.0,0.0
2024-12-17 16:18:00-05:00,142.5,142.5,142.31,142.31,0,0.0,0.0
2024-12-17 16:19:00-05:00,142.31,142.75,142.31,142.75,0,0.0,0.0
2024-12-17 16:20:00-05:00,142.8,142.8,142.8,142.8,0,0.0,0.0
2024-12-17 16:21:00-05:00,142.31,142.31,142.31,142.31,0,0.0,0.0
2024-12-17 16:22:00-05:00,142.1,142.31,142.1,142.1,0,0.0,0.0
2024-12-17 16:23:00-05:00,142.31,142.31,142.1,142.1,0,0.0,0.0
2024-12-17 16:24:00-05:00,142.354,142.354,142.354,142.354,0,0.0,0.0
2024-12-17 16:25:00-05:00,142.36,142.36,142.36,142.36,0,0.0,0.0
2024-12-17 16:27:00-05:00,142.68,142.75,142.3157,142.3157,0,0.0,0.0
2024-12-17 16:28:00-05:00,142.5,142.5,142.31,142.31,0,0.0,0.0
2024-12-17 16:29:00-05:00,142.51,142.51,142.5,142.5,0,0.0,0.0
2024-12-17 16:30:00-05:00,142.3142,142.3142,142.3142,142.3142,0,0.0,0.0
2024-12-17 16:31:00-05:00,142.75,142.75,142.75,142.75,0,0.0,0.0
2024-12-17 16:32:00-05:00,142.68,142.68,142.68,142.68,0,0.0,0.0
2024-12-17 16:34:00-05:00,142.47,142.67,142.47,142.67,0,0.0,0.0
2024-12-17 16:35:00-05:00,142.5,142.5,142.5,142.5,0,0.0,0.0
2024-12-17 16:36:00-05:00,142.59,142.59,142.59,142.59,0,0.0,0.0
2024-12-17 16:37:00-05:00,142.7,142.7,142.7,142.7,0,0.0,0.0
2024-12-17 16:40:00-05:00,142.7,142.7,142.7,142.7,0,0.0,0.0
2024-12-17 16:41:00-05:00,142.8,142.8,142.8,142.8,0,0.0,0.0
2024-12-17 16:43:00-05:00,142.32,142.32,142.11,142.11,0,0.0,0.0
2024-12-17 16:44:00-05:00,142.59,142.59,142.11,142.5,0,0.0,0.0
2024-12-17 16:45:00-05:00,142.7,142.7,142.1,142.1,0,0.0,0.0
2024-12-17 16:47:00-05:00,142.46,142.8,142.46,142.8,0,0.0,0.0
2024-12-17 16:48:00-05:00,142.8,142.8,142.8,142.8,0,0.0,0.0
2024-12-17 16:49:00-05:00,142.5,142.5,142.5,142.5,0,0.0,0.0
2024-12-17 16:50:00-05:00,142.8,142.8,142.5,142.5,0,0.0,0.0
2024-12-17 16:51:00-05:00,142.5,142.5,142.5,142.5,0,0.0,0.0
2024-12-17 16:52:00-05:00,142.7,142.7,142.7,142.7,0,0.0,0.0
2024-12-17 16:55:00-05:00,142.6,142.6,142.6,142.6,0,0.0,0.0
2024-12-17 16:56:00-05:00,142.19,142.19,142.19,142.19,0,0.0,0.0
2024-12-17 16:59:00-05:00,142.19,142.19,142.19,142.19,0,0.0,0.0
2024-12-17 17:04:00-05:00,142.6,142.6,142.6,142.6,0,0.0,0.0
2024-12-17 17:05:00-05:00,142.6,142.6,142.6,142.6,0,0.0,0.0
2024-12-17 17:06:00-05:00,142.47,142.48,142.47,142.48,0,0.0,0.0
2024-12-17 17:07:00-05:00,142.21,142.43,142.21,142.43,0,0.0,0.0
2024-12-17 17:11:00-05:00,142.42,142.42,142.42,142.42,0,0.0,0.0
2024-12-17 17:12:00-05:00,142.4,142.41,142.36,142.36,0,0.0,0.0
2024-12-17 17:13:00-05:00,142.48,142.48,142.48,142.48,0,0.0,0.0
2024-12-17 17:14:00-05:00,142.46,142.46,142.46,142.46,0,0.0,0.0
2024-12-17 17:15:00-05:00,142.15,142.47,142.15,142.4,0,0.0,0.0
2024-12-17 17:16:00-05:00,142.15,142.2,142.15,142.2,0,0.0,0.0
2024-12-17 17:18:00-05:00,142.15,142.47,142.15,142.47,0,0.0,0.0
2024-12-17 17:20:00-05:00,142.47,142.47,142.47,142.47,0,0.0,0.0
2024-12-17 17:21:00-05:00,142.37,142.37,142.37,142.37,0,0.0,0.0
2024-12-17 17:24:00-05:00,142.47,142.47,142.47,142.47,0,0.0,0.0
2024-12-17 17:25:00-05:00,142.47,142.47,142.47,142.47,0,0.0,0.0
2024-12-17 17:26:00-05:00,142.47,142.47,142.4686,142.4686,0,0.0,0.0
2024-12-17 17:27:00-05:00,142.47,142.47,142.47,142.47,0,0.0,0.0
2024-12-17 17:30:00-05:00,142.47,142.47,142.42,142.46,0,0.0,0.0
2024-12-17 17:33:00-05:00,142.47,142.47,142.47,142.47,0,0.0,0.0
2024-12-17 17:37:00-05:00,142.45,142.45,142.45,142.45,0,0.0,0.0
2024-12-17 17:40:00-05:00,142.48,142.48,142.48,142.48,0,0.0,0.0
2024-12-17 17:41:00-05:00,142.4,142.48,142.4,142.48,0,0.0,0.0
2024-12-17 17:44:00-05:00,142.47,142.47,142.47,142.47,0,0.0,0.0
2024-12-17 17:47:00-05:00,142.45,142.45,142.45,142.45,0,0.0,0.0
2024-12-17 17:49:00-05:00,142.45,142.45,142.45,142.45,0,0.0,0.0
2024-12-17 17:53:00-05:00,142.4,142.4001,142.4,142.4001,0,0.0,0.0
2024-12-17 17:54:00-05:00,142.44,142.44,142.44,142.44,0,0.0,0.0
2024-12-17 17:57:00-05:00,142.45,142.45,142.45,142.45,0,0.0,0.0
2024-12-17 18:01:00-05:00,142.15,142.35,142.15,142.3,0,0.0,0.0
2024-12-17 18:02:00-05:00,142.13,142.14,142.13,142.14,0,0.0,0.0
2024-12-17 18:03:00-05:00,142.1,142.1,142.0,142.0,0,0.0,0.0
2024-12-17 18:04:00-05:00,142.0,142.0,142.0,142.0,0,0.0,0.0
2024-12-17 18:06:00-05:00,142.11,142.11,142.0,142.0,0,0.0,0.0
2024-12-17 18:08:00-05:00,142.1,142.1,142.1,142.1,0,0.0,0.0
2024-12-17 18:09:00-05:00,142.094,142.094,142.094,142.094,0,0.0,0.0
2024-12-17 18:15:00-05:00,142.12,142.12,142.12,142.12,0,0.0,0.0
2024-12-17 18:16:00-05:00,142.12,142.12,142.12,142.12,0,0.0,0.0
2024-12-17 18:18:00-05:00,141.86,141.86,141.86,141.86,0,0.0,0.0
2024-12-17 18:19:00-05:00,142.12,142.12,142.12,142.12,0,0.0,0.0
2024-12-17 18:20:00-05:00,142.21,142.21,142.21,142.21,0,0.0,0.0
2024-12-17 18:21:00-05:00,142.21,142.21,142.21,142.21,0,0.0,0.0
2024-12-17 18:22:00-05:00,142.21,142.21,142.21,142.21,0,0.0,0.0
2024-12-17 18:23:00-05:00,142.45,142.45,142.45,142.45,0,0.0,0.0
2024-12-17 18:30:00-05:00,142.45,142.45,142.45,142.45,0,0.0,0.0
2024-12-17 18:35:00-05:00,142.23,142.48,142.23,142.48,0,0.0,0.0
2024-12-17 18:37:00-05:00,142.22,142.22,142.22,142.22,0,0.0,0.0
2024-12-17 18:40:00-05:00,142.22,142.22,142.22,142.22,0,0.0,0.0
2024-12-17 18:42:00-05:00,142.48,142.48,142.48,142.48,0,0.0,0.0
2024-12-17 18:44:00-05:00,142.48,142.48,142.48,142.48,0,0.0,0.0
2024-12-17 18:45:00-05:00,142.2,142.2,142.2,142.2,0,0.0,0.0
2024-12-17 18:46:00-05:00,142.48,142.68,142.48,142.68,0,0.0,0.0
2024-12-17 18:48:00-05:00,142.67,142.67,142.67,142.67,0,0.0,0.0
2024-12-17 18:49:00-05:00,142.51,142.51,142.5,142.5,0,0.0,0.0
2024-12-17 18:55:00-05:00,142.5,142.5,142.5,142.5,0,0.0,0.0
2024-12-17 18:56:00-05:00,142.5,142.5,142.47,142.47,0,0.0,0.0
2024-12-17 18:57:00-05:00,142.44,142.44,142.44,142.44,0,0.0,0.0
2024-12-17 18:59:00-05:00,142.4,142.4,142.4,142.4,0,0.0,0.0
2024-12-17 19:00:00-05:00,142.35,142.35,142.35,142.35,0,0.0,0.0
2024-12-17 19:03:00-05:00,142.5,142.5,142.5,142.5,0,0.0,0.0
2024-12-17 19:04:00-05:00,142.5,142.5,142.5,142.5,0,0.0,0.0
2024-12-17 19:05:00-05:00,142.5,142.5,142.5,142.5,0,0.0,0.0
2024-12-17 19:06:00-05:00,142.2206,142.5,142.2206,142.5,0,0.0,0.0
2024-12-17 19:10:00-05:00,142.67,142.67,142.67,142.67,0,0.0,0.0
2024-12-17 19:11:00-05:00,142.68,142.68,142.68,142.68,0,0.0,0.0
2024-12-17 19:13:00-05:00,142.69,142.7,142.69,142.69,0,0.0,0.0
2024-12-17 19:15:00-05:00,142.7,142.7,142.7,142.7,0,0.0,0.0
2024-12-17 19:17:00-05:00,142.68,142.7,142.68,142.7,0,0.0,0.0
2024-12-17 19:18:00-05:00,142.61,142.69,142.6,142.6,0,0.0,0.0
2024-12-17 19:19:00-05:00,142.68,142.68,142.68,142.68,0,0.0,0.0
2024-12-17 19:20:00-05:00,142.67,142.67,142.67,142.67,0,0.0,0.0
2024-12-17 19:21:00-05:00,142.4,142.7,142.4,142.7,0,0.0,0.0
2024-12-17 19:23:00-05:00,142.6,142.7,142.51,142.7,0,0.0,0.0
2024-12-17 19:24:00-05:00,142.61,142.61,142.61,142.61,0,0.0,0.0
2024-12-17 19:25:00-05:00,142.7,142.71,142.7,142.71,0,0.0,0.0
2024-12-17 19:26:00-05:00,142.7,142.7,142.7,142.7,0,0.0,0.0
2024-12-17 19:27:00-05:00,142.62,142.74,142.62,142.74,0,0.0,0.0
2024-12-17 19:28:00-05:00,142.73,142.74,142.73,142.74,0,0.0,0.0
2024-12-17 19:29:00-05:00,142.74,142.74,142.74,142.74,0,0.0,0.0
2024-12-17 19:30:00-05:00,142.65,142.73,142.65,142.73,0,0.0,0.0
2024-12-17 19:31:00-05:00,142.6486,142.65,142.62,142.6484,0,0.0,0.0
2024-12-17 19:33:00-05:00,142.71,142.71,142.7,142.7,0,0.0,0.0
2024-12-17 19:34:00-05:00,142.75,142.75,142.75,142.75,0,0.0,0.0
2024-12-17 19:35:00-05:00,142.75,142.75,142.75,142.75,0,0.0,0.0
2024-12-17 19:40:00-05:00,142.7499,142.7499,142.7499,142.7499,0,0.0,0.0
2024-12-17 19:41:00-05:00,142.75,142.75,142.75,142.75,0,0.0,0.0
2024-12-17 19:42:00-05:00,142.75,142.75,142.75,142.75,0,0.0,0.0
2024-12-17 19:44:00-05:00,142.99,142.99,142.99,142.99,0,0.0,0.0
2024-12-17 19:45:00-05:00,142.99,142.99,142.9899,142.9899,0,0.0,0.0
2024-12-17 19:46:00-05:00,142.81,142.95,142.81,142.95,0,0.0,0.0
2024-12-17 19:47:00-05:00,142.81,142.81,142.8,142.8,0,0.0,0.0
2024-12-17 19:49:00-05:00,142.81,142.81,142.81,142.81,0,0.0,0.0
2024-12-17 19:51:00-05:00,142.89,142.9,142.89,142.9,0,0.0,0.0
2024-12-17 19:52:00-05:00,142.9,142.9,142.9,142.9,0,0.0,0.0
2024-12-17 19:54:00-05:00,142.9,142.9,142.9,142.9,0,0.0,0.0
2024-12-17 19:58:58-05:00,142.53,142.53,142.53,142.53,0,0.0,0.0
