time,Open,High,Low,Close,Volume,Dividends,Stock Splits
2024-12-10 04:01:00-05:00,139.5,139.5,139.5,139.5,0,0.0,0.0
2024-12-10 04:06:00-05:00,139.32,139.32,139.32,139.32,0,0.0,0.0
2024-12-10 04:09:00-05:00,139.0,139.0,139.0,139.0,0,0.0,0.0
2024-12-10 04:10:00-05:00,138.53,138.53,138.3,138.3,0,0.0,0.0
2024-12-10 04:11:00-05:00,138.24,138.24,138.19,138.19,0,0.0,0.0
2024-12-10 04:12:00-05:00,138.16,138.38,138.16,138.38,0,0.0,0.0
2024-12-10 04:13:00-05:00,138.4,138.62,138.4,138.62,0,0.0,0.0
2024-12-10 04:15:00-05:00,138.94,138.94,138.94,138.94,0,0.0,0.0
2024-12-10 04:18:00-05:00,138.68,138.68,138.68,138.68,0,0.0,0.0
2024-12-10 04:20:00-05:00,138.65,138.65,138.65,138.65,0,0.0,0.0
2024-12-10 04:56:00-05:00,138.97,138.97,138.97,138.97,0,0.0,0.0
2024-12-10 05:20:00-05:00,138.73,139.0,138.73,139.0,0,0.0,0.0
2024-12-10 06:00:00-05:00,139.0,139.0,139.0,139.0,0,0.0,0.0
2024-12-10 06:05:00-05:00,139.1,139.1,139.1,139.1,0,0.0,0.0
2024-12-10 06:06:00-05:00,139.09,139.09,139.09,139.09,0,0.0,0.0
2024-12-10 06:11:00-05:00,139.15,139.15,139.15,139.15,0,0.0,0.0
2024-12-10 06:17:00-05:00,139.0,139.0,139.0,139.0,0,0.0,0.0
2024-12-10 06:19:00-05:00,139.02,139.02,139.02,139.02,0,0.0,0.0
2024-12-10 06:23:00-05:00,139.17,139.17,139.17,139.17,0,0.0,0.0
2024-12-10 06:30:00-05:00,139.18,139.18,139.18,139.18,0,0.0,0.0
2024-12-10 06:32:00-05:00,139.18,139.18,139.18,139.18,0,0.0,0.0
2024-12-10 06:36:00-05:00,139.25,139.25,139.25,139.25,0,0.0,0.0
2024-12-10 06:37:00-05:00,139.25,139.25,139.25,139.25,0,0.0,0.0
2024-12-10 06:44:00-05:00,139.26,139.26,139.26,139.26,0,0.0,0.0
2024-12-10 06:45:00-05:00,139.17,139.17,139.17,139.17,0,0.0,0.0
2024-12-10 06:46:00-05:00,139.1,139.1,138.85,138.85,0,0.0,0.0
2024-12-10 06:50:00-05:00,138.86,138.86,138.86,138.86,0,0.0,0.0
2024-12-10 07:00:00-05:00,138.8,138.8,138.8,138.8,0,0.0,0.0
2024-12-10 07:05:00-05:00,138.68,138.68,138.68,138.68,0,0.0,0.0
2024-12-10 07:07:00-05:00,138.61,138.61,138.61,138.61,0,0.0,0.0
2024-12-10 07:11:00-05:00,138.61,138.68,138.61,138.68,0,0.0,0.0
2024-12-10 07:14:00-05:00,138.57,138.57,138.57,138.57,0,0.0,0.0
2024-12-10 07:15:00-05:00,138.68,138.81,138.68,138.81,0,0.0,0.0
2024-12-10 07:19:00-05:00,138.86,138.86,138.86,138.86,0,0.0,0.0
2024-12-10 07:25:00-05:00,139.0,139.03,139.0,139.0,0,0.0,0.0
2024-12-10 07:30:00-05:00,139.01,139.01,139.01,139.01,0,0.0,0.0
2024-12-10 07:39:00-05:00,139.17,139.17,139.17,139.17,0,0.0,0.0
2024-12-10 07:40:00-05:00,139.05,139.05,139.05,139.05,0,0.0,0.0
2024-12-10 07:42:00-05:00,139.05,139.05,139.05,139.05,0,0.0,0.0
2024-12-10 07:43:00-05:00,139.05,139.05,139.05,139.05,0,0.0,0.0
2024-12-10 07:44:00-05:00,139.2,139.2,139.2,139.2,0,0.0,0.0
2024-12-10 07:47:00-05:00,139.1,139.1,139.1,139.1,0,0.0,0.0
2024-12-10 07:50:00-05:00,139.17,139.17,139.1,139.1,0,0.0,0.0
2024-12-10 07:52:00-05:00,139.1,139.1,139.1,139.1,0,0.0,0.0
2024-12-10 07:53:00-05:00,139.16,139.16,139.13,139.13,0,0.0,0.0
2024-12-10 07:54:00-05:00,139.19,139.2,139.19,139.2,0,0.0,0.0
2024-12-10 07:59:00-05:00,139.15,139.15,139.15,139.15,0,0.0,0.0
2024-12-10 08:00:00-05:00,138.57,139.25,138.41,139.2499,0,0.0,0.0
2024-12-10 08:01:00-05:00,139.044,139.56,138.85,139.56,0,0.0,0.0
2024-12-10 08:02:00-05:00,139.15,139.15,139.15,139.15,0,0.0,0.0
2024-12-10 08:05:00-05:00,139.64,139.64,139.24,139.24,0,0.0,0.0
2024-12-10 08:07:00-05:00,139.25,139.35,139.25,139.35,0,0.0,0.0
2024-12-10 08:12:00-05:00,139.11,139.11,139.1,139.11,0,0.0,0.0
2024-12-10 08:13:00-05:00,139.11,139.5,139.11,139.5,0,0.0,0.0
2024-12-10 08:14:00-05:00,139.1,139.291,139.1,139.291,0,0.0,0.0
2024-12-10 08:17:00-05:00,139.4,139.4,139.4,139.4,0,0.0,0.0
2024-12-10 08:21:00-05:00,139.49,139.49,139.49,139.49,0,0.0,0.0
2024-12-10 08:22:00-05:00,139.05,139.06,139.05,139.06,0,0.0,0.0
2024-12-10 08:23:00-05:00,139.05,139.05,139.05,139.05,0,0.0,0.0
2024-12-10 08:25:00-05:00,139.25,139.28,139.1333,139.28,0,0.0,0.0
2024-12-10 08:26:00-05:00,139.06,139.06,139.06,139.06,0,0.0,0.0
2024-12-10 08:28:00-05:00,139.0625,139.0625,139.0625,139.0625,0,0.0,0.0
2024-12-10 08:29:00-05:00,139.11,139.11,139.11,139.11,0,0.0,0.0
2024-12-10 08:30:00-05:00,139.23,139.23,139.05,139.05,0,0.0,0.0
2024-12-10 08:32:00-05:00,139.27,139.28,139.27,139.28,0,0.0,0.0
2024-12-10 08:39:00-05:00,139.3,139.3,139.3,139.3,0,0.0,0.0
2024-12-10 08:41:00-05:00,139.3,139.3,139.3,139.3,0,0.0,0.0
2024-12-10 08:42:00-05:00,139.3,139.3,139.3,139.3,0,0.0,0.0
2024-12-10 08:44:00-05:00,139.3,139.3,139.3,139.3,0,0.0,0.0
2024-12-10 08:46:00-05:00,139.076,139.3,139.076,139.3,0,0.0,0.0
2024-12-10 08:48:00-05:00,139.2,139.2,139.2,139.2,0,0.0,0.0
2024-12-10 08:49:00-05:00,139.05,139.05,139.05,139.05,0,0.0,0.0
2024-12-10 08:50:00-05:00,139.11,139.11,139.11,139.11,0,0.0,0.0
2024-12-10 08:51:00-05:00,139.11,139.11,139.11,139.11,0,0.0,0.0
2024-12-10 08:52:00-05:00,139.11,139.11,139.11,139.11,0,0.0,0.0
2024-12-10 08:53:00-05:00,139.11,139.11,139.11,139.11,0,0.0,0.0
2024-12-10 08:54:00-05:00,139.5,139.5,139.5,139.5,0,0.0,0.0
2024-12-10 08:55:00-05:00,139.12,139.2,139.12,139.2,0,0.0,0.0
2024-12-10 08:56:00-05:00,139.11,139.2,139.11,139.2,0,0.0,0.0
2024-12-10 08:57:00-05:00,139.12,139.12,139.12,139.12,0,0.0,0.0
2024-12-10 08:58:00-05:00,139.2,139.2,139.12,139.12,0,0.0,0.0
2024-12-10 08:59:00-05:00,139.12,139.12,139.12,139.12,0,0.0,0.0
2024-12-10 09:01:00-05:00,139.3,139.3,139.17,139.17,0,0.0,0.0
2024-12-10 09:02:00-05:00,139.14,139.14,139.07,139.07,0,0.0,0.0
2024-12-10 09:04:00-05:00,139.17,139.17,139.17,139.17,0,0.0,0.0
2024-12-10 09:06:00-05:00,139.05,139.06,139.05,139.06,0,0.0,0.0
2024-12-10 09:07:00-05:00,139.05,139.06,139.05,139.06,0,0.0,0.0
2024-12-10 09:08:00-05:00,139.06,139.07,139.0517,139.06,0,0.0,0.0
2024-12-10 09:09:00-05:00,139.13,139.13,139.13,139.13,0,0.0,0.0
2024-12-10 09:11:00-05:00,139.13,139.13,139.13,139.13,0,0.0,0.0
2024-12-10 09:12:00-05:00,139.15,139.1981,139.13,139.1314,0,0.0,0.0
2024-12-10 09:14:00-05:00,139.29,139.29,139.0,139.0,0,0.0,0.0
2024-12-10 09:16:00-05:00,139.15,139.15,139.15,139.15,0,0.0,0.0
2024-12-10 09:19:00-05:00,139.13,139.29,139.13,139.29,0,0.0,0.0
2024-12-10 09:20:00-05:00,139.0,139.0,139.0,139.0,0,0.0,0.0
2024-12-10 09:21:00-05:00,139.2,139.35,139.2,139.35,0,0.0,0.0
2024-12-10 09:22:00-05:00,139.24,139.25,139.24,139.25,0,0.0,0.0
2024-12-10 09:23:00-05:00,139.35,139.5,139.35,139.39,0,0.0,0.0
2024-12-10 09:24:00-05:00,139.39,139.4,139.39,139.4,0,0.0,0.0
2024-12-10 09:25:00-05:00,139.3,139.3,139.0159,139.0159,0,0.0,0.0
2024-12-10 09:27:00-05:00,139.0,139.0,138.8,138.8,0,0.0,0.0
2024-12-10 09:28:00-05:00,139.13,139.13,139.13,139.13,0,0.0,0.0
2024-12-10 09:30:00-05:00,139.0,139.60000610351562,138.89999389648438,139.39990234375,92199,0.0,0.0
2024-12-10 09:31:00-05:00,138.91000366210938,139.1999053955078,138.50070190429688,139.1999053955078,18352,0.0,0.0
2024-12-10 09:32:00-05:00,138.7100067138672,140.39999389648438,138.67759704589844,140.30999755859375,40963,0.0,0.0
2024-12-10 09:33:00-05:00,140.44000244140625,140.55999755859375,139.81570434570312,139.82000732421875,10538,0.0,0.0
2024-12-10 09:34:00-05:00,139.99000549316406,140.05999755859375,139.6501007080078,139.76170349121094,20682,0.0,0.0
2024-12-10 09:35:00-05:00,139.64999389648438,139.75,139.25999450683594,139.25999450683594,6987,0.0,0.0
2024-12-10 09:36:00-05:00,139.3000030517578,139.8699951171875,139.25999450683594,139.68499755859375,12931,0.0,0.0
2024-12-10 09:37:00-05:00,139.83999633789062,139.89999389648438,139.5,139.82000732421875,6663,0.0,0.0
2024-12-10 09:38:00-05:00,139.8300018310547,139.9600067138672,139.61410522460938,139.6300048828125,5758,0.0,0.0
2024-12-10 09:39:00-05:00,139.77999877929688,140.07000732421875,139.77659606933594,139.9741973876953,17254,0.0,0.0
2024-12-10 09:40:00-05:00,140.0,140.3800048828125,140.0,140.11500549316406,10668,0.0,0.0
2024-12-10 09:41:00-05:00,140.20989990234375,140.2899932861328,140.14999389648438,140.14999389648438,6844,0.0,0.0
2024-12-10 09:42:00-05:00,140.19189453125,140.30999755859375,140.11289978027344,140.1199951171875,8575,0.0,0.0
2024-12-10 09:43:00-05:00,140.0,140.14990234375,139.8054962158203,139.89999389648438,8228,0.0,0.0
2024-12-10 09:44:00-05:00,140.1300048828125,140.24969482421875,139.89999389648438,140.1300048828125,8619,0.0,0.0
2024-12-10 09:45:00-05:00,140.11500549316406,140.49000549316406,140.08770751953125,140.3000030517578,16466,0.0,0.0
2024-12-10 09:46:00-05:00,139.97000122070312,140.41000366210938,139.97000122070312,140.36000061035156,7919,0.0,0.0
2024-12-10 09:47:00-05:00,140.39999389648438,140.39999389648438,140.10000610351562,140.1300048828125,7971,0.0,0.0
2024-12-10 09:48:00-05:00,140.10000610351562,140.2899932861328,140.0200958251953,140.10000610351562,5452,0.0,0.0
2024-12-10 09:49:00-05:00,140.02000427246094,140.05499267578125,139.63699340820312,139.77999877929688,13623,0.0,0.0
2024-12-10 09:50:00-05:00,139.58999633789062,139.74000549316406,139.3800048828125,139.71499633789062,7926,0.0,0.0
2024-12-10 09:51:00-05:00,139.71499633789062,139.75999450683594,139.5,139.5,6327,0.0,0.0
2024-12-10 09:52:00-05:00,139.41000366210938,139.6199951171875,139.35560607910156,139.4499969482422,8316,0.0,0.0
2024-12-10 09:53:00-05:00,139.22999572753906,139.32000732421875,139.14500427246094,139.2899932861328,8613,0.0,0.0
2024-12-10 09:54:00-05:00,139.32000732421875,139.32000732421875,138.91000366210938,138.9530029296875,6333,0.0,0.0
2024-12-10 09:55:00-05:00,138.85000610351562,138.91000366210938,138.6999969482422,138.8249969482422,3331,0.0,0.0
2024-12-10 09:56:00-05:00,138.7899932861328,138.8000030517578,138.64999389648438,138.6739959716797,4881,0.0,0.0
2024-12-10 09:57:00-05:00,138.66000366210938,138.77859497070312,138.58999633789062,138.60000610351562,10605,0.0,0.0
2024-12-10 09:58:00-05:00,138.6083984375,138.61000061035156,138.27000427246094,138.39999389648438,15390,0.0,0.0
2024-12-10 09:59:00-05:00,138.25010681152344,138.78990173339844,138.25010681152344,138.63999938964844,5471,0.0,0.0
2024-12-10 10:00:00-05:00,138.85000610351562,138.8502960205078,138.69000244140625,138.85000610351562,8769,0.0,0.0
2024-12-10 10:01:00-05:00,138.8000030517578,139.10000610351562,138.6999969482422,139.10000610351562,5800,0.0,0.0
2024-12-10 10:02:00-05:00,139.03250122070312,139.36000061035156,139.02000427246094,139.23500061035156,5962,0.0,0.0
2024-12-10 10:03:00-05:00,139.19439697265625,139.1999969482422,139.10000610351562,139.14999389648438,8019,0.0,0.0
2024-12-10 10:04:00-05:00,139.125,139.50999450683594,139.125,139.50999450683594,6743,0.0,0.0
2024-12-10 10:05:00-05:00,139.60899353027344,140.0,139.55499267578125,140.0,8827,0.0,0.0
2024-12-10 10:06:00-05:00,140.0,140.16000366210938,139.83009338378906,140.16000366210938,12902,0.0,0.0
2024-12-10 10:07:00-05:00,140.1999969482422,140.44529724121094,140.1999969482422,140.39999389648438,14309,0.0,0.0
2024-12-10 10:08:00-05:00,140.39500427246094,140.6999969482422,140.30999755859375,140.6999969482422,22335,0.0,0.0
2024-12-10 10:09:00-05:00,140.52999877929688,140.63999938964844,140.3887939453125,140.4001007080078,13107,0.0,0.0
2024-12-10 10:10:00-05:00,140.41000366210938,140.69000244140625,140.35000610351562,140.35000610351562,11910,0.0,0.0
2024-12-10 10:11:00-05:00,140.35000610351562,140.44000244140625,140.35000610351562,140.3979034423828,3958,0.0,0.0
2024-12-10 10:12:00-05:00,140.33999633789062,140.4499969482422,140.23019409179688,140.31500244140625,18158,0.0,0.0
2024-12-10 10:13:00-05:00,140.31500244140625,140.52000427246094,140.28509521484375,140.52000427246094,11627,0.0,0.0
2024-12-10 10:14:00-05:00,140.5500030517578,140.6999969482422,140.44149780273438,140.63999938964844,14790,0.0,0.0
2024-12-10 10:15:00-05:00,140.64999389648438,140.65499877929688,140.29409790039062,140.41000366210938,5491,0.0,0.0
2024-12-10 10:16:00-05:00,140.35000610351562,140.42999267578125,140.27999877929688,140.36000061035156,5033,0.0,0.0
2024-12-10 10:17:00-05:00,140.1947021484375,140.3350067138672,140.10000610351562,140.10000610351562,2807,0.0,0.0
2024-12-10 10:18:00-05:00,140.22000122070312,140.3300018310547,140.1011962890625,140.14999389648438,3683,0.0,0.0
2024-12-10 10:19:00-05:00,140.11000061035156,140.1199951171875,140.0,140.1199951171875,2815,0.0,0.0
2024-12-10 10:20:00-05:00,140.07000732421875,140.07000732421875,139.8300018310547,139.9199981689453,7262,0.0,0.0
2024-12-10 10:21:00-05:00,139.94500732421875,140.0500030517578,139.74319458007812,139.89999389648438,8638,0.0,0.0
2024-12-10 10:22:00-05:00,140.02999877929688,140.22999572753906,140.02999877929688,140.1699981689453,8044,0.0,0.0
2024-12-10 10:23:00-05:00,140.14999389648438,140.50999450683594,140.05999755859375,140.39500427246094,10726,0.0,0.0
2024-12-10 10:24:00-05:00,140.38999938964844,140.39500427246094,140.27850341796875,140.27999877929688,2787,0.0,0.0
2024-12-10 10:25:00-05:00,140.35499572753906,140.44000244140625,140.18350219726562,140.25,9562,0.0,0.0
2024-12-10 10:26:00-05:00,140.17999267578125,140.1999969482422,140.13999938964844,140.13999938964844,2543,0.0,0.0
2024-12-10 10:27:00-05:00,140.10000610351562,140.1300048828125,140.0308074951172,140.1300048828125,2293,0.0,0.0
2024-12-10 10:28:00-05:00,140.10499572753906,140.10499572753906,139.89999389648438,139.89999389648438,5432,0.0,0.0
2024-12-10 10:29:00-05:00,140.03500366210938,140.0399932861328,139.85000610351562,139.85000610351562,3979,0.0,0.0
2024-12-10 10:30:00-05:00,139.79440307617188,139.79440307617188,139.51170349121094,139.61000061035156,10690,0.0,0.0
2024-12-10 10:31:00-05:00,139.65499877929688,140.07000732421875,139.64999389648438,140.0,7416,0.0,0.0
2024-12-10 10:32:00-05:00,140.0,140.0,139.81300354003906,139.81300354003906,3920,0.0,0.0
2024-12-10 10:33:00-05:00,139.85499572753906,139.86000061035156,139.77499389648438,139.77499389648438,2673,0.0,0.0
2024-12-10 10:34:00-05:00,139.81500244140625,140.3498992919922,139.81500244140625,140.2899932861328,5992,0.0,0.0
2024-12-10 10:35:00-05:00,140.22230529785156,140.22999572753906,139.93739318847656,140.11500549316406,5245,0.0,0.0
2024-12-10 10:36:00-05:00,139.9600067138672,140.0,139.91000366210938,140.0,5035,0.0,0.0
2024-12-10 10:37:00-05:00,139.96359252929688,140.08999633789062,139.9300994873047,140.08970642089844,5195,0.0,0.0
2024-12-10 10:38:00-05:00,140.10000610351562,140.3000030517578,140.10000610351562,140.2449951171875,8084,0.0,0.0
2024-12-10 10:39:00-05:00,140.19000244140625,140.25,140.08999633789062,140.10000610351562,3890,0.0,0.0
2024-12-10 10:40:00-05:00,140.05999755859375,140.11000061035156,139.94000244140625,139.94000244140625,4742,0.0,0.0
2024-12-10 10:41:00-05:00,139.97000122070312,140.00999450683594,139.85000610351562,139.85000610351562,3332,0.0,0.0
2024-12-10 10:42:00-05:00,139.74000549316406,139.9250030517578,139.74000549316406,139.9250030517578,3334,0.0,0.0
2024-12-10 10:43:00-05:00,139.89999389648438,140.08999633789062,139.89999389648438,140.08880615234375,3516,0.0,0.0
2024-12-10 10:44:00-05:00,140.10499572753906,140.2100067138672,139.9149932861328,139.9149932861328,4789,0.0,0.0
2024-12-10 10:45:00-05:00,139.9149932861328,140.08999633789062,139.8699951171875,140.0800018310547,4634,0.0,0.0
2024-12-10 10:46:00-05:00,140.02499389648438,140.02499389648438,139.63999938964844,139.63999938964844,4639,0.0,0.0
2024-12-10 10:47:00-05:00,139.64500427246094,139.64500427246094,139.3699951171875,139.4600067138672,8876,0.0,0.0
2024-12-10 10:48:00-05:00,139.4600067138672,139.52000427246094,139.38059997558594,139.514892578125,4835,0.0,0.0
2024-12-10 10:49:00-05:00,139.49000549316406,139.5,139.49000549316406,139.49139404296875,1474,0.0,0.0
2024-12-10 10:50:00-05:00,139.47000122070312,139.52000427246094,139.24000549316406,139.24000549316406,3006,0.0,0.0
2024-12-10 10:51:00-05:00,139.30999755859375,139.30999755859375,139.1999969482422,139.1999969482422,2486,0.0,0.0
2024-12-10 10:52:00-05:00,139.11129760742188,139.11129760742188,138.81199645996094,138.8699951171875,13961,0.0,0.0
2024-12-10 10:53:00-05:00,138.90040588378906,138.99989318847656,138.8699951171875,138.94000244140625,2362,0.0,0.0
2024-12-10 10:54:00-05:00,139.02999877929688,139.02999877929688,138.8300018310547,138.88499450683594,4457,0.0,0.0
2024-12-10 10:55:00-05:00,138.8800048828125,138.92999267578125,138.72999572753906,138.72999572753906,9994,0.0,0.0
2024-12-10 10:56:00-05:00,138.8300018310547,139.0,138.82730102539062,138.8800048828125,10589,0.0,0.0
2024-12-10 10:57:00-05:00,138.77000427246094,138.9199981689453,138.77000427246094,138.85000610351562,3047,0.0,0.0
2024-12-10 10:58:00-05:00,138.75999450683594,138.75999450683594,138.61000061035156,138.61000061035156,3540,0.0,0.0
2024-12-10 10:59:00-05:00,138.7050018310547,138.99000549316406,138.7050018310547,138.99000549316406,8106,0.0,0.0
2024-12-10 11:00:00-05:00,138.97000122070312,138.97000122070312,138.75,138.75,9420,0.0,0.0
2024-12-10 11:01:00-05:00,138.75,138.83990478515625,138.6999969482422,138.73500061035156,4796,0.0,0.0
2024-12-10 11:02:00-05:00,138.63009643554688,138.94000244140625,138.63009643554688,138.75999450683594,5842,0.0,0.0
2024-12-10 11:03:00-05:00,138.8800048828125,139.02999877929688,138.8800048828125,139.02999877929688,3837,0.0,0.0
2024-12-10 11:04:00-05:00,138.97500610351562,138.97500610351562,138.77999877929688,138.88999938964844,7540,0.0,0.0
2024-12-10 11:05:00-05:00,138.75,138.82000732421875,138.7449951171875,138.82000732421875,7771,0.0,0.0
2024-12-10 11:06:00-05:00,138.72000122070312,138.72000122070312,138.5,138.57000732421875,9182,0.0,0.0
2024-12-10 11:07:00-05:00,138.60000610351562,138.6199951171875,138.3800048828125,138.4499969482422,9770,0.0,0.0
2024-12-10 11:08:00-05:00,138.4949951171875,138.5,138.1999969482422,138.32550048828125,10802,0.0,0.0
2024-12-10 11:09:00-05:00,138.25,138.26499938964844,138.0500030517578,138.0500030517578,7583,0.0,0.0
2024-12-10 11:10:00-05:00,138.1300048828125,138.1300048828125,137.69000244140625,137.88499450683594,21754,0.0,0.0
2024-12-10 11:11:00-05:00,137.89999389648438,137.92999267578125,137.75010681152344,137.77110290527344,6543,0.0,0.0
2024-12-10 11:12:00-05:00,137.94000244140625,138.0800018310547,137.92840576171875,138.07000732421875,7188,0.0,0.0
2024-12-10 11:15:00-05:00,138.32000732421875,138.50999450683594,138.25999450683594,138.27999877929688,23767,0.0,0.0
2024-12-10 11:16:00-05:00,138.27000427246094,138.39999389648438,138.19000244140625,138.34500122070312,13549,0.0,0.0
2024-12-10 11:17:00-05:00,138.30999755859375,138.64999389648438,138.30999755859375,138.51010131835938,4881,0.0,0.0
2024-12-10 11:18:00-05:00,138.5749969482422,138.97000122070312,138.5749969482422,138.97000122070312,8796,0.0,0.0
2024-12-10 11:19:00-05:00,138.82400512695312,139.13999938964844,138.82400512695312,138.9700927734375,11718,0.0,0.0
2024-12-10 11:20:00-05:00,139.0850067138672,139.1699981689453,139.00999450683594,139.1688995361328,7085,0.0,0.0
2024-12-10 11:21:00-05:00,139.08999633789062,139.16000366210938,138.97999572753906,139.13499450683594,7123,0.0,0.0
2024-12-10 11:22:00-05:00,139.22000122070312,139.25,139.07000732421875,139.19000244140625,6754,0.0,0.0
2024-12-10 11:23:00-05:00,139.22000122070312,139.27000427246094,139.1999969482422,139.2698974609375,1646,0.0,0.0
2024-12-10 11:24:00-05:00,139.27000427246094,139.27000427246094,139.1199951171875,139.125,6299,0.0,0.0
2024-12-10 11:25:00-05:00,139.10000610351562,139.10000610351562,138.94000244140625,138.97999572753906,3720,0.0,0.0
2024-12-10 11:26:00-05:00,139.02000427246094,139.02000427246094,138.7899932861328,138.89999389648438,3426,0.0,0.0
2024-12-10 11:27:00-05:00,138.8300018310547,138.9600067138672,138.42999267578125,138.42999267578125,13222,0.0,0.0
2024-12-10 11:28:00-05:00,138.2899932861328,138.3800048828125,138.12899780273438,138.3800048828125,6006,0.0,0.0
2024-12-10 11:29:00-05:00,138.30999755859375,138.4600067138672,138.11000061035156,138.2646026611328,13443,0.0,0.0
2024-12-10 11:30:00-05:00,138.1699981689453,138.2299041748047,138.09339904785156,138.2299041748047,2640,0.0,0.0
2024-12-10 11:31:00-05:00,138.1875,138.27000427246094,138.125,138.2100067138672,9822,0.0,0.0
2024-12-10 11:32:00-05:00,138.1300048828125,138.16000366210938,137.968994140625,138.08999633789062,8615,0.0,0.0
2024-12-10 11:33:00-05:00,138.0850067138672,138.1300048828125,138.00999450683594,138.05039978027344,2858,0.0,0.0
2024-12-10 11:34:00-05:00,138.0800018310547,138.11000061035156,137.8968048095703,138.0,5999,0.0,0.0
2024-12-10 11:35:00-05:00,138.00830078125,138.27000427246094,137.9886016845703,138.22500610351562,9432,0.0,0.0
2024-12-10 11:36:00-05:00,138.33999633789062,138.36880493164062,137.8800048828125,137.91000366210938,7620,0.0,0.0
2024-12-10 11:37:00-05:00,137.9145965576172,137.9145965576172,137.47000122070312,137.47999572753906,10203,0.0,0.0
2024-12-10 11:38:00-05:00,137.57000732421875,137.60000610351562,137.57000732421875,137.60000610351562,7078,0.0,0.0
2024-12-10 11:39:00-05:00,137.5800018310547,137.7100067138672,137.44000244140625,137.44000244140625,4379,0.0,0.0
2024-12-10 11:40:00-05:00,137.5,137.52000427246094,137.4499969482422,137.5050048828125,2676,0.0,0.0
2024-12-10 11:41:00-05:00,137.60000610351562,137.66160583496094,137.5,137.66160583496094,9618,0.0,0.0
2024-12-10 11:42:00-05:00,137.61000061035156,137.72999572753906,137.61000061035156,137.61000061035156,3947,0.0,0.0
2024-12-10 11:43:00-05:00,137.58999633789062,137.63999938964844,137.4976043701172,137.61000061035156,11634,0.0,0.0
2024-12-10 11:44:00-05:00,137.59500122070312,137.625,137.57000732421875,137.625,2702,0.0,0.0
2024-12-10 11:45:00-05:00,137.6199951171875,137.82000732421875,137.6199951171875,137.80999755859375,5579,0.0,0.0
2024-12-10 11:46:00-05:00,137.69009399414062,137.74000549316406,137.60000610351562,137.70989990234375,17696,0.0,0.0
2024-12-10 11:47:00-05:00,137.57000732421875,137.61000061035156,137.2751007080078,137.3300018310547,17866,0.0,0.0
2024-12-10 11:48:00-05:00,137.30999755859375,137.30999755859375,136.9199981689453,137.13499450683594,24872,0.0,0.0
2024-12-10 11:49:00-05:00,137.11000061035156,137.33999633789062,137.11000061035156,137.30999755859375,5904,0.0,0.0
2024-12-10 11:50:00-05:00,137.21539306640625,137.30999755859375,137.05999755859375,137.07940673828125,5396,0.0,0.0
2024-12-10 11:51:00-05:00,137.22999572753906,137.50999450683594,137.19000244140625,137.50999450683594,9130,0.0,0.0
2024-12-10 11:52:00-05:00,137.41000366210938,137.6300048828125,137.38999938964844,137.50999450683594,5634,0.0,0.0
2024-12-10 11:53:00-05:00,137.4499969482422,137.5500030517578,137.41000366210938,137.41000366210938,9023,0.0,0.0
2024-12-10 11:54:00-05:00,137.37989807128906,137.37989807128906,137.2100067138672,137.2100067138672,961,0.0,0.0
2024-12-10 11:55:00-05:00,137.24000549316406,137.3800048828125,137.11000061035156,137.36000061035156,7154,0.0,0.0
2024-12-10 11:56:00-05:00,137.31370544433594,137.63999938964844,137.31370544433594,137.47210693359375,6880,0.0,0.0
2024-12-10 11:57:00-05:00,137.66000366210938,137.66000366210938,137.38999938964844,137.41189575195312,4120,0.0,0.0
2024-12-10 11:58:00-05:00,137.58999633789062,137.82000732421875,137.58999633789062,137.82000732421875,4321,0.0,0.0
2024-12-10 11:59:00-05:00,137.85000610351562,137.92999267578125,137.69000244140625,137.88999938964844,5061,0.0,0.0
2024-12-10 12:00:00-05:00,137.82000732421875,137.82000732421875,137.61000061035156,137.6300048828125,5204,0.0,0.0
2024-12-10 12:01:00-05:00,137.66000366210938,137.6699981689453,137.66000366210938,137.66000366210938,734,0.0,0.0
2024-12-10 12:02:00-05:00,137.58999633789062,137.77000427246094,137.58999633789062,137.77000427246094,3051,0.0,0.0
2024-12-10 12:03:00-05:00,137.8300018310547,138.00999450683594,137.7801055908203,138.0,4090,0.0,0.0
2024-12-10 12:04:00-05:00,138.08999633789062,138.13999938964844,138.0,138.13999938964844,5018,0.0,0.0
2024-12-10 12:05:00-05:00,138.0500030517578,138.13999938964844,137.9499969482422,137.98500061035156,2875,0.0,0.0
2024-12-10 12:06:00-05:00,137.98500061035156,137.98500061035156,137.802001953125,137.802001953125,4324,0.0,0.0
2024-12-10 12:07:00-05:00,137.80250549316406,138.00999450683594,137.80250549316406,138.00390625,3377,0.0,0.0
2024-12-10 12:08:00-05:00,137.99000549316406,138.00999450683594,137.89999389648438,137.89999389648438,1426,0.0,0.0
2024-12-10 12:09:00-05:00,137.9949951171875,137.9949951171875,137.8000030517578,137.8000030517578,4256,0.0,0.0
2024-12-10 12:10:00-05:00,137.8300018310547,137.85499572753906,137.7696990966797,137.85499572753906,2755,0.0,0.0
2024-12-10 12:11:00-05:00,137.9199981689453,137.9600067138672,137.9199981689453,137.9600067138672,2404,0.0,0.0
2024-12-10 12:12:00-05:00,137.89999389648438,137.9499969482422,137.80140686035156,137.80140686035156,27345,0.0,0.0
2024-12-10 12:13:00-05:00,137.8300018310547,137.8300018310547,137.6699981689453,137.8000030517578,3042,0.0,0.0
2024-12-10 12:14:00-05:00,137.77999877929688,137.7902069091797,137.7100067138672,137.7100067138672,3146,0.0,0.0
2024-12-10 12:15:00-05:00,137.7449951171875,137.75,137.7449951171875,137.75,616,0.0,0.0
2024-12-10 12:16:00-05:00,137.7550048828125,137.76499938964844,137.6999969482422,137.72000122070312,2798,0.0,0.0
2024-12-10 12:17:00-05:00,137.72999572753906,137.72999572753906,137.6313018798828,137.6313018798828,3738,0.0,0.0
2024-12-10 12:18:00-05:00,137.75,137.7949981689453,137.75,137.77999877929688,2512,0.0,0.0
2024-12-10 12:19:00-05:00,137.7100067138672,137.80099487304688,137.7100067138672,137.8000030517578,1522,0.0,0.0
2024-12-10 12:20:00-05:00,137.80999755859375,138.1300048828125,137.80999755859375,138.02000427246094,6395,0.0,0.0
2024-12-10 12:21:00-05:00,138.06759643554688,138.22000122070312,138.0,138.1699981689453,6199,0.0,0.0
2024-12-10 12:22:00-05:00,138.2050018310547,138.3800048828125,138.2050018310547,138.3800048828125,5430,0.0,0.0
2024-12-10 12:23:00-05:00,138.5,138.5,138.3800048828125,138.3800048828125,3842,0.0,0.0
2024-12-10 12:24:00-05:00,138.389892578125,138.47000122070312,138.38009643554688,138.38009643554688,2761,0.0,0.0
2024-12-10 12:25:00-05:00,138.48989868164062,138.6999969482422,138.4075927734375,138.65499877929688,9044,0.0,0.0
2024-12-10 12:26:00-05:00,138.6179962158203,138.75,138.6179962158203,138.75,4479,0.0,0.0
2024-12-10 12:27:00-05:00,138.75999450683594,138.75999450683594,138.67010498046875,138.6802978515625,2323,0.0,0.0
2024-12-10 12:28:00-05:00,138.8000030517578,138.86000061035156,138.67010498046875,138.71470642089844,10695,0.0,0.0
2024-12-10 12:29:00-05:00,138.72999572753906,138.72999572753906,138.5500030517578,138.6300048828125,4146,0.0,0.0
2024-12-10 12:30:00-05:00,138.55999755859375,138.75999450683594,138.55999755859375,138.75999450683594,3250,0.0,0.0
2024-12-10 12:31:00-05:00,138.781005859375,138.86000061035156,138.6999969482422,138.86000061035156,1736,0.0,0.0
2024-12-10 12:32:00-05:00,138.85000610351562,138.8800048828125,138.78880310058594,138.86000061035156,3303,0.0,0.0
2024-12-10 12:33:00-05:00,138.86500549316406,138.89999389648438,138.8000030517578,138.8314971923828,2620,0.0,0.0
2024-12-10 12:34:00-05:00,138.8800048828125,139.0,138.8800048828125,139.0,4666,0.0,0.0
2024-12-10 12:35:00-05:00,138.9949951171875,139.02499389648438,138.7899932861328,138.8249969482422,5002,0.0,0.0
2024-12-10 12:36:00-05:00,138.7198028564453,138.77999877929688,138.71279907226562,138.77999877929688,1915,0.0,0.0
2024-12-10 12:37:00-05:00,138.72999572753906,138.88999938964844,138.70050048828125,138.84500122070312,4760,0.0,0.0
2024-12-10 12:38:00-05:00,138.74000549316406,138.74000549316406,138.66000366210938,138.66000366210938,1340,0.0,0.0
2024-12-10 12:40:00-05:00,138.52999877929688,138.5449981689453,138.44000244140625,138.44000244140625,2741,0.0,0.0
2024-12-10 12:41:00-05:00,138.51499938964844,138.51499938964844,138.4835968017578,138.5050048828125,823,0.0,0.0
2024-12-10 12:42:00-05:00,138.60000610351562,138.60000610351562,138.5,138.5,916,0.0,0.0
2024-12-10 12:43:00-05:00,138.47999572753906,138.47999572753906,138.3000030517578,138.3000030517578,3085,0.0,0.0
2024-12-10 12:44:00-05:00,138.35000610351562,138.35000610351562,138.15139770507812,138.3000030517578,1345,0.0,0.0
2024-12-10 12:46:00-05:00,138.4250030517578,138.44070434570312,138.25,138.25,7356,0.0,0.0
2024-12-10 12:47:00-05:00,138.22999572753906,138.36000061035156,138.22999572753906,138.36000061035156,1109,0.0,0.0
2024-12-10 12:48:00-05:00,138.46099853515625,138.49000549316406,138.28329467773438,138.28329467773438,1916,0.0,0.0
2024-12-10 12:49:00-05:00,138.28550720214844,138.36000061035156,138.25999450683594,138.27499389648438,1385,0.0,0.0
2024-12-10 12:50:00-05:00,138.32000732421875,138.32000732421875,138.2550048828125,138.25999450683594,1373,0.0,0.0
2024-12-10 12:51:00-05:00,138.32000732421875,138.32000732421875,138.1699981689453,138.24949645996094,2594,0.0,0.0
2024-12-10 12:52:00-05:00,138.060302734375,138.2100067138672,138.0399932861328,138.0399932861328,2870,0.0,0.0
2024-12-10 12:53:00-05:00,138.15170288085938,138.15170288085938,138.01719665527344,138.07000732421875,2153,0.0,0.0
2024-12-10 12:54:00-05:00,138.0198974609375,138.11000061035156,138.0131072998047,138.0800018310547,1556,0.0,0.0
2024-12-10 12:55:00-05:00,138.0,138.17999267578125,138.0,138.17999267578125,2962,0.0,0.0
2024-12-10 12:56:00-05:00,138.11000061035156,138.1885986328125,138.04249572753906,138.10499572753906,1038,0.0,0.0
2024-12-10 12:57:00-05:00,138.10000610351562,138.1750030517578,138.0989990234375,138.1750030517578,1527,0.0,0.0
2024-12-10 12:58:00-05:00,138.14999389648438,138.17999267578125,138.11000061035156,138.1300048828125,3901,0.0,0.0
2024-12-10 12:59:00-05:00,138.02999877929688,138.0800018310547,138.02999877929688,138.0800018310547,1673,0.0,0.0
2024-12-10 13:00:00-05:00,138.01849365234375,138.01849365234375,138.01010131835938,138.01010131835938,13044,0.0,0.0
2024-12-10 13:01:00-05:00,138.17999267578125,138.17999267578125,138.00999450683594,138.00999450683594,2727,0.0,0.0
2024-12-10 13:02:00-05:00,138.11000061035156,138.1199951171875,138.00999450683594,138.01499938964844,2082,0.0,0.0
2024-12-10 13:03:00-05:00,138.00999450683594,138.02000427246094,137.97999572753906,137.98219299316406,1777,0.0,0.0
2024-12-10 13:04:00-05:00,138.02000427246094,138.02000427246094,138.02000427246094,138.02000427246094,1389,0.0,0.0
2024-12-10 13:05:00-05:00,138.02499389648438,138.10000610351562,137.96319580078125,138.10000610351562,1508,0.0,0.0
2024-12-10 13:06:00-05:00,138.0,138.0500030517578,137.9600067138672,138.02999877929688,1944,0.0,0.0
2024-12-10 13:07:00-05:00,137.9600067138672,138.00999450683594,137.85000610351562,137.89999389648438,7280,0.0,0.0
2024-12-10 13:08:00-05:00,137.8634033203125,137.92999267578125,137.69000244140625,137.72999572753906,2347,0.0,0.0
2024-12-10 13:09:00-05:00,137.73500061035156,137.8300018310547,137.6300048828125,137.6300048828125,3746,0.0,0.0
2024-12-10 13:10:00-05:00,137.5399932861328,137.5850067138672,137.48330688476562,137.51499938964844,3517,0.0,0.0
2024-12-10 13:11:00-05:00,137.4199981689453,137.4499969482422,137.3300018310547,137.38499450683594,7717,0.0,0.0
2024-12-10 13:12:00-05:00,137.39999389648438,137.59750366210938,137.39999389648438,137.59750366210938,6184,0.0,0.0
2024-12-10 13:13:00-05:00,137.5850067138672,137.6699981689453,137.52139282226562,137.63999938964844,2951,0.0,0.0
2024-12-10 13:14:00-05:00,137.59500122070312,137.63999938964844,137.38999938964844,137.53500366210938,9576,0.0,0.0
2024-12-10 13:15:00-05:00,137.52000427246094,137.52000427246094,137.39999389648438,137.50399780273438,2328,0.0,0.0
2024-12-10 13:16:00-05:00,137.5500030517578,137.72000122070312,137.5399932861328,137.72000122070312,5498,0.0,0.0
2024-12-10 13:17:00-05:00,137.82000732421875,137.82000732421875,137.82000732421875,137.82000732421875,479,0.0,0.0
2024-12-10 13:18:00-05:00,137.85000610351562,137.85000610351562,137.85000610351562,137.85000610351562,1365,0.0,0.0
2024-12-10 13:19:00-05:00,137.88999938964844,137.88999938964844,137.8762969970703,137.88999938964844,963,0.0,0.0
2024-12-10 13:20:00-05:00,137.82000732421875,137.85499572753906,137.80999755859375,137.85499572753906,1895,0.0,0.0
2024-12-10 13:21:00-05:00,137.94000244140625,137.99000549316406,137.86019897460938,137.89999389648438,6124,0.0,0.0
2024-12-10 13:22:00-05:00,137.89999389648438,137.9250030517578,137.89999389648438,137.9250030517578,1922,0.0,0.0
2024-12-10 13:24:00-05:00,137.86000061035156,137.89999389648438,137.86000061035156,137.86000061035156,1465,0.0,0.0
2024-12-10 13:25:00-05:00,137.8300018310547,137.9698944091797,137.7899932861328,137.9698944091797,2662,0.0,0.0
2024-12-10 13:26:00-05:00,137.86500549316406,137.8697052001953,137.83949279785156,137.8697052001953,1032,0.0,0.0
2024-12-10 13:27:00-05:00,137.86000061035156,137.86000061035156,137.86000061035156,137.86000061035156,566,0.0,0.0
2024-12-10 13:28:00-05:00,137.88900756835938,137.88900756835938,137.8800048828125,137.88499450683594,1312,0.0,0.0
2024-12-10 13:29:00-05:00,137.8596954345703,137.94000244140625,137.8596954345703,137.94000244140625,1700,0.0,0.0
2024-12-10 13:30:00-05:00,137.93499755859375,137.97500610351562,137.91200256347656,137.91200256347656,2374,0.0,0.0
2024-12-10 13:31:00-05:00,138.00999450683594,138.00999450683594,137.9001007080078,137.9001007080078,678,0.0,0.0
2024-12-10 13:32:00-05:00,137.97500610351562,137.97500610351562,137.91000366210938,137.94000244140625,1419,0.0,0.0
2024-12-10 13:33:00-05:00,138.00999450683594,138.04989624023438,137.97000122070312,138.0399932861328,1840,0.0,0.0
2024-12-10 13:34:00-05:00,138.05999755859375,138.07000732421875,137.97000122070312,137.97000122070312,4438,0.0,0.0
2024-12-10 13:35:00-05:00,137.99000549316406,138.0500030517578,137.9199981689453,137.9199981689453,3424,0.0,0.0
2024-12-10 13:36:00-05:00,137.95030212402344,137.95030212402344,137.95030212402344,137.95030212402344,174,0.0,0.0
2024-12-10 13:37:00-05:00,137.9199981689453,137.97500610351562,137.89999389648438,137.89999389648438,2634,0.0,0.0
2024-12-10 13:38:00-05:00,137.84339904785156,137.9611053466797,137.84339904785156,137.9611053466797,1161,0.0,0.0
2024-12-10 13:39:00-05:00,137.8300018310547,137.8300018310547,137.8300018310547,137.8300018310547,931,0.0,0.0
2024-12-10 13:40:00-05:00,137.7899932861328,137.85000610351562,137.72999572753906,137.74000549316406,2421,0.0,0.0
2024-12-10 13:41:00-05:00,137.72000122070312,137.835205078125,137.72000122070312,137.80589294433594,2618,0.0,0.0
2024-12-10 13:42:00-05:00,137.75,137.77499389648438,137.75,137.77499389648438,1357,0.0,0.0
2024-12-10 13:43:00-05:00,137.80999755859375,137.80999755859375,137.80999755859375,137.80999755859375,1064,0.0,0.0
2024-12-10 13:44:00-05:00,137.7550048828125,137.7550048828125,137.7550048828125,137.7550048828125,715,0.0,0.0
2024-12-10 13:45:00-05:00,137.7100067138672,137.7274932861328,137.67999267578125,137.7274932861328,1339,0.0,0.0
2024-12-10 13:46:00-05:00,137.72999572753906,137.75999450683594,137.6916046142578,137.69850158691406,1211,0.0,0.0
2024-12-10 13:47:00-05:00,137.7698974609375,137.7698974609375,137.7698974609375,137.7698974609375,770,0.0,0.0
2024-12-10 13:48:00-05:00,137.8000030517578,137.80999755859375,137.781005859375,137.8070068359375,2834,0.0,0.0
2024-12-10 13:49:00-05:00,137.86000061035156,137.86000061035156,137.79330444335938,137.79769897460938,1537,0.0,0.0
2024-12-10 13:50:00-05:00,137.78750610351562,137.78750610351562,137.74000549316406,137.75750732421875,1466,0.0,0.0
2024-12-10 13:51:00-05:00,137.75999450683594,137.75999450683594,137.61000061035156,137.61000061035156,3155,0.0,0.0
2024-12-10 13:52:00-05:00,137.6300048828125,137.69500732421875,137.6300048828125,137.66000366210938,2216,0.0,0.0
2024-12-10 13:53:00-05:00,137.6199951171875,137.6999969482422,137.6199951171875,137.6999969482422,2474,0.0,0.0
2024-12-10 13:54:00-05:00,137.64999389648438,137.64999389648438,137.64999389648438,137.64999389648438,912,0.0,0.0
2024-12-10 13:55:00-05:00,137.64999389648438,137.6699981689453,137.6199951171875,137.6699981689453,2395,0.0,0.0
2024-12-10 13:56:00-05:00,137.6300048828125,137.66000366210938,137.57000732421875,137.6199951171875,2174,0.0,0.0
2024-12-10 13:57:00-05:00,137.57000732421875,137.57000732421875,137.57000732421875,137.57000732421875,1528,0.0,0.0
2024-12-10 13:58:00-05:00,137.5749969482422,137.5850067138672,137.5500030517578,137.5850067138672,1294,0.0,0.0
2024-12-10 13:59:00-05:00,137.58999633789062,137.58999633789062,137.58999633789062,137.58999633789062,1829,0.0,0.0
2024-12-10 14:00:00-05:00,137.60000610351562,137.60000610351562,137.5,137.50999450683594,3508,0.0,0.0
2024-12-10 14:01:00-05:00,137.57000732421875,137.60000610351562,137.57000732421875,137.60000610351562,981,0.0,0.0
2024-12-10 14:02:00-05:00,137.52999877929688,137.5800018310547,137.50999450683594,137.5800018310547,2369,0.0,0.0
2024-12-10 14:03:00-05:00,137.6699981689453,137.74000549316406,137.6699981689453,137.6699981689453,1952,0.0,0.0
2024-12-10 14:04:00-05:00,137.63999938964844,137.72999572753906,137.6300048828125,137.6300048828125,1458,0.0,0.0
2024-12-10 14:05:00-05:00,137.6699981689453,137.77999877929688,137.6699981689453,137.75259399414062,1888,0.0,0.0
2024-12-10 14:06:00-05:00,137.67999267578125,137.67999267578125,137.64999389648438,137.64999389648438,1878,0.0,0.0
2024-12-10 14:07:00-05:00,137.64999389648438,137.64999389648438,137.5800018310547,137.60000610351562,2262,0.0,0.0
2024-12-10 14:08:00-05:00,137.60000610351562,137.69000244140625,137.60000610351562,137.6699981689453,1811,0.0,0.0
2024-12-10 14:09:00-05:00,137.6699981689453,137.6750030517578,137.63999938964844,137.6699981689453,1645,0.0,0.0
2024-12-10 14:10:00-05:00,137.6649932861328,137.6649932861328,137.5847930908203,137.5847930908203,1376,0.0,0.0
2024-12-10 14:11:00-05:00,137.61000061035156,137.63499450683594,137.57000732421875,137.5749969482422,1840,0.0,0.0
2024-12-10 14:12:00-05:00,137.6199951171875,137.63499450683594,137.52999877929688,137.52999877929688,10049,0.0,0.0
2024-12-10 14:13:00-05:00,137.55999755859375,137.59500122070312,137.5399932861328,137.59500122070312,2497,0.0,0.0
2024-12-10 14:14:00-05:00,137.59500122070312,137.62530517578125,137.5800018310547,137.5850067138672,1771,0.0,0.0
2024-12-10 14:15:00-05:00,137.5850067138672,137.5850067138672,137.5,137.5,2751,0.0,0.0
2024-12-10 14:16:00-05:00,137.50999450683594,137.58999633789062,137.50999450683594,137.58999633789062,1864,0.0,0.0
2024-12-10 14:17:00-05:00,137.5500030517578,137.7100067138672,137.5500030517578,137.7100067138672,2931,0.0,0.0
2024-12-10 14:18:00-05:00,137.77999877929688,137.77999877929688,137.6999969482422,137.72999572753906,2507,0.0,0.0
2024-12-10 14:19:00-05:00,137.75,137.77999877929688,137.75,137.77999877929688,1290,0.0,0.0
2024-12-10 14:20:00-05:00,137.82000732421875,137.82000732421875,137.82000732421875,137.82000732421875,288,0.0,0.0
2024-12-10 14:21:00-05:00,137.8000030517578,137.91000366210938,137.8000030517578,137.86500549316406,1778,0.0,0.0
2024-12-10 14:22:00-05:00,137.86500549316406,137.90989685058594,137.80999755859375,137.80999755859375,1986,0.0,0.0
2024-12-10 14:23:00-05:00,137.83999633789062,137.83999633789062,137.83999633789062,137.83999633789062,857,0.0,0.0
2024-12-10 14:24:00-05:00,137.83999633789062,137.889892578125,137.7899932861328,137.889892578125,2353,0.0,0.0
2024-12-10 14:25:00-05:00,137.8350067138672,137.91000366210938,137.8350067138672,137.91000366210938,2687,0.0,0.0
2024-12-10 14:26:00-05:00,137.89999389648438,137.89999389648438,137.83999633789062,137.89999389648438,2026,0.0,0.0
2024-12-10 14:27:00-05:00,137.8300018310547,137.84500122070312,137.7449951171875,137.7449951171875,1512,0.0,0.0
2024-12-10 14:28:00-05:00,137.7550048828125,137.7550048828125,137.7550048828125,137.7550048828125,801,0.0,0.0
2024-12-10 14:29:00-05:00,137.75999450683594,137.82000732421875,137.75999450683594,137.82000732421875,1411,0.0,0.0
2024-12-10 14:30:00-05:00,137.77999877929688,137.77999877929688,137.7451934814453,137.7451934814453,1466,0.0,0.0
2024-12-10 14:31:00-05:00,137.72500610351562,137.72500610351562,137.72500610351562,137.72500610351562,1259,0.0,0.0
2024-12-10 14:32:00-05:00,137.67999267578125,137.70730590820312,137.66000366210938,137.66000366210938,1664,0.0,0.0
2024-12-10 14:33:00-05:00,137.66000366210938,137.66000366210938,137.66000366210938,137.66000366210938,2732,0.0,0.0
2024-12-10 14:34:00-05:00,137.55999755859375,137.61000061035156,137.50990295410156,137.61000061035156,2001,0.0,0.0
2024-12-10 14:35:00-05:00,137.52000427246094,137.55999755859375,137.52000427246094,137.5355987548828,1709,0.0,0.0
2024-12-10 14:36:00-05:00,137.4600067138672,137.53050231933594,137.4600067138672,137.47999572753906,1786,0.0,0.0
2024-12-10 14:37:00-05:00,137.49530029296875,137.49530029296875,137.3699951171875,137.4199981689453,3628,0.0,0.0
2024-12-10 14:38:00-05:00,137.44500732421875,137.49000549316406,137.4199981689453,137.47999572753906,2929,0.0,0.0
2024-12-10 14:39:00-05:00,137.47000122070312,137.57989501953125,137.47000122070312,137.52000427246094,1023,0.0,0.0
2024-12-10 14:40:00-05:00,137.47999572753906,137.47999572753906,137.47999572753906,137.47999572753906,1501,0.0,0.0
2024-12-10 14:41:00-05:00,137.4550018310547,137.52000427246094,137.44000244140625,137.52000427246094,2449,0.0,0.0
2024-12-10 14:42:00-05:00,137.60000610351562,137.65139770507812,137.58999633789062,137.625,3764,0.0,0.0
2024-12-10 14:43:00-05:00,137.625,137.6699981689453,137.6199951171875,137.65499877929688,3315,0.0,0.0
2024-12-10 14:44:00-05:00,137.66000366210938,137.6750030517578,137.64999389648438,137.64999389648438,3150,0.0,0.0
2024-12-10 14:45:00-05:00,137.5800018310547,137.61000061035156,137.5800018310547,137.61000061035156,1306,0.0,0.0
2024-12-10 14:46:00-05:00,137.58999633789062,137.61500549316406,137.4600067138672,137.4600067138672,2935,0.0,0.0
2024-12-10 14:47:00-05:00,137.4600067138672,137.4600067138672,137.38999938964844,137.38999938964844,2447,0.0,0.0
2024-12-10 14:48:00-05:00,137.33999633789062,137.33999633789062,137.19000244140625,137.19000244140625,1904,0.0,0.0
2024-12-10 14:49:00-05:00,137.23500061035156,137.23500061035156,137.19009399414062,137.1999969482422,3056,0.0,0.0
2024-12-10 14:50:00-05:00,137.19000244140625,137.19000244140625,136.93919372558594,136.96890258789062,13814,0.0,0.0
2024-12-10 14:51:00-05:00,137.0,137.15370178222656,136.9600067138672,137.14999389648438,6539,0.0,0.0
2024-12-10 14:52:00-05:00,137.14999389648438,137.14999389648438,137.0399932861328,137.0399932861328,1352,0.0,0.0
2024-12-10 14:53:00-05:00,137.1199951171875,137.1199951171875,137.00999450683594,137.07000732421875,4300,0.0,0.0
2024-12-10 14:54:00-05:00,136.99639892578125,137.0500030517578,136.99639892578125,137.00999450683594,2728,0.0,0.0
2024-12-10 14:55:00-05:00,137.05499267578125,137.05999755859375,137.0399932861328,137.0399932861328,1392,0.0,0.0
2024-12-10 14:56:00-05:00,137.05999755859375,137.05999755859375,136.9600067138672,137.02000427246094,3797,0.0,0.0
2024-12-10 14:57:00-05:00,137.02499389648438,137.02499389648438,136.98280334472656,137.0,3534,0.0,0.0
2024-12-10 14:58:00-05:00,136.97999572753906,137.01499938964844,136.89999389648438,136.9499969482422,5093,0.0,0.0
2024-12-10 14:59:00-05:00,136.99000549316406,137.02999877929688,136.9700927734375,136.99000549316406,3839,0.0,0.0
2024-12-10 15:00:00-05:00,137.0,137.0,136.91000366210938,136.93499755859375,4096,0.0,0.0
2024-12-10 15:01:00-05:00,136.881103515625,136.9250030517578,136.75999450683594,136.78500366210938,7034,0.0,0.0
2024-12-10 15:02:00-05:00,136.7949981689453,136.7949981689453,136.6699981689453,136.68499755859375,11962,0.0,0.0
2024-12-10 15:03:00-05:00,136.69000244140625,136.69000244140625,136.5399932861328,136.60000610351562,7643,0.0,0.0
2024-12-10 15:04:00-05:00,136.5,136.5800018310547,136.42999267578125,136.48500061035156,7191,0.0,0.0
2024-12-10 15:05:00-05:00,136.4824981689453,136.48880004882812,136.39999389648438,136.42999267578125,8480,0.0,0.0
2024-12-10 15:06:00-05:00,136.48500061035156,136.5399932861328,136.36000061035156,136.3800048828125,5988,0.0,0.0
2024-12-10 15:07:00-05:00,136.38929748535156,136.5399932861328,136.38929748535156,136.49000549316406,4006,0.0,0.0
2024-12-10 15:08:00-05:00,136.49000549316406,136.49000549316406,136.32000732421875,136.3300018310547,4276,0.0,0.0
2024-12-10 15:09:00-05:00,136.44000244140625,136.57000732421875,136.44000244140625,136.57000732421875,3467,0.0,0.0
2024-12-10 15:10:00-05:00,136.6199951171875,136.6699981689453,136.47999572753906,136.47999572753906,4523,0.0,0.0
2024-12-10 15:11:00-05:00,136.5399932861328,136.5399932861328,136.40919494628906,136.52940368652344,2649,0.0,0.0
2024-12-10 15:12:00-05:00,136.4971923828125,136.5,136.4210968017578,136.4600067138672,5509,0.0,0.0
2024-12-10 15:13:00-05:00,136.4600067138672,136.52999877929688,136.41000366210938,136.41000366210938,3640,0.0,0.0
2024-12-10 15:14:00-05:00,136.46499633789062,136.56100463867188,136.46499633789062,136.5500030517578,3223,0.0,0.0
2024-12-10 15:15:00-05:00,136.52000427246094,136.58999633789062,136.52000427246094,136.5500030517578,2621,0.0,0.0
2024-12-10 15:16:00-05:00,136.5740966796875,136.625,136.5625,136.60000610351562,4196,0.0,0.0
2024-12-10 15:17:00-05:00,136.61000061035156,136.61000061035156,136.52000427246094,136.58999633789062,1767,0.0,0.0
2024-12-10 15:18:00-05:00,136.59500122070312,136.63999938964844,136.59500122070312,136.63250732421875,1811,0.0,0.0
2024-12-10 15:19:00-05:00,136.6199951171875,136.6699981689453,136.57000732421875,136.6699981689453,1517,0.0,0.0
2024-12-10 15:20:00-05:00,136.60000610351562,136.71499633789062,136.52499389648438,136.65139770507812,13627,0.0,0.0
2024-12-10 15:21:00-05:00,136.64999389648438,136.64999389648438,136.57000732421875,136.6300048828125,3089,0.0,0.0
2024-12-10 15:22:00-05:00,136.69000244140625,136.75,136.69000244140625,136.75,2292,0.0,0.0
2024-12-10 15:23:00-05:00,136.7899932861328,136.80999755859375,136.7678985595703,136.80999755859375,1735,0.0,0.0
2024-12-10 15:24:00-05:00,136.84559631347656,136.84559631347656,136.75999450683594,136.75999450683594,2820,0.0,0.0
2024-12-10 15:25:00-05:00,136.77000427246094,136.77000427246094,136.75,136.75999450683594,4778,0.0,0.0
2024-12-10 15:26:00-05:00,136.72999572753906,136.75,136.70399475097656,136.70399475097656,3374,0.0,0.0
2024-12-10 15:27:00-05:00,136.75840759277344,136.77000427246094,136.6999969482422,136.6999969482422,2717,0.0,0.0
2024-12-10 15:28:00-05:00,136.73060607910156,136.73060607910156,136.50010681152344,136.57000732421875,13742,0.0,0.0
2024-12-10 15:29:00-05:00,136.53500366210938,136.53500366210938,136.4600067138672,136.51499938964844,4603,0.0,0.0
2024-12-10 15:30:00-05:00,136.51499938964844,136.51499938964844,136.39999389648438,136.4499969482422,10901,0.0,0.0
2024-12-10 15:31:00-05:00,136.45489501953125,136.45489501953125,136.36000061035156,136.39999389648438,4789,0.0,0.0
2024-12-10 15:32:00-05:00,136.39999389648438,136.39999389648438,135.89999389648438,135.90499877929688,33270,0.0,0.0
2024-12-10 15:33:00-05:00,135.9199981689453,135.99000549316406,135.8302001953125,135.97000122070312,5646,0.0,0.0
2024-12-10 15:34:00-05:00,135.8300018310547,135.9149932861328,135.8300018310547,135.89999389648438,5926,0.0,0.0
2024-12-10 15:35:00-05:00,135.9029998779297,136.0500030517578,135.83999633789062,136.0050048828125,13915,0.0,0.0
2024-12-10 15:36:00-05:00,136.0050048828125,136.07000732421875,135.88999938964844,135.9199981689453,15055,0.0,0.0
2024-12-10 15:37:00-05:00,136.08790588378906,136.10000610351562,135.97000122070312,136.10000610351562,1920,0.0,0.0
2024-12-10 15:38:00-05:00,136.02000427246094,136.25999450683594,136.02000427246094,136.25999450683594,8796,0.0,0.0
2024-12-10 15:39:00-05:00,136.1699981689453,136.27000427246094,136.11000061035156,136.27000427246094,44423,0.0,0.0
2024-12-10 15:40:00-05:00,136.27420043945312,136.31820678710938,136.1800994873047,136.26499938964844,3598,0.0,0.0
2024-12-10 15:41:00-05:00,136.33999633789062,136.3800048828125,136.3350067138672,136.3350067138672,3667,0.0,0.0
2024-12-10 15:42:00-05:00,136.3000030517578,136.3300018310547,136.25,136.2830047607422,4140,0.0,0.0
2024-12-10 15:43:00-05:00,136.2050018310547,136.27499389648438,136.17999267578125,136.19790649414062,6085,0.0,0.0
2024-12-10 15:44:00-05:00,136.25,136.42999267578125,136.2147979736328,136.42999267578125,6360,0.0,0.0
2024-12-10 15:45:00-05:00,136.44500732421875,136.44500732421875,136.34500122070312,136.34500122070312,3059,0.0,0.0
2024-12-10 15:46:00-05:00,136.3300018310547,136.3300018310547,136.1999969482422,136.2718048095703,8203,0.0,0.0
2024-12-10 15:47:00-05:00,136.24000549316406,136.36000061035156,136.24000549316406,136.36000061035156,6147,0.0,0.0
2024-12-10 15:48:00-05:00,136.35000610351562,136.50999450683594,136.35000610351562,136.47000122070312,6889,0.0,0.0
2024-12-10 15:49:00-05:00,136.47000122070312,136.55999755859375,136.44000244140625,136.55999755859375,6986,0.0,0.0
2024-12-10 15:50:00-05:00,136.58999633789062,136.889892578125,136.5500030517578,136.77999877929688,17053,0.0,0.0
2024-12-10 15:51:00-05:00,136.77999877929688,137.17999267578125,136.77999877929688,137.17999267578125,20598,0.0,0.0
2024-12-10 15:52:00-05:00,137.19000244140625,137.22000122070312,137.02000427246094,137.11000061035156,17040,0.0,0.0
2024-12-10 15:53:00-05:00,137.0449981689453,137.1699981689453,137.0449981689453,137.10000610351562,18085,0.0,0.0
2024-12-10 15:54:00-05:00,137.13999938964844,137.27000427246094,137.07000732421875,137.19000244140625,19633,0.0,0.0
2024-12-10 15:55:00-05:00,137.1750030517578,137.27000427246094,137.08999633789062,137.25999450683594,29579,0.0,0.0
2024-12-10 15:56:00-05:00,137.25,137.5050048828125,137.2301025390625,137.4499969482422,27162,0.0,0.0
2024-12-10 15:57:00-05:00,137.4499969482422,137.4499969482422,137.3000030517578,137.32000732421875,32109,0.0,0.0
2024-12-10 15:58:00-05:00,137.32000732421875,137.3800048828125,137.2725067138672,137.27499389648438,39147,0.0,0.0
2024-12-10 15:59:00-05:00,137.25999450683594,137.36000061035156,137.1750030517578,137.2899932861328,48750,0.0,0.0
2024-12-10 16:00:00-05:00,137.29,137.9,137.09,137.29,152660,0.0,0.0
2024-12-10 16:01:00-05:00,137.26,137.29,137.26,137.29,0,0.0,0.0
2024-12-10 16:02:00-05:00,137.29,137.29,137.29,137.29,0,0.0,0.0
2024-12-10 16:03:00-05:00,137.29,137.3,137.29,137.3,0,0.0,0.0
2024-12-10 16:04:00-05:00,140.605,140.605,140.605,140.605,0,0.0,0.0
2024-12-10 16:05:00-05:00,137.29,137.6,137.29,137.6,0,0.0,0.0
2024-12-10 16:06:00-05:00,137.3,137.4,137.3,137.4,0,0.0,0.0
2024-12-10 16:07:00-05:00,137.9,137.9,137.9,137.9,0,0.0,0.0
2024-12-10 16:08:00-05:00,137.5,137.5,137.49,137.5,0,0.0,0.0
2024-12-10 16:09:00-05:00,137.37,137.37,137.37,137.37,0,0.0,0.0
2024-12-10 16:10:00-05:00,137.45,137.45,137.29,137.37,0,0.0,0.0
2024-12-10 16:11:00-05:00,137.4,137.4,137.4,137.4,0,0.0,0.0
2024-12-10 16:13:00-05:00,137.4,137.4,137.4,137.4,0,0.0,0.0
2024-12-10 16:15:00-05:00,137.29,137.5,137.29,137.48,0,0.0,0.0
2024-12-10 16:16:00-05:00,137.48,137.48,137.33,137.33,0,0.0,0.0
2024-12-10 16:17:00-05:00,137.3,137.3,137.3,137.3,0,0.0,0.0
2024-12-10 16:18:00-05:00,137.3,137.3,137.29,137.29,0,0.0,0.0
2024-12-10 16:19:00-05:00,137.29,137.29,137.29,137.29,0,0.0,0.0
2024-12-10 16:21:00-05:00,137.29,137.5,137.29,137.5,0,0.0,0.0
2024-12-10 16:22:00-05:00,137.5,137.5,137.5,137.5,0,0.0,0.0
2024-12-10 16:23:00-05:00,137.42,137.42,137.42,137.42,0,0.0,0.0
2024-12-10 16:24:00-05:00,137.29,137.43,137.29,137.4202,0,0.0,0.0
2024-12-10 16:25:00-05:00,137.42,137.48,137.42,137.48,0,0.0,0.0
2024-12-10 16:26:00-05:00,137.48,137.48,137.48,137.48,0,0.0,0.0
2024-12-10 16:27:00-05:00,137.4895,137.4895,137.47,137.48,0,0.0,0.0
2024-12-10 16:28:00-05:00,137.5,137.5,137.43,137.43,0,0.0,0.0
2024-12-10 16:30:00-05:00,137.42,137.48,137.42,137.43,0,0.0,0.0
2024-12-10 16:31:00-05:00,137.42,137.57,137.42,137.57,0,0.0,0.0
2024-12-10 16:35:00-05:00,137.5,137.5,137.5,137.5,0,0.0,0.0
2024-12-10 16:36:00-05:00,137.7,137.7,137.7,137.7,0,0.0,0.0
2024-12-10 16:41:00-05:00,137.7,137.7,137.42,137.42,0,0.0,0.0
2024-12-10 16:43:00-05:00,137.29,137.42,137.29,137.42,0,0.0,0.0
2024-12-10 16:44:00-05:00,137.42,137.5,137.42,137.43,0,0.0,0.0
2024-12-10 16:45:00-05:00,137.43,137.43,137.43,137.43,0,0.0,0.0
2024-12-10 16:46:00-05:00,137.7,137.7,137.43,137.43,0,0.0,0.0
2024-12-10 16:47:00-05:00,137.6,137.6,137.6,137.6,0,0.0,0.0
2024-12-10 16:48:00-05:00,137.7,137.7,137.693,137.693,0,0.0,0.0
2024-12-10 16:50:00-05:00,137.45,137.45,137.45,137.45,0,0.0,0.0
2024-12-10 16:51:00-05:00,137.45,137.45,137.45,137.45,0,0.0,0.0
2024-12-10 16:53:00-05:00,129.507,129.507,129.507,129.507,0,0.0,0.0
2024-12-10 16:54:00-05:00,137.43,137.43,137.42,137.42,0,0.0,0.0
2024-12-10 16:56:00-05:00,137.43,137.43,137.43,137.43,0,0.0,0.0
2024-12-10 16:57:00-05:00,137.43,137.5,129.507,137.5,0,0.0,0.0
2024-12-10 16:59:00-05:00,137.44,137.44,137.44,137.44,0,0.0,0.0
2024-12-10 17:00:00-05:00,137.44,137.44,137.44,137.44,0,0.0,0.0
2024-12-10 17:02:00-05:00,137.8,137.8,137.8,137.8,0,0.0,0.0
2024-12-10 17:08:00-05:00,137.6,137.6,137.57,137.57,0,0.0,0.0
2024-12-10 17:09:00-05:00,137.53,137.6,137.53,137.6,0,0.0,0.0
2024-12-10 17:10:00-05:00,137.6,137.6,137.6,137.6,0,0.0,0.0
2024-12-10 17:11:00-05:00,137.29,137.44,137.29,137.44,0,0.0,0.0
2024-12-10 17:12:00-05:00,137.6,137.6,137.6,137.6,0,0.0,0.0
2024-12-10 17:13:00-05:00,137.59,137.59,137.59,137.59,0,0.0,0.0
2024-12-10 17:14:00-05:00,137.5899,137.5899,137.5899,137.5899,0,0.0,0.0
2024-12-10 17:16:00-05:00,137.49,137.5,137.49,137.5,0,0.0,0.0
2024-12-10 17:18:00-05:00,137.5,137.5,137.5,137.5,0,0.0,0.0
2024-12-10 17:19:00-05:00,137.5,137.5,137.44,137.44,0,0.0,0.0
2024-12-10 17:20:00-05:00,137.45,137.49,137.45,137.49,0,0.0,0.0
2024-12-10 17:21:00-05:00,137.45,137.45,137.45,137.45,0,0.0,0.0
2024-12-10 17:22:00-05:00,137.45,137.5,137.45,137.5,0,0.0,0.0
2024-12-10 17:24:00-05:00,137.55,137.55,137.44,137.44,0,0.0,0.0
2024-12-10 17:25:00-05:00,137.44,137.45,137.44,137.45,0,0.0,0.0
2024-12-10 17:27:00-05:00,137.46,137.5,137.46,137.5,0,0.0,0.0
2024-12-10 17:28:00-05:00,137.5,137.6,137.44,137.6,0,0.0,0.0
2024-12-10 17:29:00-05:00,137.44,137.44,137.3,137.31,0,0.0,0.0
2024-12-10 17:30:00-05:00,137.37,137.49,137.3,137.3,0,0.0,0.0
2024-12-10 17:31:00-05:00,137.31,137.31,137.3,137.31,0,0.0,0.0
2024-12-10 17:32:00-05:00,137.3,137.31,137.3,137.31,0,0.0,0.0
2024-12-10 17:49:00-05:00,137.29,137.29,137.29,137.29,0,0.0,0.0
2024-12-10 17:50:00-05:00,137.5,137.5,137.5,137.5,0,0.0,0.0
2024-12-10 17:51:00-05:00,137.31,137.31,137.31,137.31,0,0.0,0.0
2024-12-10 17:52:00-05:00,137.32,137.32,137.32,137.32,0,0.0,0.0
2024-12-10 17:53:00-05:00,137.5,137.5,137.3118,137.3118,0,0.0,0.0
2024-12-10 17:55:00-05:00,137.41,137.41,137.41,137.41,0,0.0,0.0
2024-12-10 17:56:00-05:00,137.5,137.5,137.5,137.5,0,0.0,0.0
2024-12-10 17:57:00-05:00,137.5,137.5,137.5,137.5,0,0.0,0.0
2024-12-10 18:04:00-05:00,137.4,137.4,137.4,137.4,0,0.0,0.0
2024-12-10 18:06:00-05:00,137.48,137.48,137.48,137.48,0,0.0,0.0
2024-12-10 18:07:00-05:00,137.4,137.4,137.4,137.4,0,0.0,0.0
2024-12-10 18:08:00-05:00,137.4,137.4,137.4,137.4,0,0.0,0.0
2024-12-10 18:09:00-05:00,137.5,137.5,137.5,137.5,0,0.0,0.0
2024-12-10 18:12:00-05:00,137.43,137.47,137.43,137.47,0,0.0,0.0
2024-12-10 18:13:00-05:00,137.5,137.5,137.48,137.4999,0,0.0,0.0
2024-12-10 18:14:00-05:00,137.59,137.81,137.59,137.808,0,0.0,0.0
2024-12-10 18:15:00-05:00,137.81,137.81,137.81,137.81,0,0.0,0.0
2024-12-10 18:18:00-05:00,137.7,137.7,137.7,137.7,0,0.0,0.0
2024-12-10 18:19:00-05:00,137.7,137.7,137.7,137.7,0,0.0,0.0
2024-12-10 18:25:00-05:00,137.32,137.7,137.32,137.7,0,0.0,0.0
2024-12-10 18:27:00-05:00,137.41,137.41,137.41,137.41,0,0.0,0.0
2024-12-10 18:28:00-05:00,137.69,137.69,137.32,137.32,0,0.0,0.0
2024-12-10 18:32:00-05:00,137.32,137.32,137.32,137.32,0,0.0,0.0
2024-12-10 18:35:00-05:00,137.45,137.45,137.45,137.45,0,0.0,0.0
2024-12-10 18:36:00-05:00,137.39,137.39,137.39,137.39,0,0.0,0.0
2024-12-10 18:39:00-05:00,137.3101,137.3101,137.3101,137.3101,0,0.0,0.0
2024-12-10 18:41:00-05:00,137.31,137.31,137.31,137.31,0,0.0,0.0
2024-12-10 18:42:00-05:00,137.38,137.38,137.38,137.38,0,0.0,0.0
2024-12-10 18:43:00-05:00,137.4998,137.4998,137.4998,137.4998,0,0.0,0.0
2024-12-10 18:47:00-05:00,137.35,137.35,137.35,137.35,0,0.0,0.0
2024-12-10 18:55:00-05:00,137.35,137.5,137.35,137.5,0,0.0,0.0
2024-12-10 18:56:00-05:00,137.5,137.5,137.5,137.5,0,0.0,0.0
2024-12-10 19:00:00-05:00,137.39,137.39,137.39,137.39,0,0.0,0.0
2024-12-10 19:08:00-05:00,137.38,137.38,137.38,137.38,0,0.0,0.0
2024-12-10 19:10:00-05:00,137.31,137.4,137.31,137.4,0,0.0,0.0
2024-12-10 19:11:00-05:00,137.4,137.4,137.4,137.4,0,0.0,0.0
2024-12-10 19:15:00-05:00,137.37,137.37,137.37,137.37,0,0.0,0.0
2024-12-10 19:18:00-05:00,137.38,137.38,137.38,137.38,0,0.0,0.0
2024-12-10 19:22:00-05:00,137.4,137.4,137.3119,137.3119,0,0.0,0.0
2024-12-10 19:23:00-05:00,137.31,137.31,137.31,137.31,0,0.0,0.0
2024-12-10 19:24:00-05:00,137.31,137.31,137.31,137.31,0,0.0,0.0
2024-12-10 19:30:00-05:00,137.31,137.31,137.31,137.31,0,0.0,0.0
2024-12-10 19:34:00-05:00,137.33,137.33,137.33,137.33,0,0.0,0.0
2024-12-10 19:36:00-05:00,137.38,137.38,137.38,137.38,0,0.0,0.0
2024-12-10 19:39:00-05:00,136.9,136.9,136.9,136.9,0,0.0,0.0
2024-12-10 19:44:00-05:00,137.4,137.4,136.9,136.9,0,0.0,0.0
2024-12-10 19:50:00-05:00,137.2316,137.2316,137.2316,137.2316,0,0.0,0.0
2024-12-10 19:54:00-05:00,137.2367,137.2367,137.2367,137.2367,0,0.0,0.0
2024-12-10 19:58:00-05:00,137.49,137.49,137.4,137.4,0,0.0,0.0
2024-12-10 19:59:14-05:00,137.49,137.49,137.49,137.49,0,0.0,0.0
