time,Open,High,Low,Close,Volume,Dividends,Stock Splits
2024-11-28 09:00:00+01:00,36.09000015258789,36.1150016784668,36.025001525878906,36.1150016784668,0,0.0,0.0
2024-11-28 09:01:00+01:00,36.10499954223633,36.10499954223633,36.0099983215332,36.029998779296875,19864,0.0,0.0
2024-11-28 09:02:00+01:00,36.029998779296875,36.04999923706055,35.98500061035156,36.005001068115234,13035,0.0,0.0
2024-11-28 09:03:00+01:00,36.0,36.0,35.94499969482422,35.98500061035156,16976,0.0,0.0
2024-11-28 09:04:00+01:00,35.974998474121094,35.9900016784668,35.959999084472656,35.959999084472656,2466,0.0,0.0
2024-11-28 09:05:00+01:00,35.98500061035156,36.025001525878906,35.95000076293945,36.025001525878906,43524,0.0,0.0
2024-11-28 09:06:00+01:00,36.005001068115234,36.02000045776367,35.9900016784668,36.005001068115234,14868,0.0,0.0
2024-11-28 09:07:00+01:00,36.0,36.0099983215332,35.935001373291016,35.935001373291016,15628,0.0,0.0
2024-11-28 09:08:00+01:00,35.93000030517578,35.95000076293945,35.91999816894531,35.935001373291016,15805,0.0,0.0
2024-11-28 09:09:00+01:00,35.93000030517578,35.95000076293945,35.91999816894531,35.93000030517578,8933,0.0,0.0
2024-11-28 09:10:00+01:00,35.939998626708984,35.959999084472656,35.8650016784668,35.88999938964844,33455,0.0,0.0
2024-11-28 09:11:00+01:00,35.89500045776367,35.95500183105469,35.88999938964844,35.95500183105469,7864,0.0,0.0
2024-11-28 09:12:00+01:00,35.970001220703125,35.970001220703125,35.900001525878906,35.939998626708984,7879,0.0,0.0
2024-11-28 09:13:00+01:00,35.959999084472656,36.0099983215332,35.959999084472656,35.9900016784668,30848,0.0,0.0
2024-11-28 09:14:00+01:00,35.994998931884766,35.994998931884766,35.974998474121094,35.994998931884766,1776,0.0,0.0
2024-11-28 09:15:00+01:00,36.0,36.02000045776367,35.9900016784668,36.0,38047,0.0,0.0
2024-11-28 09:16:00+01:00,36.0099983215332,36.04999923706055,36.005001068115234,36.029998779296875,20815,0.0,0.0
2024-11-28 09:17:00+01:00,36.005001068115234,36.005001068115234,35.95500183105469,35.974998474121094,22582,0.0,0.0
2024-11-28 09:18:00+01:00,35.98500061035156,36.0099983215332,35.974998474121094,35.9900016784668,8145,0.0,0.0
2024-11-28 09:19:00+01:00,35.98500061035156,36.025001525878906,35.974998474121094,36.025001525878906,11165,0.0,0.0
2024-11-28 09:20:00+01:00,36.02000045776367,36.029998779296875,36.0099983215332,36.0099983215332,5252,0.0,0.0
2024-11-28 09:21:00+01:00,36.02000045776367,36.03499984741211,36.0099983215332,36.025001525878906,7605,0.0,0.0
2024-11-28 09:22:00+01:00,36.01499938964844,36.029998779296875,36.0099983215332,36.029998779296875,10538,0.0,0.0
2024-11-28 09:23:00+01:00,36.040000915527344,36.08000183105469,36.040000915527344,36.06999969482422,15568,0.0,0.0
2024-11-28 09:24:00+01:00,36.06999969482422,36.125,36.06999969482422,36.10499954223633,32028,0.0,0.0
2024-11-28 09:25:00+01:00,36.130001068115234,36.130001068115234,36.095001220703125,36.11000061035156,8397,0.0,0.0
2024-11-28 09:26:00+01:00,36.119998931884766,36.165000915527344,36.119998931884766,36.165000915527344,63759,0.0,0.0
2024-11-28 09:27:00+01:00,36.165000915527344,36.220001220703125,36.130001068115234,36.185001373291016,68682,0.0,0.0
2024-11-28 09:28:00+01:00,36.209999084472656,36.2400016784668,36.19499969482422,36.20000076293945,15609,0.0,0.0
2024-11-28 09:29:00+01:00,36.19499969482422,36.220001220703125,36.185001373291016,36.220001220703125,12798,0.0,0.0
2024-11-28 09:30:00+01:00,36.220001220703125,36.224998474121094,36.150001525878906,36.154998779296875,45523,0.0,0.0
2024-11-28 09:31:00+01:00,36.14500045776367,36.154998779296875,36.1349983215332,36.1349983215332,11277,0.0,0.0
2024-11-28 09:32:00+01:00,36.125,36.15999984741211,36.09000015258789,36.14500045776367,25584,0.0,0.0
2024-11-28 09:33:00+01:00,36.150001525878906,36.150001525878906,36.130001068115234,36.13999938964844,10078,0.0,0.0
2024-11-28 09:34:00+01:00,36.13999938964844,36.150001525878906,36.119998931884766,36.119998931884766,5648,0.0,0.0
2024-11-28 09:35:00+01:00,36.1150016784668,36.154998779296875,36.1150016784668,36.14500045776367,8793,0.0,0.0
2024-11-28 09:36:00+01:00,36.14500045776367,36.17499923706055,36.14500045776367,36.16999816894531,9524,0.0,0.0
2024-11-28 09:37:00+01:00,36.165000915527344,36.18000030517578,36.15999984741211,36.18000030517578,4146,0.0,0.0
2024-11-28 09:38:00+01:00,36.18000030517578,36.20000076293945,36.16999816894531,36.20000076293945,13685,0.0,0.0
2024-11-28 09:39:00+01:00,36.20000076293945,36.22999954223633,36.20000076293945,36.21500015258789,9930,0.0,0.0
2024-11-28 09:40:00+01:00,36.209999084472656,36.21500015258789,36.18000030517578,36.185001373291016,12384,0.0,0.0
2024-11-28 09:41:00+01:00,36.19499969482422,36.21500015258789,36.19499969482422,36.20000076293945,9443,0.0,0.0
2024-11-28 09:42:00+01:00,36.20000076293945,36.20000076293945,36.150001525878906,36.150001525878906,6467,0.0,0.0
2024-11-28 09:43:00+01:00,36.154998779296875,36.154998779296875,36.1349983215332,36.14500045776367,31770,0.0,0.0
2024-11-28 09:44:00+01:00,36.154998779296875,36.15999984741211,36.13999938964844,36.150001525878906,4179,0.0,0.0
2024-11-28 09:45:00+01:00,36.165000915527344,36.16999816894531,36.154998779296875,36.16999816894531,2544,0.0,0.0
2024-11-28 09:46:00+01:00,36.17499923706055,36.185001373291016,36.16999816894531,36.185001373291016,7154,0.0,0.0
2024-11-28 09:47:00+01:00,36.19499969482422,36.220001220703125,36.16999816894531,36.18000030517578,142568,0.0,0.0
2024-11-28 09:48:00+01:00,36.185001373291016,36.189998626708984,36.16999816894531,36.18000030517578,9118,0.0,0.0
2024-11-28 09:49:00+01:00,36.18000030517578,36.185001373291016,36.154998779296875,36.154998779296875,3415,0.0,0.0
2024-11-28 09:50:00+01:00,36.150001525878906,36.165000915527344,36.130001068115234,36.165000915527344,46342,0.0,0.0
2024-11-28 09:51:00+01:00,36.18000030517578,36.19499969482422,36.16999816894531,36.185001373291016,5464,0.0,0.0
2024-11-28 09:52:00+01:00,36.20000076293945,36.20500183105469,36.19499969482422,36.20500183105469,46597,0.0,0.0
2024-11-28 09:53:00+01:00,36.20500183105469,36.25,36.20000076293945,36.23500061035156,38443,0.0,0.0
2024-11-28 09:54:00+01:00,36.22999954223633,36.255001068115234,36.22999954223633,36.255001068115234,17596,0.0,0.0
2024-11-28 09:55:00+01:00,36.25,36.279998779296875,36.25,36.27000045776367,20692,0.0,0.0
2024-11-28 09:56:00+01:00,36.275001525878906,36.28499984741211,36.26499938964844,36.27000045776367,6499,0.0,0.0
2024-11-28 09:57:00+01:00,36.27000045776367,36.28499984741211,36.27000045776367,36.28499984741211,6423,0.0,0.0
2024-11-28 09:58:00+01:00,36.28499984741211,36.345001220703125,36.28499984741211,36.345001220703125,34106,0.0,0.0
2024-11-28 09:59:00+01:00,36.34000015258789,36.38999938964844,36.34000015258789,36.375,24136,0.0,0.0
2024-11-28 10:00:00+01:00,36.380001068115234,36.39500045776367,36.34000015258789,36.39500045776367,34436,0.0,0.0
2024-11-28 10:01:00+01:00,36.400001525878906,36.435001373291016,36.38999938964844,36.404998779296875,36111,0.0,0.0
2024-11-28 10:02:00+01:00,36.404998779296875,36.46500015258789,36.380001068115234,36.45500183105469,51317,0.0,0.0
2024-11-28 10:03:00+01:00,36.44499969482422,36.45500183105469,36.400001525878906,36.404998779296875,22709,0.0,0.0
2024-11-28 10:04:00+01:00,36.39500045776367,36.39500045776367,36.3650016784668,36.380001068115234,12723,0.0,0.0
2024-11-28 10:05:00+01:00,36.380001068115234,36.380001068115234,36.334999084472656,36.334999084472656,35369,0.0,0.0
2024-11-28 10:06:00+01:00,36.34000015258789,36.35499954223633,36.310001373291016,36.31999969482422,13372,0.0,0.0
2024-11-28 10:07:00+01:00,36.33000183105469,36.33000183105469,36.310001373291016,36.310001373291016,13248,0.0,0.0
2024-11-28 10:08:00+01:00,36.310001373291016,36.31999969482422,36.290000915527344,36.290000915527344,18909,0.0,0.0
2024-11-28 10:09:00+01:00,36.29999923706055,36.29999923706055,36.244998931884766,36.244998931884766,8058,0.0,0.0
2024-11-28 10:10:00+01:00,36.25,36.279998779296875,36.25,36.27000045776367,14350,0.0,0.0
2024-11-28 10:11:00+01:00,36.27000045776367,36.279998779296875,36.2599983215332,36.2599983215332,4173,0.0,0.0
2024-11-28 10:12:00+01:00,36.255001068115234,36.29999923706055,36.25,36.2599983215332,23506,0.0,0.0
2024-11-28 10:13:00+01:00,36.2599983215332,36.2599983215332,36.244998931884766,36.255001068115234,1530,0.0,0.0
2024-11-28 10:14:00+01:00,36.2599983215332,36.27000045776367,36.244998931884766,36.26499938964844,9527,0.0,0.0
2024-11-28 10:15:00+01:00,36.2599983215332,36.2599983215332,36.23500061035156,36.244998931884766,2439,0.0,0.0
2024-11-28 10:16:00+01:00,36.25,36.26499938964844,36.2400016784668,36.26499938964844,7050,0.0,0.0
2024-11-28 10:17:00+01:00,36.2599983215332,36.2599983215332,36.21500015258789,36.220001220703125,6840,0.0,0.0
2024-11-28 10:18:00+01:00,36.220001220703125,36.244998931884766,36.16999816894531,36.16999816894531,33099,0.0,0.0
2024-11-28 10:19:00+01:00,36.17499923706055,36.20500183105469,36.17499923706055,36.19499969482422,5757,0.0,0.0
2024-11-28 10:20:00+01:00,36.19499969482422,36.21500015258789,36.189998626708984,36.20500183105469,16500,0.0,0.0
2024-11-28 10:21:00+01:00,36.20500183105469,36.20500183105469,36.185001373291016,36.20000076293945,5929,0.0,0.0
2024-11-28 10:22:00+01:00,36.20500183105469,36.20500183105469,36.17499923706055,36.18000030517578,10059,0.0,0.0
2024-11-28 10:23:00+01:00,36.185001373291016,36.185001373291016,36.17499923706055,36.17499923706055,1065,0.0,0.0
2024-11-28 10:24:00+01:00,36.185001373291016,36.20500183105469,36.185001373291016,36.189998626708984,5217,0.0,0.0
2024-11-28 10:25:00+01:00,36.189998626708984,36.19499969482422,36.16999816894531,36.185001373291016,7630,0.0,0.0
2024-11-28 10:26:00+01:00,36.18000030517578,36.21500015258789,36.18000030517578,36.21500015258789,6067,0.0,0.0
2024-11-28 10:27:00+01:00,36.209999084472656,36.209999084472656,36.20000076293945,36.20000076293945,2955,0.0,0.0
2024-11-28 10:28:00+01:00,36.21500015258789,36.220001220703125,36.20500183105469,36.21500015258789,3280,0.0,0.0
2024-11-28 10:29:00+01:00,36.21500015258789,36.220001220703125,36.20000076293945,36.20500183105469,7449,0.0,0.0
2024-11-28 10:30:00+01:00,36.224998474121094,36.22999954223633,36.18000030517578,36.18000030517578,9310,0.0,0.0
2024-11-28 10:31:00+01:00,36.18000030517578,36.185001373291016,36.15999984741211,36.18000030517578,7863,0.0,0.0
2024-11-28 10:32:00+01:00,36.18000030517578,36.18000030517578,36.15999984741211,36.18000030517578,7432,0.0,0.0
2024-11-28 10:33:00+01:00,36.16999816894531,36.18000030517578,36.154998779296875,36.18000030517578,15421,0.0,0.0
2024-11-28 10:34:00+01:00,36.185001373291016,36.189998626708984,36.165000915527344,36.18000030517578,5339,0.0,0.0
2024-11-28 10:35:00+01:00,36.17499923706055,36.185001373291016,36.16999816894531,36.18000030517578,1309,0.0,0.0
2024-11-28 10:36:00+01:00,36.185001373291016,36.185001373291016,36.130001068115234,36.14500045776367,18653,0.0,0.0
2024-11-28 10:37:00+01:00,36.150001525878906,36.150001525878906,36.1349983215332,36.1349983215332,1589,0.0,0.0
2024-11-28 10:38:00+01:00,36.14500045776367,36.15999984741211,36.14500045776367,36.14500045776367,2662,0.0,0.0
2024-11-28 10:39:00+01:00,36.14500045776367,36.15999984741211,36.13999938964844,36.154998779296875,5944,0.0,0.0
2024-11-28 10:40:00+01:00,36.15999984741211,36.15999984741211,36.14500045776367,36.14500045776367,1775,0.0,0.0
2024-11-28 10:41:00+01:00,36.15999984741211,36.15999984741211,36.154998779296875,36.154998779296875,2447,0.0,0.0
2024-11-28 10:42:00+01:00,36.14500045776367,36.150001525878906,36.1150016784668,36.1349983215332,15776,0.0,0.0
2024-11-28 10:43:00+01:00,36.1349983215332,36.1349983215332,36.11000061035156,36.11000061035156,2455,0.0,0.0
2024-11-28 10:44:00+01:00,36.125,36.130001068115234,36.09000015258789,36.095001220703125,9734,0.0,0.0
2024-11-28 10:45:00+01:00,36.09000015258789,36.11000061035156,36.09000015258789,36.11000061035156,9582,0.0,0.0
2024-11-28 10:46:00+01:00,36.119998931884766,36.119998931884766,36.099998474121094,36.11000061035156,6281,0.0,0.0
2024-11-28 10:47:00+01:00,36.099998474121094,36.11000061035156,36.099998474121094,36.099998474121094,3303,0.0,0.0
2024-11-28 10:48:00+01:00,36.10499954223633,36.10499954223633,36.06999969482422,36.08000183105469,10778,0.0,0.0
2024-11-28 10:49:00+01:00,36.08000183105469,36.099998474121094,36.07500076293945,36.099998474121094,7599,0.0,0.0
2024-11-28 10:50:00+01:00,36.099998474121094,36.130001068115234,36.099998474121094,36.130001068115234,3732,0.0,0.0
2024-11-28 10:51:00+01:00,36.1349983215332,36.15999984741211,36.130001068115234,36.150001525878906,3587,0.0,0.0
2024-11-28 10:52:00+01:00,36.154998779296875,36.165000915527344,36.1349983215332,36.165000915527344,8613,0.0,0.0
2024-11-28 10:53:00+01:00,36.165000915527344,36.18000030517578,36.15999984741211,36.18000030517578,6389,0.0,0.0
2024-11-28 10:54:00+01:00,36.17499923706055,36.17499923706055,36.14500045776367,36.15999984741211,4898,0.0,0.0
2024-11-28 10:55:00+01:00,36.150001525878906,36.165000915527344,36.14500045776367,36.14500045776367,19488,0.0,0.0
2024-11-28 10:56:00+01:00,36.13999938964844,36.13999938964844,36.119998931884766,36.1349983215332,10500,0.0,0.0
2024-11-28 10:57:00+01:00,36.1349983215332,36.14500045776367,36.1150016784668,36.1150016784668,4662,0.0,0.0
2024-11-28 10:58:00+01:00,36.119998931884766,36.119998931884766,36.11000061035156,36.1150016784668,641,0.0,0.0
2024-11-28 10:59:00+01:00,36.1150016784668,36.125,36.10499954223633,36.10499954223633,2530,0.0,0.0
2024-11-28 11:00:00+01:00,36.1150016784668,36.119998931884766,36.10499954223633,36.119998931884766,6145,0.0,0.0
2024-11-28 11:01:00+01:00,36.125,36.13999938964844,36.119998931884766,36.1349983215332,12056,0.0,0.0
2024-11-28 11:02:00+01:00,36.13999938964844,36.13999938964844,36.11000061035156,36.11000061035156,7017,0.0,0.0
2024-11-28 11:03:00+01:00,36.10499954223633,36.11000061035156,36.095001220703125,36.099998474121094,13677,0.0,0.0
2024-11-28 11:04:00+01:00,36.10499954223633,36.11000061035156,36.07500076293945,36.07500076293945,4130,0.0,0.0
2024-11-28 11:05:00+01:00,36.084999084472656,36.1150016784668,36.084999084472656,36.11000061035156,3081,0.0,0.0
2024-11-28 11:06:00+01:00,36.119998931884766,36.130001068115234,36.119998931884766,36.125,2596,0.0,0.0
2024-11-28 11:07:00+01:00,36.130001068115234,36.1349983215332,36.11000061035156,36.11000061035156,2241,0.0,0.0
2024-11-28 11:08:00+01:00,36.10499954223633,36.11000061035156,36.09000015258789,36.09000015258789,4024,0.0,0.0
2024-11-28 11:09:00+01:00,36.10499954223633,36.125,36.099998474121094,36.11000061035156,4998,0.0,0.0
2024-11-28 11:10:00+01:00,36.119998931884766,36.125,36.099998474121094,36.119998931884766,13175,0.0,0.0
2024-11-28 11:11:00+01:00,36.130001068115234,36.130001068115234,36.1150016784668,36.130001068115234,2929,0.0,0.0
2024-11-28 11:12:00+01:00,36.1349983215332,36.14500045776367,36.130001068115234,36.1349983215332,6311,0.0,0.0
2024-11-28 11:13:00+01:00,36.13999938964844,36.154998779296875,36.13999938964844,36.154998779296875,3916,0.0,0.0
2024-11-28 11:14:00+01:00,36.14500045776367,36.165000915527344,36.10499954223633,36.15999984741211,64426,0.0,0.0
2024-11-28 11:15:00+01:00,36.150001525878906,36.150001525878906,36.08000183105469,36.08000183105469,10824,0.0,0.0
2024-11-28 11:16:00+01:00,36.09000015258789,36.09000015258789,36.05500030517578,36.07500076293945,6366,0.0,0.0
2024-11-28 11:17:00+01:00,36.06999969482422,36.07500076293945,36.040000915527344,36.04499816894531,17789,0.0,0.0
2024-11-28 11:18:00+01:00,36.05500030517578,36.08000183105469,36.040000915527344,36.04499816894531,24250,0.0,0.0
2024-11-28 11:19:00+01:00,36.04999923706055,36.060001373291016,36.04499816894531,36.05500030517578,6812,0.0,0.0
2024-11-28 11:20:00+01:00,36.04999923706055,36.04999923706055,36.029998779296875,36.04499816894531,10458,0.0,0.0
2024-11-28 11:21:00+01:00,36.040000915527344,36.040000915527344,36.025001525878906,36.025001525878906,4907,0.0,0.0
2024-11-28 11:22:00+01:00,36.040000915527344,36.04499816894531,36.029998779296875,36.029998779296875,5911,0.0,0.0
2024-11-28 11:23:00+01:00,36.029998779296875,36.029998779296875,35.970001220703125,35.98500061035156,33622,0.0,0.0
2024-11-28 11:24:00+01:00,35.974998474121094,35.9900016784668,35.974998474121094,35.97999954223633,7833,0.0,0.0
2024-11-28 11:25:00+01:00,35.974998474121094,35.974998474121094,35.915000915527344,35.939998626708984,15194,0.0,0.0
2024-11-28 11:26:00+01:00,35.939998626708984,35.95000076293945,35.915000915527344,35.939998626708984,24861,0.0,0.0
2024-11-28 11:27:00+01:00,35.935001373291016,35.939998626708984,35.900001525878906,35.939998626708984,20679,0.0,0.0
2024-11-28 11:28:00+01:00,35.94499969482422,35.970001220703125,35.94499969482422,35.970001220703125,7932,0.0,0.0
2024-11-28 11:29:00+01:00,35.96500015258789,35.9900016784668,35.96500015258789,35.98500061035156,9781,0.0,0.0
2024-11-28 11:30:00+01:00,35.97999954223633,36.0,35.974998474121094,35.994998931884766,8600,0.0,0.0
2024-11-28 11:31:00+01:00,35.9900016784668,36.005001068115234,35.97999954223633,36.0,4414,0.0,0.0
2024-11-28 11:32:00+01:00,36.0099983215332,36.02000045776367,35.9900016784668,36.005001068115234,6640,0.0,0.0
2024-11-28 11:33:00+01:00,35.994998931884766,35.994998931884766,35.959999084472656,35.959999084472656,7357,0.0,0.0
2024-11-28 11:34:00+01:00,35.974998474121094,35.974998474121094,35.959999084472656,35.96500015258789,4236,0.0,0.0
2024-11-28 11:35:00+01:00,35.96500015258789,35.9900016784668,35.95000076293945,35.97999954223633,5584,0.0,0.0
2024-11-28 11:36:00+01:00,35.97999954223633,35.994998931884766,35.974998474121094,35.974998474121094,5082,0.0,0.0
2024-11-28 11:37:00+01:00,35.97999954223633,35.97999954223633,35.974998474121094,35.97999954223633,2029,0.0,0.0
2024-11-28 11:38:00+01:00,35.97999954223633,36.0,35.97999954223633,36.0,7565,0.0,0.0
2024-11-28 11:39:00+01:00,36.005001068115234,36.01499938964844,35.9900016784668,36.0,7169,0.0,0.0
2024-11-28 11:40:00+01:00,35.994998931884766,36.005001068115234,35.974998474121094,35.974998474121094,2320,0.0,0.0
2024-11-28 11:41:00+01:00,35.97999954223633,36.005001068115234,35.97999954223633,35.97999954223633,11151,0.0,0.0
2024-11-28 11:42:00+01:00,35.974998474121094,35.98500061035156,35.974998474121094,35.98500061035156,1290,0.0,0.0
2024-11-28 11:43:00+01:00,35.98500061035156,36.005001068115234,35.97999954223633,36.0,2795,0.0,0.0
2024-11-28 11:44:00+01:00,35.994998931884766,35.994998931884766,35.9900016784668,35.994998931884766,2952,0.0,0.0
2024-11-28 11:45:00+01:00,36.0,36.029998779296875,36.0,36.025001525878906,8146,0.0,0.0
2024-11-28 11:46:00+01:00,36.02000045776367,36.03499984741211,36.02000045776367,36.025001525878906,8853,0.0,0.0
2024-11-28 11:47:00+01:00,36.025001525878906,36.040000915527344,36.025001525878906,36.03499984741211,3125,0.0,0.0
2024-11-28 11:48:00+01:00,36.040000915527344,36.05500030517578,36.040000915527344,36.05500030517578,5146,0.0,0.0
2024-11-28 11:49:00+01:00,36.04999923706055,36.04999923706055,36.025001525878906,36.025001525878906,3504,0.0,0.0
2024-11-28 11:50:00+01:00,36.029998779296875,36.029998779296875,36.025001525878906,36.025001525878906,862,0.0,0.0
2024-11-28 11:51:00+01:00,36.029998779296875,36.03499984741211,36.02000045776367,36.02000045776367,4559,0.0,0.0
2024-11-28 11:52:00+01:00,36.01499938964844,36.01499938964844,35.994998931884766,36.005001068115234,6260,0.0,0.0
2024-11-28 11:53:00+01:00,36.02000045776367,36.029998779296875,36.02000045776367,36.025001525878906,2388,0.0,0.0
2024-11-28 11:54:00+01:00,36.029998779296875,36.040000915527344,36.029998779296875,36.03499984741211,3826,0.0,0.0
2024-11-28 11:55:00+01:00,36.029998779296875,36.040000915527344,36.005001068115234,36.005001068115234,7997,0.0,0.0
2024-11-28 11:56:00+01:00,36.025001525878906,36.029998779296875,36.025001525878906,36.029998779296875,1643,0.0,0.0
2024-11-28 11:57:00+01:00,36.029998779296875,36.03499984741211,36.02000045776367,36.02000045776367,3678,0.0,0.0
2024-11-28 11:58:00+01:00,36.02000045776367,36.040000915527344,36.0099983215332,36.025001525878906,21950,0.0,0.0
2024-11-28 11:59:00+01:00,36.02000045776367,36.02000045776367,35.994998931884766,36.005001068115234,7794,0.0,0.0
2024-11-28 12:00:00+01:00,36.005001068115234,36.005001068115234,35.9900016784668,35.9900016784668,3218,0.0,0.0
2024-11-28 12:01:00+01:00,35.9900016784668,36.029998779296875,35.98500061035156,36.029998779296875,12903,0.0,0.0
2024-11-28 12:02:00+01:00,36.03499984741211,36.040000915527344,36.025001525878906,36.040000915527344,9111,0.0,0.0
2024-11-28 12:03:00+01:00,36.03499984741211,36.04999923706055,36.029998779296875,36.04499816894531,8148,0.0,0.0
2024-11-28 12:04:00+01:00,36.03499984741211,36.040000915527344,36.029998779296875,36.029998779296875,1838,0.0,0.0
2024-11-28 12:05:00+01:00,36.040000915527344,36.064998626708984,36.040000915527344,36.064998626708984,4910,0.0,0.0
2024-11-28 12:06:00+01:00,36.060001373291016,36.08000183105469,36.05500030517578,36.060001373291016,6396,0.0,0.0
2024-11-28 12:07:00+01:00,36.064998626708984,36.07500076293945,36.064998626708984,36.06999969482422,3189,0.0,0.0
2024-11-28 12:08:00+01:00,36.06999969482422,36.07500076293945,36.04499816894531,36.04499816894531,4148,0.0,0.0
2024-11-28 12:09:00+01:00,36.040000915527344,36.040000915527344,36.025001525878906,36.029998779296875,2437,0.0,0.0
2024-11-28 12:10:00+01:00,36.040000915527344,36.040000915527344,36.02000045776367,36.02000045776367,1250,0.0,0.0
2024-11-28 12:11:00+01:00,36.025001525878906,36.03499984741211,36.0099983215332,36.0099983215332,4298,0.0,0.0
2024-11-28 12:12:00+01:00,36.0099983215332,36.0099983215332,36.0,36.0099983215332,2481,0.0,0.0
2024-11-28 12:13:00+01:00,36.01499938964844,36.01499938964844,36.0,36.0,1431,0.0,0.0
2024-11-28 12:14:00+01:00,35.9900016784668,36.0099983215332,35.9900016784668,36.0,9822,0.0,0.0
2024-11-28 12:15:00+01:00,36.0,36.0,35.98500061035156,36.0,4353,0.0,0.0
2024-11-28 12:16:00+01:00,36.0,36.0,35.9900016784668,35.9900016784668,3492,0.0,0.0
2024-11-28 12:17:00+01:00,35.9900016784668,36.0099983215332,35.9900016784668,36.005001068115234,8681,0.0,0.0
2024-11-28 12:18:00+01:00,36.005001068115234,36.025001525878906,36.005001068115234,36.025001525878906,2880,0.0,0.0
2024-11-28 12:19:00+01:00,36.01499938964844,36.040000915527344,36.01499938964844,36.03499984741211,3268,0.0,0.0
2024-11-28 12:20:00+01:00,36.03499984741211,36.040000915527344,36.025001525878906,36.040000915527344,5145,0.0,0.0
2024-11-28 12:21:00+01:00,36.03499984741211,36.04499816894531,36.029998779296875,36.04499816894531,3866,0.0,0.0
2024-11-28 12:22:00+01:00,36.04499816894531,36.04499816894531,36.040000915527344,36.040000915527344,2356,0.0,0.0
2024-11-28 12:23:00+01:00,36.04999923706055,36.05500030517578,36.04999923706055,36.05500030517578,790,0.0,0.0
2024-11-28 12:24:00+01:00,36.060001373291016,36.064998626708984,36.060001373291016,36.064998626708984,567,0.0,0.0
2024-11-28 12:25:00+01:00,36.060001373291016,36.064998626708984,36.04499816894531,36.04499816894531,4366,0.0,0.0
2024-11-28 12:26:00+01:00,36.04499816894531,36.06999969482422,36.04499816894531,36.060001373291016,6793,0.0,0.0
2024-11-28 12:27:00+01:00,36.064998626708984,36.064998626708984,36.064998626708984,36.064998626708984,782,0.0,0.0
2024-11-28 12:28:00+01:00,36.064998626708984,36.064998626708984,36.060001373291016,36.064998626708984,1849,0.0,0.0
2024-11-28 12:29:00+01:00,36.064998626708984,36.064998626708984,36.060001373291016,36.064998626708984,1980,0.0,0.0
2024-11-28 12:30:00+01:00,36.060001373291016,36.060001373291016,36.04999923706055,36.05500030517578,1979,0.0,0.0
2024-11-28 12:31:00+01:00,36.060001373291016,36.07500076293945,36.060001373291016,36.07500076293945,5709,0.0,0.0
2024-11-28 12:32:00+01:00,36.06999969482422,36.06999969482422,36.05500030517578,36.064998626708984,3422,0.0,0.0
2024-11-28 12:33:00+01:00,36.060001373291016,36.064998626708984,36.04999923706055,36.04999923706055,6245,0.0,0.0
2024-11-28 12:34:00+01:00,36.04999923706055,36.04999923706055,36.04499816894531,36.04999923706055,2116,0.0,0.0
2024-11-28 12:35:00+01:00,36.04999923706055,36.084999084472656,36.04999923706055,36.08000183105469,9790,0.0,0.0
2024-11-28 12:36:00+01:00,36.08000183105469,36.08000183105469,36.06999969482422,36.07500076293945,3126,0.0,0.0
2024-11-28 12:37:00+01:00,36.06999969482422,36.06999969482422,36.05500030517578,36.05500030517578,628,0.0,0.0
2024-11-28 12:38:00+01:00,36.060001373291016,36.06999969482422,36.04499816894531,36.064998626708984,2785,0.0,0.0
2024-11-28 12:39:00+01:00,36.060001373291016,36.060001373291016,36.03499984741211,36.03499984741211,7357,0.0,0.0
2024-11-28 12:40:00+01:00,36.040000915527344,36.064998626708984,36.040000915527344,36.04999923706055,2687,0.0,0.0
2024-11-28 12:41:00+01:00,36.04499816894531,36.04999923706055,36.040000915527344,36.04499816894531,2215,0.0,0.0
2024-11-28 12:42:00+01:00,36.04499816894531,36.04999923706055,36.040000915527344,36.04499816894531,2222,0.0,0.0
2024-11-28 12:43:00+01:00,36.04999923706055,36.05500030517578,36.040000915527344,36.05500030517578,12523,0.0,0.0
2024-11-28 12:44:00+01:00,36.060001373291016,36.06999969482422,36.060001373291016,36.06999969482422,6761,0.0,0.0
2024-11-28 12:45:00+01:00,36.064998626708984,36.07500076293945,36.060001373291016,36.07500076293945,6254,0.0,0.0
2024-11-28 12:46:00+01:00,36.06999969482422,36.08000183105469,36.06999969482422,36.06999969482422,3712,0.0,0.0
2024-11-28 12:47:00+01:00,36.07500076293945,36.07500076293945,36.064998626708984,36.06999969482422,1858,0.0,0.0
2024-11-28 12:48:00+01:00,36.08000183105469,36.08000183105469,36.064998626708984,36.064998626708984,2418,0.0,0.0
2024-11-28 12:49:00+01:00,36.07500076293945,36.07500076293945,36.04499816894531,36.064998626708984,3299,0.0,0.0
2024-11-28 12:50:00+01:00,36.07500076293945,36.099998474121094,36.07500076293945,36.099998474121094,3701,0.0,0.0
2024-11-28 12:51:00+01:00,36.099998474121094,36.1349983215332,36.099998474121094,36.125,5526,0.0,0.0
2024-11-28 12:52:00+01:00,36.119998931884766,36.125,36.10499954223633,36.125,3299,0.0,0.0
2024-11-28 12:53:00+01:00,36.130001068115234,36.1349983215332,36.125,36.125,1912,0.0,0.0
2024-11-28 12:54:00+01:00,36.119998931884766,36.130001068115234,36.119998931884766,36.130001068115234,1086,0.0,0.0
2024-11-28 12:55:00+01:00,36.130001068115234,36.150001525878906,36.125,36.125,9102,0.0,0.0
2024-11-28 12:56:00+01:00,36.119998931884766,36.119998931884766,36.11000061035156,36.11000061035156,587,0.0,0.0
2024-11-28 12:57:00+01:00,36.1150016784668,36.1150016784668,36.11000061035156,36.1150016784668,1777,0.0,0.0
2024-11-28 12:58:00+01:00,36.11000061035156,36.1349983215332,36.10499954223633,36.1349983215332,14009,0.0,0.0
2024-11-28 12:59:00+01:00,36.14500045776367,36.14500045776367,36.099998474121094,36.10499954223633,11062,0.0,0.0
2024-11-28 13:00:00+01:00,36.1150016784668,36.119998931884766,36.084999084472656,36.084999084472656,4524,0.0,0.0
2024-11-28 13:01:00+01:00,36.08000183105469,36.084999084472656,36.06999969482422,36.07500076293945,5083,0.0,0.0
2024-11-28 13:02:00+01:00,36.08000183105469,36.084999084472656,36.06999969482422,36.084999084472656,5400,0.0,0.0
2024-11-28 13:03:00+01:00,36.08000183105469,36.095001220703125,36.08000183105469,36.095001220703125,700,0.0,0.0
2024-11-28 13:04:00+01:00,36.084999084472656,36.084999084472656,36.07500076293945,36.084999084472656,1165,0.0,0.0
2024-11-28 13:05:00+01:00,36.08000183105469,36.08000183105469,36.06999969482422,36.06999969482422,827,0.0,0.0
2024-11-28 13:06:00+01:00,36.06999969482422,36.08000183105469,36.064998626708984,36.064998626708984,1351,0.0,0.0
2024-11-28 13:07:00+01:00,36.064998626708984,36.06999969482422,36.060001373291016,36.064998626708984,2631,0.0,0.0
2024-11-28 13:08:00+01:00,36.064998626708984,36.064998626708984,36.064998626708984,36.064998626708984,649,0.0,0.0
2024-11-28 13:09:00+01:00,36.060001373291016,36.060001373291016,36.029998779296875,36.040000915527344,7042,0.0,0.0
2024-11-28 13:10:00+01:00,36.060001373291016,36.060001373291016,36.05500030517578,36.05500030517578,1766,0.0,0.0
2024-11-28 13:11:00+01:00,36.04499816894531,36.064998626708984,36.04499816894531,36.064998626708984,2674,0.0,0.0
2024-11-28 13:12:00+01:00,36.06999969482422,36.07500076293945,36.06999969482422,36.06999969482422,1803,0.0,0.0
2024-11-28 13:13:00+01:00,36.07500076293945,36.08000183105469,36.07500076293945,36.08000183105469,808,0.0,0.0
2024-11-28 13:14:00+01:00,36.08000183105469,36.08000183105469,36.08000183105469,36.08000183105469,393,0.0,0.0
2024-11-28 13:15:00+01:00,36.07500076293945,36.07500076293945,36.04499816894531,36.06999969482422,3471,0.0,0.0
2024-11-28 13:16:00+01:00,36.07500076293945,36.07500076293945,36.060001373291016,36.06999969482422,1193,0.0,0.0
2024-11-28 13:17:00+01:00,36.06999969482422,36.06999969482422,36.05500030517578,36.064998626708984,2206,0.0,0.0
2024-11-28 13:18:00+01:00,36.064998626708984,36.064998626708984,36.05500030517578,36.05500030517578,1037,0.0,0.0
2024-11-28 13:19:00+01:00,36.064998626708984,36.07500076293945,36.064998626708984,36.07500076293945,1765,0.0,0.0
2024-11-28 13:20:00+01:00,36.08000183105469,36.08000183105469,36.06999969482422,36.08000183105469,2825,0.0,0.0
2024-11-28 13:21:00+01:00,36.06999969482422,36.07500076293945,36.05500030517578,36.05500030517578,12554,0.0,0.0
2024-11-28 13:22:00+01:00,36.05500030517578,36.064998626708984,36.04499816894531,36.064998626708984,6492,0.0,0.0
2024-11-28 13:23:00+01:00,36.064998626708984,36.06999969482422,36.060001373291016,36.06999969482422,2573,0.0,0.0
2024-11-28 13:24:00+01:00,36.06999969482422,36.09000015258789,36.05500030517578,36.05500030517578,10804,0.0,0.0
2024-11-28 13:25:00+01:00,36.060001373291016,36.095001220703125,36.04999923706055,36.095001220703125,4516,0.0,0.0
2024-11-28 13:26:00+01:00,36.095001220703125,36.10499954223633,36.084999084472656,36.084999084472656,4492,0.0,0.0
2024-11-28 13:27:00+01:00,36.084999084472656,36.099998474121094,36.08000183105469,36.08000183105469,4531,0.0,0.0
2024-11-28 13:28:00+01:00,36.07500076293945,36.084999084472656,36.06999969482422,36.084999084472656,3426,0.0,0.0
2024-11-28 13:29:00+01:00,36.084999084472656,36.084999084472656,36.084999084472656,36.084999084472656,300,0.0,0.0
2024-11-28 13:30:00+01:00,36.07500076293945,36.08000183105469,36.07500076293945,36.08000183105469,1628,0.0,0.0
2024-11-28 13:31:00+01:00,36.08000183105469,36.08000183105469,36.07500076293945,36.08000183105469,554,0.0,0.0
2024-11-28 13:32:00+01:00,36.07500076293945,36.084999084472656,36.07500076293945,36.08000183105469,1228,0.0,0.0
2024-11-28 13:33:00+01:00,36.084999084472656,36.09000015258789,36.07500076293945,36.07500076293945,1103,0.0,0.0
2024-11-28 13:34:00+01:00,36.08000183105469,36.084999084472656,36.08000183105469,36.084999084472656,1698,0.0,0.0
2024-11-28 13:35:00+01:00,36.084999084472656,36.084999084472656,36.084999084472656,36.084999084472656,50,0.0,0.0
2024-11-28 13:36:00+01:00,36.08000183105469,36.084999084472656,36.07500076293945,36.08000183105469,2699,0.0,0.0
2024-11-28 13:37:00+01:00,36.084999084472656,36.084999084472656,36.06999969482422,36.084999084472656,3084,0.0,0.0
2024-11-28 13:38:00+01:00,36.08000183105469,36.08000183105469,36.08000183105469,36.08000183105469,448,0.0,0.0
2024-11-28 13:39:00+01:00,36.06999969482422,36.08000183105469,36.06999969482422,36.07500076293945,7005,0.0,0.0
2024-11-28 13:40:00+01:00,36.07500076293945,36.07500076293945,36.064998626708984,36.064998626708984,1433,0.0,0.0
2024-11-28 13:41:00+01:00,36.064998626708984,36.07500076293945,36.04999923706055,36.04999923706055,2426,0.0,0.0
2024-11-28 13:42:00+01:00,36.04999923706055,36.07500076293945,36.04499816894531,36.05500030517578,13530,0.0,0.0
2024-11-28 13:43:00+01:00,36.05500030517578,36.060001373291016,36.04999923706055,36.04999923706055,923,0.0,0.0
2024-11-28 13:44:00+01:00,36.04999923706055,36.06999969482422,36.04999923706055,36.04999923706055,1720,0.0,0.0
2024-11-28 13:45:00+01:00,36.04499816894531,36.05500030517578,36.03499984741211,36.03499984741211,1890,0.0,0.0
2024-11-28 13:46:00+01:00,36.03499984741211,36.040000915527344,36.02000045776367,36.029998779296875,6227,0.0,0.0
2024-11-28 13:47:00+01:00,36.040000915527344,36.040000915527344,36.03499984741211,36.03499984741211,1873,0.0,0.0
2024-11-28 13:48:00+01:00,36.029998779296875,36.029998779296875,36.029998779296875,36.029998779296875,1082,0.0,0.0
2024-11-28 13:49:00+01:00,36.025001525878906,36.03499984741211,36.025001525878906,36.029998779296875,1301,0.0,0.0
2024-11-28 13:50:00+01:00,36.03499984741211,36.03499984741211,36.029998779296875,36.03499984741211,1775,0.0,0.0
2024-11-28 13:51:00+01:00,36.03499984741211,36.040000915527344,36.02000045776367,36.025001525878906,2086,0.0,0.0
2024-11-28 13:52:00+01:00,36.02000045776367,36.02000045776367,36.02000045776367,36.02000045776367,100,0.0,0.0
2024-11-28 13:53:00+01:00,36.029998779296875,36.029998779296875,36.02000045776367,36.02000045776367,60,0.0,0.0
2024-11-28 13:54:00+01:00,36.01499938964844,36.01499938964844,36.0099983215332,36.01499938964844,2011,0.0,0.0
2024-11-28 13:55:00+01:00,36.02000045776367,36.040000915527344,36.02000045776367,36.025001525878906,1903,0.0,0.0
2024-11-28 13:56:00+01:00,36.03499984741211,36.03499984741211,36.03499984741211,36.03499984741211,200,0.0,0.0
2024-11-28 13:57:00+01:00,36.04499816894531,36.04999923706055,36.04499816894531,36.04999923706055,571,0.0,0.0
2024-11-28 13:58:00+01:00,36.04999923706055,36.060001373291016,36.04999923706055,36.060001373291016,2072,0.0,0.0
2024-11-28 13:59:00+01:00,36.04999923706055,36.05500030517578,36.04499816894531,36.04499816894531,1701,0.0,0.0
2024-11-28 14:00:00+01:00,36.040000915527344,36.05500030517578,36.03499984741211,36.03499984741211,4423,0.0,0.0
2024-11-28 14:01:00+01:00,36.029998779296875,36.040000915527344,36.025001525878906,36.040000915527344,1771,0.0,0.0
2024-11-28 14:02:00+01:00,36.05500030517578,36.060001373291016,36.040000915527344,36.04499816894531,1787,0.0,0.0
2024-11-28 14:03:00+01:00,36.040000915527344,36.04999923706055,36.040000915527344,36.04999923706055,1497,0.0,0.0
2024-11-28 14:04:00+01:00,36.04999923706055,36.04999923706055,36.04999923706055,36.04999923706055,419,0.0,0.0
2024-11-28 14:05:00+01:00,36.05500030517578,36.06999969482422,36.05500030517578,36.06999969482422,1495,0.0,0.0
2024-11-28 14:06:00+01:00,36.06999969482422,36.07500076293945,36.05500030517578,36.05500030517578,6053,0.0,0.0
2024-11-28 14:07:00+01:00,36.05500030517578,36.06999969482422,36.05500030517578,36.060001373291016,2451,0.0,0.0
2024-11-28 14:08:00+01:00,36.064998626708984,36.06999969482422,36.060001373291016,36.060001373291016,685,0.0,0.0
2024-11-28 14:09:00+01:00,36.060001373291016,36.06999969482422,36.060001373291016,36.06999969482422,2184,0.0,0.0
2024-11-28 14:10:00+01:00,36.06999969482422,36.07500076293945,36.064998626708984,36.064998626708984,2002,0.0,0.0
2024-11-28 14:11:00+01:00,36.06999969482422,36.06999969482422,36.064998626708984,36.064998626708984,1572,0.0,0.0
2024-11-28 14:12:00+01:00,36.060001373291016,36.060001373291016,36.040000915527344,36.040000915527344,3667,0.0,0.0
2024-11-28 14:13:00+01:00,36.03499984741211,36.040000915527344,36.03499984741211,36.040000915527344,1490,0.0,0.0
2024-11-28 14:14:00+01:00,36.04499816894531,36.05500030517578,36.04499816894531,36.04999923706055,2503,0.0,0.0
2024-11-28 14:15:00+01:00,36.04999923706055,36.05500030517578,36.04999923706055,36.05500030517578,719,0.0,0.0
2024-11-28 14:16:00+01:00,36.05500030517578,36.05500030517578,36.040000915527344,36.040000915527344,620,0.0,0.0
2024-11-28 14:17:00+01:00,36.040000915527344,36.04999923706055,36.03499984741211,36.04499816894531,3247,0.0,0.0
2024-11-28 14:18:00+01:00,36.04499816894531,36.04499816894531,36.03499984741211,36.03499984741211,697,0.0,0.0
2024-11-28 14:19:00+01:00,36.03499984741211,36.04999923706055,36.03499984741211,36.040000915527344,5158,0.0,0.0
2024-11-28 14:20:00+01:00,36.03499984741211,36.03499984741211,36.029998779296875,36.029998779296875,2838,0.0,0.0
2024-11-28 14:21:00+01:00,36.025001525878906,36.025001525878906,36.02000045776367,36.02000045776367,1785,0.0,0.0
2024-11-28 14:22:00+01:00,36.01499938964844,36.01499938964844,36.005001068115234,36.005001068115234,1144,0.0,0.0
2024-11-28 14:23:00+01:00,36.0099983215332,36.02000045776367,36.0099983215332,36.02000045776367,1836,0.0,0.0
2024-11-28 14:24:00+01:00,36.02000045776367,36.02000045776367,36.0099983215332,36.0099983215332,1486,0.0,0.0
2024-11-28 14:25:00+01:00,36.0099983215332,36.0099983215332,36.0099983215332,36.0099983215332,708,0.0,0.0
2024-11-28 14:26:00+01:00,36.01499938964844,36.029998779296875,36.01499938964844,36.01499938964844,3959,0.0,0.0
2024-11-28 14:27:00+01:00,36.0099983215332,36.025001525878906,36.0099983215332,36.025001525878906,2002,0.0,0.0
2024-11-28 14:28:00+01:00,36.02000045776367,36.040000915527344,36.02000045776367,36.040000915527344,3262,0.0,0.0
2024-11-28 14:29:00+01:00,36.03499984741211,36.040000915527344,36.03499984741211,36.040000915527344,4009,0.0,0.0
2024-11-28 14:30:00+01:00,36.03499984741211,36.05500030517578,36.03499984741211,36.040000915527344,2619,0.0,0.0
2024-11-28 14:31:00+01:00,36.03499984741211,36.03499984741211,36.025001525878906,36.029998779296875,1941,0.0,0.0
2024-11-28 14:32:00+01:00,36.025001525878906,36.029998779296875,36.01499938964844,36.029998779296875,1345,0.0,0.0
2024-11-28 14:33:00+01:00,36.029998779296875,36.029998779296875,36.02000045776367,36.02000045776367,1638,0.0,0.0
2024-11-28 14:34:00+01:00,36.02000045776367,36.02000045776367,35.994998931884766,36.0,13615,0.0,0.0
2024-11-28 14:35:00+01:00,36.0099983215332,36.025001525878906,36.0099983215332,36.02000045776367,4457,0.0,0.0
2024-11-28 14:36:00+01:00,36.02000045776367,36.025001525878906,36.0099983215332,36.0099983215332,2325,0.0,0.0
2024-11-28 14:37:00+01:00,36.0099983215332,36.025001525878906,36.0099983215332,36.025001525878906,3089,0.0,0.0
2024-11-28 14:38:00+01:00,36.025001525878906,36.029998779296875,36.025001525878906,36.025001525878906,1541,0.0,0.0
2024-11-28 14:39:00+01:00,36.02000045776367,36.040000915527344,36.02000045776367,36.03499984741211,2473,0.0,0.0
2024-11-28 14:40:00+01:00,36.04499816894531,36.04999923706055,36.04499816894531,36.04999923706055,1189,0.0,0.0
2024-11-28 14:41:00+01:00,36.04999923706055,36.07500076293945,36.04999923706055,36.064998626708984,4402,0.0,0.0
2024-11-28 14:42:00+01:00,36.07500076293945,36.07500076293945,36.060001373291016,36.060001373291016,541,0.0,0.0
2024-11-28 14:43:00+01:00,36.060001373291016,36.084999084472656,36.05500030517578,36.064998626708984,12549,0.0,0.0
2024-11-28 14:44:00+01:00,36.060001373291016,36.06999969482422,36.03499984741211,36.060001373291016,7236,0.0,0.0
2024-11-28 14:45:00+01:00,36.060001373291016,36.060001373291016,36.04999923706055,36.04999923706055,1105,0.0,0.0
2024-11-28 14:46:00+01:00,36.060001373291016,36.060001373291016,36.060001373291016,36.060001373291016,1196,0.0,0.0
2024-11-28 14:47:00+01:00,36.05500030517578,36.05500030517578,36.029998779296875,36.040000915527344,2750,0.0,0.0
2024-11-28 14:48:00+01:00,36.040000915527344,36.040000915527344,36.025001525878906,36.025001525878906,1285,0.0,0.0
2024-11-28 14:49:00+01:00,36.025001525878906,36.025001525878906,36.025001525878906,36.025001525878906,153,0.0,0.0
2024-11-28 14:50:00+01:00,36.040000915527344,36.060001373291016,36.040000915527344,36.060001373291016,2497,0.0,0.0
2024-11-28 14:51:00+01:00,36.064998626708984,36.07500076293945,36.064998626708984,36.07500076293945,1536,0.0,0.0
2024-11-28 14:52:00+01:00,36.08000183105469,36.08000183105469,36.05500030517578,36.05500030517578,2131,0.0,0.0
2024-11-28 14:53:00+01:00,36.064998626708984,36.064998626708984,36.064998626708984,36.064998626708984,914,0.0,0.0
2024-11-28 14:54:00+01:00,36.064998626708984,36.064998626708984,36.060001373291016,36.060001373291016,2060,0.0,0.0
2024-11-28 14:55:00+01:00,36.05500030517578,36.060001373291016,36.04999923706055,36.04999923706055,4074,0.0,0.0
2024-11-28 14:56:00+01:00,36.04999923706055,36.04999923706055,36.04499816894531,36.04499816894531,423,0.0,0.0
2024-11-28 14:57:00+01:00,36.03499984741211,36.03499984741211,36.025001525878906,36.025001525878906,2112,0.0,0.0
2024-11-28 14:58:00+01:00,36.02000045776367,36.025001525878906,36.02000045776367,36.02000045776367,1726,0.0,0.0
2024-11-28 14:59:00+01:00,36.029998779296875,36.029998779296875,36.025001525878906,36.025001525878906,782,0.0,0.0
2024-11-28 15:00:00+01:00,36.029998779296875,36.029998779296875,36.02000045776367,36.029998779296875,5726,0.0,0.0
2024-11-28 15:01:00+01:00,36.029998779296875,36.04999923706055,36.029998779296875,36.04499816894531,3374,0.0,0.0
2024-11-28 15:02:00+01:00,36.040000915527344,36.084999084472656,36.03499984741211,36.07500076293945,13744,0.0,0.0
2024-11-28 15:03:00+01:00,36.08000183105469,36.08000183105469,36.06999969482422,36.06999969482422,748,0.0,0.0
2024-11-28 15:04:00+01:00,36.07500076293945,36.1150016784668,36.07500076293945,36.084999084472656,31427,0.0,0.0
2024-11-28 15:05:00+01:00,36.08000183105469,36.095001220703125,36.08000183105469,36.09000015258789,3492,0.0,0.0
2024-11-28 15:07:00+01:00,36.084999084472656,36.084999084472656,36.06999969482422,36.06999969482422,2241,0.0,0.0
2024-11-28 15:08:00+01:00,36.06999969482422,36.130001068115234,36.06999969482422,36.1150016784668,25809,0.0,0.0
2024-11-28 15:09:00+01:00,36.119998931884766,36.220001220703125,36.119998931884766,36.19499969482422,37024,0.0,0.0
2024-11-28 15:10:00+01:00,36.19499969482422,36.19499969482422,36.165000915527344,36.17499923706055,6790,0.0,0.0
2024-11-28 15:11:00+01:00,36.16999816894531,36.19499969482422,36.165000915527344,36.16999816894531,7849,0.0,0.0
2024-11-28 15:12:00+01:00,36.17499923706055,36.209999084472656,36.165000915527344,36.20000076293945,16631,0.0,0.0
2024-11-28 15:13:00+01:00,36.189998626708984,36.189998626708984,36.16999816894531,36.16999816894531,2276,0.0,0.0
2024-11-28 15:14:00+01:00,36.165000915527344,36.16999816894531,36.154998779296875,36.16999816894531,3529,0.0,0.0
2024-11-28 15:15:00+01:00,36.165000915527344,36.16999816894531,36.150001525878906,36.150001525878906,8602,0.0,0.0
2024-11-28 15:16:00+01:00,36.154998779296875,36.165000915527344,36.150001525878906,36.165000915527344,8789,0.0,0.0
2024-11-28 15:17:00+01:00,36.154998779296875,36.165000915527344,36.154998779296875,36.165000915527344,9258,0.0,0.0
2024-11-28 15:18:00+01:00,36.165000915527344,36.20500183105469,36.165000915527344,36.20500183105469,15678,0.0,0.0
2024-11-28 15:19:00+01:00,36.189998626708984,36.22999954223633,36.189998626708984,36.224998474121094,10762,0.0,0.0
2024-11-28 15:20:00+01:00,36.22999954223633,36.23500061035156,36.185001373291016,36.20500183105469,9013,0.0,0.0
2024-11-28 15:21:00+01:00,36.220001220703125,36.224998474121094,36.209999084472656,36.224998474121094,1774,0.0,0.0
2024-11-28 15:22:00+01:00,36.224998474121094,36.22999954223633,36.21500015258789,36.220001220703125,3790,0.0,0.0
2024-11-28 15:23:00+01:00,36.220001220703125,36.22999954223633,36.220001220703125,36.224998474121094,1611,0.0,0.0
2024-11-28 15:24:00+01:00,36.23500061035156,36.23500061035156,36.21500015258789,36.220001220703125,2822,0.0,0.0
2024-11-28 15:25:00+01:00,36.220001220703125,36.22999954223633,36.21500015258789,36.22999954223633,3676,0.0,0.0
2024-11-28 15:26:00+01:00,36.22999954223633,36.22999954223633,36.22999954223633,36.22999954223633,1141,0.0,0.0
2024-11-28 15:27:00+01:00,36.22999954223633,36.2400016784668,36.224998474121094,36.2400016784668,18070,0.0,0.0
2024-11-28 15:28:00+01:00,36.244998931884766,36.255001068115234,36.23500061035156,36.25,11585,0.0,0.0
2024-11-28 15:29:00+01:00,36.25,36.2599983215332,36.25,36.25,6740,0.0,0.0
2024-11-28 15:30:00+01:00,36.244998931884766,36.244998931884766,36.22999954223633,36.22999954223633,1321,0.0,0.0
2024-11-28 15:31:00+01:00,36.23500061035156,36.2400016784668,36.23500061035156,36.2400016784668,1430,0.0,0.0
2024-11-28 15:32:00+01:00,36.23500061035156,36.244998931884766,36.23500061035156,36.2400016784668,3703,0.0,0.0
2024-11-28 15:33:00+01:00,36.244998931884766,36.244998931884766,36.220001220703125,36.220001220703125,3905,0.0,0.0
2024-11-28 15:34:00+01:00,36.220001220703125,36.224998474121094,36.21500015258789,36.21500015258789,3877,0.0,0.0
2024-11-28 15:35:00+01:00,36.21500015258789,36.22999954223633,36.209999084472656,36.209999084472656,2354,0.0,0.0
2024-11-28 15:36:00+01:00,36.209999084472656,36.209999084472656,36.20000076293945,36.209999084472656,734,0.0,0.0
2024-11-28 15:37:00+01:00,36.220001220703125,36.22999954223633,36.220001220703125,36.224998474121094,1123,0.0,0.0
2024-11-28 15:38:00+01:00,36.21500015258789,36.22999954223633,36.21500015258789,36.224998474121094,2007,0.0,0.0
2024-11-28 15:39:00+01:00,36.220001220703125,36.220001220703125,36.20500183105469,36.20500183105469,3641,0.0,0.0
2024-11-28 15:40:00+01:00,36.209999084472656,36.23500061035156,36.209999084472656,36.23500061035156,4859,0.0,0.0
2024-11-28 15:41:00+01:00,36.23500061035156,36.2400016784668,36.22999954223633,36.2400016784668,1922,0.0,0.0
2024-11-28 15:42:00+01:00,36.23500061035156,36.2599983215332,36.23500061035156,36.25,16413,0.0,0.0
2024-11-28 15:43:00+01:00,36.255001068115234,36.2599983215332,36.244998931884766,36.25,2329,0.0,0.0
2024-11-28 15:44:00+01:00,36.255001068115234,36.27000045776367,36.25,36.26499938964844,4780,0.0,0.0
2024-11-28 15:45:00+01:00,36.2599983215332,36.26499938964844,36.2599983215332,36.26499938964844,714,0.0,0.0
2024-11-28 15:46:00+01:00,36.27000045776367,36.27000045776367,36.255001068115234,36.255001068115234,8492,0.0,0.0
2024-11-28 15:47:00+01:00,36.25,36.25,36.244998931884766,36.244998931884766,214,0.0,0.0
2024-11-28 15:48:00+01:00,36.25,36.26499938964844,36.25,36.255001068115234,2641,0.0,0.0
2024-11-28 15:49:00+01:00,36.26499938964844,36.27000045776367,36.25,36.255001068115234,7154,0.0,0.0
2024-11-28 15:50:00+01:00,36.255001068115234,36.2599983215332,36.25,36.2599983215332,4254,0.0,0.0
2024-11-28 15:51:00+01:00,36.26499938964844,36.27000045776367,36.23500061035156,36.2400016784668,7712,0.0,0.0
2024-11-28 15:52:00+01:00,36.2400016784668,36.2400016784668,36.22999954223633,36.22999954223633,3716,0.0,0.0
2024-11-28 15:53:00+01:00,36.22999954223633,36.255001068115234,36.22999954223633,36.255001068115234,2933,0.0,0.0
2024-11-28 15:54:00+01:00,36.255001068115234,36.27000045776367,36.25,36.27000045776367,2991,0.0,0.0
2024-11-28 15:55:00+01:00,36.2599983215332,36.2599983215332,36.255001068115234,36.255001068115234,1496,0.0,0.0
2024-11-28 15:56:00+01:00,36.2599983215332,36.279998779296875,36.2599983215332,36.27000045776367,3280,0.0,0.0
2024-11-28 15:57:00+01:00,36.27000045776367,36.27000045776367,36.255001068115234,36.255001068115234,1667,0.0,0.0
2024-11-28 15:58:00+01:00,36.255001068115234,36.255001068115234,36.224998474121094,36.224998474121094,8112,0.0,0.0
2024-11-28 15:59:00+01:00,36.22999954223633,36.22999954223633,36.224998474121094,36.22999954223633,1751,0.0,0.0
2024-11-28 16:00:00+01:00,36.220001220703125,36.220001220703125,36.18000030517578,36.189998626708984,19230,0.0,0.0
2024-11-28 16:01:00+01:00,36.189998626708984,36.189998626708984,36.18000030517578,36.185001373291016,11010,0.0,0.0
2024-11-28 16:02:00+01:00,36.189998626708984,36.189998626708984,36.16999816894531,36.18000030517578,18510,0.0,0.0
2024-11-28 16:03:00+01:00,36.18000030517578,36.18000030517578,36.14500045776367,36.14500045776367,10216,0.0,0.0
2024-11-28 16:04:00+01:00,36.150001525878906,36.165000915527344,36.14500045776367,36.165000915527344,4774,0.0,0.0
2024-11-28 16:05:00+01:00,36.16999816894531,36.19499969482422,36.16999816894531,36.189998626708984,4173,0.0,0.0
2024-11-28 16:06:00+01:00,36.20000076293945,36.21500015258789,36.20000076293945,36.209999084472656,6596,0.0,0.0
2024-11-28 16:07:00+01:00,36.209999084472656,36.220001220703125,36.209999084472656,36.209999084472656,3029,0.0,0.0
2024-11-28 16:08:00+01:00,36.209999084472656,36.21500015258789,36.20500183105469,36.20500183105469,729,0.0,0.0
2024-11-28 16:09:00+01:00,36.209999084472656,36.21500015258789,36.20000076293945,36.20500183105469,3937,0.0,0.0
2024-11-28 16:10:00+01:00,36.209999084472656,36.220001220703125,36.20500183105469,36.209999084472656,2737,0.0,0.0
2024-11-28 16:11:00+01:00,36.209999084472656,36.22999954223633,36.20500183105469,36.21500015258789,3603,0.0,0.0
2024-11-28 16:12:00+01:00,36.220001220703125,36.220001220703125,36.20000076293945,36.209999084472656,3018,0.0,0.0
2024-11-28 16:13:00+01:00,36.189998626708984,36.20000076293945,36.189998626708984,36.189998626708984,3601,0.0,0.0
2024-11-28 16:14:00+01:00,36.189998626708984,36.189998626708984,36.17499923706055,36.185001373291016,1050,0.0,0.0
2024-11-28 16:15:00+01:00,36.189998626708984,36.220001220703125,36.18000030517578,36.209999084472656,3717,0.0,0.0
2024-11-28 16:16:00+01:00,36.21500015258789,36.224998474121094,36.20500183105469,36.20500183105469,2911,0.0,0.0
2024-11-28 16:17:00+01:00,36.209999084472656,36.209999084472656,36.20000076293945,36.20500183105469,2578,0.0,0.0
2024-11-28 16:18:00+01:00,36.20500183105469,36.209999084472656,36.19499969482422,36.209999084472656,1450,0.0,0.0
2024-11-28 16:19:00+01:00,36.21500015258789,36.21500015258789,36.20000076293945,36.21500015258789,3808,0.0,0.0
2024-11-28 16:20:00+01:00,36.21500015258789,36.224998474121094,36.21500015258789,36.224998474121094,4132,0.0,0.0
2024-11-28 16:21:00+01:00,36.224998474121094,36.22999954223633,36.220001220703125,36.22999954223633,6103,0.0,0.0
2024-11-28 16:22:00+01:00,36.23500061035156,36.23500061035156,36.23500061035156,36.23500061035156,856,0.0,0.0
2024-11-28 16:23:00+01:00,36.2400016784668,36.255001068115234,36.2400016784668,36.25,15679,0.0,0.0
2024-11-28 16:24:00+01:00,36.25,36.25,36.25,36.25,667,0.0,0.0
2024-11-28 16:25:00+01:00,36.2599983215332,36.27000045776367,36.255001068115234,36.27000045776367,1673,0.0,0.0
2024-11-28 16:26:00+01:00,36.27000045776367,36.27000045776367,36.255001068115234,36.255001068115234,5294,0.0,0.0
2024-11-28 16:27:00+01:00,36.2599983215332,36.26499938964844,36.2400016784668,36.2400016784668,1295,0.0,0.0
2024-11-28 16:28:00+01:00,36.23500061035156,36.25,36.22999954223633,36.22999954223633,1970,0.0,0.0
2024-11-28 16:29:00+01:00,36.22999954223633,36.244998931884766,36.224998474121094,36.244998931884766,4306,0.0,0.0
2024-11-28 16:30:00+01:00,36.2599983215332,36.27000045776367,36.255001068115234,36.26499938964844,6002,0.0,0.0
2024-11-28 16:31:00+01:00,36.26499938964844,36.275001525878906,36.26499938964844,36.275001525878906,3870,0.0,0.0
2024-11-28 16:32:00+01:00,36.26499938964844,36.27000045776367,36.255001068115234,36.255001068115234,3349,0.0,0.0
2024-11-28 16:33:00+01:00,36.255001068115234,36.27000045776367,36.255001068115234,36.27000045776367,11924,0.0,0.0
2024-11-28 16:34:00+01:00,36.27000045776367,36.275001525878906,36.2599983215332,36.275001525878906,2298,0.0,0.0
2024-11-28 16:35:00+01:00,36.279998779296875,36.30500030517578,36.279998779296875,36.30500030517578,18608,0.0,0.0
2024-11-28 16:36:00+01:00,36.310001373291016,36.310001373291016,36.27000045776367,36.275001525878906,9340,0.0,0.0
2024-11-28 16:37:00+01:00,36.27000045776367,36.27000045776367,36.209999084472656,36.220001220703125,13495,0.0,0.0
2024-11-28 16:38:00+01:00,36.209999084472656,36.209999084472656,36.189998626708984,36.209999084472656,21973,0.0,0.0
2024-11-28 16:39:00+01:00,36.209999084472656,36.209999084472656,36.18000030517578,36.185001373291016,7380,0.0,0.0
2024-11-28 16:40:00+01:00,36.189998626708984,36.209999084472656,36.189998626708984,36.20500183105469,6761,0.0,0.0
2024-11-28 16:41:00+01:00,36.20500183105469,36.209999084472656,36.19499969482422,36.19499969482422,3267,0.0,0.0
2024-11-28 16:42:00+01:00,36.19499969482422,36.19499969482422,36.185001373291016,36.189998626708984,5909,0.0,0.0
2024-11-28 16:43:00+01:00,36.189998626708984,36.20500183105469,36.185001373291016,36.20500183105469,4956,0.0,0.0
2024-11-28 16:44:00+01:00,36.20500183105469,36.224998474121094,36.19499969482422,36.220001220703125,8812,0.0,0.0
2024-11-28 16:45:00+01:00,36.224998474121094,36.224998474121094,36.209999084472656,36.220001220703125,4157,0.0,0.0
2024-11-28 16:46:00+01:00,36.224998474121094,36.244998931884766,36.224998474121094,36.23500061035156,5288,0.0,0.0
2024-11-28 16:47:00+01:00,36.23500061035156,36.25,36.23500061035156,36.25,3725,0.0,0.0
2024-11-28 16:48:00+01:00,36.25,36.25,36.22999954223633,36.2400016784668,10148,0.0,0.0
2024-11-28 16:49:00+01:00,36.244998931884766,36.25,36.244998931884766,36.25,973,0.0,0.0
2024-11-28 16:50:00+01:00,36.255001068115234,36.255001068115234,36.2400016784668,36.244998931884766,1520,0.0,0.0
2024-11-28 16:51:00+01:00,36.2400016784668,36.2400016784668,36.224998474121094,36.224998474121094,2621,0.0,0.0
2024-11-28 16:52:00+01:00,36.22999954223633,36.2599983215332,36.22999954223633,36.255001068115234,10454,0.0,0.0
2024-11-28 16:53:00+01:00,36.244998931884766,36.255001068115234,36.244998931884766,36.25,5922,0.0,0.0
2024-11-28 16:54:00+01:00,36.2599983215332,36.2599983215332,36.2400016784668,36.25,3230,0.0,0.0
2024-11-28 16:55:00+01:00,36.25,36.255001068115234,36.224998474121094,36.2400016784668,9483,0.0,0.0
2024-11-28 16:56:00+01:00,36.2400016784668,36.25,36.22999954223633,36.25,7691,0.0,0.0
2024-11-28 16:57:00+01:00,36.244998931884766,36.25,36.244998931884766,36.25,3266,0.0,0.0
2024-11-28 16:58:00+01:00,36.244998931884766,36.25,36.23500061035156,36.25,12305,0.0,0.0
2024-11-28 16:59:00+01:00,36.25,36.255001068115234,36.21500015258789,36.21500015258789,6763,0.0,0.0
2024-11-28 17:00:00+01:00,36.220001220703125,36.25,36.21500015258789,36.244998931884766,7439,0.0,0.0
2024-11-28 17:01:00+01:00,36.25,36.26499938964844,36.244998931884766,36.26499938964844,7015,0.0,0.0
2024-11-28 17:02:00+01:00,36.2599983215332,36.2599983215332,36.244998931884766,36.255001068115234,4926,0.0,0.0
2024-11-28 17:03:00+01:00,36.25,36.255001068115234,36.244998931884766,36.255001068115234,1336,0.0,0.0
2024-11-28 17:04:00+01:00,36.25,36.25,36.23500061035156,36.25,19244,0.0,0.0
2024-11-28 17:05:00+01:00,36.25,36.25,36.244998931884766,36.25,7044,0.0,0.0
2024-11-28 17:06:00+01:00,36.25,36.255001068115234,36.2400016784668,36.2400016784668,5694,0.0,0.0
2024-11-28 17:07:00+01:00,36.25,36.25,36.23500061035156,36.2400016784668,1099,0.0,0.0
2024-11-28 17:08:00+01:00,36.2400016784668,36.25,36.2400016784668,36.25,3832,0.0,0.0
2024-11-28 17:09:00+01:00,36.255001068115234,36.2599983215332,36.23500061035156,36.23500061035156,7153,0.0,0.0
2024-11-28 17:10:00+01:00,36.244998931884766,36.27000045776367,36.244998931884766,36.26499938964844,17226,0.0,0.0
2024-11-28 17:11:00+01:00,36.26499938964844,36.27000045776367,36.255001068115234,36.2599983215332,5288,0.0,0.0
2024-11-28 17:12:00+01:00,36.2599983215332,36.2599983215332,36.244998931884766,36.255001068115234,4755,0.0,0.0
2024-11-28 17:13:00+01:00,36.255001068115234,36.2599983215332,36.255001068115234,36.2599983215332,7548,0.0,0.0
2024-11-28 17:14:00+01:00,36.26499938964844,36.290000915527344,36.25,36.255001068115234,24207,0.0,0.0
2024-11-28 17:15:00+01:00,36.255001068115234,36.2599983215332,36.25,36.2599983215332,7539,0.0,0.0
2024-11-28 17:16:00+01:00,36.255001068115234,36.255001068115234,36.244998931884766,36.255001068115234,3567,0.0,0.0
2024-11-28 17:17:00+01:00,36.25,36.255001068115234,36.2400016784668,36.25,29537,0.0,0.0
2024-11-28 17:18:00+01:00,36.25,36.255001068115234,36.244998931884766,36.255001068115234,5454,0.0,0.0
2024-11-28 17:19:00+01:00,36.25,36.25,36.2400016784668,36.244998931884766,8052,0.0,0.0
2024-11-28 17:20:00+01:00,36.25,36.2599983215332,36.25,36.2599983215332,6121,0.0,0.0
2024-11-28 17:21:00+01:00,36.2599983215332,36.2599983215332,36.25,36.25,19670,0.0,0.0
2024-11-28 17:22:00+01:00,36.255001068115234,36.255001068115234,36.25,36.255001068115234,5816,0.0,0.0
2024-11-28 17:23:00+01:00,36.25,36.25,36.2400016784668,36.2400016784668,4727,0.0,0.0
2024-11-28 17:24:00+01:00,36.2400016784668,36.244998931884766,36.21500015258789,36.220001220703125,20369,0.0,0.0
2024-11-28 17:25:00+01:00,36.220001220703125,36.220001220703125,36.209999084472656,36.21500015258789,14698,0.0,0.0
2024-11-28 17:26:00+01:00,36.21500015258789,36.21500015258789,36.209999084472656,36.209999084472656,1516,0.0,0.0
2024-11-28 17:27:00+01:00,36.220001220703125,36.220001220703125,36.21500015258789,36.220001220703125,11447,0.0,0.0
2024-11-28 17:28:00+01:00,36.224998474121094,36.22999954223633,36.21500015258789,36.220001220703125,23004,0.0,0.0
2024-11-28 17:29:00+01:00,36.21500015258789,36.224998474121094,36.20500183105469,36.209999084472656,26725,0.0,0.0
