time,Open,High,Low,Close,Volume,Dividends,Stock Splits
2024-12-19 09:00:00+01:00,38.29999923706055,38.560001373291016,38.279998779296875,38.35499954223633,0,0.0,0.0
2024-12-19 09:01:00+01:00,38.400001525878906,38.44499969482422,38.27000045776367,38.44499969482422,98498,0.0,0.0
2024-12-19 09:02:00+01:00,38.435001373291016,38.45000076293945,38.314998626708984,38.345001220703125,33300,0.0,0.0
2024-12-19 09:03:00+01:00,38.334999084472656,38.36000061035156,38.275001525878906,38.290000915527344,57357,0.0,0.0
2024-12-19 09:04:00+01:00,38.28499984741211,38.30500030517578,38.21500015258789,38.22999954223633,22389,0.0,0.0
2024-12-19 09:05:00+01:00,38.220001220703125,38.22999954223633,38.13999938964844,38.18000030517578,34719,0.0,0.0
2024-12-19 09:06:00+01:00,38.16999816894531,38.209999084472656,38.16999816894531,38.19499969482422,23502,0.0,0.0
2024-12-19 09:07:00+01:00,38.20000076293945,38.22999954223633,38.18000030517578,38.22999954223633,14953,0.0,0.0
2024-12-19 09:08:00+01:00,38.220001220703125,38.290000915527344,38.220001220703125,38.255001068115234,43244,0.0,0.0
2024-12-19 09:09:00+01:00,38.2599983215332,38.28499984741211,38.23500061035156,38.2400016784668,17716,0.0,0.0
2024-12-19 09:10:00+01:00,38.2400016784668,38.25,38.20000076293945,38.244998931884766,25483,0.0,0.0
2024-12-19 09:11:00+01:00,38.2400016784668,38.2400016784668,38.209999084472656,38.21500015258789,18084,0.0,0.0
2024-12-19 09:12:00+01:00,38.20500183105469,38.23500061035156,38.189998626708984,38.21500015258789,25908,0.0,0.0
2024-12-19 09:13:00+01:00,38.21500015258789,38.224998474121094,38.20000076293945,38.224998474121094,8978,0.0,0.0
2024-12-19 09:14:00+01:00,38.20000076293945,38.20000076293945,38.165000915527344,38.18000030517578,9450,0.0,0.0
2024-12-19 09:15:00+01:00,38.165000915527344,38.18000030517578,38.150001525878906,38.18000030517578,14645,0.0,0.0
2024-12-19 09:16:00+01:00,38.17499923706055,38.185001373291016,38.17499923706055,38.18000030517578,3432,0.0,0.0
2024-12-19 09:17:00+01:00,38.17499923706055,38.20500183105469,38.16999816894531,38.20000076293945,4383,0.0,0.0
2024-12-19 09:18:00+01:00,38.19499969482422,38.20500183105469,38.13999938964844,38.20500183105469,18007,0.0,0.0
2024-12-19 09:19:00+01:00,38.209999084472656,38.209999084472656,38.165000915527344,38.17499923706055,16262,0.0,0.0
2024-12-19 09:20:00+01:00,38.185001373291016,38.21500015258789,38.17499923706055,38.21500015258789,5771,0.0,0.0
2024-12-19 09:21:00+01:00,38.224998474121094,38.2599983215332,38.224998474121094,38.2599983215332,18738,0.0,0.0
2024-12-19 09:22:00+01:00,38.2400016784668,38.26499938964844,38.2400016784668,38.255001068115234,8355,0.0,0.0
2024-12-19 09:23:00+01:00,38.244998931884766,38.30500030517578,38.244998931884766,38.30500030517578,16002,0.0,0.0
2024-12-19 09:24:00+01:00,38.29499816894531,38.349998474121094,38.29499816894531,38.345001220703125,21678,0.0,0.0
2024-12-19 09:25:00+01:00,38.34000015258789,38.349998474121094,38.314998626708984,38.345001220703125,7276,0.0,0.0
2024-12-19 09:26:00+01:00,38.334999084472656,38.334999084472656,38.275001525878906,38.279998779296875,21394,0.0,0.0
2024-12-19 09:27:00+01:00,38.28499984741211,38.310001373291016,38.28499984741211,38.310001373291016,11685,0.0,0.0
2024-12-19 09:28:00+01:00,38.30500030517578,38.345001220703125,38.30500030517578,38.314998626708984,8224,0.0,0.0
2024-12-19 09:29:00+01:00,38.310001373291016,38.32500076293945,38.290000915527344,38.290000915527344,14414,0.0,0.0
2024-12-19 09:30:00+01:00,38.29499816894531,38.33000183105469,38.290000915527344,38.314998626708984,7589,0.0,0.0
2024-12-19 09:31:00+01:00,38.29999923706055,38.34000015258789,38.28499984741211,38.31999969482422,5622,0.0,0.0
2024-12-19 09:32:00+01:00,38.33000183105469,38.334999084472656,38.314998626708984,38.31999969482422,6232,0.0,0.0
2024-12-19 09:33:00+01:00,38.32500076293945,38.349998474121094,38.31999969482422,38.31999969482422,12780,0.0,0.0
2024-12-19 09:34:00+01:00,38.31999969482422,38.31999969482422,38.28499984741211,38.290000915527344,13023,0.0,0.0
2024-12-19 09:35:00+01:00,38.28499984741211,38.349998474121094,38.28499984741211,38.345001220703125,8356,0.0,0.0
2024-12-19 09:36:00+01:00,38.345001220703125,38.345001220703125,38.334999084472656,38.345001220703125,2798,0.0,0.0
2024-12-19 09:37:00+01:00,38.34000015258789,38.34000015258789,38.31999969482422,38.31999969482422,1681,0.0,0.0
2024-12-19 09:38:00+01:00,38.32500076293945,38.3849983215332,38.32500076293945,38.3849983215332,9678,0.0,0.0
2024-12-19 09:39:00+01:00,38.38999938964844,38.41999816894531,38.38999938964844,38.41999816894531,18555,0.0,0.0
2024-12-19 09:40:00+01:00,38.41999816894531,38.43000030517578,38.400001525878906,38.404998779296875,12356,0.0,0.0
2024-12-19 09:41:00+01:00,38.39500045776367,38.43000030517578,38.38999938964844,38.404998779296875,6677,0.0,0.0
2024-12-19 09:42:00+01:00,38.40999984741211,38.435001373291016,38.404998779296875,38.43000030517578,9364,0.0,0.0
2024-12-19 09:43:00+01:00,38.42499923706055,38.43000030517578,38.40999984741211,38.415000915527344,3812,0.0,0.0
2024-12-19 09:44:00+01:00,38.40999984741211,38.415000915527344,38.404998779296875,38.415000915527344,16593,0.0,0.0
2024-12-19 09:45:00+01:00,38.404998779296875,38.404998779296875,38.380001068115234,38.380001068115234,4831,0.0,0.0
2024-12-19 09:46:00+01:00,38.3849983215332,38.39500045776367,38.375,38.380001068115234,3341,0.0,0.0
2024-12-19 09:47:00+01:00,38.38999938964844,38.39500045776367,38.375,38.375,898,0.0,0.0
2024-12-19 09:48:00+01:00,38.3650016784668,38.404998779296875,38.36000061035156,38.3650016784668,15714,0.0,0.0
2024-12-19 09:49:00+01:00,38.380001068115234,38.38999938964844,38.375,38.375,11081,0.0,0.0
2024-12-19 09:50:00+01:00,38.380001068115234,38.400001525878906,38.36000061035156,38.3849983215332,14518,0.0,0.0
2024-12-19 09:51:00+01:00,38.3849983215332,38.42499923706055,38.380001068115234,38.42499923706055,4428,0.0,0.0
2024-12-19 09:52:00+01:00,38.43000030517578,38.43000030517578,38.41999816894531,38.43000030517578,1782,0.0,0.0
2024-12-19 09:53:00+01:00,38.43000030517578,38.43000030517578,38.41999816894531,38.41999816894531,1185,0.0,0.0
2024-12-19 09:54:00+01:00,38.415000915527344,38.435001373291016,38.40999984741211,38.42499923706055,3687,0.0,0.0
2024-12-19 09:55:00+01:00,38.439998626708984,38.459999084472656,38.439998626708984,38.459999084472656,5986,0.0,0.0
2024-12-19 09:56:00+01:00,38.474998474121094,38.5099983215332,38.474998474121094,38.5099983215332,25963,0.0,0.0
2024-12-19 09:57:00+01:00,38.5099983215332,38.56999969482422,38.5099983215332,38.540000915527344,18827,0.0,0.0
2024-12-19 09:58:00+01:00,38.54499816894531,38.54499816894531,38.5099983215332,38.51499938964844,4492,0.0,0.0
2024-12-19 09:59:00+01:00,38.51499938964844,38.51499938964844,38.505001068115234,38.505001068115234,12241,0.0,0.0
2024-12-19 10:00:00+01:00,38.5,38.5099983215332,38.46500015258789,38.470001220703125,29636,0.0,0.0
2024-12-19 10:01:00+01:00,38.470001220703125,38.5,38.46500015258789,38.46500015258789,4271,0.0,0.0
2024-12-19 10:02:00+01:00,38.46500015258789,38.5,38.46500015258789,38.5,1654,0.0,0.0
2024-12-19 10:03:00+01:00,38.505001068115234,38.505001068115234,38.4900016784668,38.4900016784668,1151,0.0,0.0
2024-12-19 10:04:00+01:00,38.505001068115234,38.505001068115234,38.47999954223633,38.494998931884766,4449,0.0,0.0
2024-12-19 10:05:00+01:00,38.5,38.525001525878906,38.494998931884766,38.525001525878906,10699,0.0,0.0
2024-12-19 10:06:00+01:00,38.529998779296875,38.54999923706055,38.525001525878906,38.54999923706055,17155,0.0,0.0
2024-12-19 10:07:00+01:00,38.55500030517578,38.560001373291016,38.54499816894531,38.55500030517578,5115,0.0,0.0
2024-12-19 10:08:00+01:00,38.55500030517578,38.564998626708984,38.540000915527344,38.54999923706055,26786,0.0,0.0
2024-12-19 10:09:00+01:00,38.54499816894531,38.55500030517578,38.525001525878906,38.525001525878906,5400,0.0,0.0
2024-12-19 10:10:00+01:00,38.525001525878906,38.53499984741211,38.52000045776367,38.53499984741211,3737,0.0,0.0
2024-12-19 10:11:00+01:00,38.540000915527344,38.56999969482422,38.540000915527344,38.540000915527344,29825,0.0,0.0
2024-12-19 10:12:00+01:00,38.540000915527344,38.540000915527344,38.525001525878906,38.529998779296875,1870,0.0,0.0
2024-12-19 10:13:00+01:00,38.525001525878906,38.540000915527344,38.525001525878906,38.529998779296875,3450,0.0,0.0
2024-12-19 10:14:00+01:00,38.525001525878906,38.529998779296875,38.5099983215332,38.51499938964844,21448,0.0,0.0
2024-12-19 10:15:00+01:00,38.53499984741211,38.53499984741211,38.505001068115234,38.505001068115234,3320,0.0,0.0
2024-12-19 10:16:00+01:00,38.505001068115234,38.505001068115234,38.505001068115234,38.505001068115234,210,0.0,0.0
2024-12-19 10:17:00+01:00,38.5,38.51499938964844,38.5,38.51499938964844,8503,0.0,0.0
2024-12-19 10:18:00+01:00,38.5099983215332,38.5099983215332,38.435001373291016,38.439998626708984,15138,0.0,0.0
2024-12-19 10:19:00+01:00,38.44499969482422,38.45500183105469,38.435001373291016,38.45000076293945,2099,0.0,0.0
2024-12-19 10:20:00+01:00,38.435001373291016,38.435001373291016,38.415000915527344,38.41999816894531,15959,0.0,0.0
2024-12-19 10:21:00+01:00,38.40999984741211,38.40999984741211,38.400001525878906,38.400001525878906,4204,0.0,0.0
2024-12-19 10:22:00+01:00,38.38999938964844,38.40999984741211,38.369998931884766,38.404998779296875,16458,0.0,0.0
2024-12-19 10:23:00+01:00,38.400001525878906,38.400001525878906,38.38999938964844,38.38999938964844,1350,0.0,0.0
2024-12-19 10:24:00+01:00,38.3849983215332,38.38999938964844,38.36000061035156,38.38999938964844,6474,0.0,0.0
2024-12-19 10:25:00+01:00,38.380001068115234,38.380001068115234,38.36000061035156,38.3650016784668,2158,0.0,0.0
2024-12-19 10:26:00+01:00,38.3650016784668,38.439998626708984,38.3650016784668,38.439998626708984,12636,0.0,0.0
2024-12-19 10:27:00+01:00,38.44499969482422,38.494998931884766,38.44499969482422,38.494998931884766,12781,0.0,0.0
2024-12-19 10:28:00+01:00,38.494998931884766,38.51499938964844,38.474998474121094,38.4900016784668,8644,0.0,0.0
2024-12-19 10:29:00+01:00,38.47999954223633,38.5,38.470001220703125,38.5,7808,0.0,0.0
2024-12-19 10:30:00+01:00,38.494998931884766,38.5,38.48500061035156,38.4900016784668,5452,0.0,0.0
2024-12-19 10:31:00+01:00,38.505001068115234,38.529998779296875,38.5,38.52000045776367,11240,0.0,0.0
2024-12-19 10:32:00+01:00,38.52000045776367,38.52000045776367,38.494998931884766,38.505001068115234,4125,0.0,0.0
2024-12-19 10:33:00+01:00,38.5099983215332,38.5099983215332,38.470001220703125,38.470001220703125,2785,0.0,0.0
2024-12-19 10:34:00+01:00,38.46500015258789,38.470001220703125,38.45500183105469,38.45500183105469,4544,0.0,0.0
2024-12-19 10:35:00+01:00,38.459999084472656,38.474998474121094,38.459999084472656,38.474998474121094,1920,0.0,0.0
2024-12-19 10:36:00+01:00,38.470001220703125,38.494998931884766,38.459999084472656,38.494998931884766,2730,0.0,0.0
2024-12-19 10:37:00+01:00,38.5,38.51499938964844,38.4900016784668,38.505001068115234,11581,0.0,0.0
2024-12-19 10:38:00+01:00,38.5099983215332,38.525001525878906,38.505001068115234,38.51499938964844,6061,0.0,0.0
2024-12-19 10:39:00+01:00,38.51499938964844,38.525001525878906,38.505001068115234,38.5099983215332,2116,0.0,0.0
2024-12-19 10:40:00+01:00,38.505001068115234,38.52000045776367,38.5,38.5,10189,0.0,0.0
2024-12-19 10:41:00+01:00,38.47999954223633,38.47999954223633,38.474998474121094,38.474998474121094,217,0.0,0.0
2024-12-19 10:42:00+01:00,38.51499938964844,38.51499938964844,38.51499938964844,38.51499938964844,3403,0.0,0.0
2024-12-19 10:43:00+01:00,38.5099983215332,38.5099983215332,38.48500061035156,38.505001068115234,2559,0.0,0.0
2024-12-19 10:44:00+01:00,38.51499938964844,38.51499938964844,38.494998931884766,38.5,2056,0.0,0.0
2024-12-19 10:45:00+01:00,38.494998931884766,38.494998931884766,38.494998931884766,38.494998931884766,200,0.0,0.0
2024-12-19 10:46:00+01:00,38.47999954223633,38.5099983215332,38.47999954223633,38.5099983215332,5442,0.0,0.0
2024-12-19 10:47:00+01:00,38.505001068115234,38.529998779296875,38.5,38.529998779296875,12957,0.0,0.0
2024-12-19 10:48:00+01:00,38.525001525878906,38.525001525878906,38.5,38.5,2460,0.0,0.0
2024-12-19 10:49:00+01:00,38.505001068115234,38.5099983215332,38.5,38.5,3048,0.0,0.0
2024-12-19 10:50:00+01:00,38.5,38.5,38.4900016784668,38.494998931884766,2708,0.0,0.0
2024-12-19 10:51:00+01:00,38.48500061035156,38.505001068115234,38.48500061035156,38.5,6863,0.0,0.0
2024-12-19 10:52:00+01:00,38.505001068115234,38.505001068115234,38.494998931884766,38.5,1487,0.0,0.0
2024-12-19 10:53:00+01:00,38.5,38.5099983215332,38.494998931884766,38.5099983215332,4055,0.0,0.0
2024-12-19 10:54:00+01:00,38.505001068115234,38.505001068115234,38.47999954223633,38.47999954223633,4790,0.0,0.0
2024-12-19 10:55:00+01:00,38.48500061035156,38.5099983215332,38.48500061035156,38.5099983215332,1582,0.0,0.0
2024-12-19 10:56:00+01:00,38.5099983215332,38.5099983215332,38.5099983215332,38.5099983215332,266,0.0,0.0
2024-12-19 10:57:00+01:00,38.505001068115234,38.505001068115234,38.470001220703125,38.494998931884766,37685,0.0,0.0
2024-12-19 10:58:00+01:00,38.494998931884766,38.505001068115234,38.494998931884766,38.505001068115234,1677,0.0,0.0
2024-12-19 10:59:00+01:00,38.505001068115234,38.51499938964844,38.494998931884766,38.494998931884766,3309,0.0,0.0
2024-12-19 11:00:00+01:00,38.4900016784668,38.4900016784668,38.40999984741211,38.41999816894531,48478,0.0,0.0
2024-12-19 11:01:00+01:00,38.43000030517578,38.435001373291016,38.40999984741211,38.415000915527344,6682,0.0,0.0
2024-12-19 11:02:00+01:00,38.415000915527344,38.42499923706055,38.400001525878906,38.400001525878906,8462,0.0,0.0
2024-12-19 11:03:00+01:00,38.40999984741211,38.40999984741211,38.400001525878906,38.400001525878906,3095,0.0,0.0
2024-12-19 11:04:00+01:00,38.400001525878906,38.400001525878906,38.375,38.39500045776367,9607,0.0,0.0
2024-12-19 11:05:00+01:00,38.38999938964844,38.40999984741211,38.38999938964844,38.400001525878906,6637,0.0,0.0
2024-12-19 11:06:00+01:00,38.39500045776367,38.39500045776367,38.3849983215332,38.39500045776367,4101,0.0,0.0
2024-12-19 11:07:00+01:00,38.400001525878906,38.41999816894531,38.400001525878906,38.404998779296875,8981,0.0,0.0
2024-12-19 11:08:00+01:00,38.400001525878906,38.41999816894531,38.400001525878906,38.415000915527344,1636,0.0,0.0
2024-12-19 11:09:00+01:00,38.41999816894531,38.41999816894531,38.400001525878906,38.400001525878906,5149,0.0,0.0
2024-12-19 11:10:00+01:00,38.400001525878906,38.400001525878906,38.39500045776367,38.400001525878906,4017,0.0,0.0
2024-12-19 11:11:00+01:00,38.39500045776367,38.40999984741211,38.38999938964844,38.39500045776367,5785,0.0,0.0
2024-12-19 11:12:00+01:00,38.400001525878906,38.41999816894531,38.39500045776367,38.41999816894531,1968,0.0,0.0
2024-12-19 11:13:00+01:00,38.42499923706055,38.42499923706055,38.41999816894531,38.42499923706055,1894,0.0,0.0
2024-12-19 11:14:00+01:00,38.41999816894531,38.42499923706055,38.41999816894531,38.41999816894531,515,0.0,0.0
2024-12-19 11:15:00+01:00,38.415000915527344,38.45000076293945,38.415000915527344,38.435001373291016,34023,0.0,0.0
2024-12-19 11:16:00+01:00,38.435001373291016,38.45000076293945,38.43000030517578,38.44499969482422,3831,0.0,0.0
2024-12-19 11:17:00+01:00,38.439998626708984,38.439998626708984,38.435001373291016,38.435001373291016,1834,0.0,0.0
2024-12-19 11:18:00+01:00,38.43000030517578,38.43000030517578,38.42499923706055,38.42499923706055,1480,0.0,0.0
2024-12-19 11:19:00+01:00,38.43000030517578,38.43000030517578,38.415000915527344,38.42499923706055,4642,0.0,0.0
2024-12-19 11:20:00+01:00,38.439998626708984,38.44499969482422,38.41999816894531,38.42499923706055,6838,0.0,0.0
2024-12-19 11:21:00+01:00,38.415000915527344,38.41999816894531,38.380001068115234,38.380001068115234,10571,0.0,0.0
2024-12-19 11:22:00+01:00,38.3849983215332,38.3849983215332,38.380001068115234,38.380001068115234,1938,0.0,0.0
2024-12-19 11:23:00+01:00,38.375,38.3849983215332,38.375,38.3849983215332,2403,0.0,0.0
2024-12-19 11:24:00+01:00,38.38999938964844,38.40999984741211,38.3849983215332,38.40999984741211,2622,0.0,0.0
2024-12-19 11:25:00+01:00,38.40999984741211,38.40999984741211,38.3849983215332,38.39500045776367,1499,0.0,0.0
2024-12-19 11:26:00+01:00,38.39500045776367,38.39500045776367,38.36000061035156,38.36000061035156,5100,0.0,0.0
2024-12-19 11:27:00+01:00,38.369998931884766,38.380001068115234,38.36000061035156,38.380001068115234,3169,0.0,0.0
2024-12-19 11:28:00+01:00,38.380001068115234,38.39500045776367,38.380001068115234,38.3849983215332,991,0.0,0.0
2024-12-19 11:29:00+01:00,38.375,38.375,38.334999084472656,38.334999084472656,8488,0.0,0.0
2024-12-19 11:30:00+01:00,38.334999084472656,38.34000015258789,38.29999923706055,38.29999923706055,13941,0.0,0.0
2024-12-19 11:31:00+01:00,38.29999923706055,38.310001373291016,38.29499816894531,38.310001373291016,8493,0.0,0.0
2024-12-19 11:32:00+01:00,38.314998626708984,38.3650016784668,38.310001373291016,38.35499954223633,19403,0.0,0.0
2024-12-19 11:33:00+01:00,38.349998474121094,38.349998474121094,38.334999084472656,38.334999084472656,934,0.0,0.0
2024-12-19 11:34:00+01:00,38.334999084472656,38.334999084472656,38.32500076293945,38.32500076293945,2025,0.0,0.0
2024-12-19 11:35:00+01:00,38.31999969482422,38.32500076293945,38.310001373291016,38.310001373291016,3451,0.0,0.0
2024-12-19 11:36:00+01:00,38.310001373291016,38.310001373291016,38.28499984741211,38.30500030517578,24057,0.0,0.0
2024-12-19 11:37:00+01:00,38.29999923706055,38.29999923706055,38.275001525878906,38.28499984741211,10321,0.0,0.0
2024-12-19 11:38:00+01:00,38.279998779296875,38.279998779296875,38.26499938964844,38.26499938964844,3764,0.0,0.0
2024-12-19 11:39:00+01:00,38.275001525878906,38.275001525878906,38.2400016784668,38.2400016784668,13658,0.0,0.0
2024-12-19 11:40:00+01:00,38.244998931884766,38.27000045776367,38.22999954223633,38.27000045776367,10678,0.0,0.0
2024-12-19 11:41:00+01:00,38.26499938964844,38.26499938964844,38.26499938964844,38.26499938964844,1310,0.0,0.0
2024-12-19 11:42:00+01:00,38.27000045776367,38.30500030517578,38.27000045776367,38.29999923706055,1758,0.0,0.0
2024-12-19 11:43:00+01:00,38.29499816894531,38.29999923706055,38.27000045776367,38.27000045776367,2771,0.0,0.0
2024-12-19 11:44:00+01:00,38.27000045776367,38.27000045776367,38.26499938964844,38.27000045776367,1258,0.0,0.0
2024-12-19 11:45:00+01:00,38.27000045776367,38.279998779296875,38.27000045776367,38.275001525878906,1441,0.0,0.0
2024-12-19 11:46:00+01:00,38.275001525878906,38.290000915527344,38.275001525878906,38.28499984741211,3617,0.0,0.0
2024-12-19 11:47:00+01:00,38.28499984741211,38.28499984741211,38.255001068115234,38.255001068115234,2100,0.0,0.0
2024-12-19 11:48:00+01:00,38.2599983215332,38.2599983215332,38.25,38.25,1955,0.0,0.0
2024-12-19 11:49:00+01:00,38.255001068115234,38.26499938964844,38.255001068115234,38.26499938964844,1006,0.0,0.0
2024-12-19 11:50:00+01:00,38.2599983215332,38.2599983215332,38.255001068115234,38.255001068115234,1987,0.0,0.0
2024-12-19 11:51:00+01:00,38.255001068115234,38.2599983215332,38.2400016784668,38.255001068115234,7780,0.0,0.0
2024-12-19 11:52:00+01:00,38.255001068115234,38.255001068115234,38.220001220703125,38.220001220703125,3814,0.0,0.0
2024-12-19 11:53:00+01:00,38.220001220703125,38.224998474121094,38.220001220703125,38.224998474121094,3020,0.0,0.0
2024-12-19 11:54:00+01:00,38.2400016784668,38.25,38.2400016784668,38.244998931884766,2009,0.0,0.0
2024-12-19 11:55:00+01:00,38.255001068115234,38.255001068115234,38.25,38.25,823,0.0,0.0
2024-12-19 11:56:00+01:00,38.255001068115234,38.27000045776367,38.255001068115234,38.2599983215332,1151,0.0,0.0
2024-12-19 11:57:00+01:00,38.2599983215332,38.2599983215332,38.244998931884766,38.25,1185,0.0,0.0
2024-12-19 11:58:00+01:00,38.2599983215332,38.2599983215332,38.23500061035156,38.23500061035156,2316,0.0,0.0
2024-12-19 11:59:00+01:00,38.23500061035156,38.275001525878906,38.23500061035156,38.27000045776367,3291,0.0,0.0
2024-12-19 12:00:00+01:00,38.27000045776367,38.275001525878906,38.26499938964844,38.275001525878906,435,0.0,0.0
2024-12-19 12:01:00+01:00,38.27000045776367,38.29999923706055,38.27000045776367,38.29999923706055,1867,0.0,0.0
2024-12-19 12:02:00+01:00,38.29999923706055,38.33000183105469,38.29999923706055,38.31999969482422,4385,0.0,0.0
2024-12-19 12:03:00+01:00,38.32500076293945,38.33000183105469,38.314998626708984,38.314998626708984,4042,0.0,0.0
2024-12-19 12:04:00+01:00,38.314998626708984,38.31999969482422,38.30500030517578,38.310001373291016,1441,0.0,0.0
2024-12-19 12:05:00+01:00,38.30500030517578,38.31999969482422,38.30500030517578,38.31999969482422,1776,0.0,0.0
2024-12-19 12:06:00+01:00,38.32500076293945,38.334999084472656,38.314998626708984,38.334999084472656,1174,0.0,0.0
2024-12-19 12:07:00+01:00,38.345001220703125,38.36000061035156,38.345001220703125,38.36000061035156,2753,0.0,0.0
2024-12-19 12:08:00+01:00,38.345001220703125,38.349998474121094,38.34000015258789,38.345001220703125,1706,0.0,0.0
2024-12-19 12:09:00+01:00,38.349998474121094,38.349998474121094,38.32500076293945,38.32500076293945,1359,0.0,0.0
2024-12-19 12:10:00+01:00,38.34000015258789,38.34000015258789,38.33000183105469,38.34000015258789,961,0.0,0.0
2024-12-19 12:11:00+01:00,38.34000015258789,38.349998474121094,38.34000015258789,38.349998474121094,595,0.0,0.0
2024-12-19 12:12:00+01:00,38.34000015258789,38.349998474121094,38.334999084472656,38.349998474121094,3397,0.0,0.0
2024-12-19 12:13:00+01:00,38.34000015258789,38.34000015258789,38.334999084472656,38.334999084472656,260,0.0,0.0
2024-12-19 12:14:00+01:00,38.34000015258789,38.34000015258789,38.32500076293945,38.32500076293945,1040,0.0,0.0
2024-12-19 12:15:00+01:00,38.31999969482422,38.32500076293945,38.31999969482422,38.32500076293945,640,0.0,0.0
2024-12-19 12:16:00+01:00,38.32500076293945,38.32500076293945,38.314998626708984,38.32500076293945,1971,0.0,0.0
2024-12-19 12:17:00+01:00,38.31999969482422,38.34000015258789,38.31999969482422,38.34000015258789,4073,0.0,0.0
2024-12-19 12:18:00+01:00,38.334999084472656,38.349998474121094,38.334999084472656,38.349998474121094,934,0.0,0.0
2024-12-19 12:19:00+01:00,38.35499954223633,38.36000061035156,38.345001220703125,38.35499954223633,494,0.0,0.0
2024-12-19 12:20:00+01:00,38.349998474121094,38.349998474121094,38.32500076293945,38.32500076293945,5231,0.0,0.0
2024-12-19 12:22:00+01:00,38.310001373291016,38.310001373291016,38.30500030517578,38.30500030517578,8969,0.0,0.0
2024-12-19 12:23:00+01:00,38.29999923706055,38.310001373291016,38.29999923706055,38.30500030517578,5405,0.0,0.0
2024-12-19 12:26:00+01:00,38.310001373291016,38.33000183105469,38.30500030517578,38.310001373291016,5212,0.0,0.0
2024-12-19 12:27:00+01:00,38.314998626708984,38.33000183105469,38.314998626708984,38.32500076293945,933,0.0,0.0
2024-12-19 12:28:00+01:00,38.32500076293945,38.345001220703125,38.32500076293945,38.33000183105469,1836,0.0,0.0
2024-12-19 12:29:00+01:00,38.33000183105469,38.33000183105469,38.32500076293945,38.32500076293945,312,0.0,0.0
2024-12-19 12:30:00+01:00,38.32500076293945,38.33000183105469,38.30500030517578,38.30500030517578,989,0.0,0.0
2024-12-19 12:31:00+01:00,38.30500030517578,38.31999969482422,38.30500030517578,38.314998626708984,1968,0.0,0.0
2024-12-19 12:32:00+01:00,38.310001373291016,38.32500076293945,38.310001373291016,38.32500076293945,716,0.0,0.0
2024-12-19 12:33:00+01:00,38.32500076293945,38.334999084472656,38.32500076293945,38.33000183105469,3074,0.0,0.0
2024-12-19 12:34:00+01:00,38.334999084472656,38.334999084472656,38.32500076293945,38.334999084472656,5196,0.0,0.0
2024-12-19 12:35:00+01:00,38.32500076293945,38.33000183105469,38.31999969482422,38.33000183105469,1870,0.0,0.0
2024-12-19 12:36:00+01:00,38.34000015258789,38.349998474121094,38.33000183105469,38.34000015258789,6426,0.0,0.0
2024-12-19 12:37:00+01:00,38.334999084472656,38.345001220703125,38.334999084472656,38.34000015258789,8821,0.0,0.0
2024-12-19 12:38:00+01:00,38.34000015258789,38.349998474121094,38.34000015258789,38.34000015258789,13530,0.0,0.0
2024-12-19 12:39:00+01:00,38.34000015258789,38.35499954223633,38.34000015258789,38.35499954223633,9499,0.0,0.0
2024-12-19 12:40:00+01:00,38.35499954223633,38.3650016784668,38.345001220703125,38.3650016784668,1734,0.0,0.0
2024-12-19 12:41:00+01:00,38.36000061035156,38.36000061035156,38.349998474121094,38.349998474121094,1151,0.0,0.0
2024-12-19 12:42:00+01:00,38.345001220703125,38.345001220703125,38.345001220703125,38.345001220703125,3,0.0,0.0
2024-12-19 12:43:00+01:00,38.345001220703125,38.35499954223633,38.345001220703125,38.35499954223633,1214,0.0,0.0
2024-12-19 12:44:00+01:00,38.36000061035156,38.3650016784668,38.36000061035156,38.36000061035156,1668,0.0,0.0
2024-12-19 12:45:00+01:00,38.349998474121094,38.375,38.349998474121094,38.375,4185,0.0,0.0
2024-12-19 12:46:00+01:00,38.375,38.380001068115234,38.369998931884766,38.380001068115234,7493,0.0,0.0
2024-12-19 12:47:00+01:00,38.380001068115234,38.380001068115234,38.36000061035156,38.36000061035156,1510,0.0,0.0
2024-12-19 12:48:00+01:00,38.36000061035156,38.369998931884766,38.349998474121094,38.369998931884766,4303,0.0,0.0
2024-12-19 12:49:00+01:00,38.375,38.380001068115234,38.369998931884766,38.369998931884766,540,0.0,0.0
2024-12-19 12:50:00+01:00,38.36000061035156,38.36000061035156,38.35499954223633,38.36000061035156,536,0.0,0.0
2024-12-19 12:51:00+01:00,38.3650016784668,38.3650016784668,38.35499954223633,38.35499954223633,2499,0.0,0.0
2024-12-19 12:52:00+01:00,38.36000061035156,38.3650016784668,38.36000061035156,38.3650016784668,548,0.0,0.0
2024-12-19 12:53:00+01:00,38.35499954223633,38.3849983215332,38.35499954223633,38.380001068115234,2000,0.0,0.0
2024-12-19 12:54:00+01:00,38.369998931884766,38.369998931884766,38.34000015258789,38.35499954223633,888,0.0,0.0
2024-12-19 12:55:00+01:00,38.36000061035156,38.36000061035156,38.36000061035156,38.36000061035156,199,0.0,0.0
2024-12-19 12:56:00+01:00,38.3650016784668,38.369998931884766,38.3650016784668,38.3650016784668,1324,0.0,0.0
2024-12-19 12:57:00+01:00,38.3650016784668,38.3650016784668,38.36000061035156,38.36000061035156,386,0.0,0.0
2024-12-19 12:58:00+01:00,38.36000061035156,38.36000061035156,38.35499954223633,38.36000061035156,1199,0.0,0.0
2024-12-19 12:59:00+01:00,38.36000061035156,38.375,38.36000061035156,38.375,2411,0.0,0.0
2024-12-19 13:00:00+01:00,38.369998931884766,38.38999938964844,38.36000061035156,38.38999938964844,2508,0.0,0.0
2024-12-19 13:01:00+01:00,38.38999938964844,38.400001525878906,38.3849983215332,38.3849983215332,557,0.0,0.0
2024-12-19 13:02:00+01:00,38.39500045776367,38.404998779296875,38.375,38.375,2700,0.0,0.0
2024-12-19 13:03:00+01:00,38.380001068115234,38.38999938964844,38.375,38.375,1866,0.0,0.0
2024-12-19 13:04:00+01:00,38.38999938964844,38.38999938964844,38.3849983215332,38.3849983215332,756,0.0,0.0
2024-12-19 13:05:00+01:00,38.3849983215332,38.400001525878906,38.380001068115234,38.400001525878906,2572,0.0,0.0
2024-12-19 13:06:00+01:00,38.38999938964844,38.404998779296875,38.38999938964844,38.400001525878906,1734,0.0,0.0
2024-12-19 13:07:00+01:00,38.400001525878906,38.43000030517578,38.400001525878906,38.43000030517578,3738,0.0,0.0
2024-12-19 13:08:00+01:00,38.435001373291016,38.45000076293945,38.435001373291016,38.45000076293945,6037,0.0,0.0
2024-12-19 13:09:00+01:00,38.439998626708984,38.439998626708984,38.41999816894531,38.41999816894531,2857,0.0,0.0
2024-12-19 13:10:00+01:00,38.42499923706055,38.42499923706055,38.415000915527344,38.41999816894531,3329,0.0,0.0
2024-12-19 13:11:00+01:00,38.41999816894531,38.43000030517578,38.41999816894531,38.43000030517578,2319,0.0,0.0
2024-12-19 13:12:00+01:00,38.41999816894531,38.46500015258789,38.41999816894531,38.46500015258789,13961,0.0,0.0
2024-12-19 13:13:00+01:00,38.470001220703125,38.48500061035156,38.470001220703125,38.470001220703125,7245,0.0,0.0
2024-12-19 13:14:00+01:00,38.46500015258789,38.47999954223633,38.459999084472656,38.47999954223633,1813,0.0,0.0
2024-12-19 13:15:00+01:00,38.47999954223633,38.494998931884766,38.47999954223633,38.4900016784668,3176,0.0,0.0
2024-12-19 13:16:00+01:00,38.4900016784668,38.494998931884766,38.47999954223633,38.494998931884766,14239,0.0,0.0
2024-12-19 13:17:00+01:00,38.5,38.51499938964844,38.5,38.5099983215332,9491,0.0,0.0
2024-12-19 13:18:00+01:00,38.5099983215332,38.5099983215332,38.505001068115234,38.5099983215332,2044,0.0,0.0
2024-12-19 13:19:00+01:00,38.51499938964844,38.529998779296875,38.5099983215332,38.51499938964844,3738,0.0,0.0
2024-12-19 13:20:00+01:00,38.51499938964844,38.52000045776367,38.51499938964844,38.52000045776367,190,0.0,0.0
2024-12-19 13:21:00+01:00,38.525001525878906,38.525001525878906,38.5,38.5,1163,0.0,0.0
2024-12-19 13:22:00+01:00,38.505001068115234,38.505001068115234,38.4900016784668,38.4900016784668,2475,0.0,0.0
2024-12-19 13:23:00+01:00,38.5,38.51499938964844,38.5,38.51499938964844,4089,0.0,0.0
2024-12-19 13:24:00+01:00,38.5,38.51499938964844,38.5,38.51499938964844,1956,0.0,0.0
2024-12-19 13:25:00+01:00,38.525001525878906,38.540000915527344,38.525001525878906,38.53499984741211,3950,0.0,0.0
2024-12-19 13:26:00+01:00,38.53499984741211,38.53499984741211,38.494998931884766,38.5,7520,0.0,0.0
2024-12-19 13:27:00+01:00,38.494998931884766,38.5,38.470001220703125,38.470001220703125,18494,0.0,0.0
2024-12-19 13:28:00+01:00,38.470001220703125,38.48500061035156,38.470001220703125,38.47999954223633,1516,0.0,0.0
2024-12-19 13:29:00+01:00,38.48500061035156,38.48500061035156,38.48500061035156,38.48500061035156,16,0.0,0.0
2024-12-19 13:30:00+01:00,38.47999954223633,38.47999954223633,38.47999954223633,38.47999954223633,191,0.0,0.0
2024-12-19 13:31:00+01:00,38.474998474121094,38.474998474121094,38.45000076293945,38.45000076293945,658,0.0,0.0
2024-12-19 13:33:00+01:00,38.45000076293945,38.45500183105469,38.43000030517578,38.43000030517578,4603,0.0,0.0
2024-12-19 13:34:00+01:00,38.42499923706055,38.42499923706055,38.42499923706055,38.42499923706055,17,0.0,0.0
2024-12-19 13:35:00+01:00,38.41999816894531,38.41999816894531,38.404998779296875,38.40999984741211,1135,0.0,0.0
2024-12-19 13:36:00+01:00,38.404998779296875,38.40999984741211,38.38999938964844,38.40999984741211,3491,0.0,0.0
2024-12-19 13:37:00+01:00,38.404998779296875,38.404998779296875,38.39500045776367,38.39500045776367,1805,0.0,0.0
2024-12-19 13:38:00+01:00,38.39500045776367,38.415000915527344,38.39500045776367,38.415000915527344,1819,0.0,0.0
2024-12-19 13:39:00+01:00,38.404998779296875,38.41999816894531,38.404998779296875,38.41999816894531,1448,0.0,0.0
2024-12-19 13:40:00+01:00,38.415000915527344,38.43000030517578,38.40999984741211,38.40999984741211,2210,0.0,0.0
2024-12-19 13:41:00+01:00,38.40999984741211,38.40999984741211,38.39500045776367,38.39500045776367,865,0.0,0.0
2024-12-19 13:42:00+01:00,38.400001525878906,38.400001525878906,38.400001525878906,38.400001525878906,23,0.0,0.0
2024-12-19 13:43:00+01:00,38.400001525878906,38.400001525878906,38.38999938964844,38.39500045776367,1017,0.0,0.0
2024-12-19 13:44:00+01:00,38.400001525878906,38.400001525878906,38.400001525878906,38.400001525878906,36,0.0,0.0
2024-12-19 13:45:00+01:00,38.400001525878906,38.40999984741211,38.400001525878906,38.40999984741211,1371,0.0,0.0
2024-12-19 13:46:00+01:00,38.400001525878906,38.400001525878906,38.39500045776367,38.39500045776367,453,0.0,0.0
2024-12-19 13:47:00+01:00,38.39500045776367,38.40999984741211,38.39500045776367,38.404998779296875,2961,0.0,0.0
2024-12-19 13:48:00+01:00,38.400001525878906,38.415000915527344,38.400001525878906,38.415000915527344,1473,0.0,0.0
2024-12-19 13:49:00+01:00,38.415000915527344,38.415000915527344,38.415000915527344,38.415000915527344,104,0.0,0.0
2024-12-19 13:50:00+01:00,38.415000915527344,38.41999816894531,38.415000915527344,38.41999816894531,1018,0.0,0.0
2024-12-19 13:51:00+01:00,38.41999816894531,38.41999816894531,38.3849983215332,38.3849983215332,3069,0.0,0.0
2024-12-19 13:52:00+01:00,38.3849983215332,38.38999938964844,38.375,38.375,2327,0.0,0.0
2024-12-19 13:53:00+01:00,38.369998931884766,38.369998931884766,38.36000061035156,38.36000061035156,1851,0.0,0.0
2024-12-19 13:54:00+01:00,38.35499954223633,38.36000061035156,38.35499954223633,38.36000061035156,1414,0.0,0.0
2024-12-19 13:55:00+01:00,38.35499954223633,38.35499954223633,38.33000183105469,38.334999084472656,5688,0.0,0.0
2024-12-19 13:56:00+01:00,38.345001220703125,38.35499954223633,38.345001220703125,38.35499954223633,1855,0.0,0.0
2024-12-19 13:57:00+01:00,38.3650016784668,38.369998931884766,38.35499954223633,38.35499954223633,580,0.0,0.0
2024-12-19 13:58:00+01:00,38.34000015258789,38.345001220703125,38.334999084472656,38.34000015258789,2253,0.0,0.0
2024-12-19 13:59:00+01:00,38.334999084472656,38.349998474121094,38.33000183105469,38.349998474121094,1070,0.0,0.0
2024-12-19 14:00:00+01:00,38.349998474121094,38.35499954223633,38.345001220703125,38.35499954223633,712,0.0,0.0
2024-12-19 14:01:00+01:00,38.35499954223633,38.369998931884766,38.35499954223633,38.3650016784668,2292,0.0,0.0
2024-12-19 14:02:00+01:00,38.375,38.3849983215332,38.369998931884766,38.380001068115234,5202,0.0,0.0
2024-12-19 14:03:00+01:00,38.380001068115234,38.3849983215332,38.369998931884766,38.369998931884766,2204,0.0,0.0
2024-12-19 14:04:00+01:00,38.3650016784668,38.3650016784668,38.35499954223633,38.36000061035156,2211,0.0,0.0
2024-12-19 14:05:00+01:00,38.34000015258789,38.36000061035156,38.34000015258789,38.35499954223633,6046,0.0,0.0
2024-12-19 14:06:00+01:00,38.36000061035156,38.3650016784668,38.36000061035156,38.3650016784668,1226,0.0,0.0
2024-12-19 14:07:00+01:00,38.3650016784668,38.369998931884766,38.35499954223633,38.35499954223633,2052,0.0,0.0
2024-12-19 14:08:00+01:00,38.349998474121094,38.35499954223633,38.345001220703125,38.345001220703125,1388,0.0,0.0
2024-12-19 14:09:00+01:00,38.349998474121094,38.35499954223633,38.345001220703125,38.35499954223633,936,0.0,0.0
2024-12-19 14:10:00+01:00,38.36000061035156,38.369998931884766,38.36000061035156,38.369998931884766,2618,0.0,0.0
2024-12-19 14:11:00+01:00,38.375,38.375,38.369998931884766,38.369998931884766,1542,0.0,0.0
2024-12-19 14:12:00+01:00,38.3650016784668,38.375,38.35499954223633,38.375,507,0.0,0.0
2024-12-19 14:13:00+01:00,38.375,38.375,38.369998931884766,38.369998931884766,271,0.0,0.0
2024-12-19 14:14:00+01:00,38.369998931884766,38.380001068115234,38.369998931884766,38.380001068115234,818,0.0,0.0
2024-12-19 14:15:00+01:00,38.38999938964844,38.400001525878906,38.38999938964844,38.400001525878906,171,0.0,0.0
2024-12-19 14:16:00+01:00,38.404998779296875,38.40999984741211,38.400001525878906,38.40999984741211,1993,0.0,0.0
2024-12-19 14:17:00+01:00,38.415000915527344,38.415000915527344,38.40999984741211,38.40999984741211,179,0.0,0.0
2024-12-19 14:18:00+01:00,38.415000915527344,38.415000915527344,38.415000915527344,38.415000915527344,15,0.0,0.0
2024-12-19 14:19:00+01:00,38.415000915527344,38.415000915527344,38.415000915527344,38.415000915527344,415,0.0,0.0
2024-12-19 14:20:00+01:00,38.415000915527344,38.42499923706055,38.415000915527344,38.42499923706055,2991,0.0,0.0
2024-12-19 14:21:00+01:00,38.400001525878906,38.400001525878906,38.39500045776367,38.400001525878906,963,0.0,0.0
2024-12-19 14:22:00+01:00,38.38999938964844,38.400001525878906,38.38999938964844,38.400001525878906,2946,0.0,0.0
2024-12-19 14:23:00+01:00,38.400001525878906,38.415000915527344,38.400001525878906,38.415000915527344,33,0.0,0.0
2024-12-19 14:24:00+01:00,38.41999816894531,38.44499969482422,38.41999816894531,38.439998626708984,3080,0.0,0.0
2024-12-19 14:25:00+01:00,38.439998626708984,38.45000076293945,38.439998626708984,38.45000076293945,3431,0.0,0.0
2024-12-19 14:26:00+01:00,38.44499969482422,38.45000076293945,38.44499969482422,38.45000076293945,720,0.0,0.0
2024-12-19 14:27:00+01:00,38.45000076293945,38.45000076293945,38.45000076293945,38.45000076293945,400,0.0,0.0
2024-12-19 14:28:00+01:00,38.45000076293945,38.459999084472656,38.439998626708984,38.45000076293945,4263,0.0,0.0
2024-12-19 14:29:00+01:00,38.459999084472656,38.459999084472656,38.459999084472656,38.459999084472656,30,0.0,0.0
2024-12-19 14:30:00+01:00,38.45500183105469,38.47999954223633,38.45000076293945,38.470001220703125,3162,0.0,0.0
2024-12-19 14:31:00+01:00,38.470001220703125,38.48500061035156,38.46500015258789,38.48500061035156,1176,0.0,0.0
2024-12-19 14:32:00+01:00,38.47999954223633,38.505001068115234,38.47999954223633,38.505001068115234,10669,0.0,0.0
2024-12-19 14:33:00+01:00,38.494998931884766,38.494998931884766,38.4900016784668,38.4900016784668,985,0.0,0.0
2024-12-19 14:34:00+01:00,38.5,38.51499938964844,38.494998931884766,38.51499938964844,2092,0.0,0.0
2024-12-19 14:35:00+01:00,38.51499938964844,38.52000045776367,38.51499938964844,38.52000045776367,544,0.0,0.0
2024-12-19 14:36:00+01:00,38.51499938964844,38.525001525878906,38.4900016784668,38.494998931884766,4434,0.0,0.0
2024-12-19 14:37:00+01:00,38.494998931884766,38.494998931884766,38.48500061035156,38.494998931884766,6487,0.0,0.0
2024-12-19 14:38:00+01:00,38.494998931884766,38.494998931884766,38.48500061035156,38.48500061035156,2020,0.0,0.0
2024-12-19 14:39:00+01:00,38.47999954223633,38.47999954223633,38.470001220703125,38.470001220703125,972,0.0,0.0
2024-12-19 14:40:00+01:00,38.46500015258789,38.474998474121094,38.45000076293945,38.45000076293945,11939,0.0,0.0
2024-12-19 14:41:00+01:00,38.45000076293945,38.46500015258789,38.435001373291016,38.439998626708984,3875,0.0,0.0
2024-12-19 14:42:00+01:00,38.439998626708984,38.470001220703125,38.435001373291016,38.46500015258789,5745,0.0,0.0
2024-12-19 14:43:00+01:00,38.46500015258789,38.48500061035156,38.459999084472656,38.46500015258789,935,0.0,0.0
2024-12-19 14:44:00+01:00,38.459999084472656,38.46500015258789,38.439998626708984,38.439998626708984,1773,0.0,0.0
2024-12-19 14:45:00+01:00,38.439998626708984,38.439998626708984,38.42499923706055,38.43000030517578,1980,0.0,0.0
2024-12-19 14:46:00+01:00,38.43000030517578,38.44499969482422,38.43000030517578,38.44499969482422,553,0.0,0.0
2024-12-19 14:47:00+01:00,38.44499969482422,38.45500183105469,38.44499969482422,38.45500183105469,2893,0.0,0.0
2024-12-19 14:48:00+01:00,38.459999084472656,38.470001220703125,38.45500183105469,38.459999084472656,23804,0.0,0.0
2024-12-19 14:49:00+01:00,38.46500015258789,38.46500015258789,38.42499923706055,38.43000030517578,3591,0.0,0.0
2024-12-19 14:50:00+01:00,38.42499923706055,38.43000030517578,38.41999816894531,38.42499923706055,3283,0.0,0.0
2024-12-19 14:51:00+01:00,38.40999984741211,38.40999984741211,38.36000061035156,38.36000061035156,14807,0.0,0.0
2024-12-19 14:52:00+01:00,38.369998931884766,38.369998931884766,38.35499954223633,38.35499954223633,10067,0.0,0.0
2024-12-19 14:53:00+01:00,38.36000061035156,38.36000061035156,38.334999084472656,38.35499954223633,30051,0.0,0.0
2024-12-19 14:54:00+01:00,38.35499954223633,38.36000061035156,38.34000015258789,38.34000015258789,1581,0.0,0.0
2024-12-19 14:55:00+01:00,38.35499954223633,38.35499954223633,38.34000015258789,38.345001220703125,30072,0.0,0.0
2024-12-19 14:56:00+01:00,38.34000015258789,38.34000015258789,38.32500076293945,38.32500076293945,2882,0.0,0.0
2024-12-19 14:57:00+01:00,38.33000183105469,38.334999084472656,38.31999969482422,38.31999969482422,2808,0.0,0.0
2024-12-19 14:58:00+01:00,38.32500076293945,38.349998474121094,38.32500076293945,38.34000015258789,2554,0.0,0.0
2024-12-19 14:59:00+01:00,38.349998474121094,38.36000061035156,38.345001220703125,38.36000061035156,2829,0.0,0.0
2024-12-19 15:00:00+01:00,38.35499954223633,38.35499954223633,38.31999969482422,38.31999969482422,3631,0.0,0.0
2024-12-19 15:01:00+01:00,38.310001373291016,38.310001373291016,38.310001373291016,38.310001373291016,5727,0.0,0.0
2024-12-19 15:02:00+01:00,38.30500030517578,38.32500076293945,38.30500030517578,38.31999969482422,2730,0.0,0.0
2024-12-19 15:03:00+01:00,38.32500076293945,38.32500076293945,38.32500076293945,38.32500076293945,763,0.0,0.0
2024-12-19 15:04:00+01:00,38.314998626708984,38.314998626708984,38.30500030517578,38.30500030517578,5225,0.0,0.0
2024-12-19 15:05:00+01:00,38.310001373291016,38.31999969482422,38.30500030517578,38.31999969482422,4833,0.0,0.0
2024-12-19 15:06:00+01:00,38.33000183105469,38.349998474121094,38.33000183105469,38.349998474121094,1523,0.0,0.0
2024-12-19 15:07:00+01:00,38.349998474121094,38.349998474121094,38.34000015258789,38.34000015258789,1088,0.0,0.0
2024-12-19 15:08:00+01:00,38.35499954223633,38.3650016784668,38.349998474121094,38.36000061035156,21230,0.0,0.0
2024-12-19 15:09:00+01:00,38.35499954223633,38.35499954223633,38.345001220703125,38.345001220703125,1411,0.0,0.0
2024-12-19 15:10:00+01:00,38.345001220703125,38.35499954223633,38.34000015258789,38.34000015258789,2356,0.0,0.0
2024-12-19 15:11:00+01:00,38.34000015258789,38.34000015258789,38.32500076293945,38.33000183105469,4252,0.0,0.0
2024-12-19 15:12:00+01:00,38.31999969482422,38.32500076293945,38.31999969482422,38.32500076293945,657,0.0,0.0
2024-12-19 15:13:00+01:00,38.33000183105469,38.34000015258789,38.32500076293945,38.34000015258789,2945,0.0,0.0
2024-12-19 15:14:00+01:00,38.334999084472656,38.345001220703125,38.334999084472656,38.34000015258789,1244,0.0,0.0
2024-12-19 15:15:00+01:00,38.345001220703125,38.345001220703125,38.34000015258789,38.34000015258789,1459,0.0,0.0
2024-12-19 15:16:00+01:00,38.334999084472656,38.349998474121094,38.32500076293945,38.32500076293945,13683,0.0,0.0
2024-12-19 15:17:00+01:00,38.33000183105469,38.334999084472656,38.32500076293945,38.33000183105469,1040,0.0,0.0
2024-12-19 15:18:00+01:00,38.32500076293945,38.33000183105469,38.31999969482422,38.31999969482422,3015,0.0,0.0
2024-12-19 15:19:00+01:00,38.31999969482422,38.32500076293945,38.314998626708984,38.314998626708984,13356,0.0,0.0
2024-12-19 15:20:00+01:00,38.314998626708984,38.32500076293945,38.314998626708984,38.31999969482422,16199,0.0,0.0
2024-12-19 15:21:00+01:00,38.31999969482422,38.31999969482422,38.30500030517578,38.30500030517578,6414,0.0,0.0
2024-12-19 15:22:00+01:00,38.30500030517578,38.30500030517578,38.290000915527344,38.30500030517578,7173,0.0,0.0
2024-12-19 15:23:00+01:00,38.29999923706055,38.29999923706055,38.290000915527344,38.29999923706055,9223,0.0,0.0
2024-12-19 15:24:00+01:00,38.29999923706055,38.310001373291016,38.29999923706055,38.310001373291016,1516,0.0,0.0
2024-12-19 15:25:00+01:00,38.314998626708984,38.32500076293945,38.314998626708984,38.31999969482422,8534,0.0,0.0
2024-12-19 15:26:00+01:00,38.32500076293945,38.334999084472656,38.31999969482422,38.31999969482422,12519,0.0,0.0
2024-12-19 15:27:00+01:00,38.31999969482422,38.33000183105469,38.314998626708984,38.31999969482422,5965,0.0,0.0
2024-12-19 15:28:00+01:00,38.31999969482422,38.33000183105469,38.31999969482422,38.32500076293945,3562,0.0,0.0
2024-12-19 15:29:00+01:00,38.31999969482422,38.32500076293945,38.31999969482422,38.31999969482422,1800,0.0,0.0
2024-12-19 15:30:00+01:00,38.32500076293945,38.349998474121094,38.31999969482422,38.31999969482422,18982,0.0,0.0
2024-12-19 15:31:00+01:00,38.314998626708984,38.34000015258789,38.314998626708984,38.33000183105469,3842,0.0,0.0
2024-12-19 15:32:00+01:00,38.334999084472656,38.334999084472656,38.31999969482422,38.31999969482422,2672,0.0,0.0
2024-12-19 15:33:00+01:00,38.310001373291016,38.310001373291016,38.29499816894531,38.310001373291016,6290,0.0,0.0
2024-12-19 15:34:00+01:00,38.310001373291016,38.310001373291016,38.2400016784668,38.25,49174,0.0,0.0
2024-12-19 15:35:00+01:00,38.25,38.255001068115234,38.244998931884766,38.255001068115234,4700,0.0,0.0
2024-12-19 15:36:00+01:00,38.244998931884766,38.2599983215332,38.2400016784668,38.2599983215332,12897,0.0,0.0
2024-12-19 15:37:00+01:00,38.25,38.255001068115234,38.22999954223633,38.22999954223633,19752,0.0,0.0
2024-12-19 15:38:00+01:00,38.22999954223633,38.244998931884766,38.185001373291016,38.19499969482422,24110,0.0,0.0
2024-12-19 15:39:00+01:00,38.189998626708984,38.20500183105469,38.189998626708984,38.20500183105469,8508,0.0,0.0
2024-12-19 15:40:00+01:00,38.20000076293945,38.21500015258789,38.20000076293945,38.21500015258789,2202,0.0,0.0
2024-12-19 15:41:00+01:00,38.20000076293945,38.25,38.189998626708984,38.2400016784668,9395,0.0,0.0
2024-12-19 15:42:00+01:00,38.244998931884766,38.275001525878906,38.21500015258789,38.224998474121094,39038,0.0,0.0
2024-12-19 15:43:00+01:00,38.224998474121094,38.224998474121094,38.220001220703125,38.224998474121094,366,0.0,0.0
2024-12-19 15:44:00+01:00,38.21500015258789,38.21500015258789,38.189998626708984,38.189998626708984,3762,0.0,0.0
2024-12-19 15:45:00+01:00,38.185001373291016,38.185001373291016,38.17499923706055,38.18000030517578,14203,0.0,0.0
2024-12-19 15:46:00+01:00,38.17499923706055,38.19499969482422,38.154998779296875,38.154998779296875,13359,0.0,0.0
2024-12-19 15:47:00+01:00,38.150001525878906,38.15999984741211,38.119998931884766,38.150001525878906,25429,0.0,0.0
2024-12-19 15:48:00+01:00,38.15999984741211,38.19499969482422,38.15999984741211,38.18000030517578,1415,0.0,0.0
2024-12-19 15:49:00+01:00,38.16999816894531,38.16999816894531,38.15999984741211,38.165000915527344,374,0.0,0.0
2024-12-19 15:50:00+01:00,38.15999984741211,38.16999816894531,38.150001525878906,38.154998779296875,6098,0.0,0.0
2024-12-19 15:51:00+01:00,38.150001525878906,38.150001525878906,38.10499954223633,38.11000061035156,13662,0.0,0.0
2024-12-19 15:52:00+01:00,38.11000061035156,38.125,38.10499954223633,38.10499954223633,4717,0.0,0.0
2024-12-19 15:53:00+01:00,38.10499954223633,38.15999984741211,38.10499954223633,38.15999984741211,9760,0.0,0.0
2024-12-19 15:54:00+01:00,38.165000915527344,38.16999816894531,38.1349983215332,38.1349983215332,9772,0.0,0.0
2024-12-19 15:55:00+01:00,38.13999938964844,38.13999938964844,38.084999084472656,38.11000061035156,31947,0.0,0.0
2024-12-19 15:56:00+01:00,38.11000061035156,38.11000061035156,38.084999084472656,38.084999084472656,6297,0.0,0.0
2024-12-19 15:57:00+01:00,38.09000015258789,38.095001220703125,38.06999969482422,38.095001220703125,7761,0.0,0.0
2024-12-19 15:58:00+01:00,38.09000015258789,38.099998474121094,38.09000015258789,38.09000015258789,5080,0.0,0.0
2024-12-19 15:59:00+01:00,38.09000015258789,38.099998474121094,38.084999084472656,38.099998474121094,2333,0.0,0.0
2024-12-19 16:00:00+01:00,38.08000183105469,38.095001220703125,38.060001373291016,38.064998626708984,5295,0.0,0.0
2024-12-19 16:01:00+01:00,38.064998626708984,38.064998626708984,38.025001525878906,38.040000915527344,11481,0.0,0.0
2024-12-19 16:02:00+01:00,38.02000045776367,38.03499984741211,38.0,38.0,27002,0.0,0.0
2024-12-19 16:03:00+01:00,37.9900016784668,37.9900016784668,37.970001220703125,37.970001220703125,4350,0.0,0.0
2024-12-19 16:04:00+01:00,37.96500015258789,37.96500015258789,37.93000030517578,37.935001373291016,15908,0.0,0.0
2024-12-19 16:05:00+01:00,37.939998626708984,37.94499969482422,37.8849983215332,37.904998779296875,38963,0.0,0.0
2024-12-19 16:06:00+01:00,37.904998779296875,37.904998779296875,37.88999938964844,37.904998779296875,6064,0.0,0.0
2024-12-19 16:07:00+01:00,37.86000061035156,37.86000061035156,37.849998474121094,37.85499954223633,29384,0.0,0.0
2024-12-19 16:08:00+01:00,37.86000061035156,37.89500045776367,37.86000061035156,37.869998931884766,16094,0.0,0.0
2024-12-19 16:09:00+01:00,37.869998931884766,37.869998931884766,37.79499816894531,37.79999923706055,28736,0.0,0.0
2024-12-19 16:10:00+01:00,37.810001373291016,37.83000183105469,37.79999923706055,37.814998626708984,15907,0.0,0.0
2024-12-19 16:11:00+01:00,37.814998626708984,37.82500076293945,37.78499984741211,37.82500076293945,17128,0.0,0.0
2024-12-19 16:12:00+01:00,37.83000183105469,37.845001220703125,37.81999969482422,37.82500076293945,7010,0.0,0.0
2024-12-19 16:13:00+01:00,37.81999969482422,37.86000061035156,37.81999969482422,37.85499954223633,13216,0.0,0.0
2024-12-19 16:14:00+01:00,37.85499954223633,37.86000061035156,37.849998474121094,37.849998474121094,9267,0.0,0.0
2024-12-19 16:15:00+01:00,37.849998474121094,37.849998474121094,37.79499816894531,37.84000015258789,18715,0.0,0.0
2024-12-19 16:16:00+01:00,37.82500076293945,37.8650016784668,37.82500076293945,37.85499954223633,8335,0.0,0.0
2024-12-19 16:17:00+01:00,37.8650016784668,37.880001068115234,37.849998474121094,37.849998474121094,5294,0.0,0.0
2024-12-19 16:18:00+01:00,37.85499954223633,37.86000061035156,37.81999969482422,37.81999969482422,4759,0.0,0.0
2024-12-19 16:19:00+01:00,37.83000183105469,37.849998474121094,37.81999969482422,37.849998474121094,5950,0.0,0.0
2024-12-19 16:20:00+01:00,37.845001220703125,37.845001220703125,37.82500076293945,37.83000183105469,6586,0.0,0.0
2024-12-19 16:21:00+01:00,37.83000183105469,37.834999084472656,37.81999969482422,37.81999969482422,3395,0.0,0.0
2024-12-19 16:22:00+01:00,37.810001373291016,37.810001373291016,37.790000915527344,37.790000915527344,17099,0.0,0.0
2024-12-19 16:23:00+01:00,37.78499984741211,37.79499816894531,37.779998779296875,37.790000915527344,5478,0.0,0.0
2024-12-19 16:24:00+01:00,37.78499984741211,37.78499984741211,37.77000045776367,37.77000045776367,12614,0.0,0.0
2024-12-19 16:25:00+01:00,37.77000045776367,37.790000915527344,37.77000045776367,37.790000915527344,10587,0.0,0.0
2024-12-19 16:26:00+01:00,37.790000915527344,37.79499816894531,37.775001525878906,37.78499984741211,3068,0.0,0.0
2024-12-19 16:27:00+01:00,37.779998779296875,37.78499984741211,37.75,37.75,13871,0.0,0.0
2024-12-19 16:28:00+01:00,37.744998931884766,37.75,37.68000030517578,37.70500183105469,51646,0.0,0.0
2024-12-19 16:29:00+01:00,37.70000076293945,37.70500183105469,37.685001373291016,37.685001373291016,7514,0.0,0.0
2024-12-19 16:30:00+01:00,37.689998626708984,37.70000076293945,37.68000030517578,37.68000030517578,9752,0.0,0.0
2024-12-19 16:31:00+01:00,37.67499923706055,37.69499969482422,37.65999984741211,37.689998626708984,8457,0.0,0.0
2024-12-19 16:32:00+01:00,37.685001373291016,37.709999084472656,37.65999984741211,37.67499923706055,35576,0.0,0.0
2024-12-19 16:33:00+01:00,37.685001373291016,37.689998626708984,37.6349983215332,37.64500045776367,55149,0.0,0.0
2024-12-19 16:34:00+01:00,37.650001525878906,37.654998779296875,37.63999938964844,37.650001525878906,15907,0.0,0.0
2024-12-19 16:35:00+01:00,37.654998779296875,37.73500061035156,37.654998779296875,37.720001220703125,16771,0.0,0.0
2024-12-19 16:36:00+01:00,37.709999084472656,37.709999084472656,37.685001373291016,37.685001373291016,15939,0.0,0.0
2024-12-19 16:37:00+01:00,37.689998626708984,37.72999954223633,37.689998626708984,37.72999954223633,29529,0.0,0.0
2024-12-19 16:38:00+01:00,37.7400016784668,37.775001525878906,37.73500061035156,37.7400016784668,24645,0.0,0.0
2024-12-19 16:39:00+01:00,37.724998474121094,37.73500061035156,37.709999084472656,37.71500015258789,10288,0.0,0.0
2024-12-19 16:40:00+01:00,37.71500015258789,37.76499938964844,37.709999084472656,37.7599983215332,10323,0.0,0.0
2024-12-19 16:41:00+01:00,37.7599983215332,37.76499938964844,37.7400016784668,37.744998931884766,11118,0.0,0.0
2024-12-19 16:42:00+01:00,37.744998931884766,37.79999923706055,37.744998931884766,37.79999923706055,38084,0.0,0.0
2024-12-19 16:43:00+01:00,37.79999923706055,37.79999923706055,37.76499938964844,37.775001525878906,27604,0.0,0.0
2024-12-19 16:44:00+01:00,37.77000045776367,37.78499984741211,37.77000045776367,37.77000045776367,21715,0.0,0.0
2024-12-19 16:45:00+01:00,37.77000045776367,37.77000045776367,37.75,37.7599983215332,27550,0.0,0.0
2024-12-19 16:46:00+01:00,37.755001068115234,37.755001068115234,37.724998474121094,37.724998474121094,9171,0.0,0.0
2024-12-19 16:47:00+01:00,37.724998474121094,37.73500061035156,37.724998474121094,37.73500061035156,1637,0.0,0.0
2024-12-19 16:48:00+01:00,37.72999954223633,37.744998931884766,37.72999954223633,37.73500061035156,2589,0.0,0.0
2024-12-19 16:49:00+01:00,37.7400016784668,37.775001525878906,37.73500061035156,37.775001525878906,35292,0.0,0.0
2024-12-19 16:50:00+01:00,37.775001525878906,37.79999923706055,37.775001525878906,37.78499984741211,23724,0.0,0.0
2024-12-19 16:51:00+01:00,37.78499984741211,37.79999923706055,37.78499984741211,37.79499816894531,30790,0.0,0.0
2024-12-19 16:52:00+01:00,37.79999923706055,37.79999923706055,37.790000915527344,37.790000915527344,5490,0.0,0.0
2024-12-19 16:54:00+01:00,37.779998779296875,37.78499984741211,37.77000045776367,37.78499984741211,54815,0.0,0.0
2024-12-19 16:55:00+01:00,37.779998779296875,37.779998779296875,37.77000045776367,37.779998779296875,44096,0.0,0.0
2024-12-19 16:56:00+01:00,37.77000045776367,37.779998779296875,37.76499938964844,37.77000045776367,15165,0.0,0.0
2024-12-19 16:57:00+01:00,37.7599983215332,37.775001525878906,37.75,37.75,14675,0.0,0.0
2024-12-19 16:58:00+01:00,37.755001068115234,37.77000045776367,37.744998931884766,37.76499938964844,16185,0.0,0.0
2024-12-19 16:59:00+01:00,37.775001525878906,37.83000183105469,37.77000045776367,37.814998626708984,18415,0.0,0.0
2024-12-19 17:00:00+01:00,37.814998626708984,37.82500076293945,37.80500030517578,37.81999969482422,7895,0.0,0.0
2024-12-19 17:01:00+01:00,37.81999969482422,37.82500076293945,37.79499816894531,37.810001373291016,19550,0.0,0.0
2024-12-19 17:02:00+01:00,37.80500030517578,37.80500030517578,37.790000915527344,37.79499816894531,21958,0.0,0.0
2024-12-19 17:03:00+01:00,37.79499816894531,37.80500030517578,37.79499816894531,37.79999923706055,15377,0.0,0.0
2024-12-19 17:04:00+01:00,37.79999923706055,37.79999923706055,37.775001525878906,37.775001525878906,14952,0.0,0.0
2024-12-19 17:05:00+01:00,37.779998779296875,37.79999923706055,37.775001525878906,37.78499984741211,35815,0.0,0.0
2024-12-19 17:06:00+01:00,37.78499984741211,37.790000915527344,37.779998779296875,37.78499984741211,8286,0.0,0.0
2024-12-19 17:07:00+01:00,37.790000915527344,37.79999923706055,37.790000915527344,37.79999923706055,22581,0.0,0.0
2024-12-19 17:08:00+01:00,37.810001373291016,37.82500076293945,37.80500030517578,37.82500076293945,24862,0.0,0.0
2024-12-19 17:09:00+01:00,37.81999969482422,37.81999969482422,37.810001373291016,37.814998626708984,3427,0.0,0.0
2024-12-19 17:10:00+01:00,37.814998626708984,37.81999969482422,37.79999923706055,37.80500030517578,21303,0.0,0.0
2024-12-19 17:11:00+01:00,37.79999923706055,37.814998626708984,37.79999923706055,37.80500030517578,14649,0.0,0.0
2024-12-19 17:12:00+01:00,37.80500030517578,37.80500030517578,37.75,37.7599983215332,23363,0.0,0.0
2024-12-19 17:13:00+01:00,37.75,37.76499938964844,37.744998931884766,37.744998931884766,9814,0.0,0.0
2024-12-19 17:14:00+01:00,37.744998931884766,37.744998931884766,37.720001220703125,37.73500061035156,23938,0.0,0.0
2024-12-19 17:15:00+01:00,37.73500061035156,37.75,37.73500061035156,37.744998931884766,23995,0.0,0.0
2024-12-19 17:16:00+01:00,37.7400016784668,37.7400016784668,37.71500015258789,37.720001220703125,10182,0.0,0.0
2024-12-19 17:17:00+01:00,37.720001220703125,37.744998931884766,37.720001220703125,37.7400016784668,7918,0.0,0.0
2024-12-19 17:18:00+01:00,37.7400016784668,37.75,37.73500061035156,37.73500061035156,28096,0.0,0.0
2024-12-19 17:19:00+01:00,37.72999954223633,37.7400016784668,37.72999954223633,37.73500061035156,10942,0.0,0.0
2024-12-19 17:20:00+01:00,37.73500061035156,37.73500061035156,37.69499969482422,37.69499969482422,36147,0.0,0.0
2024-12-19 17:21:00+01:00,37.689998626708984,37.70000076293945,37.685001373291016,37.69499969482422,19537,0.0,0.0
2024-12-19 17:22:00+01:00,37.70000076293945,37.72999954223633,37.69499969482422,37.72999954223633,55102,0.0,0.0
2024-12-19 17:23:00+01:00,37.72999954223633,37.744998931884766,37.72999954223633,37.744998931884766,7317,0.0,0.0
2024-12-19 17:24:00+01:00,37.744998931884766,37.75,37.720001220703125,37.720001220703125,21097,0.0,0.0
2024-12-19 17:25:00+01:00,37.720001220703125,37.720001220703125,37.69499969482422,37.69499969482422,25408,0.0,0.0
2024-12-19 17:26:00+01:00,37.70000076293945,37.70000076293945,37.685001373291016,37.69499969482422,28082,0.0,0.0
2024-12-19 17:27:00+01:00,37.69499969482422,37.70000076293945,37.685001373291016,37.69499969482422,35332,0.0,0.0
2024-12-19 17:28:00+01:00,37.69499969482422,37.70000076293945,37.68000030517578,37.685001373291016,16349,0.0,0.0
2024-12-19 17:29:00+01:00,37.685001373291016,37.69499969482422,37.665000915527344,37.689998626708984,55026,0.0,0.0
