time,Open,High,Low,Close,Volume,Dividends,Stock Splits
2024-12-19 09:00:00+01:00,38.29999923706055,38.560001373291016,38.279998779296875,38.35499954223633,0,0.0,0.0
2024-12-19 09:01:00+01:00,38.400001525878906,38.44499969482422,38.27000045776367,38.44499969482422,98498,0.0,0.0
2024-12-19 09:02:00+01:00,38.435001373291016,38.45000076293945,38.314998626708984,38.345001220703125,33300,0.0,0.0
2024-12-19 09:03:00+01:00,38.334999084472656,38.36000061035156,38.275001525878906,38.290000915527344,57357,0.0,0.0
2024-12-19 09:04:00+01:00,38.28499984741211,38.30500030517578,38.21500015258789,38.22999954223633,22389,0.0,0.0
2024-12-19 09:05:00+01:00,38.220001220703125,38.22999954223633,38.13999938964844,38.18000030517578,34719,0.0,0.0
2024-12-19 09:06:00+01:00,38.16999816894531,38.209999084472656,38.16999816894531,38.19499969482422,23502,0.0,0.0
2024-12-19 09:07:00+01:00,38.20000076293945,38.22999954223633,38.18000030517578,38.22999954223633,14953,0.0,0.0
2024-12-19 09:08:00+01:00,38.220001220703125,38.290000915527344,38.220001220703125,38.255001068115234,43244,0.0,0.0
2024-12-19 09:09:00+01:00,38.2599983215332,38.28499984741211,38.23500061035156,38.2400016784668,17716,0.0,0.0
2024-12-19 09:10:00+01:00,38.2400016784668,38.25,38.20000076293945,38.244998931884766,25483,0.0,0.0
2024-12-19 09:11:00+01:00,38.224998474121094,38.224998474121094,38.224998474121094,38.224998474121094,0,0.0,0.0
