time,Open,High,Low,Close,Volume,Dividends,Stock Splits
2024-12-10 09:00:00+01:00,38.78499984741211,38.900001525878906,38.78499984741211,38.84000015258789,0,0.0,0.0
2024-12-10 09:01:00+01:00,38.80500030517578,38.814998626708984,38.685001373291016,38.73500061035156,14310,0.0,0.0
2024-12-10 09:02:00+01:00,38.73500061035156,38.744998931884766,38.66999816894531,38.685001373291016,11403,0.0,0.0
2024-12-10 09:03:00+01:00,38.66999816894531,38.71500015258789,38.650001525878906,38.71500015258789,17600,0.0,0.0
2024-12-10 09:04:00+01:00,38.70000076293945,38.70000076293945,38.65999984741211,38.67499923706055,3444,0.0,0.0
2024-12-10 09:05:00+01:00,38.68000030517578,38.73500061035156,38.68000030517578,38.73500061035156,8125,0.0,0.0
2024-12-10 09:06:00+01:00,38.73500061035156,38.779998779296875,38.71500015258789,38.77000045776367,11171,0.0,0.0
2024-12-10 09:07:00+01:00,38.7400016784668,38.7400016784668,38.650001525878906,38.66999816894531,9139,0.0,0.0
2024-12-10 09:08:00+01:00,38.65999984741211,38.70000076293945,38.654998779296875,38.685001373291016,7025,0.0,0.0
2024-12-10 09:09:00+01:00,38.66999816894531,38.70000076293945,38.650001525878906,38.650001525878906,8823,0.0,0.0
2024-12-10 09:10:00+01:00,38.63999938964844,38.66999816894531,38.60499954223633,38.665000915527344,20029,0.0,0.0
2024-12-10 09:11:00+01:00,38.654998779296875,38.71500015258789,38.64500045776367,38.71500015258789,17493,0.0,0.0
2024-12-10 09:12:00+01:00,38.709999084472656,38.81999969482422,38.70000076293945,38.78499984741211,38277,0.0,0.0
2024-12-10 09:13:00+01:00,38.775001525878906,38.78499984741211,38.744998931884766,38.744998931884766,5247,0.0,0.0
2024-12-10 09:14:00+01:00,38.72999954223633,38.7400016784668,38.689998626708984,38.7400016784668,15389,0.0,0.0
2024-12-10 09:15:00+01:00,38.76499938964844,38.79999923706055,38.76499938964844,38.79999923706055,5594,0.0,0.0
2024-12-10 09:16:00+01:00,38.810001373291016,38.81999969482422,38.78499984741211,38.78499984741211,9875,0.0,0.0
2024-12-10 09:17:00+01:00,38.779998779296875,38.79999923706055,38.76499938964844,38.790000915527344,8744,0.0,0.0
2024-12-10 09:18:00+01:00,38.790000915527344,38.81999969482422,38.779998779296875,38.779998779296875,20509,0.0,0.0
2024-12-10 09:19:00+01:00,38.779998779296875,38.79499816894531,38.75,38.75,13270,0.0,0.0
2024-12-10 09:20:00+01:00,38.73500061035156,38.755001068115234,38.724998474121094,38.75,8754,0.0,0.0
2024-12-10 09:21:00+01:00,38.755001068115234,38.79499816894531,38.72999954223633,38.790000915527344,3861,0.0,0.0
2024-12-10 09:22:00+01:00,38.775001525878906,38.790000915527344,38.775001525878906,38.790000915527344,2537,0.0,0.0
2024-12-10 09:23:00+01:00,38.790000915527344,38.810001373291016,38.78499984741211,38.79499816894531,2363,0.0,0.0
2024-12-10 09:24:00+01:00,38.779998779296875,38.779998779296875,38.76499938964844,38.77000045776367,3210,0.0,0.0
2024-12-10 09:25:00+01:00,38.72999954223633,38.77000045776367,38.72999954223633,38.77000045776367,3685,0.0,0.0
2024-12-10 09:26:00+01:00,38.81999969482422,38.81999969482422,38.810001373291016,38.81999969482422,1058,0.0,0.0
2024-12-10 09:27:00+01:00,38.83000183105469,38.849998474121094,38.80500030517578,38.834999084472656,19408,0.0,0.0
2024-12-10 09:28:00+01:00,38.82500076293945,38.83000183105469,38.814998626708984,38.814998626708984,1576,0.0,0.0
2024-12-10 09:29:00+01:00,38.80500030517578,38.80500030517578,38.724998474121094,38.724998474121094,7073,0.0,0.0
2024-12-10 09:30:00+01:00,38.724998474121094,38.755001068115234,38.720001220703125,38.7400016784668,15312,0.0,0.0
2024-12-10 09:31:00+01:00,38.73500061035156,38.7400016784668,38.68000030517578,38.72999954223633,12207,0.0,0.0
2024-12-10 09:32:00+01:00,38.7400016784668,38.744998931884766,38.70000076293945,38.70000076293945,6055,0.0,0.0
2024-12-10 09:33:00+01:00,38.68000030517578,38.724998474121094,38.68000030517578,38.685001373291016,6554,0.0,0.0
2024-12-10 09:34:00+01:00,38.685001373291016,38.709999084472656,38.685001373291016,38.709999084472656,10076,0.0,0.0
2024-12-10 09:35:00+01:00,38.709999084472656,38.724998474121094,38.689998626708984,38.689998626708984,12769,0.0,0.0
2024-12-10 09:36:00+01:00,38.685001373291016,38.685001373291016,38.63999938964844,38.654998779296875,10585,0.0,0.0
2024-12-10 09:37:00+01:00,38.650001525878906,38.650001525878906,38.625,38.64500045776367,6181,0.0,0.0
2024-12-10 09:38:00+01:00,38.650001525878906,38.67499923706055,38.63999938964844,38.67499923706055,1334,0.0,0.0
2024-12-10 09:39:00+01:00,38.66999816894531,38.66999816894531,38.654998779296875,38.65999984741211,2942,0.0,0.0
2024-12-10 09:40:00+01:00,38.650001525878906,38.689998626708984,38.650001525878906,38.689998626708984,7790,0.0,0.0
2024-12-10 09:41:00+01:00,38.685001373291016,38.685001373291016,38.654998779296875,38.65999984741211,4934,0.0,0.0
2024-12-10 09:42:00+01:00,38.654998779296875,38.65999984741211,38.599998474121094,38.599998474121094,11808,0.0,0.0
2024-12-10 09:43:00+01:00,38.599998474121094,38.625,38.599998474121094,38.625,5306,0.0,0.0
2024-12-10 09:44:00+01:00,38.61000061035156,38.61000061035156,38.599998474121094,38.61000061035156,10547,0.0,0.0
2024-12-10 09:45:00+01:00,38.599998474121094,38.599998474121094,38.564998626708984,38.595001220703125,7002,0.0,0.0
2024-12-10 09:46:00+01:00,38.595001220703125,38.6349983215332,38.595001220703125,38.625,3103,0.0,0.0
2024-12-10 09:47:00+01:00,38.630001068115234,38.630001068115234,38.6150016784668,38.630001068115234,5330,0.0,0.0
2024-12-10 09:48:00+01:00,38.6349983215332,38.650001525878906,38.625,38.625,4728,0.0,0.0
2024-12-10 09:49:00+01:00,38.619998931884766,38.619998931884766,38.540000915527344,38.55500030517578,25433,0.0,0.0
2024-12-10 09:50:00+01:00,38.55500030517578,38.55500030517578,38.54499816894531,38.54999923706055,9775,0.0,0.0
2024-12-10 09:51:00+01:00,38.55500030517578,38.57500076293945,38.54999923706055,38.57500076293945,1797,0.0,0.0
2024-12-10 09:52:00+01:00,38.58000183105469,38.599998474121094,38.58000183105469,38.599998474121094,640,0.0,0.0
2024-12-10 09:53:00+01:00,38.599998474121094,38.60499954223633,38.584999084472656,38.60499954223633,1690,0.0,0.0
2024-12-10 09:54:00+01:00,38.625,38.625,38.56999969482422,38.56999969482422,3297,0.0,0.0
2024-12-10 09:55:00+01:00,38.54999923706055,38.56999969482422,38.540000915527344,38.54499816894531,7012,0.0,0.0
2024-12-10 09:56:00+01:00,38.54499816894531,38.619998931884766,38.54499816894531,38.599998474121094,9019,0.0,0.0
2024-12-10 09:57:00+01:00,38.61000061035156,38.61000061035156,38.595001220703125,38.595001220703125,1167,0.0,0.0
2024-12-10 09:58:00+01:00,38.59000015258789,38.6150016784668,38.584999084472656,38.6150016784668,3293,0.0,0.0
2024-12-10 09:59:00+01:00,38.6150016784668,38.625,38.595001220703125,38.595001220703125,2630,0.0,0.0
2024-12-10 10:00:00+01:00,38.599998474121094,38.6150016784668,38.584999084472656,38.6150016784668,4470,0.0,0.0
2024-12-10 10:01:00+01:00,38.619998931884766,38.625,38.61000061035156,38.625,7556,0.0,0.0
2024-12-10 10:02:00+01:00,38.630001068115234,38.65999984741211,38.630001068115234,38.654998779296875,4489,0.0,0.0
2024-12-10 10:03:00+01:00,38.650001525878906,38.66999816894531,38.63999938964844,38.66999816894531,13094,0.0,0.0
2024-12-10 10:04:00+01:00,38.65999984741211,38.67499923706055,38.650001525878906,38.67499923706055,3430,0.0,0.0
2024-12-10 10:05:00+01:00,38.68000030517578,38.69499969482422,38.68000030517578,38.69499969482422,3230,0.0,0.0
2024-12-10 10:06:00+01:00,38.69499969482422,38.70000076293945,38.66999816894531,38.68000030517578,4905,0.0,0.0
2024-12-10 10:07:00+01:00,38.66999816894531,38.70000076293945,38.66999816894531,38.70000076293945,3289,0.0,0.0
2024-12-10 10:08:00+01:00,38.69499969482422,38.70000076293945,38.685001373291016,38.689998626708984,5219,0.0,0.0
2024-12-10 10:09:00+01:00,38.68000030517578,38.68000030517578,38.67499923706055,38.67499923706055,316,0.0,0.0
2024-12-10 10:10:00+01:00,38.66999816894531,38.68000030517578,38.66999816894531,38.67499923706055,2942,0.0,0.0
2024-12-10 10:11:00+01:00,38.67499923706055,38.67499923706055,38.654998779296875,38.65999984741211,879,0.0,0.0
2024-12-10 10:12:00+01:00,38.65999984741211,38.65999984741211,38.654998779296875,38.654998779296875,820,0.0,0.0
2024-12-10 10:13:00+01:00,38.650001525878906,38.654998779296875,38.619998931884766,38.6349983215332,7089,0.0,0.0
2024-12-10 10:14:00+01:00,38.619998931884766,38.63999938964844,38.619998931884766,38.63999938964844,4915,0.0,0.0
2024-12-10 10:15:00+01:00,38.64500045776367,38.66999816894531,38.630001068115234,38.66999816894531,1975,0.0,0.0
2024-12-10 10:16:00+01:00,38.65999984741211,38.665000915527344,38.63999938964844,38.64500045776367,5262,0.0,0.0
2024-12-10 10:17:00+01:00,38.654998779296875,38.665000915527344,38.650001525878906,38.665000915527344,3951,0.0,0.0
2024-12-10 10:18:00+01:00,38.66999816894531,38.66999816894531,38.665000915527344,38.665000915527344,913,0.0,0.0
2024-12-10 10:19:00+01:00,38.66999816894531,38.67499923706055,38.65999984741211,38.65999984741211,2167,0.0,0.0
2024-12-10 10:20:00+01:00,38.650001525878906,38.66999816894531,38.64500045776367,38.654998779296875,5173,0.0,0.0
2024-12-10 10:21:00+01:00,38.650001525878906,38.650001525878906,38.619998931884766,38.630001068115234,12884,0.0,0.0
2024-12-10 10:22:00+01:00,38.630001068115234,38.63999938964844,38.630001068115234,38.63999938964844,658,0.0,0.0
2024-12-10 10:23:00+01:00,38.63999938964844,38.654998779296875,38.63999938964844,38.654998779296875,2024,0.0,0.0
2024-12-10 10:24:00+01:00,38.65999984741211,38.67499923706055,38.65999984741211,38.67499923706055,2692,0.0,0.0
2024-12-10 10:25:00+01:00,38.68000030517578,38.689998626708984,38.66999816894531,38.66999816894531,6511,0.0,0.0
2024-12-10 10:26:00+01:00,38.665000915527344,38.66999816894531,38.665000915527344,38.66999816894531,398,0.0,0.0
2024-12-10 10:27:00+01:00,38.665000915527344,38.66999816894531,38.654998779296875,38.66999816894531,4179,0.0,0.0
2024-12-10 10:28:00+01:00,38.65999984741211,38.65999984741211,38.619998931884766,38.625,10712,0.0,0.0
2024-12-10 10:29:00+01:00,38.625,38.66999816894531,38.619998931884766,38.654998779296875,18889,0.0,0.0
2024-12-10 10:30:00+01:00,38.64500045776367,38.64500045776367,38.630001068115234,38.630001068115234,5250,0.0,0.0
2024-12-10 10:31:00+01:00,38.64500045776367,38.66999816894531,38.64500045776367,38.650001525878906,5432,0.0,0.0
2024-12-10 10:32:00+01:00,38.650001525878906,38.654998779296875,38.650001525878906,38.650001525878906,977,0.0,0.0
2024-12-10 10:33:00+01:00,38.65999984741211,38.65999984741211,38.650001525878906,38.654998779296875,11329,0.0,0.0
2024-12-10 10:34:00+01:00,38.665000915527344,38.665000915527344,38.665000915527344,38.665000915527344,378,0.0,0.0
2024-12-10 10:35:00+01:00,38.66999816894531,38.70000076293945,38.665000915527344,38.70000076293945,2082,0.0,0.0
2024-12-10 10:36:00+01:00,38.709999084472656,38.720001220703125,38.689998626708984,38.689998626708984,4509,0.0,0.0
2024-12-10 10:37:00+01:00,38.67499923706055,38.67499923706055,38.66999816894531,38.66999816894531,689,0.0,0.0
2024-12-10 10:38:00+01:00,38.665000915527344,38.665000915527344,38.650001525878906,38.650001525878906,4489,0.0,0.0
2024-12-10 10:39:00+01:00,38.650001525878906,38.650001525878906,38.64500045776367,38.64500045776367,3381,0.0,0.0
2024-12-10 10:40:00+01:00,38.654998779296875,38.67499923706055,38.654998779296875,38.665000915527344,2137,0.0,0.0
2024-12-10 10:41:00+01:00,38.66999816894531,38.69499969482422,38.66999816894531,38.69499969482422,6558,0.0,0.0
2024-12-10 10:42:00+01:00,38.69499969482422,38.70000076293945,38.689998626708984,38.69499969482422,12738,0.0,0.0
2024-12-10 10:43:00+01:00,38.70000076293945,38.70000076293945,38.689998626708984,38.689998626708984,1832,0.0,0.0
2024-12-10 10:44:00+01:00,38.685001373291016,38.685001373291016,38.66999816894531,38.66999816894531,2107,0.0,0.0
2024-12-10 10:45:00+01:00,38.66999816894531,38.689998626708984,38.66999816894531,38.689998626708984,406,0.0,0.0
2024-12-10 10:46:00+01:00,38.689998626708984,38.689998626708984,38.685001373291016,38.685001373291016,3608,0.0,0.0
2024-12-10 10:47:00+01:00,38.68000030517578,38.689998626708984,38.68000030517578,38.689998626708984,682,0.0,0.0
2024-12-10 10:48:00+01:00,38.69499969482422,38.7400016784668,38.69499969482422,38.7400016784668,13081,0.0,0.0
2024-12-10 10:49:00+01:00,38.724998474121094,38.7400016784668,38.69499969482422,38.70500183105469,8088,0.0,0.0
2024-12-10 10:50:00+01:00,38.709999084472656,38.724998474121094,38.70000076293945,38.724998474121094,3790,0.0,0.0
2024-12-10 10:51:00+01:00,38.709999084472656,38.71500015258789,38.70000076293945,38.70000076293945,2650,0.0,0.0
2024-12-10 10:52:00+01:00,38.69499969482422,38.69499969482422,38.69499969482422,38.69499969482422,149,0.0,0.0
2024-12-10 10:53:00+01:00,38.689998626708984,38.70500183105469,38.68000030517578,38.70000076293945,9221,0.0,0.0
2024-12-10 10:54:00+01:00,38.70500183105469,38.709999084472656,38.70500183105469,38.709999084472656,595,0.0,0.0
2024-12-10 10:55:00+01:00,38.70500183105469,38.724998474121094,38.70500183105469,38.724998474121094,10303,0.0,0.0
2024-12-10 10:56:00+01:00,38.720001220703125,38.720001220703125,38.709999084472656,38.720001220703125,4105,0.0,0.0
2024-12-10 10:57:00+01:00,38.71500015258789,38.720001220703125,38.71500015258789,38.720001220703125,1385,0.0,0.0
2024-12-10 10:58:00+01:00,38.720001220703125,38.7400016784668,38.720001220703125,38.7400016784668,3832,0.0,0.0
2024-12-10 10:59:00+01:00,38.744998931884766,38.75,38.7400016784668,38.7400016784668,5256,0.0,0.0
2024-12-10 11:01:00+01:00,38.744998931884766,38.744998931884766,38.72999954223633,38.72999954223633,5465,0.0,0.0
2024-12-10 11:02:00+01:00,38.724998474121094,38.73500061035156,38.724998474121094,38.73500061035156,2141,0.0,0.0
2024-12-10 11:03:00+01:00,38.72999954223633,38.7599983215332,38.72999954223633,38.7599983215332,5619,0.0,0.0
2024-12-10 11:04:00+01:00,38.7599983215332,38.83000183105469,38.7599983215332,38.81999969482422,18973,0.0,0.0
2024-12-10 11:05:00+01:00,38.814998626708984,38.814998626708984,38.80500030517578,38.80500030517578,2664,0.0,0.0
2024-12-10 11:06:00+01:00,38.790000915527344,38.810001373291016,38.790000915527344,38.810001373291016,3584,0.0,0.0
2024-12-10 11:07:00+01:00,38.80500030517578,38.810001373291016,38.78499984741211,38.79499816894531,8164,0.0,0.0
2024-12-10 11:08:00+01:00,38.775001525878906,38.83000183105469,38.775001525878906,38.83000183105469,19488,0.0,0.0
2024-12-10 11:09:00+01:00,38.834999084472656,38.86000061035156,38.834999084472656,38.86000061035156,16687,0.0,0.0
2024-12-10 11:10:00+01:00,38.849998474121094,38.849998474121094,38.834999084472656,38.849998474121094,7249,0.0,0.0
2024-12-10 11:11:00+01:00,38.849998474121094,38.849998474121094,38.849998474121094,38.849998474121094,392,0.0,0.0
2024-12-10 11:12:00+01:00,38.86000061035156,38.875,38.86000061035156,38.869998931884766,9838,0.0,0.0
2024-12-10 11:13:00+01:00,38.869998931884766,38.8849983215332,38.86000061035156,38.880001068115234,9756,0.0,0.0
2024-12-10 11:14:00+01:00,38.875,38.875,38.849998474121094,38.8650016784668,15275,0.0,0.0
2024-12-10 11:15:00+01:00,38.849998474121094,38.849998474121094,38.83000183105469,38.83000183105469,2836,0.0,0.0
2024-12-10 11:16:00+01:00,38.82500076293945,38.84000015258789,38.814998626708984,38.84000015258789,3656,0.0,0.0
2024-12-10 11:17:00+01:00,38.81999969482422,38.81999969482422,38.79999923706055,38.79999923706055,22103,0.0,0.0
2024-12-10 11:18:00+01:00,38.79999923706055,38.79999923706055,38.779998779296875,38.78499984741211,6294,0.0,0.0
2024-12-10 11:19:00+01:00,38.790000915527344,38.790000915527344,38.775001525878906,38.775001525878906,4291,0.0,0.0
2024-12-10 11:20:00+01:00,38.77000045776367,38.78499984741211,38.73500061035156,38.73500061035156,4524,0.0,0.0
2024-12-10 11:21:00+01:00,38.72999954223633,38.755001068115234,38.72999954223633,38.755001068115234,1465,0.0,0.0
2024-12-10 11:22:00+01:00,38.73500061035156,38.73500061035156,38.720001220703125,38.720001220703125,3017,0.0,0.0
2024-12-10 11:23:00+01:00,38.724998474121094,38.7400016784668,38.724998474121094,38.72999954223633,2572,0.0,0.0
2024-12-10 11:24:00+01:00,38.720001220703125,38.720001220703125,38.720001220703125,38.720001220703125,203,0.0,0.0
2024-12-10 11:25:00+01:00,38.709999084472656,38.724998474121094,38.709999084472656,38.724998474121094,4692,0.0,0.0
2024-12-10 11:26:00+01:00,38.71500015258789,38.71500015258789,38.70500183105469,38.709999084472656,3207,0.0,0.0
2024-12-10 11:27:00+01:00,38.70000076293945,38.724998474121094,38.69499969482422,38.724998474121094,8647,0.0,0.0
2024-12-10 11:28:00+01:00,38.709999084472656,38.709999084472656,38.685001373291016,38.685001373291016,9214,0.0,0.0
2024-12-10 11:29:00+01:00,38.69499969482422,38.724998474121094,38.69499969482422,38.724998474121094,2301,0.0,0.0
2024-12-10 11:30:00+01:00,38.720001220703125,38.72999954223633,38.720001220703125,38.724998474121094,1653,0.0,0.0
2024-12-10 11:31:00+01:00,38.724998474121094,38.7400016784668,38.68000030517578,38.685001373291016,5589,0.0,0.0
2024-12-10 11:32:00+01:00,38.68000030517578,38.685001373291016,38.665000915527344,38.665000915527344,3507,0.0,0.0
2024-12-10 11:33:00+01:00,38.665000915527344,38.69499969482422,38.665000915527344,38.69499969482422,1948,0.0,0.0
2024-12-10 11:34:00+01:00,38.689998626708984,38.689998626708984,38.68000030517578,38.685001373291016,2558,0.0,0.0
2024-12-10 11:35:00+01:00,38.67499923706055,38.67499923706055,38.64500045776367,38.64500045776367,7767,0.0,0.0
2024-12-10 11:36:00+01:00,38.63999938964844,38.63999938964844,38.625,38.63999938964844,2736,0.0,0.0
2024-12-10 11:37:00+01:00,38.63999938964844,38.64500045776367,38.6349983215332,38.6349983215332,2169,0.0,0.0
2024-12-10 11:38:00+01:00,38.650001525878906,38.650001525878906,38.64500045776367,38.64500045776367,5075,0.0,0.0
2024-12-10 11:39:00+01:00,38.64500045776367,38.64500045776367,38.625,38.625,17193,0.0,0.0
2024-12-10 11:40:00+01:00,38.630001068115234,38.630001068115234,38.630001068115234,38.630001068115234,360,0.0,0.0
2024-12-10 11:41:00+01:00,38.625,38.625,38.61000061035156,38.61000061035156,6421,0.0,0.0
2024-12-10 11:42:00+01:00,38.599998474121094,38.599998474121094,38.58000183105469,38.59000015258789,17171,0.0,0.0
2024-12-10 11:43:00+01:00,38.595001220703125,38.60499954223633,38.595001220703125,38.599998474121094,6613,0.0,0.0
2024-12-10 11:44:00+01:00,38.60499954223633,38.60499954223633,38.599998474121094,38.60499954223633,1307,0.0,0.0
2024-12-10 11:45:00+01:00,38.599998474121094,38.60499954223633,38.57500076293945,38.60499954223633,10519,0.0,0.0
2024-12-10 11:46:00+01:00,38.60499954223633,38.625,38.60499954223633,38.625,521,0.0,0.0
2024-12-10 11:47:00+01:00,38.60499954223633,38.60499954223633,38.595001220703125,38.60499954223633,2286,0.0,0.0
2024-12-10 11:48:00+01:00,38.59000015258789,38.61000061035156,38.584999084472656,38.61000061035156,4297,0.0,0.0
2024-12-10 11:49:00+01:00,38.595001220703125,38.595001220703125,38.58000183105469,38.584999084472656,2835,0.0,0.0
2024-12-10 11:50:00+01:00,38.59000015258789,38.61000061035156,38.59000015258789,38.61000061035156,853,0.0,0.0
2024-12-10 11:51:00+01:00,38.619998931884766,38.619998931884766,38.599998474121094,38.61000061035156,3374,0.0,0.0
2024-12-10 11:52:00+01:00,38.599998474121094,38.60499954223633,38.595001220703125,38.595001220703125,3044,0.0,0.0
2024-12-10 11:53:00+01:00,38.60499954223633,38.619998931884766,38.60499954223633,38.6150016784668,695,0.0,0.0
2024-12-10 11:54:00+01:00,38.625,38.6349983215332,38.625,38.6349983215332,1877,0.0,0.0
2024-12-10 11:55:00+01:00,38.630001068115234,38.630001068115234,38.619998931884766,38.630001068115234,7015,0.0,0.0
2024-12-10 11:56:00+01:00,38.61000061035156,38.61000061035156,38.599998474121094,38.599998474121094,2236,0.0,0.0
2024-12-10 11:57:00+01:00,38.60499954223633,38.619998931884766,38.60499954223633,38.6150016784668,1636,0.0,0.0
2024-12-10 11:58:00+01:00,38.6150016784668,38.6150016784668,38.61000061035156,38.6150016784668,1155,0.0,0.0
2024-12-10 11:59:00+01:00,38.625,38.6349983215332,38.625,38.6349983215332,1618,0.0,0.0
2024-12-10 12:00:00+01:00,38.63999938964844,38.654998779296875,38.63999938964844,38.654998779296875,5371,0.0,0.0
2024-12-10 12:01:00+01:00,38.654998779296875,38.654998779296875,38.6349983215332,38.64500045776367,2161,0.0,0.0
2024-12-10 12:02:00+01:00,38.64500045776367,38.665000915527344,38.64500045776367,38.665000915527344,5151,0.0,0.0
2024-12-10 12:03:00+01:00,38.67499923706055,38.69499969482422,38.665000915527344,38.69499969482422,2366,0.0,0.0
2024-12-10 12:04:00+01:00,38.689998626708984,38.720001220703125,38.68000030517578,38.709999084472656,6458,0.0,0.0
2024-12-10 12:05:00+01:00,38.720001220703125,38.72999954223633,38.71500015258789,38.71500015258789,4504,0.0,0.0
2024-12-10 12:06:00+01:00,38.720001220703125,38.720001220703125,38.720001220703125,38.720001220703125,1206,0.0,0.0
2024-12-10 12:07:00+01:00,38.720001220703125,38.73500061035156,38.720001220703125,38.73500061035156,3088,0.0,0.0
2024-12-10 12:08:00+01:00,38.7400016784668,38.744998931884766,38.72999954223633,38.7400016784668,1442,0.0,0.0
2024-12-10 12:09:00+01:00,38.73500061035156,38.7400016784668,38.73500061035156,38.7400016784668,415,0.0,0.0
2024-12-10 12:10:00+01:00,38.7400016784668,38.7400016784668,38.72999954223633,38.72999954223633,1253,0.0,0.0
2024-12-10 12:11:00+01:00,38.72999954223633,38.72999954223633,38.72999954223633,38.72999954223633,246,0.0,0.0
2024-12-10 12:12:00+01:00,38.72999954223633,38.72999954223633,38.72999954223633,38.72999954223633,750,0.0,0.0
2024-12-10 12:13:00+01:00,38.72999954223633,38.7400016784668,38.720001220703125,38.7400016784668,5896,0.0,0.0
2024-12-10 12:14:00+01:00,38.73500061035156,38.755001068115234,38.73500061035156,38.75,2207,0.0,0.0
2024-12-10 12:15:00+01:00,38.755001068115234,38.779998779296875,38.755001068115234,38.77000045776367,16962,0.0,0.0
2024-12-10 12:16:00+01:00,38.78499984741211,38.814998626708984,38.78499984741211,38.80500030517578,7057,0.0,0.0
2024-12-10 12:17:00+01:00,38.79999923706055,38.79999923706055,38.76499938964844,38.76499938964844,4692,0.0,0.0
2024-12-10 12:18:00+01:00,38.775001525878906,38.779998779296875,38.76499938964844,38.76499938964844,943,0.0,0.0
2024-12-10 12:19:00+01:00,38.76499938964844,38.779998779296875,38.7599983215332,38.779998779296875,2435,0.0,0.0
2024-12-10 12:20:00+01:00,38.78499984741211,38.790000915527344,38.775001525878906,38.775001525878906,5837,0.0,0.0
2024-12-10 12:21:00+01:00,38.78499984741211,38.790000915527344,38.775001525878906,38.775001525878906,1205,0.0,0.0
2024-12-10 12:22:00+01:00,38.779998779296875,38.790000915527344,38.775001525878906,38.78499984741211,3382,0.0,0.0
2024-12-10 12:23:00+01:00,38.779998779296875,38.779998779296875,38.77000045776367,38.77000045776367,1657,0.0,0.0
2024-12-10 12:24:00+01:00,38.76499938964844,38.775001525878906,38.76499938964844,38.775001525878906,1783,0.0,0.0
2024-12-10 12:25:00+01:00,38.779998779296875,38.78499984741211,38.779998779296875,38.779998779296875,1356,0.0,0.0
2024-12-10 12:26:00+01:00,38.78499984741211,38.78499984741211,38.775001525878906,38.775001525878906,1348,0.0,0.0
2024-12-10 12:28:00+01:00,38.77000045776367,38.77000045776367,38.77000045776367,38.77000045776367,100,0.0,0.0
2024-12-10 12:29:00+01:00,38.755001068115234,38.76499938964844,38.75,38.76499938964844,4182,0.0,0.0
2024-12-10 12:30:00+01:00,38.77000045776367,38.79499816894531,38.7599983215332,38.76499938964844,12342,0.0,0.0
2024-12-10 12:31:00+01:00,38.76499938964844,38.76499938964844,38.73500061035156,38.7400016784668,6056,0.0,0.0
2024-12-10 12:32:00+01:00,38.744998931884766,38.75,38.73500061035156,38.75,1464,0.0,0.0
2024-12-10 12:33:00+01:00,38.744998931884766,38.75,38.71500015258789,38.71500015258789,2039,0.0,0.0
2024-12-10 12:34:00+01:00,38.720001220703125,38.720001220703125,38.709999084472656,38.720001220703125,4222,0.0,0.0
2024-12-10 12:35:00+01:00,38.70500183105469,38.70500183105469,38.70000076293945,38.70500183105469,1627,0.0,0.0
2024-12-10 12:36:00+01:00,38.69499969482422,38.70500183105469,38.69499969482422,38.70500183105469,7159,0.0,0.0
2024-12-10 12:37:00+01:00,38.70500183105469,38.70500183105469,38.70000076293945,38.70000076293945,8122,0.0,0.0
2024-12-10 12:38:00+01:00,38.69499969482422,38.69499969482422,38.685001373291016,38.685001373291016,2492,0.0,0.0
2024-12-10 12:39:00+01:00,38.689998626708984,38.70500183105469,38.685001373291016,38.70500183105469,6445,0.0,0.0
2024-12-10 12:40:00+01:00,38.69499969482422,38.69499969482422,38.69499969482422,38.69499969482422,80,0.0,0.0
2024-12-10 12:41:00+01:00,38.69499969482422,38.69499969482422,38.685001373291016,38.685001373291016,561,0.0,0.0
2024-12-10 12:42:00+01:00,38.685001373291016,38.709999084472656,38.685001373291016,38.709999084472656,2810,0.0,0.0
2024-12-10 12:43:00+01:00,38.709999084472656,38.71500015258789,38.709999084472656,38.71500015258789,1043,0.0,0.0
2024-12-10 12:44:00+01:00,38.709999084472656,38.720001220703125,38.709999084472656,38.720001220703125,232,0.0,0.0
2024-12-10 12:45:00+01:00,38.720001220703125,38.73500061035156,38.71500015258789,38.72999954223633,2527,0.0,0.0
2024-12-10 12:46:00+01:00,38.7400016784668,38.75,38.7400016784668,38.75,1294,0.0,0.0
2024-12-10 12:47:00+01:00,38.7400016784668,38.7400016784668,38.7400016784668,38.7400016784668,100,0.0,0.0
2024-12-10 12:48:00+01:00,38.744998931884766,38.744998931884766,38.744998931884766,38.744998931884766,149,0.0,0.0
2024-12-10 12:49:00+01:00,38.7400016784668,38.7400016784668,38.73500061035156,38.73500061035156,689,0.0,0.0
2024-12-10 12:50:00+01:00,38.7400016784668,38.7400016784668,38.7400016784668,38.7400016784668,146,0.0,0.0
2024-12-10 12:51:00+01:00,38.7400016784668,38.7400016784668,38.7400016784668,38.7400016784668,171,0.0,0.0
2024-12-10 12:52:00+01:00,38.7400016784668,38.7599983215332,38.7400016784668,38.7599983215332,3044,0.0,0.0
2024-12-10 12:53:00+01:00,38.76499938964844,38.76499938964844,38.755001068115234,38.7599983215332,2418,0.0,0.0
2024-12-10 12:54:00+01:00,38.7599983215332,38.779998779296875,38.7599983215332,38.779998779296875,4084,0.0,0.0
2024-12-10 12:55:00+01:00,38.790000915527344,38.814998626708984,38.78499984741211,38.810001373291016,9834,0.0,0.0
2024-12-10 12:56:00+01:00,38.810001373291016,38.81999969482422,38.80500030517578,38.80500030517578,8631,0.0,0.0
2024-12-10 12:57:00+01:00,38.79999923706055,38.79999923706055,38.78499984741211,38.78499984741211,4904,0.0,0.0
2024-12-10 12:58:00+01:00,38.79499816894531,38.80500030517578,38.779998779296875,38.79999923706055,8228,0.0,0.0
2024-12-10 12:59:00+01:00,38.80500030517578,38.814998626708984,38.80500030517578,38.814998626708984,664,0.0,0.0
2024-12-10 13:00:00+01:00,38.81999969482422,38.834999084472656,38.81999969482422,38.834999084472656,2705,0.0,0.0
2024-12-10 13:01:00+01:00,38.834999084472656,38.880001068115234,38.834999084472656,38.869998931884766,13743,0.0,0.0
2024-12-10 13:02:00+01:00,38.8650016784668,38.875,38.85499954223633,38.86000061035156,4721,0.0,0.0
2024-12-10 13:03:00+01:00,38.86000061035156,38.8650016784668,38.85499954223633,38.86000061035156,3677,0.0,0.0
2024-12-10 13:04:00+01:00,38.8650016784668,38.8650016784668,38.845001220703125,38.845001220703125,1203,0.0,0.0
2024-12-10 13:05:00+01:00,38.849998474121094,38.849998474121094,38.810001373291016,38.810001373291016,12613,0.0,0.0
2024-12-10 13:06:00+01:00,38.814998626708984,38.845001220703125,38.814998626708984,38.84000015258789,1670,0.0,0.0
2024-12-10 13:07:00+01:00,38.84000015258789,38.84000015258789,38.814998626708984,38.814998626708984,5044,0.0,0.0
2024-12-10 13:08:00+01:00,38.82500076293945,38.834999084472656,38.81999969482422,38.83000183105469,4317,0.0,0.0
2024-12-10 13:09:00+01:00,38.82500076293945,38.834999084472656,38.82500076293945,38.834999084472656,1404,0.0,0.0
2024-12-10 13:10:00+01:00,38.84000015258789,38.8650016784668,38.84000015258789,38.8650016784668,12605,0.0,0.0
2024-12-10 13:11:00+01:00,38.86000061035156,38.86000061035156,38.85499954223633,38.85499954223633,255,0.0,0.0
2024-12-10 13:12:00+01:00,38.85499954223633,38.8650016784668,38.849998474121094,38.8650016784668,3109,0.0,0.0
2024-12-10 13:13:00+01:00,38.86000061035156,38.86000061035156,38.86000061035156,38.86000061035156,767,0.0,0.0
2024-12-10 13:14:00+01:00,38.8650016784668,38.8650016784668,38.85499954223633,38.85499954223633,2963,0.0,0.0
2024-12-10 13:15:00+01:00,38.849998474121094,38.8650016784668,38.849998474121094,38.86000061035156,3356,0.0,0.0
2024-12-10 13:16:00+01:00,38.86000061035156,38.86000061035156,38.845001220703125,38.85499954223633,9265,0.0,0.0
2024-12-10 13:17:00+01:00,38.85499954223633,38.85499954223633,38.845001220703125,38.849998474121094,2702,0.0,0.0
2024-12-10 13:18:00+01:00,38.849998474121094,38.85499954223633,38.849998474121094,38.85499954223633,1385,0.0,0.0
2024-12-10 13:19:00+01:00,38.849998474121094,38.8849983215332,38.849998474121094,38.8849983215332,6437,0.0,0.0
2024-12-10 13:20:00+01:00,38.8849983215332,38.900001525878906,38.880001068115234,38.8849983215332,6970,0.0,0.0
2024-12-10 13:21:00+01:00,38.88999938964844,38.88999938964844,38.880001068115234,38.8849983215332,5633,0.0,0.0
2024-12-10 13:23:00+01:00,38.93000030517578,38.94499969482422,38.93000030517578,38.94499969482422,41040,0.0,0.0
2024-12-10 13:24:00+01:00,38.935001373291016,38.939998626708984,38.935001373291016,38.939998626708984,5396,0.0,0.0
2024-12-10 13:25:00+01:00,38.94499969482422,38.994998931884766,38.94499969482422,38.994998931884766,20178,0.0,0.0
2024-12-10 13:26:00+01:00,38.9900016784668,38.994998931884766,38.97999954223633,38.97999954223633,7442,0.0,0.0
2024-12-10 13:27:00+01:00,38.974998474121094,39.0,38.974998474121094,38.97999954223633,11435,0.0,0.0
2024-12-10 13:28:00+01:00,38.994998931884766,39.04499816894531,38.994998931884766,39.040000915527344,25830,0.0,0.0
2024-12-10 13:29:00+01:00,39.040000915527344,39.04499816894531,39.029998779296875,39.03499984741211,8706,0.0,0.0
2024-12-10 13:30:00+01:00,39.029998779296875,39.04999923706055,39.025001525878906,39.04999923706055,1750,0.0,0.0
2024-12-10 13:31:00+01:00,39.04499816894531,39.084999084472656,39.040000915527344,39.07500076293945,5240,0.0,0.0
2024-12-10 13:32:00+01:00,39.07500076293945,39.08000183105469,39.04499816894531,39.06999969482422,13478,0.0,0.0
2024-12-10 13:33:00+01:00,39.08000183105469,39.08000183105469,39.029998779296875,39.064998626708984,13559,0.0,0.0
2024-12-10 13:34:00+01:00,39.064998626708984,39.06999969482422,39.05500030517578,39.05500030517578,9548,0.0,0.0
2024-12-10 13:35:00+01:00,39.064998626708984,39.08000183105469,39.060001373291016,39.060001373291016,8683,0.0,0.0
2024-12-10 13:36:00+01:00,39.06999969482422,39.06999969482422,39.04999923706055,39.05500030517578,6223,0.0,0.0
2024-12-10 13:37:00+01:00,39.04999923706055,39.04999923706055,39.029998779296875,39.029998779296875,4777,0.0,0.0
2024-12-10 13:38:00+01:00,39.029998779296875,39.05500030517578,39.029998779296875,39.04999923706055,827,0.0,0.0
2024-12-10 13:39:00+01:00,39.040000915527344,39.05500030517578,39.040000915527344,39.04999923706055,6006,0.0,0.0
2024-12-10 13:40:00+01:00,39.04999923706055,39.05500030517578,39.040000915527344,39.04499816894531,628,0.0,0.0
2024-12-10 13:41:00+01:00,39.040000915527344,39.04499816894531,39.025001525878906,39.03499984741211,17225,0.0,0.0
2024-12-10 13:42:00+01:00,39.029998779296875,39.040000915527344,39.029998779296875,39.029998779296875,1482,0.0,0.0
2024-12-10 13:43:00+01:00,39.029998779296875,39.040000915527344,39.0099983215332,39.01499938964844,4453,0.0,0.0
2024-12-10 13:44:00+01:00,39.01499938964844,39.02000045776367,39.0099983215332,39.0099983215332,1991,0.0,0.0
2024-12-10 13:45:00+01:00,39.0099983215332,39.01499938964844,39.0,39.01499938964844,2800,0.0,0.0
2024-12-10 13:46:00+01:00,39.0099983215332,39.02000045776367,38.98500061035156,38.98500061035156,3933,0.0,0.0
2024-12-10 13:47:00+01:00,38.9900016784668,38.994998931884766,38.98500061035156,38.9900016784668,5563,0.0,0.0
2024-12-10 13:48:00+01:00,39.0,39.0,38.95500183105469,38.95500183105469,4425,0.0,0.0
2024-12-10 13:49:00+01:00,38.95000076293945,38.95000076293945,38.93000030517578,38.93000030517578,3788,0.0,0.0
2024-12-10 13:50:00+01:00,38.92499923706055,38.94499969482422,38.915000915527344,38.94499969482422,4211,0.0,0.0
2024-12-10 13:51:00+01:00,38.939998626708984,38.94499969482422,38.93000030517578,38.94499969482422,1574,0.0,0.0
2024-12-10 13:52:00+01:00,38.939998626708984,38.95500183105469,38.939998626708984,38.94499969482422,3880,0.0,0.0
2024-12-10 13:53:00+01:00,38.94499969482422,38.95000076293945,38.92499923706055,38.92499923706055,6705,0.0,0.0
2024-12-10 13:54:00+01:00,38.935001373291016,38.935001373291016,38.935001373291016,38.935001373291016,181,0.0,0.0
2024-12-10 13:55:00+01:00,38.92499923706055,38.93000030517578,38.92499923706055,38.93000030517578,497,0.0,0.0
2024-12-10 13:56:00+01:00,38.935001373291016,38.935001373291016,38.91999816894531,38.91999816894531,1851,0.0,0.0
2024-12-10 13:57:00+01:00,38.939998626708984,38.959999084472656,38.939998626708984,38.95500183105469,7416,0.0,0.0
2024-12-10 13:58:00+01:00,38.96500015258789,38.970001220703125,38.95000076293945,38.95000076293945,3103,0.0,0.0
2024-12-10 13:59:00+01:00,38.95000076293945,38.95000076293945,38.939998626708984,38.939998626708984,2893,0.0,0.0
2024-12-10 14:00:00+01:00,38.939998626708984,38.96500015258789,38.939998626708984,38.96500015258789,2938,0.0,0.0
2024-12-10 14:01:00+01:00,38.970001220703125,38.97999954223633,38.959999084472656,38.959999084472656,5463,0.0,0.0
2024-12-10 14:02:00+01:00,38.970001220703125,38.97999954223633,38.95500183105469,38.95500183105469,9468,0.0,0.0
2024-12-10 14:03:00+01:00,38.96500015258789,38.970001220703125,38.96500015258789,38.96500015258789,875,0.0,0.0
2024-12-10 14:04:00+01:00,38.970001220703125,38.974998474121094,38.96500015258789,38.974998474121094,2215,0.0,0.0
2024-12-10 14:05:00+01:00,38.96500015258789,38.96500015258789,38.94499969482422,38.96500015258789,4872,0.0,0.0
2024-12-10 14:06:00+01:00,38.96500015258789,38.96500015258789,38.95000076293945,38.95000076293945,1953,0.0,0.0
2024-12-10 14:07:00+01:00,38.95500183105469,38.95500183105469,38.95500183105469,38.95500183105469,234,0.0,0.0
2024-12-10 14:08:00+01:00,38.96500015258789,38.97999954223633,38.95000076293945,38.974998474121094,16155,0.0,0.0
2024-12-10 14:09:00+01:00,38.970001220703125,38.974998474121094,38.970001220703125,38.970001220703125,1242,0.0,0.0
2024-12-10 14:10:00+01:00,38.970001220703125,38.970001220703125,38.95500183105469,38.959999084472656,5448,0.0,0.0
2024-12-10 14:11:00+01:00,38.96500015258789,38.96500015258789,38.95500183105469,38.959999084472656,3796,0.0,0.0
2024-12-10 14:12:00+01:00,38.959999084472656,38.959999084472656,38.935001373291016,38.939998626708984,7223,0.0,0.0
2024-12-10 14:13:00+01:00,38.939998626708984,38.939998626708984,38.915000915527344,38.915000915527344,10402,0.0,0.0
2024-12-10 14:14:00+01:00,38.92499923706055,38.92499923706055,38.900001525878906,38.900001525878906,8836,0.0,0.0
2024-12-10 14:15:00+01:00,38.89500045776367,38.90999984741211,38.875,38.90999984741211,8907,0.0,0.0
2024-12-10 14:16:00+01:00,38.904998779296875,38.915000915527344,38.8849983215332,38.8849983215332,4509,0.0,0.0
2024-12-10 14:17:00+01:00,38.88999938964844,38.91999816894531,38.88999938964844,38.915000915527344,2545,0.0,0.0
2024-12-10 14:18:00+01:00,38.92499923706055,38.92499923706055,38.904998779296875,38.904998779296875,6234,0.0,0.0
2024-12-10 14:19:00+01:00,38.900001525878906,38.900001525878906,38.875,38.875,3761,0.0,0.0
2024-12-10 14:20:00+01:00,38.875,38.8849983215332,38.8650016784668,38.8650016784668,4050,0.0,0.0
2024-12-10 14:21:00+01:00,38.869998931884766,38.869998931884766,38.8650016784668,38.8650016784668,465,0.0,0.0
2024-12-10 14:22:00+01:00,38.86000061035156,38.8650016784668,38.84000015258789,38.84000015258789,6156,0.0,0.0
2024-12-10 14:23:00+01:00,38.834999084472656,38.834999084472656,38.81999969482422,38.82500076293945,2879,0.0,0.0
2024-12-10 14:24:00+01:00,38.83000183105469,38.83000183105469,38.79999923706055,38.810001373291016,8262,0.0,0.0
2024-12-10 14:25:00+01:00,38.814998626708984,38.83000183105469,38.810001373291016,38.82500076293945,4130,0.0,0.0
2024-12-10 14:26:00+01:00,38.834999084472656,38.84000015258789,38.81999969482422,38.81999969482422,2109,0.0,0.0
2024-12-10 14:27:00+01:00,38.82500076293945,38.834999084472656,38.81999969482422,38.834999084472656,1237,0.0,0.0
2024-12-10 14:28:00+01:00,38.834999084472656,38.849998474121094,38.834999084472656,38.849998474121094,1408,0.0,0.0
2024-12-10 14:29:00+01:00,38.84000015258789,38.84000015258789,38.83000183105469,38.83000183105469,436,0.0,0.0
2024-12-10 14:30:00+01:00,38.82500076293945,38.83000183105469,38.80500030517578,38.814998626708984,5020,0.0,0.0
2024-12-10 14:31:00+01:00,38.81999969482422,38.83000183105469,38.814998626708984,38.81999969482422,7785,0.0,0.0
2024-12-10 14:32:00+01:00,38.81999969482422,38.81999969482422,38.81999969482422,38.81999969482422,455,0.0,0.0
2024-12-10 14:33:00+01:00,38.81999969482422,38.84000015258789,38.81999969482422,38.84000015258789,810,0.0,0.0
2024-12-10 14:34:00+01:00,38.84000015258789,38.84000015258789,38.82500076293945,38.82500076293945,2894,0.0,0.0
2024-12-10 14:35:00+01:00,38.81999969482422,38.834999084472656,38.81999969482422,38.83000183105469,710,0.0,0.0
2024-12-10 14:36:00+01:00,38.834999084472656,38.84000015258789,38.834999084472656,38.84000015258789,1252,0.0,0.0
2024-12-10 14:37:00+01:00,38.83000183105469,38.84000015258789,38.81999969482422,38.84000015258789,2671,0.0,0.0
2024-12-10 14:38:00+01:00,38.845001220703125,38.845001220703125,38.84000015258789,38.845001220703125,6258,0.0,0.0
2024-12-10 14:39:00+01:00,38.85499954223633,38.85499954223633,38.849998474121094,38.85499954223633,1231,0.0,0.0
2024-12-10 14:40:00+01:00,38.849998474121094,38.85499954223633,38.814998626708984,38.845001220703125,15965,0.0,0.0
2024-12-10 14:41:00+01:00,38.834999084472656,38.845001220703125,38.82500076293945,38.82500076293945,5742,0.0,0.0
2024-12-10 14:42:00+01:00,38.82500076293945,38.82500076293945,38.810001373291016,38.810001373291016,7738,0.0,0.0
2024-12-10 14:43:00+01:00,38.814998626708984,38.834999084472656,38.814998626708984,38.83000183105469,1514,0.0,0.0
2024-12-10 14:44:00+01:00,38.845001220703125,38.845001220703125,38.84000015258789,38.84000015258789,5655,0.0,0.0
2024-12-10 14:45:00+01:00,38.84000015258789,38.845001220703125,38.834999084472656,38.84000015258789,2194,0.0,0.0
2024-12-10 14:46:00+01:00,38.83000183105469,38.83000183105469,38.82500076293945,38.82500076293945,4298,0.0,0.0
2024-12-10 14:47:00+01:00,38.834999084472656,38.834999084472656,38.83000183105469,38.83000183105469,459,0.0,0.0
2024-12-10 14:48:00+01:00,38.82500076293945,38.849998474121094,38.81999969482422,38.845001220703125,7297,0.0,0.0
2024-12-10 14:49:00+01:00,38.84000015258789,38.86000061035156,38.84000015258789,38.845001220703125,2969,0.0,0.0
2024-12-10 14:50:00+01:00,38.849998474121094,38.8650016784668,38.849998474121094,38.8650016784668,3117,0.0,0.0
2024-12-10 14:51:00+01:00,38.869998931884766,38.8849983215332,38.869998931884766,38.8849983215332,6782,0.0,0.0
2024-12-10 14:52:00+01:00,38.880001068115234,38.88999938964844,38.869998931884766,38.88999938964844,1624,0.0,0.0
2024-12-10 14:53:00+01:00,38.89500045776367,38.89500045776367,38.875,38.89500045776367,3983,0.0,0.0
2024-12-10 14:54:00+01:00,38.900001525878906,38.904998779296875,38.900001525878906,38.904998779296875,1205,0.0,0.0
2024-12-10 14:55:00+01:00,38.90999984741211,38.91999816894531,38.90999984741211,38.91999816894531,1153,0.0,0.0
2024-12-10 14:56:00+01:00,38.91999816894531,38.91999816894531,38.90999984741211,38.90999984741211,1164,0.0,0.0
2024-12-10 14:57:00+01:00,38.915000915527344,38.91999816894531,38.915000915527344,38.915000915527344,1822,0.0,0.0
2024-12-10 14:58:00+01:00,38.915000915527344,38.935001373291016,38.915000915527344,38.935001373291016,8911,0.0,0.0
2024-12-10 14:59:00+01:00,38.94499969482422,38.959999084472656,38.939998626708984,38.959999084472656,5924,0.0,0.0
2024-12-10 15:00:00+01:00,38.95000076293945,38.95000076293945,38.93000030517578,38.93000030517578,8169,0.0,0.0
2024-12-10 15:01:00+01:00,38.935001373291016,38.935001373291016,38.92499923706055,38.92499923706055,611,0.0,0.0
2024-12-10 15:02:00+01:00,38.93000030517578,38.93000030517578,38.915000915527344,38.915000915527344,4706,0.0,0.0
2024-12-10 15:03:00+01:00,38.91999816894531,38.92499923706055,38.91999816894531,38.91999816894531,1529,0.0,0.0
2024-12-10 15:04:00+01:00,38.92499923706055,38.93000030517578,38.92499923706055,38.92499923706055,11056,0.0,0.0
2024-12-10 15:05:00+01:00,38.91999816894531,38.93000030517578,38.88999938964844,38.89500045776367,10803,0.0,0.0
2024-12-10 15:06:00+01:00,38.88999938964844,38.900001525878906,38.8849983215332,38.89500045776367,8429,0.0,0.0
2024-12-10 15:07:00+01:00,38.89500045776367,38.89500045776367,38.8849983215332,38.8849983215332,504,0.0,0.0
2024-12-10 15:08:00+01:00,38.880001068115234,38.900001525878906,38.880001068115234,38.900001525878906,2256,0.0,0.0
2024-12-10 15:09:00+01:00,38.900001525878906,38.90999984741211,38.900001525878906,38.904998779296875,4213,0.0,0.0
2024-12-10 15:10:00+01:00,38.904998779296875,38.904998779296875,38.8650016784668,38.869998931884766,5761,0.0,0.0
2024-12-10 15:11:00+01:00,38.880001068115234,38.8849983215332,38.869998931884766,38.880001068115234,3116,0.0,0.0
2024-12-10 15:12:00+01:00,38.880001068115234,38.880001068115234,38.8650016784668,38.8650016784668,1368,0.0,0.0
2024-12-10 15:13:00+01:00,38.869998931884766,38.880001068115234,38.869998931884766,38.880001068115234,3936,0.0,0.0
2024-12-10 15:14:00+01:00,38.8849983215332,38.89500045776367,38.8849983215332,38.89500045776367,1275,0.0,0.0
2024-12-10 15:15:00+01:00,38.8849983215332,38.900001525878906,38.875,38.900001525878906,18478,0.0,0.0
2024-12-10 15:16:00+01:00,38.90999984741211,38.915000915527344,38.869998931884766,38.869998931884766,20541,0.0,0.0
2024-12-10 15:17:00+01:00,38.85499954223633,38.91999816894531,38.849998474121094,38.91999816894531,4873,0.0,0.0
2024-12-10 15:18:00+01:00,38.92499923706055,38.92499923706055,38.915000915527344,38.915000915527344,123,0.0,0.0
2024-12-10 15:19:00+01:00,38.915000915527344,38.915000915527344,38.90999984741211,38.90999984741211,317,0.0,0.0
2024-12-10 15:20:00+01:00,38.915000915527344,38.92499923706055,38.90999984741211,38.90999984741211,1125,0.0,0.0
2024-12-10 15:21:00+01:00,38.91999816894531,38.935001373291016,38.91999816894531,38.935001373291016,6491,0.0,0.0
2024-12-10 15:22:00+01:00,38.93000030517578,38.93000030517578,38.92499923706055,38.92499923706055,3518,0.0,0.0
2024-12-10 15:23:00+01:00,38.91999816894531,38.92499923706055,38.91999816894531,38.92499923706055,259,0.0,0.0
2024-12-10 15:24:00+01:00,38.93000030517578,38.974998474121094,38.93000030517578,38.974998474121094,4153,0.0,0.0
2024-12-10 15:25:00+01:00,38.974998474121094,38.9900016784668,38.970001220703125,38.9900016784668,4429,0.0,0.0
2024-12-10 15:26:00+01:00,38.9900016784668,39.02000045776367,38.9900016784668,39.0099983215332,15778,0.0,0.0
2024-12-10 15:27:00+01:00,39.01499938964844,39.01499938964844,38.97999954223633,38.9900016784668,11723,0.0,0.0
2024-12-10 15:28:00+01:00,39.0,39.03499984741211,39.0,39.03499984741211,4506,0.0,0.0
2024-12-10 15:29:00+01:00,39.03499984741211,39.08000183105469,39.029998779296875,39.07500076293945,31157,0.0,0.0
2024-12-10 15:30:00+01:00,39.064998626708984,39.064998626708984,38.97999954223633,38.9900016784668,40960,0.0,0.0
2024-12-10 15:31:00+01:00,38.994998931884766,39.005001068115234,38.939998626708984,38.98500061035156,24245,0.0,0.0
2024-12-10 15:32:00+01:00,38.97999954223633,38.9900016784668,38.970001220703125,38.9900016784668,3481,0.0,0.0
2024-12-10 15:33:00+01:00,38.96500015258789,39.005001068115234,38.96500015258789,38.970001220703125,4853,0.0,0.0
2024-12-10 15:34:00+01:00,38.970001220703125,38.974998474121094,38.95000076293945,38.959999084472656,6539,0.0,0.0
2024-12-10 15:35:00+01:00,38.96500015258789,38.9900016784668,38.959999084472656,38.98500061035156,7600,0.0,0.0
2024-12-10 15:36:00+01:00,38.974998474121094,38.974998474121094,38.959999084472656,38.974998474121094,6359,0.0,0.0
2024-12-10 15:37:00+01:00,38.974998474121094,38.98500061035156,38.95000076293945,38.98500061035156,5294,0.0,0.0
2024-12-10 15:38:00+01:00,39.0,39.0099983215332,38.97999954223633,39.0,10029,0.0,0.0
2024-12-10 15:39:00+01:00,39.005001068115234,39.0099983215332,38.9900016784668,39.005001068115234,9803,0.0,0.0
2024-12-10 15:40:00+01:00,38.994998931884766,39.0099983215332,38.98500061035156,39.005001068115234,3954,0.0,0.0
2024-12-10 15:41:00+01:00,38.994998931884766,39.025001525878906,38.9900016784668,39.01499938964844,13559,0.0,0.0
2024-12-10 15:42:00+01:00,39.0099983215332,39.0099983215332,38.97999954223633,38.9900016784668,4078,0.0,0.0
2024-12-10 15:43:00+01:00,39.0,39.0,38.970001220703125,38.974998474121094,5347,0.0,0.0
2024-12-10 15:44:00+01:00,38.97999954223633,38.97999954223633,38.95000076293945,38.97999954223633,3154,0.0,0.0
2024-12-10 15:45:00+01:00,38.97999954223633,38.97999954223633,38.959999084472656,38.970001220703125,7205,0.0,0.0
2024-12-10 15:46:00+01:00,38.970001220703125,39.005001068115234,38.970001220703125,38.994998931884766,8307,0.0,0.0
2024-12-10 15:47:00+01:00,38.994998931884766,39.0,38.97999954223633,39.0,2142,0.0,0.0
2024-12-10 15:48:00+01:00,39.0,39.01499938964844,39.0,39.005001068115234,5910,0.0,0.0
2024-12-10 15:49:00+01:00,39.005001068115234,39.0099983215332,38.98500061035156,38.994998931884766,8382,0.0,0.0
2024-12-10 15:50:00+01:00,39.0,39.005001068115234,38.959999084472656,38.97999954223633,10500,0.0,0.0
2024-12-10 15:51:00+01:00,38.9900016784668,38.9900016784668,38.974998474121094,38.98500061035156,3869,0.0,0.0
2024-12-10 15:52:00+01:00,38.98500061035156,39.005001068115234,38.974998474121094,39.0,7836,0.0,0.0
2024-12-10 15:53:00+01:00,39.0,39.03499984741211,39.0,39.025001525878906,11373,0.0,0.0
2024-12-10 15:54:00+01:00,39.03499984741211,39.040000915527344,39.01499938964844,39.03499984741211,8515,0.0,0.0
2024-12-10 15:55:00+01:00,39.040000915527344,39.040000915527344,39.0099983215332,39.02000045776367,7954,0.0,0.0
2024-12-10 15:56:00+01:00,39.005001068115234,39.025001525878906,39.005001068115234,39.005001068115234,13002,0.0,0.0
2024-12-10 15:57:00+01:00,39.0099983215332,39.0099983215332,39.0,39.0,2690,0.0,0.0
2024-12-10 15:58:00+01:00,39.005001068115234,39.025001525878906,39.005001068115234,39.025001525878906,2368,0.0,0.0
2024-12-10 15:59:00+01:00,39.02000045776367,39.029998779296875,39.01499938964844,39.029998779296875,2848,0.0,0.0
2024-12-10 16:00:00+01:00,39.029998779296875,39.03499984741211,39.02000045776367,39.025001525878906,4482,0.0,0.0
2024-12-10 16:01:00+01:00,39.01499938964844,39.02000045776367,39.01499938964844,39.02000045776367,1207,0.0,0.0
2024-12-10 16:02:00+01:00,39.0099983215332,39.0099983215332,38.9900016784668,38.9900016784668,7240,0.0,0.0
2024-12-10 16:03:00+01:00,38.9900016784668,39.0,38.9900016784668,39.0,1881,0.0,0.0
2024-12-10 16:04:00+01:00,39.0,39.0,39.0,39.0,210,0.0,0.0
2024-12-10 16:05:00+01:00,38.9900016784668,39.0,38.98500061035156,38.98500061035156,1699,0.0,0.0
2024-12-10 16:06:00+01:00,38.9900016784668,39.005001068115234,38.95500183105469,39.005001068115234,9326,0.0,0.0
2024-12-10 16:07:00+01:00,39.0,39.0,38.97999954223633,38.9900016784668,5920,0.0,0.0
2024-12-10 16:08:00+01:00,38.994998931884766,39.029998779296875,38.994998931884766,39.025001525878906,9812,0.0,0.0
2024-12-10 16:09:00+01:00,39.02000045776367,39.02000045776367,39.0,39.0,4748,0.0,0.0
2024-12-10 16:10:00+01:00,38.994998931884766,39.0,38.9900016784668,38.994998931884766,1692,0.0,0.0
2024-12-10 16:11:00+01:00,38.994998931884766,38.994998931884766,38.974998474121094,38.98500061035156,8776,0.0,0.0
2024-12-10 16:12:00+01:00,38.98500061035156,38.9900016784668,38.95000076293945,38.959999084472656,7702,0.0,0.0
2024-12-10 16:13:00+01:00,38.96500015258789,38.970001220703125,38.959999084472656,38.96500015258789,1759,0.0,0.0
2024-12-10 16:14:00+01:00,38.970001220703125,39.0,38.970001220703125,39.0,900,0.0,0.0
2024-12-10 16:15:00+01:00,38.994998931884766,39.005001068115234,38.98500061035156,38.994998931884766,6404,0.0,0.0
2024-12-10 16:16:00+01:00,38.97999954223633,38.97999954223633,38.97999954223633,38.97999954223633,36,0.0,0.0
2024-12-10 16:17:00+01:00,38.97999954223633,39.0,38.974998474121094,39.0,1981,0.0,0.0
2024-12-10 16:18:00+01:00,38.994998931884766,39.005001068115234,38.994998931884766,39.0,9333,0.0,0.0
2024-12-10 16:19:00+01:00,39.0,39.0,38.97999954223633,38.97999954223633,1833,0.0,0.0
2024-12-10 16:20:00+01:00,38.97999954223633,38.98500061035156,38.974998474121094,38.98500061035156,442,0.0,0.0
2024-12-10 16:21:00+01:00,38.9900016784668,38.994998931884766,38.970001220703125,38.970001220703125,6021,0.0,0.0
2024-12-10 16:22:00+01:00,38.974998474121094,38.974998474121094,38.94499969482422,38.95500183105469,10765,0.0,0.0
2024-12-10 16:23:00+01:00,38.95500183105469,38.95500183105469,38.95000076293945,38.95500183105469,1006,0.0,0.0
2024-12-10 16:24:00+01:00,38.95500183105469,38.970001220703125,38.939998626708984,38.939998626708984,4450,0.0,0.0
2024-12-10 16:25:00+01:00,38.93000030517578,38.939998626708984,38.93000030517578,38.939998626708984,2244,0.0,0.0
2024-12-10 16:26:00+01:00,38.95000076293945,38.95000076293945,38.92499923706055,38.939998626708984,12322,0.0,0.0
2024-12-10 16:27:00+01:00,38.94499969482422,38.94499969482422,38.92499923706055,38.92499923706055,3988,0.0,0.0
2024-12-10 16:28:00+01:00,38.92499923706055,38.93000030517578,38.915000915527344,38.915000915527344,3663,0.0,0.0
2024-12-10 16:29:00+01:00,38.91999816894531,38.91999816894531,38.915000915527344,38.91999816894531,2711,0.0,0.0
2024-12-10 16:30:00+01:00,38.92499923706055,38.94499969482422,38.92499923706055,38.94499969482422,5348,0.0,0.0
2024-12-10 16:31:00+01:00,38.94499969482422,38.959999084472656,38.93000030517578,38.939998626708984,9078,0.0,0.0
2024-12-10 16:32:00+01:00,38.939998626708984,38.95000076293945,38.939998626708984,38.95000076293945,2277,0.0,0.0
2024-12-10 16:33:00+01:00,38.94499969482422,38.94499969482422,38.92499923706055,38.939998626708984,5803,0.0,0.0
2024-12-10 16:35:00+01:00,38.935001373291016,38.95000076293945,38.93000030517578,38.95000076293945,4868,0.0,0.0
2024-12-10 16:36:00+01:00,38.95500183105469,38.959999084472656,38.939998626708984,38.939998626708984,3201,0.0,0.0
2024-12-10 16:37:00+01:00,38.939998626708984,38.939998626708984,38.939998626708984,38.939998626708984,534,0.0,0.0
2024-12-10 16:38:00+01:00,38.94499969482422,38.959999084472656,38.939998626708984,38.959999084472656,8280,0.0,0.0
2024-12-10 16:39:00+01:00,38.96500015258789,39.005001068115234,38.96500015258789,39.005001068115234,11335,0.0,0.0
2024-12-10 16:40:00+01:00,39.0,39.02000045776367,39.0,39.0099983215332,10346,0.0,0.0
2024-12-10 16:41:00+01:00,39.0099983215332,39.01499938964844,39.005001068115234,39.01499938964844,675,0.0,0.0
2024-12-10 16:42:00+01:00,39.01499938964844,39.02000045776367,39.01499938964844,39.02000045776367,2677,0.0,0.0
2024-12-10 16:43:00+01:00,39.02000045776367,39.025001525878906,39.01499938964844,39.01499938964844,13456,0.0,0.0
2024-12-10 16:44:00+01:00,39.01499938964844,39.029998779296875,39.005001068115234,39.029998779296875,9313,0.0,0.0
2024-12-10 16:45:00+01:00,39.029998779296875,39.040000915527344,39.025001525878906,39.03499984741211,8405,0.0,0.0
2024-12-10 16:46:00+01:00,39.03499984741211,39.03499984741211,39.02000045776367,39.029998779296875,14936,0.0,0.0
2024-12-10 16:47:00+01:00,39.03499984741211,39.04999923706055,39.03499984741211,39.03499984741211,7655,0.0,0.0
2024-12-10 16:48:00+01:00,39.029998779296875,39.04499816894531,39.029998779296875,39.03499984741211,4005,0.0,0.0
2024-12-10 16:49:00+01:00,39.040000915527344,39.040000915527344,39.025001525878906,39.029998779296875,14386,0.0,0.0
2024-12-10 16:50:00+01:00,39.03499984741211,39.04499816894531,39.03499984741211,39.04499816894531,2109,0.0,0.0
2024-12-10 16:51:00+01:00,39.04499816894531,39.04499816894531,39.040000915527344,39.040000915527344,3455,0.0,0.0
2024-12-10 16:52:00+01:00,39.040000915527344,39.04499816894531,39.0,39.0,18088,0.0,0.0
2024-12-10 16:53:00+01:00,38.994998931884766,39.0,38.97999954223633,38.994998931884766,5089,0.0,0.0
2024-12-10 16:54:00+01:00,38.9900016784668,39.0,38.98500061035156,38.98500061035156,2033,0.0,0.0
2024-12-10 16:55:00+01:00,38.98500061035156,38.98500061035156,38.974998474121094,38.98500061035156,9493,0.0,0.0
2024-12-10 16:56:00+01:00,38.97999954223633,38.98500061035156,38.97999954223633,38.97999954223633,2604,0.0,0.0
2024-12-10 16:57:00+01:00,38.97999954223633,38.9900016784668,38.97999954223633,38.9900016784668,1830,0.0,0.0
2024-12-10 16:58:00+01:00,38.9900016784668,38.9900016784668,38.9900016784668,38.9900016784668,937,0.0,0.0
2024-12-10 17:00:00+01:00,38.98500061035156,38.994998931884766,38.98500061035156,38.994998931884766,8638,0.0,0.0
2024-12-10 17:01:00+01:00,39.0,39.029998779296875,39.0,39.01499938964844,6426,0.0,0.0
2024-12-10 17:02:00+01:00,39.01499938964844,39.02000045776367,38.994998931884766,39.0,9104,0.0,0.0
2024-12-10 17:03:00+01:00,39.0,39.0,38.994998931884766,38.994998931884766,1076,0.0,0.0
2024-12-10 17:04:00+01:00,38.994998931884766,39.005001068115234,38.994998931884766,39.005001068115234,1309,0.0,0.0
2024-12-10 17:05:00+01:00,39.0,39.0,38.970001220703125,38.970001220703125,6458,0.0,0.0
2024-12-10 17:06:00+01:00,38.970001220703125,38.98500061035156,38.95500183105469,38.98500061035156,16697,0.0,0.0
2024-12-10 17:07:00+01:00,38.98500061035156,38.98500061035156,38.939998626708984,38.939998626708984,15026,0.0,0.0
2024-12-10 17:08:00+01:00,38.92499923706055,38.92499923706055,38.90999984741211,38.90999984741211,5035,0.0,0.0
2024-12-10 17:09:00+01:00,38.90999984741211,38.915000915527344,38.88999938964844,38.88999938964844,8190,0.0,0.0
2024-12-10 17:10:00+01:00,38.89500045776367,38.900001525878906,38.880001068115234,38.880001068115234,6311,0.0,0.0
2024-12-10 17:11:00+01:00,38.8849983215332,38.89500045776367,38.869998931884766,38.869998931884766,8673,0.0,0.0
2024-12-10 17:12:00+01:00,38.875,38.88999938964844,38.869998931884766,38.880001068115234,6916,0.0,0.0
2024-12-10 17:13:00+01:00,38.875,38.875,38.8650016784668,38.869998931884766,6968,0.0,0.0
2024-12-10 17:14:00+01:00,38.869998931884766,38.869998931884766,38.85499954223633,38.8650016784668,12654,0.0,0.0
2024-12-10 17:15:00+01:00,38.86000061035156,38.8650016784668,38.845001220703125,38.86000061035156,7360,0.0,0.0
2024-12-10 17:16:00+01:00,38.8650016784668,38.869998931884766,38.86000061035156,38.86000061035156,4514,0.0,0.0
2024-12-10 17:17:00+01:00,38.86000061035156,38.86000061035156,38.85499954223633,38.86000061035156,3789,0.0,0.0
2024-12-10 17:18:00+01:00,38.8650016784668,38.8650016784668,38.85499954223633,38.85499954223633,11728,0.0,0.0
2024-12-10 17:19:00+01:00,38.86000061035156,38.86000061035156,38.834999084472656,38.834999084472656,21896,0.0,0.0
2024-12-10 17:20:00+01:00,38.84000015258789,38.845001220703125,38.83000183105469,38.845001220703125,9834,0.0,0.0
2024-12-10 17:21:00+01:00,38.845001220703125,38.85499954223633,38.84000015258789,38.85499954223633,4464,0.0,0.0
2024-12-10 17:22:00+01:00,38.86000061035156,38.8650016784668,38.86000061035156,38.86000061035156,11935,0.0,0.0
2024-12-10 17:23:00+01:00,38.86000061035156,38.8650016784668,38.845001220703125,38.8650016784668,9921,0.0,0.0
2024-12-10 17:24:00+01:00,38.85499954223633,38.85499954223633,38.84000015258789,38.849998474121094,9720,0.0,0.0
2024-12-10 17:25:00+01:00,38.845001220703125,38.85499954223633,38.845001220703125,38.849998474121094,6798,0.0,0.0
2024-12-10 17:26:00+01:00,38.845001220703125,38.86000061035156,38.845001220703125,38.85499954223633,16615,0.0,0.0
2024-12-10 17:27:00+01:00,38.85499954223633,38.8849983215332,38.849998474121094,38.875,20596,0.0,0.0
2024-12-10 17:28:00+01:00,38.880001068115234,38.88999938964844,38.875,38.8849983215332,5475,0.0,0.0
2024-12-10 17:29:00+01:00,38.88999938964844,38.90999984741211,38.875,38.904998779296875,17755,0.0,0.0
