time,Open,High,Low,Close,Volume,Dividends,Stock Splits
2024-12-16 09:00:00+01:00,39.06999969482422,39.154998779296875,39.060001373291016,39.125,0,0.0,0.0
2024-12-16 09:01:00+01:00,39.099998474121094,39.125,39.0,39.03499984741211,37630,0.0,0.0
2024-12-16 09:02:00+01:00,39.05500030517578,39.099998474121094,39.025001525878906,39.03499984741211,15329,0.0,0.0
2024-12-16 09:03:00+01:00,39.029998779296875,39.16999816894531,39.029998779296875,39.165000915527344,38065,0.0,0.0
2024-12-16 09:04:00+01:00,39.15999984741211,39.17499923706055,39.08000183105469,39.095001220703125,32697,0.0,0.0
2024-12-16 09:05:00+01:00,39.08000183105469,39.130001068115234,39.08000183105469,39.119998931884766,14015,0.0,0.0
2024-12-16 09:06:00+01:00,39.11000061035156,39.11000061035156,39.064998626708984,39.064998626708984,8633,0.0,0.0
2024-12-16 09:07:00+01:00,39.08000183105469,39.099998474121094,39.06999969482422,39.099998474121094,3794,0.0,0.0
2024-12-16 09:08:00+01:00,39.095001220703125,39.130001068115234,39.09000015258789,39.1150016784668,15594,0.0,0.0
2024-12-16 09:09:00+01:00,39.119998931884766,39.16999816894531,39.119998931884766,39.16999816894531,16561,0.0,0.0
2024-12-16 09:10:00+01:00,39.17499923706055,39.20000076293945,39.16999816894531,39.18000030517578,16514,0.0,0.0
2024-12-16 09:11:00+01:00,39.185001373291016,39.255001068115234,39.17499923706055,39.20000076293945,91497,0.0,0.0
2024-12-16 09:12:00+01:00,39.20000076293945,39.209999084472656,39.165000915527344,39.185001373291016,14031,0.0,0.0
2024-12-16 09:13:00+01:00,39.18000030517578,39.224998474121094,39.165000915527344,39.209999084472656,14239,0.0,0.0
2024-12-16 09:14:00+01:00,39.21500015258789,39.21500015258789,39.130001068115234,39.150001525878906,10280,0.0,0.0
2024-12-16 09:15:00+01:00,39.15999984741211,39.17499923706055,39.13999938964844,39.150001525878906,1106,0.0,0.0
2024-12-16 09:16:00+01:00,39.13999938964844,39.154998779296875,39.130001068115234,39.154998779296875,5087,0.0,0.0
2024-12-16 09:17:00+01:00,39.14500045776367,39.150001525878906,39.119998931884766,39.150001525878906,8296,0.0,0.0
2024-12-16 09:18:00+01:00,39.154998779296875,39.25,39.154998779296875,39.244998931884766,12933,0.0,0.0
2024-12-16 09:19:00+01:00,39.22999954223633,39.244998931884766,39.20000076293945,39.20000076293945,4726,0.0,0.0
2024-12-16 09:20:00+01:00,39.20500183105469,39.224998474121094,39.20500183105469,39.21500015258789,4639,0.0,0.0
2024-12-16 09:21:00+01:00,39.21500015258789,39.21500015258789,39.20500183105469,39.20500183105469,3790,0.0,0.0
2024-12-16 09:22:00+01:00,39.20500183105469,39.22999954223633,39.20000076293945,39.22999954223633,13562,0.0,0.0
2024-12-16 09:23:00+01:00,39.224998474121094,39.255001068115234,39.224998474121094,39.244998931884766,28404,0.0,0.0
2024-12-16 09:24:00+01:00,39.25,39.26499938964844,39.244998931884766,39.2599983215332,7310,0.0,0.0
2024-12-16 09:25:00+01:00,39.25,39.290000915527344,39.244998931884766,39.26499938964844,19141,0.0,0.0
2024-12-16 09:26:00+01:00,39.27000045776367,39.29499816894531,39.27000045776367,39.28499984741211,5649,0.0,0.0
2024-12-16 09:27:00+01:00,39.290000915527344,39.29999923706055,39.279998779296875,39.29499816894531,52040,0.0,0.0
2024-12-16 09:28:00+01:00,39.29999923706055,39.31999969482422,39.28499984741211,39.31999969482422,17002,0.0,0.0
2024-12-16 09:29:00+01:00,39.30500030517578,39.31999969482422,39.28499984741211,39.29999923706055,16042,0.0,0.0
2024-12-16 09:30:00+01:00,39.310001373291016,39.314998626708984,39.29499816894531,39.29499816894531,10148,0.0,0.0
2024-12-16 09:31:00+01:00,39.29999923706055,39.31999969482422,39.28499984741211,39.314998626708984,27454,0.0,0.0
2024-12-16 09:32:00+01:00,39.310001373291016,39.33000183105469,39.29999923706055,39.32500076293945,8350,0.0,0.0
2024-12-16 09:33:00+01:00,39.33000183105469,39.334999084472656,39.30500030517578,39.31999969482422,7000,0.0,0.0
2024-12-16 09:34:00+01:00,39.314998626708984,39.334999084472656,39.30500030517578,39.334999084472656,7699,0.0,0.0
2024-12-16 09:35:00+01:00,39.32500076293945,39.345001220703125,39.314998626708984,39.33000183105469,19228,0.0,0.0
2024-12-16 09:36:00+01:00,39.34000015258789,39.34000015258789,39.32500076293945,39.32500076293945,1828,0.0,0.0
2024-12-16 09:37:00+01:00,39.334999084472656,39.34000015258789,39.33000183105469,39.334999084472656,12076,0.0,0.0
2024-12-16 09:38:00+01:00,39.33000183105469,39.33000183105469,39.314998626708984,39.314998626708984,10267,0.0,0.0
2024-12-16 09:39:00+01:00,39.310001373291016,39.3650016784668,39.310001373291016,39.349998474121094,46076,0.0,0.0
2024-12-16 09:40:00+01:00,39.349998474121094,39.380001068115234,39.30500030517578,39.30500030517578,16570,0.0,0.0
2024-12-16 09:41:00+01:00,39.314998626708984,39.32500076293945,39.29999923706055,39.29999923706055,19324,0.0,0.0
2024-12-16 09:42:00+01:00,39.29499816894531,39.29499816894531,39.2599983215332,39.2599983215332,6342,0.0,0.0
2024-12-16 09:43:00+01:00,39.25,39.25,39.21500015258789,39.23500061035156,5332,0.0,0.0
2024-12-16 09:44:00+01:00,39.244998931884766,39.30500030517578,39.244998931884766,39.279998779296875,14763,0.0,0.0
2024-12-16 09:45:00+01:00,39.27000045776367,39.27000045776367,39.2400016784668,39.26499938964844,3560,0.0,0.0
2024-12-16 09:46:00+01:00,39.27000045776367,39.29999923706055,39.27000045776367,39.29999923706055,5198,0.0,0.0
2024-12-16 09:47:00+01:00,39.290000915527344,39.33000183105469,39.279998779296875,39.314998626708984,16252,0.0,0.0
2024-12-16 09:48:00+01:00,39.32500076293945,39.33000183105469,39.31999969482422,39.33000183105469,1309,0.0,0.0
2024-12-16 09:49:00+01:00,39.32500076293945,39.32500076293945,39.30500030517578,39.310001373291016,2902,0.0,0.0
2024-12-16 09:50:00+01:00,39.29499816894531,39.29499816894531,39.2599983215332,39.26499938964844,5715,0.0,0.0
2024-12-16 09:51:00+01:00,39.27000045776367,39.279998779296875,39.26499938964844,39.26499938964844,2007,0.0,0.0
2024-12-16 09:52:00+01:00,39.2599983215332,39.27000045776367,39.255001068115234,39.255001068115234,1435,0.0,0.0
2024-12-16 09:53:00+01:00,39.255001068115234,39.28499984741211,39.255001068115234,39.28499984741211,4148,0.0,0.0
2024-12-16 09:54:00+01:00,39.29499816894531,39.30500030517578,39.28499984741211,39.30500030517578,7382,0.0,0.0
2024-12-16 09:55:00+01:00,39.29499816894531,39.29999923706055,39.275001525878906,39.28499984741211,6604,0.0,0.0
2024-12-16 09:56:00+01:00,39.279998779296875,39.29499816894531,39.279998779296875,39.29499816894531,2052,0.0,0.0
2024-12-16 09:57:00+01:00,39.279998779296875,39.29499816894531,39.279998779296875,39.29499816894531,170,0.0,0.0
2024-12-16 09:58:00+01:00,39.29999923706055,39.29999923706055,39.290000915527344,39.290000915527344,7326,0.0,0.0
2024-12-16 09:59:00+01:00,39.290000915527344,39.314998626708984,39.290000915527344,39.314998626708984,12745,0.0,0.0
2024-12-16 10:00:00+01:00,39.31999969482422,39.36000061035156,39.31999969482422,39.34000015258789,11902,0.0,0.0
2024-12-16 10:01:00+01:00,39.334999084472656,39.334999084472656,39.31999969482422,39.31999969482422,1217,0.0,0.0
2024-12-16 10:02:00+01:00,39.314998626708984,39.314998626708984,39.29499816894531,39.29999923706055,6233,0.0,0.0
2024-12-16 10:03:00+01:00,39.310001373291016,39.310001373291016,39.30500030517578,39.30500030517578,1242,0.0,0.0
2024-12-16 10:04:00+01:00,39.310001373291016,39.314998626708984,39.27000045776367,39.27000045776367,22948,0.0,0.0
2024-12-16 10:05:00+01:00,39.28499984741211,39.290000915527344,39.275001525878906,39.275001525878906,5656,0.0,0.0
2024-12-16 10:06:00+01:00,39.279998779296875,39.290000915527344,39.27000045776367,39.279998779296875,9526,0.0,0.0
2024-12-16 10:07:00+01:00,39.275001525878906,39.30500030517578,39.275001525878906,39.29999923706055,22939,0.0,0.0
2024-12-16 10:08:00+01:00,39.29999923706055,39.33000183105469,39.29999923706055,39.33000183105469,15307,0.0,0.0
2024-12-16 10:09:00+01:00,39.32500076293945,39.334999084472656,39.314998626708984,39.334999084472656,2311,0.0,0.0
2024-12-16 10:10:00+01:00,39.34000015258789,39.3849983215332,39.33000183105469,39.3849983215332,17071,0.0,0.0
2024-12-16 10:11:00+01:00,39.3849983215332,39.3849983215332,39.314998626708984,39.314998626708984,2803,0.0,0.0
2024-12-16 10:12:00+01:00,39.31999969482422,39.345001220703125,39.31999969482422,39.334999084472656,3533,0.0,0.0
2024-12-16 10:13:00+01:00,39.34000015258789,39.34000015258789,39.33000183105469,39.334999084472656,1895,0.0,0.0
2024-12-16 10:14:00+01:00,39.349998474121094,39.349998474121094,39.334999084472656,39.349998474121094,821,0.0,0.0
2024-12-16 10:15:00+01:00,39.34000015258789,39.34000015258789,39.33000183105469,39.33000183105469,3288,0.0,0.0
2024-12-16 10:16:00+01:00,39.33000183105469,39.345001220703125,39.310001373291016,39.334999084472656,13397,0.0,0.0
2024-12-16 10:17:00+01:00,39.34000015258789,39.369998931884766,39.33000183105469,39.369998931884766,21300,0.0,0.0
2024-12-16 10:18:00+01:00,39.375,39.375,39.35499954223633,39.35499954223633,1229,0.0,0.0
2024-12-16 10:19:00+01:00,39.345001220703125,39.345001220703125,39.34000015258789,39.34000015258789,2000,0.0,0.0
2024-12-16 10:20:00+01:00,39.34000015258789,39.34000015258789,39.31999969482422,39.31999969482422,22626,0.0,0.0
2024-12-16 10:21:00+01:00,39.314998626708984,39.334999084472656,39.314998626708984,39.33000183105469,17853,0.0,0.0
2024-12-16 10:22:00+01:00,39.33000183105469,39.34000015258789,39.32500076293945,39.32500076293945,16996,0.0,0.0
2024-12-16 10:23:00+01:00,39.33000183105469,39.34000015258789,39.32500076293945,39.32500076293945,4182,0.0,0.0
2024-12-16 10:24:00+01:00,39.34000015258789,39.349998474121094,39.32500076293945,39.349998474121094,1057,0.0,0.0
2024-12-16 10:25:00+01:00,39.35499954223633,39.36000061035156,39.349998474121094,39.349998474121094,6510,0.0,0.0
2024-12-16 10:26:00+01:00,39.3849983215332,39.38999938964844,39.369998931884766,39.380001068115234,18337,0.0,0.0
2024-12-16 10:27:00+01:00,39.380001068115234,39.380001068115234,39.380001068115234,39.380001068115234,63,0.0,0.0
2024-12-16 10:28:00+01:00,39.3650016784668,39.369998931884766,39.35499954223633,39.3650016784668,1112,0.0,0.0
2024-12-16 10:29:00+01:00,39.3650016784668,39.42499923706055,39.3650016784668,39.42499923706055,43240,0.0,0.0
2024-12-16 10:30:00+01:00,39.40999984741211,39.40999984741211,39.39500045776367,39.39500045776367,2750,0.0,0.0
2024-12-16 10:31:00+01:00,39.38999938964844,39.404998779296875,39.38999938964844,39.400001525878906,4081,0.0,0.0
2024-12-16 10:32:00+01:00,39.404998779296875,39.404998779296875,39.36000061035156,39.3849983215332,26108,0.0,0.0
2024-12-16 10:33:00+01:00,39.38999938964844,39.400001525878906,39.380001068115234,39.3849983215332,6769,0.0,0.0
2024-12-16 10:34:00+01:00,39.3849983215332,39.404998779296875,39.3849983215332,39.400001525878906,2314,0.0,0.0
2024-12-16 10:35:00+01:00,39.39500045776367,39.415000915527344,39.38999938964844,39.400001525878906,11914,0.0,0.0
2024-12-16 10:36:00+01:00,39.404998779296875,39.41999816894531,39.404998779296875,39.404998779296875,4036,0.0,0.0
2024-12-16 10:37:00+01:00,39.404998779296875,39.41999816894531,39.404998779296875,39.40999984741211,11263,0.0,0.0
2024-12-16 10:38:00+01:00,39.415000915527344,39.41999816894531,39.415000915527344,39.41999816894531,594,0.0,0.0
2024-12-16 10:39:00+01:00,39.41999816894531,39.439998626708984,39.415000915527344,39.439998626708984,6823,0.0,0.0
2024-12-16 10:40:00+01:00,39.43000030517578,39.43000030517578,39.40999984741211,39.43000030517578,4700,0.0,0.0
2024-12-16 10:41:00+01:00,39.42499923706055,39.435001373291016,39.41999816894531,39.435001373291016,5099,0.0,0.0
2024-12-16 10:42:00+01:00,39.43000030517578,39.459999084472656,39.42499923706055,39.459999084472656,8184,0.0,0.0
2024-12-16 10:43:00+01:00,39.45500183105469,39.470001220703125,39.45000076293945,39.459999084472656,4362,0.0,0.0
2024-12-16 10:44:00+01:00,39.459999084472656,39.46500015258789,39.45500183105469,39.46500015258789,2998,0.0,0.0
2024-12-16 10:45:00+01:00,39.459999084472656,39.459999084472656,39.45000076293945,39.45500183105469,7293,0.0,0.0
2024-12-16 10:46:00+01:00,39.459999084472656,39.459999084472656,39.45000076293945,39.45000076293945,3455,0.0,0.0
2024-12-16 10:47:00+01:00,39.459999084472656,39.459999084472656,39.439998626708984,39.439998626708984,1546,0.0,0.0
2024-12-16 10:48:00+01:00,39.439998626708984,39.439998626708984,39.415000915527344,39.42499923706055,3016,0.0,0.0
2024-12-16 10:49:00+01:00,39.435001373291016,39.45000076293945,39.435001373291016,39.435001373291016,3888,0.0,0.0
2024-12-16 10:50:00+01:00,39.45000076293945,39.459999084472656,39.435001373291016,39.44499969482422,7017,0.0,0.0
2024-12-16 10:51:00+01:00,39.44499969482422,39.45500183105469,39.439998626708984,39.439998626708984,8622,0.0,0.0
2024-12-16 10:52:00+01:00,39.435001373291016,39.435001373291016,39.41999816894531,39.41999816894531,3314,0.0,0.0
2024-12-16 10:53:00+01:00,39.415000915527344,39.435001373291016,39.415000915527344,39.42499923706055,3298,0.0,0.0
2024-12-16 10:54:00+01:00,39.43000030517578,39.439998626708984,39.41999816894531,39.41999816894531,4957,0.0,0.0
2024-12-16 10:55:00+01:00,39.42499923706055,39.42499923706055,39.38999938964844,39.39500045776367,9301,0.0,0.0
2024-12-16 10:56:00+01:00,39.380001068115234,39.38999938964844,39.375,39.375,2309,0.0,0.0
2024-12-16 10:57:00+01:00,39.375,39.404998779296875,39.375,39.400001525878906,7792,0.0,0.0
2024-12-16 10:58:00+01:00,39.400001525878906,39.400001525878906,39.380001068115234,39.380001068115234,2940,0.0,0.0
2024-12-16 10:59:00+01:00,39.38999938964844,39.38999938964844,39.38999938964844,39.38999938964844,1375,0.0,0.0
2024-12-16 11:00:00+01:00,39.38999938964844,39.39500045776367,39.375,39.375,2220,0.0,0.0
2024-12-16 11:01:00+01:00,39.380001068115234,39.380001068115234,39.369998931884766,39.375,8072,0.0,0.0
2024-12-16 11:02:00+01:00,39.369998931884766,39.369998931884766,39.36000061035156,39.369998931884766,5954,0.0,0.0
2024-12-16 11:03:00+01:00,39.35499954223633,39.35499954223633,39.34000015258789,39.34000015258789,8956,0.0,0.0
2024-12-16 11:04:00+01:00,39.32500076293945,39.334999084472656,39.314998626708984,39.314998626708984,4337,0.0,0.0
2024-12-16 11:05:00+01:00,39.32500076293945,39.33000183105469,39.310001373291016,39.33000183105469,10503,0.0,0.0
2024-12-16 11:06:00+01:00,39.33000183105469,39.33000183105469,39.29499816894531,39.29499816894531,6591,0.0,0.0
2024-12-16 11:07:00+01:00,39.29999923706055,39.30500030517578,39.29499816894531,39.30500030517578,7699,0.0,0.0
2024-12-16 11:08:00+01:00,39.30500030517578,39.30500030517578,39.29999923706055,39.30500030517578,1268,0.0,0.0
2024-12-16 11:09:00+01:00,39.29999923706055,39.29999923706055,39.279998779296875,39.279998779296875,7691,0.0,0.0
2024-12-16 11:10:00+01:00,39.28499984741211,39.334999084472656,39.28499984741211,39.33000183105469,16350,0.0,0.0
2024-12-16 11:11:00+01:00,39.33000183105469,39.33000183105469,39.290000915527344,39.290000915527344,4116,0.0,0.0
2024-12-16 11:12:00+01:00,39.29499816894531,39.29499816894531,39.2599983215332,39.27000045776367,5144,0.0,0.0
2024-12-16 11:13:00+01:00,39.26499938964844,39.279998779296875,39.26499938964844,39.279998779296875,4434,0.0,0.0
2024-12-16 11:14:00+01:00,39.279998779296875,39.279998779296875,39.26499938964844,39.279998779296875,6105,0.0,0.0
2024-12-16 11:15:00+01:00,39.28499984741211,39.290000915527344,39.275001525878906,39.290000915527344,7286,0.0,0.0
2024-12-16 11:16:00+01:00,39.290000915527344,39.290000915527344,39.255001068115234,39.255001068115234,2337,0.0,0.0
2024-12-16 11:17:00+01:00,39.255001068115234,39.27000045776367,39.255001068115234,39.27000045776367,2997,0.0,0.0
2024-12-16 11:18:00+01:00,39.26499938964844,39.26499938964844,39.2599983215332,39.2599983215332,776,0.0,0.0
2024-12-16 11:19:00+01:00,39.27000045776367,39.28499984741211,39.27000045776367,39.279998779296875,8589,0.0,0.0
2024-12-16 11:20:00+01:00,39.27000045776367,39.27000045776367,39.25,39.25,7790,0.0,0.0
2024-12-16 11:21:00+01:00,39.255001068115234,39.26499938964844,39.23500061035156,39.23500061035156,3701,0.0,0.0
2024-12-16 11:22:00+01:00,39.22999954223633,39.22999954223633,39.17499923706055,39.18000030517578,22865,0.0,0.0
2024-12-16 11:23:00+01:00,39.18000030517578,39.209999084472656,39.18000030517578,39.209999084472656,8877,0.0,0.0
2024-12-16 11:24:00+01:00,39.209999084472656,39.209999084472656,39.185001373291016,39.19499969482422,10808,0.0,0.0
2024-12-16 11:25:00+01:00,39.189998626708984,39.19499969482422,39.18000030517578,39.19499969482422,1578,0.0,0.0
2024-12-16 11:26:00+01:00,39.19499969482422,39.20000076293945,39.189998626708984,39.20000076293945,4018,0.0,0.0
2024-12-16 11:27:00+01:00,39.20500183105469,39.21500015258789,39.20000076293945,39.209999084472656,5771,0.0,0.0
2024-12-16 11:28:00+01:00,39.209999084472656,39.209999084472656,39.20500183105469,39.20500183105469,3649,0.0,0.0
2024-12-16 11:29:00+01:00,39.20500183105469,39.209999084472656,39.20500183105469,39.209999084472656,920,0.0,0.0
2024-12-16 11:30:00+01:00,39.220001220703125,39.23500061035156,39.20000076293945,39.23500061035156,8703,0.0,0.0
2024-12-16 11:31:00+01:00,39.2400016784668,39.25,39.23500061035156,39.23500061035156,18186,0.0,0.0
2024-12-16 11:32:00+01:00,39.23500061035156,39.25,39.22999954223633,39.2400016784668,24512,0.0,0.0
2024-12-16 11:33:00+01:00,39.23500061035156,39.23500061035156,39.21500015258789,39.22999954223633,17791,0.0,0.0
2024-12-16 11:34:00+01:00,39.20500183105469,39.209999084472656,39.20000076293945,39.209999084472656,2854,0.0,0.0
2024-12-16 11:35:00+01:00,39.20500183105469,39.20500183105469,39.185001373291016,39.185001373291016,19011,0.0,0.0
2024-12-16 11:36:00+01:00,39.185001373291016,39.19499969482422,39.18000030517578,39.189998626708984,4339,0.0,0.0
2024-12-16 11:37:00+01:00,39.185001373291016,39.189998626708984,39.18000030517578,39.189998626708984,1432,0.0,0.0
2024-12-16 11:38:00+01:00,39.189998626708984,39.189998626708984,39.165000915527344,39.18000030517578,8061,0.0,0.0
2024-12-16 11:39:00+01:00,39.16999816894531,39.17499923706055,39.16999816894531,39.17499923706055,1800,0.0,0.0
2024-12-16 11:40:00+01:00,39.16999816894531,39.19499969482422,39.16999816894531,39.19499969482422,2135,0.0,0.0
2024-12-16 11:41:00+01:00,39.189998626708984,39.189998626708984,39.185001373291016,39.185001373291016,372,0.0,0.0
2024-12-16 11:42:00+01:00,39.185001373291016,39.20000076293945,39.185001373291016,39.19499969482422,5434,0.0,0.0
2024-12-16 11:43:00+01:00,39.19499969482422,39.20500183105469,39.19499969482422,39.20000076293945,1231,0.0,0.0
2024-12-16 11:44:00+01:00,39.20000076293945,39.20500183105469,39.19499969482422,39.20500183105469,4741,0.0,0.0
2024-12-16 11:45:00+01:00,39.20000076293945,39.20500183105469,39.19499969482422,39.20000076293945,2748,0.0,0.0
2024-12-16 11:46:00+01:00,39.20000076293945,39.20500183105469,39.19499969482422,39.20500183105469,1584,0.0,0.0
2024-12-16 11:47:00+01:00,39.20000076293945,39.220001220703125,39.20000076293945,39.220001220703125,5424,0.0,0.0
2024-12-16 11:48:00+01:00,39.21500015258789,39.244998931884766,39.21500015258789,39.2400016784668,5188,0.0,0.0
2024-12-16 11:49:00+01:00,39.22999954223633,39.22999954223633,39.220001220703125,39.220001220703125,532,0.0,0.0
2024-12-16 11:50:00+01:00,39.224998474121094,39.2400016784668,39.224998474121094,39.2400016784668,2973,0.0,0.0
2024-12-16 11:51:00+01:00,39.23500061035156,39.23500061035156,39.224998474121094,39.224998474121094,2003,0.0,0.0
2024-12-16 11:52:00+01:00,39.220001220703125,39.22999954223633,39.220001220703125,39.22999954223633,1461,0.0,0.0
2024-12-16 11:53:00+01:00,39.21500015258789,39.21500015258789,39.21500015258789,39.21500015258789,1194,0.0,0.0
2024-12-16 11:54:00+01:00,39.21500015258789,39.21500015258789,39.20000076293945,39.21500015258789,11852,0.0,0.0
2024-12-16 11:55:00+01:00,39.220001220703125,39.224998474121094,39.21500015258789,39.21500015258789,1756,0.0,0.0
2024-12-16 11:56:00+01:00,39.21500015258789,39.21500015258789,39.209999084472656,39.209999084472656,224,0.0,0.0
2024-12-16 11:57:00+01:00,39.20500183105469,39.20500183105469,39.20000076293945,39.20000076293945,1957,0.0,0.0
2024-12-16 11:58:00+01:00,39.20500183105469,39.209999084472656,39.20000076293945,39.20000076293945,5180,0.0,0.0
2024-12-16 11:59:00+01:00,39.209999084472656,39.209999084472656,39.185001373291016,39.19499969482422,4015,0.0,0.0
2024-12-16 12:00:00+01:00,39.20000076293945,39.20500183105469,39.16999816894531,39.189998626708984,7240,0.0,0.0
2024-12-16 12:01:00+01:00,39.19499969482422,39.20000076293945,39.189998626708984,39.19499969482422,5116,0.0,0.0
2024-12-16 12:02:00+01:00,39.19499969482422,39.220001220703125,39.189998626708984,39.209999084472656,24658,0.0,0.0
2024-12-16 12:03:00+01:00,39.209999084472656,39.209999084472656,39.19499969482422,39.20500183105469,6530,0.0,0.0
2024-12-16 12:04:00+01:00,39.20000076293945,39.20000076293945,39.20000076293945,39.20000076293945,137,0.0,0.0
2024-12-16 12:05:00+01:00,39.20500183105469,39.20500183105469,39.19499969482422,39.19499969482422,2666,0.0,0.0
2024-12-16 12:06:00+01:00,39.19499969482422,39.19499969482422,39.185001373291016,39.189998626708984,2956,0.0,0.0
2024-12-16 12:07:00+01:00,39.185001373291016,39.185001373291016,39.150001525878906,39.154998779296875,8416,0.0,0.0
2024-12-16 12:08:00+01:00,39.15999984741211,39.16999816894531,39.15999984741211,39.165000915527344,2276,0.0,0.0
2024-12-16 12:09:00+01:00,39.154998779296875,39.154998779296875,39.095001220703125,39.099998474121094,27134,0.0,0.0
2024-12-16 12:10:00+01:00,39.099998474121094,39.119998931884766,39.09000015258789,39.099998474121094,6574,0.0,0.0
2024-12-16 12:11:00+01:00,39.10499954223633,39.11000061035156,39.09000015258789,39.095001220703125,16284,0.0,0.0
2024-12-16 12:12:00+01:00,39.10499954223633,39.10499954223633,39.084999084472656,39.084999084472656,4465,0.0,0.0
2024-12-16 12:13:00+01:00,39.09000015258789,39.09000015258789,39.04499816894531,39.04499816894531,24753,0.0,0.0
2024-12-16 12:14:00+01:00,39.040000915527344,39.07500076293945,39.040000915527344,39.064998626708984,4660,0.0,0.0
2024-12-16 12:15:00+01:00,39.04999923706055,39.04999923706055,39.029998779296875,39.029998779296875,7497,0.0,0.0
2024-12-16 12:16:00+01:00,39.029998779296875,39.03499984741211,39.02000045776367,39.02000045776367,2596,0.0,0.0
2024-12-16 12:17:00+01:00,39.0099983215332,39.0099983215332,38.92499923706055,38.92499923706055,99760,0.0,0.0
2024-12-16 12:18:00+01:00,38.91999816894531,38.92499923706055,38.900001525878906,38.90999984741211,25199,0.0,0.0
2024-12-16 12:19:00+01:00,38.92499923706055,38.95500183105469,38.915000915527344,38.91999816894531,17729,0.0,0.0
2024-12-16 12:20:00+01:00,38.90999984741211,38.92499923706055,38.89500045776367,38.92499923706055,10321,0.0,0.0
2024-12-16 12:21:00+01:00,38.92499923706055,38.94499969482422,38.92499923706055,38.94499969482422,15464,0.0,0.0
2024-12-16 12:22:00+01:00,38.939998626708984,38.95500183105469,38.92499923706055,38.95000076293945,24092,0.0,0.0
2024-12-16 12:23:00+01:00,38.95500183105469,38.974998474121094,38.939998626708984,38.974998474121094,8867,0.0,0.0
2024-12-16 12:24:00+01:00,38.974998474121094,39.005001068115234,38.974998474121094,39.0,3510,0.0,0.0
2024-12-16 12:25:00+01:00,38.994998931884766,38.994998931884766,38.95500183105469,38.994998931884766,25341,0.0,0.0
2024-12-16 12:26:00+01:00,38.994998931884766,38.994998931884766,38.970001220703125,38.97999954223633,2769,0.0,0.0
2024-12-16 12:27:00+01:00,38.970001220703125,38.97999954223633,38.96500015258789,38.970001220703125,2129,0.0,0.0
2024-12-16 12:28:00+01:00,38.970001220703125,38.98500061035156,38.970001220703125,38.98500061035156,2483,0.0,0.0
2024-12-16 12:29:00+01:00,38.97999954223633,38.98500061035156,38.974998474121094,38.98500061035156,989,0.0,0.0
2024-12-16 12:30:00+01:00,38.98500061035156,39.005001068115234,38.97999954223633,39.005001068115234,5455,0.0,0.0
2024-12-16 12:31:00+01:00,39.0099983215332,39.0099983215332,39.0099983215332,39.0099983215332,432,0.0,0.0
2024-12-16 12:32:00+01:00,39.040000915527344,39.04999923706055,39.040000915527344,39.04999923706055,12291,0.0,0.0
2024-12-16 12:33:00+01:00,39.04499816894531,39.06999969482422,39.04499816894531,39.06999969482422,5908,0.0,0.0
2024-12-16 12:34:00+01:00,39.060001373291016,39.060001373291016,39.040000915527344,39.040000915527344,14684,0.0,0.0
2024-12-16 12:35:00+01:00,39.03499984741211,39.040000915527344,39.025001525878906,39.025001525878906,973,0.0,0.0
2024-12-16 12:36:00+01:00,39.025001525878906,39.05500030517578,39.025001525878906,39.040000915527344,4577,0.0,0.0
2024-12-16 12:37:00+01:00,39.04499816894531,39.04499816894531,39.03499984741211,39.03499984741211,939,0.0,0.0
2024-12-16 12:38:00+01:00,39.040000915527344,39.040000915527344,39.040000915527344,39.040000915527344,178,0.0,0.0
2024-12-16 12:39:00+01:00,39.040000915527344,39.04499816894531,39.02000045776367,39.03499984741211,9794,0.0,0.0
2024-12-16 12:40:00+01:00,39.040000915527344,39.04499816894531,39.03499984741211,39.03499984741211,260,0.0,0.0
2024-12-16 12:41:00+01:00,39.03499984741211,39.040000915527344,39.03499984741211,39.03499984741211,5170,0.0,0.0
2024-12-16 12:42:00+01:00,39.029998779296875,39.04499816894531,39.029998779296875,39.04499816894531,6793,0.0,0.0
2024-12-16 12:43:00+01:00,39.04999923706055,39.060001373291016,39.04999923706055,39.060001373291016,951,0.0,0.0
2024-12-16 12:44:00+01:00,39.04999923706055,39.064998626708984,39.04999923706055,39.064998626708984,957,0.0,0.0
2024-12-16 12:45:00+01:00,39.04999923706055,39.04999923706055,39.04999923706055,39.04999923706055,1034,0.0,0.0
2024-12-16 12:46:00+01:00,39.04499816894531,39.04999923706055,39.03499984741211,39.04999923706055,550,0.0,0.0
2024-12-16 12:47:00+01:00,39.05500030517578,39.05500030517578,39.04999923706055,39.04999923706055,457,0.0,0.0
2024-12-16 12:48:00+01:00,39.04499816894531,39.04999923706055,39.04499816894531,39.04999923706055,1073,0.0,0.0
2024-12-16 12:49:00+01:00,39.04999923706055,39.04999923706055,39.03499984741211,39.03499984741211,11119,0.0,0.0
2024-12-16 12:50:00+01:00,39.03499984741211,39.05500030517578,39.025001525878906,39.029998779296875,8731,0.0,0.0
2024-12-16 12:51:00+01:00,39.03499984741211,39.03499984741211,39.01499938964844,39.02000045776367,4868,0.0,0.0
2024-12-16 12:52:00+01:00,39.029998779296875,39.029998779296875,39.0099983215332,39.0099983215332,1134,0.0,0.0
2024-12-16 12:53:00+01:00,39.01499938964844,39.01499938964844,39.0099983215332,39.0099983215332,1671,0.0,0.0
2024-12-16 12:54:00+01:00,39.01499938964844,39.01499938964844,39.0099983215332,39.0099983215332,1037,0.0,0.0
2024-12-16 12:55:00+01:00,39.005001068115234,39.02000045776367,39.005001068115234,39.0099983215332,3583,0.0,0.0
2024-12-16 12:56:00+01:00,39.01499938964844,39.02000045776367,39.01499938964844,39.02000045776367,308,0.0,0.0
2024-12-16 12:57:00+01:00,39.0099983215332,39.0099983215332,38.9900016784668,39.0,32466,0.0,0.0
2024-12-16 12:58:00+01:00,39.005001068115234,39.005001068115234,38.9900016784668,39.0,4796,0.0,0.0
2024-12-16 12:59:00+01:00,39.0,39.0,39.0,39.0,1280,0.0,0.0
2024-12-16 13:00:00+01:00,39.005001068115234,39.005001068115234,38.98500061035156,38.98500061035156,1572,0.0,0.0
2024-12-16 13:01:00+01:00,38.9900016784668,39.05500030517578,38.9900016784668,39.02000045776367,15664,0.0,0.0
2024-12-16 13:02:00+01:00,39.02000045776367,39.040000915527344,39.02000045776367,39.02000045776367,885,0.0,0.0
2024-12-16 13:04:00+01:00,39.0099983215332,39.0099983215332,39.0099983215332,39.0099983215332,1927,0.0,0.0
2024-12-16 13:05:00+01:00,39.0099983215332,39.0099983215332,39.0099983215332,39.0099983215332,170,0.0,0.0
2024-12-16 13:06:00+01:00,39.005001068115234,39.005001068115234,39.0,39.0,3475,0.0,0.0
2024-12-16 13:07:00+01:00,38.994998931884766,38.994998931884766,38.97999954223633,38.97999954223633,4699,0.0,0.0
2024-12-16 13:08:00+01:00,38.97999954223633,38.97999954223633,38.974998474121094,38.974998474121094,1933,0.0,0.0
2024-12-16 13:09:00+01:00,38.98500061035156,39.0,38.98500061035156,39.0,2483,0.0,0.0
2024-12-16 13:10:00+01:00,39.0,39.0,38.9900016784668,39.0,4394,0.0,0.0
2024-12-16 13:11:00+01:00,38.994998931884766,38.994998931884766,38.9900016784668,38.9900016784668,4987,0.0,0.0
2024-12-16 13:12:00+01:00,38.994998931884766,39.025001525878906,38.994998931884766,39.025001525878906,3284,0.0,0.0
2024-12-16 13:13:00+01:00,39.025001525878906,39.025001525878906,39.01499938964844,39.01499938964844,359,0.0,0.0
2024-12-16 13:14:00+01:00,39.005001068115234,39.005001068115234,39.0,39.0,149,0.0,0.0
2024-12-16 13:15:00+01:00,38.994998931884766,39.0099983215332,38.994998931884766,39.0099983215332,1096,0.0,0.0
2024-12-16 13:16:00+01:00,39.0099983215332,39.01499938964844,39.0099983215332,39.01499938964844,2944,0.0,0.0
2024-12-16 13:17:00+01:00,39.0099983215332,39.0099983215332,38.994998931884766,39.0,1180,0.0,0.0
2024-12-16 13:18:00+01:00,39.0099983215332,39.0099983215332,39.0099983215332,39.0099983215332,165,0.0,0.0
2024-12-16 13:19:00+01:00,39.01499938964844,39.01499938964844,39.0099983215332,39.0099983215332,786,0.0,0.0
2024-12-16 13:20:00+01:00,39.01499938964844,39.01499938964844,39.005001068115234,39.0099983215332,159,0.0,0.0
2024-12-16 13:21:00+01:00,39.005001068115234,39.01499938964844,39.005001068115234,39.01499938964844,693,0.0,0.0
2024-12-16 13:22:00+01:00,39.02000045776367,39.02000045776367,39.01499938964844,39.01499938964844,2000,0.0,0.0
2024-12-16 13:23:00+01:00,39.01499938964844,39.025001525878906,39.01499938964844,39.02000045776367,1801,0.0,0.0
2024-12-16 13:24:00+01:00,39.02000045776367,39.02000045776367,39.02000045776367,39.02000045776367,984,0.0,0.0
2024-12-16 13:25:00+01:00,39.025001525878906,39.025001525878906,39.01499938964844,39.01499938964844,3531,0.0,0.0
2024-12-16 13:26:00+01:00,39.0099983215332,39.01499938964844,39.0099983215332,39.01499938964844,3418,0.0,0.0
2024-12-16 13:27:00+01:00,39.02000045776367,39.029998779296875,39.02000045776367,39.029998779296875,1202,0.0,0.0
2024-12-16 13:28:00+01:00,39.03499984741211,39.05500030517578,39.03499984741211,39.05500030517578,2310,0.0,0.0
2024-12-16 13:29:00+01:00,39.05500030517578,39.060001373291016,39.04499816894531,39.060001373291016,5241,0.0,0.0
2024-12-16 13:30:00+01:00,39.064998626708984,39.06999969482422,39.025001525878906,39.029998779296875,8439,0.0,0.0
2024-12-16 13:31:00+01:00,39.029998779296875,39.029998779296875,39.005001068115234,39.005001068115234,3523,0.0,0.0
2024-12-16 13:32:00+01:00,39.0099983215332,39.0099983215332,39.0,39.005001068115234,674,0.0,0.0
2024-12-16 13:33:00+01:00,39.0099983215332,39.02000045776367,39.0099983215332,39.0099983215332,2156,0.0,0.0
2024-12-16 13:34:00+01:00,39.0,39.0099983215332,39.0,39.0099983215332,1007,0.0,0.0
2024-12-16 13:35:00+01:00,39.005001068115234,39.025001525878906,39.005001068115234,39.02000045776367,2173,0.0,0.0
2024-12-16 13:36:00+01:00,39.025001525878906,39.03499984741211,39.02000045776367,39.03499984741211,3245,0.0,0.0
2024-12-16 13:37:00+01:00,39.02000045776367,39.02000045776367,38.994998931884766,39.0,5251,0.0,0.0
2024-12-16 13:38:00+01:00,38.994998931884766,39.005001068115234,38.97999954223633,39.005001068115234,3933,0.0,0.0
2024-12-16 13:39:00+01:00,39.005001068115234,39.005001068115234,38.98500061035156,38.98500061035156,5097,0.0,0.0
2024-12-16 13:40:00+01:00,38.98500061035156,39.0,38.97999954223633,39.0,1385,0.0,0.0
2024-12-16 13:41:00+01:00,39.0099983215332,39.01499938964844,39.005001068115234,39.005001068115234,3483,0.0,0.0
2024-12-16 13:42:00+01:00,39.005001068115234,39.0099983215332,38.9900016784668,39.005001068115234,2788,0.0,0.0
2024-12-16 13:43:00+01:00,39.005001068115234,39.005001068115234,38.9900016784668,38.9900016784668,2452,0.0,0.0
2024-12-16 13:44:00+01:00,38.994998931884766,38.994998931884766,38.9900016784668,38.9900016784668,1129,0.0,0.0
2024-12-16 13:45:00+01:00,38.98500061035156,38.98500061035156,38.96500015258789,38.970001220703125,21250,0.0,0.0
2024-12-16 13:46:00+01:00,38.959999084472656,38.959999084472656,38.93000030517578,38.935001373291016,15689,0.0,0.0
2024-12-16 13:47:00+01:00,38.93000030517578,38.93000030517578,38.90999984741211,38.915000915527344,5364,0.0,0.0
2024-12-16 13:48:00+01:00,38.90999984741211,38.90999984741211,38.90999984741211,38.90999984741211,123,0.0,0.0
2024-12-16 13:49:00+01:00,38.91999816894531,38.93000030517578,38.91999816894531,38.93000030517578,2415,0.0,0.0
2024-12-16 13:50:00+01:00,38.935001373291016,38.935001373291016,38.91999816894531,38.91999816894531,1758,0.0,0.0
2024-12-16 13:51:00+01:00,38.92499923706055,38.92499923706055,38.915000915527344,38.915000915527344,4315,0.0,0.0
2024-12-16 13:52:00+01:00,38.90999984741211,38.90999984741211,38.880001068115234,38.880001068115234,24569,0.0,0.0
2024-12-16 13:53:00+01:00,38.88999938964844,38.900001525878906,38.88999938964844,38.900001525878906,4168,0.0,0.0
2024-12-16 13:54:00+01:00,38.88999938964844,38.88999938964844,38.88999938964844,38.88999938964844,105,0.0,0.0
2024-12-16 13:55:00+01:00,38.89500045776367,38.89500045776367,38.8849983215332,38.8849983215332,9489,0.0,0.0
2024-12-16 13:56:00+01:00,38.880001068115234,38.8849983215332,38.849998474121094,38.849998474121094,12974,0.0,0.0
2024-12-16 13:57:00+01:00,38.85499954223633,38.875,38.85499954223633,38.85499954223633,9039,0.0,0.0
2024-12-16 13:58:00+01:00,38.849998474121094,38.849998474121094,38.84000015258789,38.849998474121094,5096,0.0,0.0
2024-12-16 13:59:00+01:00,38.845001220703125,38.869998931884766,38.84000015258789,38.849998474121094,14673,0.0,0.0
2024-12-16 14:00:00+01:00,38.849998474121094,38.86000061035156,38.845001220703125,38.85499954223633,1986,0.0,0.0
2024-12-16 14:01:00+01:00,38.849998474121094,38.875,38.849998474121094,38.869998931884766,6165,0.0,0.0
2024-12-16 14:02:00+01:00,38.869998931884766,38.869998931884766,38.849998474121094,38.849998474121094,1276,0.0,0.0
2024-12-16 14:03:00+01:00,38.86000061035156,38.8650016784668,38.86000061035156,38.86000061035156,2796,0.0,0.0
2024-12-16 14:04:00+01:00,38.8650016784668,38.8650016784668,38.849998474121094,38.849998474121094,2259,0.0,0.0
2024-12-16 14:05:00+01:00,38.849998474121094,38.849998474121094,38.84000015258789,38.845001220703125,2607,0.0,0.0
2024-12-16 14:06:00+01:00,38.84000015258789,38.84000015258789,38.834999084472656,38.84000015258789,730,0.0,0.0
2024-12-16 14:07:00+01:00,38.845001220703125,38.86000061035156,38.845001220703125,38.85499954223633,3054,0.0,0.0
2024-12-16 14:08:00+01:00,38.86000061035156,38.86000061035156,38.86000061035156,38.86000061035156,703,0.0,0.0
2024-12-16 14:09:00+01:00,38.85499954223633,38.86000061035156,38.85499954223633,38.86000061035156,1028,0.0,0.0
2024-12-16 14:10:00+01:00,38.85499954223633,38.85499954223633,38.84000015258789,38.845001220703125,4348,0.0,0.0
2024-12-16 14:11:00+01:00,38.84000015258789,38.85499954223633,38.84000015258789,38.849998474121094,2788,0.0,0.0
2024-12-16 14:12:00+01:00,38.85499954223633,38.8650016784668,38.85499954223633,38.8650016784668,2688,0.0,0.0
2024-12-16 14:13:00+01:00,38.8650016784668,38.875,38.8650016784668,38.8650016784668,2356,0.0,0.0
2024-12-16 14:14:00+01:00,38.880001068115234,38.880001068115234,38.880001068115234,38.880001068115234,2157,0.0,0.0
2024-12-16 14:15:00+01:00,38.875,38.875,38.869998931884766,38.875,1349,0.0,0.0
2024-12-16 14:16:00+01:00,38.875,38.875,38.86000061035156,38.8650016784668,3675,0.0,0.0
2024-12-16 14:17:00+01:00,38.875,38.875,38.875,38.875,4171,0.0,0.0
2024-12-16 14:18:00+01:00,38.869998931884766,38.869998931884766,38.869998931884766,38.869998931884766,1166,0.0,0.0
2024-12-16 14:19:00+01:00,38.8650016784668,38.875,38.8650016784668,38.875,3647,0.0,0.0
2024-12-16 14:20:00+01:00,38.8650016784668,38.8650016784668,38.85499954223633,38.8650016784668,1534,0.0,0.0
2024-12-16 14:21:00+01:00,38.869998931884766,38.875,38.85499954223633,38.86000061035156,22774,0.0,0.0
2024-12-16 14:22:00+01:00,38.86000061035156,38.8650016784668,38.85499954223633,38.8650016784668,3140,0.0,0.0
2024-12-16 14:23:00+01:00,38.8650016784668,38.869998931884766,38.85499954223633,38.8650016784668,9138,0.0,0.0
2024-12-16 14:24:00+01:00,38.86000061035156,38.8650016784668,38.86000061035156,38.8650016784668,3085,0.0,0.0
2024-12-16 14:25:00+01:00,38.86000061035156,38.86000061035156,38.85499954223633,38.85499954223633,1000,0.0,0.0
2024-12-16 14:26:00+01:00,38.85499954223633,38.86000061035156,38.849998474121094,38.85499954223633,4603,0.0,0.0
2024-12-16 14:27:00+01:00,38.849998474121094,38.85499954223633,38.849998474121094,38.85499954223633,1082,0.0,0.0
2024-12-16 14:28:00+01:00,38.86000061035156,38.86000061035156,38.85499954223633,38.85499954223633,3336,0.0,0.0
2024-12-16 14:29:00+01:00,38.85499954223633,38.85499954223633,38.85499954223633,38.85499954223633,200,0.0,0.0
2024-12-16 14:30:00+01:00,38.85499954223633,38.85499954223633,38.83000183105469,38.83000183105469,12572,0.0,0.0
2024-12-16 14:31:00+01:00,38.83000183105469,38.83000183105469,38.814998626708984,38.81999969482422,7603,0.0,0.0
2024-12-16 14:32:00+01:00,38.814998626708984,38.814998626708984,38.79999923706055,38.810001373291016,28950,0.0,0.0
2024-12-16 14:33:00+01:00,38.810001373291016,38.810001373291016,38.79499816894531,38.79499816894531,1633,0.0,0.0
2024-12-16 14:34:00+01:00,38.79499816894531,38.79499816894531,38.744998931884766,38.7599983215332,25173,0.0,0.0
2024-12-16 14:35:00+01:00,38.7599983215332,38.810001373291016,38.7599983215332,38.79999923706055,11419,0.0,0.0
2024-12-16 14:36:00+01:00,38.79999923706055,38.79999923706055,38.78499984741211,38.790000915527344,4294,0.0,0.0
2024-12-16 14:37:00+01:00,38.790000915527344,38.79999923706055,38.790000915527344,38.79999923706055,3384,0.0,0.0
2024-12-16 14:38:00+01:00,38.79999923706055,38.82500076293945,38.79999923706055,38.82500076293945,2378,0.0,0.0
2024-12-16 14:39:00+01:00,38.81999969482422,38.81999969482422,38.790000915527344,38.79499816894531,4322,0.0,0.0
2024-12-16 14:40:00+01:00,38.79999923706055,38.80500030517578,38.79499816894531,38.79499816894531,2084,0.0,0.0
2024-12-16 14:41:00+01:00,38.790000915527344,38.790000915527344,38.77000045776367,38.78499984741211,6379,0.0,0.0
2024-12-16 14:42:00+01:00,38.78499984741211,38.78499984741211,38.7599983215332,38.7599983215332,1235,0.0,0.0
2024-12-16 14:43:00+01:00,38.76499938964844,38.779998779296875,38.76499938964844,38.779998779296875,4143,0.0,0.0
2024-12-16 14:44:00+01:00,38.78499984741211,38.78499984741211,38.775001525878906,38.775001525878906,5887,0.0,0.0
2024-12-16 14:45:00+01:00,38.779998779296875,38.790000915527344,38.744998931884766,38.75,13274,0.0,0.0
2024-12-16 14:46:00+01:00,38.75,38.755001068115234,38.744998931884766,38.75,2418,0.0,0.0
2024-12-16 14:47:00+01:00,38.75,38.77000045776367,38.75,38.76499938964844,3479,0.0,0.0
2024-12-16 14:48:00+01:00,38.76499938964844,38.76499938964844,38.7599983215332,38.7599983215332,2487,0.0,0.0
2024-12-16 14:49:00+01:00,38.755001068115234,38.77000045776367,38.755001068115234,38.76499938964844,4684,0.0,0.0
2024-12-16 14:50:00+01:00,38.76499938964844,38.77000045776367,38.76499938964844,38.77000045776367,3874,0.0,0.0
2024-12-16 14:51:00+01:00,38.77000045776367,38.775001525878906,38.77000045776367,38.775001525878906,1414,0.0,0.0
2024-12-16 14:52:00+01:00,38.775001525878906,38.78499984741211,38.775001525878906,38.779998779296875,5125,0.0,0.0
2024-12-16 14:53:00+01:00,38.775001525878906,38.779998779296875,38.775001525878906,38.775001525878906,1329,0.0,0.0
2024-12-16 14:54:00+01:00,38.775001525878906,38.78499984741211,38.7599983215332,38.77000045776367,24332,0.0,0.0
2024-12-16 14:55:00+01:00,38.77000045776367,38.77000045776367,38.7599983215332,38.76499938964844,5029,0.0,0.0
2024-12-16 14:56:00+01:00,38.76499938964844,38.79499816894531,38.76499938964844,38.79499816894531,5160,0.0,0.0
2024-12-16 14:57:00+01:00,38.79999923706055,38.79999923706055,38.79999923706055,38.79999923706055,8198,0.0,0.0
2024-12-16 14:58:00+01:00,38.79999923706055,38.80500030517578,38.779998779296875,38.790000915527344,11987,0.0,0.0
2024-12-16 14:59:00+01:00,38.790000915527344,38.810001373291016,38.790000915527344,38.810001373291016,5277,0.0,0.0
2024-12-16 15:00:00+01:00,38.80500030517578,38.82500076293945,38.78499984741211,38.82500076293945,15292,0.0,0.0
2024-12-16 15:01:00+01:00,38.81999969482422,38.849998474121094,38.814998626708984,38.849998474121094,9201,0.0,0.0
2024-12-16 15:02:00+01:00,38.8650016784668,38.900001525878906,38.8650016784668,38.900001525878906,5618,0.0,0.0
2024-12-16 15:03:00+01:00,38.89500045776367,38.90999984741211,38.88999938964844,38.90999984741211,8088,0.0,0.0
2024-12-16 15:04:00+01:00,38.90999984741211,38.939998626708984,38.90999984741211,38.939998626708984,3159,0.0,0.0
2024-12-16 15:05:00+01:00,38.939998626708984,38.95500183105469,38.93000030517578,38.939998626708984,16680,0.0,0.0
2024-12-16 15:06:00+01:00,38.935001373291016,38.96500015258789,38.935001373291016,38.959999084472656,22312,0.0,0.0
2024-12-16 15:07:00+01:00,38.95000076293945,38.95000076293945,38.935001373291016,38.94499969482422,5208,0.0,0.0
2024-12-16 15:08:00+01:00,38.939998626708984,38.939998626708984,38.92499923706055,38.93000030517578,1495,0.0,0.0
2024-12-16 15:09:00+01:00,38.93000030517578,38.93000030517578,38.93000030517578,38.93000030517578,911,0.0,0.0
2024-12-16 15:10:00+01:00,38.935001373291016,38.935001373291016,38.91999816894531,38.91999816894531,5644,0.0,0.0
2024-12-16 15:11:00+01:00,38.915000915527344,38.91999816894531,38.90999984741211,38.90999984741211,2999,0.0,0.0
2024-12-16 15:12:00+01:00,38.90999984741211,38.92499923706055,38.90999984741211,38.92499923706055,1641,0.0,0.0
2024-12-16 15:13:00+01:00,38.91999816894531,38.91999816894531,38.915000915527344,38.91999816894531,679,0.0,0.0
2024-12-16 15:14:00+01:00,38.915000915527344,38.95000076293945,38.915000915527344,38.93000030517578,13300,0.0,0.0
2024-12-16 15:15:00+01:00,38.935001373291016,38.939998626708984,38.93000030517578,38.93000030517578,1055,0.0,0.0
2024-12-16 15:16:00+01:00,38.939998626708984,38.96500015258789,38.939998626708984,38.96500015258789,16634,0.0,0.0
2024-12-16 15:17:00+01:00,38.96500015258789,38.974998474121094,38.95500183105469,38.970001220703125,16428,0.0,0.0
2024-12-16 15:18:00+01:00,38.970001220703125,38.974998474121094,38.959999084472656,38.959999084472656,5235,0.0,0.0
2024-12-16 15:19:00+01:00,38.95500183105469,38.95500183105469,38.935001373291016,38.94499969482422,14936,0.0,0.0
2024-12-16 15:20:00+01:00,38.95000076293945,38.95000076293945,38.94499969482422,38.94499969482422,2709,0.0,0.0
2024-12-16 15:21:00+01:00,38.95000076293945,38.95500183105469,38.91999816894531,38.92499923706055,3946,0.0,0.0
2024-12-16 15:22:00+01:00,38.90999984741211,38.90999984741211,38.86000061035156,38.8650016784668,31122,0.0,0.0
2024-12-16 15:23:00+01:00,38.86000061035156,38.8650016784668,38.86000061035156,38.8650016784668,571,0.0,0.0
2024-12-16 15:24:00+01:00,38.869998931884766,38.89500045776367,38.869998931884766,38.89500045776367,4613,0.0,0.0
2024-12-16 15:25:00+01:00,38.89500045776367,38.89500045776367,38.86000061035156,38.86000061035156,6027,0.0,0.0
2024-12-16 15:26:00+01:00,38.86000061035156,38.880001068115234,38.845001220703125,38.880001068115234,7665,0.0,0.0
2024-12-16 15:27:00+01:00,38.875,38.88999938964844,38.875,38.875,5274,0.0,0.0
2024-12-16 15:28:00+01:00,38.875,38.880001068115234,38.869998931884766,38.869998931884766,1529,0.0,0.0
2024-12-16 15:29:00+01:00,38.880001068115234,38.8849983215332,38.869998931884766,38.869998931884766,4204,0.0,0.0
2024-12-16 15:30:00+01:00,38.875,38.880001068115234,38.849998474121094,38.849998474121094,5755,0.0,0.0
2024-12-16 15:31:00+01:00,38.849998474121094,38.85499954223633,38.834999084472656,38.845001220703125,3976,0.0,0.0
2024-12-16 15:32:00+01:00,38.845001220703125,38.849998474121094,38.810001373291016,38.810001373291016,7581,0.0,0.0
2024-12-16 15:33:00+01:00,38.810001373291016,38.814998626708984,38.78499984741211,38.79499816894531,27521,0.0,0.0
2024-12-16 15:34:00+01:00,38.79499816894531,38.79999923706055,38.7599983215332,38.7599983215332,5356,0.0,0.0
2024-12-16 15:35:00+01:00,38.75,38.810001373291016,38.744998931884766,38.810001373291016,11134,0.0,0.0
2024-12-16 15:36:00+01:00,38.814998626708984,38.84000015258789,38.79999923706055,38.83000183105469,5962,0.0,0.0
2024-12-16 15:37:00+01:00,38.82500076293945,38.845001220703125,38.814998626708984,38.84000015258789,7292,0.0,0.0
2024-12-16 15:38:00+01:00,38.845001220703125,38.88999938964844,38.845001220703125,38.8650016784668,5869,0.0,0.0
2024-12-16 15:39:00+01:00,38.8650016784668,38.875,38.85499954223633,38.875,2413,0.0,0.0
2024-12-16 15:40:00+01:00,38.88999938964844,38.915000915527344,38.875,38.915000915527344,5387,0.0,0.0
2024-12-16 15:41:00+01:00,38.90999984741211,38.935001373291016,38.904998779296875,38.92499923706055,15233,0.0,0.0
2024-12-16 15:42:00+01:00,38.92499923706055,38.93000030517578,38.915000915527344,38.915000915527344,6478,0.0,0.0
2024-12-16 15:43:00+01:00,38.91999816894531,38.935001373291016,38.91999816894531,38.93000030517578,4701,0.0,0.0
2024-12-16 15:44:00+01:00,38.935001373291016,38.95500183105469,38.935001373291016,38.95500183105469,1757,0.0,0.0
2024-12-16 15:45:00+01:00,38.959999084472656,38.970001220703125,38.94499969482422,38.970001220703125,3610,0.0,0.0
2024-12-16 15:46:00+01:00,38.970001220703125,38.970001220703125,38.959999084472656,38.959999084472656,1810,0.0,0.0
2024-12-16 15:47:00+01:00,38.95500183105469,38.97999954223633,38.94499969482422,38.974998474121094,9017,0.0,0.0
2024-12-16 15:48:00+01:00,38.98500061035156,38.98500061035156,38.96500015258789,38.970001220703125,6432,0.0,0.0
2024-12-16 15:49:00+01:00,38.959999084472656,38.96500015258789,38.959999084472656,38.96500015258789,1747,0.0,0.0
2024-12-16 15:50:00+01:00,38.96500015258789,38.974998474121094,38.959999084472656,38.96500015258789,2735,0.0,0.0
2024-12-16 15:51:00+01:00,38.970001220703125,38.970001220703125,38.92499923706055,38.92499923706055,4804,0.0,0.0
2024-12-16 15:52:00+01:00,38.93000030517578,38.935001373291016,38.92499923706055,38.92499923706055,3959,0.0,0.0
2024-12-16 15:53:00+01:00,38.93000030517578,38.93000030517578,38.91999816894531,38.92499923706055,4644,0.0,0.0
2024-12-16 15:54:00+01:00,38.92499923706055,38.935001373291016,38.92499923706055,38.93000030517578,2628,0.0,0.0
2024-12-16 15:55:00+01:00,38.91999816894531,38.92499923706055,38.91999816894531,38.92499923706055,503,0.0,0.0
2024-12-16 15:56:00+01:00,38.915000915527344,38.915000915527344,38.8849983215332,38.8849983215332,9080,0.0,0.0
2024-12-16 15:57:00+01:00,38.8849983215332,38.8849983215332,38.86000061035156,38.880001068115234,5096,0.0,0.0
2024-12-16 15:58:00+01:00,38.88999938964844,38.88999938964844,38.849998474121094,38.8650016784668,4749,0.0,0.0
2024-12-16 15:59:00+01:00,38.8849983215332,38.900001525878906,38.86000061035156,38.880001068115234,6454,0.0,0.0
2024-12-16 16:00:00+01:00,38.8849983215332,38.904998779296875,38.8849983215332,38.900001525878906,4283,0.0,0.0
2024-12-16 16:01:00+01:00,38.900001525878906,38.91999816894531,38.900001525878906,38.91999816894531,1457,0.0,0.0
2024-12-16 16:02:00+01:00,38.93000030517578,38.93000030517578,38.90999984741211,38.915000915527344,7659,0.0,0.0
2024-12-16 16:03:00+01:00,38.92499923706055,38.94499969482422,38.91999816894531,38.94499969482422,2652,0.0,0.0
2024-12-16 16:04:00+01:00,38.935001373291016,38.939998626708984,38.92499923706055,38.939998626708984,2226,0.0,0.0
2024-12-16 16:05:00+01:00,38.939998626708984,38.95000076293945,38.93000030517578,38.95000076293945,5312,0.0,0.0
2024-12-16 16:06:00+01:00,38.95500183105469,38.95500183105469,38.915000915527344,38.92499923706055,1788,0.0,0.0
2024-12-16 16:07:00+01:00,38.92499923706055,38.95000076293945,38.92499923706055,38.95000076293945,11717,0.0,0.0
2024-12-16 16:08:00+01:00,38.95500183105469,38.994998931884766,38.95000076293945,38.9900016784668,37052,0.0,0.0
2024-12-16 16:09:00+01:00,38.97999954223633,39.0099983215332,38.97999954223633,39.0099983215332,18517,0.0,0.0
2024-12-16 16:10:00+01:00,39.0099983215332,39.02000045776367,38.97999954223633,38.97999954223633,8794,0.0,0.0
2024-12-16 16:11:00+01:00,38.97999954223633,38.97999954223633,38.96500015258789,38.96500015258789,1969,0.0,0.0
2024-12-16 16:12:00+01:00,38.959999084472656,38.959999084472656,38.92499923706055,38.93000030517578,4552,0.0,0.0
2024-12-16 16:13:00+01:00,38.935001373291016,38.939998626708984,38.935001373291016,38.939998626708984,1791,0.0,0.0
2024-12-16 16:14:00+01:00,38.94499969482422,38.94499969482422,38.93000030517578,38.939998626708984,3010,0.0,0.0
2024-12-16 16:15:00+01:00,38.939998626708984,38.94499969482422,38.92499923706055,38.92499923706055,2969,0.0,0.0
2024-12-16 16:16:00+01:00,38.93000030517578,38.94499969482422,38.93000030517578,38.939998626708984,1030,0.0,0.0
2024-12-16 16:17:00+01:00,38.939998626708984,38.939998626708984,38.939998626708984,38.939998626708984,301,0.0,0.0
2024-12-16 16:18:00+01:00,38.935001373291016,38.935001373291016,38.89500045776367,38.900001525878906,6355,0.0,0.0
2024-12-16 16:19:00+01:00,38.904998779296875,38.939998626708984,38.900001525878906,38.939998626708984,4665,0.0,0.0
2024-12-16 16:20:00+01:00,38.939998626708984,38.95500183105469,38.939998626708984,38.95500183105469,2381,0.0,0.0
2024-12-16 16:21:00+01:00,38.94499969482422,38.95000076293945,38.92499923706055,38.92499923706055,2081,0.0,0.0
2024-12-16 16:22:00+01:00,38.92499923706055,38.92499923706055,38.915000915527344,38.92499923706055,2601,0.0,0.0
2024-12-16 16:23:00+01:00,38.915000915527344,38.93000030517578,38.915000915527344,38.915000915527344,3553,0.0,0.0
2024-12-16 16:24:00+01:00,38.915000915527344,38.935001373291016,38.915000915527344,38.935001373291016,1124,0.0,0.0
2024-12-16 16:25:00+01:00,38.935001373291016,38.95500183105469,38.93000030517578,38.95000076293945,9080,0.0,0.0
2024-12-16 16:26:00+01:00,38.95000076293945,38.959999084472656,38.95000076293945,38.95500183105469,1403,0.0,0.0
2024-12-16 16:27:00+01:00,38.959999084472656,38.959999084472656,38.95000076293945,38.95500183105469,503,0.0,0.0
2024-12-16 16:28:00+01:00,38.95500183105469,38.959999084472656,38.95000076293945,38.95000076293945,880,0.0,0.0
2024-12-16 16:29:00+01:00,38.94499969482422,38.95000076293945,38.935001373291016,38.95000076293945,4937,0.0,0.0
2024-12-16 16:30:00+01:00,38.94499969482422,38.95500183105469,38.93000030517578,38.95000076293945,2897,0.0,0.0
2024-12-16 16:31:00+01:00,38.95500183105469,38.96500015258789,38.95000076293945,38.95000076293945,1729,0.0,0.0
2024-12-16 16:32:00+01:00,38.94499969482422,38.95000076293945,38.935001373291016,38.935001373291016,2964,0.0,0.0
2024-12-16 16:33:00+01:00,38.939998626708984,38.95500183105469,38.939998626708984,38.95500183105469,6219,0.0,0.0
2024-12-16 16:34:00+01:00,38.95500183105469,38.95500183105469,38.95500183105469,38.95500183105469,260,0.0,0.0
2024-12-16 16:35:00+01:00,38.94499969482422,38.95500183105469,38.939998626708984,38.95500183105469,954,0.0,0.0
2024-12-16 16:36:00+01:00,38.94499969482422,38.94499969482422,38.939998626708984,38.939998626708984,1984,0.0,0.0
2024-12-16 16:37:00+01:00,38.94499969482422,38.94499969482422,38.94499969482422,38.94499969482422,3664,0.0,0.0
2024-12-16 16:38:00+01:00,38.94499969482422,38.95000076293945,38.94499969482422,38.94499969482422,1992,0.0,0.0
2024-12-16 16:39:00+01:00,38.939998626708984,38.95500183105469,38.939998626708984,38.95000076293945,5590,0.0,0.0
2024-12-16 16:40:00+01:00,38.95000076293945,38.959999084472656,38.95000076293945,38.95000076293945,1309,0.0,0.0
2024-12-16 16:41:00+01:00,38.94499969482422,38.94499969482422,38.915000915527344,38.915000915527344,3023,0.0,0.0
2024-12-16 16:42:00+01:00,38.92499923706055,38.95500183105469,38.91999816894531,38.95500183105469,4466,0.0,0.0
2024-12-16 16:43:00+01:00,38.95500183105469,38.970001220703125,38.939998626708984,38.94499969482422,4137,0.0,0.0
2024-12-16 16:44:00+01:00,38.94499969482422,38.95000076293945,38.939998626708984,38.94499969482422,3020,0.0,0.0
2024-12-16 16:45:00+01:00,38.939998626708984,38.95500183105469,38.939998626708984,38.94499969482422,5061,0.0,0.0
2024-12-16 16:46:00+01:00,38.939998626708984,38.95000076293945,38.939998626708984,38.95000076293945,3042,0.0,0.0
2024-12-16 16:47:00+01:00,38.95500183105469,38.96500015258789,38.95500183105469,38.959999084472656,1700,0.0,0.0
2024-12-16 16:48:00+01:00,38.959999084472656,38.96500015258789,38.959999084472656,38.96500015258789,1831,0.0,0.0
2024-12-16 16:49:00+01:00,38.96500015258789,38.96500015258789,38.95500183105469,38.959999084472656,3131,0.0,0.0
2024-12-16 16:50:00+01:00,38.959999084472656,38.959999084472656,38.95000076293945,38.95000076293945,1908,0.0,0.0
2024-12-16 16:51:00+01:00,38.95500183105469,38.970001220703125,38.95500183105469,38.96500015258789,2936,0.0,0.0
2024-12-16 16:52:00+01:00,38.970001220703125,38.974998474121094,38.959999084472656,38.959999084472656,1515,0.0,0.0
2024-12-16 16:53:00+01:00,38.95500183105469,38.95500183105469,38.95000076293945,38.95000076293945,2124,0.0,0.0
2024-12-16 16:54:00+01:00,38.959999084472656,38.96500015258789,38.959999084472656,38.959999084472656,3525,0.0,0.0
2024-12-16 16:55:00+01:00,38.970001220703125,38.9900016784668,38.970001220703125,38.974998474121094,13330,0.0,0.0
2024-12-16 16:57:00+01:00,38.97999954223633,38.97999954223633,38.939998626708984,38.94499969482422,10095,0.0,0.0
2024-12-16 16:58:00+01:00,38.939998626708984,38.959999084472656,38.939998626708984,38.95500183105469,4732,0.0,0.0
2024-12-16 16:59:00+01:00,38.95000076293945,38.959999084472656,38.939998626708984,38.95500183105469,9166,0.0,0.0
2024-12-16 17:00:00+01:00,38.95000076293945,38.95000076293945,38.92499923706055,38.939998626708984,12932,0.0,0.0
2024-12-16 17:01:00+01:00,38.935001373291016,38.935001373291016,38.915000915527344,38.93000030517578,20033,0.0,0.0
2024-12-16 17:02:00+01:00,38.91999816894531,38.91999816894531,38.89500045776367,38.900001525878906,11346,0.0,0.0
2024-12-16 17:03:00+01:00,38.90999984741211,38.90999984741211,38.904998779296875,38.90999984741211,960,0.0,0.0
2024-12-16 17:04:00+01:00,38.90999984741211,38.915000915527344,38.90999984741211,38.90999984741211,2064,0.0,0.0
2024-12-16 17:06:00+01:00,38.875,38.875,38.869998931884766,38.869998931884766,12466,0.0,0.0
2024-12-16 17:07:00+01:00,38.875,38.8849983215332,38.869998931884766,38.875,8822,0.0,0.0
2024-12-16 17:08:00+01:00,38.869998931884766,38.875,38.869998931884766,38.875,3737,0.0,0.0
2024-12-16 17:09:00+01:00,38.875,38.90999984741211,38.875,38.90999984741211,9277,0.0,0.0
2024-12-16 17:10:00+01:00,38.915000915527344,38.915000915527344,38.89500045776367,38.904998779296875,9523,0.0,0.0
2024-12-16 17:11:00+01:00,38.904998779296875,38.915000915527344,38.88999938964844,38.88999938964844,7914,0.0,0.0
2024-12-16 17:12:00+01:00,38.89500045776367,38.915000915527344,38.88999938964844,38.915000915527344,16351,0.0,0.0
2024-12-16 17:13:00+01:00,38.90999984741211,38.915000915527344,38.90999984741211,38.915000915527344,8704,0.0,0.0
2024-12-16 17:14:00+01:00,38.915000915527344,38.91999816894531,38.904998779296875,38.90999984741211,12291,0.0,0.0
2024-12-16 17:15:00+01:00,38.90999984741211,38.90999984741211,38.89500045776367,38.904998779296875,11116,0.0,0.0
2024-12-16 17:16:00+01:00,38.900001525878906,38.900001525878906,38.880001068115234,38.8849983215332,7862,0.0,0.0
2024-12-16 17:17:00+01:00,38.880001068115234,38.880001068115234,38.875,38.880001068115234,5456,0.0,0.0
2024-12-16 17:18:00+01:00,38.875,38.880001068115234,38.869998931884766,38.875,10258,0.0,0.0
2024-12-16 17:19:00+01:00,38.869998931884766,38.875,38.869998931884766,38.875,9318,0.0,0.0
2024-12-16 17:20:00+01:00,38.869998931884766,38.875,38.8650016784668,38.869998931884766,18740,0.0,0.0
2024-12-16 17:21:00+01:00,38.86000061035156,38.8650016784668,38.85499954223633,38.8650016784668,12127,0.0,0.0
2024-12-16 17:22:00+01:00,38.8650016784668,38.8650016784668,38.845001220703125,38.849998474121094,27253,0.0,0.0
2024-12-16 17:23:00+01:00,38.849998474121094,38.869998931884766,38.849998474121094,38.8650016784668,16276,0.0,0.0
2024-12-16 17:24:00+01:00,38.869998931884766,38.869998931884766,38.869998931884766,38.869998931884766,7515,0.0,0.0
2024-12-16 17:25:00+01:00,38.875,38.875,38.8650016784668,38.869998931884766,14650,0.0,0.0
2024-12-16 17:26:00+01:00,38.869998931884766,38.89500045776367,38.869998931884766,38.88999938964844,15303,0.0,0.0
2024-12-16 17:27:00+01:00,38.88999938964844,38.88999938964844,38.880001068115234,38.8849983215332,7103,0.0,0.0
2024-12-16 17:28:00+01:00,38.8849983215332,38.8849983215332,38.880001068115234,38.880001068115234,4134,0.0,0.0
2024-12-16 17:29:00+01:00,38.880001068115234,38.89500045776367,38.875,38.880001068115234,28698,0.0,0.0
