time,Open,High,Low,Close,Volume,Dividends,Stock Splits
2024-12-12 09:00:00+01:00,39.10499954223633,39.25,39.10499954223633,39.16999816894531,0,0.0,0.0
2024-12-12 09:01:00+01:00,39.14500045776367,39.27000045776367,39.14500045776367,39.20500183105469,72258,0.0,0.0
2024-12-12 09:02:00+01:00,39.21500015258789,39.244998931884766,39.154998779296875,39.22999954223633,38430,0.0,0.0
2024-12-12 09:03:00+01:00,39.21500015258789,39.2400016784668,39.185001373291016,39.21500015258789,36950,0.0,0.0
2024-12-12 09:04:00+01:00,39.224998474121094,39.25,39.19499969482422,39.25,110671,0.0,0.0
2024-12-12 09:05:00+01:00,39.224998474121094,39.2599983215332,39.165000915527344,39.20500183105469,24480,0.0,0.0
2024-12-12 09:06:00+01:00,39.21500015258789,39.290000915527344,39.21500015258789,39.28499984741211,25692,0.0,0.0
2024-12-12 09:07:00+01:00,39.275001525878906,39.310001373291016,39.2400016784668,39.2400016784668,41425,0.0,0.0
2024-12-12 09:08:00+01:00,39.2400016784668,39.25,39.18000030517578,39.22999954223633,29411,0.0,0.0
2024-12-12 09:09:00+01:00,39.22999954223633,39.2400016784668,39.1150016784668,39.13999938964844,16507,0.0,0.0
2024-12-12 09:10:00+01:00,39.130001068115234,39.13999938964844,39.099998474121094,39.1349983215332,21477,0.0,0.0
2024-12-12 09:11:00+01:00,39.125,39.1349983215332,39.10499954223633,39.10499954223633,7838,0.0,0.0
2024-12-12 09:12:00+01:00,39.11000061035156,39.11000061035156,39.04999923706055,39.04999923706055,29277,0.0,0.0
2024-12-12 09:13:00+01:00,39.05500030517578,39.060001373291016,39.0099983215332,39.04999923706055,18866,0.0,0.0
2024-12-12 09:14:00+01:00,39.060001373291016,39.095001220703125,39.040000915527344,39.06999969482422,11587,0.0,0.0
2024-12-12 09:15:00+01:00,39.05500030517578,39.1150016784668,39.05500030517578,39.11000061035156,19007,0.0,0.0
2024-12-12 09:16:00+01:00,39.119998931884766,39.19499969482422,39.119998931884766,39.17499923706055,10128,0.0,0.0
2024-12-12 09:17:00+01:00,39.16999816894531,39.17499923706055,39.165000915527344,39.16999816894531,8437,0.0,0.0
2024-12-12 09:18:00+01:00,39.154998779296875,39.15999984741211,39.14500045776367,39.150001525878906,15252,0.0,0.0
2024-12-12 09:19:00+01:00,39.1349983215332,39.14500045776367,39.11000061035156,39.11000061035156,5568,0.0,0.0
2024-12-12 09:20:00+01:00,39.125,39.130001068115234,39.11000061035156,39.11000061035156,4205,0.0,0.0
2024-12-12 09:21:00+01:00,39.10499954223633,39.130001068115234,39.099998474121094,39.11000061035156,5193,0.0,0.0
2024-12-12 09:22:00+01:00,39.1150016784668,39.1150016784668,39.09000015258789,39.099998474121094,5160,0.0,0.0
2024-12-12 09:23:00+01:00,39.099998474121094,39.099998474121094,39.07500076293945,39.084999084472656,19485,0.0,0.0
2024-12-12 09:24:00+01:00,39.09000015258789,39.119998931884766,39.084999084472656,39.084999084472656,15488,0.0,0.0
2024-12-12 09:25:00+01:00,39.08000183105469,39.10499954223633,39.08000183105469,39.08000183105469,23417,0.0,0.0
2024-12-12 09:26:00+01:00,39.084999084472656,39.084999084472656,39.060001373291016,39.060001373291016,3121,0.0,0.0
2024-12-12 09:27:00+01:00,39.060001373291016,39.060001373291016,39.04499816894531,39.05500030517578,10623,0.0,0.0
2024-12-12 09:28:00+01:00,39.04999923706055,39.060001373291016,39.04999923706055,39.05500030517578,3544,0.0,0.0
2024-12-12 09:29:00+01:00,39.05500030517578,39.119998931884766,39.05500030517578,39.11000061035156,26766,0.0,0.0
2024-12-12 09:30:00+01:00,39.099998474121094,39.130001068115234,39.09000015258789,39.095001220703125,9920,0.0,0.0
2024-12-12 09:31:00+01:00,39.099998474121094,39.099998474121094,39.04499816894531,39.04999923706055,2353,0.0,0.0
2024-12-12 09:32:00+01:00,39.060001373291016,39.08000183105469,39.060001373291016,39.064998626708984,4263,0.0,0.0
2024-12-12 09:33:00+01:00,39.060001373291016,39.06999969482422,39.04999923706055,39.06999969482422,5756,0.0,0.0
2024-12-12 09:34:00+01:00,39.07500076293945,39.07500076293945,39.02000045776367,39.02000045776367,43141,0.0,0.0
2024-12-12 09:35:00+01:00,39.0099983215332,39.03499984741211,38.98500061035156,39.0,12638,0.0,0.0
2024-12-12 09:36:00+01:00,39.0,39.0,38.970001220703125,38.98500061035156,8867,0.0,0.0
2024-12-12 09:37:00+01:00,38.974998474121094,38.97999954223633,38.95500183105469,38.95500183105469,11150,0.0,0.0
2024-12-12 09:38:00+01:00,38.95500183105469,38.95500183105469,38.939998626708984,38.94499969482422,18116,0.0,0.0
2024-12-12 09:39:00+01:00,38.939998626708984,38.939998626708984,38.90999984741211,38.90999984741211,10207,0.0,0.0
2024-12-12 09:40:00+01:00,38.91999816894531,38.959999084472656,38.88999938964844,38.94499969482422,31199,0.0,0.0
2024-12-12 09:41:00+01:00,38.935001373291016,38.95500183105469,38.91999816894531,38.95500183105469,2984,0.0,0.0
2024-12-12 09:42:00+01:00,38.96500015258789,39.0099983215332,38.96500015258789,38.994998931884766,17582,0.0,0.0
2024-12-12 09:43:00+01:00,38.994998931884766,39.0099983215332,38.98500061035156,39.0099983215332,9923,0.0,0.0
2024-12-12 09:44:00+01:00,39.0099983215332,39.025001525878906,39.005001068115234,39.025001525878906,3598,0.0,0.0
2024-12-12 09:45:00+01:00,39.064998626708984,39.064998626708984,39.04499816894531,39.04499816894531,4340,0.0,0.0
2024-12-12 09:46:00+01:00,39.04499816894531,39.064998626708984,39.01499938964844,39.060001373291016,10102,0.0,0.0
2024-12-12 09:47:00+01:00,39.06999969482422,39.07500076293945,39.04999923706055,39.06999969482422,9018,0.0,0.0
2024-12-12 09:48:00+01:00,39.064998626708984,39.06999969482422,39.04999923706055,39.06999969482422,2508,0.0,0.0
2024-12-12 09:49:00+01:00,39.064998626708984,39.09000015258789,39.064998626708984,39.08000183105469,8117,0.0,0.0
2024-12-12 09:50:00+01:00,39.08000183105469,39.095001220703125,39.07500076293945,39.095001220703125,4044,0.0,0.0
2024-12-12 09:51:00+01:00,39.099998474121094,39.119998931884766,39.095001220703125,39.099998474121094,27317,0.0,0.0
2024-12-12 09:52:00+01:00,39.10499954223633,39.13999938964844,39.10499954223633,39.1150016784668,10928,0.0,0.0
2024-12-12 09:53:00+01:00,39.11000061035156,39.125,39.10499954223633,39.11000061035156,4684,0.0,0.0
2024-12-12 09:54:00+01:00,39.11000061035156,39.119998931884766,39.10499954223633,39.10499954223633,3236,0.0,0.0
2024-12-12 09:55:00+01:00,39.11000061035156,39.119998931884766,39.10499954223633,39.10499954223633,1682,0.0,0.0
2024-12-12 09:56:00+01:00,39.09000015258789,39.099998474121094,39.09000015258789,39.099998474121094,6707,0.0,0.0
2024-12-12 09:57:00+01:00,39.095001220703125,39.1150016784668,39.095001220703125,39.099998474121094,7926,0.0,0.0
2024-12-12 09:58:00+01:00,39.1150016784668,39.125,39.1150016784668,39.125,3628,0.0,0.0
2024-12-12 09:59:00+01:00,39.130001068115234,39.1349983215332,39.10499954223633,39.10499954223633,9768,0.0,0.0
2024-12-12 10:00:00+01:00,39.11000061035156,39.154998779296875,39.11000061035156,39.119998931884766,17615,0.0,0.0
2024-12-12 10:01:00+01:00,39.1150016784668,39.119998931884766,39.11000061035156,39.11000061035156,3510,0.0,0.0
2024-12-12 10:02:00+01:00,39.119998931884766,39.130001068115234,39.11000061035156,39.130001068115234,35167,0.0,0.0
2024-12-12 10:03:00+01:00,39.13999938964844,39.14500045776367,39.125,39.14500045776367,3743,0.0,0.0
2024-12-12 10:04:00+01:00,39.154998779296875,39.16999816894531,39.154998779296875,39.165000915527344,7493,0.0,0.0
2024-12-12 10:05:00+01:00,39.16999816894531,39.18000030517578,39.154998779296875,39.17499923706055,6069,0.0,0.0
2024-12-12 10:06:00+01:00,39.165000915527344,39.165000915527344,39.1349983215332,39.1349983215332,3310,0.0,0.0
2024-12-12 10:07:00+01:00,39.14500045776367,39.150001525878906,39.125,39.125,1413,0.0,0.0
2024-12-12 10:08:00+01:00,39.125,39.125,39.095001220703125,39.099998474121094,2659,0.0,0.0
2024-12-12 10:09:00+01:00,39.095001220703125,39.119998931884766,39.095001220703125,39.099998474121094,2037,0.0,0.0
2024-12-12 10:10:00+01:00,39.099998474121094,39.125,39.099998474121094,39.125,643,0.0,0.0
2024-12-12 10:11:00+01:00,39.125,39.150001525878906,39.125,39.150001525878906,123,0.0,0.0
2024-12-12 10:12:00+01:00,39.150001525878906,39.15999984741211,39.14500045776367,39.154998779296875,1992,0.0,0.0
2024-12-12 10:13:00+01:00,39.15999984741211,39.165000915527344,39.14500045776367,39.154998779296875,6684,0.0,0.0
2024-12-12 10:14:00+01:00,39.165000915527344,39.17499923706055,39.165000915527344,39.165000915527344,7763,0.0,0.0
2024-12-12 10:15:00+01:00,39.17499923706055,39.17499923706055,39.1150016784668,39.1150016784668,3840,0.0,0.0
2024-12-12 10:16:00+01:00,39.11000061035156,39.11000061035156,39.09000015258789,39.095001220703125,4372,0.0,0.0
2024-12-12 10:17:00+01:00,39.095001220703125,39.119998931884766,39.08000183105469,39.119998931884766,7837,0.0,0.0
2024-12-12 10:18:00+01:00,39.130001068115234,39.130001068115234,39.1150016784668,39.119998931884766,4902,0.0,0.0
2024-12-12 10:19:00+01:00,39.1150016784668,39.1150016784668,39.084999084472656,39.099998474121094,2420,0.0,0.0
2024-12-12 10:20:00+01:00,39.099998474121094,39.10499954223633,39.099998474121094,39.099998474121094,2533,0.0,0.0
2024-12-12 10:21:00+01:00,39.099998474121094,39.119998931884766,39.099998474121094,39.1150016784668,3090,0.0,0.0
2024-12-12 10:22:00+01:00,39.125,39.15999984741211,39.125,39.15999984741211,6599,0.0,0.0
2024-12-12 10:23:00+01:00,39.165000915527344,39.23500061035156,39.15999984741211,39.220001220703125,46362,0.0,0.0
2024-12-12 10:24:00+01:00,39.224998474121094,39.2400016784668,39.19499969482422,39.20500183105469,14166,0.0,0.0
2024-12-12 10:25:00+01:00,39.20500183105469,39.209999084472656,39.19499969482422,39.20000076293945,1922,0.0,0.0
2024-12-12 10:26:00+01:00,39.20000076293945,39.20000076293945,39.16999816894531,39.16999816894531,1217,0.0,0.0
2024-12-12 10:27:00+01:00,39.15999984741211,39.18000030517578,39.15999984741211,39.18000030517578,2830,0.0,0.0
2024-12-12 10:28:00+01:00,39.18000030517578,39.185001373291016,39.17499923706055,39.17499923706055,1490,0.0,0.0
2024-12-12 10:29:00+01:00,39.185001373291016,39.189998626708984,39.165000915527344,39.16999816894531,2342,0.0,0.0
2024-12-12 10:30:00+01:00,39.165000915527344,39.17499923706055,39.15999984741211,39.15999984741211,8719,0.0,0.0
2024-12-12 10:31:00+01:00,39.16999816894531,39.185001373291016,39.16999816894531,39.185001373291016,949,0.0,0.0
2024-12-12 10:32:00+01:00,39.19499969482422,39.19499969482422,39.17499923706055,39.17499923706055,2229,0.0,0.0
2024-12-12 10:33:00+01:00,39.17499923706055,39.185001373291016,39.17499923706055,39.18000030517578,517,0.0,0.0
2024-12-12 10:34:00+01:00,39.16999816894531,39.16999816894531,39.16999816894531,39.16999816894531,43,0.0,0.0
2024-12-12 10:35:00+01:00,39.17499923706055,39.22999954223633,39.17499923706055,39.22999954223633,24740,0.0,0.0
2024-12-12 10:36:00+01:00,39.224998474121094,39.2400016784668,39.209999084472656,39.2400016784668,14227,0.0,0.0
2024-12-12 10:37:00+01:00,39.23500061035156,39.23500061035156,39.209999084472656,39.209999084472656,1209,0.0,0.0
2024-12-12 10:38:00+01:00,39.224998474121094,39.22999954223633,39.209999084472656,39.22999954223633,6028,0.0,0.0
2024-12-12 10:39:00+01:00,39.22999954223633,39.25,39.22999954223633,39.23500061035156,11454,0.0,0.0
2024-12-12 10:40:00+01:00,39.2400016784668,39.25,39.22999954223633,39.23500061035156,2544,0.0,0.0
2024-12-12 10:41:00+01:00,39.2400016784668,39.255001068115234,39.2400016784668,39.2400016784668,22709,0.0,0.0
2024-12-12 10:42:00+01:00,39.23500061035156,39.23500061035156,39.224998474121094,39.22999954223633,1437,0.0,0.0
2024-12-12 10:43:00+01:00,39.22999954223633,39.22999954223633,39.20000076293945,39.20500183105469,9905,0.0,0.0
2024-12-12 10:44:00+01:00,39.20500183105469,39.23500061035156,39.20500183105469,39.23500061035156,8692,0.0,0.0
2024-12-12 10:45:00+01:00,39.22999954223633,39.22999954223633,39.224998474121094,39.224998474121094,540,0.0,0.0
2024-12-12 10:46:00+01:00,39.224998474121094,39.244998931884766,39.220001220703125,39.244998931884766,2885,0.0,0.0
2024-12-12 10:47:00+01:00,39.2400016784668,39.2400016784668,39.22999954223633,39.22999954223633,1632,0.0,0.0
2024-12-12 10:48:00+01:00,39.224998474121094,39.224998474121094,39.209999084472656,39.209999084472656,3046,0.0,0.0
2024-12-12 10:49:00+01:00,39.20500183105469,39.220001220703125,39.20500183105469,39.220001220703125,22259,0.0,0.0
2024-12-12 10:50:00+01:00,39.21500015258789,39.224998474121094,39.21500015258789,39.224998474121094,1327,0.0,0.0
2024-12-12 10:51:00+01:00,39.224998474121094,39.26499938964844,39.220001220703125,39.2599983215332,50556,0.0,0.0
2024-12-12 10:52:00+01:00,39.2599983215332,39.26499938964844,39.255001068115234,39.255001068115234,5636,0.0,0.0
2024-12-12 10:53:00+01:00,39.25,39.27000045776367,39.25,39.27000045776367,13384,0.0,0.0
2024-12-12 10:54:00+01:00,39.26499938964844,39.27000045776367,39.2400016784668,39.244998931884766,7308,0.0,0.0
2024-12-12 10:55:00+01:00,39.2400016784668,39.2400016784668,39.20000076293945,39.22999954223633,19043,0.0,0.0
2024-12-12 10:56:00+01:00,39.22999954223633,39.2400016784668,39.224998474121094,39.22999954223633,1952,0.0,0.0
2024-12-12 10:57:00+01:00,39.23500061035156,39.244998931884766,39.220001220703125,39.23500061035156,4940,0.0,0.0
2024-12-12 10:58:00+01:00,39.22999954223633,39.25,39.22999954223633,39.25,26189,0.0,0.0
2024-12-12 10:59:00+01:00,39.244998931884766,39.2599983215332,39.244998931884766,39.244998931884766,2506,0.0,0.0
2024-12-12 11:00:00+01:00,39.25,39.25,39.224998474121094,39.224998474121094,3156,0.0,0.0
2024-12-12 11:01:00+01:00,39.244998931884766,39.255001068115234,39.23500061035156,39.23500061035156,933,0.0,0.0
2024-12-12 11:02:00+01:00,39.2400016784668,39.244998931884766,39.2400016784668,39.244998931884766,1009,0.0,0.0
2024-12-12 11:03:00+01:00,39.255001068115234,39.255001068115234,39.224998474121094,39.244998931884766,3028,0.0,0.0
2024-12-12 11:04:00+01:00,39.2400016784668,39.27000045776367,39.2400016784668,39.27000045776367,17952,0.0,0.0
2024-12-12 11:05:00+01:00,39.275001525878906,39.279998779296875,39.27000045776367,39.279998779296875,15486,0.0,0.0
2024-12-12 11:06:00+01:00,39.279998779296875,39.29499816894531,39.27000045776367,39.290000915527344,17890,0.0,0.0
2024-12-12 11:07:00+01:00,39.290000915527344,39.310001373291016,39.290000915527344,39.310001373291016,33275,0.0,0.0
2024-12-12 11:08:00+01:00,39.310001373291016,39.310001373291016,39.290000915527344,39.29499816894531,20618,0.0,0.0
2024-12-12 11:09:00+01:00,39.29499816894531,39.30500030517578,39.28499984741211,39.30500030517578,35016,0.0,0.0
2024-12-12 11:10:00+01:00,39.310001373291016,39.33000183105469,39.310001373291016,39.31999969482422,14368,0.0,0.0
2024-12-12 11:11:00+01:00,39.314998626708984,39.314998626708984,39.290000915527344,39.30500030517578,8751,0.0,0.0
2024-12-12 11:12:00+01:00,39.29999923706055,39.30500030517578,39.29499816894531,39.30500030517578,1995,0.0,0.0
2024-12-12 11:13:00+01:00,39.29999923706055,39.29999923706055,39.275001525878906,39.29999923706055,13585,0.0,0.0
2024-12-12 11:14:00+01:00,39.28499984741211,39.28499984741211,39.27000045776367,39.27000045776367,13135,0.0,0.0
2024-12-12 11:15:00+01:00,39.27000045776367,39.290000915527344,39.27000045776367,39.279998779296875,34333,0.0,0.0
2024-12-12 11:16:00+01:00,39.275001525878906,39.279998779296875,39.275001525878906,39.279998779296875,7059,0.0,0.0
2024-12-12 11:17:00+01:00,39.275001525878906,39.279998779296875,39.27000045776367,39.275001525878906,4382,0.0,0.0
2024-12-12 11:18:00+01:00,39.279998779296875,39.29999923706055,39.279998779296875,39.28499984741211,22433,0.0,0.0
2024-12-12 11:19:00+01:00,39.275001525878906,39.279998779296875,39.26499938964844,39.275001525878906,5545,0.0,0.0
2024-12-12 11:20:00+01:00,39.275001525878906,39.279998779296875,39.26499938964844,39.279998779296875,881,0.0,0.0
2024-12-12 11:21:00+01:00,39.275001525878906,39.275001525878906,39.26499938964844,39.26499938964844,1293,0.0,0.0
2024-12-12 11:22:00+01:00,39.26499938964844,39.27000045776367,39.2599983215332,39.2599983215332,5475,0.0,0.0
2024-12-12 11:23:00+01:00,39.26499938964844,39.275001525878906,39.255001068115234,39.255001068115234,4307,0.0,0.0
2024-12-12 11:24:00+01:00,39.27000045776367,39.28499984741211,39.244998931884766,39.28499984741211,14106,0.0,0.0
2024-12-12 11:25:00+01:00,39.279998779296875,39.279998779296875,39.26499938964844,39.26499938964844,3039,0.0,0.0
2024-12-12 11:26:00+01:00,39.26499938964844,39.26499938964844,39.2599983215332,39.2599983215332,767,0.0,0.0
2024-12-12 11:27:00+01:00,39.26499938964844,39.27000045776367,39.26499938964844,39.27000045776367,9876,0.0,0.0
2024-12-12 11:28:00+01:00,39.27000045776367,39.28499984741211,39.27000045776367,39.28499984741211,455,0.0,0.0
2024-12-12 11:29:00+01:00,39.275001525878906,39.279998779296875,39.26499938964844,39.279998779296875,6180,0.0,0.0
2024-12-12 11:30:00+01:00,39.28499984741211,39.290000915527344,39.279998779296875,39.290000915527344,6304,0.0,0.0
2024-12-12 11:31:00+01:00,39.275001525878906,39.290000915527344,39.275001525878906,39.290000915527344,9963,0.0,0.0
2024-12-12 11:32:00+01:00,39.29499816894531,39.29999923706055,39.290000915527344,39.290000915527344,4913,0.0,0.0
2024-12-12 11:33:00+01:00,39.290000915527344,39.29999923706055,39.290000915527344,39.29499816894531,7151,0.0,0.0
2024-12-12 11:34:00+01:00,39.290000915527344,39.290000915527344,39.275001525878906,39.28499984741211,9946,0.0,0.0
2024-12-12 11:35:00+01:00,39.28499984741211,39.29499816894531,39.27000045776367,39.27000045776367,5439,0.0,0.0
2024-12-12 11:36:00+01:00,39.275001525878906,39.28499984741211,39.2599983215332,39.28499984741211,9191,0.0,0.0
2024-12-12 11:37:00+01:00,39.279998779296875,39.29499816894531,39.279998779296875,39.29499816894531,2953,0.0,0.0
2024-12-12 11:38:00+01:00,39.29499816894531,39.29499816894531,39.28499984741211,39.290000915527344,2551,0.0,0.0
2024-12-12 11:39:00+01:00,39.28499984741211,39.28499984741211,39.27000045776367,39.279998779296875,3034,0.0,0.0
2024-12-12 11:40:00+01:00,39.279998779296875,39.29499816894531,39.279998779296875,39.29499816894531,5009,0.0,0.0
2024-12-12 11:41:00+01:00,39.29499816894531,39.29499816894531,39.27000045776367,39.279998779296875,3042,0.0,0.0
2024-12-12 11:42:00+01:00,39.275001525878906,39.28499984741211,39.275001525878906,39.275001525878906,2983,0.0,0.0
2024-12-12 11:43:00+01:00,39.275001525878906,39.28499984741211,39.27000045776367,39.275001525878906,1574,0.0,0.0
2024-12-12 11:44:00+01:00,39.275001525878906,39.275001525878906,39.26499938964844,39.26499938964844,1158,0.0,0.0
2024-12-12 11:45:00+01:00,39.27000045776367,39.275001525878906,39.23500061035156,39.244998931884766,12188,0.0,0.0
2024-12-12 11:46:00+01:00,39.23500061035156,39.2400016784668,39.209999084472656,39.224998474121094,6668,0.0,0.0
2024-12-12 11:47:00+01:00,39.224998474121094,39.23500061035156,39.220001220703125,39.23500061035156,3389,0.0,0.0
2024-12-12 11:48:00+01:00,39.2400016784668,39.2400016784668,39.209999084472656,39.21500015258789,3392,0.0,0.0
2024-12-12 11:49:00+01:00,39.21500015258789,39.23500061035156,39.21500015258789,39.23500061035156,2578,0.0,0.0
2024-12-12 11:50:00+01:00,39.22999954223633,39.2400016784668,39.22999954223633,39.2400016784668,52,0.0,0.0
2024-12-12 11:51:00+01:00,39.22999954223633,39.2400016784668,39.22999954223633,39.23500061035156,1977,0.0,0.0
2024-12-12 11:52:00+01:00,39.2400016784668,39.25,39.2400016784668,39.25,1169,0.0,0.0
2024-12-12 11:53:00+01:00,39.244998931884766,39.244998931884766,39.20500183105469,39.21500015258789,19162,0.0,0.0
2024-12-12 11:54:00+01:00,39.220001220703125,39.244998931884766,39.220001220703125,39.22999954223633,2610,0.0,0.0
2024-12-12 11:55:00+01:00,39.2400016784668,39.244998931884766,39.224998474121094,39.2400016784668,2908,0.0,0.0
2024-12-12 11:56:00+01:00,39.2400016784668,39.244998931884766,39.2400016784668,39.244998931884766,580,0.0,0.0
2024-12-12 11:57:00+01:00,39.2400016784668,39.2400016784668,39.21500015258789,39.220001220703125,5739,0.0,0.0
2024-12-12 11:58:00+01:00,39.22999954223633,39.22999954223633,39.224998474121094,39.224998474121094,399,0.0,0.0
2024-12-12 11:59:00+01:00,39.22999954223633,39.2400016784668,39.22999954223633,39.2400016784668,1629,0.0,0.0
2024-12-12 12:00:00+01:00,39.23500061035156,39.23500061035156,39.23500061035156,39.23500061035156,160,0.0,0.0
2024-12-12 12:01:00+01:00,39.2400016784668,39.244998931884766,39.2400016784668,39.244998931884766,521,0.0,0.0
2024-12-12 12:02:00+01:00,39.244998931884766,39.244998931884766,39.2400016784668,39.2400016784668,877,0.0,0.0
2024-12-12 12:03:00+01:00,39.25,39.2599983215332,39.22999954223633,39.22999954223633,2226,0.0,0.0
2024-12-12 12:04:00+01:00,39.22999954223633,39.2400016784668,39.224998474121094,39.22999954223633,2631,0.0,0.0
2024-12-12 12:05:00+01:00,39.22999954223633,39.25,39.22999954223633,39.23500061035156,1885,0.0,0.0
2024-12-12 12:06:00+01:00,39.2400016784668,39.244998931884766,39.220001220703125,39.22999954223633,7704,0.0,0.0
2024-12-12 12:07:00+01:00,39.22999954223633,39.244998931884766,39.21500015258789,39.244998931884766,12488,0.0,0.0
2024-12-12 12:08:00+01:00,39.23500061035156,39.244998931884766,39.220001220703125,39.244998931884766,2243,0.0,0.0
2024-12-12 12:09:00+01:00,39.22999954223633,39.2400016784668,39.22999954223633,39.23500061035156,775,0.0,0.0
2024-12-12 12:10:00+01:00,39.23500061035156,39.23500061035156,39.209999084472656,39.209999084472656,4706,0.0,0.0
2024-12-12 12:11:00+01:00,39.21500015258789,39.220001220703125,39.209999084472656,39.220001220703125,820,0.0,0.0
2024-12-12 12:12:00+01:00,39.220001220703125,39.23500061035156,39.220001220703125,39.23500061035156,5801,0.0,0.0
2024-12-12 12:13:00+01:00,39.23500061035156,39.23500061035156,39.21500015258789,39.22999954223633,4468,0.0,0.0
2024-12-12 12:14:00+01:00,39.224998474121094,39.2400016784668,39.224998474121094,39.23500061035156,2549,0.0,0.0
2024-12-12 12:15:00+01:00,39.22999954223633,39.23500061035156,39.22999954223633,39.23500061035156,2271,0.0,0.0
2024-12-12 12:16:00+01:00,39.2400016784668,39.2400016784668,39.21500015258789,39.22999954223633,3565,0.0,0.0
2024-12-12 12:17:00+01:00,39.224998474121094,39.22999954223633,39.224998474121094,39.22999954223633,441,0.0,0.0
2024-12-12 12:18:00+01:00,39.224998474121094,39.22999954223633,39.21500015258789,39.22999954223633,3887,0.0,0.0
2024-12-12 12:19:00+01:00,39.22999954223633,39.23500061035156,39.224998474121094,39.23500061035156,3674,0.0,0.0
2024-12-12 12:20:00+01:00,39.23500061035156,39.255001068115234,39.23500061035156,39.244998931884766,3456,0.0,0.0
2024-12-12 12:21:00+01:00,39.25,39.2599983215332,39.244998931884766,39.244998931884766,9381,0.0,0.0
2024-12-12 12:22:00+01:00,39.25,39.2599983215332,39.244998931884766,39.25,2772,0.0,0.0
2024-12-12 12:23:00+01:00,39.2400016784668,39.25,39.2400016784668,39.25,1963,0.0,0.0
2024-12-12 12:24:00+01:00,39.244998931884766,39.25,39.23500061035156,39.25,3047,0.0,0.0
2024-12-12 12:25:00+01:00,39.255001068115234,39.255001068115234,39.25,39.255001068115234,466,0.0,0.0
2024-12-12 12:26:00+01:00,39.25,39.25,39.23500061035156,39.244998931884766,2976,0.0,0.0
2024-12-12 12:27:00+01:00,39.244998931884766,39.244998931884766,39.22999954223633,39.22999954223633,2822,0.0,0.0
2024-12-12 12:28:00+01:00,39.23500061035156,39.25,39.23500061035156,39.25,5542,0.0,0.0
2024-12-12 12:30:00+01:00,39.2400016784668,39.2400016784668,39.22999954223633,39.22999954223633,516,0.0,0.0
2024-12-12 12:31:00+01:00,39.23500061035156,39.244998931884766,39.23500061035156,39.244998931884766,742,0.0,0.0
2024-12-12 12:32:00+01:00,39.255001068115234,39.26499938964844,39.244998931884766,39.26499938964844,6437,0.0,0.0
2024-12-12 12:33:00+01:00,39.27000045776367,39.290000915527344,39.27000045776367,39.279998779296875,9093,0.0,0.0
2024-12-12 12:34:00+01:00,39.28499984741211,39.28499984741211,39.26499938964844,39.26499938964844,3347,0.0,0.0
2024-12-12 12:35:00+01:00,39.279998779296875,39.279998779296875,39.275001525878906,39.275001525878906,1914,0.0,0.0
2024-12-12 12:36:00+01:00,39.28499984741211,39.28499984741211,39.275001525878906,39.28499984741211,7572,0.0,0.0
2024-12-12 12:37:00+01:00,39.28499984741211,39.31999969482422,39.28499984741211,39.310001373291016,25346,0.0,0.0
2024-12-12 12:38:00+01:00,39.310001373291016,39.31999969482422,39.310001373291016,39.31999969482422,2667,0.0,0.0
2024-12-12 12:39:00+01:00,39.314998626708984,39.31999969482422,39.314998626708984,39.31999969482422,32797,0.0,0.0
2024-12-12 12:40:00+01:00,39.314998626708984,39.314998626708984,39.29999923706055,39.30500030517578,2609,0.0,0.0
2024-12-12 12:41:00+01:00,39.30500030517578,39.314998626708984,39.290000915527344,39.290000915527344,6384,0.0,0.0
2024-12-12 12:42:00+01:00,39.28499984741211,39.29499816894531,39.279998779296875,39.29499816894531,11524,0.0,0.0
2024-12-12 12:43:00+01:00,39.29499816894531,39.30500030517578,39.29499816894531,39.30500030517578,2713,0.0,0.0
2024-12-12 12:44:00+01:00,39.310001373291016,39.310001373291016,39.310001373291016,39.310001373291016,2,0.0,0.0
2024-12-12 12:45:00+01:00,39.31999969482422,39.31999969482422,39.29999923706055,39.310001373291016,10270,0.0,0.0
2024-12-12 12:46:00+01:00,39.310001373291016,39.32500076293945,39.310001373291016,39.32500076293945,14282,0.0,0.0
2024-12-12 12:47:00+01:00,39.33000183105469,39.33000183105469,39.314998626708984,39.314998626708984,2187,0.0,0.0
2024-12-12 12:48:00+01:00,39.31999969482422,39.345001220703125,39.31999969482422,39.34000015258789,17757,0.0,0.0
2024-12-12 12:49:00+01:00,39.334999084472656,39.334999084472656,39.32500076293945,39.33000183105469,1764,0.0,0.0
2024-12-12 12:50:00+01:00,39.33000183105469,39.345001220703125,39.32500076293945,39.345001220703125,5002,0.0,0.0
2024-12-12 12:52:00+01:00,39.334999084472656,39.34000015258789,39.33000183105469,39.33000183105469,2576,0.0,0.0
2024-12-12 12:53:00+01:00,39.33000183105469,39.345001220703125,39.33000183105469,39.345001220703125,11002,0.0,0.0
2024-12-12 12:54:00+01:00,39.34000015258789,39.345001220703125,39.32500076293945,39.34000015258789,5330,0.0,0.0
2024-12-12 12:55:00+01:00,39.345001220703125,39.345001220703125,39.334999084472656,39.334999084472656,1697,0.0,0.0
2024-12-12 12:56:00+01:00,39.334999084472656,39.34000015258789,39.32500076293945,39.32500076293945,3681,0.0,0.0
2024-12-12 12:57:00+01:00,39.31999969482422,39.31999969482422,39.31999969482422,39.31999969482422,1658,0.0,0.0
2024-12-12 12:58:00+01:00,39.33000183105469,39.334999084472656,39.314998626708984,39.314998626708984,5355,0.0,0.0
2024-12-12 12:59:00+01:00,39.314998626708984,39.31999969482422,39.310001373291016,39.31999969482422,2333,0.0,0.0
2024-12-12 13:00:00+01:00,39.33000183105469,39.35499954223633,39.33000183105469,39.349998474121094,18179,0.0,0.0
2024-12-12 13:01:00+01:00,39.349998474121094,39.349998474121094,39.334999084472656,39.334999084472656,1702,0.0,0.0
2024-12-12 13:02:00+01:00,39.345001220703125,39.35499954223633,39.345001220703125,39.349998474121094,1139,0.0,0.0
2024-12-12 13:03:00+01:00,39.349998474121094,39.349998474121094,39.345001220703125,39.349998474121094,1062,0.0,0.0
2024-12-12 13:04:00+01:00,39.345001220703125,39.345001220703125,39.34000015258789,39.34000015258789,1002,0.0,0.0
2024-12-12 13:05:00+01:00,39.345001220703125,39.345001220703125,39.32500076293945,39.32500076293945,11461,0.0,0.0
2024-12-12 13:06:00+01:00,39.32500076293945,39.32500076293945,39.32500076293945,39.32500076293945,316,0.0,0.0
2024-12-12 13:07:00+01:00,39.314998626708984,39.314998626708984,39.29999923706055,39.310001373291016,2709,0.0,0.0
2024-12-12 13:08:00+01:00,39.30500030517578,39.30500030517578,39.28499984741211,39.28499984741211,1850,0.0,0.0
2024-12-12 13:09:00+01:00,39.28499984741211,39.290000915527344,39.279998779296875,39.279998779296875,682,0.0,0.0
2024-12-12 13:10:00+01:00,39.29999923706055,39.34000015258789,39.29999923706055,39.34000015258789,2006,0.0,0.0
2024-12-12 13:11:00+01:00,39.349998474121094,39.349998474121094,39.33000183105469,39.33000183105469,2794,0.0,0.0
2024-12-12 13:12:00+01:00,39.33000183105469,39.33000183105469,39.33000183105469,39.33000183105469,513,0.0,0.0
2024-12-12 13:13:00+01:00,39.345001220703125,39.345001220703125,39.314998626708984,39.314998626708984,3688,0.0,0.0
2024-12-12 13:14:00+01:00,39.314998626708984,39.314998626708984,39.310001373291016,39.310001373291016,1220,0.0,0.0
2024-12-12 13:15:00+01:00,39.29999923706055,39.29999923706055,39.29499816894531,39.29999923706055,2104,0.0,0.0
2024-12-12 13:16:00+01:00,39.29499816894531,39.29499816894531,39.290000915527344,39.290000915527344,277,0.0,0.0
2024-12-12 13:17:00+01:00,39.29499816894531,39.29999923706055,39.29499816894531,39.29499816894531,480,0.0,0.0
2024-12-12 13:18:00+01:00,39.29499816894531,39.310001373291016,39.29499816894531,39.310001373291016,4542,0.0,0.0
2024-12-12 13:19:00+01:00,39.30500030517578,39.33000183105469,39.29999923706055,39.32500076293945,8799,0.0,0.0
2024-12-12 13:20:00+01:00,39.32500076293945,39.35499954223633,39.32500076293945,39.349998474121094,32267,0.0,0.0
2024-12-12 13:21:00+01:00,39.349998474121094,39.349998474121094,39.34000015258789,39.345001220703125,3079,0.0,0.0
2024-12-12 13:22:00+01:00,39.349998474121094,39.349998474121094,39.334999084472656,39.334999084472656,3410,0.0,0.0
2024-12-12 13:23:00+01:00,39.345001220703125,39.380001068115234,39.334999084472656,39.375,45323,0.0,0.0
2024-12-12 13:24:00+01:00,39.380001068115234,39.380001068115234,39.36000061035156,39.36000061035156,15961,0.0,0.0
2024-12-12 13:25:00+01:00,39.369998931884766,39.375,39.3650016784668,39.3650016784668,2080,0.0,0.0
2024-12-12 13:26:00+01:00,39.36000061035156,39.36000061035156,39.35499954223633,39.36000061035156,746,0.0,0.0
2024-12-12 13:27:00+01:00,39.36000061035156,39.36000061035156,39.35499954223633,39.35499954223633,2001,0.0,0.0
2024-12-12 13:28:00+01:00,39.36000061035156,39.3650016784668,39.35499954223633,39.35499954223633,1675,0.0,0.0
2024-12-12 13:29:00+01:00,39.35499954223633,39.369998931884766,39.35499954223633,39.3650016784668,19972,0.0,0.0
2024-12-12 13:30:00+01:00,39.3650016784668,39.375,39.36000061035156,39.36000061035156,4215,0.0,0.0
2024-12-12 13:31:00+01:00,39.375,39.375,39.3650016784668,39.3650016784668,1801,0.0,0.0
2024-12-12 13:32:00+01:00,39.3650016784668,39.38999938964844,39.3650016784668,39.38999938964844,9031,0.0,0.0
2024-12-12 13:33:00+01:00,39.38999938964844,39.38999938964844,39.38999938964844,39.38999938964844,381,0.0,0.0
2024-12-12 13:34:00+01:00,39.38999938964844,39.39500045776367,39.380001068115234,39.38999938964844,14473,0.0,0.0
2024-12-12 13:35:00+01:00,39.38999938964844,39.400001525878906,39.38999938964844,39.39500045776367,4682,0.0,0.0
2024-12-12 13:36:00+01:00,39.400001525878906,39.41999816894531,39.3849983215332,39.40999984741211,54475,0.0,0.0
2024-12-12 13:37:00+01:00,39.41999816894531,39.42499923706055,39.415000915527344,39.415000915527344,8328,0.0,0.0
2024-12-12 13:38:00+01:00,39.41999816894531,39.43000030517578,39.415000915527344,39.415000915527344,2787,0.0,0.0
2024-12-12 13:39:00+01:00,39.415000915527344,39.42499923706055,39.404998779296875,39.42499923706055,2344,0.0,0.0
2024-12-12 13:40:00+01:00,39.41999816894531,39.41999816894531,39.41999816894531,39.41999816894531,2545,0.0,0.0
2024-12-12 13:41:00+01:00,39.415000915527344,39.415000915527344,39.40999984741211,39.415000915527344,1760,0.0,0.0
2024-12-12 13:42:00+01:00,39.41999816894531,39.44499969482422,39.41999816894531,39.44499969482422,8651,0.0,0.0
2024-12-12 13:43:00+01:00,39.439998626708984,39.474998474121094,39.439998626708984,39.46500015258789,21460,0.0,0.0
2024-12-12 13:44:00+01:00,39.474998474121094,39.4900016784668,39.459999084472656,39.4900016784668,22581,0.0,0.0
2024-12-12 13:45:00+01:00,39.4900016784668,39.51499938964844,39.4900016784668,39.5,37941,0.0,0.0
2024-12-12 13:46:00+01:00,39.48500061035156,39.48500061035156,39.470001220703125,39.470001220703125,5858,0.0,0.0
2024-12-12 13:47:00+01:00,39.46500015258789,39.46500015258789,39.44499969482422,39.45000076293945,6464,0.0,0.0
2024-12-12 13:48:00+01:00,39.45500183105469,39.45500183105469,39.439998626708984,39.439998626708984,5407,0.0,0.0
2024-12-12 13:49:00+01:00,39.439998626708984,39.439998626708984,39.42499923706055,39.42499923706055,3605,0.0,0.0
2024-12-12 13:50:00+01:00,39.42499923706055,39.439998626708984,39.41999816894531,39.41999816894531,7458,0.0,0.0
2024-12-12 13:51:00+01:00,39.42499923706055,39.459999084472656,39.415000915527344,39.42499923706055,30438,0.0,0.0
2024-12-12 13:52:00+01:00,39.43000030517578,39.439998626708984,39.400001525878906,39.404998779296875,39823,0.0,0.0
2024-12-12 13:53:00+01:00,39.404998779296875,39.404998779296875,39.39500045776367,39.39500045776367,1322,0.0,0.0
2024-12-12 13:54:00+01:00,39.400001525878906,39.404998779296875,39.39500045776367,39.39500045776367,9253,0.0,0.0
2024-12-12 13:55:00+01:00,39.400001525878906,39.400001525878906,39.38999938964844,39.38999938964844,2096,0.0,0.0
2024-12-12 13:56:00+01:00,39.38999938964844,39.38999938964844,39.38999938964844,39.38999938964844,471,0.0,0.0
2024-12-12 13:57:00+01:00,39.39500045776367,39.400001525878906,39.3849983215332,39.38999938964844,7741,0.0,0.0
2024-12-12 13:58:00+01:00,39.39500045776367,39.415000915527344,39.38999938964844,39.40999984741211,14718,0.0,0.0
2024-12-12 13:59:00+01:00,39.40999984741211,39.40999984741211,39.404998779296875,39.404998779296875,1239,0.0,0.0
2024-12-12 14:00:00+01:00,39.415000915527344,39.41999816894531,39.404998779296875,39.41999816894531,6650,0.0,0.0
2024-12-12 14:01:00+01:00,39.415000915527344,39.415000915527344,39.39500045776367,39.39500045776367,1208,0.0,0.0
2024-12-12 14:02:00+01:00,39.39500045776367,39.40999984741211,39.3849983215332,39.40999984741211,4901,0.0,0.0
2024-12-12 14:03:00+01:00,39.400001525878906,39.400001525878906,39.400001525878906,39.400001525878906,793,0.0,0.0
2024-12-12 14:04:00+01:00,39.400001525878906,39.400001525878906,39.400001525878906,39.400001525878906,555,0.0,0.0
2024-12-12 14:05:00+01:00,39.400001525878906,39.415000915527344,39.400001525878906,39.400001525878906,11382,0.0,0.0
2024-12-12 14:06:00+01:00,39.400001525878906,39.400001525878906,39.39500045776367,39.39500045776367,2000,0.0,0.0
2024-12-12 14:07:00+01:00,39.39500045776367,39.40999984741211,39.3849983215332,39.404998779296875,3061,0.0,0.0
2024-12-12 14:08:00+01:00,39.400001525878906,39.400001525878906,39.3849983215332,39.3849983215332,2434,0.0,0.0
2024-12-12 14:09:00+01:00,39.380001068115234,39.39500045776367,39.375,39.38999938964844,4731,0.0,0.0
2024-12-12 14:10:00+01:00,39.38999938964844,39.404998779296875,39.38999938964844,39.404998779296875,1539,0.0,0.0
2024-12-12 14:11:00+01:00,39.404998779296875,39.415000915527344,39.400001525878906,39.40999984741211,5969,0.0,0.0
2024-12-12 14:12:00+01:00,39.415000915527344,39.415000915527344,39.40999984741211,39.40999984741211,1380,0.0,0.0
2024-12-12 14:13:00+01:00,39.404998779296875,39.415000915527344,39.39500045776367,39.39500045776367,4538,0.0,0.0
2024-12-12 14:14:00+01:00,39.404998779296875,39.415000915527344,39.404998779296875,39.415000915527344,1108,0.0,0.0
2024-12-12 14:15:00+01:00,39.415000915527344,39.44499969482422,39.415000915527344,39.44499969482422,6649,0.0,0.0
2024-12-12 14:16:00+01:00,39.44499969482422,39.44499969482422,39.415000915527344,39.415000915527344,843,0.0,0.0
2024-12-12 14:17:00+01:00,39.404998779296875,39.404998779296875,39.38999938964844,39.38999938964844,1455,0.0,0.0
2024-12-12 14:18:00+01:00,39.415000915527344,39.415000915527344,39.380001068115234,39.400001525878906,19571,0.0,0.0
2024-12-12 14:19:00+01:00,39.415000915527344,39.42499923706055,39.415000915527344,39.42499923706055,2470,0.0,0.0
2024-12-12 14:20:00+01:00,39.42499923706055,39.439998626708984,39.41999816894531,39.439998626708984,2592,0.0,0.0
2024-12-12 14:21:00+01:00,39.44499969482422,39.45500183105469,39.439998626708984,39.439998626708984,21385,0.0,0.0
2024-12-12 14:22:00+01:00,39.43000030517578,39.435001373291016,39.404998779296875,39.404998779296875,7163,0.0,0.0
2024-12-12 14:23:00+01:00,39.400001525878906,39.400001525878906,39.400001525878906,39.400001525878906,17505,0.0,0.0
2024-12-12 14:24:00+01:00,39.39500045776367,39.404998779296875,39.38999938964844,39.404998779296875,4319,0.0,0.0
2024-12-12 14:25:00+01:00,39.39500045776367,39.39500045776367,39.39500045776367,39.39500045776367,600,0.0,0.0
2024-12-12 14:26:00+01:00,39.404998779296875,39.404998779296875,39.39500045776367,39.404998779296875,5395,0.0,0.0
2024-12-12 14:27:00+01:00,39.400001525878906,39.404998779296875,39.39500045776367,39.39500045776367,4316,0.0,0.0
2024-12-12 14:28:00+01:00,39.400001525878906,39.400001525878906,39.380001068115234,39.38999938964844,5193,0.0,0.0
2024-12-12 14:29:00+01:00,39.39500045776367,39.39500045776367,39.38999938964844,39.39500045776367,2451,0.0,0.0
2024-12-12 14:30:00+01:00,39.39500045776367,39.43000030517578,39.369998931884766,39.38999938964844,48002,0.0,0.0
2024-12-12 14:31:00+01:00,39.39500045776367,39.41999816894531,39.369998931884766,39.369998931884766,14032,0.0,0.0
2024-12-12 14:32:00+01:00,39.3650016784668,39.380001068115234,39.36000061035156,39.369998931884766,6787,0.0,0.0
2024-12-12 14:33:00+01:00,39.375,39.375,39.334999084472656,39.345001220703125,10760,0.0,0.0
2024-12-12 14:34:00+01:00,39.334999084472656,39.34000015258789,39.290000915527344,39.29999923706055,10086,0.0,0.0
2024-12-12 14:35:00+01:00,39.29999923706055,39.29999923706055,39.26499938964844,39.275001525878906,13722,0.0,0.0
2024-12-12 14:36:00+01:00,39.27000045776367,39.27000045776367,39.185001373291016,39.185001373291016,53028,0.0,0.0
2024-12-12 14:37:00+01:00,39.189998626708984,39.2599983215332,39.189998626708984,39.25,17512,0.0,0.0
2024-12-12 14:38:00+01:00,39.25,39.29499816894531,39.2400016784668,39.29499816894531,9679,0.0,0.0
2024-12-12 14:39:00+01:00,39.290000915527344,39.290000915527344,39.2599983215332,39.275001525878906,9289,0.0,0.0
2024-12-12 14:40:00+01:00,39.28499984741211,39.29499816894531,39.27000045776367,39.27000045776367,11395,0.0,0.0
2024-12-12 14:41:00+01:00,39.26499938964844,39.275001525878906,39.255001068115234,39.26499938964844,7539,0.0,0.0
2024-12-12 14:42:00+01:00,39.275001525878906,39.279998779296875,39.26499938964844,39.27000045776367,1170,0.0,0.0
2024-12-12 14:43:00+01:00,39.275001525878906,39.275001525878906,39.275001525878906,39.275001525878906,866,0.0,0.0
2024-12-12 14:44:00+01:00,39.290000915527344,39.314998626708984,39.28499984741211,39.314998626708984,9641,0.0,0.0
2024-12-12 14:45:00+01:00,39.310001373291016,39.32500076293945,39.29999923706055,39.30500030517578,13918,0.0,0.0
2024-12-12 14:46:00+01:00,39.31999969482422,39.33000183105469,39.310001373291016,39.310001373291016,2344,0.0,0.0
2024-12-12 14:47:00+01:00,39.31999969482422,39.345001220703125,39.31999969482422,39.33000183105469,16590,0.0,0.0
2024-12-12 14:48:00+01:00,39.32500076293945,39.334999084472656,39.314998626708984,39.314998626708984,22709,0.0,0.0
2024-12-12 14:49:00+01:00,39.31999969482422,39.33000183105469,39.30500030517578,39.314998626708984,8453,0.0,0.0
2024-12-12 14:50:00+01:00,39.30500030517578,39.30500030517578,39.2599983215332,39.2599983215332,29243,0.0,0.0
2024-12-12 14:51:00+01:00,39.2599983215332,39.29499816894531,39.255001068115234,39.279998779296875,14206,0.0,0.0
2024-12-12 14:52:00+01:00,39.290000915527344,39.290000915527344,39.21500015258789,39.2599983215332,40348,0.0,0.0
2024-12-12 14:53:00+01:00,39.25,39.2599983215332,39.224998474121094,39.224998474121094,12224,0.0,0.0
2024-12-12 14:54:00+01:00,39.23500061035156,39.28499984741211,39.23500061035156,39.25,21481,0.0,0.0
2024-12-12 14:55:00+01:00,39.255001068115234,39.275001525878906,39.244998931884766,39.25,4644,0.0,0.0
2024-12-12 14:56:00+01:00,39.255001068115234,39.279998779296875,39.21500015258789,39.21500015258789,18830,0.0,0.0
2024-12-12 14:57:00+01:00,39.220001220703125,39.224998474121094,39.220001220703125,39.224998474121094,1612,0.0,0.0
2024-12-12 14:58:00+01:00,39.23500061035156,39.23500061035156,39.14500045776367,39.150001525878906,58539,0.0,0.0
2024-12-12 14:59:00+01:00,39.14500045776367,39.16999816894531,39.1349983215332,39.15999984741211,15069,0.0,0.0
2024-12-12 15:00:00+01:00,39.15999984741211,39.220001220703125,39.15999984741211,39.20500183105469,11640,0.0,0.0
2024-12-12 15:01:00+01:00,39.20500183105469,39.224998474121094,39.20000076293945,39.224998474121094,15713,0.0,0.0
2024-12-12 15:02:00+01:00,39.21500015258789,39.2400016784668,39.21500015258789,39.22999954223633,15688,0.0,0.0
2024-12-12 15:03:00+01:00,39.22999954223633,39.23500061035156,39.20000076293945,39.22999954223633,10799,0.0,0.0
2024-12-12 15:04:00+01:00,39.23500061035156,39.2400016784668,39.21500015258789,39.220001220703125,5311,0.0,0.0
2024-12-12 15:05:00+01:00,39.224998474121094,39.2400016784668,39.21500015258789,39.224998474121094,11176,0.0,0.0
2024-12-12 15:06:00+01:00,39.224998474121094,39.22999954223633,39.16999816894531,39.16999816894531,14689,0.0,0.0
2024-12-12 15:07:00+01:00,39.16999816894531,39.189998626708984,39.15999984741211,39.18000030517578,7997,0.0,0.0
2024-12-12 15:08:00+01:00,39.17499923706055,39.189998626708984,39.17499923706055,39.189998626708984,1597,0.0,0.0
2024-12-12 15:09:00+01:00,39.20000076293945,39.23500061035156,39.19499969482422,39.22999954223633,6360,0.0,0.0
2024-12-12 15:10:00+01:00,39.22999954223633,39.290000915527344,39.209999084472656,39.244998931884766,29516,0.0,0.0
2024-12-12 15:11:00+01:00,39.2400016784668,39.25,39.209999084472656,39.224998474121094,10255,0.0,0.0
2024-12-12 15:12:00+01:00,39.21500015258789,39.25,39.209999084472656,39.2400016784668,16839,0.0,0.0
2024-12-12 15:13:00+01:00,39.22999954223633,39.22999954223633,39.220001220703125,39.224998474121094,4898,0.0,0.0
2024-12-12 15:14:00+01:00,39.220001220703125,39.220001220703125,39.185001373291016,39.20000076293945,9532,0.0,0.0
2024-12-12 15:15:00+01:00,39.20000076293945,39.20500183105469,39.189998626708984,39.20500183105469,4030,0.0,0.0
2024-12-12 15:16:00+01:00,39.20000076293945,39.20500183105469,39.189998626708984,39.189998626708984,1748,0.0,0.0
2024-12-12 15:17:00+01:00,39.19499969482422,39.20000076293945,39.18000030517578,39.20000076293945,1618,0.0,0.0
2024-12-12 15:18:00+01:00,39.189998626708984,39.224998474121094,39.16999816894531,39.224998474121094,33926,0.0,0.0
2024-12-12 15:19:00+01:00,39.220001220703125,39.224998474121094,39.165000915527344,39.209999084472656,32981,0.0,0.0
2024-12-12 15:20:00+01:00,39.209999084472656,39.220001220703125,39.19499969482422,39.209999084472656,5347,0.0,0.0
2024-12-12 15:21:00+01:00,39.209999084472656,39.224998474121094,39.20500183105469,39.224998474121094,4374,0.0,0.0
2024-12-12 15:22:00+01:00,39.220001220703125,39.220001220703125,39.20000076293945,39.20000076293945,2127,0.0,0.0
2024-12-12 15:23:00+01:00,39.20000076293945,39.209999084472656,39.20000076293945,39.209999084472656,1741,0.0,0.0
2024-12-12 15:24:00+01:00,39.21500015258789,39.220001220703125,39.19499969482422,39.20000076293945,5220,0.0,0.0
2024-12-12 15:25:00+01:00,39.20000076293945,39.209999084472656,39.18000030517578,39.209999084472656,3665,0.0,0.0
2024-12-12 15:26:00+01:00,39.19499969482422,39.20500183105469,39.189998626708984,39.189998626708984,5375,0.0,0.0
2024-12-12 15:27:00+01:00,39.189998626708984,39.224998474121094,39.189998626708984,39.224998474121094,4020,0.0,0.0
2024-12-12 15:28:00+01:00,39.224998474121094,39.22999954223633,39.21500015258789,39.21500015258789,1968,0.0,0.0
2024-12-12 15:29:00+01:00,39.209999084472656,39.224998474121094,39.209999084472656,39.21500015258789,6477,0.0,0.0
2024-12-12 15:30:00+01:00,39.22999954223633,39.275001525878906,39.224998474121094,39.275001525878906,4897,0.0,0.0
2024-12-12 15:31:00+01:00,39.275001525878906,39.28499984741211,39.255001068115234,39.26499938964844,8398,0.0,0.0
2024-12-12 15:32:00+01:00,39.27000045776367,39.29499816894531,39.26499938964844,39.29499816894531,21309,0.0,0.0
2024-12-12 15:33:00+01:00,39.29499816894531,39.32500076293945,39.29499816894531,39.310001373291016,11766,0.0,0.0
2024-12-12 15:34:00+01:00,39.29999923706055,39.29999923706055,39.28499984741211,39.29499816894531,5254,0.0,0.0
2024-12-12 15:35:00+01:00,39.279998779296875,39.310001373291016,39.275001525878906,39.310001373291016,19028,0.0,0.0
2024-12-12 15:36:00+01:00,39.31999969482422,39.369998931884766,39.31999969482422,39.369998931884766,11910,0.0,0.0
2024-12-12 15:37:00+01:00,39.3650016784668,39.38999938964844,39.36000061035156,39.3849983215332,8792,0.0,0.0
2024-12-12 15:38:00+01:00,39.3849983215332,39.39500045776367,39.369998931884766,39.375,24863,0.0,0.0
2024-12-12 15:39:00+01:00,39.3849983215332,39.40999984741211,39.3849983215332,39.39500045776367,15098,0.0,0.0
2024-12-12 15:40:00+01:00,39.3849983215332,39.3849983215332,39.3849983215332,39.3849983215332,0,0.0,0.0
2024-12-12 15:41:00+01:00,39.38999938964844,39.400001525878906,39.38999938964844,39.400001525878906,3945537,0.0,0.0
2024-12-12 15:42:00+01:00,39.400001525878906,39.40999984741211,39.39500045776367,39.404998779296875,12736,0.0,0.0
2024-12-12 15:43:00+01:00,39.404998779296875,39.404998779296875,39.3849983215332,39.404998779296875,16792,0.0,0.0
2024-12-12 15:44:00+01:00,39.404998779296875,39.44499969482422,39.39500045776367,39.439998626708984,49829,0.0,0.0
2024-12-12 15:45:00+01:00,39.439998626708984,39.439998626708984,39.39500045776367,39.39500045776367,4308,0.0,0.0
2024-12-12 15:46:00+01:00,39.39500045776367,39.41999816894531,39.3849983215332,39.40999984741211,7641,0.0,0.0
2024-12-12 15:47:00+01:00,39.41999816894531,39.41999816894531,39.39500045776367,39.39500045776367,12246,0.0,0.0
2024-12-12 15:48:00+01:00,39.415000915527344,39.43000030517578,39.39500045776367,39.415000915527344,26248,0.0,0.0
2024-12-12 15:49:00+01:00,39.404998779296875,39.43000030517578,39.404998779296875,39.42499923706055,10062,0.0,0.0
2024-12-12 15:50:00+01:00,39.41999816894531,39.41999816894531,39.40999984741211,39.40999984741211,3815,0.0,0.0
2024-12-12 15:51:00+01:00,39.415000915527344,39.41999816894531,39.39500045776367,39.41999816894531,6427,0.0,0.0
2024-12-12 15:52:00+01:00,39.415000915527344,39.42499923706055,39.415000915527344,39.415000915527344,3175,0.0,0.0
2024-12-12 15:53:00+01:00,39.41999816894531,39.41999816894531,39.39500045776367,39.39500045776367,4865,0.0,0.0
2024-12-12 15:54:00+01:00,39.38999938964844,39.40999984741211,39.375,39.404998779296875,13861,0.0,0.0
2024-12-12 15:55:00+01:00,39.400001525878906,39.404998779296875,39.38999938964844,39.400001525878906,4409,0.0,0.0
2024-12-12 15:56:00+01:00,39.39500045776367,39.404998779296875,39.3849983215332,39.404998779296875,6015,0.0,0.0
2024-12-12 15:57:00+01:00,39.40999984741211,39.415000915527344,39.400001525878906,39.415000915527344,2964,0.0,0.0
2024-12-12 15:58:00+01:00,39.40999984741211,39.42499923706055,39.404998779296875,39.40999984741211,16399,0.0,0.0
2024-12-12 15:59:00+01:00,39.40999984741211,39.41999816894531,39.40999984741211,39.41999816894531,3983,0.0,0.0
2024-12-12 16:00:00+01:00,39.42499923706055,39.5099983215332,39.40999984741211,39.5,114548,0.0,0.0
2024-12-12 16:01:00+01:00,39.4900016784668,39.4900016784668,39.45000076293945,39.45500183105469,5748,0.0,0.0
2024-12-12 16:02:00+01:00,39.435001373291016,39.435001373291016,39.400001525878906,39.404998779296875,3074,0.0,0.0
2024-12-12 16:03:00+01:00,39.400001525878906,39.415000915527344,39.39500045776367,39.415000915527344,2681,0.0,0.0
2024-12-12 16:04:00+01:00,39.44499969482422,39.45000076293945,39.43000030517578,39.45000076293945,10522,0.0,0.0
2024-12-12 16:05:00+01:00,39.45000076293945,39.45000076293945,39.44499969482422,39.44499969482422,3823,0.0,0.0
2024-12-12 16:06:00+01:00,39.44499969482422,39.45000076293945,39.435001373291016,39.44499969482422,14053,0.0,0.0
2024-12-12 16:07:00+01:00,39.439998626708984,39.45500183105469,39.435001373291016,39.45500183105469,16548,0.0,0.0
2024-12-12 16:08:00+01:00,39.45500183105469,39.459999084472656,39.435001373291016,39.435001373291016,23776,0.0,0.0
2024-12-12 16:09:00+01:00,39.43000030517578,39.44499969482422,39.43000030517578,39.44499969482422,2975,0.0,0.0
2024-12-12 16:10:00+01:00,39.45000076293945,39.45000076293945,39.439998626708984,39.44499969482422,4373,0.0,0.0
2024-12-12 16:11:00+01:00,39.44499969482422,39.45500183105469,39.439998626708984,39.439998626708984,4408,0.0,0.0
2024-12-12 16:12:00+01:00,39.44499969482422,39.45000076293945,39.39500045776367,39.40999984741211,22016,0.0,0.0
2024-12-12 16:13:00+01:00,39.400001525878906,39.415000915527344,39.375,39.415000915527344,25932,0.0,0.0
2024-12-12 16:14:00+01:00,39.42499923706055,39.42499923706055,39.404998779296875,39.404998779296875,6647,0.0,0.0
2024-12-12 16:15:00+01:00,39.415000915527344,39.41999816894531,39.39500045776367,39.40999984741211,14965,0.0,0.0
2024-12-12 16:16:00+01:00,39.40999984741211,39.41999816894531,39.39500045776367,39.41999816894531,6497,0.0,0.0
2024-12-12 16:17:00+01:00,39.415000915527344,39.41999816894531,39.404998779296875,39.404998779296875,6290,0.0,0.0
2024-12-12 16:18:00+01:00,39.404998779296875,39.40999984741211,39.404998779296875,39.40999984741211,1309,0.0,0.0
2024-12-12 16:19:00+01:00,39.404998779296875,39.404998779296875,39.39500045776367,39.404998779296875,1199,0.0,0.0
2024-12-12 16:20:00+01:00,39.39500045776367,39.400001525878906,39.3849983215332,39.400001525878906,4465,0.0,0.0
2024-12-12 16:21:00+01:00,39.39500045776367,39.404998779296875,39.39500045776367,39.404998779296875,3655,0.0,0.0
2024-12-12 16:22:00+01:00,39.40999984741211,39.40999984741211,39.400001525878906,39.400001525878906,9513,0.0,0.0
2024-12-12 16:23:00+01:00,39.39500045776367,39.400001525878906,39.380001068115234,39.380001068115234,15700,0.0,0.0
2024-12-12 16:24:00+01:00,39.3849983215332,39.400001525878906,39.3849983215332,39.3849983215332,10131,0.0,0.0
2024-12-12 16:25:00+01:00,39.3849983215332,39.404998779296875,39.369998931884766,39.40250015258789,6526,0.0,0.0
2024-12-12 16:26:00+01:00,39.40999984741211,39.40999984741211,39.400001525878906,39.400001525878906,2757,0.0,0.0
2024-12-12 16:27:00+01:00,39.39500045776367,39.400001525878906,39.3849983215332,39.400001525878906,5377,0.0,0.0
2024-12-12 16:28:00+01:00,39.39500045776367,39.40999984741211,39.39500045776367,39.40999984741211,13809,0.0,0.0
2024-12-12 16:29:00+01:00,39.415000915527344,39.41999816894531,39.400001525878906,39.400001525878906,11878,0.0,0.0
2024-12-12 16:30:00+01:00,39.400001525878906,39.400001525878906,39.38999938964844,39.38999938964844,3587,0.0,0.0
2024-12-12 16:31:00+01:00,39.38999938964844,39.400001525878906,39.38999938964844,39.39500045776367,4566,0.0,0.0
2024-12-12 16:32:00+01:00,39.39500045776367,39.404998779296875,39.38999938964844,39.404998779296875,13376,0.0,0.0
2024-12-12 16:33:00+01:00,39.404998779296875,39.40999984741211,39.3849983215332,39.39500045776367,23743,0.0,0.0
2024-12-12 16:34:00+01:00,39.404998779296875,39.415000915527344,39.400001525878906,39.415000915527344,12401,0.0,0.0
2024-12-12 16:35:00+01:00,39.40999984741211,39.40999984741211,39.349998474121094,39.349998474121094,11133,0.0,0.0
2024-12-12 16:36:00+01:00,39.35499954223633,39.3650016784668,39.334999084472656,39.35499954223633,8290,0.0,0.0
2024-12-12 16:37:00+01:00,39.345001220703125,39.345001220703125,39.314998626708984,39.314998626708984,18699,0.0,0.0
2024-12-12 16:38:00+01:00,39.31999969482422,39.369998931884766,39.314998626708984,39.369998931884766,5462,0.0,0.0
2024-12-12 16:39:00+01:00,39.369998931884766,39.38999938964844,39.369998931884766,39.38999938964844,4629,0.0,0.0
2024-12-12 16:40:00+01:00,39.38999938964844,39.400001525878906,39.3849983215332,39.38999938964844,9747,0.0,0.0
2024-12-12 16:41:00+01:00,39.38999938964844,39.39500045776367,39.3849983215332,39.3849983215332,2338,0.0,0.0
2024-12-12 16:42:00+01:00,39.3849983215332,39.3849983215332,39.36000061035156,39.369998931884766,11124,0.0,0.0
2024-12-12 16:43:00+01:00,39.375,39.38999938964844,39.375,39.3849983215332,5153,0.0,0.0
2024-12-12 16:44:00+01:00,39.38999938964844,39.38999938964844,39.369998931884766,39.3849983215332,6844,0.0,0.0
2024-12-12 16:45:00+01:00,39.3849983215332,39.38999938964844,39.3650016784668,39.369998931884766,10317,0.0,0.0
2024-12-12 16:46:00+01:00,39.369998931884766,39.369998931884766,39.35499954223633,39.3650016784668,4671,0.0,0.0
2024-12-12 16:47:00+01:00,39.3650016784668,39.375,39.3650016784668,39.375,7426,0.0,0.0
2024-12-12 16:48:00+01:00,39.375,39.375,39.36000061035156,39.3650016784668,7631,0.0,0.0
2024-12-12 16:49:00+01:00,39.36000061035156,39.36000061035156,39.34000015258789,39.345001220703125,11443,0.0,0.0
2024-12-12 16:50:00+01:00,39.34000015258789,39.34000015258789,39.29999923706055,39.31999969482422,7300,0.0,0.0
2024-12-12 16:51:00+01:00,39.314998626708984,39.31999969482422,39.30500030517578,39.31999969482422,5373,0.0,0.0
2024-12-12 16:52:00+01:00,39.31999969482422,39.31999969482422,39.275001525878906,39.290000915527344,18668,0.0,0.0
2024-12-12 16:53:00+01:00,39.290000915527344,39.34000015258789,39.290000915527344,39.34000015258789,13300,0.0,0.0
2024-12-12 16:54:00+01:00,39.34000015258789,39.345001220703125,39.32500076293945,39.334999084472656,10340,0.0,0.0
2024-12-12 16:55:00+01:00,39.34000015258789,39.349998474121094,39.33000183105469,39.33000183105469,6679,0.0,0.0
2024-12-12 16:56:00+01:00,39.33000183105469,39.345001220703125,39.33000183105469,39.345001220703125,4486,0.0,0.0
2024-12-12 16:57:00+01:00,39.34000015258789,39.345001220703125,39.32500076293945,39.33000183105469,4759,0.0,0.0
2024-12-12 17:00:00+01:00,39.32500076293945,39.32500076293945,39.29999923706055,39.29999923706055,27875,0.0,0.0
2024-12-12 17:01:00+01:00,39.29999923706055,39.34000015258789,39.29999923706055,39.34000015258789,9004,0.0,0.0
2024-12-12 17:02:00+01:00,39.349998474121094,39.3650016784668,39.345001220703125,39.36000061035156,12843,0.0,0.0
2024-12-12 17:03:00+01:00,39.35499954223633,39.36000061035156,39.345001220703125,39.349998474121094,6286,0.0,0.0
2024-12-12 17:04:00+01:00,39.345001220703125,39.3650016784668,39.345001220703125,39.345001220703125,6994,0.0,0.0
2024-12-12 17:05:00+01:00,39.35499954223633,39.35499954223633,39.34000015258789,39.345001220703125,3636,0.0,0.0
2024-12-12 17:06:00+01:00,39.345001220703125,39.35499954223633,39.34000015258789,39.349998474121094,6101,0.0,0.0
2024-12-12 17:07:00+01:00,39.345001220703125,39.35499954223633,39.334999084472656,39.349998474121094,4832,0.0,0.0
2024-12-12 17:08:00+01:00,39.35499954223633,39.380001068115234,39.35499954223633,39.380001068115234,13127,0.0,0.0
2024-12-12 17:09:00+01:00,39.375,39.375,39.345001220703125,39.349998474121094,9292,0.0,0.0
2024-12-12 17:10:00+01:00,39.35499954223633,39.3650016784668,39.349998474121094,39.349998474121094,5100,0.0,0.0
2024-12-12 17:11:00+01:00,39.345001220703125,39.349998474121094,39.29999923706055,39.30500030517578,15975,0.0,0.0
2024-12-12 17:12:00+01:00,39.310001373291016,39.31999969482422,39.29499816894531,39.31999969482422,37968,0.0,0.0
2024-12-12 17:13:00+01:00,39.31999969482422,39.31999969482422,39.29499816894531,39.29999923706055,38065,0.0,0.0
2024-12-12 17:14:00+01:00,39.30500030517578,39.314998626708984,39.29499816894531,39.30500030517578,15339,0.0,0.0
2024-12-12 17:15:00+01:00,39.30500030517578,39.310001373291016,39.29499816894531,39.30500030517578,8203,0.0,0.0
2024-12-12 17:16:00+01:00,39.30500030517578,39.310001373291016,39.29499816894531,39.29499816894531,5935,0.0,0.0
2024-12-12 17:17:00+01:00,39.29999923706055,39.314998626708984,39.29499816894531,39.30500030517578,11375,0.0,0.0
2024-12-12 17:18:00+01:00,39.30500030517578,39.30500030517578,39.29999923706055,39.29999923706055,4781,0.0,0.0
2024-12-12 17:19:00+01:00,39.30500030517578,39.310001373291016,39.29999923706055,39.30500030517578,13028,0.0,0.0
2024-12-12 17:20:00+01:00,39.30500030517578,39.31999969482422,39.29999923706055,39.29999923706055,11577,0.0,0.0
2024-12-12 17:21:00+01:00,39.29999923706055,39.310001373291016,39.29499816894531,39.30500030517578,11033,0.0,0.0
2024-12-12 17:22:00+01:00,39.30500030517578,39.310001373291016,39.29999923706055,39.30500030517578,5227,0.0,0.0
2024-12-12 17:23:00+01:00,39.310001373291016,39.314998626708984,39.307498931884766,39.310001373291016,5289,0.0,0.0
2024-12-12 17:24:00+01:00,39.30500030517578,39.30500030517578,39.22999954223633,39.25,63325,0.0,0.0
2024-12-12 17:25:00+01:00,39.25,39.2599983215332,39.23500061035156,39.255001068115234,18467,0.0,0.0
2024-12-12 17:26:00+01:00,39.2599983215332,39.272499084472656,39.2599983215332,39.26499938964844,8918,0.0,0.0
2024-12-12 17:27:00+01:00,39.26499938964844,39.27000045776367,39.255001068115234,39.2599983215332,14983,0.0,0.0
2024-12-12 17:28:00+01:00,39.2599983215332,39.28499984741211,39.2599983215332,39.28499984741211,32260,0.0,0.0
2024-12-12 17:29:00+01:00,39.28499984741211,39.29499816894531,39.27000045776367,39.279998779296875,23728,0.0,0.0
