time,Open,High,Low,Close,Volume,Dividends,Stock Splits
2024-12-17 09:00:00+01:00,38.69499969482422,38.755001068115234,38.665000915527344,38.71500015258789,0,0.0,0.0
2024-12-17 09:01:00+01:00,38.72999954223633,38.814998626708984,38.72999954223633,38.814998626708984,11897,0.0,0.0
2024-12-17 09:02:00+01:00,38.790000915527344,38.86000061035156,38.775001525878906,38.84000015258789,32724,0.0,0.0
2024-12-17 09:03:00+01:00,38.834999084472656,38.8650016784668,38.82500076293945,38.834999084472656,28651,0.0,0.0
2024-12-17 09:04:00+01:00,38.85499954223633,38.85499954223633,38.755001068115234,38.755001068115234,28886,0.0,0.0
2024-12-17 09:05:00+01:00,38.75,38.755001068115234,38.689998626708984,38.69499969482422,16044,0.0,0.0
2024-12-17 09:06:00+01:00,38.69499969482422,38.69499969482422,38.6349983215332,38.63999938964844,18712,0.0,0.0
2024-12-17 09:07:00+01:00,38.63999938964844,38.65999984741211,38.599998474121094,38.65999984741211,25381,0.0,0.0
2024-12-17 09:08:00+01:00,38.654998779296875,38.69499969482422,38.654998779296875,38.685001373291016,3281,0.0,0.0
2024-12-17 09:09:00+01:00,38.67499923706055,38.72999954223633,38.665000915527344,38.724998474121094,22919,0.0,0.0
2024-12-17 09:10:00+01:00,38.709999084472656,38.72999954223633,38.70500183105469,38.70500183105469,3731,0.0,0.0
2024-12-17 09:11:00+01:00,38.709999084472656,38.755001068115234,38.709999084472656,38.755001068115234,7190,0.0,0.0
2024-12-17 09:12:00+01:00,38.7400016784668,38.77000045776367,38.72999954223633,38.77000045776367,5814,0.0,0.0
2024-12-17 09:13:00+01:00,38.76499938964844,38.79499816894531,38.76499938964844,38.76499938964844,18076,0.0,0.0
2024-12-17 09:14:00+01:00,38.77000045776367,38.814998626708984,38.77000045776367,38.814998626708984,16657,0.0,0.0
2024-12-17 09:15:00+01:00,38.810001373291016,38.85499954223633,38.810001373291016,38.85499954223633,3892,0.0,0.0
2024-12-17 09:16:00+01:00,38.85499954223633,38.86000061035156,38.84000015258789,38.84000015258789,12209,0.0,0.0
2024-12-17 09:17:00+01:00,38.845001220703125,38.8650016784668,38.814998626708984,38.814998626708984,20409,0.0,0.0
2024-12-17 09:18:00+01:00,38.814998626708984,38.834999084472656,38.810001373291016,38.834999084472656,3385,0.0,0.0
2024-12-17 09:19:00+01:00,38.83000183105469,38.83000183105469,38.78499984741211,38.790000915527344,2303,0.0,0.0
2024-12-17 09:20:00+01:00,38.790000915527344,38.83000183105469,38.790000915527344,38.83000183105469,5230,0.0,0.0
2024-12-17 09:21:00+01:00,38.814998626708984,38.814998626708984,38.79499816894531,38.79499816894531,929,0.0,0.0
2024-12-17 09:22:00+01:00,38.790000915527344,38.790000915527344,38.755001068115234,38.77000045776367,3771,0.0,0.0
2024-12-17 09:23:00+01:00,38.76499938964844,38.77000045776367,38.76499938964844,38.77000045776367,659,0.0,0.0
2024-12-17 09:24:00+01:00,38.755001068115234,38.755001068115234,38.72999954223633,38.7400016784668,6031,0.0,0.0
2024-12-17 09:25:00+01:00,38.7400016784668,38.744998931884766,38.71500015258789,38.724998474121094,4874,0.0,0.0
2024-12-17 09:26:00+01:00,38.724998474121094,38.724998474121094,38.66999816894531,38.66999816894531,18131,0.0,0.0
2024-12-17 09:27:00+01:00,38.65999984741211,38.75,38.65999984741211,38.7400016784668,55128,0.0,0.0
2024-12-17 09:28:00+01:00,38.73500061035156,38.7599983215332,38.73500061035156,38.75,2034,0.0,0.0
2024-12-17 09:29:00+01:00,38.7599983215332,38.79499816894531,38.7599983215332,38.79499816894531,11089,0.0,0.0
2024-12-17 09:30:00+01:00,38.79999923706055,38.79999923706055,38.720001220703125,38.720001220703125,20625,0.0,0.0
2024-12-17 09:31:00+01:00,38.71500015258789,38.71500015258789,38.64500045776367,38.689998626708984,36329,0.0,0.0
2024-12-17 09:32:00+01:00,38.689998626708984,38.70000076293945,38.67499923706055,38.68000030517578,5198,0.0,0.0
2024-12-17 09:33:00+01:00,38.68000030517578,38.68000030517578,38.63999938964844,38.63999938964844,5727,0.0,0.0
2024-12-17 09:34:00+01:00,38.6349983215332,38.6349983215332,38.57500076293945,38.59000015258789,50730,0.0,0.0
2024-12-17 09:35:00+01:00,38.60499954223633,38.60499954223633,38.57500076293945,38.60499954223633,10440,0.0,0.0
2024-12-17 09:36:00+01:00,38.60499954223633,38.654998779296875,38.599998474121094,38.654998779296875,9995,0.0,0.0
2024-12-17 09:37:00+01:00,38.665000915527344,38.685001373291016,38.65999984741211,38.68000030517578,12904,0.0,0.0
2024-12-17 09:38:00+01:00,38.665000915527344,38.67499923706055,38.654998779296875,38.665000915527344,3537,0.0,0.0
2024-12-17 09:39:00+01:00,38.665000915527344,38.665000915527344,38.65999984741211,38.65999984741211,221,0.0,0.0
2024-12-17 09:40:00+01:00,38.66999816894531,38.70000076293945,38.66999816894531,38.70000076293945,22760,0.0,0.0
2024-12-17 09:41:00+01:00,38.70000076293945,38.709999084472656,38.69499969482422,38.70500183105469,6586,0.0,0.0
2024-12-17 09:42:00+01:00,38.71500015258789,38.71500015258789,38.665000915527344,38.665000915527344,1110,0.0,0.0
2024-12-17 09:43:00+01:00,38.665000915527344,38.68000030517578,38.650001525878906,38.650001525878906,1730,0.0,0.0
2024-12-17 09:44:00+01:00,38.654998779296875,38.66999816894531,38.654998779296875,38.665000915527344,379,0.0,0.0
2024-12-17 09:45:00+01:00,38.66999816894531,38.67499923706055,38.65999984741211,38.65999984741211,2238,0.0,0.0
2024-12-17 09:46:00+01:00,38.66999816894531,38.689998626708984,38.665000915527344,38.665000915527344,5847,0.0,0.0
2024-12-17 09:47:00+01:00,38.65999984741211,38.665000915527344,38.65999984741211,38.665000915527344,1594,0.0,0.0
2024-12-17 09:48:00+01:00,38.66999816894531,38.66999816894531,38.665000915527344,38.66999816894531,1022,0.0,0.0
2024-12-17 09:49:00+01:00,38.665000915527344,38.689998626708984,38.665000915527344,38.685001373291016,8723,0.0,0.0
2024-12-17 09:50:00+01:00,38.68000030517578,38.689998626708984,38.67499923706055,38.685001373291016,1395,0.0,0.0
2024-12-17 09:51:00+01:00,38.689998626708984,38.689998626708984,38.66999816894531,38.66999816894531,6643,0.0,0.0
2024-12-17 09:52:00+01:00,38.68000030517578,38.689998626708984,38.665000915527344,38.66999816894531,5961,0.0,0.0
2024-12-17 09:53:00+01:00,38.66999816894531,38.689998626708984,38.665000915527344,38.68000030517578,1907,0.0,0.0
2024-12-17 09:54:00+01:00,38.68000030517578,38.68000030517578,38.66999816894531,38.67499923706055,3735,0.0,0.0
2024-12-17 09:55:00+01:00,38.685001373291016,38.689998626708984,38.68000030517578,38.685001373291016,865,0.0,0.0
2024-12-17 09:56:00+01:00,38.70000076293945,38.72999954223633,38.69499969482422,38.72999954223633,8909,0.0,0.0
2024-12-17 09:57:00+01:00,38.724998474121094,38.724998474121094,38.70500183105469,38.720001220703125,15615,0.0,0.0
2024-12-17 09:58:00+01:00,38.720001220703125,38.720001220703125,38.71500015258789,38.71500015258789,861,0.0,0.0
2024-12-17 09:59:00+01:00,38.71500015258789,38.71500015258789,38.709999084472656,38.709999084472656,766,0.0,0.0
2024-12-17 10:00:00+01:00,38.70000076293945,38.70000076293945,38.685001373291016,38.69499969482422,4722,0.0,0.0
2024-12-17 10:01:00+01:00,38.689998626708984,38.689998626708984,38.65999984741211,38.665000915527344,11180,0.0,0.0
2024-12-17 10:02:00+01:00,38.67499923706055,38.68000030517578,38.654998779296875,38.654998779296875,5942,0.0,0.0
2024-12-17 10:03:00+01:00,38.654998779296875,38.709999084472656,38.63999938964844,38.709999084472656,13508,0.0,0.0
2024-12-17 10:04:00+01:00,38.71500015258789,38.724998474121094,38.70500183105469,38.70500183105469,1330,0.0,0.0
2024-12-17 10:05:00+01:00,38.724998474121094,38.724998474121094,38.69499969482422,38.69499969482422,1213,0.0,0.0
2024-12-17 10:06:00+01:00,38.70500183105469,38.70500183105469,38.67499923706055,38.67499923706055,2506,0.0,0.0
2024-12-17 10:07:00+01:00,38.665000915527344,38.66999816894531,38.65999984741211,38.66999816894531,1666,0.0,0.0
2024-12-17 10:08:00+01:00,38.66999816894531,38.709999084472656,38.66999816894531,38.69499969482422,4166,0.0,0.0
2024-12-17 10:09:00+01:00,38.69499969482422,38.70000076293945,38.67499923706055,38.685001373291016,6454,0.0,0.0
2024-12-17 10:10:00+01:00,38.685001373291016,38.70000076293945,38.68000030517578,38.68000030517578,5961,0.0,0.0
2024-12-17 10:11:00+01:00,38.69499969482422,38.69499969482422,38.65999984741211,38.65999984741211,937,0.0,0.0
2024-12-17 10:12:00+01:00,38.66999816894531,38.68000030517578,38.665000915527344,38.665000915527344,559,0.0,0.0
2024-12-17 10:13:00+01:00,38.665000915527344,38.665000915527344,38.625,38.625,9367,0.0,0.0
2024-12-17 10:14:00+01:00,38.619998931884766,38.619998931884766,38.6150016784668,38.6150016784668,300,0.0,0.0
2024-12-17 10:15:00+01:00,38.630001068115234,38.63999938964844,38.630001068115234,38.6349983215332,6552,0.0,0.0
2024-12-17 10:16:00+01:00,38.6349983215332,38.63999938964844,38.6150016784668,38.6150016784668,1397,0.0,0.0
2024-12-17 10:17:00+01:00,38.625,38.630001068115234,38.619998931884766,38.619998931884766,845,0.0,0.0
2024-12-17 10:18:00+01:00,38.619998931884766,38.619998931884766,38.6150016784668,38.6150016784668,1941,0.0,0.0
2024-12-17 10:19:00+01:00,38.619998931884766,38.6349983215332,38.61000061035156,38.630001068115234,6811,0.0,0.0
2024-12-17 10:20:00+01:00,38.619998931884766,38.625,38.595001220703125,38.599998474121094,11219,0.0,0.0
2024-12-17 10:21:00+01:00,38.599998474121094,38.599998474121094,38.54499816894531,38.54499816894531,17936,0.0,0.0
2024-12-17 10:22:00+01:00,38.54499816894531,38.55500030517578,38.54499816894531,38.54499816894531,4510,0.0,0.0
2024-12-17 10:23:00+01:00,38.54999923706055,38.56999969482422,38.54999923706055,38.54999923706055,3979,0.0,0.0
2024-12-17 10:24:00+01:00,38.55500030517578,38.564998626708984,38.53499984741211,38.540000915527344,10054,0.0,0.0
2024-12-17 10:25:00+01:00,38.53499984741211,38.54499816894531,38.525001525878906,38.53499984741211,17516,0.0,0.0
2024-12-17 10:26:00+01:00,38.540000915527344,38.54499816894531,38.53499984741211,38.53499984741211,1064,0.0,0.0
2024-12-17 10:27:00+01:00,38.529998779296875,38.529998779296875,38.52000045776367,38.52000045776367,12611,0.0,0.0
2024-12-17 10:28:00+01:00,38.525001525878906,38.529998779296875,38.51499938964844,38.52000045776367,10799,0.0,0.0
2024-12-17 10:29:00+01:00,38.51499938964844,38.51499938964844,38.47999954223633,38.5099983215332,39083,0.0,0.0
2024-12-17 10:30:00+01:00,38.5099983215332,38.5099983215332,38.494998931884766,38.494998931884766,2004,0.0,0.0
2024-12-17 10:31:00+01:00,38.5,38.51499938964844,38.5,38.51499938964844,4627,0.0,0.0
2024-12-17 10:32:00+01:00,38.51499938964844,38.52000045776367,38.5099983215332,38.5099983215332,2144,0.0,0.0
2024-12-17 10:33:00+01:00,38.51499938964844,38.51499938964844,38.5,38.5,1741,0.0,0.0
2024-12-17 10:34:00+01:00,38.494998931884766,38.494998931884766,38.459999084472656,38.470001220703125,11249,0.0,0.0
2024-12-17 10:35:00+01:00,38.46500015258789,38.46500015258789,38.43000030517578,38.435001373291016,12626,0.0,0.0
2024-12-17 10:36:00+01:00,38.435001373291016,38.44499969482422,38.43000030517578,38.439998626708984,4869,0.0,0.0
2024-12-17 10:37:00+01:00,38.439998626708984,38.44499969482422,38.43000030517578,38.43000030517578,4667,0.0,0.0
2024-12-17 10:38:00+01:00,38.43000030517578,38.45000076293945,38.40999984741211,38.45000076293945,8212,0.0,0.0
2024-12-17 10:39:00+01:00,38.44499969482422,38.44499969482422,38.41999816894531,38.41999816894531,3071,0.0,0.0
2024-12-17 10:40:00+01:00,38.42499923706055,38.42499923706055,38.38999938964844,38.38999938964844,12373,0.0,0.0
2024-12-17 10:41:00+01:00,38.380001068115234,38.42499923706055,38.36000061035156,38.41999816894531,16930,0.0,0.0
2024-12-17 10:42:00+01:00,38.415000915527344,38.415000915527344,38.3849983215332,38.400001525878906,7347,0.0,0.0
2024-12-17 10:43:00+01:00,38.400001525878906,38.41999816894531,38.400001525878906,38.404998779296875,3952,0.0,0.0
2024-12-17 10:44:00+01:00,38.404998779296875,38.40999984741211,38.404998779296875,38.40999984741211,926,0.0,0.0
2024-12-17 10:45:00+01:00,38.40999984741211,38.42499923706055,38.40999984741211,38.41999816894531,3504,0.0,0.0
2024-12-17 10:46:00+01:00,38.43000030517578,38.45000076293945,38.400001525878906,38.44499969482422,22765,0.0,0.0
2024-12-17 10:47:00+01:00,38.44499969482422,38.45500183105469,38.42499923706055,38.42499923706055,6613,0.0,0.0
2024-12-17 10:48:00+01:00,38.435001373291016,38.459999084472656,38.42499923706055,38.459999084472656,3002,0.0,0.0
2024-12-17 10:50:00+01:00,38.44499969482422,38.459999084472656,38.439998626708984,38.439998626708984,10810,0.0,0.0
2024-12-17 10:51:00+01:00,38.43000030517578,38.439998626708984,38.42499923706055,38.435001373291016,2858,0.0,0.0
2024-12-17 10:52:00+01:00,38.42499923706055,38.44499969482422,38.42499923706055,38.435001373291016,1467,0.0,0.0
2024-12-17 10:53:00+01:00,38.43000030517578,38.439998626708984,38.41999816894531,38.41999816894531,2670,0.0,0.0
2024-12-17 10:54:00+01:00,38.40999984741211,38.439998626708984,38.40999984741211,38.439998626708984,4699,0.0,0.0
2024-12-17 10:55:00+01:00,38.439998626708984,38.44499969482422,38.42499923706055,38.42499923706055,4462,0.0,0.0
2024-12-17 10:56:00+01:00,38.43000030517578,38.439998626708984,38.41999816894531,38.435001373291016,4316,0.0,0.0
2024-12-17 10:57:00+01:00,38.435001373291016,38.439998626708984,38.43000030517578,38.439998626708984,2000,0.0,0.0
2024-12-17 10:58:00+01:00,38.439998626708984,38.44499969482422,38.439998626708984,38.44499969482422,2034,0.0,0.0
2024-12-17 10:59:00+01:00,38.439998626708984,38.45000076293945,38.435001373291016,38.439998626708984,23671,0.0,0.0
2024-12-17 11:00:00+01:00,38.44499969482422,38.48500061035156,38.44499969482422,38.46500015258789,8762,0.0,0.0
2024-12-17 11:01:00+01:00,38.459999084472656,38.470001220703125,38.45500183105469,38.45500183105469,1294,0.0,0.0
2024-12-17 11:02:00+01:00,38.45000076293945,38.459999084472656,38.40999984741211,38.42499923706055,13754,0.0,0.0
2024-12-17 11:03:00+01:00,38.404998779296875,38.415000915527344,38.3849983215332,38.39500045776367,12860,0.0,0.0
2024-12-17 11:04:00+01:00,38.39500045776367,38.400001525878906,38.349998474121094,38.3849983215332,19808,0.0,0.0
2024-12-17 11:05:00+01:00,38.38999938964844,38.38999938964844,38.375,38.38999938964844,1615,0.0,0.0
2024-12-17 11:06:00+01:00,38.3849983215332,38.38999938964844,38.3849983215332,38.38999938964844,736,0.0,0.0
2024-12-17 11:07:00+01:00,38.380001068115234,38.380001068115234,38.35499954223633,38.35499954223633,8458,0.0,0.0
2024-12-17 11:08:00+01:00,38.349998474121094,38.349998474121094,38.290000915527344,38.30500030517578,20525,0.0,0.0
2024-12-17 11:09:00+01:00,38.30500030517578,38.35499954223633,38.30500030517578,38.345001220703125,8014,0.0,0.0
2024-12-17 11:10:00+01:00,38.349998474121094,38.349998474121094,38.290000915527344,38.29999923706055,9050,0.0,0.0
2024-12-17 11:11:00+01:00,38.310001373291016,38.32500076293945,38.310001373291016,38.31999969482422,9698,0.0,0.0
2024-12-17 11:12:00+01:00,38.32500076293945,38.32500076293945,38.275001525878906,38.29999923706055,18021,0.0,0.0
2024-12-17 11:13:00+01:00,38.30500030517578,38.30500030517578,38.29999923706055,38.30500030517578,2397,0.0,0.0
2024-12-17 11:14:00+01:00,38.29999923706055,38.29999923706055,38.275001525878906,38.28499984741211,9747,0.0,0.0
2024-12-17 11:15:00+01:00,38.275001525878906,38.334999084472656,38.255001068115234,38.314998626708984,35042,0.0,0.0
2024-12-17 11:16:00+01:00,38.33000183105469,38.33000183105469,38.314998626708984,38.33000183105469,7466,0.0,0.0
2024-12-17 11:17:00+01:00,38.334999084472656,38.34000015258789,38.32500076293945,38.32500076293945,5323,0.0,0.0
2024-12-17 11:18:00+01:00,38.33000183105469,38.34000015258789,38.310001373291016,38.314998626708984,7304,0.0,0.0
2024-12-17 11:19:00+01:00,38.314998626708984,38.31999969482422,38.275001525878906,38.29999923706055,9426,0.0,0.0
2024-12-17 11:20:00+01:00,38.29999923706055,38.30500030517578,38.29999923706055,38.30500030517578,3660,0.0,0.0
2024-12-17 11:21:00+01:00,38.30500030517578,38.310001373291016,38.30500030517578,38.30500030517578,3883,0.0,0.0
2024-12-17 11:22:00+01:00,38.29999923706055,38.314998626708984,38.29999923706055,38.314998626708984,5716,0.0,0.0
2024-12-17 11:23:00+01:00,38.314998626708984,38.32500076293945,38.314998626708984,38.31999969482422,4535,0.0,0.0
2024-12-17 11:24:00+01:00,38.314998626708984,38.33000183105469,38.314998626708984,38.31999969482422,4810,0.0,0.0
2024-12-17 11:25:00+01:00,38.31999969482422,38.31999969482422,38.310001373291016,38.310001373291016,1545,0.0,0.0
2024-12-17 11:26:00+01:00,38.314998626708984,38.314998626708984,38.30500030517578,38.30500030517578,2066,0.0,0.0
2024-12-17 11:27:00+01:00,38.310001373291016,38.310001373291016,38.29999923706055,38.29999923706055,195,0.0,0.0
2024-12-17 11:28:00+01:00,38.310001373291016,38.310001373291016,38.30500030517578,38.310001373291016,3943,0.0,0.0
2024-12-17 11:29:00+01:00,38.314998626708984,38.32500076293945,38.29999923706055,38.314998626708984,7603,0.0,0.0
2024-12-17 11:30:00+01:00,38.32500076293945,38.34000015258789,38.32500076293945,38.334999084472656,2445,0.0,0.0
2024-12-17 11:31:00+01:00,38.334999084472656,38.34000015258789,38.32500076293945,38.32500076293945,7999,0.0,0.0
2024-12-17 11:32:00+01:00,38.32500076293945,38.349998474121094,38.32500076293945,38.34000015258789,11504,0.0,0.0
2024-12-17 11:33:00+01:00,38.349998474121094,38.349998474121094,38.34000015258789,38.349998474121094,7559,0.0,0.0
2024-12-17 11:34:00+01:00,38.349998474121094,38.349998474121094,38.349998474121094,38.349998474121094,343,0.0,0.0
2024-12-17 11:35:00+01:00,38.349998474121094,38.400001525878906,38.349998474121094,38.36000061035156,12051,0.0,0.0
2024-12-17 11:36:00+01:00,38.36000061035156,38.36000061035156,38.349998474121094,38.35499954223633,9929,0.0,0.0
2024-12-17 11:37:00+01:00,38.349998474121094,38.35499954223633,38.349998474121094,38.35499954223633,8743,0.0,0.0
2024-12-17 11:38:00+01:00,38.349998474121094,38.349998474121094,38.33000183105469,38.34000015258789,11429,0.0,0.0
2024-12-17 11:39:00+01:00,38.34000015258789,38.345001220703125,38.31999969482422,38.334999084472656,21385,0.0,0.0
2024-12-17 11:40:00+01:00,38.33000183105469,38.349998474121094,38.33000183105469,38.345001220703125,3758,0.0,0.0
2024-12-17 11:41:00+01:00,38.345001220703125,38.36000061035156,38.345001220703125,38.36000061035156,6991,0.0,0.0
2024-12-17 11:42:00+01:00,38.36000061035156,38.369998931884766,38.36000061035156,38.369998931884766,1307,0.0,0.0
2024-12-17 11:43:00+01:00,38.380001068115234,38.380001068115234,38.369998931884766,38.369998931884766,8155,0.0,0.0
2024-12-17 11:44:00+01:00,38.3650016784668,38.375,38.3650016784668,38.3650016784668,6869,0.0,0.0
2024-12-17 11:45:00+01:00,38.369998931884766,38.380001068115234,38.3650016784668,38.3650016784668,2005,0.0,0.0
2024-12-17 11:46:00+01:00,38.36000061035156,38.36000061035156,38.33000183105469,38.33000183105469,27801,0.0,0.0
2024-12-17 11:47:00+01:00,38.34000015258789,38.34000015258789,38.32500076293945,38.33000183105469,15143,0.0,0.0
2024-12-17 11:48:00+01:00,38.33000183105469,38.33000183105469,38.29999923706055,38.29999923706055,20199,0.0,0.0
2024-12-17 11:49:00+01:00,38.314998626708984,38.314998626708984,38.314998626708984,38.314998626708984,212,0.0,0.0
2024-12-17 11:50:00+01:00,38.31999969482422,38.32500076293945,38.30500030517578,38.314998626708984,10864,0.0,0.0
2024-12-17 11:51:00+01:00,38.31999969482422,38.32500076293945,38.31999969482422,38.31999969482422,2284,0.0,0.0
2024-12-17 11:52:00+01:00,38.31999969482422,38.31999969482422,38.29499816894531,38.29499816894531,4172,0.0,0.0
2024-12-17 11:53:00+01:00,38.29999923706055,38.3650016784668,38.29999923706055,38.36000061035156,18133,0.0,0.0
2024-12-17 11:54:00+01:00,38.36000061035156,38.380001068115234,38.33000183105469,38.345001220703125,7227,0.0,0.0
2024-12-17 11:55:00+01:00,38.345001220703125,38.349998474121094,38.33000183105469,38.334999084472656,3274,0.0,0.0
2024-12-17 11:56:00+01:00,38.34000015258789,38.345001220703125,38.33000183105469,38.345001220703125,3179,0.0,0.0
2024-12-17 11:57:00+01:00,38.34000015258789,38.34000015258789,38.34000015258789,38.34000015258789,686,0.0,0.0
2024-12-17 11:58:00+01:00,38.345001220703125,38.345001220703125,38.33000183105469,38.34000015258789,1480,0.0,0.0
2024-12-17 11:59:00+01:00,38.34000015258789,38.34000015258789,38.32500076293945,38.32500076293945,5817,0.0,0.0
2024-12-17 12:00:00+01:00,38.32500076293945,38.32500076293945,38.31999969482422,38.31999969482422,264,0.0,0.0
2024-12-17 12:01:00+01:00,38.31999969482422,38.31999969482422,38.29499816894531,38.29999923706055,14102,0.0,0.0
2024-12-17 12:02:00+01:00,38.29499816894531,38.30500030517578,38.275001525878906,38.290000915527344,15578,0.0,0.0
2024-12-17 12:03:00+01:00,38.29499816894531,38.29499816894531,38.275001525878906,38.275001525878906,4308,0.0,0.0
2024-12-17 12:04:00+01:00,38.279998779296875,38.290000915527344,38.275001525878906,38.28499984741211,9657,0.0,0.0
2024-12-17 12:05:00+01:00,38.290000915527344,38.29999923706055,38.279998779296875,38.29999923706055,4891,0.0,0.0
2024-12-17 12:06:00+01:00,38.29999923706055,38.29999923706055,38.29999923706055,38.29999923706055,754,0.0,0.0
2024-12-17 12:07:00+01:00,38.29999923706055,38.30500030517578,38.29499816894531,38.29499816894531,2021,0.0,0.0
2024-12-17 12:08:00+01:00,38.290000915527344,38.29999923706055,38.290000915527344,38.29999923706055,1050,0.0,0.0
2024-12-17 12:09:00+01:00,38.30500030517578,38.310001373291016,38.29499816894531,38.29999923706055,4344,0.0,0.0
2024-12-17 12:10:00+01:00,38.29499816894531,38.29999923706055,38.28499984741211,38.290000915527344,5794,0.0,0.0
2024-12-17 12:11:00+01:00,38.29499816894531,38.29999923706055,38.279998779296875,38.28499984741211,10163,0.0,0.0
2024-12-17 12:12:00+01:00,38.290000915527344,38.310001373291016,38.290000915527344,38.29999923706055,2425,0.0,0.0
2024-12-17 12:13:00+01:00,38.310001373291016,38.310001373291016,38.29999923706055,38.29999923706055,945,0.0,0.0
2024-12-17 12:14:00+01:00,38.30500030517578,38.310001373291016,38.29999923706055,38.29999923706055,1700,0.0,0.0
2024-12-17 12:15:00+01:00,38.29999923706055,38.30500030517578,38.29999923706055,38.29999923706055,1102,0.0,0.0
2024-12-17 12:16:00+01:00,38.29499816894531,38.310001373291016,38.290000915527344,38.29999923706055,2612,0.0,0.0
2024-12-17 12:17:00+01:00,38.29499816894531,38.29499816894531,38.29499816894531,38.29499816894531,200,0.0,0.0
2024-12-17 12:18:00+01:00,38.29999923706055,38.30500030517578,38.29999923706055,38.30500030517578,1951,0.0,0.0
2024-12-17 12:19:00+01:00,38.30500030517578,38.310001373291016,38.29999923706055,38.310001373291016,2862,0.0,0.0
2024-12-17 12:20:00+01:00,38.310001373291016,38.32500076293945,38.310001373291016,38.32500076293945,1719,0.0,0.0
2024-12-17 12:21:00+01:00,38.33000183105469,38.334999084472656,38.31999969482422,38.33000183105469,7225,0.0,0.0
2024-12-17 12:22:00+01:00,38.33000183105469,38.33000183105469,38.31999969482422,38.32500076293945,2859,0.0,0.0
2024-12-17 12:23:00+01:00,38.33000183105469,38.349998474121094,38.33000183105469,38.34000015258789,1933,0.0,0.0
2024-12-17 12:24:00+01:00,38.33000183105469,38.33000183105469,38.33000183105469,38.33000183105469,563,0.0,0.0
2024-12-17 12:25:00+01:00,38.32500076293945,38.33000183105469,38.32500076293945,38.33000183105469,150,0.0,0.0
2024-12-17 12:26:00+01:00,38.33000183105469,38.33000183105469,38.32500076293945,38.32500076293945,2477,0.0,0.0
2024-12-17 12:27:00+01:00,38.33000183105469,38.33000183105469,38.29999923706055,38.29999923706055,10512,0.0,0.0
2024-12-17 12:28:00+01:00,38.29999923706055,38.29999923706055,38.275001525878906,38.28499984741211,9404,0.0,0.0
2024-12-17 12:29:00+01:00,38.279998779296875,38.29499816894531,38.279998779296875,38.29499816894531,1711,0.0,0.0
2024-12-17 12:30:00+01:00,38.29999923706055,38.30500030517578,38.290000915527344,38.290000915527344,1995,0.0,0.0
2024-12-17 12:31:00+01:00,38.290000915527344,38.290000915527344,38.279998779296875,38.290000915527344,9677,0.0,0.0
2024-12-17 12:32:00+01:00,38.275001525878906,38.275001525878906,38.244998931884766,38.2599983215332,47155,0.0,0.0
2024-12-17 12:33:00+01:00,38.2599983215332,38.2599983215332,38.2599983215332,38.2599983215332,4023,0.0,0.0
2024-12-17 12:34:00+01:00,38.26499938964844,38.27000045776367,38.2599983215332,38.2599983215332,4691,0.0,0.0
2024-12-17 12:35:00+01:00,38.2599983215332,38.275001525878906,38.255001068115234,38.27000045776367,6311,0.0,0.0
2024-12-17 12:36:00+01:00,38.26499938964844,38.26499938964844,38.26499938964844,38.26499938964844,29,0.0,0.0
2024-12-17 12:37:00+01:00,38.27000045776367,38.275001525878906,38.27000045776367,38.275001525878906,607,0.0,0.0
2024-12-17 12:38:00+01:00,38.275001525878906,38.275001525878906,38.275001525878906,38.275001525878906,29,0.0,0.0
2024-12-17 12:39:00+01:00,38.279998779296875,38.279998779296875,38.27000045776367,38.27000045776367,2475,0.0,0.0
2024-12-17 12:40:00+01:00,38.27000045776367,38.275001525878906,38.27000045776367,38.275001525878906,2011,0.0,0.0
2024-12-17 12:41:00+01:00,38.27000045776367,38.27000045776367,38.244998931884766,38.2599983215332,5974,0.0,0.0
2024-12-17 12:42:00+01:00,38.26499938964844,38.26499938964844,38.2400016784668,38.244998931884766,4715,0.0,0.0
2024-12-17 12:43:00+01:00,38.23500061035156,38.244998931884766,38.220001220703125,38.23500061035156,5899,0.0,0.0
2024-12-17 12:44:00+01:00,38.2400016784668,38.25,38.2400016784668,38.2400016784668,5437,0.0,0.0
2024-12-17 12:45:00+01:00,38.23500061035156,38.27000045776367,38.23500061035156,38.27000045776367,31844,0.0,0.0
2024-12-17 12:46:00+01:00,38.27000045776367,38.28499984741211,38.26499938964844,38.26499938964844,5984,0.0,0.0
2024-12-17 12:47:00+01:00,38.26499938964844,38.27000045776367,38.25,38.26499938964844,30412,0.0,0.0
2024-12-17 12:48:00+01:00,38.26499938964844,38.26499938964844,38.25,38.255001068115234,4128,0.0,0.0
2024-12-17 12:49:00+01:00,38.2599983215332,38.2599983215332,38.255001068115234,38.255001068115234,378,0.0,0.0
2024-12-17 12:50:00+01:00,38.255001068115234,38.26499938964844,38.255001068115234,38.26499938964844,592,0.0,0.0
2024-12-17 12:51:00+01:00,38.26499938964844,38.26499938964844,38.2599983215332,38.2599983215332,1103,0.0,0.0
2024-12-17 12:52:00+01:00,38.255001068115234,38.255001068115234,38.224998474121094,38.23500061035156,34152,0.0,0.0
2024-12-17 12:53:00+01:00,38.23500061035156,38.23500061035156,38.22999954223633,38.22999954223633,404,0.0,0.0
2024-12-17 12:54:00+01:00,38.22999954223633,38.22999954223633,38.220001220703125,38.224998474121094,6981,0.0,0.0
2024-12-17 12:55:00+01:00,38.224998474121094,38.224998474121094,38.20500183105469,38.20500183105469,12825,0.0,0.0
2024-12-17 12:56:00+01:00,38.209999084472656,38.224998474121094,38.209999084472656,38.224998474121094,6743,0.0,0.0
2024-12-17 12:57:00+01:00,38.22999954223633,38.2400016784668,38.22999954223633,38.22999954223633,9005,0.0,0.0
2024-12-17 12:58:00+01:00,38.2400016784668,38.2400016784668,38.23500061035156,38.23500061035156,587,0.0,0.0
2024-12-17 12:59:00+01:00,38.22999954223633,38.22999954223633,38.224998474121094,38.22999954223633,2278,0.0,0.0
2024-12-17 13:00:00+01:00,38.22999954223633,38.22999954223633,38.22999954223633,38.22999954223633,962,0.0,0.0
2024-12-17 13:01:00+01:00,38.23500061035156,38.23500061035156,38.224998474121094,38.224998474121094,794,0.0,0.0
2024-12-17 13:02:00+01:00,38.2400016784668,38.2400016784668,38.22999954223633,38.2400016784668,2374,0.0,0.0
2024-12-17 13:03:00+01:00,38.23500061035156,38.2400016784668,38.22999954223633,38.2400016784668,583,0.0,0.0
2024-12-17 13:04:00+01:00,38.2400016784668,38.244998931884766,38.2400016784668,38.2400016784668,1923,0.0,0.0
2024-12-17 13:05:00+01:00,38.22999954223633,38.22999954223633,38.21500015258789,38.224998474121094,5029,0.0,0.0
2024-12-17 13:06:00+01:00,38.224998474121094,38.22999954223633,38.224998474121094,38.22999954223633,775,0.0,0.0
2024-12-17 13:07:00+01:00,38.23500061035156,38.23500061035156,38.22999954223633,38.23500061035156,2707,0.0,0.0
2024-12-17 13:08:00+01:00,38.23500061035156,38.255001068115234,38.23500061035156,38.255001068115234,3849,0.0,0.0
2024-12-17 13:09:00+01:00,38.2599983215332,38.26499938964844,38.25,38.25,1832,0.0,0.0
2024-12-17 13:10:00+01:00,38.255001068115234,38.26499938964844,38.25,38.255001068115234,6817,0.0,0.0
2024-12-17 13:11:00+01:00,38.2599983215332,38.27000045776367,38.2400016784668,38.2400016784668,5204,0.0,0.0
2024-12-17 13:12:00+01:00,38.244998931884766,38.244998931884766,38.22999954223633,38.2400016784668,2430,0.0,0.0
2024-12-17 13:13:00+01:00,38.23500061035156,38.25,38.224998474121094,38.224998474121094,5962,0.0,0.0
2024-12-17 13:14:00+01:00,38.224998474121094,38.23500061035156,38.224998474121094,38.23500061035156,1153,0.0,0.0
2024-12-17 13:15:00+01:00,38.23500061035156,38.23500061035156,38.22999954223633,38.22999954223633,1366,0.0,0.0
2024-12-17 13:16:00+01:00,38.22999954223633,38.22999954223633,38.22999954223633,38.22999954223633,100,0.0,0.0
2024-12-17 13:17:00+01:00,38.23500061035156,38.2400016784668,38.23500061035156,38.2400016784668,2940,0.0,0.0
2024-12-17 13:18:00+01:00,38.22999954223633,38.2400016784668,38.22999954223633,38.23500061035156,1653,0.0,0.0
2024-12-17 13:19:00+01:00,38.23500061035156,38.23500061035156,38.22999954223633,38.23500061035156,683,0.0,0.0
2024-12-17 13:20:00+01:00,38.2400016784668,38.2400016784668,38.22999954223633,38.23500061035156,2074,0.0,0.0
2024-12-17 13:21:00+01:00,38.23500061035156,38.244998931884766,38.22999954223633,38.22999954223633,1410,0.0,0.0
2024-12-17 13:22:00+01:00,38.23500061035156,38.23500061035156,38.224998474121094,38.224998474121094,2195,0.0,0.0
2024-12-17 13:23:00+01:00,38.220001220703125,38.224998474121094,38.20500183105469,38.20500183105469,6577,0.0,0.0
2024-12-17 13:24:00+01:00,38.209999084472656,38.220001220703125,38.20500183105469,38.220001220703125,2863,0.0,0.0
2024-12-17 13:25:00+01:00,38.224998474121094,38.22999954223633,38.224998474121094,38.224998474121094,2445,0.0,0.0
2024-12-17 13:26:00+01:00,38.22999954223633,38.2400016784668,38.22999954223633,38.2400016784668,1187,0.0,0.0
2024-12-17 13:27:00+01:00,38.2400016784668,38.25,38.2400016784668,38.244998931884766,7821,0.0,0.0
2024-12-17 13:28:00+01:00,38.244998931884766,38.25,38.2400016784668,38.244998931884766,1480,0.0,0.0
2024-12-17 13:29:00+01:00,38.25,38.25,38.244998931884766,38.244998931884766,1066,0.0,0.0
2024-12-17 13:30:00+01:00,38.23500061035156,38.2599983215332,38.23500061035156,38.244998931884766,20318,0.0,0.0
2024-12-17 13:31:00+01:00,38.25,38.2599983215332,38.25,38.2599983215332,12949,0.0,0.0
2024-12-17 13:32:00+01:00,38.255001068115234,38.255001068115234,38.244998931884766,38.25,14965,0.0,0.0
2024-12-17 13:33:00+01:00,38.244998931884766,38.27000045776367,38.244998931884766,38.26499938964844,2985,0.0,0.0
2024-12-17 13:34:00+01:00,38.27000045776367,38.275001525878906,38.2599983215332,38.27000045776367,1492,0.0,0.0
2024-12-17 13:35:00+01:00,38.27000045776367,38.27000045776367,38.23500061035156,38.2400016784668,14594,0.0,0.0
2024-12-17 13:36:00+01:00,38.23500061035156,38.23500061035156,38.22999954223633,38.22999954223633,3100,0.0,0.0
2024-12-17 13:37:00+01:00,38.22999954223633,38.22999954223633,38.209999084472656,38.209999084472656,2064,0.0,0.0
2024-12-17 13:38:00+01:00,38.21500015258789,38.2400016784668,38.209999084472656,38.23500061035156,10239,0.0,0.0
2024-12-17 13:39:00+01:00,38.2400016784668,38.244998931884766,38.220001220703125,38.220001220703125,10105,0.0,0.0
2024-12-17 13:40:00+01:00,38.220001220703125,38.220001220703125,38.209999084472656,38.21500015258789,3944,0.0,0.0
2024-12-17 13:41:00+01:00,38.220001220703125,38.224998474121094,38.20500183105469,38.20500183105469,2719,0.0,0.0
2024-12-17 13:42:00+01:00,38.209999084472656,38.224998474121094,38.20500183105469,38.220001220703125,4307,0.0,0.0
2024-12-17 13:43:00+01:00,38.22999954223633,38.23500061035156,38.22999954223633,38.23500061035156,961,0.0,0.0
2024-12-17 13:44:00+01:00,38.224998474121094,38.244998931884766,38.21500015258789,38.23500061035156,8425,0.0,0.0
2024-12-17 13:45:00+01:00,38.2400016784668,38.2400016784668,38.224998474121094,38.224998474121094,1297,0.0,0.0
2024-12-17 13:46:00+01:00,38.224998474121094,38.224998474121094,38.21500015258789,38.21500015258789,3541,0.0,0.0
2024-12-17 13:47:00+01:00,38.220001220703125,38.2400016784668,38.220001220703125,38.2400016784668,3211,0.0,0.0
2024-12-17 13:48:00+01:00,38.23500061035156,38.2400016784668,38.23500061035156,38.2400016784668,424,0.0,0.0
2024-12-17 13:49:00+01:00,38.2400016784668,38.2599983215332,38.2400016784668,38.2599983215332,5072,0.0,0.0
2024-12-17 13:50:00+01:00,38.2599983215332,38.2599983215332,38.244998931884766,38.25,4286,0.0,0.0
2024-12-17 13:51:00+01:00,38.2400016784668,38.2400016784668,38.22999954223633,38.2400016784668,647,0.0,0.0
2024-12-17 13:52:00+01:00,38.23500061035156,38.23500061035156,38.22999954223633,38.23500061035156,606,0.0,0.0
2024-12-17 13:53:00+01:00,38.2400016784668,38.244998931884766,38.220001220703125,38.224998474121094,3997,0.0,0.0
2024-12-17 13:54:00+01:00,38.22999954223633,38.22999954223633,38.220001220703125,38.220001220703125,1239,0.0,0.0
2024-12-17 13:55:00+01:00,38.224998474121094,38.224998474121094,38.224998474121094,38.224998474121094,140,0.0,0.0
2024-12-17 13:56:00+01:00,38.220001220703125,38.220001220703125,38.18000030517578,38.20000076293945,62761,0.0,0.0
2024-12-17 13:57:00+01:00,38.19499969482422,38.209999084472656,38.19499969482422,38.209999084472656,5313,0.0,0.0
2024-12-17 13:58:00+01:00,38.20500183105469,38.20500183105469,38.19499969482422,38.19499969482422,3808,0.0,0.0
2024-12-17 13:59:00+01:00,38.20000076293945,38.20000076293945,38.20000076293945,38.20000076293945,892,0.0,0.0
2024-12-17 14:00:00+01:00,38.20000076293945,38.20000076293945,38.18000030517578,38.18000030517578,8214,0.0,0.0
2024-12-17 14:01:00+01:00,38.18000030517578,38.18000030517578,38.15999984741211,38.16999816894531,5483,0.0,0.0
2024-12-17 14:02:00+01:00,38.154998779296875,38.15999984741211,38.150001525878906,38.150001525878906,7569,0.0,0.0
2024-12-17 14:03:00+01:00,38.150001525878906,38.150001525878906,38.130001068115234,38.14500045776367,6330,0.0,0.0
2024-12-17 14:04:00+01:00,38.14500045776367,38.14500045776367,38.130001068115234,38.1349983215332,5526,0.0,0.0
2024-12-17 14:05:00+01:00,38.1349983215332,38.1349983215332,38.119998931884766,38.1349983215332,4644,0.0,0.0
2024-12-17 14:06:00+01:00,38.130001068115234,38.130001068115234,38.11000061035156,38.11000061035156,11469,0.0,0.0
2024-12-17 14:07:00+01:00,38.10499954223633,38.119998931884766,38.095001220703125,38.1150016784668,29554,0.0,0.0
2024-12-17 14:08:00+01:00,38.1150016784668,38.125,38.1150016784668,38.119998931884766,1987,0.0,0.0
2024-12-17 14:09:00+01:00,38.119998931884766,38.119998931884766,38.11000061035156,38.11000061035156,6371,0.0,0.0
2024-12-17 14:10:00+01:00,38.10499954223633,38.13999938964844,38.10499954223633,38.1349983215332,10214,0.0,0.0
2024-12-17 14:11:00+01:00,38.1349983215332,38.14500045776367,38.1349983215332,38.1349983215332,1424,0.0,0.0
2024-12-17 14:12:00+01:00,38.150001525878906,38.154998779296875,38.150001525878906,38.150001525878906,853,0.0,0.0
2024-12-17 14:13:00+01:00,38.150001525878906,38.154998779296875,38.150001525878906,38.154998779296875,1433,0.0,0.0
2024-12-17 14:14:00+01:00,38.154998779296875,38.154998779296875,38.150001525878906,38.154998779296875,1385,0.0,0.0
2024-12-17 14:15:00+01:00,38.154998779296875,38.15999984741211,38.150001525878906,38.154998779296875,6483,0.0,0.0
2024-12-17 14:16:00+01:00,38.150001525878906,38.17499923706055,38.150001525878906,38.17499923706055,4832,0.0,0.0
2024-12-17 14:17:00+01:00,38.15999984741211,38.16999816894531,38.150001525878906,38.16999816894531,3137,0.0,0.0
2024-12-17 14:18:00+01:00,38.16999816894531,38.189998626708984,38.165000915527344,38.18000030517578,8299,0.0,0.0
2024-12-17 14:19:00+01:00,38.17499923706055,38.17499923706055,38.17499923706055,38.17499923706055,67,0.0,0.0
2024-12-17 14:20:00+01:00,38.17499923706055,38.189998626708984,38.17499923706055,38.189998626708984,4366,0.0,0.0
2024-12-17 14:21:00+01:00,38.185001373291016,38.19499969482422,38.185001373291016,38.19499969482422,1525,0.0,0.0
2024-12-17 14:22:00+01:00,38.189998626708984,38.20000076293945,38.189998626708984,38.20000076293945,3614,0.0,0.0
2024-12-17 14:23:00+01:00,38.20000076293945,38.20500183105469,38.185001373291016,38.189998626708984,5424,0.0,0.0
2024-12-17 14:24:00+01:00,38.189998626708984,38.189998626708984,38.18000030517578,38.18000030517578,1606,0.0,0.0
2024-12-17 14:25:00+01:00,38.185001373291016,38.185001373291016,38.17499923706055,38.185001373291016,3495,0.0,0.0
2024-12-17 14:26:00+01:00,38.189998626708984,38.20000076293945,38.189998626708984,38.20000076293945,1256,0.0,0.0
2024-12-17 14:27:00+01:00,38.19499969482422,38.20000076293945,38.19499969482422,38.20000076293945,6155,0.0,0.0
2024-12-17 14:28:00+01:00,38.20500183105469,38.20500183105469,38.20000076293945,38.20000076293945,92,0.0,0.0
2024-12-17 14:29:00+01:00,38.19499969482422,38.20500183105469,38.18000030517578,38.19499969482422,10236,0.0,0.0
2024-12-17 14:30:00+01:00,38.20500183105469,38.20500183105469,38.17499923706055,38.189998626708984,12093,0.0,0.0
2024-12-17 14:31:00+01:00,38.185001373291016,38.19499969482422,38.185001373291016,38.189998626708984,2636,0.0,0.0
2024-12-17 14:32:00+01:00,38.185001373291016,38.189998626708984,38.18000030517578,38.189998626708984,2792,0.0,0.0
2024-12-17 14:33:00+01:00,38.185001373291016,38.20000076293945,38.18000030517578,38.20000076293945,1431,0.0,0.0
2024-12-17 14:34:00+01:00,38.20500183105469,38.209999084472656,38.19499969482422,38.20000076293945,2782,0.0,0.0
2024-12-17 14:35:00+01:00,38.189998626708984,38.20000076293945,38.185001373291016,38.20000076293945,2924,0.0,0.0
2024-12-17 14:36:00+01:00,38.18000030517578,38.185001373291016,38.16999816894531,38.185001373291016,1259,0.0,0.0
2024-12-17 14:37:00+01:00,38.185001373291016,38.189998626708984,38.18000030517578,38.189998626708984,1496,0.0,0.0
2024-12-17 14:38:00+01:00,38.189998626708984,38.20500183105469,38.18000030517578,38.20500183105469,4206,0.0,0.0
2024-12-17 14:39:00+01:00,38.20000076293945,38.209999084472656,38.19499969482422,38.20500183105469,11008,0.0,0.0
2024-12-17 14:40:00+01:00,38.20500183105469,38.220001220703125,38.20500183105469,38.220001220703125,1416,0.0,0.0
2024-12-17 14:41:00+01:00,38.220001220703125,38.22999954223633,38.220001220703125,38.220001220703125,3025,0.0,0.0
2024-12-17 14:42:00+01:00,38.224998474121094,38.27000045776367,38.224998474121094,38.25,2696,0.0,0.0
2024-12-17 14:43:00+01:00,38.2599983215332,38.2599983215332,38.255001068115234,38.2599983215332,654,0.0,0.0
2024-12-17 14:44:00+01:00,38.2599983215332,38.310001373291016,38.2599983215332,38.29999923706055,14264,0.0,0.0
2024-12-17 14:45:00+01:00,38.30500030517578,38.32500076293945,38.28499984741211,38.29499816894531,25068,0.0,0.0
2024-12-17 14:46:00+01:00,38.30500030517578,38.334999084472656,38.30500030517578,38.334999084472656,10812,0.0,0.0
2024-12-17 14:47:00+01:00,38.35499954223633,38.375,38.349998474121094,38.3650016784668,13394,0.0,0.0
2024-12-17 14:48:00+01:00,38.369998931884766,38.369998931884766,38.35499954223633,38.3650016784668,5515,0.0,0.0
2024-12-17 14:49:00+01:00,38.36000061035156,38.41999816894531,38.36000061035156,38.40999984741211,26494,0.0,0.0
2024-12-17 14:50:00+01:00,38.41999816894531,38.43000030517578,38.40999984741211,38.415000915527344,28278,0.0,0.0
2024-12-17 14:51:00+01:00,38.415000915527344,38.43000030517578,38.404998779296875,38.43000030517578,27969,0.0,0.0
2024-12-17 14:52:00+01:00,38.43000030517578,38.45500183105469,38.43000030517578,38.439998626708984,23444,0.0,0.0
2024-12-17 14:53:00+01:00,38.44499969482422,38.45000076293945,38.435001373291016,38.44499969482422,11454,0.0,0.0
2024-12-17 14:54:00+01:00,38.439998626708984,38.439998626708984,38.400001525878906,38.415000915527344,14321,0.0,0.0
2024-12-17 14:55:00+01:00,38.415000915527344,38.46500015258789,38.415000915527344,38.46500015258789,26220,0.0,0.0
2024-12-17 14:56:00+01:00,38.46500015258789,38.46500015258789,38.41999816894531,38.43000030517578,15210,0.0,0.0
2024-12-17 14:57:00+01:00,38.435001373291016,38.45000076293945,38.435001373291016,38.439998626708984,16562,0.0,0.0
2024-12-17 14:58:00+01:00,38.44499969482422,38.46500015258789,38.43000030517578,38.46500015258789,12564,0.0,0.0
2024-12-17 14:59:00+01:00,38.470001220703125,38.470001220703125,38.459999084472656,38.459999084472656,33823,0.0,0.0
2024-12-17 15:00:00+01:00,38.470001220703125,38.474998474121094,38.45000076293945,38.470001220703125,21170,0.0,0.0
2024-12-17 15:01:00+01:00,38.46500015258789,38.474998474121094,38.45000076293945,38.470001220703125,50179,0.0,0.0
2024-12-17 15:02:00+01:00,38.470001220703125,38.47999954223633,38.45000076293945,38.45500183105469,4883,0.0,0.0
2024-12-17 15:03:00+01:00,38.459999084472656,38.48500061035156,38.459999084472656,38.47999954223633,6953,0.0,0.0
2024-12-17 15:04:00+01:00,38.474998474121094,38.48500061035156,38.470001220703125,38.47999954223633,4774,0.0,0.0
2024-12-17 15:05:00+01:00,38.474998474121094,38.474998474121094,38.439998626708984,38.45500183105469,16967,0.0,0.0
2024-12-17 15:06:00+01:00,38.459999084472656,38.459999084472656,38.435001373291016,38.435001373291016,7046,0.0,0.0
2024-12-17 15:07:00+01:00,38.44499969482422,38.44499969482422,38.41999816894531,38.43000030517578,4895,0.0,0.0
2024-12-17 15:08:00+01:00,38.43000030517578,38.43000030517578,38.38999938964844,38.39500045776367,6773,0.0,0.0
2024-12-17 15:09:00+01:00,38.38999938964844,38.40999984741211,38.3849983215332,38.39500045776367,9175,0.0,0.0
2024-12-17 15:10:00+01:00,38.39500045776367,38.400001525878906,38.38999938964844,38.400001525878906,2462,0.0,0.0
2024-12-17 15:12:00+01:00,38.31999969482422,38.33000183105469,38.29999923706055,38.31999969482422,29058,0.0,0.0
2024-12-17 15:13:00+01:00,38.32500076293945,38.33000183105469,38.314998626708984,38.33000183105469,5817,0.0,0.0
2024-12-17 15:14:00+01:00,38.33000183105469,38.33000183105469,38.29999923706055,38.310001373291016,1986,0.0,0.0
2024-12-17 15:15:00+01:00,38.29999923706055,38.29999923706055,38.275001525878906,38.290000915527344,3071,0.0,0.0
2024-12-17 15:16:00+01:00,38.275001525878906,38.275001525878906,38.2400016784668,38.27000045776367,15615,0.0,0.0
2024-12-17 15:17:00+01:00,38.28499984741211,38.290000915527344,38.26499938964844,38.279998779296875,10744,0.0,0.0
2024-12-17 15:18:00+01:00,38.290000915527344,38.29499816894531,38.26499938964844,38.26499938964844,5716,0.0,0.0
2024-12-17 15:19:00+01:00,38.2599983215332,38.2599983215332,38.2599983215332,38.2599983215332,201,0.0,0.0
2024-12-17 15:20:00+01:00,38.2599983215332,38.2599983215332,38.244998931884766,38.244998931884766,1047,0.0,0.0
2024-12-17 15:21:00+01:00,38.244998931884766,38.255001068115234,38.2400016784668,38.255001068115234,7806,0.0,0.0
2024-12-17 15:22:00+01:00,38.27000045776367,38.27000045776367,38.27000045776367,38.27000045776367,500,0.0,0.0
2024-12-17 15:23:00+01:00,38.27000045776367,38.29499816894531,38.27000045776367,38.29499816894531,4057,0.0,0.0
2024-12-17 15:24:00+01:00,38.290000915527344,38.29999923706055,38.28499984741211,38.29999923706055,4789,0.0,0.0
2024-12-17 15:25:00+01:00,38.29499816894531,38.29499816894531,38.290000915527344,38.290000915527344,3231,0.0,0.0
2024-12-17 15:26:00+01:00,38.279998779296875,38.29999923706055,38.279998779296875,38.29999923706055,1826,0.0,0.0
2024-12-17 15:27:00+01:00,38.29999923706055,38.29999923706055,38.29499816894531,38.29499816894531,2581,0.0,0.0
2024-12-17 15:28:00+01:00,38.290000915527344,38.29499816894531,38.28499984741211,38.29499816894531,4472,0.0,0.0
2024-12-17 15:29:00+01:00,38.29999923706055,38.30500030517578,38.275001525878906,38.275001525878906,3024,0.0,0.0
2024-12-17 15:30:00+01:00,38.27000045776367,38.27000045776367,38.224998474121094,38.224998474121094,7355,0.0,0.0
2024-12-17 15:31:00+01:00,38.23500061035156,38.244998931884766,38.220001220703125,38.244998931884766,5777,0.0,0.0
2024-12-17 15:32:00+01:00,38.244998931884766,38.244998931884766,38.21500015258789,38.21500015258789,8091,0.0,0.0
2024-12-17 15:33:00+01:00,38.220001220703125,38.22999954223633,38.20000076293945,38.21500015258789,8208,0.0,0.0
2024-12-17 15:34:00+01:00,38.21500015258789,38.220001220703125,38.185001373291016,38.189998626708984,18858,0.0,0.0
2024-12-17 15:35:00+01:00,38.18000030517578,38.185001373291016,38.16999816894531,38.17499923706055,10894,0.0,0.0
2024-12-17 15:36:00+01:00,38.18000030517578,38.185001373291016,38.1349983215332,38.1349983215332,9104,0.0,0.0
2024-12-17 15:37:00+01:00,38.14500045776367,38.154998779296875,38.13999938964844,38.154998779296875,1742,0.0,0.0
2024-12-17 15:38:00+01:00,38.14500045776367,38.16999816894531,38.14500045776367,38.16999816894531,5689,0.0,0.0
2024-12-17 15:39:00+01:00,38.16999816894531,38.21500015258789,38.16999816894531,38.209999084472656,13227,0.0,0.0
2024-12-17 15:40:00+01:00,38.21500015258789,38.224998474121094,38.189998626708984,38.189998626708984,16577,0.0,0.0
2024-12-17 15:41:00+01:00,38.20000076293945,38.20500183105469,38.16999816894531,38.19499969482422,7546,0.0,0.0
2024-12-17 15:42:00+01:00,38.185001373291016,38.20000076293945,38.17499923706055,38.17499923706055,4569,0.0,0.0
2024-12-17 15:43:00+01:00,38.17499923706055,38.18000030517578,38.154998779296875,38.165000915527344,7090,0.0,0.0
2024-12-17 15:44:00+01:00,38.165000915527344,38.18000030517578,38.15999984741211,38.18000030517578,4176,0.0,0.0
2024-12-17 15:45:00+01:00,38.18000030517578,38.185001373291016,38.10499954223633,38.10499954223633,39253,0.0,0.0
2024-12-17 15:46:00+01:00,38.1150016784668,38.13999938964844,38.099998474121094,38.13999938964844,17907,0.0,0.0
2024-12-17 15:47:00+01:00,38.1150016784668,38.150001525878906,38.1150016784668,38.14500045776367,8734,0.0,0.0
2024-12-17 15:48:00+01:00,38.14500045776367,38.15999984741211,38.1150016784668,38.1349983215332,13202,0.0,0.0
2024-12-17 15:49:00+01:00,38.1349983215332,38.14500045776367,38.130001068115234,38.14500045776367,3691,0.0,0.0
2024-12-17 15:50:00+01:00,38.150001525878906,38.21500015258789,38.150001525878906,38.21500015258789,4864,0.0,0.0
2024-12-17 15:51:00+01:00,38.20500183105469,38.20500183105469,38.15999984741211,38.20000076293945,6830,0.0,0.0
2024-12-17 15:52:00+01:00,38.19499969482422,38.20500183105469,38.15999984741211,38.15999984741211,10071,0.0,0.0
2024-12-17 15:53:00+01:00,38.16999816894531,38.20500183105469,38.16999816894531,38.20000076293945,8084,0.0,0.0
2024-12-17 15:54:00+01:00,38.189998626708984,38.20000076293945,38.17499923706055,38.19499969482422,3173,0.0,0.0
2024-12-17 15:55:00+01:00,38.19499969482422,38.20500183105469,38.19499969482422,38.20000076293945,18675,0.0,0.0
2024-12-17 15:56:00+01:00,38.209999084472656,38.220001220703125,38.20000076293945,38.220001220703125,6905,0.0,0.0
2024-12-17 15:57:00+01:00,38.209999084472656,38.244998931884766,38.209999084472656,38.244998931884766,8184,0.0,0.0
2024-12-17 15:58:00+01:00,38.23500061035156,38.2400016784668,38.22999954223633,38.23500061035156,7373,0.0,0.0
2024-12-17 15:59:00+01:00,38.22999954223633,38.2400016784668,38.21500015258789,38.21500015258789,13617,0.0,0.0
2024-12-17 16:00:00+01:00,38.220001220703125,38.22999954223633,38.21500015258789,38.220001220703125,4335,0.0,0.0
2024-12-17 16:01:00+01:00,38.224998474121094,38.224998474121094,38.20000076293945,38.20000076293945,3068,0.0,0.0
2024-12-17 16:02:00+01:00,38.19499969482422,38.20000076293945,38.16999816894531,38.19499969482422,17034,0.0,0.0
2024-12-17 16:03:00+01:00,38.189998626708984,38.209999084472656,38.18000030517578,38.20500183105469,8085,0.0,0.0
2024-12-17 16:04:00+01:00,38.209999084472656,38.21500015258789,38.20500183105469,38.20500183105469,5616,0.0,0.0
2024-12-17 16:05:00+01:00,38.20500183105469,38.22999954223633,38.19499969482422,38.224998474121094,21290,0.0,0.0
2024-12-17 16:06:00+01:00,38.224998474121094,38.2599983215332,38.21500015258789,38.25,8213,0.0,0.0
2024-12-17 16:07:00+01:00,38.26499938964844,38.275001525878906,38.2400016784668,38.244998931884766,13948,0.0,0.0
2024-12-17 16:08:00+01:00,38.25,38.2599983215332,38.23500061035156,38.2400016784668,13802,0.0,0.0
2024-12-17 16:09:00+01:00,38.23500061035156,38.26499938964844,38.23500061035156,38.2599983215332,7735,0.0,0.0
2024-12-17 16:10:00+01:00,38.279998779296875,38.29499816894531,38.26499938964844,38.279998779296875,9289,0.0,0.0
2024-12-17 16:11:00+01:00,38.275001525878906,38.275001525878906,38.25,38.27000045776367,5531,0.0,0.0
2024-12-17 16:12:00+01:00,38.27000045776367,38.279998779296875,38.2599983215332,38.2599983215332,27513,0.0,0.0
2024-12-17 16:13:00+01:00,38.27000045776367,38.27000045776367,38.25,38.2599983215332,2557,0.0,0.0
2024-12-17 16:14:00+01:00,38.25,38.26499938964844,38.25,38.26499938964844,6083,0.0,0.0
2024-12-17 16:15:00+01:00,38.26499938964844,38.27000045776367,38.25,38.255001068115234,5024,0.0,0.0
2024-12-17 16:16:00+01:00,38.255001068115234,38.27000045776367,38.25,38.27000045776367,5411,0.0,0.0
2024-12-17 16:17:00+01:00,38.275001525878906,38.279998779296875,38.2599983215332,38.27000045776367,6160,0.0,0.0
2024-12-17 16:18:00+01:00,38.275001525878906,38.279998779296875,38.26499938964844,38.279998779296875,949,0.0,0.0
2024-12-17 16:19:00+01:00,38.27000045776367,38.27000045776367,38.25,38.25,8285,0.0,0.0
2024-12-17 16:20:00+01:00,38.25,38.25,38.209999084472656,38.21500015258789,12694,0.0,0.0
2024-12-17 16:21:00+01:00,38.209999084472656,38.209999084472656,38.189998626708984,38.20000076293945,6999,0.0,0.0
2024-12-17 16:22:00+01:00,38.19499969482422,38.19499969482422,38.16999816894531,38.185001373291016,4594,0.0,0.0
2024-12-17 16:23:00+01:00,38.18000030517578,38.21500015258789,38.18000030517578,38.20500183105469,17738,0.0,0.0
2024-12-17 16:24:00+01:00,38.220001220703125,38.220001220703125,38.19499969482422,38.20500183105469,1172,0.0,0.0
2024-12-17 16:25:00+01:00,38.20000076293945,38.21500015258789,38.19499969482422,38.21500015258789,15990,0.0,0.0
2024-12-17 16:26:00+01:00,38.20500183105469,38.209999084472656,38.20000076293945,38.209999084472656,951,0.0,0.0
2024-12-17 16:27:00+01:00,38.21500015258789,38.220001220703125,38.20000076293945,38.20000076293945,1370,0.0,0.0
2024-12-17 16:28:00+01:00,38.20000076293945,38.209999084472656,38.189998626708984,38.209999084472656,5502,0.0,0.0
2024-12-17 16:29:00+01:00,38.20000076293945,38.20500183105469,38.185001373291016,38.185001373291016,4174,0.0,0.0
2024-12-17 16:30:00+01:00,38.19499969482422,38.20000076293945,38.185001373291016,38.19499969482422,7179,0.0,0.0
2024-12-17 16:31:00+01:00,38.189998626708984,38.209999084472656,38.185001373291016,38.20500183105469,3199,0.0,0.0
2024-12-17 16:32:00+01:00,38.21500015258789,38.22999954223633,38.209999084472656,38.209999084472656,5136,0.0,0.0
2024-12-17 16:33:00+01:00,38.220001220703125,38.220001220703125,38.21500015258789,38.220001220703125,1605,0.0,0.0
2024-12-17 16:34:00+01:00,38.21500015258789,38.220001220703125,38.209999084472656,38.21500015258789,4032,0.0,0.0
2024-12-17 16:35:00+01:00,38.220001220703125,38.22999954223633,38.209999084472656,38.224998474121094,5507,0.0,0.0
2024-12-17 16:36:00+01:00,38.23500061035156,38.244998931884766,38.23500061035156,38.244998931884766,898,0.0,0.0
2024-12-17 16:37:00+01:00,38.255001068115234,38.255001068115234,38.244998931884766,38.255001068115234,4346,0.0,0.0
2024-12-17 16:38:00+01:00,38.22999954223633,38.244998931884766,38.224998474121094,38.244998931884766,1915,0.0,0.0
2024-12-17 16:39:00+01:00,38.23500061035156,38.23500061035156,38.23500061035156,38.23500061035156,1192,0.0,0.0
2024-12-17 16:40:00+01:00,38.23500061035156,38.244998931884766,38.22999954223633,38.2400016784668,2656,0.0,0.0
2024-12-17 16:41:00+01:00,38.22999954223633,38.244998931884766,38.224998474121094,38.224998474121094,1321,0.0,0.0
2024-12-17 16:42:00+01:00,38.220001220703125,38.23500061035156,38.21500015258789,38.22999954223633,3328,0.0,0.0
2024-12-17 16:43:00+01:00,38.224998474121094,38.244998931884766,38.224998474121094,38.23500061035156,3836,0.0,0.0
2024-12-17 16:44:00+01:00,38.25,38.25,38.244998931884766,38.25,635,0.0,0.0
2024-12-17 16:45:00+01:00,38.2400016784668,38.255001068115234,38.2400016784668,38.25,1458,0.0,0.0
2024-12-17 16:47:00+01:00,38.244998931884766,38.244998931884766,38.2400016784668,38.2400016784668,1265,0.0,0.0
2024-12-17 16:48:00+01:00,38.244998931884766,38.25,38.244998931884766,38.244998931884766,1377,0.0,0.0
2024-12-17 16:49:00+01:00,38.25,38.25,38.244998931884766,38.244998931884766,1426,0.0,0.0
2024-12-17 16:50:00+01:00,38.25,38.255001068115234,38.244998931884766,38.255001068115234,2456,0.0,0.0
2024-12-17 16:51:00+01:00,38.255001068115234,38.27000045776367,38.25,38.27000045776367,6210,0.0,0.0
2024-12-17 16:52:00+01:00,38.26499938964844,38.275001525878906,38.26499938964844,38.275001525878906,877,0.0,0.0
2024-12-17 16:54:00+01:00,38.29999923706055,38.29999923706055,38.28499984741211,38.290000915527344,18261,0.0,0.0
2024-12-17 16:55:00+01:00,38.29499816894531,38.29499816894531,38.27000045776367,38.279998779296875,5042,0.0,0.0
2024-12-17 16:56:00+01:00,38.279998779296875,38.290000915527344,38.27000045776367,38.290000915527344,3089,0.0,0.0
2024-12-17 16:57:00+01:00,38.29499816894531,38.29499816894531,38.275001525878906,38.275001525878906,4823,0.0,0.0
2024-12-17 16:58:00+01:00,38.28499984741211,38.314998626708984,38.28499984741211,38.314998626708984,14319,0.0,0.0
2024-12-17 16:59:00+01:00,38.314998626708984,38.31999969482422,38.314998626708984,38.314998626708984,1499,0.0,0.0
2024-12-17 17:00:00+01:00,38.310001373291016,38.310001373291016,38.28499984741211,38.29499816894531,26451,0.0,0.0
2024-12-17 17:01:00+01:00,38.290000915527344,38.33000183105469,38.290000915527344,38.32500076293945,12021,0.0,0.0
2024-12-17 17:02:00+01:00,38.314998626708984,38.314998626708984,38.28499984741211,38.290000915527344,15833,0.0,0.0
2024-12-17 17:03:00+01:00,38.29499816894531,38.31999969482422,38.29499816894531,38.29499816894531,2037,0.0,0.0
2024-12-17 17:04:00+01:00,38.29999923706055,38.29999923706055,38.275001525878906,38.28499984741211,2827,0.0,0.0
2024-12-17 17:05:00+01:00,38.275001525878906,38.275001525878906,38.23500061035156,38.2400016784668,18315,0.0,0.0
2024-12-17 17:06:00+01:00,38.23500061035156,38.23500061035156,38.21500015258789,38.224998474121094,6376,0.0,0.0
2024-12-17 17:07:00+01:00,38.220001220703125,38.2400016784668,38.21500015258789,38.2400016784668,2616,0.0,0.0
2024-12-17 17:08:00+01:00,38.244998931884766,38.27000045776367,38.244998931884766,38.244998931884766,4482,0.0,0.0
2024-12-17 17:09:00+01:00,38.2400016784668,38.244998931884766,38.22999954223633,38.244998931884766,3275,0.0,0.0
2024-12-17 17:10:00+01:00,38.2400016784668,38.2599983215332,38.23500061035156,38.255001068115234,10612,0.0,0.0
2024-12-17 17:11:00+01:00,38.2599983215332,38.26499938964844,38.25,38.25,2533,0.0,0.0
2024-12-17 17:12:00+01:00,38.25,38.2599983215332,38.23500061035156,38.2599983215332,3073,0.0,0.0
2024-12-17 17:13:00+01:00,38.2599983215332,38.2599983215332,38.25,38.255001068115234,810,0.0,0.0
2024-12-17 17:14:00+01:00,38.255001068115234,38.26499938964844,38.255001068115234,38.2599983215332,3235,0.0,0.0
2024-12-17 17:15:00+01:00,38.2599983215332,38.27000045776367,38.2599983215332,38.26499938964844,4469,0.0,0.0
2024-12-17 17:16:00+01:00,38.27000045776367,38.275001525878906,38.255001068115234,38.26499938964844,4886,0.0,0.0
2024-12-17 17:17:00+01:00,38.255001068115234,38.2599983215332,38.2400016784668,38.25,16466,0.0,0.0
2024-12-17 17:18:00+01:00,38.25,38.27000045776367,38.25,38.27000045776367,6642,0.0,0.0
2024-12-17 17:19:00+01:00,38.26499938964844,38.290000915527344,38.26499938964844,38.28499984741211,3906,0.0,0.0
2024-12-17 17:20:00+01:00,38.290000915527344,38.29499816894531,38.28499984741211,38.29499816894531,4365,0.0,0.0
2024-12-17 17:21:00+01:00,38.290000915527344,38.290000915527344,38.27000045776367,38.279998779296875,3986,0.0,0.0
2024-12-17 17:22:00+01:00,38.275001525878906,38.275001525878906,38.2599983215332,38.26499938964844,5698,0.0,0.0
2024-12-17 17:23:00+01:00,38.26499938964844,38.27000045776367,38.2599983215332,38.26499938964844,5584,0.0,0.0
2024-12-17 17:24:00+01:00,38.26499938964844,38.27000045776367,38.2599983215332,38.26499938964844,6083,0.0,0.0
2024-12-17 17:25:00+01:00,38.26499938964844,38.26499938964844,38.244998931884766,38.244998931884766,25119,0.0,0.0
2024-12-17 17:26:00+01:00,38.25,38.255001068115234,38.244998931884766,38.25,6277,0.0,0.0
2024-12-17 17:27:00+01:00,38.255001068115234,38.2599983215332,38.25,38.2599983215332,6825,0.0,0.0
2024-12-17 17:28:00+01:00,38.255001068115234,38.279998779296875,38.255001068115234,38.27000045776367,28192,0.0,0.0
2024-12-17 17:29:00+01:00,38.27000045776367,38.29999923706055,38.25,38.29999923706055,25292,0.0,0.0
