time,Open,High,Low,Close,Volume,Dividends,Stock Splits
2024-12-09 09:00:00+01:00,39.525001525878906,39.560001373291016,39.33000183105469,39.345001220703125,0,0.0,0.0
2024-12-09 09:01:00+01:00,39.310001373291016,39.39500045776367,39.25,39.27000045776367,69040,0.0,0.0
2024-12-09 09:02:00+01:00,39.255001068115234,39.33000183105469,39.20000076293945,39.28499984741211,17445,0.0,0.0
2024-12-09 09:03:00+01:00,39.279998779296875,39.349998474121094,39.20000076293945,39.28499984741211,55037,0.0,0.0
2024-12-09 09:04:00+01:00,39.30500030517578,39.30500030517578,39.130001068115234,39.15999984741211,66858,0.0,0.0
2024-12-09 09:05:00+01:00,39.14500045776367,39.16999816894531,38.90999984741211,38.935001373291016,106839,0.0,0.0
2024-12-09 09:06:00+01:00,38.935001373291016,38.994998931884766,38.84000015258789,38.849998474121094,37349,0.0,0.0
2024-12-09 09:07:00+01:00,38.84000015258789,38.86000061035156,38.7599983215332,38.7599983215332,40348,0.0,0.0
2024-12-09 09:08:00+01:00,38.7599983215332,38.849998474121094,38.72999954223633,38.82500076293945,52604,0.0,0.0
2024-12-09 09:09:00+01:00,38.82500076293945,38.875,38.810001373291016,38.849998474121094,20669,0.0,0.0
2024-12-09 09:10:00+01:00,38.85499954223633,38.93000030517578,38.834999084472656,38.92499923706055,20225,0.0,0.0
2024-12-09 09:11:00+01:00,38.93000030517578,38.970001220703125,38.904998779296875,38.939998626708984,39825,0.0,0.0
2024-12-09 09:12:00+01:00,38.92499923706055,38.92499923706055,38.83000183105469,38.915000915527344,28007,0.0,0.0
2024-12-09 09:13:00+01:00,38.904998779296875,38.91999816894531,38.82500076293945,38.834999084472656,35493,0.0,0.0
2024-12-09 09:14:00+01:00,38.845001220703125,38.900001525878906,38.80500030517578,38.875,19294,0.0,0.0
2024-12-09 09:15:00+01:00,38.8650016784668,38.904998779296875,38.84000015258789,38.84000015258789,18990,0.0,0.0
2024-12-09 09:16:00+01:00,38.834999084472656,38.869998931884766,38.78499984741211,38.869998931884766,28755,0.0,0.0
2024-12-09 09:17:00+01:00,38.8650016784668,38.93000030517578,38.86000061035156,38.91999816894531,27970,0.0,0.0
2024-12-09 09:18:00+01:00,38.91999816894531,38.92499923706055,38.849998474121094,38.86000061035156,17280,0.0,0.0
2024-12-09 09:19:00+01:00,38.849998474121094,38.8650016784668,38.790000915527344,38.86000061035156,23352,0.0,0.0
2024-12-09 09:20:00+01:00,38.8650016784668,38.88999938964844,38.755001068115234,38.814998626708984,36277,0.0,0.0
2024-12-09 09:21:00+01:00,38.80500030517578,38.939998626708984,38.79999923706055,38.880001068115234,37041,0.0,0.0
2024-12-09 09:22:00+01:00,38.869998931884766,38.869998931884766,38.78499984741211,38.78499984741211,19461,0.0,0.0
2024-12-09 09:23:00+01:00,38.790000915527344,38.82500076293945,38.78499984741211,38.80500030517578,9557,0.0,0.0
2024-12-09 09:24:00+01:00,38.814998626708984,38.834999084472656,38.75,38.75,20369,0.0,0.0
2024-12-09 09:25:00+01:00,38.744998931884766,38.77000045776367,38.724998474121094,38.744998931884766,29577,0.0,0.0
2024-12-09 09:26:00+01:00,38.744998931884766,38.744998931884766,38.654998779296875,38.724998474121094,49157,0.0,0.0
2024-12-09 09:27:00+01:00,38.720001220703125,38.78499984741211,38.70500183105469,38.77000045776367,21315,0.0,0.0
2024-12-09 09:28:00+01:00,38.76499938964844,38.77000045776367,38.71500015258789,38.72999954223633,11375,0.0,0.0
2024-12-09 09:29:00+01:00,38.720001220703125,38.72999954223633,38.689998626708984,38.70500183105469,19305,0.0,0.0
2024-12-09 09:30:00+01:00,38.709999084472656,38.71500015258789,38.654998779296875,38.665000915527344,11174,0.0,0.0
2024-12-09 09:31:00+01:00,38.665000915527344,38.70000076293945,38.665000915527344,38.69499969482422,18876,0.0,0.0
2024-12-09 09:32:00+01:00,38.70000076293945,38.744998931884766,38.685001373291016,38.720001220703125,8718,0.0,0.0
2024-12-09 09:33:00+01:00,38.720001220703125,38.720001220703125,38.61000061035156,38.61000061035156,44872,0.0,0.0
2024-12-09 09:34:00+01:00,38.61000061035156,38.6349983215332,38.540000915527344,38.6349983215332,35197,0.0,0.0
2024-12-09 09:35:00+01:00,38.630001068115234,38.64500045776367,38.59000015258789,38.599998474121094,10839,0.0,0.0
2024-12-09 09:36:00+01:00,38.595001220703125,38.595001220703125,38.564998626708984,38.595001220703125,10360,0.0,0.0
2024-12-09 09:37:00+01:00,38.599998474121094,38.63999938964844,38.584999084472656,38.619998931884766,33360,0.0,0.0
2024-12-09 09:38:00+01:00,38.625,38.625,38.595001220703125,38.625,11890,0.0,0.0
2024-12-09 09:39:00+01:00,38.619998931884766,38.64500045776367,38.61000061035156,38.630001068115234,6071,0.0,0.0
2024-12-09 09:40:00+01:00,38.650001525878906,38.68000030517578,38.630001068115234,38.650001525878906,10341,0.0,0.0
2024-12-09 09:41:00+01:00,38.64500045776367,38.75,38.63999938964844,38.75,21138,0.0,0.0
2024-12-09 09:42:00+01:00,38.75,38.779998779296875,38.744998931884766,38.775001525878906,11519,0.0,0.0
2024-12-09 09:43:00+01:00,38.775001525878906,38.790000915527344,38.755001068115234,38.779998779296875,12455,0.0,0.0
2024-12-09 09:44:00+01:00,38.779998779296875,38.83000183105469,38.77000045776367,38.810001373291016,39331,0.0,0.0
2024-12-09 09:45:00+01:00,38.80500030517578,38.810001373291016,38.779998779296875,38.80500030517578,3748,0.0,0.0
2024-12-09 09:46:00+01:00,38.80500030517578,38.81999969482422,38.790000915527344,38.814998626708984,5507,0.0,0.0
2024-12-09 09:47:00+01:00,38.81999969482422,38.83000183105469,38.810001373291016,38.82500076293945,11723,0.0,0.0
2024-12-09 09:48:00+01:00,38.82500076293945,38.84000015258789,38.79499816894531,38.79999923706055,15982,0.0,0.0
2024-12-09 09:49:00+01:00,38.79499816894531,38.79499816894531,38.76499938964844,38.790000915527344,15921,0.0,0.0
2024-12-09 09:50:00+01:00,38.779998779296875,38.86000061035156,38.779998779296875,38.84000015258789,12651,0.0,0.0
2024-12-09 09:51:00+01:00,38.84000015258789,38.845001220703125,38.790000915527344,38.79499816894531,12025,0.0,0.0
2024-12-09 09:52:00+01:00,38.79999923706055,38.83000183105469,38.78499984741211,38.83000183105469,7332,0.0,0.0
2024-12-09 09:53:00+01:00,38.81999969482422,38.834999084472656,38.79999923706055,38.79999923706055,4252,0.0,0.0
2024-12-09 09:54:00+01:00,38.790000915527344,38.875,38.790000915527344,38.875,17260,0.0,0.0
2024-12-09 09:55:00+01:00,38.8650016784668,38.915000915527344,38.85499954223633,38.89500045776367,34554,0.0,0.0
2024-12-09 09:56:00+01:00,38.904998779296875,38.904998779296875,38.8849983215332,38.89500045776367,4307,0.0,0.0
2024-12-09 09:57:00+01:00,38.900001525878906,38.915000915527344,38.875,38.915000915527344,13552,0.0,0.0
2024-12-09 09:58:00+01:00,38.904998779296875,38.90999984741211,38.85499954223633,38.88999938964844,8932,0.0,0.0
2024-12-09 09:59:00+01:00,38.8849983215332,39.0,38.8849983215332,39.0,19486,0.0,0.0
2024-12-09 10:00:00+01:00,39.0,39.0,38.974998474121094,38.97999954223633,13360,0.0,0.0
2024-12-09 10:01:00+01:00,38.97999954223633,38.98500061035156,38.94499969482422,38.94499969482422,5249,0.0,0.0
2024-12-09 10:02:00+01:00,38.939998626708984,38.95000076293945,38.900001525878906,38.900001525878906,5150,0.0,0.0
2024-12-09 10:03:00+01:00,38.900001525878906,38.970001220703125,38.900001525878906,38.95000076293945,16576,0.0,0.0
2024-12-09 10:04:00+01:00,38.939998626708984,38.970001220703125,38.93000030517578,38.970001220703125,4387,0.0,0.0
2024-12-09 10:05:00+01:00,38.974998474121094,38.98500061035156,38.935001373291016,38.96500015258789,9793,0.0,0.0
2024-12-09 10:06:00+01:00,38.96500015258789,38.96500015258789,38.935001373291016,38.939998626708984,1002,0.0,0.0
2024-12-09 10:07:00+01:00,38.94499969482422,38.94499969482422,38.89500045776367,38.90999984741211,7402,0.0,0.0
2024-12-09 10:08:00+01:00,38.90999984741211,39.0099983215332,38.904998779296875,38.98500061035156,18601,0.0,0.0
2024-12-09 10:09:00+01:00,38.974998474121094,38.974998474121094,38.915000915527344,38.935001373291016,3075,0.0,0.0
2024-12-09 10:10:00+01:00,38.935001373291016,38.95000076293945,38.92499923706055,38.935001373291016,7272,0.0,0.0
2024-12-09 10:11:00+01:00,38.93000030517578,38.93000030517578,38.900001525878906,38.900001525878906,4101,0.0,0.0
2024-12-09 10:12:00+01:00,38.89500045776367,38.92499923706055,38.89500045776367,38.915000915527344,2583,0.0,0.0
2024-12-09 10:13:00+01:00,38.91999816894531,38.939998626708984,38.89500045776367,38.939998626708984,8068,0.0,0.0
2024-12-09 10:14:00+01:00,38.94499969482422,39.0099983215332,38.94499969482422,39.0099983215332,13180,0.0,0.0
2024-12-09 10:15:00+01:00,39.02000045776367,39.040000915527344,39.0,39.0,13632,0.0,0.0
2024-12-09 10:16:00+01:00,39.005001068115234,39.03499984741211,38.994998931884766,39.029998779296875,13692,0.0,0.0
2024-12-09 10:17:00+01:00,39.025001525878906,39.029998779296875,39.005001068115234,39.0099983215332,10660,0.0,0.0
2024-12-09 10:18:00+01:00,39.005001068115234,39.025001525878906,38.994998931884766,39.0099983215332,3403,0.0,0.0
2024-12-09 10:19:00+01:00,39.01499938964844,39.02000045776367,38.994998931884766,38.994998931884766,7072,0.0,0.0
2024-12-09 10:20:00+01:00,38.9900016784668,39.01499938964844,38.97999954223633,39.0099983215332,6402,0.0,0.0
2024-12-09 10:21:00+01:00,39.005001068115234,39.005001068115234,38.94499969482422,38.94499969482422,12441,0.0,0.0
2024-12-09 10:22:00+01:00,38.95000076293945,38.974998474121094,38.939998626708984,38.96500015258789,5482,0.0,0.0
2024-12-09 10:23:00+01:00,38.95500183105469,38.98500061035156,38.95500183105469,38.97999954223633,8909,0.0,0.0
2024-12-09 10:24:00+01:00,38.98500061035156,39.0,38.97999954223633,38.994998931884766,16147,0.0,0.0
2024-12-09 10:25:00+01:00,38.98500061035156,38.98500061035156,38.959999084472656,38.959999084472656,3155,0.0,0.0
2024-12-09 10:26:00+01:00,38.96500015258789,38.98500061035156,38.95500183105469,38.97999954223633,3106,0.0,0.0
2024-12-09 10:27:00+01:00,38.97999954223633,38.98500061035156,38.959999084472656,38.970001220703125,1623,0.0,0.0
2024-12-09 10:28:00+01:00,38.970001220703125,38.994998931884766,38.970001220703125,38.9900016784668,4665,0.0,0.0
2024-12-09 10:29:00+01:00,38.98500061035156,38.98500061035156,38.935001373291016,38.939998626708984,1556,0.0,0.0
2024-12-09 10:30:00+01:00,38.94499969482422,38.96500015258789,38.939998626708984,38.94499969482422,3826,0.0,0.0
2024-12-09 10:31:00+01:00,38.935001373291016,38.935001373291016,38.900001525878906,38.900001525878906,2476,0.0,0.0
2024-12-09 10:32:00+01:00,38.88999938964844,38.89500045776367,38.86000061035156,38.8650016784668,12102,0.0,0.0
2024-12-09 10:33:00+01:00,38.875,38.880001068115234,38.849998474121094,38.86000061035156,14043,0.0,0.0
2024-12-09 10:34:00+01:00,38.869998931884766,38.875,38.85499954223633,38.86000061035156,4963,0.0,0.0
2024-12-09 10:35:00+01:00,38.86000061035156,38.8650016784668,38.82500076293945,38.8650016784668,21390,0.0,0.0
2024-12-09 10:36:00+01:00,38.86000061035156,38.86000061035156,38.84000015258789,38.849998474121094,9502,0.0,0.0
2024-12-09 10:37:00+01:00,38.845001220703125,38.845001220703125,38.81999969482422,38.83000183105469,10000,0.0,0.0
2024-12-09 10:38:00+01:00,38.81999969482422,38.83000183105469,38.810001373291016,38.82500076293945,11099,0.0,0.0
2024-12-09 10:39:00+01:00,38.82500076293945,38.93000030517578,38.81999969482422,38.904998779296875,16509,0.0,0.0
2024-12-09 10:40:00+01:00,38.900001525878906,38.904998779296875,38.8650016784668,38.875,3125,0.0,0.0
2024-12-09 10:41:00+01:00,38.869998931884766,38.880001068115234,38.8650016784668,38.875,3215,0.0,0.0
2024-12-09 10:42:00+01:00,38.869998931884766,38.8849983215332,38.845001220703125,38.849998474121094,8513,0.0,0.0
2024-12-09 10:43:00+01:00,38.84000015258789,38.85499954223633,38.834999084472656,38.85499954223633,5874,0.0,0.0
2024-12-09 10:44:00+01:00,38.8650016784668,38.880001068115234,38.845001220703125,38.8650016784668,4602,0.0,0.0
2024-12-09 10:45:00+01:00,38.85499954223633,38.875,38.849998474121094,38.869998931884766,3882,0.0,0.0
2024-12-09 10:46:00+01:00,38.869998931884766,38.8849983215332,38.85499954223633,38.880001068115234,3231,0.0,0.0
2024-12-09 10:47:00+01:00,38.869998931884766,38.89500045776367,38.86000061035156,38.89500045776367,6067,0.0,0.0
2024-12-09 10:48:00+01:00,38.88999938964844,38.90999984741211,38.88999938964844,38.900001525878906,2655,0.0,0.0
2024-12-09 10:49:00+01:00,38.904998779296875,38.90999984741211,38.875,38.90999984741211,8215,0.0,0.0
2024-12-09 10:50:00+01:00,38.89500045776367,38.89500045776367,38.875,38.880001068115234,1763,0.0,0.0
2024-12-09 10:51:00+01:00,38.875,38.875,38.84000015258789,38.84000015258789,9860,0.0,0.0
2024-12-09 10:52:00+01:00,38.83000183105469,38.83000183105469,38.79999923706055,38.79999923706055,3359,0.0,0.0
2024-12-09 10:53:00+01:00,38.810001373291016,38.82500076293945,38.810001373291016,38.82500076293945,3224,0.0,0.0
2024-12-09 10:54:00+01:00,38.81999969482422,38.84000015258789,38.79499816894531,38.79999923706055,35577,0.0,0.0
2024-12-09 10:55:00+01:00,38.810001373291016,38.86000061035156,38.810001373291016,38.86000061035156,3284,0.0,0.0
2024-12-09 10:56:00+01:00,38.85499954223633,38.869998931884766,38.834999084472656,38.834999084472656,5516,0.0,0.0
2024-12-09 10:57:00+01:00,38.82500076293945,38.84000015258789,38.810001373291016,38.83000183105469,2130,0.0,0.0
2024-12-09 10:58:00+01:00,38.845001220703125,38.869998931884766,38.845001220703125,38.869998931884766,17839,0.0,0.0
2024-12-09 10:59:00+01:00,38.869998931884766,38.8849983215332,38.8650016784668,38.880001068115234,18769,0.0,0.0
2024-12-09 11:00:00+01:00,38.8849983215332,38.904998779296875,38.8849983215332,38.88999938964844,4268,0.0,0.0
2024-12-09 11:01:00+01:00,38.88999938964844,38.91999816894531,38.88999938964844,38.91999816894531,15151,0.0,0.0
2024-12-09 11:02:00+01:00,38.90999984741211,38.92499923706055,38.90999984741211,38.92499923706055,1902,0.0,0.0
2024-12-09 11:03:00+01:00,38.92499923706055,38.93000030517578,38.904998779296875,38.92499923706055,5250,0.0,0.0
2024-12-09 11:04:00+01:00,38.91999816894531,38.91999816894531,38.915000915527344,38.91999816894531,6155,0.0,0.0
2024-12-09 11:05:00+01:00,38.93000030517578,38.95000076293945,38.900001525878906,38.904998779296875,17020,0.0,0.0
2024-12-09 11:06:00+01:00,38.900001525878906,38.91999816894531,38.8849983215332,38.8849983215332,10724,0.0,0.0
2024-12-09 11:07:00+01:00,38.880001068115234,38.880001068115234,38.8650016784668,38.880001068115234,4692,0.0,0.0
2024-12-09 11:08:00+01:00,38.869998931884766,38.88999938964844,38.84000015258789,38.845001220703125,15258,0.0,0.0
2024-12-09 11:09:00+01:00,38.849998474121094,38.869998931884766,38.849998474121094,38.869998931884766,1928,0.0,0.0
2024-12-09 11:10:00+01:00,38.869998931884766,38.869998931884766,38.849998474121094,38.849998474121094,4444,0.0,0.0
2024-12-09 11:11:00+01:00,38.85499954223633,38.85499954223633,38.80500030517578,38.80500030517578,4782,0.0,0.0
2024-12-09 11:12:00+01:00,38.80500030517578,38.83000183105469,38.79999923706055,38.810001373291016,11421,0.0,0.0
2024-12-09 11:13:00+01:00,38.79999923706055,38.814998626708984,38.79999923706055,38.814998626708984,1644,0.0,0.0
2024-12-09 11:14:00+01:00,38.810001373291016,38.814998626708984,38.810001373291016,38.810001373291016,502,0.0,0.0
2024-12-09 11:15:00+01:00,38.814998626708984,38.81999969482422,38.810001373291016,38.814998626708984,6465,0.0,0.0
2024-12-09 11:16:00+01:00,38.810001373291016,38.814998626708984,38.78499984741211,38.814998626708984,9998,0.0,0.0
2024-12-09 11:17:00+01:00,38.81999969482422,38.84000015258789,38.810001373291016,38.810001373291016,7697,0.0,0.0
2024-12-09 11:18:00+01:00,38.814998626708984,38.814998626708984,38.790000915527344,38.79999923706055,2551,0.0,0.0
2024-12-09 11:19:00+01:00,38.79999923706055,38.814998626708984,38.775001525878906,38.814998626708984,15732,0.0,0.0
2024-12-09 11:20:00+01:00,38.814998626708984,38.869998931884766,38.814998626708984,38.869998931884766,26850,0.0,0.0
2024-12-09 11:21:00+01:00,38.875,38.880001068115234,38.83000183105469,38.849998474121094,10969,0.0,0.0
2024-12-09 11:22:00+01:00,38.86000061035156,38.869998931884766,38.83000183105469,38.83000183105469,23864,0.0,0.0
2024-12-09 11:23:00+01:00,38.834999084472656,38.834999084472656,38.810001373291016,38.810001373291016,4380,0.0,0.0
2024-12-09 11:24:00+01:00,38.810001373291016,38.84000015258789,38.79999923706055,38.834999084472656,8639,0.0,0.0
2024-12-09 11:25:00+01:00,38.834999084472656,38.834999084472656,38.83000183105469,38.83000183105469,691,0.0,0.0
2024-12-09 11:26:00+01:00,38.834999084472656,38.845001220703125,38.834999084472656,38.84000015258789,2881,0.0,0.0
2024-12-09 11:27:00+01:00,38.845001220703125,38.845001220703125,38.81999969482422,38.81999969482422,2840,0.0,0.0
2024-12-09 11:28:00+01:00,38.814998626708984,38.814998626708984,38.80500030517578,38.80500030517578,7079,0.0,0.0
2024-12-09 11:29:00+01:00,38.810001373291016,38.82500076293945,38.79999923706055,38.82500076293945,8891,0.0,0.0
2024-12-09 11:30:00+01:00,38.82500076293945,38.834999084472656,38.79999923706055,38.83000183105469,6709,0.0,0.0
2024-12-09 11:31:00+01:00,38.834999084472656,38.834999084472656,38.814998626708984,38.834999084472656,4881,0.0,0.0
2024-12-09 11:32:00+01:00,38.83000183105469,38.86000061035156,38.82500076293945,38.85499954223633,11769,0.0,0.0
2024-12-09 11:33:00+01:00,38.86000061035156,38.86000061035156,38.849998474121094,38.849998474121094,2061,0.0,0.0
2024-12-09 11:34:00+01:00,38.85499954223633,38.85499954223633,38.85499954223633,38.85499954223633,499,0.0,0.0
2024-12-09 11:35:00+01:00,38.85499954223633,38.86000061035156,38.849998474121094,38.86000061035156,2379,0.0,0.0
2024-12-09 11:36:00+01:00,38.8650016784668,38.875,38.8650016784668,38.8650016784668,16176,0.0,0.0
2024-12-09 11:37:00+01:00,38.86000061035156,38.875,38.85499954223633,38.875,5297,0.0,0.0
2024-12-09 11:38:00+01:00,38.869998931884766,38.869998931884766,38.845001220703125,38.85499954223633,14256,0.0,0.0
2024-12-09 11:39:00+01:00,38.849998474121094,38.875,38.845001220703125,38.8650016784668,11507,0.0,0.0
2024-12-09 11:40:00+01:00,38.85499954223633,38.880001068115234,38.85499954223633,38.875,31210,0.0,0.0
2024-12-09 11:41:00+01:00,38.869998931884766,38.869998931884766,38.85499954223633,38.869998931884766,24570,0.0,0.0
2024-12-09 11:42:00+01:00,38.8650016784668,38.875,38.86000061035156,38.8650016784668,19392,0.0,0.0
2024-12-09 11:43:00+01:00,38.869998931884766,38.880001068115234,38.869998931884766,38.880001068115234,4029,0.0,0.0
2024-12-09 11:44:00+01:00,38.880001068115234,38.8849983215332,38.85499954223633,38.86000061035156,22146,0.0,0.0
2024-12-09 11:45:00+01:00,38.86000061035156,38.8849983215332,38.86000061035156,38.875,11636,0.0,0.0
2024-12-09 11:46:00+01:00,38.8650016784668,38.875,38.8650016784668,38.869998931884766,4218,0.0,0.0
2024-12-09 11:47:00+01:00,38.8650016784668,38.8650016784668,38.845001220703125,38.86000061035156,17403,0.0,0.0
2024-12-09 11:48:00+01:00,38.85499954223633,38.880001068115234,38.85499954223633,38.875,23855,0.0,0.0
2024-12-09 11:49:00+01:00,38.880001068115234,38.8849983215332,38.875,38.875,2064,0.0,0.0
2024-12-09 11:50:00+01:00,38.8849983215332,38.8849983215332,38.880001068115234,38.880001068115234,6953,0.0,0.0
2024-12-09 11:51:00+01:00,38.8849983215332,38.900001525878906,38.8849983215332,38.89500045776367,22523,0.0,0.0
2024-12-09 11:52:00+01:00,38.89500045776367,38.89500045776367,38.869998931884766,38.880001068115234,12255,0.0,0.0
2024-12-09 11:53:00+01:00,38.880001068115234,38.904998779296875,38.880001068115234,38.880001068115234,33452,0.0,0.0
2024-12-09 11:54:00+01:00,38.880001068115234,38.880001068115234,38.880001068115234,38.880001068115234,1264,0.0,0.0
2024-12-09 11:55:00+01:00,38.8849983215332,38.900001525878906,38.8849983215332,38.8849983215332,4655,0.0,0.0
2024-12-09 11:56:00+01:00,38.8849983215332,38.8849983215332,38.880001068115234,38.880001068115234,329,0.0,0.0
2024-12-09 11:57:00+01:00,38.869998931884766,38.880001068115234,38.869998931884766,38.869998931884766,455,0.0,0.0
2024-12-09 11:58:00+01:00,38.869998931884766,38.880001068115234,38.85499954223633,38.8650016784668,4658,0.0,0.0
2024-12-09 11:59:00+01:00,38.880001068115234,38.89500045776367,38.880001068115234,38.88999938964844,4234,0.0,0.0
2024-12-09 12:00:00+01:00,38.88999938964844,38.900001525878906,38.88999938964844,38.900001525878906,1209,0.0,0.0
2024-12-09 12:01:00+01:00,38.904998779296875,38.90999984741211,38.89500045776367,38.900001525878906,1274,0.0,0.0
2024-12-09 12:02:00+01:00,38.880001068115234,38.88999938964844,38.880001068115234,38.880001068115234,1045,0.0,0.0
2024-12-09 12:03:00+01:00,38.8849983215332,38.88999938964844,38.869998931884766,38.88999938964844,10712,0.0,0.0
2024-12-09 12:04:00+01:00,38.8849983215332,38.89500045776367,38.880001068115234,38.8849983215332,1482,0.0,0.0
2024-12-09 12:05:00+01:00,38.869998931884766,38.869998931884766,38.85499954223633,38.8650016784668,2905,0.0,0.0
2024-12-09 12:06:00+01:00,38.84000015258789,38.84000015258789,38.84000015258789,38.84000015258789,2555,0.0,0.0
2024-12-09 12:07:00+01:00,38.849998474121094,38.85499954223633,38.849998474121094,38.85499954223633,1513,0.0,0.0
2024-12-09 12:08:00+01:00,38.845001220703125,38.845001220703125,38.834999084472656,38.84000015258789,2680,0.0,0.0
2024-12-09 12:09:00+01:00,38.834999084472656,38.834999084472656,38.81999969482422,38.81999969482422,1342,0.0,0.0
2024-12-09 12:10:00+01:00,38.814998626708984,38.81999969482422,38.814998626708984,38.81999969482422,1782,0.0,0.0
2024-12-09 12:11:00+01:00,38.814998626708984,38.83000183105469,38.814998626708984,38.83000183105469,5712,0.0,0.0
2024-12-09 12:12:00+01:00,38.83000183105469,38.84000015258789,38.83000183105469,38.84000015258789,1513,0.0,0.0
2024-12-09 12:13:00+01:00,38.834999084472656,38.834999084472656,38.83000183105469,38.834999084472656,989,0.0,0.0
2024-12-09 12:14:00+01:00,38.84000015258789,38.8650016784668,38.834999084472656,38.8650016784668,3963,0.0,0.0
2024-12-09 12:15:00+01:00,38.8650016784668,38.875,38.8650016784668,38.875,1075,0.0,0.0
2024-12-09 12:16:00+01:00,38.8650016784668,38.8650016784668,38.85499954223633,38.85499954223633,1269,0.0,0.0
2024-12-09 12:17:00+01:00,38.849998474121094,38.85499954223633,38.849998474121094,38.85499954223633,900,0.0,0.0
2024-12-09 12:18:00+01:00,38.845001220703125,38.849998474121094,38.845001220703125,38.849998474121094,1383,0.0,0.0
2024-12-09 12:19:00+01:00,38.849998474121094,38.86000061035156,38.84000015258789,38.849998474121094,2786,0.0,0.0
2024-12-09 12:20:00+01:00,38.85499954223633,38.86000061035156,38.85499954223633,38.86000061035156,465,0.0,0.0
2024-12-09 12:21:00+01:00,38.8650016784668,38.869998931884766,38.86000061035156,38.86000061035156,2277,0.0,0.0
2024-12-09 12:22:00+01:00,38.86000061035156,38.86000061035156,38.849998474121094,38.85499954223633,825,0.0,0.0
2024-12-09 12:23:00+01:00,38.85499954223633,38.86000061035156,38.85499954223633,38.86000061035156,836,0.0,0.0
2024-12-09 12:24:00+01:00,38.8650016784668,38.8650016784668,38.849998474121094,38.849998474121094,7805,0.0,0.0
2024-12-09 12:25:00+01:00,38.85499954223633,38.85499954223633,38.849998474121094,38.85499954223633,948,0.0,0.0
2024-12-09 12:26:00+01:00,38.849998474121094,38.86000061035156,38.849998474121094,38.85499954223633,2488,0.0,0.0
2024-12-09 12:27:00+01:00,38.8650016784668,38.875,38.86000061035156,38.86000061035156,2550,0.0,0.0
2024-12-09 12:28:00+01:00,38.8650016784668,38.869998931884766,38.8650016784668,38.8650016784668,850,0.0,0.0
2024-12-09 12:29:00+01:00,38.8650016784668,38.8650016784668,38.82500076293945,38.82500076293945,4463,0.0,0.0
2024-12-09 12:30:00+01:00,38.82500076293945,38.83000183105469,38.81999969482422,38.81999969482422,1231,0.0,0.0
2024-12-09 12:31:00+01:00,38.83000183105469,38.83000183105469,38.82500076293945,38.83000183105469,8548,0.0,0.0
2024-12-09 12:32:00+01:00,38.834999084472656,38.845001220703125,38.834999084472656,38.84000015258789,3207,0.0,0.0
2024-12-09 12:33:00+01:00,38.84000015258789,38.85499954223633,38.84000015258789,38.849998474121094,4447,0.0,0.0
2024-12-09 12:34:00+01:00,38.85499954223633,38.85499954223633,38.84000015258789,38.845001220703125,1497,0.0,0.0
2024-12-09 12:35:00+01:00,38.849998474121094,38.869998931884766,38.849998474121094,38.869998931884766,7207,0.0,0.0
2024-12-09 12:36:00+01:00,38.869998931884766,38.869998931884766,38.85499954223633,38.85499954223633,1193,0.0,0.0
2024-12-09 12:37:00+01:00,38.86000061035156,38.869998931884766,38.85499954223633,38.8650016784668,6055,0.0,0.0
2024-12-09 12:38:00+01:00,38.86000061035156,38.8650016784668,38.85499954223633,38.8650016784668,2390,0.0,0.0
2024-12-09 12:39:00+01:00,38.8650016784668,38.91999816894531,38.8650016784668,38.900001525878906,13189,0.0,0.0
2024-12-09 12:40:00+01:00,38.904998779296875,38.904998779296875,38.89500045776367,38.89500045776367,2347,0.0,0.0
2024-12-09 12:41:00+01:00,38.904998779296875,38.90999984741211,38.904998779296875,38.90999984741211,731,0.0,0.0
2024-12-09 12:42:00+01:00,38.900001525878906,38.935001373291016,38.900001525878906,38.935001373291016,4611,0.0,0.0
2024-12-09 12:43:00+01:00,38.935001373291016,38.95000076293945,38.91999816894531,38.91999816894531,10003,0.0,0.0
2024-12-09 12:44:00+01:00,38.915000915527344,38.91999816894531,38.90999984741211,38.91999816894531,5595,0.0,0.0
2024-12-09 12:45:00+01:00,38.91999816894531,38.93000030517578,38.915000915527344,38.915000915527344,1937,0.0,0.0
2024-12-09 12:46:00+01:00,38.915000915527344,38.915000915527344,38.904998779296875,38.90999984741211,276,0.0,0.0
2024-12-09 12:47:00+01:00,38.900001525878906,38.904998779296875,38.88999938964844,38.89500045776367,27915,0.0,0.0
2024-12-09 12:48:00+01:00,38.89500045776367,38.904998779296875,38.88999938964844,38.89500045776367,656,0.0,0.0
2024-12-09 12:49:00+01:00,38.89500045776367,38.89500045776367,38.89500045776367,38.89500045776367,486,0.0,0.0
2024-12-09 12:50:00+01:00,38.89500045776367,38.93000030517578,38.88999938964844,38.92499923706055,8005,0.0,0.0
2024-12-09 12:51:00+01:00,38.92499923706055,38.92499923706055,38.915000915527344,38.915000915527344,638,0.0,0.0
2024-12-09 12:52:00+01:00,38.90999984741211,38.90999984741211,38.904998779296875,38.90999984741211,777,0.0,0.0
2024-12-09 12:53:00+01:00,38.90999984741211,38.90999984741211,38.90999984741211,38.90999984741211,750,0.0,0.0
2024-12-09 12:54:00+01:00,38.900001525878906,38.90999984741211,38.89500045776367,38.904998779296875,10794,0.0,0.0
2024-12-09 12:55:00+01:00,38.900001525878906,38.900001525878906,38.869998931884766,38.869998931884766,7604,0.0,0.0
2024-12-09 12:56:00+01:00,38.869998931884766,38.869998931884766,38.86000061035156,38.86000061035156,1457,0.0,0.0
2024-12-09 12:57:00+01:00,38.86000061035156,38.869998931884766,38.85499954223633,38.8650016784668,8870,0.0,0.0
2024-12-09 12:58:00+01:00,38.869998931884766,38.869998931884766,38.86000061035156,38.8650016784668,1270,0.0,0.0
2024-12-09 12:59:00+01:00,38.85499954223633,38.869998931884766,38.85499954223633,38.86000061035156,3298,0.0,0.0
2024-12-09 13:00:00+01:00,38.875,38.89500045776367,38.8650016784668,38.8650016784668,5585,0.0,0.0
2024-12-09 13:02:00+01:00,38.86000061035156,38.869998931884766,38.86000061035156,38.869998931884766,1162,0.0,0.0
2024-12-09 13:03:00+01:00,38.8650016784668,38.8650016784668,38.85499954223633,38.85499954223633,824,0.0,0.0
2024-12-09 13:04:00+01:00,38.8650016784668,38.8650016784668,38.86000061035156,38.86000061035156,1154,0.0,0.0
2024-12-09 13:05:00+01:00,38.86000061035156,38.86000061035156,38.85499954223633,38.85499954223633,990,0.0,0.0
2024-12-09 13:06:00+01:00,38.849998474121094,38.86000061035156,38.849998474121094,38.86000061035156,1736,0.0,0.0
2024-12-09 13:07:00+01:00,38.85499954223633,38.875,38.85499954223633,38.869998931884766,3225,0.0,0.0
2024-12-09 13:08:00+01:00,38.880001068115234,38.8849983215332,38.875,38.875,808,0.0,0.0
2024-12-09 13:09:00+01:00,38.875,38.900001525878906,38.875,38.8849983215332,15608,0.0,0.0
2024-12-09 13:10:00+01:00,38.880001068115234,38.880001068115234,38.8650016784668,38.8650016784668,6174,0.0,0.0
2024-12-09 13:11:00+01:00,38.86000061035156,38.880001068115234,38.86000061035156,38.880001068115234,2082,0.0,0.0
2024-12-09 13:12:00+01:00,38.869998931884766,38.869998931884766,38.86000061035156,38.869998931884766,685,0.0,0.0
2024-12-09 13:13:00+01:00,38.86000061035156,38.880001068115234,38.86000061035156,38.880001068115234,1318,0.0,0.0
2024-12-09 13:15:00+01:00,38.86000061035156,38.86000061035156,38.849998474121094,38.849998474121094,2152,0.0,0.0
2024-12-09 13:16:00+01:00,38.86000061035156,38.869998931884766,38.86000061035156,38.86000061035156,1979,0.0,0.0
2024-12-09 13:17:00+01:00,38.8650016784668,38.8650016784668,38.86000061035156,38.86000061035156,251,0.0,0.0
2024-12-09 13:18:00+01:00,38.849998474121094,38.85499954223633,38.84000015258789,38.84000015258789,2933,0.0,0.0
2024-12-09 13:19:00+01:00,38.84000015258789,38.85499954223633,38.834999084472656,38.85499954223633,4155,0.0,0.0
2024-12-09 13:20:00+01:00,38.849998474121094,38.86000061035156,38.849998474121094,38.86000061035156,695,0.0,0.0
2024-12-09 13:22:00+01:00,38.86000061035156,38.8650016784668,38.85499954223633,38.86000061035156,5260,0.0,0.0
2024-12-09 13:23:00+01:00,38.849998474121094,38.8650016784668,38.849998474121094,38.8650016784668,1632,0.0,0.0
2024-12-09 13:24:00+01:00,38.85499954223633,38.85499954223633,38.85499954223633,38.85499954223633,1867,0.0,0.0
2024-12-09 13:25:00+01:00,38.85499954223633,38.86000061035156,38.85499954223633,38.86000061035156,3535,0.0,0.0
2024-12-09 13:26:00+01:00,38.8650016784668,38.869998931884766,38.8650016784668,38.869998931884766,1309,0.0,0.0
2024-12-09 13:27:00+01:00,38.869998931884766,38.88999938964844,38.869998931884766,38.8849983215332,2612,0.0,0.0
2024-12-09 13:28:00+01:00,38.900001525878906,38.91999816894531,38.900001525878906,38.915000915527344,8873,0.0,0.0
2024-12-09 13:29:00+01:00,38.90999984741211,38.92499923706055,38.90999984741211,38.92499923706055,1323,0.0,0.0
2024-12-09 13:30:00+01:00,38.91999816894531,38.91999816894531,38.91999816894531,38.91999816894531,834,0.0,0.0
2024-12-09 13:31:00+01:00,38.915000915527344,38.915000915527344,38.90999984741211,38.90999984741211,2808,0.0,0.0
2024-12-09 13:32:00+01:00,38.90999984741211,38.90999984741211,38.900001525878906,38.90999984741211,2237,0.0,0.0
2024-12-09 13:33:00+01:00,38.904998779296875,38.90999984741211,38.904998779296875,38.90999984741211,76,0.0,0.0
2024-12-09 13:34:00+01:00,38.900001525878906,38.900001525878906,38.900001525878906,38.900001525878906,249,0.0,0.0
2024-12-09 13:35:00+01:00,38.89500045776367,38.900001525878906,38.88999938964844,38.900001525878906,2007,0.0,0.0
2024-12-09 13:36:00+01:00,38.90999984741211,38.90999984741211,38.900001525878906,38.900001525878906,1881,0.0,0.0
2024-12-09 13:37:00+01:00,38.90999984741211,38.90999984741211,38.900001525878906,38.900001525878906,1435,0.0,0.0
2024-12-09 13:38:00+01:00,38.900001525878906,38.90999984741211,38.900001525878906,38.90999984741211,2039,0.0,0.0
2024-12-09 13:39:00+01:00,38.90999984741211,38.90999984741211,38.900001525878906,38.900001525878906,2018,0.0,0.0
2024-12-09 13:40:00+01:00,38.900001525878906,38.904998779296875,38.900001525878906,38.900001525878906,5663,0.0,0.0
2024-12-09 13:41:00+01:00,38.89500045776367,38.900001525878906,38.89500045776367,38.900001525878906,592,0.0,0.0
2024-12-09 13:42:00+01:00,38.900001525878906,38.900001525878906,38.900001525878906,38.900001525878906,573,0.0,0.0
2024-12-09 13:43:00+01:00,38.904998779296875,38.915000915527344,38.904998779296875,38.90999984741211,2578,0.0,0.0
2024-12-09 13:44:00+01:00,38.90999984741211,38.915000915527344,38.90999984741211,38.915000915527344,2956,0.0,0.0
2024-12-09 13:45:00+01:00,38.90999984741211,38.90999984741211,38.8849983215332,38.8849983215332,2032,0.0,0.0
2024-12-09 13:46:00+01:00,38.880001068115234,38.880001068115234,38.880001068115234,38.880001068115234,35,0.0,0.0
2024-12-09 13:47:00+01:00,38.880001068115234,38.88999938964844,38.880001068115234,38.88999938964844,1525,0.0,0.0
2024-12-09 13:48:00+01:00,38.8849983215332,38.88999938964844,38.8849983215332,38.88999938964844,233,0.0,0.0
2024-12-09 13:50:00+01:00,38.880001068115234,38.880001068115234,38.8650016784668,38.8650016784668,8597,0.0,0.0
2024-12-09 13:51:00+01:00,38.8650016784668,38.8650016784668,38.8650016784668,38.8650016784668,1070,0.0,0.0
2024-12-09 13:52:00+01:00,38.869998931884766,38.869998931884766,38.869998931884766,38.869998931884766,979,0.0,0.0
2024-12-09 13:53:00+01:00,38.875,38.8849983215332,38.875,38.875,1957,0.0,0.0
2024-12-09 13:55:00+01:00,38.86000061035156,38.86000061035156,38.86000061035156,38.86000061035156,359,0.0,0.0
2024-12-09 13:56:00+01:00,38.85499954223633,38.875,38.849998474121094,38.869998931884766,7352,0.0,0.0
2024-12-09 13:57:00+01:00,38.875,38.880001068115234,38.849998474121094,38.85499954223633,4201,0.0,0.0
2024-12-09 13:58:00+01:00,38.85499954223633,38.85499954223633,38.79999923706055,38.834999084472656,28964,0.0,0.0
2024-12-09 13:59:00+01:00,38.82500076293945,38.84000015258789,38.82500076293945,38.83000183105469,1759,0.0,0.0
2024-12-09 14:00:00+01:00,38.84000015258789,38.845001220703125,38.834999084472656,38.845001220703125,1871,0.0,0.0
2024-12-09 14:01:00+01:00,38.84000015258789,38.86000061035156,38.83000183105469,38.849998474121094,10895,0.0,0.0
2024-12-09 14:02:00+01:00,38.85499954223633,38.85499954223633,38.845001220703125,38.845001220703125,1118,0.0,0.0
2024-12-09 14:03:00+01:00,38.849998474121094,38.849998474121094,38.84000015258789,38.84000015258789,1336,0.0,0.0
2024-12-09 14:05:00+01:00,38.849998474121094,38.869998931884766,38.849998474121094,38.85499954223633,3030,0.0,0.0
2024-12-09 14:06:00+01:00,38.85499954223633,38.869998931884766,38.85499954223633,38.8650016784668,2145,0.0,0.0
2024-12-09 14:07:00+01:00,38.869998931884766,38.869998931884766,38.86000061035156,38.86000061035156,325,0.0,0.0
2024-12-09 14:08:00+01:00,38.8650016784668,38.869998931884766,38.85499954223633,38.85499954223633,2054,0.0,0.0
2024-12-09 14:10:00+01:00,38.85499954223633,38.85499954223633,38.845001220703125,38.845001220703125,1100,0.0,0.0
2024-12-09 14:11:00+01:00,38.834999084472656,38.85499954223633,38.83000183105469,38.85499954223633,3507,0.0,0.0
2024-12-09 14:12:00+01:00,38.86000061035156,38.86000061035156,38.85499954223633,38.85499954223633,670,0.0,0.0
2024-12-09 14:13:00+01:00,38.85499954223633,38.86000061035156,38.849998474121094,38.86000061035156,2120,0.0,0.0
2024-12-09 14:14:00+01:00,38.86000061035156,38.869998931884766,38.86000061035156,38.869998931884766,4299,0.0,0.0
2024-12-09 14:15:00+01:00,38.869998931884766,38.869998931884766,38.86000061035156,38.86000061035156,4103,0.0,0.0
2024-12-09 14:16:00+01:00,38.85499954223633,38.85499954223633,38.85499954223633,38.85499954223633,367,0.0,0.0
2024-12-09 14:17:00+01:00,38.8650016784668,38.869998931884766,38.85499954223633,38.85499954223633,6805,0.0,0.0
2024-12-09 14:18:00+01:00,38.86000061035156,38.86000061035156,38.849998474121094,38.849998474121094,924,0.0,0.0
2024-12-09 14:19:00+01:00,38.86000061035156,38.8650016784668,38.86000061035156,38.8650016784668,566,0.0,0.0
2024-12-09 14:20:00+01:00,38.86000061035156,38.86000061035156,38.834999084472656,38.845001220703125,2107,0.0,0.0
2024-12-09 14:21:00+01:00,38.84000015258789,38.845001220703125,38.84000015258789,38.84000015258789,2094,0.0,0.0
2024-12-09 14:22:00+01:00,38.845001220703125,38.849998474121094,38.84000015258789,38.84000015258789,6135,0.0,0.0
2024-12-09 14:23:00+01:00,38.849998474121094,38.85499954223633,38.849998474121094,38.85499954223633,3063,0.0,0.0
2024-12-09 14:24:00+01:00,38.85499954223633,38.85499954223633,38.85499954223633,38.85499954223633,786,0.0,0.0
2024-12-09 14:25:00+01:00,38.86000061035156,38.869998931884766,38.86000061035156,38.8650016784668,2113,0.0,0.0
2024-12-09 14:26:00+01:00,38.869998931884766,38.869998931884766,38.869998931884766,38.869998931884766,281,0.0,0.0
2024-12-09 14:27:00+01:00,38.869998931884766,38.869998931884766,38.869998931884766,38.869998931884766,5143,0.0,0.0
2024-12-09 14:28:00+01:00,38.875,38.8849983215332,38.875,38.8849983215332,1749,0.0,0.0
2024-12-09 14:29:00+01:00,38.8849983215332,38.89500045776367,38.8849983215332,38.89500045776367,502,0.0,0.0
2024-12-09 14:30:00+01:00,38.8849983215332,38.8849983215332,38.880001068115234,38.880001068115234,637,0.0,0.0
2024-12-09 14:31:00+01:00,38.8849983215332,38.89500045776367,38.8849983215332,38.8849983215332,2830,0.0,0.0
2024-12-09 14:32:00+01:00,38.880001068115234,38.8849983215332,38.880001068115234,38.8849983215332,660,0.0,0.0
2024-12-09 14:33:00+01:00,38.880001068115234,38.880001068115234,38.875,38.875,1386,0.0,0.0
2024-12-09 14:34:00+01:00,38.875,38.875,38.8650016784668,38.8650016784668,633,0.0,0.0
2024-12-09 14:35:00+01:00,38.86000061035156,38.86000061035156,38.86000061035156,38.86000061035156,1261,0.0,0.0
2024-12-09 14:36:00+01:00,38.85499954223633,38.8650016784668,38.85499954223633,38.8650016784668,973,0.0,0.0
2024-12-09 14:37:00+01:00,38.86000061035156,38.86000061035156,38.86000061035156,38.86000061035156,349,0.0,0.0
2024-12-09 14:38:00+01:00,38.86000061035156,38.8650016784668,38.849998474121094,38.8650016784668,1006,0.0,0.0
2024-12-09 14:39:00+01:00,38.8650016784668,38.8650016784668,38.8650016784668,38.8650016784668,388,0.0,0.0
2024-12-09 14:41:00+01:00,38.8650016784668,38.880001068115234,38.8650016784668,38.869998931884766,5700,0.0,0.0
2024-12-09 14:42:00+01:00,38.86000061035156,38.86000061035156,38.86000061035156,38.86000061035156,690,0.0,0.0
2024-12-09 14:43:00+01:00,38.85499954223633,38.85499954223633,38.849998474121094,38.85499954223633,3341,0.0,0.0
2024-12-09 14:44:00+01:00,38.86000061035156,38.86000061035156,38.85499954223633,38.86000061035156,369,0.0,0.0
2024-12-09 14:45:00+01:00,38.85499954223633,38.85499954223633,38.85499954223633,38.85499954223633,769,0.0,0.0
2024-12-09 14:46:00+01:00,38.8650016784668,38.869998931884766,38.8650016784668,38.869998931884766,1230,0.0,0.0
2024-12-09 14:47:00+01:00,38.8650016784668,38.8650016784668,38.85499954223633,38.86000061035156,849,0.0,0.0
2024-12-09 14:48:00+01:00,38.85499954223633,38.86000061035156,38.85499954223633,38.85499954223633,472,0.0,0.0
2024-12-09 14:49:00+01:00,38.86000061035156,38.86000061035156,38.86000061035156,38.86000061035156,1026,0.0,0.0
2024-12-09 14:50:00+01:00,38.86000061035156,38.875,38.86000061035156,38.869998931884766,13925,0.0,0.0
2024-12-09 14:51:00+01:00,38.875,38.880001068115234,38.875,38.880001068115234,496,0.0,0.0
2024-12-09 14:52:00+01:00,38.880001068115234,38.8849983215332,38.8650016784668,38.8650016784668,2413,0.0,0.0
2024-12-09 14:53:00+01:00,38.869998931884766,38.869998931884766,38.869998931884766,38.869998931884766,250,0.0,0.0
2024-12-09 14:54:00+01:00,38.875,38.875,38.875,38.875,273,0.0,0.0
2024-12-09 14:55:00+01:00,38.880001068115234,38.900001525878906,38.880001068115234,38.89500045776367,6112,0.0,0.0
2024-12-09 14:56:00+01:00,38.89500045776367,38.89500045776367,38.89500045776367,38.89500045776367,250,0.0,0.0
2024-12-09 14:57:00+01:00,38.89500045776367,38.89500045776367,38.880001068115234,38.880001068115234,2448,0.0,0.0
2024-12-09 14:58:00+01:00,38.8849983215332,38.88999938964844,38.8849983215332,38.88999938964844,9670,0.0,0.0
2024-12-09 14:59:00+01:00,38.89500045776367,38.90999984741211,38.89500045776367,38.90999984741211,4299,0.0,0.0
2024-12-09 15:00:00+01:00,38.90999984741211,38.90999984741211,38.904998779296875,38.90999984741211,1283,0.0,0.0
2024-12-09 15:01:00+01:00,38.91999816894531,38.91999816894531,38.904998779296875,38.915000915527344,3108,0.0,0.0
2024-12-09 15:02:00+01:00,38.90999984741211,38.91999816894531,38.90999984741211,38.91999816894531,3470,0.0,0.0
2024-12-09 15:03:00+01:00,38.915000915527344,38.93000030517578,38.915000915527344,38.92499923706055,13061,0.0,0.0
2024-12-09 15:04:00+01:00,38.92499923706055,38.93000030517578,38.91999816894531,38.93000030517578,3299,0.0,0.0
2024-12-09 15:05:00+01:00,38.91999816894531,38.91999816894531,38.900001525878906,38.90999984741211,4568,0.0,0.0
2024-12-09 15:06:00+01:00,38.90999984741211,38.90999984741211,38.900001525878906,38.90999984741211,4080,0.0,0.0
2024-12-09 15:07:00+01:00,38.904998779296875,38.904998779296875,38.89500045776367,38.900001525878906,6710,0.0,0.0
2024-12-09 15:08:00+01:00,38.904998779296875,38.904998779296875,38.904998779296875,38.904998779296875,89,0.0,0.0
2024-12-09 15:09:00+01:00,38.89500045776367,38.89500045776367,38.89500045776367,38.89500045776367,292,0.0,0.0
2024-12-09 15:10:00+01:00,38.8849983215332,38.8849983215332,38.8849983215332,38.8849983215332,4854,0.0,0.0
2024-12-09 15:11:00+01:00,38.880001068115234,38.8849983215332,38.8650016784668,38.8849983215332,5377,0.0,0.0
2024-12-09 15:12:00+01:00,38.880001068115234,38.880001068115234,38.869998931884766,38.869998931884766,652,0.0,0.0
2024-12-09 15:13:00+01:00,38.86000061035156,38.880001068115234,38.86000061035156,38.880001068115234,3452,0.0,0.0
2024-12-09 15:14:00+01:00,38.880001068115234,38.88999938964844,38.880001068115234,38.880001068115234,3022,0.0,0.0
2024-12-09 15:15:00+01:00,38.869998931884766,38.869998931884766,38.869998931884766,38.869998931884766,499,0.0,0.0
2024-12-09 15:16:00+01:00,38.875,38.875,38.8650016784668,38.869998931884766,1560,0.0,0.0
2024-12-09 15:17:00+01:00,38.880001068115234,38.89500045776367,38.875,38.89500045776367,3358,0.0,0.0
2024-12-09 15:19:00+01:00,38.8849983215332,38.89500045776367,38.8849983215332,38.89500045776367,1272,0.0,0.0
2024-12-09 15:20:00+01:00,38.880001068115234,38.8849983215332,38.880001068115234,38.8849983215332,2436,0.0,0.0
2024-12-09 15:21:00+01:00,38.88999938964844,38.89500045776367,38.88999938964844,38.89500045776367,1404,0.0,0.0
2024-12-09 15:22:00+01:00,38.89500045776367,38.904998779296875,38.89500045776367,38.904998779296875,3778,0.0,0.0
2024-12-09 15:23:00+01:00,38.915000915527344,38.935001373291016,38.915000915527344,38.93000030517578,2334,0.0,0.0
2024-12-09 15:24:00+01:00,38.92499923706055,38.92499923706055,38.915000915527344,38.915000915527344,898,0.0,0.0
2024-12-09 15:25:00+01:00,38.915000915527344,38.915000915527344,38.90999984741211,38.90999984741211,3266,0.0,0.0
2024-12-09 15:26:00+01:00,38.904998779296875,38.91999816894531,38.900001525878906,38.915000915527344,2850,0.0,0.0
2024-12-09 15:27:00+01:00,38.904998779296875,38.90999984741211,38.904998779296875,38.90999984741211,3918,0.0,0.0
2024-12-09 15:29:00+01:00,38.904998779296875,38.90999984741211,38.8849983215332,38.8849983215332,6284,0.0,0.0
2024-12-09 15:30:00+01:00,38.8849983215332,38.89500045776367,38.85499954223633,38.869998931884766,19409,0.0,0.0
2024-12-09 15:31:00+01:00,38.869998931884766,38.869998931884766,38.849998474121094,38.86000061035156,4873,0.0,0.0
2024-12-09 15:32:00+01:00,38.8650016784668,38.8650016784668,38.845001220703125,38.845001220703125,8157,0.0,0.0
2024-12-09 15:33:00+01:00,38.845001220703125,38.869998931884766,38.845001220703125,38.869998931884766,4940,0.0,0.0
2024-12-09 15:34:00+01:00,38.869998931884766,38.869998931884766,38.81999969482422,38.83000183105469,5121,0.0,0.0
2024-12-09 15:35:00+01:00,38.834999084472656,38.845001220703125,38.834999084472656,38.845001220703125,3680,0.0,0.0
2024-12-09 15:36:00+01:00,38.849998474121094,38.880001068115234,38.849998474121094,38.86000061035156,6426,0.0,0.0
2024-12-09 15:37:00+01:00,38.86000061035156,38.869998931884766,38.86000061035156,38.869998931884766,1372,0.0,0.0
2024-12-09 15:38:00+01:00,38.875,38.875,38.86000061035156,38.86000061035156,1241,0.0,0.0
2024-12-09 15:39:00+01:00,38.8650016784668,38.880001068115234,38.86000061035156,38.875,2901,0.0,0.0
2024-12-09 15:40:00+01:00,38.875,38.880001068115234,38.869998931884766,38.869998931884766,1044,0.0,0.0
2024-12-09 15:41:00+01:00,38.875,38.875,38.875,38.875,1794,0.0,0.0
2024-12-09 15:42:00+01:00,38.880001068115234,38.880001068115234,38.880001068115234,38.880001068115234,474,0.0,0.0
2024-12-09 15:43:00+01:00,38.875,38.875,38.869998931884766,38.875,2041,0.0,0.0
2024-12-09 15:44:00+01:00,38.8849983215332,38.8849983215332,38.8650016784668,38.880001068115234,5982,0.0,0.0
2024-12-09 15:45:00+01:00,38.880001068115234,38.8849983215332,38.880001068115234,38.8849983215332,867,0.0,0.0
2024-12-09 15:46:00+01:00,38.875,38.88999938964844,38.8650016784668,38.88999938964844,6342,0.0,0.0
2024-12-09 15:47:00+01:00,38.89500045776367,38.90999984741211,38.880001068115234,38.880001068115234,5806,0.0,0.0
2024-12-09 15:48:00+01:00,38.875,38.89500045776367,38.869998931884766,38.8849983215332,2314,0.0,0.0
2024-12-09 15:49:00+01:00,38.8849983215332,38.88999938964844,38.875,38.88999938964844,3062,0.0,0.0
2024-12-09 15:50:00+01:00,38.89500045776367,38.900001525878906,38.89500045776367,38.900001525878906,1433,0.0,0.0
2024-12-09 15:51:00+01:00,38.88999938964844,38.900001525878906,38.880001068115234,38.8849983215332,20621,0.0,0.0
2024-12-09 15:52:00+01:00,38.8849983215332,38.88999938964844,38.880001068115234,38.88999938964844,2699,0.0,0.0
2024-12-09 15:53:00+01:00,38.8849983215332,38.915000915527344,38.8849983215332,38.904998779296875,20066,0.0,0.0
2024-12-09 15:54:00+01:00,38.900001525878906,38.90999984741211,38.88999938964844,38.900001525878906,3043,0.0,0.0
2024-12-09 15:55:00+01:00,38.900001525878906,38.900001525878906,38.8849983215332,38.8849983215332,3497,0.0,0.0
2024-12-09 15:56:00+01:00,38.88999938964844,38.89500045776367,38.880001068115234,38.8849983215332,2077,0.0,0.0
2024-12-09 15:57:00+01:00,38.880001068115234,38.880001068115234,38.869998931884766,38.875,6384,0.0,0.0
2024-12-09 15:58:00+01:00,38.869998931884766,38.869998931884766,38.8650016784668,38.8650016784668,289,0.0,0.0
2024-12-09 15:59:00+01:00,38.86000061035156,38.880001068115234,38.85499954223633,38.875,4367,0.0,0.0
2024-12-09 16:00:00+01:00,38.875,38.880001068115234,38.86000061035156,38.875,8733,0.0,0.0
2024-12-09 16:01:00+01:00,38.869998931884766,38.875,38.834999084472656,38.86000061035156,8542,0.0,0.0
2024-12-09 16:02:00+01:00,38.86000061035156,38.8849983215332,38.86000061035156,38.869998931884766,5937,0.0,0.0
2024-12-09 16:03:00+01:00,38.8650016784668,38.900001525878906,38.85499954223633,38.875,26321,0.0,0.0
2024-12-09 16:04:00+01:00,38.875,38.875,38.8650016784668,38.8650016784668,1510,0.0,0.0
2024-12-09 16:05:00+01:00,38.86000061035156,38.86000061035156,38.84000015258789,38.84000015258789,8815,0.0,0.0
2024-12-09 16:06:00+01:00,38.845001220703125,38.880001068115234,38.84000015258789,38.869998931884766,15029,0.0,0.0
2024-12-09 16:07:00+01:00,38.869998931884766,38.869998931884766,38.845001220703125,38.8650016784668,10676,0.0,0.0
2024-12-09 16:08:00+01:00,38.8650016784668,38.875,38.86000061035156,38.875,4696,0.0,0.0
2024-12-09 16:09:00+01:00,38.875,38.900001525878906,38.875,38.900001525878906,14492,0.0,0.0
2024-12-09 16:10:00+01:00,38.904998779296875,38.91999816894531,38.88999938964844,38.88999938964844,13086,0.0,0.0
2024-12-09 16:11:00+01:00,38.8849983215332,38.900001525878906,38.880001068115234,38.88999938964844,5424,0.0,0.0
2024-12-09 16:12:00+01:00,38.880001068115234,38.8849983215332,38.875,38.8849983215332,2226,0.0,0.0
2024-12-09 16:13:00+01:00,38.88999938964844,38.935001373291016,38.88999938964844,38.935001373291016,6218,0.0,0.0
2024-12-09 16:14:00+01:00,38.93000030517578,38.959999084472656,38.92499923706055,38.95000076293945,9237,0.0,0.0
2024-12-09 16:15:00+01:00,38.939998626708984,38.95000076293945,38.939998626708984,38.94499969482422,1801,0.0,0.0
2024-12-09 16:16:00+01:00,38.94499969482422,38.95000076293945,38.92499923706055,38.93000030517578,5512,0.0,0.0
2024-12-09 16:17:00+01:00,38.93000030517578,38.935001373291016,38.90999984741211,38.90999984741211,6572,0.0,0.0
2024-12-09 16:18:00+01:00,38.915000915527344,38.91999816894531,38.904998779296875,38.90999984741211,2315,0.0,0.0
2024-12-09 16:19:00+01:00,38.915000915527344,38.935001373291016,38.915000915527344,38.92499923706055,5531,0.0,0.0
2024-12-09 16:20:00+01:00,38.92499923706055,38.92499923706055,38.8849983215332,38.8849983215332,8754,0.0,0.0
2024-12-09 16:21:00+01:00,38.88999938964844,38.88999938964844,38.8650016784668,38.8650016784668,12766,0.0,0.0
2024-12-09 16:22:00+01:00,38.8650016784668,38.8650016784668,38.84000015258789,38.84000015258789,18602,0.0,0.0
2024-12-09 16:23:00+01:00,38.84000015258789,38.849998474121094,38.82500076293945,38.83000183105469,12079,0.0,0.0
2024-12-09 16:24:00+01:00,38.82500076293945,38.845001220703125,38.82500076293945,38.845001220703125,7658,0.0,0.0
2024-12-09 16:25:00+01:00,38.849998474121094,38.849998474121094,38.81999969482422,38.83000183105469,10042,0.0,0.0
2024-12-09 16:26:00+01:00,38.82500076293945,38.82500076293945,38.7599983215332,38.77000045776367,40069,0.0,0.0
2024-12-09 16:27:00+01:00,38.78499984741211,38.790000915527344,38.775001525878906,38.790000915527344,7527,0.0,0.0
2024-12-09 16:28:00+01:00,38.79499816894531,38.79499816894531,38.78499984741211,38.790000915527344,2540,0.0,0.0
2024-12-09 16:29:00+01:00,38.790000915527344,38.790000915527344,38.7400016784668,38.7400016784668,16859,0.0,0.0
2024-12-09 16:30:00+01:00,38.744998931884766,38.78499984741211,38.744998931884766,38.76499938964844,9124,0.0,0.0
2024-12-09 16:31:00+01:00,38.76499938964844,38.76499938964844,38.755001068115234,38.755001068115234,4108,0.0,0.0
2024-12-09 16:32:00+01:00,38.75,38.76499938964844,38.7400016784668,38.7599983215332,30114,0.0,0.0
2024-12-09 16:33:00+01:00,38.76499938964844,38.78499984741211,38.755001068115234,38.779998779296875,5739,0.0,0.0
2024-12-09 16:34:00+01:00,38.775001525878906,38.775001525878906,38.77000045776367,38.77000045776367,4241,0.0,0.0
2024-12-09 16:35:00+01:00,38.77000045776367,38.779998779296875,38.7599983215332,38.779998779296875,5797,0.0,0.0
2024-12-09 16:36:00+01:00,38.779998779296875,38.79499816894531,38.77000045776367,38.79499816894531,6776,0.0,0.0
2024-12-09 16:37:00+01:00,38.79999923706055,38.814998626708984,38.779998779296875,38.790000915527344,6853,0.0,0.0
2024-12-09 16:38:00+01:00,38.790000915527344,38.79499816894531,38.77000045776367,38.77000045776367,3808,0.0,0.0
2024-12-09 16:39:00+01:00,38.77000045776367,38.77000045776367,38.73500061035156,38.7599983215332,16915,0.0,0.0
2024-12-09 16:40:00+01:00,38.76499938964844,38.77000045776367,38.76499938964844,38.77000045776367,2813,0.0,0.0
2024-12-09 16:41:00+01:00,38.775001525878906,38.779998779296875,38.7599983215332,38.77000045776367,15467,0.0,0.0
2024-12-09 16:42:00+01:00,38.76499938964844,38.77000045776367,38.755001068115234,38.77000045776367,4364,0.0,0.0
2024-12-09 16:43:00+01:00,38.76499938964844,38.77000045776367,38.76499938964844,38.77000045776367,2844,0.0,0.0
2024-12-09 16:44:00+01:00,38.77000045776367,38.77000045776367,38.755001068115234,38.7599983215332,5850,0.0,0.0
2024-12-09 16:45:00+01:00,38.77000045776367,38.779998779296875,38.7599983215332,38.775001525878906,9369,0.0,0.0
2024-12-09 16:46:00+01:00,38.779998779296875,38.78499984741211,38.775001525878906,38.779998779296875,3885,0.0,0.0
2024-12-09 16:47:00+01:00,38.775001525878906,38.775001525878906,38.72999954223633,38.72999954223633,20987,0.0,0.0
2024-12-09 16:48:00+01:00,38.724998474121094,38.76499938964844,38.71500015258789,38.75,13311,0.0,0.0
2024-12-09 16:49:00+01:00,38.755001068115234,38.775001525878906,38.755001068115234,38.77000045776367,2803,0.0,0.0
2024-12-09 16:50:00+01:00,38.77000045776367,38.77000045776367,38.7599983215332,38.7599983215332,4921,0.0,0.0
2024-12-09 16:51:00+01:00,38.76499938964844,38.77000045776367,38.75,38.75,3514,0.0,0.0
2024-12-09 16:52:00+01:00,38.75,38.75,38.73500061035156,38.73500061035156,1792,0.0,0.0
2024-12-09 16:53:00+01:00,38.744998931884766,38.744998931884766,38.7400016784668,38.7400016784668,1722,0.0,0.0
2024-12-09 16:54:00+01:00,38.73500061035156,38.7400016784668,38.73500061035156,38.73500061035156,1607,0.0,0.0
2024-12-09 16:55:00+01:00,38.73500061035156,38.73500061035156,38.71500015258789,38.71500015258789,11627,0.0,0.0
2024-12-09 16:56:00+01:00,38.720001220703125,38.720001220703125,38.70500183105469,38.71500015258789,8836,0.0,0.0
2024-12-09 16:57:00+01:00,38.70500183105469,38.709999084472656,38.689998626708984,38.689998626708984,32035,0.0,0.0
2024-12-09 16:58:00+01:00,38.689998626708984,38.69499969482422,38.685001373291016,38.689998626708984,4120,0.0,0.0
2024-12-09 17:01:00+01:00,38.71500015258789,38.72999954223633,38.70500183105469,38.709999084472656,40280,0.0,0.0
2024-12-09 17:02:00+01:00,38.70500183105469,38.709999084472656,38.689998626708984,38.70000076293945,6678,0.0,0.0
2024-12-09 17:03:00+01:00,38.69499969482422,38.71500015258789,38.69499969482422,38.709999084472656,6603,0.0,0.0
2024-12-09 17:04:00+01:00,38.709999084472656,38.720001220703125,38.70500183105469,38.71500015258789,6295,0.0,0.0
2024-12-09 17:05:00+01:00,38.71500015258789,38.720001220703125,38.70000076293945,38.720001220703125,6776,0.0,0.0
2024-12-09 17:06:00+01:00,38.71500015258789,38.720001220703125,38.70500183105469,38.70500183105469,4042,0.0,0.0
2024-12-09 17:07:00+01:00,38.70000076293945,38.70000076293945,38.689998626708984,38.70000076293945,28696,0.0,0.0
2024-12-09 17:08:00+01:00,38.70000076293945,38.70500183105469,38.69499969482422,38.70000076293945,7493,0.0,0.0
2024-12-09 17:09:00+01:00,38.70000076293945,38.70000076293945,38.665000915527344,38.665000915527344,13223,0.0,0.0
2024-12-09 17:10:00+01:00,38.66999816894531,38.69499969482422,38.665000915527344,38.69499969482422,14760,0.0,0.0
2024-12-09 17:11:00+01:00,38.70000076293945,38.71500015258789,38.689998626708984,38.689998626708984,20400,0.0,0.0
2024-12-09 17:12:00+01:00,38.689998626708984,38.69499969482422,38.67499923706055,38.689998626708984,15062,0.0,0.0
2024-12-09 17:13:00+01:00,38.69499969482422,38.69499969482422,38.685001373291016,38.685001373291016,4847,0.0,0.0
2024-12-09 17:14:00+01:00,38.689998626708984,38.69499969482422,38.654998779296875,38.654998779296875,15401,0.0,0.0
2024-12-09 17:15:00+01:00,38.654998779296875,38.654998779296875,38.619998931884766,38.630001068115234,34413,0.0,0.0
2024-12-09 17:16:00+01:00,38.625,38.63999938964844,38.619998931884766,38.625,13119,0.0,0.0
2024-12-09 17:17:00+01:00,38.619998931884766,38.63999938964844,38.6150016784668,38.63999938964844,14377,0.0,0.0
2024-12-09 17:18:00+01:00,38.63999938964844,38.64500045776367,38.6349983215332,38.63999938964844,5512,0.0,0.0
2024-12-09 17:19:00+01:00,38.64500045776367,38.64500045776367,38.6150016784668,38.630001068115234,9031,0.0,0.0
2024-12-09 17:20:00+01:00,38.630001068115234,38.654998779296875,38.619998931884766,38.650001525878906,28461,0.0,0.0
2024-12-09 17:21:00+01:00,38.65999984741211,38.665000915527344,38.64500045776367,38.64500045776367,7965,0.0,0.0
2024-12-09 17:22:00+01:00,38.650001525878906,38.650001525878906,38.6349983215332,38.6349983215332,7662,0.0,0.0
2024-12-09 17:23:00+01:00,38.6349983215332,38.654998779296875,38.619998931884766,38.654998779296875,21163,0.0,0.0
2024-12-09 17:24:00+01:00,38.654998779296875,38.685001373291016,38.64500045776367,38.68000030517578,15515,0.0,0.0
2024-12-09 17:25:00+01:00,38.67499923706055,38.70500183105469,38.665000915527344,38.70500183105469,24727,0.0,0.0
2024-12-09 17:26:00+01:00,38.70000076293945,38.709999084472656,38.70000076293945,38.70500183105469,38010,0.0,0.0
2024-12-09 17:27:00+01:00,38.70000076293945,38.70000076293945,38.66999816894531,38.685001373291016,18233,0.0,0.0
2024-12-09 17:28:00+01:00,38.685001373291016,38.685001373291016,38.654998779296875,38.654998779296875,18642,0.0,0.0
2024-12-09 17:29:00+01:00,38.65999984741211,38.70500183105469,38.654998779296875,38.689998626708984,23132,0.0,0.0
