time,Open,High,Low,Close,Volume,Dividends,Stock Splits
2024-12-12 09:00:00+01:00,39.10499954223633,39.25,39.10499954223633,39.16999816894531,0,0.0,0.0
2024-12-12 09:01:00+01:00,39.14500045776367,39.27000045776367,39.14500045776367,39.20500183105469,72258,0.0,0.0
2024-12-12 09:02:00+01:00,39.21500015258789,39.244998931884766,39.154998779296875,39.22999954223633,38430,0.0,0.0
2024-12-12 09:03:00+01:00,39.21500015258789,39.2400016784668,39.185001373291016,39.21500015258789,36950,0.0,0.0
2024-12-12 09:04:00+01:00,39.224998474121094,39.25,39.19499969482422,39.25,110671,0.0,0.0
2024-12-12 09:05:00+01:00,39.224998474121094,39.2599983215332,39.165000915527344,39.20500183105469,24480,0.0,0.0
2024-12-12 09:06:00+01:00,39.21500015258789,39.290000915527344,39.21500015258789,39.28499984741211,25692,0.0,0.0
2024-12-12 09:07:00+01:00,39.275001525878906,39.310001373291016,39.2400016784668,39.2400016784668,41425,0.0,0.0
2024-12-12 09:08:00+01:00,39.2400016784668,39.25,39.18000030517578,39.22999954223633,29411,0.0,0.0
2024-12-12 09:09:00+01:00,39.22999954223633,39.2400016784668,39.1150016784668,39.13999938964844,16507,0.0,0.0
2024-12-12 09:10:00+01:00,39.130001068115234,39.13999938964844,39.099998474121094,39.1349983215332,21477,0.0,0.0
2024-12-12 09:11:00+01:00,39.125,39.1349983215332,39.10499954223633,39.10499954223633,7838,0.0,0.0
2024-12-12 09:12:00+01:00,39.11000061035156,39.11000061035156,39.04999923706055,39.04999923706055,29277,0.0,0.0
2024-12-12 09:13:00+01:00,39.05500030517578,39.060001373291016,39.0099983215332,39.04999923706055,18866,0.0,0.0
2024-12-12 09:14:00+01:00,39.060001373291016,39.095001220703125,39.040000915527344,39.06999969482422,11587,0.0,0.0
2024-12-12 09:15:00+01:00,39.05500030517578,39.1150016784668,39.05500030517578,39.11000061035156,19007,0.0,0.0
2024-12-12 09:16:00+01:00,39.119998931884766,39.19499969482422,39.119998931884766,39.17499923706055,10128,0.0,0.0
2024-12-12 09:17:00+01:00,39.16999816894531,39.17499923706055,39.165000915527344,39.16999816894531,8437,0.0,0.0
2024-12-12 09:18:00+01:00,39.154998779296875,39.15999984741211,39.14500045776367,39.150001525878906,15252,0.0,0.0
2024-12-12 09:19:00+01:00,39.1349983215332,39.14500045776367,39.11000061035156,39.11000061035156,5568,0.0,0.0
2024-12-12 09:20:00+01:00,39.125,39.130001068115234,39.11000061035156,39.11000061035156,4205,0.0,0.0
2024-12-12 09:21:00+01:00,39.10499954223633,39.130001068115234,39.099998474121094,39.11000061035156,5193,0.0,0.0
2024-12-12 09:22:00+01:00,39.1150016784668,39.1150016784668,39.09000015258789,39.099998474121094,5160,0.0,0.0
2024-12-12 09:23:00+01:00,39.099998474121094,39.099998474121094,39.07500076293945,39.084999084472656,19485,0.0,0.0
2024-12-12 09:24:00+01:00,39.09000015258789,39.119998931884766,39.084999084472656,39.084999084472656,15488,0.0,0.0
2024-12-12 09:25:00+01:00,39.08000183105469,39.10499954223633,39.08000183105469,39.08000183105469,23417,0.0,0.0
2024-12-12 09:26:00+01:00,39.084999084472656,39.084999084472656,39.060001373291016,39.060001373291016,3121,0.0,0.0
2024-12-12 09:27:00+01:00,39.060001373291016,39.060001373291016,39.04499816894531,39.05500030517578,10623,0.0,0.0
2024-12-12 09:28:00+01:00,39.04999923706055,39.060001373291016,39.04999923706055,39.05500030517578,3544,0.0,0.0
2024-12-12 09:29:00+01:00,39.05500030517578,39.119998931884766,39.05500030517578,39.11000061035156,26766,0.0,0.0
2024-12-12 09:30:00+01:00,39.099998474121094,39.130001068115234,39.09000015258789,39.095001220703125,9920,0.0,0.0
2024-12-12 09:31:00+01:00,39.099998474121094,39.099998474121094,39.04499816894531,39.04999923706055,2353,0.0,0.0
2024-12-12 09:32:00+01:00,39.060001373291016,39.08000183105469,39.060001373291016,39.064998626708984,4263,0.0,0.0
2024-12-12 09:33:00+01:00,39.060001373291016,39.06999969482422,39.04999923706055,39.06999969482422,5756,0.0,0.0
2024-12-12 09:34:00+01:00,39.07500076293945,39.07500076293945,39.02000045776367,39.02000045776367,43141,0.0,0.0
2024-12-12 09:35:00+01:00,39.0099983215332,39.03499984741211,38.98500061035156,39.0,12638,0.0,0.0
2024-12-12 09:36:00+01:00,39.0,39.0,38.970001220703125,38.98500061035156,8867,0.0,0.0
2024-12-12 09:37:00+01:00,38.974998474121094,38.97999954223633,38.95500183105469,38.95500183105469,11150,0.0,0.0
2024-12-12 09:38:00+01:00,38.95500183105469,38.95500183105469,38.939998626708984,38.94499969482422,18116,0.0,0.0
2024-12-12 09:39:00+01:00,38.939998626708984,38.939998626708984,38.90999984741211,38.90999984741211,10207,0.0,0.0
2024-12-12 09:40:00+01:00,38.91999816894531,38.959999084472656,38.88999938964844,38.94499969482422,31199,0.0,0.0
2024-12-12 09:41:00+01:00,38.935001373291016,38.95500183105469,38.91999816894531,38.95500183105469,2984,0.0,0.0
2024-12-12 09:42:00+01:00,38.96500015258789,39.0099983215332,38.96500015258789,38.994998931884766,17582,0.0,0.0
2024-12-12 09:43:00+01:00,38.994998931884766,39.0099983215332,38.98500061035156,39.0099983215332,9923,0.0,0.0
2024-12-12 09:44:00+01:00,39.0099983215332,39.025001525878906,39.005001068115234,39.025001525878906,3598,0.0,0.0
2024-12-12 09:45:00+01:00,39.064998626708984,39.064998626708984,39.04499816894531,39.04499816894531,4340,0.0,0.0
2024-12-12 09:46:00+01:00,39.04499816894531,39.064998626708984,39.01499938964844,39.060001373291016,10102,0.0,0.0
2024-12-12 09:47:00+01:00,39.06999969482422,39.07500076293945,39.04999923706055,39.06999969482422,9018,0.0,0.0
2024-12-12 09:48:00+01:00,39.064998626708984,39.06999969482422,39.04999923706055,39.06999969482422,2508,0.0,0.0
2024-12-12 09:49:00+01:00,39.064998626708984,39.09000015258789,39.064998626708984,39.08000183105469,8117,0.0,0.0
2024-12-12 09:50:00+01:00,39.08000183105469,39.095001220703125,39.07500076293945,39.095001220703125,4044,0.0,0.0
2024-12-12 09:51:00+01:00,39.099998474121094,39.119998931884766,39.095001220703125,39.099998474121094,27317,0.0,0.0
2024-12-12 09:52:00+01:00,39.10499954223633,39.13999938964844,39.10499954223633,39.1150016784668,10928,0.0,0.0
2024-12-12 09:53:00+01:00,39.11000061035156,39.125,39.10499954223633,39.11000061035156,4684,0.0,0.0
2024-12-12 09:54:00+01:00,39.11000061035156,39.119998931884766,39.10499954223633,39.10499954223633,3236,0.0,0.0
2024-12-12 09:55:00+01:00,39.11000061035156,39.119998931884766,39.10499954223633,39.10499954223633,1682,0.0,0.0
2024-12-12 09:56:00+01:00,39.09000015258789,39.099998474121094,39.09000015258789,39.099998474121094,6707,0.0,0.0
2024-12-12 09:57:00+01:00,39.095001220703125,39.1150016784668,39.095001220703125,39.099998474121094,7926,0.0,0.0
2024-12-12 09:58:00+01:00,39.1150016784668,39.125,39.1150016784668,39.125,3628,0.0,0.0
2024-12-12 09:59:00+01:00,39.130001068115234,39.1349983215332,39.10499954223633,39.10499954223633,9768,0.0,0.0
2024-12-12 10:00:00+01:00,39.11000061035156,39.154998779296875,39.11000061035156,39.119998931884766,17615,0.0,0.0
2024-12-12 10:01:00+01:00,39.1150016784668,39.119998931884766,39.11000061035156,39.11000061035156,3510,0.0,0.0
2024-12-12 10:02:00+01:00,39.119998931884766,39.130001068115234,39.11000061035156,39.130001068115234,35167,0.0,0.0
2024-12-12 10:03:00+01:00,39.13999938964844,39.14500045776367,39.125,39.14500045776367,3743,0.0,0.0
2024-12-12 10:04:00+01:00,39.154998779296875,39.16999816894531,39.154998779296875,39.165000915527344,7493,0.0,0.0
2024-12-12 10:05:00+01:00,39.16999816894531,39.18000030517578,39.154998779296875,39.17499923706055,6069,0.0,0.0
2024-12-12 10:06:00+01:00,39.165000915527344,39.165000915527344,39.1349983215332,39.1349983215332,3310,0.0,0.0
2024-12-12 10:07:00+01:00,39.14500045776367,39.150001525878906,39.125,39.125,1413,0.0,0.0
2024-12-12 10:08:00+01:00,39.125,39.125,39.095001220703125,39.099998474121094,2659,0.0,0.0
2024-12-12 10:09:00+01:00,39.095001220703125,39.119998931884766,39.095001220703125,39.099998474121094,2037,0.0,0.0
2024-12-12 10:10:00+01:00,39.099998474121094,39.125,39.099998474121094,39.125,643,0.0,0.0
2024-12-12 10:11:00+01:00,39.125,39.150001525878906,39.125,39.150001525878906,123,0.0,0.0
2024-12-12 10:12:00+01:00,39.150001525878906,39.15999984741211,39.14500045776367,39.154998779296875,1992,0.0,0.0
2024-12-12 10:13:00+01:00,39.15999984741211,39.165000915527344,39.14500045776367,39.154998779296875,6684,0.0,0.0
2024-12-12 10:14:00+01:00,39.165000915527344,39.17499923706055,39.165000915527344,39.165000915527344,7763,0.0,0.0
2024-12-12 10:15:00+01:00,39.17499923706055,39.17499923706055,39.1150016784668,39.1150016784668,3840,0.0,0.0
2024-12-12 10:16:00+01:00,39.11000061035156,39.11000061035156,39.09000015258789,39.095001220703125,4372,0.0,0.0
2024-12-12 10:17:00+01:00,39.095001220703125,39.119998931884766,39.08000183105469,39.119998931884766,7837,0.0,0.0
2024-12-12 10:18:00+01:00,39.130001068115234,39.130001068115234,39.1150016784668,39.119998931884766,4902,0.0,0.0
2024-12-12 10:19:00+01:00,39.1150016784668,39.1150016784668,39.084999084472656,39.099998474121094,2420,0.0,0.0
2024-12-12 10:20:00+01:00,39.099998474121094,39.10499954223633,39.099998474121094,39.099998474121094,2533,0.0,0.0
2024-12-12 10:21:00+01:00,39.099998474121094,39.119998931884766,39.099998474121094,39.1150016784668,3090,0.0,0.0
2024-12-12 10:22:00+01:00,39.125,39.15999984741211,39.125,39.15999984741211,6599,0.0,0.0
2024-12-12 10:23:00+01:00,39.165000915527344,39.23500061035156,39.15999984741211,39.220001220703125,46362,0.0,0.0
2024-12-12 10:24:00+01:00,39.224998474121094,39.2400016784668,39.19499969482422,39.20500183105469,14166,0.0,0.0
2024-12-12 10:25:00+01:00,39.20500183105469,39.209999084472656,39.19499969482422,39.20000076293945,1922,0.0,0.0
2024-12-12 10:26:00+01:00,39.20000076293945,39.20000076293945,39.16999816894531,39.16999816894531,1217,0.0,0.0
2024-12-12 10:27:00+01:00,39.15999984741211,39.18000030517578,39.15999984741211,39.18000030517578,2830,0.0,0.0
2024-12-12 10:28:00+01:00,39.18000030517578,39.185001373291016,39.17499923706055,39.17499923706055,1490,0.0,0.0
2024-12-12 10:29:00+01:00,39.185001373291016,39.189998626708984,39.165000915527344,39.16999816894531,2342,0.0,0.0
2024-12-12 10:30:00+01:00,39.165000915527344,39.17499923706055,39.15999984741211,39.15999984741211,8719,0.0,0.0
2024-12-12 10:31:00+01:00,39.17499923706055,39.17499923706055,39.17499923706055,39.17499923706055,0,0.0,0.0
