time,Open,High,Low,Close,Volume,Dividends,Stock Splits
2024-11-27 09:00:00+01:00,35.52000045776367,35.560001373291016,35.45000076293945,35.54999923706055,0,0.0,0.0
2024-11-27 09:01:00+01:00,35.54999923706055,35.709999084472656,35.54499816894531,35.65999984741211,45837,0.0,0.0
2024-11-27 09:02:00+01:00,35.665000915527344,35.72999954223633,35.665000915527344,35.66999816894531,28688,0.0,0.0
2024-11-27 09:03:00+01:00,35.70000076293945,35.755001068115234,35.67499923706055,35.72999954223633,29541,0.0,0.0
2024-11-27 09:04:00+01:00,35.7400016784668,35.834999084472656,35.7400016784668,35.83000183105469,31111,0.0,0.0
2024-11-27 09:05:00+01:00,35.83000183105469,35.845001220703125,35.73500061035156,35.790000915527344,27973,0.0,0.0
2024-11-27 09:06:00+01:00,35.790000915527344,35.86000061035156,35.744998931884766,35.849998474121094,13305,0.0,0.0
2024-11-27 09:07:00+01:00,35.84000015258789,35.93000030517578,35.83000183105469,35.92499923706055,48837,0.0,0.0
2024-11-27 09:08:00+01:00,35.93000030517578,35.959999084472656,35.8849983215332,35.95500183105469,65699,0.0,0.0
2024-11-27 09:09:00+01:00,35.95000076293945,35.95000076293945,35.900001525878906,35.93000030517578,16689,0.0,0.0
2024-11-27 09:10:00+01:00,35.92499923706055,35.92499923706055,35.79999923706055,35.79999923706055,32363,0.0,0.0
2024-11-27 09:11:00+01:00,35.79999923706055,35.915000915527344,35.75,35.900001525878906,39205,0.0,0.0
2024-11-27 09:12:00+01:00,35.900001525878906,35.900001525878906,35.76499938964844,35.76499938964844,42609,0.0,0.0
2024-11-27 09:13:00+01:00,35.77000045776367,35.79999923706055,35.70500183105469,35.779998779296875,39533,0.0,0.0
2024-11-27 09:14:00+01:00,35.775001525878906,35.78499984741211,35.72999954223633,35.75,20043,0.0,0.0
2024-11-27 09:15:00+01:00,35.75,35.76499938964844,35.68000030517578,35.744998931884766,33223,0.0,0.0
2024-11-27 09:16:00+01:00,35.744998931884766,35.86000061035156,35.7400016784668,35.845001220703125,38495,0.0,0.0
2024-11-27 09:17:00+01:00,35.84000015258789,35.86000061035156,35.810001373291016,35.849998474121094,10178,0.0,0.0
2024-11-27 09:18:00+01:00,35.849998474121094,35.90999984741211,35.834999084472656,35.900001525878906,13170,0.0,0.0
2024-11-27 09:19:00+01:00,35.88999938964844,35.900001525878906,35.81999969482422,35.83000183105469,15720,0.0,0.0
2024-11-27 09:20:00+01:00,35.84000015258789,35.994998931884766,35.84000015258789,35.939998626708984,96736,0.0,0.0
2024-11-27 09:21:00+01:00,35.939998626708984,36.040000915527344,35.92499923706055,35.959999084472656,66747,0.0,0.0
2024-11-27 09:22:00+01:00,35.959999084472656,36.0099983215332,35.935001373291016,36.0,27609,0.0,0.0
2024-11-27 09:23:00+01:00,36.0,36.025001525878906,35.98500061035156,35.994998931884766,22603,0.0,0.0
2024-11-27 09:24:00+01:00,35.994998931884766,36.01499938964844,35.98500061035156,36.0099983215332,12157,0.0,0.0
2024-11-27 09:25:00+01:00,36.02000045776367,36.04499816894531,35.935001373291016,35.94499969482422,34317,0.0,0.0
2024-11-27 09:26:00+01:00,35.94499969482422,35.970001220703125,35.915000915527344,35.94499969482422,19841,0.0,0.0
2024-11-27 09:27:00+01:00,35.95500183105469,36.040000915527344,35.95500183105469,36.025001525878906,35021,0.0,0.0
2024-11-27 09:28:00+01:00,36.025001525878906,36.025001525878906,35.88999938964844,35.900001525878906,25073,0.0,0.0
2024-11-27 09:29:00+01:00,35.89500045776367,35.904998779296875,35.84000015258789,35.904998779296875,12307,0.0,0.0
2024-11-27 09:30:00+01:00,35.93000030517578,35.94499969482422,35.869998931884766,35.869998931884766,7483,0.0,0.0
2024-11-27 09:31:00+01:00,35.849998474121094,35.8849983215332,35.849998474121094,35.875,3698,0.0,0.0
2024-11-27 09:32:00+01:00,35.880001068115234,35.880001068115234,35.849998474121094,35.875,9421,0.0,0.0
2024-11-27 09:33:00+01:00,35.869998931884766,35.89500045776367,35.84000015258789,35.85499954223633,21051,0.0,0.0
2024-11-27 09:34:00+01:00,35.845001220703125,35.869998931884766,35.834999084472656,35.869998931884766,10370,0.0,0.0
2024-11-27 09:35:00+01:00,35.880001068115234,35.91999816894531,35.84000015258789,35.900001525878906,6177,0.0,0.0
2024-11-27 09:36:00+01:00,35.89500045776367,35.89500045776367,35.84000015258789,35.84000015258789,16606,0.0,0.0
2024-11-27 09:37:00+01:00,35.834999084472656,35.85499954223633,35.82500076293945,35.845001220703125,23689,0.0,0.0
2024-11-27 09:38:00+01:00,35.845001220703125,35.845001220703125,35.82500076293945,35.834999084472656,5517,0.0,0.0
2024-11-27 09:39:00+01:00,35.849998474121094,35.8849983215332,35.84000015258789,35.8849983215332,4406,0.0,0.0
2024-11-27 09:40:00+01:00,35.880001068115234,35.880001068115234,35.79999923706055,35.845001220703125,26329,0.0,0.0
2024-11-27 09:41:00+01:00,35.83000183105469,35.869998931884766,35.82500076293945,35.85499954223633,4110,0.0,0.0
2024-11-27 09:42:00+01:00,35.849998474121094,35.8650016784668,35.79999923706055,35.849998474121094,22950,0.0,0.0
2024-11-27 09:43:00+01:00,35.845001220703125,35.845001220703125,35.81999969482422,35.81999969482422,10860,0.0,0.0
2024-11-27 09:44:00+01:00,35.814998626708984,35.834999084472656,35.779998779296875,35.82500076293945,17498,0.0,0.0
2024-11-27 09:45:00+01:00,35.849998474121094,35.85499954223633,35.76499938964844,35.810001373291016,21750,0.0,0.0
2024-11-27 09:46:00+01:00,35.82500076293945,35.84000015258789,35.810001373291016,35.83000183105469,11473,0.0,0.0
2024-11-27 09:47:00+01:00,35.81999969482422,35.834999084472656,35.814998626708984,35.83000183105469,6572,0.0,0.0
2024-11-27 09:48:00+01:00,35.82500076293945,35.8849983215332,35.814998626708984,35.8650016784668,19575,0.0,0.0
2024-11-27 09:49:00+01:00,35.86000061035156,35.869998931884766,35.83000183105469,35.84000015258789,9777,0.0,0.0
2024-11-27 09:50:00+01:00,35.849998474121094,35.849998474121094,35.81999969482422,35.82500076293945,13260,0.0,0.0
2024-11-27 09:51:00+01:00,35.81999969482422,35.86000061035156,35.814998626708984,35.84000015258789,15829,0.0,0.0
2024-11-27 09:52:00+01:00,35.84000015258789,35.90999984741211,35.84000015258789,35.904998779296875,7930,0.0,0.0
2024-11-27 09:53:00+01:00,35.90999984741211,35.90999984741211,35.875,35.875,7434,0.0,0.0
2024-11-27 09:54:00+01:00,35.8650016784668,35.869998931884766,35.834999084472656,35.869998931884766,11446,0.0,0.0
2024-11-27 09:55:00+01:00,35.8650016784668,35.8849983215332,35.744998931884766,35.75,43508,0.0,0.0
2024-11-27 09:56:00+01:00,35.755001068115234,35.79999923706055,35.755001068115234,35.779998779296875,16821,0.0,0.0
2024-11-27 09:57:00+01:00,35.775001525878906,35.779998779296875,35.72999954223633,35.73500061035156,18679,0.0,0.0
2024-11-27 09:58:00+01:00,35.7400016784668,35.76499938964844,35.73500061035156,35.755001068115234,12073,0.0,0.0
2024-11-27 09:59:00+01:00,35.76499938964844,35.810001373291016,35.76499938964844,35.77000045776367,7763,0.0,0.0
2024-11-27 10:00:00+01:00,35.775001525878906,35.79999923706055,35.75,35.78499984741211,17040,0.0,0.0
2024-11-27 10:01:00+01:00,35.77000045776367,35.78499984741211,35.73500061035156,35.7599983215332,5798,0.0,0.0
2024-11-27 10:02:00+01:00,35.76499938964844,35.790000915527344,35.76499938964844,35.76499938964844,8087,0.0,0.0
2024-11-27 10:03:00+01:00,35.76499938964844,35.790000915527344,35.7599983215332,35.790000915527344,6129,0.0,0.0
2024-11-27 10:04:00+01:00,35.79999923706055,35.849998474121094,35.79999923706055,35.849998474121094,4316,0.0,0.0
2024-11-27 10:05:00+01:00,35.8650016784668,35.880001068115234,35.849998474121094,35.875,12315,0.0,0.0
2024-11-27 10:06:00+01:00,35.8849983215332,35.88999938964844,35.86000061035156,35.8650016784668,5531,0.0,0.0
2024-11-27 10:07:00+01:00,35.869998931884766,35.89500045776367,35.8650016784668,35.8650016784668,5276,0.0,0.0
2024-11-27 10:08:00+01:00,35.849998474121094,35.849998474121094,35.84000015258789,35.849998474121094,2162,0.0,0.0
2024-11-27 10:09:00+01:00,35.84000015258789,35.900001525878906,35.84000015258789,35.8849983215332,12064,0.0,0.0
2024-11-27 10:10:00+01:00,35.880001068115234,35.89500045776367,35.869998931884766,35.880001068115234,2606,0.0,0.0
2024-11-27 10:11:00+01:00,35.875,35.88999938964844,35.8650016784668,35.875,5405,0.0,0.0
2024-11-27 10:12:00+01:00,35.869998931884766,35.90999984741211,35.869998931884766,35.90999984741211,9487,0.0,0.0
2024-11-27 10:13:00+01:00,35.90999984741211,35.90999984741211,35.880001068115234,35.880001068115234,23874,0.0,0.0
2024-11-27 10:14:00+01:00,35.875,35.88999938964844,35.8650016784668,35.880001068115234,13565,0.0,0.0
2024-11-27 10:15:00+01:00,35.869998931884766,35.90999984741211,35.869998931884766,35.900001525878906,4831,0.0,0.0
2024-11-27 10:16:00+01:00,35.900001525878906,35.904998779296875,35.869998931884766,35.89500045776367,13067,0.0,0.0
2024-11-27 10:17:00+01:00,35.89500045776367,35.90999984741211,35.8650016784668,35.869998931884766,17754,0.0,0.0
2024-11-27 10:18:00+01:00,35.869998931884766,35.869998931884766,35.81999969482422,35.82500076293945,8126,0.0,0.0
2024-11-27 10:19:00+01:00,35.814998626708984,35.814998626708984,35.78499984741211,35.814998626708984,8024,0.0,0.0
2024-11-27 10:20:00+01:00,35.810001373291016,35.82500076293945,35.790000915527344,35.79499816894531,7037,0.0,0.0
2024-11-27 10:21:00+01:00,35.790000915527344,35.814998626708984,35.790000915527344,35.79999923706055,5306,0.0,0.0
2024-11-27 10:22:00+01:00,35.790000915527344,35.790000915527344,35.724998474121094,35.724998474121094,10867,0.0,0.0
2024-11-27 10:23:00+01:00,35.709999084472656,35.76499938964844,35.709999084472656,35.75,21055,0.0,0.0
2024-11-27 10:24:00+01:00,35.75,35.76499938964844,35.7400016784668,35.744998931884766,9861,0.0,0.0
2024-11-27 10:25:00+01:00,35.75,35.775001525878906,35.720001220703125,35.720001220703125,10192,0.0,0.0
2024-11-27 10:26:00+01:00,35.720001220703125,35.72999954223633,35.70500183105469,35.70500183105469,4457,0.0,0.0
2024-11-27 10:27:00+01:00,35.709999084472656,35.709999084472656,35.65999984741211,35.65999984741211,24194,0.0,0.0
2024-11-27 10:28:00+01:00,35.650001525878906,35.665000915527344,35.630001068115234,35.650001525878906,14963,0.0,0.0
2024-11-27 10:29:00+01:00,35.65999984741211,35.66999816894531,35.625,35.625,5840,0.0,0.0
2024-11-27 10:30:00+01:00,35.619998931884766,35.64500045776367,35.61000061035156,35.619998931884766,12114,0.0,0.0
2024-11-27 10:31:00+01:00,35.60499954223633,35.6349983215332,35.57500076293945,35.595001220703125,26748,0.0,0.0
2024-11-27 10:32:00+01:00,35.584999084472656,35.584999084472656,35.55500030517578,35.560001373291016,22671,0.0,0.0
2024-11-27 10:33:00+01:00,35.564998626708984,35.599998474121094,35.529998779296875,35.53499984741211,10070,0.0,0.0
2024-11-27 10:34:00+01:00,35.53499984741211,35.55500030517578,35.52000045776367,35.53499984741211,11531,0.0,0.0
2024-11-27 10:35:00+01:00,35.540000915527344,35.56999969482422,35.525001525878906,35.564998626708984,4479,0.0,0.0
2024-11-27 10:36:00+01:00,35.560001373291016,35.564998626708984,35.529998779296875,35.540000915527344,16623,0.0,0.0
2024-11-27 10:37:00+01:00,35.54999923706055,35.599998474121094,35.540000915527344,35.599998474121094,7540,0.0,0.0
2024-11-27 10:38:00+01:00,35.61000061035156,35.650001525878906,35.61000061035156,35.64500045776367,9192,0.0,0.0
2024-11-27 10:39:00+01:00,35.63999938964844,35.65999984741211,35.619998931884766,35.625,15331,0.0,0.0
2024-11-27 10:40:00+01:00,35.61000061035156,35.630001068115234,35.59000015258789,35.59000015258789,18766,0.0,0.0
2024-11-27 10:41:00+01:00,35.584999084472656,35.59000015258789,35.57500076293945,35.57500076293945,5948,0.0,0.0
2024-11-27 10:42:00+01:00,35.595001220703125,35.619998931884766,35.59000015258789,35.60499954223633,4456,0.0,0.0
2024-11-27 10:43:00+01:00,35.60499954223633,35.6150016784668,35.59000015258789,35.59000015258789,2567,0.0,0.0
2024-11-27 10:44:00+01:00,35.58000183105469,35.58000183105469,35.540000915527344,35.540000915527344,17375,0.0,0.0
2024-11-27 10:45:00+01:00,35.54499816894531,35.58000183105469,35.540000915527344,35.564998626708984,9999,0.0,0.0
2024-11-27 10:46:00+01:00,35.56999969482422,35.59000015258789,35.56999969482422,35.57500076293945,4709,0.0,0.0
2024-11-27 10:47:00+01:00,35.59000015258789,35.59000015258789,35.564998626708984,35.57500076293945,6491,0.0,0.0
2024-11-27 10:48:00+01:00,35.59000015258789,35.60499954223633,35.59000015258789,35.60499954223633,2410,0.0,0.0
2024-11-27 10:49:00+01:00,35.60499954223633,35.6150016784668,35.59000015258789,35.61000061035156,20690,0.0,0.0
2024-11-27 10:50:00+01:00,35.6150016784668,35.6349983215332,35.60499954223633,35.630001068115234,4354,0.0,0.0
2024-11-27 10:51:00+01:00,35.619998931884766,35.619998931884766,35.60499954223633,35.61000061035156,2637,0.0,0.0
2024-11-27 10:52:00+01:00,35.61000061035156,35.619998931884766,35.595001220703125,35.619998931884766,3472,0.0,0.0
2024-11-27 10:53:00+01:00,35.61000061035156,35.625,35.60499954223633,35.619998931884766,3620,0.0,0.0
2024-11-27 10:54:00+01:00,35.630001068115234,35.64500045776367,35.630001068115234,35.63999938964844,2121,0.0,0.0
2024-11-27 10:55:00+01:00,35.63999938964844,35.66999816894531,35.63999938964844,35.65999984741211,7440,0.0,0.0
2024-11-27 10:56:00+01:00,35.65999984741211,35.68000030517578,35.64500045776367,35.68000030517578,10113,0.0,0.0
2024-11-27 10:57:00+01:00,35.66999816894531,35.66999816894531,35.6349983215332,35.65999984741211,2204,0.0,0.0
2024-11-27 10:58:00+01:00,35.650001525878906,35.650001525878906,35.630001068115234,35.63999938964844,14533,0.0,0.0
2024-11-27 10:59:00+01:00,35.64500045776367,35.64500045776367,35.619998931884766,35.63999938964844,15696,0.0,0.0
2024-11-27 11:00:00+01:00,35.63999938964844,35.654998779296875,35.63999938964844,35.650001525878906,17657,0.0,0.0
2024-11-27 11:01:00+01:00,35.65999984741211,35.665000915527344,35.63999938964844,35.63999938964844,5641,0.0,0.0
2024-11-27 11:02:00+01:00,35.6349983215332,35.6349983215332,35.60499954223633,35.61000061035156,6564,0.0,0.0
2024-11-27 11:03:00+01:00,35.60499954223633,35.60499954223633,35.57500076293945,35.57500076293945,33613,0.0,0.0
2024-11-27 11:04:00+01:00,35.58000183105469,35.599998474121094,35.57500076293945,35.595001220703125,5812,0.0,0.0
2024-11-27 11:05:00+01:00,35.595001220703125,35.60499954223633,35.59000015258789,35.60499954223633,6046,0.0,0.0
2024-11-27 11:06:00+01:00,35.599998474121094,35.60499954223633,35.595001220703125,35.60499954223633,2113,0.0,0.0
2024-11-27 11:07:00+01:00,35.60499954223633,35.60499954223633,35.584999084472656,35.59000015258789,6643,0.0,0.0
2024-11-27 11:08:00+01:00,35.599998474121094,35.599998474121094,35.57500076293945,35.57500076293945,2117,0.0,0.0
2024-11-27 11:09:00+01:00,35.56999969482422,35.58000183105469,35.564998626708984,35.564998626708984,27523,0.0,0.0
2024-11-27 11:10:00+01:00,35.564998626708984,35.59000015258789,35.564998626708984,35.59000015258789,50391,0.0,0.0
2024-11-27 11:11:00+01:00,35.584999084472656,35.630001068115234,35.584999084472656,35.630001068115234,5886,0.0,0.0
2024-11-27 11:12:00+01:00,35.63999938964844,35.654998779296875,35.63999938964844,35.63999938964844,2375,0.0,0.0
2024-11-27 11:13:00+01:00,35.654998779296875,35.66999816894531,35.654998779296875,35.654998779296875,3906,0.0,0.0
2024-11-27 11:14:00+01:00,35.665000915527344,35.66999816894531,35.64500045776367,35.64500045776367,3239,0.0,0.0
2024-11-27 11:15:00+01:00,35.654998779296875,35.665000915527344,35.625,35.654998779296875,12169,0.0,0.0
2024-11-27 11:16:00+01:00,35.64500045776367,35.64500045776367,35.595001220703125,35.61000061035156,21788,0.0,0.0
2024-11-27 11:17:00+01:00,35.60499954223633,35.60499954223633,35.595001220703125,35.599998474121094,3064,0.0,0.0
2024-11-27 11:18:00+01:00,35.595001220703125,35.61000061035156,35.59000015258789,35.61000061035156,6613,0.0,0.0
2024-11-27 11:19:00+01:00,35.6150016784668,35.6150016784668,35.595001220703125,35.595001220703125,2071,0.0,0.0
2024-11-27 11:20:00+01:00,35.60499954223633,35.60499954223633,35.60499954223633,35.60499954223633,445,0.0,0.0
2024-11-27 11:21:00+01:00,35.619998931884766,35.630001068115234,35.6150016784668,35.630001068115234,6478,0.0,0.0
2024-11-27 11:22:00+01:00,35.630001068115234,35.654998779296875,35.630001068115234,35.654998779296875,6969,0.0,0.0
2024-11-27 11:23:00+01:00,35.65999984741211,35.65999984741211,35.64500045776367,35.64500045776367,1661,0.0,0.0
2024-11-27 11:24:00+01:00,35.650001525878906,35.650001525878906,35.6349983215332,35.6349983215332,850,0.0,0.0
2024-11-27 11:25:00+01:00,35.63999938964844,35.65999984741211,35.6349983215332,35.65999984741211,4757,0.0,0.0
2024-11-27 11:26:00+01:00,35.654998779296875,35.665000915527344,35.6349983215332,35.650001525878906,10825,0.0,0.0
2024-11-27 11:27:00+01:00,35.64500045776367,35.654998779296875,35.6349983215332,35.6349983215332,3709,0.0,0.0
2024-11-27 11:28:00+01:00,35.64500045776367,35.654998779296875,35.63999938964844,35.650001525878906,4970,0.0,0.0
2024-11-27 11:29:00+01:00,35.650001525878906,35.650001525878906,35.63999938964844,35.63999938964844,2736,0.0,0.0
2024-11-27 11:30:00+01:00,35.65999984741211,35.66999816894531,35.654998779296875,35.665000915527344,15972,0.0,0.0
2024-11-27 11:31:00+01:00,35.665000915527344,35.665000915527344,35.625,35.625,4822,0.0,0.0
2024-11-27 11:32:00+01:00,35.625,35.6349983215332,35.57500076293945,35.599998474121094,12157,0.0,0.0
2024-11-27 11:33:00+01:00,35.595001220703125,35.630001068115234,35.595001220703125,35.625,2042,0.0,0.0
2024-11-27 11:34:00+01:00,35.6150016784668,35.619998931884766,35.599998474121094,35.599998474121094,14201,0.0,0.0
2024-11-27 11:35:00+01:00,35.60499954223633,35.60499954223633,35.59000015258789,35.59000015258789,1156,0.0,0.0
2024-11-27 11:36:00+01:00,35.599998474121094,35.60499954223633,35.584999084472656,35.584999084472656,8490,0.0,0.0
2024-11-27 11:37:00+01:00,35.584999084472656,35.599998474121094,35.584999084472656,35.595001220703125,1768,0.0,0.0
2024-11-27 11:38:00+01:00,35.595001220703125,35.599998474121094,35.59000015258789,35.59000015258789,2090,0.0,0.0
2024-11-27 11:39:00+01:00,35.595001220703125,35.595001220703125,35.54999923706055,35.54999923706055,13560,0.0,0.0
2024-11-27 11:40:00+01:00,35.54999923706055,35.55500030517578,35.525001525878906,35.53499984741211,12968,0.0,0.0
2024-11-27 11:41:00+01:00,35.53499984741211,35.54499816894531,35.51499938964844,35.52000045776367,14927,0.0,0.0
2024-11-27 11:42:00+01:00,35.52000045776367,35.52000045776367,35.505001068115234,35.52000045776367,13826,0.0,0.0
2024-11-27 11:43:00+01:00,35.52000045776367,35.529998779296875,35.47999954223633,35.4900016784668,42373,0.0,0.0
2024-11-27 11:44:00+01:00,35.4900016784668,35.5,35.48500061035156,35.48500061035156,5099,0.0,0.0
2024-11-27 11:45:00+01:00,35.494998931884766,35.5099983215332,35.47999954223633,35.48500061035156,17407,0.0,0.0
2024-11-27 11:46:00+01:00,35.48500061035156,35.48500061035156,35.470001220703125,35.47999954223633,9313,0.0,0.0
2024-11-27 11:47:00+01:00,35.474998474121094,35.52000045776367,35.470001220703125,35.474998474121094,29007,0.0,0.0
2024-11-27 11:48:00+01:00,35.47999954223633,35.494998931884766,35.46500015258789,35.4900016784668,27443,0.0,0.0
2024-11-27 11:49:00+01:00,35.48500061035156,35.494998931884766,35.474998474121094,35.4900016784668,4892,0.0,0.0
2024-11-27 11:50:00+01:00,35.47999954223633,35.505001068115234,35.47999954223633,35.505001068115234,30558,0.0,0.0
2024-11-27 11:51:00+01:00,35.505001068115234,35.51499938964844,35.5,35.5,5479,0.0,0.0
2024-11-27 11:52:00+01:00,35.5,35.505001068115234,35.48500061035156,35.505001068115234,11825,0.0,0.0
2024-11-27 11:53:00+01:00,35.5099983215332,35.5099983215332,35.505001068115234,35.5099983215332,2873,0.0,0.0
2024-11-27 11:54:00+01:00,35.505001068115234,35.529998779296875,35.494998931884766,35.529998779296875,10701,0.0,0.0
2024-11-27 11:55:00+01:00,35.525001525878906,35.56999969482422,35.525001525878906,35.540000915527344,21041,0.0,0.0
2024-11-27 11:56:00+01:00,35.53499984741211,35.53499984741211,35.505001068115234,35.505001068115234,3256,0.0,0.0
2024-11-27 11:57:00+01:00,35.505001068115234,35.529998779296875,35.5,35.52000045776367,12262,0.0,0.0
2024-11-27 11:58:00+01:00,35.529998779296875,35.564998626708984,35.52000045776367,35.560001373291016,7304,0.0,0.0
2024-11-27 11:59:00+01:00,35.56999969482422,35.56999969482422,35.54999923706055,35.54999923706055,7975,0.0,0.0
2024-11-27 12:00:00+01:00,35.54499816894531,35.56999969482422,35.54499816894531,35.54499816894531,7408,0.0,0.0
2024-11-27 12:01:00+01:00,35.540000915527344,35.55500030517578,35.53499984741211,35.55500030517578,4456,0.0,0.0
2024-11-27 12:02:00+01:00,35.54999923706055,35.58000183105469,35.54999923706055,35.55500030517578,5115,0.0,0.0
2024-11-27 12:03:00+01:00,35.564998626708984,35.6150016784668,35.564998626708984,35.584999084472656,20190,0.0,0.0
2024-11-27 12:04:00+01:00,35.584999084472656,35.595001220703125,35.56999969482422,35.58000183105469,2299,0.0,0.0
2024-11-27 12:05:00+01:00,35.584999084472656,35.584999084472656,35.56999969482422,35.56999969482422,3759,0.0,0.0
2024-11-27 12:06:00+01:00,35.56999969482422,35.584999084472656,35.560001373291016,35.56999969482422,3901,0.0,0.0
2024-11-27 12:07:00+01:00,35.56999969482422,35.56999969482422,35.55500030517578,35.55500030517578,2748,0.0,0.0
2024-11-27 12:08:00+01:00,35.55500030517578,35.56999969482422,35.55500030517578,35.564998626708984,4811,0.0,0.0
2024-11-27 12:09:00+01:00,35.56999969482422,35.56999969482422,35.55500030517578,35.560001373291016,2753,0.0,0.0
2024-11-27 12:10:00+01:00,35.560001373291016,35.58000183105469,35.54999923706055,35.58000183105469,3483,0.0,0.0
2024-11-27 12:11:00+01:00,35.584999084472656,35.584999084472656,35.54999923706055,35.54999923706055,3849,0.0,0.0
2024-11-27 12:12:00+01:00,35.55500030517578,35.564998626708984,35.54999923706055,35.564998626708984,2090,0.0,0.0
2024-11-27 12:13:00+01:00,35.55500030517578,35.55500030517578,35.525001525878906,35.525001525878906,5906,0.0,0.0
2024-11-27 12:14:00+01:00,35.51499938964844,35.51499938964844,35.5,35.5,2099,0.0,0.0
2024-11-27 12:15:00+01:00,35.5,35.505001068115234,35.5,35.5,7925,0.0,0.0
2024-11-27 12:16:00+01:00,35.5,35.5,35.474998474121094,35.5,9498,0.0,0.0
2024-11-27 12:17:00+01:00,35.5,35.51499938964844,35.5,35.51499938964844,3888,0.0,0.0
2024-11-27 12:18:00+01:00,35.52000045776367,35.52000045776367,35.51499938964844,35.52000045776367,1107,0.0,0.0
2024-11-27 12:19:00+01:00,35.52000045776367,35.529998779296875,35.51499938964844,35.51499938964844,2750,0.0,0.0
2024-11-27 12:20:00+01:00,35.51499938964844,35.529998779296875,35.51499938964844,35.51499938964844,3717,0.0,0.0
2024-11-27 12:21:00+01:00,35.51499938964844,35.51499938964844,35.48500061035156,35.48500061035156,7999,0.0,0.0
2024-11-27 12:22:00+01:00,35.47999954223633,35.5,35.47999954223633,35.494998931884766,4212,0.0,0.0
2024-11-27 12:23:00+01:00,35.494998931884766,35.494998931884766,35.459999084472656,35.470001220703125,18629,0.0,0.0
2024-11-27 12:24:00+01:00,35.459999084472656,35.474998474121094,35.45500183105469,35.459999084472656,12059,0.0,0.0
2024-11-27 12:25:00+01:00,35.470001220703125,35.474998474121094,35.459999084472656,35.474998474121094,6680,0.0,0.0
2024-11-27 12:26:00+01:00,35.459999084472656,35.46500015258789,35.45000076293945,35.459999084472656,15436,0.0,0.0
2024-11-27 12:27:00+01:00,35.459999084472656,35.474998474121094,35.459999084472656,35.470001220703125,10419,0.0,0.0
2024-11-27 12:28:00+01:00,35.474998474121094,35.48500061035156,35.474998474121094,35.48500061035156,220,0.0,0.0
2024-11-27 12:29:00+01:00,35.4900016784668,35.4900016784668,35.459999084472656,35.47999954223633,13462,0.0,0.0
2024-11-27 12:30:00+01:00,35.474998474121094,35.505001068115234,35.470001220703125,35.505001068115234,10631,0.0,0.0
2024-11-27 12:31:00+01:00,35.51499938964844,35.540000915527344,35.5,35.540000915527344,13196,0.0,0.0
2024-11-27 12:32:00+01:00,35.540000915527344,35.540000915527344,35.5099983215332,35.51499938964844,13624,0.0,0.0
2024-11-27 12:33:00+01:00,35.51499938964844,35.540000915527344,35.51499938964844,35.525001525878906,6161,0.0,0.0
2024-11-27 12:34:00+01:00,35.525001525878906,35.54499816894531,35.52000045776367,35.529998779296875,2021,0.0,0.0
2024-11-27 12:35:00+01:00,35.540000915527344,35.55500030517578,35.529998779296875,35.54999923706055,13192,0.0,0.0
2024-11-27 12:36:00+01:00,35.54999923706055,35.57500076293945,35.525001525878906,35.57500076293945,11091,0.0,0.0
2024-11-27 12:37:00+01:00,35.560001373291016,35.57500076293945,35.54999923706055,35.54999923706055,15411,0.0,0.0
2024-11-27 12:38:00+01:00,35.55500030517578,35.564998626708984,35.54999923706055,35.55500030517578,3717,0.0,0.0
2024-11-27 12:39:00+01:00,35.564998626708984,35.58000183105469,35.564998626708984,35.58000183105469,10862,0.0,0.0
2024-11-27 12:40:00+01:00,35.58000183105469,35.59000015258789,35.56999969482422,35.57500076293945,1436,0.0,0.0
2024-11-27 12:41:00+01:00,35.56999969482422,35.584999084472656,35.56999969482422,35.58000183105469,3438,0.0,0.0
2024-11-27 12:42:00+01:00,35.584999084472656,35.59000015258789,35.54499816894531,35.560001373291016,11612,0.0,0.0
2024-11-27 12:43:00+01:00,35.560001373291016,35.57500076293945,35.55500030517578,35.55500030517578,1498,0.0,0.0
2024-11-27 12:44:00+01:00,35.560001373291016,35.599998474121094,35.560001373291016,35.599998474121094,7279,0.0,0.0
2024-11-27 12:45:00+01:00,35.599998474121094,35.665000915527344,35.599998474121094,35.665000915527344,15046,0.0,0.0
2024-11-27 12:46:00+01:00,35.665000915527344,35.67499923706055,35.654998779296875,35.67499923706055,8719,0.0,0.0
2024-11-27 12:47:00+01:00,35.68000030517578,35.685001373291016,35.64500045776367,35.64500045776367,4395,0.0,0.0
2024-11-27 12:48:00+01:00,35.650001525878906,35.67499923706055,35.650001525878906,35.65999984741211,7446,0.0,0.0
2024-11-27 12:49:00+01:00,35.65999984741211,35.67499923706055,35.654998779296875,35.654998779296875,4784,0.0,0.0
2024-11-27 12:50:00+01:00,35.65999984741211,35.67499923706055,35.65999984741211,35.67499923706055,2733,0.0,0.0
2024-11-27 12:51:00+01:00,35.68000030517578,35.71500015258789,35.68000030517578,35.71500015258789,9916,0.0,0.0
2024-11-27 12:52:00+01:00,35.71500015258789,35.71500015258789,35.70000076293945,35.71500015258789,5686,0.0,0.0
2024-11-27 12:53:00+01:00,35.70500183105469,35.744998931884766,35.70500183105469,35.73500061035156,11760,0.0,0.0
2024-11-27 12:54:00+01:00,35.7400016784668,35.75,35.72999954223633,35.73500061035156,8739,0.0,0.0
2024-11-27 12:55:00+01:00,35.7400016784668,35.775001525878906,35.7400016784668,35.77000045776367,5272,0.0,0.0
2024-11-27 12:56:00+01:00,35.75,35.76499938964844,35.73500061035156,35.744998931884766,5267,0.0,0.0
2024-11-27 12:57:00+01:00,35.7400016784668,35.7599983215332,35.7400016784668,35.7599983215332,2503,0.0,0.0
2024-11-27 12:58:00+01:00,35.76499938964844,35.78499984741211,35.76499938964844,35.779998779296875,2166,0.0,0.0
2024-11-27 12:59:00+01:00,35.775001525878906,35.790000915527344,35.77000045776367,35.790000915527344,7651,0.0,0.0
2024-11-27 13:00:00+01:00,35.790000915527344,35.79499816894531,35.76499938964844,35.779998779296875,2159,0.0,0.0
2024-11-27 13:01:00+01:00,35.77000045776367,35.790000915527344,35.76499938964844,35.790000915527344,8360,0.0,0.0
2024-11-27 13:02:00+01:00,35.790000915527344,35.79499816894531,35.790000915527344,35.79499816894531,624,0.0,0.0
2024-11-27 13:03:00+01:00,35.790000915527344,35.79999923706055,35.78499984741211,35.79999923706055,1851,0.0,0.0
2024-11-27 13:04:00+01:00,35.78499984741211,35.78499984741211,35.77000045776367,35.775001525878906,3252,0.0,0.0
2024-11-27 13:05:00+01:00,35.7599983215332,35.7599983215332,35.72999954223633,35.7400016784668,11355,0.0,0.0
2024-11-27 13:06:00+01:00,35.7400016784668,35.79499816894531,35.73500061035156,35.790000915527344,7611,0.0,0.0
2024-11-27 13:07:00+01:00,35.790000915527344,35.790000915527344,35.77000045776367,35.77000045776367,865,0.0,0.0
2024-11-27 13:08:00+01:00,35.76499938964844,35.77000045776367,35.755001068115234,35.77000045776367,1078,0.0,0.0
2024-11-27 13:09:00+01:00,35.76499938964844,35.76499938964844,35.7599983215332,35.76499938964844,1584,0.0,0.0
2024-11-27 13:10:00+01:00,35.77000045776367,35.775001525878906,35.744998931884766,35.744998931884766,8088,0.0,0.0
2024-11-27 13:11:00+01:00,35.7599983215332,35.77000045776367,35.7599983215332,35.77000045776367,2049,0.0,0.0
2024-11-27 13:12:00+01:00,35.76499938964844,35.76499938964844,35.755001068115234,35.755001068115234,1260,0.0,0.0
2024-11-27 13:13:00+01:00,35.75,35.75,35.75,35.75,278,0.0,0.0
2024-11-27 13:14:00+01:00,35.7599983215332,35.7599983215332,35.75,35.75,178,0.0,0.0
2024-11-27 13:15:00+01:00,35.75,35.7599983215332,35.744998931884766,35.755001068115234,4803,0.0,0.0
2024-11-27 13:16:00+01:00,35.76499938964844,35.76499938964844,35.75,35.7599983215332,698,0.0,0.0
2024-11-27 13:17:00+01:00,35.744998931884766,35.744998931884766,35.724998474121094,35.724998474121094,8957,0.0,0.0
2024-11-27 13:18:00+01:00,35.724998474121094,35.7400016784668,35.720001220703125,35.7400016784668,2676,0.0,0.0
2024-11-27 13:19:00+01:00,35.7400016784668,35.75,35.7400016784668,35.75,1769,0.0,0.0
2024-11-27 13:20:00+01:00,35.744998931884766,35.76499938964844,35.7400016784668,35.755001068115234,6709,0.0,0.0
2024-11-27 13:21:00+01:00,35.77000045776367,35.77000045776367,35.755001068115234,35.77000045776367,685,0.0,0.0
2024-11-27 13:22:00+01:00,35.77000045776367,35.77000045776367,35.755001068115234,35.77000045776367,7579,0.0,0.0
2024-11-27 13:23:00+01:00,35.76499938964844,35.779998779296875,35.76499938964844,35.77000045776367,7802,0.0,0.0
2024-11-27 13:24:00+01:00,35.76499938964844,35.76499938964844,35.7599983215332,35.7599983215332,6115,0.0,0.0
2024-11-27 13:25:00+01:00,35.755001068115234,35.77000045776367,35.75,35.755001068115234,8663,0.0,0.0
2024-11-27 13:26:00+01:00,35.7599983215332,35.7599983215332,35.7400016784668,35.75,3578,0.0,0.0
2024-11-27 13:27:00+01:00,35.75,35.75,35.7400016784668,35.7400016784668,1420,0.0,0.0
2024-11-27 13:28:00+01:00,35.73500061035156,35.73500061035156,35.720001220703125,35.72999954223633,3684,0.0,0.0
2024-11-27 13:29:00+01:00,35.724998474121094,35.775001525878906,35.720001220703125,35.775001525878906,6925,0.0,0.0
2024-11-27 13:30:00+01:00,35.76499938964844,35.775001525878906,35.7599983215332,35.7599983215332,4196,0.0,0.0
2024-11-27 13:31:00+01:00,35.77000045776367,35.78499984741211,35.76499938964844,35.779998779296875,1120,0.0,0.0
2024-11-27 13:32:00+01:00,35.779998779296875,35.779998779296875,35.7599983215332,35.7599983215332,1791,0.0,0.0
2024-11-27 13:33:00+01:00,35.77000045776367,35.77000045776367,35.77000045776367,35.77000045776367,597,0.0,0.0
2024-11-27 13:34:00+01:00,35.775001525878906,35.790000915527344,35.775001525878906,35.790000915527344,4554,0.0,0.0
2024-11-27 13:35:00+01:00,35.78499984741211,35.78499984741211,35.755001068115234,35.755001068115234,6309,0.0,0.0
2024-11-27 13:36:00+01:00,35.755001068115234,35.755001068115234,35.724998474121094,35.724998474121094,7167,0.0,0.0
2024-11-27 13:37:00+01:00,35.744998931884766,35.75,35.72999954223633,35.7400016784668,4435,0.0,0.0
2024-11-27 13:38:00+01:00,35.744998931884766,35.744998931884766,35.72999954223633,35.7400016784668,1187,0.0,0.0
2024-11-27 13:39:00+01:00,35.7400016784668,35.7400016784668,35.72999954223633,35.73500061035156,845,0.0,0.0
2024-11-27 13:40:00+01:00,35.7400016784668,35.7599983215332,35.7400016784668,35.755001068115234,1697,0.0,0.0
2024-11-27 13:41:00+01:00,35.7599983215332,35.7599983215332,35.70000076293945,35.70000076293945,27924,0.0,0.0
2024-11-27 13:42:00+01:00,35.70000076293945,35.709999084472656,35.689998626708984,35.70000076293945,9205,0.0,0.0
2024-11-27 13:43:00+01:00,35.70000076293945,35.72999954223633,35.70000076293945,35.72999954223633,5084,0.0,0.0
2024-11-27 13:44:00+01:00,35.72999954223633,35.76499938964844,35.72999954223633,35.76499938964844,13767,0.0,0.0
2024-11-27 13:45:00+01:00,35.779998779296875,35.79499816894531,35.779998779296875,35.779998779296875,13353,0.0,0.0
2024-11-27 13:46:00+01:00,35.779998779296875,35.779998779296875,35.75,35.775001525878906,8709,0.0,0.0
2024-11-27 13:47:00+01:00,35.775001525878906,35.775001525878906,35.75,35.75,6768,0.0,0.0
2024-11-27 13:48:00+01:00,35.75,35.75,35.7400016784668,35.744998931884766,816,0.0,0.0
2024-11-27 13:49:00+01:00,35.7400016784668,35.7400016784668,35.724998474121094,35.724998474121094,6907,0.0,0.0
2024-11-27 13:50:00+01:00,35.72999954223633,35.7400016784668,35.72999954223633,35.73500061035156,532,0.0,0.0
2024-11-27 13:51:00+01:00,35.7400016784668,35.7400016784668,35.7400016784668,35.7400016784668,766,0.0,0.0
2024-11-27 13:52:00+01:00,35.744998931884766,35.755001068115234,35.744998931884766,35.755001068115234,913,0.0,0.0
2024-11-27 13:53:00+01:00,35.75,35.755001068115234,35.75,35.755001068115234,1544,0.0,0.0
2024-11-27 13:54:00+01:00,35.755001068115234,35.755001068115234,35.7400016784668,35.75,5126,0.0,0.0
2024-11-27 13:55:00+01:00,35.744998931884766,35.75,35.73500061035156,35.73500061035156,2892,0.0,0.0
2024-11-27 13:56:00+01:00,35.72999954223633,35.744998931884766,35.724998474121094,35.7400016784668,3755,0.0,0.0
2024-11-27 13:57:00+01:00,35.744998931884766,35.75,35.724998474121094,35.72999954223633,1381,0.0,0.0
2024-11-27 13:58:00+01:00,35.724998474121094,35.724998474121094,35.709999084472656,35.709999084472656,6313,0.0,0.0
2024-11-27 13:59:00+01:00,35.70500183105469,35.709999084472656,35.685001373291016,35.70000076293945,9190,0.0,0.0
2024-11-27 14:00:00+01:00,35.70500183105469,35.720001220703125,35.70500183105469,35.71500015258789,1503,0.0,0.0
2024-11-27 14:01:00+01:00,35.71500015258789,35.724998474121094,35.709999084472656,35.724998474121094,1399,0.0,0.0
2024-11-27 14:02:00+01:00,35.72999954223633,35.72999954223633,35.724998474121094,35.72999954223633,578,0.0,0.0
2024-11-27 14:03:00+01:00,35.72999954223633,35.744998931884766,35.724998474121094,35.7400016784668,4055,0.0,0.0
2024-11-27 14:04:00+01:00,35.75,35.75,35.7400016784668,35.744998931884766,1811,0.0,0.0
2024-11-27 14:05:00+01:00,35.75,35.7599983215332,35.744998931884766,35.744998931884766,3919,0.0,0.0
2024-11-27 14:06:00+01:00,35.75,35.7599983215332,35.75,35.7599983215332,1180,0.0,0.0
2024-11-27 14:07:00+01:00,35.75,35.77000045776367,35.7400016784668,35.7599983215332,10406,0.0,0.0
2024-11-27 14:08:00+01:00,35.77000045776367,35.77000045776367,35.76499938964844,35.76499938964844,693,0.0,0.0
2024-11-27 14:09:00+01:00,35.76499938964844,35.76499938964844,35.76499938964844,35.76499938964844,400,0.0,0.0
2024-11-27 14:10:00+01:00,35.775001525878906,35.775001525878906,35.75,35.75,8834,0.0,0.0
2024-11-27 14:11:00+01:00,35.755001068115234,35.77000045776367,35.75,35.755001068115234,1366,0.0,0.0
2024-11-27 14:12:00+01:00,35.744998931884766,35.75,35.72999954223633,35.7400016784668,5748,0.0,0.0
2024-11-27 14:13:00+01:00,35.7400016784668,35.744998931884766,35.73500061035156,35.744998931884766,3516,0.0,0.0
2024-11-27 14:14:00+01:00,35.7599983215332,35.7599983215332,35.73500061035156,35.75,2339,0.0,0.0
2024-11-27 14:15:00+01:00,35.744998931884766,35.75,35.7400016784668,35.744998931884766,1812,0.0,0.0
2024-11-27 14:16:00+01:00,35.7400016784668,35.7400016784668,35.720001220703125,35.720001220703125,3977,0.0,0.0
2024-11-27 14:17:00+01:00,35.720001220703125,35.720001220703125,35.689998626708984,35.70500183105469,5282,0.0,0.0
2024-11-27 14:18:00+01:00,35.71500015258789,35.71500015258789,35.69499969482422,35.69499969482422,666,0.0,0.0
2024-11-27 14:19:00+01:00,35.70000076293945,35.70000076293945,35.66999816894531,35.66999816894531,15759,0.0,0.0
2024-11-27 14:20:00+01:00,35.665000915527344,35.68000030517578,35.665000915527344,35.66999816894531,2263,0.0,0.0
2024-11-27 14:21:00+01:00,35.67499923706055,35.685001373291016,35.665000915527344,35.685001373291016,3544,0.0,0.0
2024-11-27 14:22:00+01:00,35.689998626708984,35.689998626708984,35.685001373291016,35.685001373291016,865,0.0,0.0
2024-11-27 14:23:00+01:00,35.689998626708984,35.689998626708984,35.67499923706055,35.67499923706055,3288,0.0,0.0
2024-11-27 14:24:00+01:00,35.67499923706055,35.67499923706055,35.650001525878906,35.650001525878906,4724,0.0,0.0
2024-11-27 14:25:00+01:00,35.650001525878906,35.654998779296875,35.64500045776367,35.650001525878906,1709,0.0,0.0
2024-11-27 14:26:00+01:00,35.654998779296875,35.65999984741211,35.654998779296875,35.65999984741211,1203,0.0,0.0
2024-11-27 14:27:00+01:00,35.65250015258789,35.654998779296875,35.65250015258789,35.654998779296875,561,0.0,0.0
2024-11-27 14:28:00+01:00,35.650001525878906,35.665000915527344,35.650001525878906,35.654998779296875,2059,0.0,0.0
2024-11-27 14:29:00+01:00,35.65999984741211,35.665000915527344,35.65999984741211,35.65999984741211,1117,0.0,0.0
2024-11-27 14:30:00+01:00,35.665000915527344,35.68000030517578,35.65999984741211,35.665000915527344,6182,0.0,0.0
2024-11-27 14:31:00+01:00,35.65999984741211,35.665000915527344,35.63249969482422,35.6349983215332,7537,0.0,0.0
2024-11-27 14:32:00+01:00,35.6349983215332,35.63999938964844,35.59000015258789,35.595001220703125,23351,0.0,0.0
2024-11-27 14:33:00+01:00,35.59000015258789,35.685001373291016,35.59000015258789,35.685001373291016,13117,0.0,0.0
2024-11-27 14:34:00+01:00,35.70000076293945,35.709999084472656,35.70000076293945,35.70000076293945,3005,0.0,0.0
2024-11-27 14:35:00+01:00,35.70000076293945,35.709999084472656,35.67499923706055,35.70500183105469,13534,0.0,0.0
2024-11-27 14:36:00+01:00,35.720001220703125,35.724998474121094,35.709999084472656,35.720001220703125,9772,0.0,0.0
2024-11-27 14:37:00+01:00,35.724998474121094,35.75,35.724998474121094,35.744998931884766,1500,0.0,0.0
2024-11-27 14:38:00+01:00,35.744998931884766,35.7599983215332,35.7400016784668,35.7400016784668,11386,0.0,0.0
2024-11-27 14:39:00+01:00,35.744998931884766,35.755001068115234,35.72999954223633,35.73500061035156,2950,0.0,0.0
2024-11-27 14:40:00+01:00,35.7400016784668,35.78499984741211,35.7400016784668,35.78499984741211,5413,0.0,0.0
2024-11-27 14:41:00+01:00,35.790000915527344,35.81999969482422,35.790000915527344,35.80500030517578,12500,0.0,0.0
2024-11-27 14:42:00+01:00,35.79999923706055,35.80500030517578,35.790000915527344,35.79499816894531,4134,0.0,0.0
2024-11-27 14:43:00+01:00,35.79999923706055,35.79999923706055,35.78499984741211,35.79999923706055,852,0.0,0.0
2024-11-27 14:44:00+01:00,35.79499816894531,35.79999923706055,35.77000045776367,35.77000045776367,7708,0.0,0.0
2024-11-27 14:45:00+01:00,35.76499938964844,35.779998779296875,35.76499938964844,35.775001525878906,4769,0.0,0.0
2024-11-27 14:46:00+01:00,35.779998779296875,35.779998779296875,35.7400016784668,35.744998931884766,12055,0.0,0.0
2024-11-27 14:47:00+01:00,35.744998931884766,35.744998931884766,35.72999954223633,35.744998931884766,3293,0.0,0.0
2024-11-27 14:48:00+01:00,35.744998931884766,35.75,35.720001220703125,35.744998931884766,7777,0.0,0.0
2024-11-27 14:49:00+01:00,35.755001068115234,35.755001068115234,35.73500061035156,35.744998931884766,1762,0.0,0.0
2024-11-27 14:50:00+01:00,35.7400016784668,35.744998931884766,35.7400016784668,35.7400016784668,691,0.0,0.0
2024-11-27 14:51:00+01:00,35.7400016784668,35.76499938964844,35.7400016784668,35.76499938964844,6186,0.0,0.0
2024-11-27 14:52:00+01:00,35.7599983215332,35.775001525878906,35.75,35.775001525878906,6441,0.0,0.0
2024-11-27 14:53:00+01:00,35.779998779296875,35.79499816894531,35.755001068115234,35.7599983215332,9902,0.0,0.0
2024-11-27 14:54:00+01:00,35.755001068115234,35.7599983215332,35.73500061035156,35.73500061035156,4615,0.0,0.0
2024-11-27 14:55:00+01:00,35.73500061035156,35.744998931884766,35.70500183105469,35.71500015258789,18341,0.0,0.0
2024-11-27 14:56:00+01:00,35.720001220703125,35.720001220703125,35.685001373291016,35.685001373291016,4403,0.0,0.0
2024-11-27 14:57:00+01:00,35.685001373291016,35.70000076293945,35.68000030517578,35.68000030517578,3389,0.0,0.0
2024-11-27 14:58:00+01:00,35.68000030517578,35.689998626708984,35.66999816894531,35.689998626708984,2498,0.0,0.0
2024-11-27 14:59:00+01:00,35.70000076293945,35.71500015258789,35.70000076293945,35.70500183105469,2301,0.0,0.0
2024-11-27 15:00:00+01:00,35.70000076293945,35.70000076293945,35.68000030517578,35.689998626708984,3505,0.0,0.0
2024-11-27 15:01:00+01:00,35.69499969482422,35.69499969482422,35.68000030517578,35.689998626708984,4969,0.0,0.0
2024-11-27 15:02:00+01:00,35.689998626708984,35.689998626708984,35.665000915527344,35.685001373291016,4459,0.0,0.0
2024-11-27 15:03:00+01:00,35.66999816894531,35.68000030517578,35.650001525878906,35.650001525878906,10640,0.0,0.0
2024-11-27 15:04:00+01:00,35.650001525878906,35.665000915527344,35.63999938964844,35.63999938964844,6476,0.0,0.0
2024-11-27 15:05:00+01:00,35.650001525878906,35.68000030517578,35.6349983215332,35.65999984741211,12143,0.0,0.0
2024-11-27 15:06:00+01:00,35.665000915527344,35.665000915527344,35.6349983215332,35.64500045776367,1400,0.0,0.0
2024-11-27 15:07:00+01:00,35.654998779296875,35.66999816894531,35.64500045776367,35.654998779296875,4853,0.0,0.0
2024-11-27 15:08:00+01:00,35.654998779296875,35.66999816894531,35.64500045776367,35.65999984741211,13106,0.0,0.0
2024-11-27 15:09:00+01:00,35.65999984741211,35.66999816894531,35.650001525878906,35.66999816894531,8360,0.0,0.0
2024-11-27 15:10:00+01:00,35.68000030517578,35.70000076293945,35.67499923706055,35.70000076293945,2291,0.0,0.0
2024-11-27 15:11:00+01:00,35.720001220703125,35.75,35.720001220703125,35.744998931884766,5452,0.0,0.0
2024-11-27 15:12:00+01:00,35.744998931884766,35.76499938964844,35.72999954223633,35.76499938964844,31510,0.0,0.0
2024-11-27 15:13:00+01:00,35.775001525878906,35.78499984741211,35.775001525878906,35.78499984741211,975,0.0,0.0
2024-11-27 15:14:00+01:00,35.79499816894531,35.79499816894531,35.78499984741211,35.78499984741211,6069,0.0,0.0
2024-11-27 15:15:00+01:00,35.78499984741211,35.79999923706055,35.779998779296875,35.79499816894531,12340,0.0,0.0
2024-11-27 15:16:00+01:00,35.79499816894531,35.79499816894531,35.775001525878906,35.779998779296875,2239,0.0,0.0
2024-11-27 15:17:00+01:00,35.77000045776367,35.77000045776367,35.755001068115234,35.755001068115234,5315,0.0,0.0
2024-11-27 15:18:00+01:00,35.755001068115234,35.779998779296875,35.744998931884766,35.77000045776367,6682,0.0,0.0
2024-11-27 15:19:00+01:00,35.76499938964844,35.779998779296875,35.7599983215332,35.779998779296875,5642,0.0,0.0
2024-11-27 15:20:00+01:00,35.77000045776367,35.779998779296875,35.77000045776367,35.779998779296875,746,0.0,0.0
2024-11-27 15:21:00+01:00,35.779998779296875,35.79499816894531,35.775001525878906,35.78499984741211,2082,0.0,0.0
2024-11-27 15:22:00+01:00,35.78499984741211,35.79999923706055,35.78499984741211,35.790000915527344,3137,0.0,0.0
2024-11-27 15:23:00+01:00,35.78499984741211,35.78499984741211,35.744998931884766,35.7599983215332,4008,0.0,0.0
2024-11-27 15:24:00+01:00,35.76499938964844,35.775001525878906,35.755001068115234,35.755001068115234,9183,0.0,0.0
2024-11-27 15:25:00+01:00,35.75,35.77000045776367,35.75,35.77000045776367,1851,0.0,0.0
2024-11-27 15:26:00+01:00,35.7599983215332,35.779998779296875,35.755001068115234,35.775001525878906,3083,0.0,0.0
2024-11-27 15:27:00+01:00,35.779998779296875,35.78499984741211,35.779998779296875,35.779998779296875,976,0.0,0.0
2024-11-27 15:28:00+01:00,35.779998779296875,35.78499984741211,35.77000045776367,35.78499984741211,2196,0.0,0.0
2024-11-27 15:29:00+01:00,35.78499984741211,35.78499984741211,35.76499938964844,35.76499938964844,1483,0.0,0.0
2024-11-27 15:30:00+01:00,35.76499938964844,35.76499938964844,35.72999954223633,35.755001068115234,4082,0.0,0.0
2024-11-27 15:31:00+01:00,35.755001068115234,35.775001525878906,35.755001068115234,35.7599983215332,2563,0.0,0.0
2024-11-27 15:32:00+01:00,35.76499938964844,35.77000045776367,35.73500061035156,35.7400016784668,2929,0.0,0.0
2024-11-27 15:33:00+01:00,35.744998931884766,35.77000045776367,35.744998931884766,35.77000045776367,3106,0.0,0.0
2024-11-27 15:34:00+01:00,35.77000045776367,35.77000045776367,35.72999954223633,35.73500061035156,2806,0.0,0.0
2024-11-27 15:35:00+01:00,35.72999954223633,35.72999954223633,35.720001220703125,35.720001220703125,3399,0.0,0.0
2024-11-27 15:36:00+01:00,35.744998931884766,35.744998931884766,35.70000076293945,35.7400016784668,7368,0.0,0.0
2024-11-27 15:37:00+01:00,35.75,35.75,35.73500061035156,35.75,1779,0.0,0.0
2024-11-27 15:38:00+01:00,35.755001068115234,35.755001068115234,35.709999084472656,35.709999084472656,2153,0.0,0.0
2024-11-27 15:39:00+01:00,35.720001220703125,35.72999954223633,35.71500015258789,35.72999954223633,3801,0.0,0.0
2024-11-27 15:40:00+01:00,35.72999954223633,35.7400016784668,35.71500015258789,35.720001220703125,3523,0.0,0.0
2024-11-27 15:41:00+01:00,35.720001220703125,35.73500061035156,35.720001220703125,35.73500061035156,3031,0.0,0.0
2024-11-27 15:42:00+01:00,35.7400016784668,35.755001068115234,35.73500061035156,35.755001068115234,3062,0.0,0.0
2024-11-27 15:43:00+01:00,35.7599983215332,35.810001373291016,35.7599983215332,35.79499816894531,38074,0.0,0.0
2024-11-27 15:44:00+01:00,35.79499816894531,35.810001373291016,35.779998779296875,35.80500030517578,6934,0.0,0.0
2024-11-27 15:45:00+01:00,35.79999923706055,35.810001373291016,35.79499816894531,35.810001373291016,2523,0.0,0.0
2024-11-27 15:46:00+01:00,35.80500030517578,35.814998626708984,35.79499816894531,35.79499816894531,3336,0.0,0.0
2024-11-27 15:47:00+01:00,35.80500030517578,35.82500076293945,35.79999923706055,35.810001373291016,8363,0.0,0.0
2024-11-27 15:48:00+01:00,35.810001373291016,35.810001373291016,35.775001525878906,35.79999923706055,5733,0.0,0.0
2024-11-27 15:49:00+01:00,35.79499816894531,35.80500030517578,35.78499984741211,35.79999923706055,3458,0.0,0.0
2024-11-27 15:50:00+01:00,35.80500030517578,35.80500030517578,35.77000045776367,35.775001525878906,4007,0.0,0.0
2024-11-27 15:51:00+01:00,35.779998779296875,35.790000915527344,35.76499938964844,35.790000915527344,2476,0.0,0.0
2024-11-27 15:52:00+01:00,35.79499816894531,35.79999923706055,35.790000915527344,35.790000915527344,2738,0.0,0.0
2024-11-27 15:53:00+01:00,35.78499984741211,35.790000915527344,35.77000045776367,35.78499984741211,12359,0.0,0.0
2024-11-27 15:54:00+01:00,35.79499816894531,35.80500030517578,35.78499984741211,35.78499984741211,15467,0.0,0.0
2024-11-27 15:55:00+01:00,35.779998779296875,35.79499816894531,35.775001525878906,35.79499816894531,4661,0.0,0.0
2024-11-27 15:56:00+01:00,35.79499816894531,35.79999923706055,35.7599983215332,35.76499938964844,12037,0.0,0.0
2024-11-27 15:57:00+01:00,35.76499938964844,35.79999923706055,35.76499938964844,35.79999923706055,12380,0.0,0.0
2024-11-27 15:58:00+01:00,35.79999923706055,35.79999923706055,35.79999923706055,35.79999923706055,914,0.0,0.0
2024-11-27 15:59:00+01:00,35.79999923706055,35.810001373291016,35.78499984741211,35.79499816894531,19198,0.0,0.0
2024-11-27 16:00:00+01:00,35.79999923706055,35.814998626708984,35.79999923706055,35.814998626708984,3806,0.0,0.0
2024-11-27 16:01:00+01:00,35.810001373291016,35.814998626708984,35.779998779296875,35.79999923706055,17779,0.0,0.0
2024-11-27 16:02:00+01:00,35.80500030517578,35.80500030517578,35.79999923706055,35.79999923706055,3352,0.0,0.0
2024-11-27 16:03:00+01:00,35.79499816894531,35.79499816894531,35.76499938964844,35.790000915527344,15843,0.0,0.0
2024-11-27 16:04:00+01:00,35.790000915527344,35.79999923706055,35.78499984741211,35.790000915527344,11625,0.0,0.0
2024-11-27 16:05:00+01:00,35.790000915527344,35.810001373291016,35.790000915527344,35.810001373291016,10577,0.0,0.0
2024-11-27 16:06:00+01:00,35.814998626708984,35.81999969482422,35.810001373291016,35.814998626708984,6832,0.0,0.0
2024-11-27 16:07:00+01:00,35.810001373291016,35.810001373291016,35.79499816894531,35.79999923706055,6605,0.0,0.0
2024-11-27 16:08:00+01:00,35.80500030517578,35.80500030517578,35.79499816894531,35.80500030517578,2349,0.0,0.0
2024-11-27 16:09:00+01:00,35.810001373291016,35.81999969482422,35.810001373291016,35.810001373291016,2649,0.0,0.0
2024-11-27 16:10:00+01:00,35.810001373291016,35.814998626708984,35.80500030517578,35.8125,4087,0.0,0.0
2024-11-27 16:11:00+01:00,35.814998626708984,35.875,35.810001373291016,35.875,22819,0.0,0.0
2024-11-27 16:12:00+01:00,35.8650016784668,35.8849983215332,35.8650016784668,35.8849983215332,685,0.0,0.0
2024-11-27 16:13:00+01:00,35.88999938964844,35.88999938964844,35.875,35.8849983215332,6653,0.0,0.0
2024-11-27 16:14:00+01:00,35.8849983215332,35.915000915527344,35.8849983215332,35.900001525878906,27087,0.0,0.0
2024-11-27 16:15:00+01:00,35.900001525878906,35.904998779296875,35.900001525878906,35.904998779296875,9234,0.0,0.0
2024-11-27 16:16:00+01:00,35.904998779296875,35.90999984741211,35.8650016784668,35.8650016784668,15329,0.0,0.0
2024-11-27 16:17:00+01:00,35.8650016784668,35.875,35.86000061035156,35.8650016784668,3386,0.0,0.0
2024-11-27 16:18:00+01:00,35.8650016784668,35.869998931884766,35.86000061035156,35.869998931884766,2035,0.0,0.0
2024-11-27 16:19:00+01:00,35.875,35.904998779296875,35.875,35.89500045776367,6768,0.0,0.0
2024-11-27 16:20:00+01:00,35.89500045776367,35.900001525878906,35.88999938964844,35.900001525878906,1999,0.0,0.0
2024-11-27 16:21:00+01:00,35.90999984741211,35.915000915527344,35.88999938964844,35.900001525878906,10707,0.0,0.0
2024-11-27 16:22:00+01:00,35.89500045776367,35.89500045776367,35.85499954223633,35.85499954223633,3270,0.0,0.0
2024-11-27 16:23:00+01:00,35.86000061035156,35.875,35.85499954223633,35.869998931884766,5360,0.0,0.0
2024-11-27 16:24:00+01:00,35.8650016784668,35.8650016784668,35.849998474121094,35.86000061035156,5389,0.0,0.0
2024-11-27 16:25:00+01:00,35.85499954223633,35.86000061035156,35.849998474121094,35.86000061035156,2581,0.0,0.0
2024-11-27 16:26:00+01:00,35.8650016784668,35.8650016784668,35.845001220703125,35.845001220703125,2437,0.0,0.0
2024-11-27 16:27:00+01:00,35.86000061035156,35.8849983215332,35.86000061035156,35.875,6670,0.0,0.0
2024-11-27 16:28:00+01:00,35.880001068115234,35.88999938964844,35.875,35.88999938964844,11168,0.0,0.0
2024-11-27 16:29:00+01:00,35.89500045776367,35.904998779296875,35.88999938964844,35.904998779296875,6953,0.0,0.0
2024-11-27 16:30:00+01:00,35.904998779296875,35.94499969482422,35.89500045776367,35.94499969482422,23723,0.0,0.0
2024-11-27 16:33:00+01:00,35.939998626708984,35.95500183105469,35.92499923706055,35.92499923706055,45985,0.0,0.0
2024-11-27 16:34:00+01:00,35.91999816894531,35.92499923706055,35.89500045776367,35.904998779296875,7397,0.0,0.0
2024-11-27 16:35:00+01:00,35.90999984741211,35.915000915527344,35.90999984741211,35.90999984741211,5853,0.0,0.0
2024-11-27 16:36:00+01:00,35.90999984741211,35.935001373291016,35.900001525878906,35.93000030517578,12857,0.0,0.0
2024-11-27 16:37:00+01:00,35.93000030517578,35.94499969482422,35.91999816894531,35.92499923706055,11572,0.0,0.0
2024-11-27 16:38:00+01:00,35.91999816894531,35.935001373291016,35.915000915527344,35.91999816894531,7249,0.0,0.0
2024-11-27 16:39:00+01:00,35.91999816894531,35.91999816894531,35.8849983215332,35.88999938964844,25030,0.0,0.0
2024-11-27 16:40:00+01:00,35.89500045776367,35.91999816894531,35.88999938964844,35.91999816894531,11023,0.0,0.0
2024-11-27 16:41:00+01:00,35.92499923706055,35.95500183105469,35.91999816894531,35.95000076293945,12110,0.0,0.0
2024-11-27 16:42:00+01:00,35.95000076293945,35.96500015258789,35.915000915527344,35.91999816894531,33916,0.0,0.0
2024-11-27 16:43:00+01:00,35.91999816894531,35.91999816894531,35.90999984741211,35.90999984741211,1221,0.0,0.0
2024-11-27 16:44:00+01:00,35.915000915527344,35.91999816894531,35.89500045776367,35.89500045776367,8157,0.0,0.0
2024-11-27 16:45:00+01:00,35.89500045776367,35.915000915527344,35.8849983215332,35.89500045776367,6856,0.0,0.0
2024-11-27 16:46:00+01:00,35.900001525878906,35.92499923706055,35.900001525878906,35.91999816894531,11312,0.0,0.0
2024-11-27 16:47:00+01:00,35.915000915527344,35.93000030517578,35.904998779296875,35.93000030517578,4436,0.0,0.0
2024-11-27 16:48:00+01:00,35.935001373291016,35.935001373291016,35.900001525878906,35.904998779296875,8589,0.0,0.0
2024-11-27 16:49:00+01:00,35.904998779296875,35.915000915527344,35.900001525878906,35.900001525878906,6069,0.0,0.0
2024-11-27 16:50:00+01:00,35.90999984741211,35.91999816894531,35.90999984741211,35.91999816894531,9035,0.0,0.0
2024-11-27 16:51:00+01:00,35.93000030517578,35.93000030517578,35.915000915527344,35.91999816894531,1858,0.0,0.0
2024-11-27 16:52:00+01:00,35.935001373291016,35.94499969482422,35.92499923706055,35.94499969482422,6940,0.0,0.0
2024-11-27 16:53:00+01:00,35.94499969482422,35.959999084472656,35.935001373291016,35.939998626708984,12560,0.0,0.0
2024-11-27 16:54:00+01:00,35.939998626708984,35.95000076293945,35.935001373291016,35.939998626708984,4793,0.0,0.0
2024-11-27 16:55:00+01:00,35.94499969482422,35.95500183105469,35.94499969482422,35.95000076293945,3487,0.0,0.0
2024-11-27 16:56:00+01:00,35.95000076293945,35.959999084472656,35.95000076293945,35.95500183105469,2441,0.0,0.0
2024-11-27 16:57:00+01:00,35.95500183105469,35.95500183105469,35.935001373291016,35.94499969482422,8187,0.0,0.0
2024-11-27 16:58:00+01:00,35.95000076293945,35.959999084472656,35.95000076293945,35.95000076293945,13599,0.0,0.0
2024-11-27 16:59:00+01:00,35.95000076293945,35.95000076293945,35.94499969482422,35.94499969482422,4571,0.0,0.0
2024-11-27 17:00:00+01:00,35.95000076293945,35.970001220703125,35.95000076293945,35.95000076293945,14290,0.0,0.0
2024-11-27 17:01:00+01:00,35.95500183105469,35.959999084472656,35.95000076293945,35.95000076293945,3298,0.0,0.0
2024-11-27 17:02:00+01:00,35.95000076293945,35.95500183105469,35.939998626708984,35.939998626708984,3394,0.0,0.0
2024-11-27 17:03:00+01:00,35.94499969482422,35.94499969482422,35.935001373291016,35.935001373291016,4251,0.0,0.0
2024-11-27 17:04:00+01:00,35.939998626708984,35.95000076293945,35.92499923706055,35.92499923706055,6666,0.0,0.0
2024-11-27 17:05:00+01:00,35.93000030517578,35.935001373291016,35.91999816894531,35.935001373291016,24689,0.0,0.0
2024-11-27 17:06:00+01:00,35.939998626708984,35.959999084472656,35.939998626708984,35.959999084472656,18394,0.0,0.0
2024-11-27 17:07:00+01:00,35.959999084472656,35.96500015258789,35.95500183105469,35.96500015258789,2593,0.0,0.0
2024-11-27 17:08:00+01:00,35.959999084472656,35.959999084472656,35.93000030517578,35.93000030517578,7439,0.0,0.0
2024-11-27 17:09:00+01:00,35.93000030517578,35.95500183105469,35.93000030517578,35.95500183105469,5734,0.0,0.0
2024-11-27 17:10:00+01:00,35.95500183105469,35.959999084472656,35.94499969482422,35.959999084472656,11506,0.0,0.0
2024-11-27 17:11:00+01:00,35.96500015258789,35.970001220703125,35.95500183105469,35.959999084472656,9047,0.0,0.0
2024-11-27 17:12:00+01:00,35.970001220703125,35.98500061035156,35.970001220703125,35.97999954223633,15929,0.0,0.0
2024-11-27 17:13:00+01:00,35.97999954223633,35.97999954223633,35.974998474121094,35.974998474121094,4615,0.0,0.0
2024-11-27 17:14:00+01:00,35.970001220703125,35.974998474121094,35.959999084472656,35.96500015258789,8768,0.0,0.0
2024-11-27 17:15:00+01:00,35.96500015258789,35.970001220703125,35.959999084472656,35.959999084472656,8493,0.0,0.0
2024-11-27 17:16:00+01:00,35.959999084472656,35.959999084472656,35.94499969482422,35.94499969482422,3766,0.0,0.0
2024-11-27 17:17:00+01:00,35.939998626708984,35.94499969482422,35.92499923706055,35.93000030517578,11284,0.0,0.0
2024-11-27 17:18:00+01:00,35.93000030517578,35.93000030517578,35.90999984741211,35.915000915527344,19220,0.0,0.0
2024-11-27 17:19:00+01:00,35.91999816894531,35.91999816894531,35.900001525878906,35.904998779296875,5126,0.0,0.0
2024-11-27 17:20:00+01:00,35.904998779296875,35.90999984741211,35.900001525878906,35.904998779296875,5169,0.0,0.0
2024-11-27 17:21:00+01:00,35.904998779296875,35.90999984741211,35.8849983215332,35.89500045776367,18469,0.0,0.0
2024-11-27 17:22:00+01:00,35.89500045776367,35.89500045776367,35.880001068115234,35.8849983215332,5423,0.0,0.0
2024-11-27 17:23:00+01:00,35.8849983215332,35.8849983215332,35.869998931884766,35.880001068115234,9709,0.0,0.0
2024-11-27 17:24:00+01:00,35.8849983215332,35.88999938964844,35.875,35.875,7714,0.0,0.0
2024-11-27 17:25:00+01:00,35.880001068115234,35.904998779296875,35.875,35.900001525878906,11783,0.0,0.0
2024-11-27 17:26:00+01:00,35.900001525878906,35.900001525878906,35.8849983215332,35.88999938964844,14889,0.0,0.0
2024-11-27 17:27:00+01:00,35.8849983215332,35.89500045776367,35.880001068115234,35.8849983215332,8102,0.0,0.0
2024-11-27 17:28:00+01:00,35.880001068115234,35.880001068115234,35.880001068115234,35.880001068115234,1771,0.0,0.0
2024-11-27 17:29:00+01:00,35.8849983215332,35.900001525878906,35.8849983215332,35.900001525878906,24783,0.0,0.0
