time,Open,High,Low,Close,Volume,Dividends,Stock Splits
2024-12-04 09:00:00+01:00,37.58000183105469,37.650001525878906,37.57500076293945,37.63999938964844,0,0.0,0.0
2024-12-04 09:01:00+01:00,37.654998779296875,37.689998626708984,37.60499954223633,37.665000915527344,73326,0.0,0.0
2024-12-04 09:02:00+01:00,37.67499923706055,37.709999084472656,37.650001525878906,37.66999816894531,23427,0.0,0.0
2024-12-04 09:03:00+01:00,37.68000030517578,37.75,37.66999816894531,37.744998931884766,19467,0.0,0.0
2024-12-04 09:04:00+01:00,37.724998474121094,37.779998779296875,37.70000076293945,37.755001068115234,29528,0.0,0.0
2024-12-04 09:05:00+01:00,37.7599983215332,37.79999923706055,37.709999084472656,37.73500061035156,51655,0.0,0.0
2024-12-04 09:06:00+01:00,37.75,37.75,37.71500015258789,37.73500061035156,16993,0.0,0.0
2024-12-04 09:07:00+01:00,37.73500061035156,37.7400016784668,37.665000915527344,37.665000915527344,63521,0.0,0.0
2024-12-04 09:08:00+01:00,37.66999816894531,37.68000030517578,37.6349983215332,37.650001525878906,31612,0.0,0.0
2024-12-04 09:09:00+01:00,37.654998779296875,37.70500183105469,37.654998779296875,37.66999816894531,14224,0.0,0.0
2024-12-04 09:10:00+01:00,37.66999816894531,37.70500183105469,37.64500045776367,37.685001373291016,13892,0.0,0.0
2024-12-04 09:11:00+01:00,37.70000076293945,37.71500015258789,37.654998779296875,37.70500183105469,8835,0.0,0.0
2024-12-04 09:12:00+01:00,37.709999084472656,37.755001068115234,37.709999084472656,37.75,9148,0.0,0.0
2024-12-04 09:13:00+01:00,37.755001068115234,37.755001068115234,37.73500061035156,37.755001068115234,2989,0.0,0.0
2024-12-04 09:14:00+01:00,37.75,37.77000045776367,37.7400016784668,37.7400016784668,10848,0.0,0.0
2024-12-04 09:15:00+01:00,37.75,37.775001525878906,37.75,37.76499938964844,10321,0.0,0.0
2024-12-04 09:16:00+01:00,37.7599983215332,37.779998779296875,37.75,37.77000045776367,8918,0.0,0.0
2024-12-04 09:17:00+01:00,37.76499938964844,37.779998779296875,37.744998931884766,37.779998779296875,20503,0.0,0.0
2024-12-04 09:18:00+01:00,37.775001525878906,37.80500030517578,37.775001525878906,37.79999923706055,16045,0.0,0.0
2024-12-04 09:19:00+01:00,37.79999923706055,37.82500076293945,37.79999923706055,37.814998626708984,12043,0.0,0.0
2024-12-04 09:20:00+01:00,37.82500076293945,37.83000183105469,37.79499816894531,37.82500076293945,5696,0.0,0.0
2024-12-04 09:21:00+01:00,37.814998626708984,37.834999084472656,37.79999923706055,37.83000183105469,13119,0.0,0.0
2024-12-04 09:22:00+01:00,37.834999084472656,37.845001220703125,37.810001373291016,37.810001373291016,13178,0.0,0.0
2024-12-04 09:23:00+01:00,37.814998626708984,37.869998931884766,37.814998626708984,37.86000061035156,21769,0.0,0.0
2024-12-04 09:24:00+01:00,37.8650016784668,37.89500045776367,37.8650016784668,37.8650016784668,18618,0.0,0.0
2024-12-04 09:25:00+01:00,37.86000061035156,37.8849983215332,37.86000061035156,37.880001068115234,18367,0.0,0.0
2024-12-04 09:26:00+01:00,37.880001068115234,37.88999938964844,37.83000183105469,37.83000183105469,16653,0.0,0.0
2024-12-04 09:27:00+01:00,37.82500076293945,37.845001220703125,37.80500030517578,37.83000183105469,22007,0.0,0.0
2024-12-04 09:28:00+01:00,37.82500076293945,37.869998931884766,37.82500076293945,37.86000061035156,5005,0.0,0.0
2024-12-04 09:29:00+01:00,37.875,37.8849983215332,37.85499954223633,37.8849983215332,9070,0.0,0.0
2024-12-04 09:30:00+01:00,37.880001068115234,37.88999938964844,37.869998931884766,37.88999938964844,14844,0.0,0.0
2024-12-04 09:31:00+01:00,37.88999938964844,37.915000915527344,37.880001068115234,37.90999984741211,47009,0.0,0.0
2024-12-04 09:32:00+01:00,37.91999816894531,37.91999816894531,37.89500045776367,37.900001525878906,8810,0.0,0.0
2024-12-04 09:33:00+01:00,37.900001525878906,37.939998626708984,37.900001525878906,37.935001373291016,13155,0.0,0.0
2024-12-04 09:34:00+01:00,37.935001373291016,37.94499969482422,37.92499923706055,37.939998626708984,7761,0.0,0.0
2024-12-04 09:35:00+01:00,37.939998626708984,37.96500015258789,37.935001373291016,37.959999084472656,15837,0.0,0.0
2024-12-04 09:36:00+01:00,37.95500183105469,37.96500015258789,37.94499969482422,37.95000076293945,5333,0.0,0.0
2024-12-04 09:37:00+01:00,37.939998626708984,37.94499969482422,37.89500045776367,37.900001525878906,16687,0.0,0.0
2024-12-04 09:38:00+01:00,37.900001525878906,37.939998626708984,37.88999938964844,37.939998626708984,25408,0.0,0.0
2024-12-04 09:39:00+01:00,37.939998626708984,37.970001220703125,37.939998626708984,37.970001220703125,21381,0.0,0.0
2024-12-04 09:40:00+01:00,37.974998474121094,37.98500061035156,37.970001220703125,37.97999954223633,11559,0.0,0.0
2024-12-04 09:41:00+01:00,37.97999954223633,38.0,37.974998474121094,37.9900016784668,20487,0.0,0.0
2024-12-04 09:42:00+01:00,37.98500061035156,38.0099983215332,37.974998474121094,37.9900016784668,98023,0.0,0.0
2024-12-04 09:43:00+01:00,37.9900016784668,38.0,37.974998474121094,37.994998931884766,32105,0.0,0.0
2024-12-04 09:44:00+01:00,38.0,38.01499938964844,37.994998931884766,38.01499938964844,16250,0.0,0.0
2024-12-04 09:45:00+01:00,38.0099983215332,38.0099983215332,37.97999954223633,37.98500061035156,23098,0.0,0.0
2024-12-04 09:46:00+01:00,37.97999954223633,37.9900016784668,37.970001220703125,37.974998474121094,11327,0.0,0.0
2024-12-04 09:47:00+01:00,37.98500061035156,37.9900016784668,37.89500045776367,37.900001525878906,20438,0.0,0.0
2024-12-04 09:48:00+01:00,37.89500045776367,37.915000915527344,37.880001068115234,37.900001525878906,9580,0.0,0.0
2024-12-04 09:49:00+01:00,37.900001525878906,37.915000915527344,37.900001525878906,37.90999984741211,5653,0.0,0.0
2024-12-04 09:50:00+01:00,37.91999816894531,37.95500183105469,37.90999984741211,37.95000076293945,7124,0.0,0.0
2024-12-04 09:51:00+01:00,37.94499969482422,37.959999084472656,37.939998626708984,37.959999084472656,4628,0.0,0.0
2024-12-04 09:52:00+01:00,37.959999084472656,37.96500015258789,37.94499969482422,37.959999084472656,3951,0.0,0.0
2024-12-04 09:53:00+01:00,37.96500015258789,37.970001220703125,37.94499969482422,37.94499969482422,5823,0.0,0.0
2024-12-04 09:54:00+01:00,37.95000076293945,37.95500183105469,37.95000076293945,37.95000076293945,1712,0.0,0.0
2024-12-04 09:55:00+01:00,37.95000076293945,37.959999084472656,37.93000030517578,37.959999084472656,22140,0.0,0.0
2024-12-04 09:56:00+01:00,37.96500015258789,37.974998474121094,37.96500015258789,37.970001220703125,12420,0.0,0.0
2024-12-04 09:57:00+01:00,37.970001220703125,37.970001220703125,37.959999084472656,37.96500015258789,9645,0.0,0.0
2024-12-04 09:58:00+01:00,37.970001220703125,37.970001220703125,37.95000076293945,37.95500183105469,7360,0.0,0.0
2024-12-04 09:59:00+01:00,37.95500183105469,37.970001220703125,37.95500183105469,37.96500015258789,3735,0.0,0.0
2024-12-04 10:00:00+01:00,37.959999084472656,37.994998931884766,37.959999084472656,37.974998474121094,9118,0.0,0.0
2024-12-04 10:01:00+01:00,37.970001220703125,37.974998474121094,37.959999084472656,37.974998474121094,4060,0.0,0.0
2024-12-04 10:02:00+01:00,37.96500015258789,38.0,37.95000076293945,38.0,11597,0.0,0.0
2024-12-04 10:03:00+01:00,38.0,38.005001068115234,37.974998474121094,37.98500061035156,14922,0.0,0.0
2024-12-04 10:04:00+01:00,37.97999954223633,37.9900016784668,37.939998626708984,37.939998626708984,22998,0.0,0.0
2024-12-04 10:05:00+01:00,37.94499969482422,37.959999084472656,37.935001373291016,37.95000076293945,9847,0.0,0.0
2024-12-04 10:06:00+01:00,37.95000076293945,37.95000076293945,37.915000915527344,37.93000030517578,5484,0.0,0.0
2024-12-04 10:07:00+01:00,37.935001373291016,37.95000076293945,37.935001373291016,37.939998626708984,1930,0.0,0.0
2024-12-04 10:08:00+01:00,37.935001373291016,37.959999084472656,37.93000030517578,37.959999084472656,12094,0.0,0.0
2024-12-04 10:09:00+01:00,37.95000076293945,37.95000076293945,37.91999816894531,37.92499923706055,5750,0.0,0.0
2024-12-04 10:10:00+01:00,37.91999816894531,37.94499969482422,37.91999816894531,37.94499969482422,1607,0.0,0.0
2024-12-04 10:11:00+01:00,37.94499969482422,37.94499969482422,37.875,37.875,66863,0.0,0.0
2024-12-04 10:12:00+01:00,37.875,37.900001525878906,37.875,37.900001525878906,1940,0.0,0.0
2024-12-04 10:13:00+01:00,37.900001525878906,37.90999984741211,37.88999938964844,37.89500045776367,3567,0.0,0.0
2024-12-04 10:14:00+01:00,37.904998779296875,37.92499923706055,37.904998779296875,37.92499923706055,1034,0.0,0.0
2024-12-04 10:15:00+01:00,37.93000030517578,37.96500015258789,37.92499923706055,37.959999084472656,17930,0.0,0.0
2024-12-04 10:16:00+01:00,37.970001220703125,37.9900016784668,37.959999084472656,37.959999084472656,9554,0.0,0.0
2024-12-04 10:17:00+01:00,37.96500015258789,37.96500015258789,37.939998626708984,37.94499969482422,1350,0.0,0.0
2024-12-04 10:18:00+01:00,37.959999084472656,37.96500015258789,37.959999084472656,37.959999084472656,2376,0.0,0.0
2024-12-04 10:19:00+01:00,37.970001220703125,37.9900016784668,37.970001220703125,37.97999954223633,2645,0.0,0.0
2024-12-04 10:20:00+01:00,37.974998474121094,37.974998474121094,37.959999084472656,37.959999084472656,2527,0.0,0.0
2024-12-04 10:21:00+01:00,37.970001220703125,37.97999954223633,37.970001220703125,37.974998474121094,4797,0.0,0.0
2024-12-04 10:22:00+01:00,37.974998474121094,37.97999954223633,37.959999084472656,37.959999084472656,3299,0.0,0.0
2024-12-04 10:23:00+01:00,37.95500183105469,37.95500183105469,37.939998626708984,37.94499969482422,9617,0.0,0.0
2024-12-04 10:24:00+01:00,37.95500183105469,37.970001220703125,37.95500183105469,37.959999084472656,5463,0.0,0.0
2024-12-04 10:25:00+01:00,37.96500015258789,38.0,37.96500015258789,37.97999954223633,6243,0.0,0.0
2024-12-04 10:26:00+01:00,37.98500061035156,38.0,37.974998474121094,37.994998931884766,5348,0.0,0.0
2024-12-04 10:27:00+01:00,38.0,38.025001525878906,38.0,38.025001525878906,27610,0.0,0.0
2024-12-04 10:28:00+01:00,38.025001525878906,38.025001525878906,38.005001068115234,38.005001068115234,32018,0.0,0.0
2024-12-04 10:29:00+01:00,38.0099983215332,38.01499938964844,38.0,38.01499938964844,3523,0.0,0.0
2024-12-04 10:30:00+01:00,38.01499938964844,38.01499938964844,37.98500061035156,38.0099983215332,9757,0.0,0.0
2024-12-04 10:31:00+01:00,38.005001068115234,38.029998779296875,37.994998931884766,38.025001525878906,26599,0.0,0.0
2024-12-04 10:32:00+01:00,38.025001525878906,38.03499984741211,38.02000045776367,38.029998779296875,38961,0.0,0.0
2024-12-04 10:33:00+01:00,38.03499984741211,38.03499984741211,38.01499938964844,38.02000045776367,27821,0.0,0.0
2024-12-04 10:34:00+01:00,38.02000045776367,38.060001373291016,38.02000045776367,38.04999923706055,40177,0.0,0.0
2024-12-04 10:35:00+01:00,38.05500030517578,38.060001373291016,38.04999923706055,38.05500030517578,3726,0.0,0.0
2024-12-04 10:36:00+01:00,38.04999923706055,38.06999969482422,38.03499984741211,38.060001373291016,27394,0.0,0.0
2024-12-04 10:37:00+01:00,38.064998626708984,38.06999969482422,38.03499984741211,38.03499984741211,4822,0.0,0.0
2024-12-04 10:38:00+01:00,38.04499816894531,38.04499816894531,38.029998779296875,38.03499984741211,5313,0.0,0.0
2024-12-04 10:39:00+01:00,38.03499984741211,38.04499816894531,38.025001525878906,38.025001525878906,7232,0.0,0.0
2024-12-04 10:40:00+01:00,38.025001525878906,38.03499984741211,38.0099983215332,38.0099983215332,9084,0.0,0.0
2024-12-04 10:41:00+01:00,38.005001068115234,38.02000045776367,38.005001068115234,38.01499938964844,3989,0.0,0.0
2024-12-04 10:42:00+01:00,38.01499938964844,38.01499938964844,38.005001068115234,38.01499938964844,4932,0.0,0.0
2024-12-04 10:43:00+01:00,38.02000045776367,38.02000045776367,37.970001220703125,37.97999954223633,9911,0.0,0.0
2024-12-04 10:44:00+01:00,37.98500061035156,38.0,37.959999084472656,37.970001220703125,19071,0.0,0.0
2024-12-04 10:45:00+01:00,37.970001220703125,37.9900016784668,37.959999084472656,37.9900016784668,3614,0.0,0.0
2024-12-04 10:46:00+01:00,37.994998931884766,38.0,37.974998474121094,37.97999954223633,14732,0.0,0.0
2024-12-04 10:47:00+01:00,37.98500061035156,37.98500061035156,37.959999084472656,37.974998474121094,3668,0.0,0.0
2024-12-04 10:48:00+01:00,37.974998474121094,37.97999954223633,37.939998626708984,37.939998626708984,6936,0.0,0.0
2024-12-04 10:49:00+01:00,37.939998626708984,37.970001220703125,37.939998626708984,37.970001220703125,2123,0.0,0.0
2024-12-04 10:50:00+01:00,37.974998474121094,37.98500061035156,37.96500015258789,37.970001220703125,13371,0.0,0.0
2024-12-04 10:51:00+01:00,37.970001220703125,37.974998474121094,37.96500015258789,37.970001220703125,1567,0.0,0.0
2024-12-04 10:52:00+01:00,37.959999084472656,37.97999954223633,37.959999084472656,37.974998474121094,14239,0.0,0.0
2024-12-04 10:53:00+01:00,37.96500015258789,37.98500061035156,37.95500183105469,37.96500015258789,3759,0.0,0.0
2024-12-04 10:54:00+01:00,37.95000076293945,37.95500183105469,37.95000076293945,37.95500183105469,842,0.0,0.0
2024-12-04 10:55:00+01:00,37.96500015258789,37.97999954223633,37.959999084472656,37.959999084472656,2170,0.0,0.0
2024-12-04 10:56:00+01:00,37.959999084472656,37.959999084472656,37.93000030517578,37.94499969482422,7044,0.0,0.0
2024-12-04 10:57:00+01:00,37.939998626708984,37.959999084472656,37.939998626708984,37.95000076293945,4805,0.0,0.0
2024-12-04 10:58:00+01:00,37.95000076293945,37.95000076293945,37.92499923706055,37.92499923706055,2670,0.0,0.0
2024-12-04 10:59:00+01:00,37.91999816894531,37.91999816894531,37.900001525878906,37.900001525878906,8024,0.0,0.0
2024-12-04 11:00:00+01:00,37.915000915527344,37.92499923706055,37.915000915527344,37.92499923706055,4419,0.0,0.0
2024-12-04 11:01:00+01:00,37.92499923706055,37.95000076293945,37.92499923706055,37.939998626708984,3478,0.0,0.0
2024-12-04 11:02:00+01:00,37.939998626708984,37.95000076293945,37.935001373291016,37.939998626708984,5112,0.0,0.0
2024-12-04 11:03:00+01:00,37.939998626708984,37.939998626708984,37.93000030517578,37.935001373291016,2360,0.0,0.0
2024-12-04 11:04:00+01:00,37.93000030517578,37.94499969482422,37.93000030517578,37.94499969482422,10623,0.0,0.0
2024-12-04 11:05:00+01:00,37.94499969482422,37.94499969482422,37.8849983215332,37.88999938964844,56698,0.0,0.0
2024-12-04 11:06:00+01:00,37.89500045776367,37.92499923706055,37.89500045776367,37.915000915527344,8353,0.0,0.0
2024-12-04 11:07:00+01:00,37.91999816894531,37.939998626708984,37.91999816894531,37.935001373291016,4462,0.0,0.0
2024-12-04 11:08:00+01:00,37.93000030517578,37.93000030517578,37.91999816894531,37.91999816894531,776,0.0,0.0
2024-12-04 11:09:00+01:00,37.915000915527344,37.935001373291016,37.915000915527344,37.935001373291016,9869,0.0,0.0
2024-12-04 11:10:00+01:00,37.935001373291016,37.935001373291016,37.880001068115234,37.88999938964844,12401,0.0,0.0
2024-12-04 11:11:00+01:00,37.8849983215332,37.904998779296875,37.8650016784668,37.88999938964844,12195,0.0,0.0
2024-12-04 11:12:00+01:00,37.900001525878906,37.900001525878906,37.8849983215332,37.900001525878906,13586,0.0,0.0
2024-12-04 11:13:00+01:00,37.904998779296875,37.90999984741211,37.900001525878906,37.900001525878906,1467,0.0,0.0
2024-12-04 11:14:00+01:00,37.900001525878906,37.90999984741211,37.89500045776367,37.90999984741211,2075,0.0,0.0
2024-12-04 11:15:00+01:00,37.90999984741211,37.91999816894531,37.90999984741211,37.90999984741211,3191,0.0,0.0
2024-12-04 11:16:00+01:00,37.90999984741211,37.91999816894531,37.90999984741211,37.91999816894531,1980,0.0,0.0
2024-12-04 11:17:00+01:00,37.915000915527344,37.91999816894531,37.90999984741211,37.91999816894531,1070,0.0,0.0
2024-12-04 11:18:00+01:00,37.91999816894531,37.91999816894531,37.8650016784668,37.869998931884766,10885,0.0,0.0
2024-12-04 11:19:00+01:00,37.875,37.88999938964844,37.875,37.880001068115234,3594,0.0,0.0
2024-12-04 11:20:00+01:00,37.8849983215332,37.8849983215332,37.86000061035156,37.86000061035156,24121,0.0,0.0
2024-12-04 11:21:00+01:00,37.86000061035156,37.8650016784668,37.80500030517578,37.80500030517578,32006,0.0,0.0
2024-12-04 11:22:00+01:00,37.814998626708984,37.834999084472656,37.80500030517578,37.810001373291016,12808,0.0,0.0
2024-12-04 11:23:00+01:00,37.80500030517578,37.81999969482422,37.79999923706055,37.80500030517578,7661,0.0,0.0
2024-12-04 11:24:00+01:00,37.80500030517578,37.80500030517578,37.76499938964844,37.779998779296875,16589,0.0,0.0
2024-12-04 11:25:00+01:00,37.77000045776367,37.779998779296875,37.76499938964844,37.779998779296875,1534,0.0,0.0
2024-12-04 11:26:00+01:00,37.779998779296875,37.80500030517578,37.779998779296875,37.80500030517578,12616,0.0,0.0
2024-12-04 11:27:00+01:00,37.79999923706055,37.79999923706055,37.78499984741211,37.790000915527344,1358,0.0,0.0
2024-12-04 11:28:00+01:00,37.790000915527344,37.790000915527344,37.78499984741211,37.78499984741211,5114,0.0,0.0
2024-12-04 11:29:00+01:00,37.78499984741211,37.79999923706055,37.78499984741211,37.79999923706055,3185,0.0,0.0
2024-12-04 11:30:00+01:00,37.79999923706055,37.79999923706055,37.775001525878906,37.779998779296875,3312,0.0,0.0
2024-12-04 11:31:00+01:00,37.779998779296875,37.790000915527344,37.775001525878906,37.790000915527344,4035,0.0,0.0
2024-12-04 11:32:00+01:00,37.790000915527344,37.79499816894531,37.779998779296875,37.79499816894531,4612,0.0,0.0
2024-12-04 11:33:00+01:00,37.79499816894531,37.79499816894531,37.775001525878906,37.775001525878906,3958,0.0,0.0
2024-12-04 11:34:00+01:00,37.779998779296875,37.779998779296875,37.77000045776367,37.779998779296875,3691,0.0,0.0
2024-12-04 11:35:00+01:00,37.775001525878906,37.790000915527344,37.775001525878906,37.78499984741211,15916,0.0,0.0
2024-12-04 11:36:00+01:00,37.790000915527344,37.810001373291016,37.790000915527344,37.810001373291016,14002,0.0,0.0
2024-12-04 11:37:00+01:00,37.80500030517578,37.80500030517578,37.779998779296875,37.779998779296875,14235,0.0,0.0
2024-12-04 11:38:00+01:00,37.779998779296875,37.79999923706055,37.779998779296875,37.790000915527344,4449,0.0,0.0
2024-12-04 11:39:00+01:00,37.78499984741211,37.790000915527344,37.779998779296875,37.779998779296875,5217,0.0,0.0
2024-12-04 11:40:00+01:00,37.78499984741211,37.790000915527344,37.779998779296875,37.78499984741211,8632,0.0,0.0
2024-12-04 11:41:00+01:00,37.790000915527344,37.79499816894531,37.77000045776367,37.78499984741211,7652,0.0,0.0
2024-12-04 11:42:00+01:00,37.78499984741211,37.78499984741211,37.775001525878906,37.779998779296875,3474,0.0,0.0
2024-12-04 11:43:00+01:00,37.78499984741211,37.78499984741211,37.775001525878906,37.779998779296875,7285,0.0,0.0
2024-12-04 11:44:00+01:00,37.779998779296875,37.79999923706055,37.779998779296875,37.790000915527344,2834,0.0,0.0
2024-12-04 11:45:00+01:00,37.78499984741211,37.790000915527344,37.76499938964844,37.77000045776367,12709,0.0,0.0
2024-12-04 11:46:00+01:00,37.77000045776367,37.775001525878906,37.75,37.77000045776367,37246,0.0,0.0
2024-12-04 11:47:00+01:00,37.775001525878906,37.779998779296875,37.775001525878906,37.779998779296875,1028,0.0,0.0
2024-12-04 11:48:00+01:00,37.779998779296875,37.78499984741211,37.77000045776367,37.77000045776367,6947,0.0,0.0
2024-12-04 11:49:00+01:00,37.77000045776367,37.77000045776367,37.75,37.76499938964844,4839,0.0,0.0
2024-12-04 11:50:00+01:00,37.77000045776367,37.78499984741211,37.77000045776367,37.779998779296875,1471,0.0,0.0
2024-12-04 11:51:00+01:00,37.78499984741211,37.814998626708984,37.78499984741211,37.814998626708984,3614,0.0,0.0
2024-12-04 11:52:00+01:00,37.810001373291016,37.810001373291016,37.790000915527344,37.790000915527344,1616,0.0,0.0
2024-12-04 11:53:00+01:00,37.790000915527344,37.80500030517578,37.790000915527344,37.80500030517578,547,0.0,0.0
2024-12-04 11:54:00+01:00,37.80500030517578,37.80500030517578,37.79999923706055,37.80500030517578,2276,0.0,0.0
2024-12-04 11:55:00+01:00,37.80500030517578,37.810001373291016,37.79999923706055,37.79999923706055,10065,0.0,0.0
2024-12-04 11:56:00+01:00,37.79999923706055,37.80500030517578,37.775001525878906,37.779998779296875,6069,0.0,0.0
2024-12-04 11:57:00+01:00,37.78499984741211,37.790000915527344,37.779998779296875,37.790000915527344,711,0.0,0.0
2024-12-04 11:58:00+01:00,37.790000915527344,37.810001373291016,37.78499984741211,37.79499816894531,8055,0.0,0.0
2024-12-04 11:59:00+01:00,37.79999923706055,37.81999969482422,37.79999923706055,37.81999969482422,5472,0.0,0.0
2024-12-04 12:00:00+01:00,37.80500030517578,37.80500030517578,37.79499816894531,37.80500030517578,2260,0.0,0.0
2024-12-04 12:01:00+01:00,37.80500030517578,37.814998626708984,37.775001525878906,37.775001525878906,6665,0.0,0.0
2024-12-04 12:02:00+01:00,37.779998779296875,37.80500030517578,37.779998779296875,37.79499816894531,9191,0.0,0.0
2024-12-04 12:03:00+01:00,37.79499816894531,37.814998626708984,37.79499816894531,37.80500030517578,4547,0.0,0.0
2024-12-04 12:04:00+01:00,37.80500030517578,37.80500030517578,37.78499984741211,37.78499984741211,7992,0.0,0.0
2024-12-04 12:05:00+01:00,37.78499984741211,37.845001220703125,37.78499984741211,37.814998626708984,20579,0.0,0.0
2024-12-04 12:06:00+01:00,37.814998626708984,37.834999084472656,37.814998626708984,37.82500076293945,737,0.0,0.0
2024-12-04 12:07:00+01:00,37.82500076293945,37.845001220703125,37.814998626708984,37.814998626708984,9586,0.0,0.0
2024-12-04 12:08:00+01:00,37.814998626708984,37.834999084472656,37.810001373291016,37.810001373291016,12988,0.0,0.0
2024-12-04 12:09:00+01:00,37.80500030517578,37.83000183105469,37.790000915527344,37.790000915527344,13474,0.0,0.0
2024-12-04 12:10:00+01:00,37.79999923706055,37.82500076293945,37.79999923706055,37.79999923706055,15304,0.0,0.0
2024-12-04 12:11:00+01:00,37.80500030517578,37.82500076293945,37.80500030517578,37.82500076293945,1212,0.0,0.0
2024-12-04 12:12:00+01:00,37.83000183105469,37.83000183105469,37.814998626708984,37.82500076293945,8725,0.0,0.0
2024-12-04 12:13:00+01:00,37.810001373291016,37.82500076293945,37.810001373291016,37.82500076293945,5018,0.0,0.0
2024-12-04 12:14:00+01:00,37.83000183105469,37.83000183105469,37.80500030517578,37.810001373291016,2488,0.0,0.0
2024-12-04 12:15:00+01:00,37.814998626708984,37.81999969482422,37.790000915527344,37.79499816894531,2738,0.0,0.0
2024-12-04 12:16:00+01:00,37.790000915527344,37.79999923706055,37.779998779296875,37.79999923706055,12017,0.0,0.0
2024-12-04 12:17:00+01:00,37.79499816894531,37.79499816894531,37.790000915527344,37.790000915527344,1326,0.0,0.0
2024-12-04 12:18:00+01:00,37.79999923706055,37.79999923706055,37.790000915527344,37.790000915527344,688,0.0,0.0
2024-12-04 12:19:00+01:00,37.790000915527344,37.790000915527344,37.779998779296875,37.779998779296875,2149,0.0,0.0
2024-12-04 12:20:00+01:00,37.775001525878906,37.79999923706055,37.775001525878906,37.79999923706055,2712,0.0,0.0
2024-12-04 12:21:00+01:00,37.79499816894531,37.79499816894531,37.775001525878906,37.78499984741211,5903,0.0,0.0
2024-12-04 12:22:00+01:00,37.790000915527344,37.79499816894531,37.790000915527344,37.790000915527344,1367,0.0,0.0
2024-12-04 12:23:00+01:00,37.790000915527344,37.79499816894531,37.790000915527344,37.79499816894531,634,0.0,0.0
2024-12-04 12:24:00+01:00,37.79499816894531,37.79999923706055,37.790000915527344,37.79999923706055,2761,0.0,0.0
2024-12-04 12:25:00+01:00,37.79999923706055,37.810001373291016,37.79499816894531,37.79499816894531,7502,0.0,0.0
2024-12-04 12:26:00+01:00,37.79999923706055,37.80500030517578,37.790000915527344,37.79999923706055,977,0.0,0.0
2024-12-04 12:27:00+01:00,37.79999923706055,37.810001373291016,37.79999923706055,37.80500030517578,4366,0.0,0.0
2024-12-04 12:28:00+01:00,37.80500030517578,37.810001373291016,37.79499816894531,37.80500030517578,1210,0.0,0.0
2024-12-04 12:29:00+01:00,37.80500030517578,37.82500076293945,37.80500030517578,37.810001373291016,9666,0.0,0.0
2024-12-04 12:30:00+01:00,37.79999923706055,37.810001373291016,37.79999923706055,37.810001373291016,712,0.0,0.0
2024-12-04 12:31:00+01:00,37.810001373291016,37.814998626708984,37.79999923706055,37.79999923706055,2165,0.0,0.0
2024-12-04 12:32:00+01:00,37.790000915527344,37.79999923706055,37.790000915527344,37.79999923706055,728,0.0,0.0
2024-12-04 12:33:00+01:00,37.80500030517578,37.82500076293945,37.80500030517578,37.81999969482422,7814,0.0,0.0
2024-12-04 12:34:00+01:00,37.82500076293945,37.83000183105469,37.82500076293945,37.82500076293945,641,0.0,0.0
2024-12-04 12:35:00+01:00,37.83000183105469,37.845001220703125,37.81999969482422,37.845001220703125,4795,0.0,0.0
2024-12-04 12:36:00+01:00,37.84000015258789,37.849998474121094,37.81999969482422,37.82500076293945,15102,0.0,0.0
2024-12-04 12:37:00+01:00,37.82500076293945,37.84000015258789,37.81999969482422,37.834999084472656,2021,0.0,0.0
2024-12-04 12:38:00+01:00,37.84000015258789,37.875,37.84000015258789,37.85499954223633,22845,0.0,0.0
2024-12-04 12:39:00+01:00,37.86000061035156,37.86000061035156,37.82500076293945,37.834999084472656,21889,0.0,0.0
2024-12-04 12:40:00+01:00,37.84000015258789,37.84000015258789,37.81999969482422,37.82500076293945,3462,0.0,0.0
2024-12-04 12:41:00+01:00,37.81999969482422,37.834999084472656,37.81999969482422,37.834999084472656,1635,0.0,0.0
2024-12-04 12:42:00+01:00,37.83000183105469,37.83000183105469,37.82500076293945,37.83000183105469,2525,0.0,0.0
2024-12-04 12:43:00+01:00,37.83000183105469,37.83000183105469,37.82500076293945,37.83000183105469,116,0.0,0.0
2024-12-04 12:44:00+01:00,37.82500076293945,37.84000015258789,37.81999969482422,37.84000015258789,9833,0.0,0.0
2024-12-04 12:45:00+01:00,37.84000015258789,37.849998474121094,37.83000183105469,37.83000183105469,6876,0.0,0.0
2024-12-04 12:46:00+01:00,37.834999084472656,37.845001220703125,37.81999969482422,37.81999969482422,4192,0.0,0.0
2024-12-04 12:47:00+01:00,37.81999969482422,37.82500076293945,37.81999969482422,37.82500076293945,1495,0.0,0.0
2024-12-04 12:49:00+01:00,37.82500076293945,37.82500076293945,37.814998626708984,37.814998626708984,2316,0.0,0.0
2024-12-04 12:50:00+01:00,37.82500076293945,37.83000183105469,37.81999969482422,37.81999969482422,979,0.0,0.0
2024-12-04 12:51:00+01:00,37.81999969482422,37.84000015258789,37.814998626708984,37.84000015258789,3033,0.0,0.0
2024-12-04 12:52:00+01:00,37.845001220703125,37.86000061035156,37.845001220703125,37.86000061035156,2570,0.0,0.0
2024-12-04 12:53:00+01:00,37.8650016784668,37.869998931884766,37.8650016784668,37.869998931884766,1131,0.0,0.0
2024-12-04 12:54:00+01:00,37.869998931884766,37.869998931884766,37.869998931884766,37.869998931884766,945,0.0,0.0
2024-12-04 12:55:00+01:00,37.875,37.90999984741211,37.875,37.904998779296875,15664,0.0,0.0
2024-12-04 12:56:00+01:00,37.915000915527344,37.91999816894531,37.915000915527344,37.91999816894531,7160,0.0,0.0
2024-12-04 12:57:00+01:00,37.915000915527344,37.91999816894531,37.904998779296875,37.904998779296875,10479,0.0,0.0
2024-12-04 12:58:00+01:00,37.900001525878906,37.900001525878906,37.8849983215332,37.8849983215332,4202,0.0,0.0
2024-12-04 12:59:00+01:00,37.89500045776367,37.900001525878906,37.88999938964844,37.900001525878906,3151,0.0,0.0
2024-12-04 13:00:00+01:00,37.900001525878906,37.93000030517578,37.8849983215332,37.92499923706055,7460,0.0,0.0
2024-12-04 13:01:00+01:00,37.91999816894531,37.93000030517578,37.915000915527344,37.915000915527344,2684,0.0,0.0
2024-12-04 13:02:00+01:00,37.90999984741211,37.93000030517578,37.90999984741211,37.93000030517578,5318,0.0,0.0
2024-12-04 13:03:00+01:00,37.92499923706055,37.935001373291016,37.91999816894531,37.92499923706055,6088,0.0,0.0
2024-12-04 13:04:00+01:00,37.91999816894531,37.939998626708984,37.91999816894531,37.939998626708984,4431,0.0,0.0
2024-12-04 13:05:00+01:00,37.939998626708984,37.95000076293945,37.939998626708984,37.94499969482422,7357,0.0,0.0
2024-12-04 13:06:00+01:00,37.94499969482422,37.95000076293945,37.94499969482422,37.95000076293945,1170,0.0,0.0
2024-12-04 13:07:00+01:00,37.94499969482422,37.95000076293945,37.94499969482422,37.95000076293945,189,0.0,0.0
2024-12-04 13:08:00+01:00,37.95500183105469,37.95500183105469,37.91999816894531,37.94499969482422,11267,0.0,0.0
2024-12-04 13:09:00+01:00,37.935001373291016,37.935001373291016,37.91999816894531,37.91999816894531,2117,0.0,0.0
2024-12-04 13:10:00+01:00,37.92499923706055,37.935001373291016,37.91999816894531,37.935001373291016,487,0.0,0.0
2024-12-04 13:11:00+01:00,37.93000030517578,37.93000030517578,37.915000915527344,37.915000915527344,3540,0.0,0.0
2024-12-04 13:12:00+01:00,37.915000915527344,37.915000915527344,37.89500045776367,37.89500045776367,1976,0.0,0.0
2024-12-04 13:13:00+01:00,37.904998779296875,37.90999984741211,37.8849983215332,37.88999938964844,7332,0.0,0.0
2024-12-04 13:14:00+01:00,37.8849983215332,37.89500045776367,37.875,37.89500045776367,5511,0.0,0.0
2024-12-04 13:15:00+01:00,37.8849983215332,37.89500045776367,37.8849983215332,37.89500045776367,1100,0.0,0.0
2024-12-04 13:16:00+01:00,37.900001525878906,37.915000915527344,37.89500045776367,37.915000915527344,1724,0.0,0.0
2024-12-04 13:17:00+01:00,37.915000915527344,37.94499969482422,37.915000915527344,37.935001373291016,5996,0.0,0.0
2024-12-04 13:18:00+01:00,37.935001373291016,37.94499969482422,37.93000030517578,37.939998626708984,6342,0.0,0.0
2024-12-04 13:19:00+01:00,37.94499969482422,37.959999084472656,37.93000030517578,37.94499969482422,14786,0.0,0.0
2024-12-04 13:20:00+01:00,37.95500183105469,37.970001220703125,37.95500183105469,37.970001220703125,7163,0.0,0.0
2024-12-04 13:21:00+01:00,37.959999084472656,37.959999084472656,37.94499969482422,37.959999084472656,2667,0.0,0.0
2024-12-04 13:22:00+01:00,37.970001220703125,37.98500061035156,37.970001220703125,37.974998474121094,8292,0.0,0.0
2024-12-04 13:23:00+01:00,37.974998474121094,37.97999954223633,37.970001220703125,37.974998474121094,3369,0.0,0.0
2024-12-04 13:24:00+01:00,37.974998474121094,37.97999954223633,37.974998474121094,37.97999954223633,2097,0.0,0.0
2024-12-04 13:25:00+01:00,37.974998474121094,37.994998931884766,37.974998474121094,37.994998931884766,14311,0.0,0.0
2024-12-04 13:26:00+01:00,37.98500061035156,37.9900016784668,37.96500015258789,37.96500015258789,8429,0.0,0.0
2024-12-04 13:27:00+01:00,37.959999084472656,37.974998474121094,37.95000076293945,37.95000076293945,1858,0.0,0.0
2024-12-04 13:28:00+01:00,37.94499969482422,37.94499969482422,37.935001373291016,37.935001373291016,3177,0.0,0.0
2024-12-04 13:29:00+01:00,37.939998626708984,37.95500183105469,37.939998626708984,37.95000076293945,3387,0.0,0.0
2024-12-04 13:30:00+01:00,37.94499969482422,37.94499969482422,37.939998626708984,37.939998626708984,2705,0.0,0.0
2024-12-04 13:31:00+01:00,37.935001373291016,37.935001373291016,37.93000030517578,37.93000030517578,407,0.0,0.0
2024-12-04 13:32:00+01:00,37.93000030517578,37.93000030517578,37.900001525878906,37.900001525878906,2926,0.0,0.0
2024-12-04 13:33:00+01:00,37.904998779296875,37.90999984741211,37.900001525878906,37.900001525878906,3111,0.0,0.0
2024-12-04 13:34:00+01:00,37.900001525878906,37.90999984741211,37.900001525878906,37.90999984741211,3375,0.0,0.0
2024-12-04 13:35:00+01:00,37.915000915527344,37.915000915527344,37.900001525878906,37.900001525878906,3895,0.0,0.0
2024-12-04 13:36:00+01:00,37.900001525878906,37.904998779296875,37.880001068115234,37.880001068115234,4935,0.0,0.0
2024-12-04 13:37:00+01:00,37.880001068115234,37.88999938964844,37.875,37.88999938964844,1860,0.0,0.0
2024-12-04 13:38:00+01:00,37.8849983215332,37.8849983215332,37.869998931884766,37.880001068115234,2144,0.0,0.0
2024-12-04 13:39:00+01:00,37.8849983215332,37.900001525878906,37.8849983215332,37.900001525878906,3507,0.0,0.0
2024-12-04 13:40:00+01:00,37.900001525878906,37.915000915527344,37.88999938964844,37.90999984741211,3211,0.0,0.0
2024-12-04 13:41:00+01:00,37.904998779296875,37.904998779296875,37.900001525878906,37.900001525878906,1067,0.0,0.0
2024-12-04 13:42:00+01:00,37.904998779296875,37.90999984741211,37.900001525878906,37.900001525878906,1313,0.0,0.0
2024-12-04 13:43:00+01:00,37.900001525878906,37.904998779296875,37.900001525878906,37.900001525878906,1553,0.0,0.0
2024-12-04 13:44:00+01:00,37.904998779296875,37.904998779296875,37.8849983215332,37.89500045776367,7967,0.0,0.0
2024-12-04 13:45:00+01:00,37.900001525878906,37.900001525878906,37.89500045776367,37.900001525878906,790,0.0,0.0
2024-12-04 13:46:00+01:00,37.900001525878906,37.904998779296875,37.900001525878906,37.904998779296875,6699,0.0,0.0
2024-12-04 13:47:00+01:00,37.900001525878906,37.904998779296875,37.900001525878906,37.904998779296875,1036,0.0,0.0
2024-12-04 13:48:00+01:00,37.90999984741211,37.915000915527344,37.90999984741211,37.90999984741211,1076,0.0,0.0
2024-12-04 13:49:00+01:00,37.915000915527344,37.91999816894531,37.900001525878906,37.900001525878906,3938,0.0,0.0
2024-12-04 13:50:00+01:00,37.89500045776367,37.89500045776367,37.89500045776367,37.89500045776367,13,0.0,0.0
2024-12-04 13:51:00+01:00,37.900001525878906,37.904998779296875,37.875,37.875,4137,0.0,0.0
2024-12-04 13:52:00+01:00,37.8849983215332,37.8849983215332,37.880001068115234,37.880001068115234,2368,0.0,0.0
2024-12-04 13:53:00+01:00,37.8849983215332,37.8849983215332,37.880001068115234,37.8849983215332,1831,0.0,0.0
2024-12-04 13:54:00+01:00,37.8849983215332,37.900001525878906,37.8849983215332,37.900001525878906,5522,0.0,0.0
2024-12-04 13:55:00+01:00,37.89500045776367,37.904998779296875,37.8849983215332,37.904998779296875,2682,0.0,0.0
2024-12-04 13:56:00+01:00,37.904998779296875,37.904998779296875,37.8849983215332,37.8849983215332,2715,0.0,0.0
2024-12-04 13:57:00+01:00,37.8650016784668,37.8650016784668,37.84000015258789,37.845001220703125,7829,0.0,0.0
2024-12-04 13:58:00+01:00,37.85499954223633,37.869998931884766,37.85499954223633,37.869998931884766,770,0.0,0.0
2024-12-04 13:59:00+01:00,37.869998931884766,37.8849983215332,37.86000061035156,37.875,3874,0.0,0.0
2024-12-04 14:00:00+01:00,37.869998931884766,37.880001068115234,37.8650016784668,37.869998931884766,1447,0.0,0.0
2024-12-04 14:01:00+01:00,37.869998931884766,37.869998931884766,37.8650016784668,37.869998931884766,2242,0.0,0.0
2024-12-04 14:02:00+01:00,37.8650016784668,37.8650016784668,37.849998474121094,37.849998474121094,3017,0.0,0.0
2024-12-04 14:03:00+01:00,37.85499954223633,37.85499954223633,37.84000015258789,37.849998474121094,3918,0.0,0.0
2024-12-04 14:04:00+01:00,37.845001220703125,37.845001220703125,37.834999084472656,37.845001220703125,8245,0.0,0.0
2024-12-04 14:05:00+01:00,37.84000015258789,37.849998474121094,37.834999084472656,37.84000015258789,938,0.0,0.0
2024-12-04 14:06:00+01:00,37.84000015258789,37.84000015258789,37.814998626708984,37.81999969482422,7917,0.0,0.0
2024-12-04 14:07:00+01:00,37.814998626708984,37.83000183105469,37.814998626708984,37.83000183105469,2367,0.0,0.0
2024-12-04 14:08:00+01:00,37.83000183105469,37.84000015258789,37.810001373291016,37.810001373291016,7139,0.0,0.0
2024-12-04 14:09:00+01:00,37.81999969482422,37.83000183105469,37.81999969482422,37.83000183105469,2172,0.0,0.0
2024-12-04 14:10:00+01:00,37.814998626708984,37.81999969482422,37.814998626708984,37.81999969482422,1379,0.0,0.0
2024-12-04 14:11:00+01:00,37.81999969482422,37.83000183105469,37.81999969482422,37.83000183105469,2047,0.0,0.0
2024-12-04 14:12:00+01:00,37.834999084472656,37.84000015258789,37.814998626708984,37.83000183105469,16871,0.0,0.0
2024-12-04 14:13:00+01:00,37.83000183105469,37.83000183105469,37.81999969482422,37.81999969482422,965,0.0,0.0
2024-12-04 14:14:00+01:00,37.81999969482422,37.81999969482422,37.81999969482422,37.81999969482422,16691,0.0,0.0
2024-12-04 14:15:00+01:00,37.81999969482422,37.82500076293945,37.81999969482422,37.81999969482422,1582,0.0,0.0
2024-12-04 14:16:00+01:00,37.81999969482422,37.81999969482422,37.81999969482422,37.81999969482422,205,0.0,0.0
2024-12-04 14:17:00+01:00,37.82500076293945,37.82500076293945,37.79999923706055,37.814998626708984,10019,0.0,0.0
2024-12-04 14:18:00+01:00,37.810001373291016,37.82500076293945,37.810001373291016,37.81999969482422,2263,0.0,0.0
2024-12-04 14:19:00+01:00,37.81999969482422,37.81999969482422,37.810001373291016,37.814998626708984,4490,0.0,0.0
2024-12-04 14:20:00+01:00,37.81999969482422,37.82500076293945,37.81999969482422,37.81999969482422,1224,0.0,0.0
2024-12-04 14:21:00+01:00,37.81999969482422,37.834999084472656,37.81999969482422,37.834999084472656,736,0.0,0.0
2024-12-04 14:22:00+01:00,37.834999084472656,37.834999084472656,37.83000183105469,37.83000183105469,2167,0.0,0.0
2024-12-04 14:23:00+01:00,37.83000183105469,37.83000183105469,37.82500076293945,37.82500076293945,651,0.0,0.0
2024-12-04 14:24:00+01:00,37.83000183105469,37.834999084472656,37.81999969482422,37.81999969482422,3999,0.0,0.0
2024-12-04 14:25:00+01:00,37.82500076293945,37.83000183105469,37.814998626708984,37.814998626708984,1594,0.0,0.0
2024-12-04 14:26:00+01:00,37.814998626708984,37.81999969482422,37.810001373291016,37.81999969482422,1427,0.0,0.0
2024-12-04 14:27:00+01:00,37.82500076293945,37.82500076293945,37.81999969482422,37.81999969482422,951,0.0,0.0
2024-12-04 14:28:00+01:00,37.82500076293945,37.82500076293945,37.81999969482422,37.81999969482422,1488,0.0,0.0
2024-12-04 14:29:00+01:00,37.82500076293945,37.82500076293945,37.81999969482422,37.81999969482422,700,0.0,0.0
2024-12-04 14:30:00+01:00,37.82500076293945,37.84000015258789,37.82500076293945,37.84000015258789,1125,0.0,0.0
2024-12-04 14:31:00+01:00,37.81999969482422,37.83000183105469,37.81999969482422,37.83000183105469,1495,0.0,0.0
2024-12-04 14:32:00+01:00,37.83000183105469,37.83000183105469,37.82500076293945,37.82500076293945,989,0.0,0.0
2024-12-04 14:33:00+01:00,37.83000183105469,37.834999084472656,37.83000183105469,37.834999084472656,458,0.0,0.0
2024-12-04 14:34:00+01:00,37.83000183105469,37.83000183105469,37.83000183105469,37.83000183105469,587,0.0,0.0
2024-12-04 14:35:00+01:00,37.84000015258789,37.849998474121094,37.83000183105469,37.849998474121094,3034,0.0,0.0
2024-12-04 14:36:00+01:00,37.845001220703125,37.849998474121094,37.834999084472656,37.849998474121094,11872,0.0,0.0
2024-12-04 14:37:00+01:00,37.849998474121094,37.880001068115234,37.849998474121094,37.869998931884766,18766,0.0,0.0
2024-12-04 14:38:00+01:00,37.869998931884766,37.88999938964844,37.8650016784668,37.8849983215332,10554,0.0,0.0
2024-12-04 14:39:00+01:00,37.8849983215332,37.88999938964844,37.880001068115234,37.88999938964844,3728,0.0,0.0
2024-12-04 14:40:00+01:00,37.900001525878906,37.90999984741211,37.869998931884766,37.880001068115234,16055,0.0,0.0
2024-12-04 14:41:00+01:00,37.880001068115234,37.90999984741211,37.875,37.90999984741211,4075,0.0,0.0
2024-12-04 14:42:00+01:00,37.90999984741211,37.92499923706055,37.90999984741211,37.92499923706055,11335,0.0,0.0
2024-12-04 14:43:00+01:00,37.92499923706055,37.92499923706055,37.92499923706055,37.92499923706055,312,0.0,0.0
2024-12-04 14:44:00+01:00,37.92499923706055,37.92499923706055,37.91999816894531,37.91999816894531,1860,0.0,0.0
2024-12-04 14:45:00+01:00,37.91999816894531,37.91999816894531,37.91999816894531,37.91999816894531,744,0.0,0.0
2024-12-04 14:46:00+01:00,37.91999816894531,37.91999816894531,37.915000915527344,37.91999816894531,2820,0.0,0.0
2024-12-04 14:47:00+01:00,37.91999816894531,37.94499969482422,37.91999816894531,37.94499969482422,3509,0.0,0.0
2024-12-04 14:48:00+01:00,37.94499969482422,37.95000076293945,37.91999816894531,37.92499923706055,14605,0.0,0.0
2024-12-04 14:49:00+01:00,37.91999816894531,37.92499923706055,37.915000915527344,37.915000915527344,763,0.0,0.0
2024-12-04 14:50:00+01:00,37.92499923706055,37.92499923706055,37.915000915527344,37.915000915527344,6978,0.0,0.0
2024-12-04 14:51:00+01:00,37.90999984741211,37.90999984741211,37.869998931884766,37.869998931884766,17744,0.0,0.0
2024-12-04 14:52:00+01:00,37.869998931884766,37.875,37.85499954223633,37.85499954223633,1989,0.0,0.0
2024-12-04 14:53:00+01:00,37.85499954223633,37.86000061035156,37.85499954223633,37.85499954223633,990,0.0,0.0
2024-12-04 14:54:00+01:00,37.8650016784668,37.869998931884766,37.85499954223633,37.8650016784668,2779,0.0,0.0
2024-12-04 14:55:00+01:00,37.869998931884766,37.8849983215332,37.869998931884766,37.8849983215332,1203,0.0,0.0
2024-12-04 14:56:00+01:00,37.8849983215332,37.915000915527344,37.880001068115234,37.915000915527344,12534,0.0,0.0
2024-12-04 14:57:00+01:00,37.91999816894531,37.91999816894531,37.89500045776367,37.89500045776367,12016,0.0,0.0
2024-12-04 14:58:00+01:00,37.89500045776367,37.89500045776367,37.880001068115234,37.880001068115234,2589,0.0,0.0
2024-12-04 14:59:00+01:00,37.880001068115234,37.8849983215332,37.880001068115234,37.8849983215332,220,0.0,0.0
2024-12-04 15:00:00+01:00,37.869998931884766,37.875,37.869998931884766,37.869998931884766,6874,0.0,0.0
2024-12-04 15:01:00+01:00,37.8650016784668,37.875,37.8650016784668,37.875,2466,0.0,0.0
2024-12-04 15:02:00+01:00,37.85499954223633,37.8650016784668,37.845001220703125,37.8650016784668,8221,0.0,0.0
2024-12-04 15:03:00+01:00,37.8650016784668,37.875,37.8650016784668,37.875,1160,0.0,0.0
2024-12-04 15:04:00+01:00,37.875,37.8849983215332,37.875,37.875,1252,0.0,0.0
2024-12-04 15:05:00+01:00,37.880001068115234,37.88999938964844,37.875,37.880001068115234,5438,0.0,0.0
2024-12-04 15:06:00+01:00,37.8849983215332,37.8849983215332,37.845001220703125,37.845001220703125,9262,0.0,0.0
2024-12-04 15:07:00+01:00,37.849998474121094,37.849998474121094,37.845001220703125,37.845001220703125,1709,0.0,0.0
2024-12-04 15:08:00+01:00,37.845001220703125,37.85499954223633,37.84000015258789,37.845001220703125,6524,0.0,0.0
2024-12-04 15:09:00+01:00,37.84000015258789,37.845001220703125,37.834999084472656,37.84000015258789,1983,0.0,0.0
2024-12-04 15:10:00+01:00,37.845001220703125,37.85499954223633,37.84000015258789,37.85499954223633,1821,0.0,0.0
2024-12-04 15:11:00+01:00,37.8650016784668,37.880001068115234,37.85499954223633,37.875,8487,0.0,0.0
2024-12-04 15:12:00+01:00,37.875,37.875,37.86000061035156,37.875,2613,0.0,0.0
2024-12-04 15:13:00+01:00,37.880001068115234,37.88999938964844,37.875,37.875,13754,0.0,0.0
2024-12-04 15:14:00+01:00,37.875,37.875,37.8650016784668,37.869998931884766,1139,0.0,0.0
2024-12-04 15:15:00+01:00,37.869998931884766,37.88999938964844,37.86000061035156,37.86000061035156,12551,0.0,0.0
2024-12-04 15:16:00+01:00,37.85499954223633,37.86000061035156,37.849998474121094,37.849998474121094,2978,0.0,0.0
2024-12-04 15:17:00+01:00,37.849998474121094,37.86000061035156,37.849998474121094,37.85499954223633,3295,0.0,0.0
2024-12-04 15:18:00+01:00,37.86000061035156,37.8650016784668,37.85499954223633,37.8650016784668,1958,0.0,0.0
2024-12-04 15:19:00+01:00,37.86000061035156,37.8650016784668,37.85499954223633,37.8650016784668,412,0.0,0.0
2024-12-04 15:20:00+01:00,37.86000061035156,37.86000061035156,37.84000015258789,37.84000015258789,4208,0.0,0.0
2024-12-04 15:21:00+01:00,37.84000015258789,37.845001220703125,37.834999084472656,37.84000015258789,3671,0.0,0.0
2024-12-04 15:22:00+01:00,37.84000015258789,37.849998474121094,37.84000015258789,37.849998474121094,474,0.0,0.0
2024-12-04 15:23:00+01:00,37.85499954223633,37.8650016784668,37.849998474121094,37.849998474121094,2035,0.0,0.0
2024-12-04 15:24:00+01:00,37.845001220703125,37.849998474121094,37.81999969482422,37.83000183105469,8329,0.0,0.0
2024-12-04 15:25:00+01:00,37.83000183105469,37.84000015258789,37.83000183105469,37.84000015258789,1446,0.0,0.0
2024-12-04 15:26:00+01:00,37.84000015258789,37.845001220703125,37.834999084472656,37.84000015258789,3720,0.0,0.0
2024-12-04 15:27:00+01:00,37.849998474121094,37.86000061035156,37.814998626708984,37.82500076293945,9706,0.0,0.0
2024-12-04 15:28:00+01:00,37.83000183105469,37.84000015258789,37.82500076293945,37.84000015258789,3898,0.0,0.0
2024-12-04 15:29:00+01:00,37.845001220703125,37.845001220703125,37.834999084472656,37.834999084472656,2484,0.0,0.0
2024-12-04 15:30:00+01:00,37.834999084472656,37.84000015258789,37.810001373291016,37.810001373291016,4078,0.0,0.0
2024-12-04 15:31:00+01:00,37.81999969482422,37.84000015258789,37.810001373291016,37.82500076293945,2333,0.0,0.0
2024-12-04 15:32:00+01:00,37.83000183105469,37.849998474121094,37.83000183105469,37.849998474121094,3978,0.0,0.0
2024-12-04 15:33:00+01:00,37.834999084472656,37.849998474121094,37.79999923706055,37.849998474121094,39781,0.0,0.0
2024-12-04 15:34:00+01:00,37.849998474121094,37.8650016784668,37.849998474121094,37.849998474121094,8179,0.0,0.0
2024-12-04 15:35:00+01:00,37.85499954223633,37.880001068115234,37.85499954223633,37.85499954223633,14131,0.0,0.0
2024-12-04 15:36:00+01:00,37.849998474121094,37.849998474121094,37.82500076293945,37.82500076293945,2846,0.0,0.0
2024-12-04 15:37:00+01:00,37.81999969482422,37.83000183105469,37.810001373291016,37.814998626708984,7597,0.0,0.0
2024-12-04 15:38:00+01:00,37.81999969482422,37.845001220703125,37.810001373291016,37.84000015258789,7537,0.0,0.0
2024-12-04 15:39:00+01:00,37.84000015258789,37.86000061035156,37.84000015258789,37.845001220703125,13969,0.0,0.0
2024-12-04 15:40:00+01:00,37.85499954223633,37.85499954223633,37.81999969482422,37.82500076293945,4048,0.0,0.0
2024-12-04 15:41:00+01:00,37.83000183105469,37.8650016784668,37.82500076293945,37.82500076293945,19745,0.0,0.0
2024-12-04 15:42:00+01:00,37.81999969482422,37.83000183105469,37.79999923706055,37.79999923706055,13907,0.0,0.0
2024-12-04 15:43:00+01:00,37.79999923706055,37.80500030517578,37.79999923706055,37.80500030517578,2038,0.0,0.0
2024-12-04 15:44:00+01:00,37.80500030517578,37.814998626708984,37.80500030517578,37.810001373291016,2760,0.0,0.0
2024-12-04 15:45:00+01:00,37.810001373291016,37.81999969482422,37.79999923706055,37.81999969482422,4780,0.0,0.0
2024-12-04 15:46:00+01:00,37.814998626708984,37.814998626708984,37.790000915527344,37.790000915527344,4211,0.0,0.0
2024-12-04 15:47:00+01:00,37.790000915527344,37.79999923706055,37.790000915527344,37.79999923706055,1395,0.0,0.0
2024-12-04 15:48:00+01:00,37.79999923706055,37.83000183105469,37.79999923706055,37.82500076293945,18737,0.0,0.0
2024-12-04 15:49:00+01:00,37.83000183105469,37.834999084472656,37.810001373291016,37.82500076293945,3565,0.0,0.0
2024-12-04 15:50:00+01:00,37.82500076293945,37.834999084472656,37.82500076293945,37.834999084472656,1492,0.0,0.0
2024-12-04 15:51:00+01:00,37.84000015258789,37.84000015258789,37.82500076293945,37.83000183105469,3449,0.0,0.0
2024-12-04 15:52:00+01:00,37.82500076293945,37.82500076293945,37.814998626708984,37.81999969482422,2782,0.0,0.0
2024-12-04 15:53:00+01:00,37.81999969482422,37.82500076293945,37.814998626708984,37.82500076293945,2366,0.0,0.0
2024-12-04 15:54:00+01:00,37.81999969482422,37.849998474121094,37.814998626708984,37.849998474121094,16970,0.0,0.0
2024-12-04 15:55:00+01:00,37.834999084472656,37.834999084472656,37.834999084472656,37.834999084472656,2734,0.0,0.0
2024-12-04 15:56:00+01:00,37.84000015258789,37.845001220703125,37.82500076293945,37.83000183105469,8357,0.0,0.0
2024-12-04 15:57:00+01:00,37.834999084472656,37.834999084472656,37.81999969482422,37.83000183105469,8676,0.0,0.0
2024-12-04 15:58:00+01:00,37.82500076293945,37.82500076293945,37.81999969482422,37.82500076293945,3238,0.0,0.0
2024-12-04 15:59:00+01:00,37.82500076293945,37.82500076293945,37.810001373291016,37.814998626708984,4188,0.0,0.0
2024-12-04 16:00:00+01:00,37.80500030517578,37.814998626708984,37.70500183105469,37.76499938964844,74586,0.0,0.0
2024-12-04 16:01:00+01:00,37.77000045776367,37.77000045776367,37.7400016784668,37.75,7988,0.0,0.0
2024-12-04 16:02:00+01:00,37.744998931884766,37.779998779296875,37.7400016784668,37.7599983215332,13309,0.0,0.0
2024-12-04 16:03:00+01:00,37.77000045776367,37.775001525878906,37.7400016784668,37.755001068115234,4254,0.0,0.0
2024-12-04 16:04:00+01:00,37.75,37.755001068115234,37.72999954223633,37.744998931884766,9063,0.0,0.0
2024-12-04 16:05:00+01:00,37.75,37.77000045776367,37.75,37.7599983215332,5878,0.0,0.0
2024-12-04 16:06:00+01:00,37.7599983215332,37.775001525878906,37.755001068115234,37.775001525878906,9099,0.0,0.0
2024-12-04 16:07:00+01:00,37.7599983215332,37.779998779296875,37.744998931884766,37.779998779296875,6901,0.0,0.0
2024-12-04 16:08:00+01:00,37.775001525878906,37.80500030517578,37.77000045776367,37.77000045776367,7162,0.0,0.0
2024-12-04 16:09:00+01:00,37.77000045776367,37.77000045776367,37.7599983215332,37.76499938964844,4536,0.0,0.0
2024-12-04 16:10:00+01:00,37.7599983215332,37.7599983215332,37.685001373291016,37.689998626708984,15190,0.0,0.0
2024-12-04 16:11:00+01:00,37.689998626708984,37.73500061035156,37.689998626708984,37.72999954223633,9117,0.0,0.0
2024-12-04 16:12:00+01:00,37.7400016784668,37.7400016784668,37.70500183105469,37.70500183105469,5686,0.0,0.0
2024-12-04 16:13:00+01:00,37.70500183105469,37.70500183105469,37.685001373291016,37.70500183105469,6656,0.0,0.0
2024-12-04 16:14:00+01:00,37.70000076293945,37.70500183105469,37.69499969482422,37.70000076293945,1917,0.0,0.0
2024-12-04 16:15:00+01:00,37.70500183105469,37.70500183105469,37.654998779296875,37.654998779296875,8588,0.0,0.0
2024-12-04 16:16:00+01:00,37.654998779296875,37.654998779296875,37.63999938964844,37.650001525878906,8715,0.0,0.0
2024-12-04 16:17:00+01:00,37.64500045776367,37.64500045776367,37.625,37.625,5862,0.0,0.0
2024-12-04 16:18:00+01:00,37.63999938964844,37.654998779296875,37.63999938964844,37.63999938964844,6056,0.0,0.0
2024-12-04 16:19:00+01:00,37.6349983215332,37.65999984741211,37.625,37.654998779296875,10831,0.0,0.0
2024-12-04 16:20:00+01:00,37.65999984741211,37.66999816894531,37.6349983215332,37.65999984741211,18061,0.0,0.0
2024-12-04 16:21:00+01:00,37.654998779296875,37.65999984741211,37.654998779296875,37.65999984741211,1670,0.0,0.0
2024-12-04 16:22:00+01:00,37.665000915527344,37.685001373291016,37.665000915527344,37.665000915527344,3097,0.0,0.0
2024-12-04 16:23:00+01:00,37.67499923706055,37.68000030517578,37.66999816894531,37.66999816894531,1741,0.0,0.0
2024-12-04 16:24:00+01:00,37.66999816894531,37.68000030517578,37.66999816894531,37.68000030517578,3900,0.0,0.0
2024-12-04 16:25:00+01:00,37.68000030517578,37.70000076293945,37.67499923706055,37.685001373291016,6353,0.0,0.0
2024-12-04 16:26:00+01:00,37.68000030517578,37.70500183105469,37.68000030517578,37.70000076293945,6887,0.0,0.0
2024-12-04 16:27:00+01:00,37.69499969482422,37.70000076293945,37.689998626708984,37.689998626708984,2079,0.0,0.0
2024-12-04 16:28:00+01:00,37.689998626708984,37.70000076293945,37.685001373291016,37.70000076293945,8624,0.0,0.0
2024-12-04 16:29:00+01:00,37.689998626708984,37.70000076293945,37.689998626708984,37.70000076293945,2136,0.0,0.0
2024-12-04 16:30:00+01:00,37.709999084472656,37.7400016784668,37.709999084472656,37.720001220703125,6004,0.0,0.0
2024-12-04 16:31:00+01:00,37.72999954223633,37.72999954223633,37.71500015258789,37.71500015258789,823,0.0,0.0
2024-12-04 16:32:00+01:00,37.71500015258789,37.73500061035156,37.709999084472656,37.73500061035156,8334,0.0,0.0
2024-12-04 16:33:00+01:00,37.73500061035156,37.755001068115234,37.73500061035156,37.73500061035156,6443,0.0,0.0
2024-12-04 16:34:00+01:00,37.7400016784668,37.7599983215332,37.72999954223633,37.755001068115234,11261,0.0,0.0
2024-12-04 16:35:00+01:00,37.755001068115234,37.79999923706055,37.755001068115234,37.779998779296875,15679,0.0,0.0
2024-12-04 16:36:00+01:00,37.78499984741211,37.78499984741211,37.75,37.755001068115234,15262,0.0,0.0
2024-12-04 16:37:00+01:00,37.75,37.75,37.72999954223633,37.7400016784668,7541,0.0,0.0
2024-12-04 16:38:00+01:00,37.73500061035156,37.7400016784668,37.720001220703125,37.73500061035156,5492,0.0,0.0
2024-12-04 16:39:00+01:00,37.73500061035156,37.73500061035156,37.73500061035156,37.73500061035156,487,0.0,0.0
2024-12-04 16:40:00+01:00,37.72999954223633,37.72999954223633,37.68000030517578,37.689998626708984,14130,0.0,0.0
2024-12-04 16:41:00+01:00,37.689998626708984,37.69499969482422,37.68000030517578,37.689998626708984,1119,0.0,0.0
2024-12-04 16:42:00+01:00,37.685001373291016,37.70000076293945,37.685001373291016,37.689998626708984,3992,0.0,0.0
2024-12-04 16:43:00+01:00,37.69499969482422,37.70000076293945,37.689998626708984,37.70000076293945,10460,0.0,0.0
2024-12-04 16:44:00+01:00,37.70000076293945,37.709999084472656,37.70000076293945,37.70000076293945,2744,0.0,0.0
2024-12-04 16:45:00+01:00,37.70000076293945,37.709999084472656,37.65999984741211,37.65999984741211,9305,0.0,0.0
2024-12-04 16:46:00+01:00,37.665000915527344,37.685001373291016,37.665000915527344,37.68000030517578,3120,0.0,0.0
2024-12-04 16:47:00+01:00,37.68000030517578,37.68000030517578,37.63999938964844,37.63999938964844,17902,0.0,0.0
2024-12-04 16:48:00+01:00,37.63999938964844,37.63999938964844,37.625,37.63999938964844,7685,0.0,0.0
2024-12-04 16:49:00+01:00,37.63999938964844,37.63999938964844,37.625,37.625,3276,0.0,0.0
2024-12-04 16:50:00+01:00,37.630001068115234,37.64500045776367,37.619998931884766,37.625,10212,0.0,0.0
2024-12-04 16:51:00+01:00,37.619998931884766,37.619998931884766,37.595001220703125,37.61000061035156,30963,0.0,0.0
2024-12-04 16:52:00+01:00,37.6150016784668,37.619998931884766,37.61000061035156,37.6150016784668,6511,0.0,0.0
2024-12-04 16:53:00+01:00,37.619998931884766,37.619998931884766,37.6150016784668,37.6150016784668,2506,0.0,0.0
2024-12-04 16:54:00+01:00,37.619998931884766,37.625,37.6150016784668,37.619998931884766,2738,0.0,0.0
2024-12-04 16:55:00+01:00,37.625,37.64500045776367,37.625,37.625,12676,0.0,0.0
2024-12-04 16:56:00+01:00,37.625,37.625,37.564998626708984,37.564998626708984,21292,0.0,0.0
2024-12-04 16:57:00+01:00,37.564998626708984,37.58000183105469,37.564998626708984,37.57500076293945,6724,0.0,0.0
2024-12-04 16:58:00+01:00,37.58000183105469,37.584999084472656,37.56999969482422,37.58000183105469,4582,0.0,0.0
2024-12-04 16:59:00+01:00,37.584999084472656,37.584999084472656,37.57500076293945,37.58000183105469,2415,0.0,0.0
2024-12-04 17:00:00+01:00,37.58000183105469,37.61000061035156,37.57500076293945,37.599998474121094,11794,0.0,0.0
2024-12-04 17:01:00+01:00,37.595001220703125,37.60499954223633,37.58000183105469,37.599998474121094,5535,0.0,0.0
2024-12-04 17:02:00+01:00,37.60499954223633,37.6150016784668,37.59000015258789,37.59000015258789,5010,0.0,0.0
2024-12-04 17:03:00+01:00,37.595001220703125,37.595001220703125,37.55500030517578,37.55500030517578,21034,0.0,0.0
2024-12-04 17:04:00+01:00,37.55500030517578,37.564998626708984,37.54499816894531,37.54999923706055,12989,0.0,0.0
2024-12-04 17:05:00+01:00,37.560001373291016,37.560001373291016,37.540000915527344,37.54499816894531,9300,0.0,0.0
2024-12-04 17:06:00+01:00,37.540000915527344,37.540000915527344,37.53499984741211,37.53499984741211,6498,0.0,0.0
2024-12-04 17:07:00+01:00,37.540000915527344,37.54999923706055,37.540000915527344,37.54999923706055,2026,0.0,0.0
2024-12-04 17:08:00+01:00,37.54499816894531,37.54499816894531,37.54499816894531,37.54499816894531,1198,0.0,0.0
2024-12-04 17:09:00+01:00,37.540000915527344,37.54999923706055,37.540000915527344,37.54499816894531,3983,0.0,0.0
2024-12-04 17:10:00+01:00,37.54499816894531,37.55500030517578,37.54499816894531,37.54999923706055,4072,0.0,0.0
2024-12-04 17:11:00+01:00,37.55500030517578,37.560001373291016,37.55500030517578,37.560001373291016,5152,0.0,0.0
2024-12-04 17:12:00+01:00,37.560001373291016,37.564998626708984,37.54999923706055,37.560001373291016,9099,0.0,0.0
2024-12-04 17:13:00+01:00,37.560001373291016,37.560001373291016,37.5099983215332,37.52000045776367,42069,0.0,0.0
2024-12-04 17:14:00+01:00,37.51499938964844,37.51499938964844,37.4900016784668,37.5,18521,0.0,0.0
2024-12-04 17:15:00+01:00,37.505001068115234,37.529998779296875,37.494998931884766,37.505001068115234,20521,0.0,0.0
2024-12-04 17:16:00+01:00,37.51499938964844,37.525001525878906,37.5,37.51499938964844,6120,0.0,0.0
2024-12-04 17:17:00+01:00,37.51499938964844,37.51499938964844,37.505001068115234,37.51499938964844,4251,0.0,0.0
2024-12-04 17:18:00+01:00,37.5099983215332,37.52000045776367,37.5099983215332,37.5099983215332,6311,0.0,0.0
2024-12-04 17:19:00+01:00,37.5099983215332,37.51499938964844,37.48500061035156,37.494998931884766,20705,0.0,0.0
2024-12-04 17:20:00+01:00,37.494998931884766,37.505001068115234,37.494998931884766,37.5,7616,0.0,0.0
2024-12-04 17:21:00+01:00,37.505001068115234,37.51499938964844,37.505001068115234,37.51499938964844,4558,0.0,0.0
2024-12-04 17:22:00+01:00,37.5099983215332,37.5099983215332,37.494998931884766,37.5,14011,0.0,0.0
2024-12-04 17:23:00+01:00,37.5,37.505001068115234,37.5,37.505001068115234,8339,0.0,0.0
2024-12-04 17:24:00+01:00,37.505001068115234,37.51499938964844,37.505001068115234,37.5099983215332,10166,0.0,0.0
2024-12-04 17:25:00+01:00,37.5099983215332,37.52000045776367,37.5099983215332,37.51499938964844,5589,0.0,0.0
2024-12-04 17:26:00+01:00,37.51499938964844,37.52000045776367,37.51499938964844,37.52000045776367,36393,0.0,0.0
2024-12-04 17:27:00+01:00,37.51499938964844,37.525001525878906,37.5099983215332,37.5099983215332,13429,0.0,0.0
2024-12-04 17:28:00+01:00,37.5099983215332,37.51499938964844,37.4900016784668,37.51499938964844,40116,0.0,0.0
2024-12-04 17:29:00+01:00,37.51499938964844,37.540000915527344,37.51499938964844,37.53499984741211,42187,0.0,0.0
