time,Open,High,Low,Close,Volume,Dividends,Stock Splits
2024-12-03 09:00:00+01:00,37.0,37.0,36.904998779296875,36.93000030517578,0,0.0,0.0
2024-12-03 09:01:00+01:00,36.935001373291016,37.0,36.92499923706055,36.96500015258789,82942,0.0,0.0
2024-12-03 09:02:00+01:00,36.95500183105469,36.95500183105469,36.880001068115234,36.89500045776367,56369,0.0,0.0
2024-12-03 09:03:00+01:00,36.8849983215332,36.90999984741211,36.869998931884766,36.88999938964844,50005,0.0,0.0
2024-12-03 09:04:00+01:00,36.89500045776367,36.935001373291016,36.88999938964844,36.915000915527344,23536,0.0,0.0
2024-12-03 09:05:00+01:00,36.91999816894531,36.9900016784668,36.8849983215332,36.959999084472656,29053,0.0,0.0
2024-12-03 09:06:00+01:00,36.95500183105469,37.040000915527344,36.95000076293945,37.0,54601,0.0,0.0
2024-12-03 09:07:00+01:00,36.9900016784668,37.0099983215332,36.96500015258789,37.0099983215332,18799,0.0,0.0
2024-12-03 09:08:00+01:00,37.005001068115234,37.04999923706055,37.005001068115234,37.04999923706055,23212,0.0,0.0
2024-12-03 09:09:00+01:00,37.05500030517578,37.099998474121094,37.05500030517578,37.095001220703125,12136,0.0,0.0
2024-12-03 09:10:00+01:00,37.095001220703125,37.16999816894531,37.095001220703125,37.1150016784668,51221,0.0,0.0
2024-12-03 09:11:00+01:00,37.1150016784668,37.18000030517578,37.11000061035156,37.18000030517578,58409,0.0,0.0
2024-12-03 09:12:00+01:00,37.16999816894531,37.21500015258789,37.154998779296875,37.20000076293945,68467,0.0,0.0
2024-12-03 09:13:00+01:00,37.20000076293945,37.20000076293945,37.15999984741211,37.15999984741211,17275,0.0,0.0
2024-12-03 09:14:00+01:00,37.165000915527344,37.165000915527344,37.1349983215332,37.165000915527344,21338,0.0,0.0
2024-12-03 09:15:00+01:00,37.165000915527344,37.189998626708984,37.165000915527344,37.189998626708984,30162,0.0,0.0
2024-12-03 09:16:00+01:00,37.19499969482422,37.220001220703125,37.19499969482422,37.209999084472656,31417,0.0,0.0
2024-12-03 09:17:00+01:00,37.209999084472656,37.255001068115234,37.20000076293945,37.25,56779,0.0,0.0
2024-12-03 09:18:00+01:00,37.244998931884766,37.2599983215332,37.23500061035156,37.244998931884766,19038,0.0,0.0
2024-12-03 09:19:00+01:00,37.2400016784668,37.2599983215332,37.23500061035156,37.2400016784668,20596,0.0,0.0
2024-12-03 09:20:00+01:00,37.23500061035156,37.290000915527344,37.23500061035156,37.290000915527344,64878,0.0,0.0
2024-12-03 09:21:00+01:00,37.290000915527344,37.310001373291016,37.28499984741211,37.29999923706055,79463,0.0,0.0
2024-12-03 09:22:00+01:00,37.29999923706055,37.314998626708984,37.275001525878906,37.29499816894531,47079,0.0,0.0
2024-12-03 09:23:00+01:00,37.29999923706055,37.345001220703125,37.29499816894531,37.310001373291016,25607,0.0,0.0
2024-12-03 09:24:00+01:00,37.32500076293945,37.36000061035156,37.31999969482422,37.35499954223633,25475,0.0,0.0
2024-12-03 09:25:00+01:00,37.35499954223633,37.35499954223633,37.31999969482422,37.31999969482422,18720,0.0,0.0
2024-12-03 09:26:00+01:00,37.33000183105469,37.33000183105469,37.28499984741211,37.29499816894531,24302,0.0,0.0
2024-12-03 09:27:00+01:00,37.29999923706055,37.33000183105469,37.29999923706055,37.33000183105469,16756,0.0,0.0
2024-12-03 09:28:00+01:00,37.33000183105469,37.334999084472656,37.310001373291016,37.33000183105469,13210,0.0,0.0
2024-12-03 09:29:00+01:00,37.33000183105469,37.380001068115234,37.33000183105469,37.375,27318,0.0,0.0
2024-12-03 09:30:00+01:00,37.380001068115234,37.439998626708984,37.380001068115234,37.39500045776367,65182,0.0,0.0
2024-12-03 09:31:00+01:00,37.39500045776367,37.39500045776367,37.349998474121094,37.375,28586,0.0,0.0
2024-12-03 09:32:00+01:00,37.380001068115234,37.42499923706055,37.380001068115234,37.41999816894531,20788,0.0,0.0
2024-12-03 09:33:00+01:00,37.41999816894531,37.44499969482422,37.400001525878906,37.44499969482422,29482,0.0,0.0
2024-12-03 09:34:00+01:00,37.45000076293945,37.470001220703125,37.43000030517578,37.459999084472656,19798,0.0,0.0
2024-12-03 09:35:00+01:00,37.45500183105469,37.529998779296875,37.439998626708984,37.5099983215332,60522,0.0,0.0
2024-12-03 09:36:00+01:00,37.5099983215332,37.51499938964844,37.439998626708984,37.45000076293945,17797,0.0,0.0
2024-12-03 09:37:00+01:00,37.439998626708984,37.474998474121094,37.435001373291016,37.470001220703125,15224,0.0,0.0
2024-12-03 09:38:00+01:00,37.470001220703125,37.505001068115234,37.45500183105469,37.505001068115234,30147,0.0,0.0
2024-12-03 09:39:00+01:00,37.505001068115234,37.505001068115234,37.474998474121094,37.48500061035156,13441,0.0,0.0
2024-12-03 09:40:00+01:00,37.494998931884766,37.5,37.459999084472656,37.470001220703125,14997,0.0,0.0
2024-12-03 09:41:00+01:00,37.474998474121094,37.5099983215332,37.46500015258789,37.5099983215332,44726,0.0,0.0
2024-12-03 09:42:00+01:00,37.51499938964844,37.54999923706055,37.5099983215332,37.54499816894531,20469,0.0,0.0
2024-12-03 09:43:00+01:00,37.54499816894531,37.630001068115234,37.54499816894531,37.625,33377,0.0,0.0
2024-12-03 09:44:00+01:00,37.625,37.650001525878906,37.60499954223633,37.63999938964844,43237,0.0,0.0
2024-12-03 09:45:00+01:00,37.650001525878906,37.67499923706055,37.61000061035156,37.67499923706055,29064,0.0,0.0
2024-12-03 09:46:00+01:00,37.68000030517578,37.69499969482422,37.64500045776367,37.66999816894531,21561,0.0,0.0
2024-12-03 09:47:00+01:00,37.67499923706055,37.73500061035156,37.650001525878906,37.724998474121094,76543,0.0,0.0
2024-12-03 09:48:00+01:00,37.724998474121094,37.72999954223633,37.69499969482422,37.70500183105469,39324,0.0,0.0
2024-12-03 09:49:00+01:00,37.70500183105469,37.70500183105469,37.66999816894531,37.67499923706055,14140,0.0,0.0
2024-12-03 09:50:00+01:00,37.68000030517578,37.689998626708984,37.65999984741211,37.67499923706055,34054,0.0,0.0
2024-12-03 09:51:00+01:00,37.66999816894531,37.689998626708984,37.65999984741211,37.689998626708984,33903,0.0,0.0
2024-12-03 09:52:00+01:00,37.69499969482422,37.70000076293945,37.68000030517578,37.69499969482422,16778,0.0,0.0
2024-12-03 09:53:00+01:00,37.70000076293945,37.70000076293945,37.689998626708984,37.70000076293945,27697,0.0,0.0
2024-12-03 09:54:00+01:00,37.70000076293945,37.720001220703125,37.70000076293945,37.70000076293945,50073,0.0,0.0
2024-12-03 09:55:00+01:00,37.70500183105469,37.709999084472656,37.70000076293945,37.709999084472656,9668,0.0,0.0
2024-12-03 09:56:00+01:00,37.709999084472656,37.720001220703125,37.70500183105469,37.70500183105469,37930,0.0,0.0
2024-12-03 09:57:00+01:00,37.71500015258789,37.720001220703125,37.689998626708984,37.69499969482422,38382,0.0,0.0
2024-12-03 09:58:00+01:00,37.69499969482422,37.69499969482422,37.68000030517578,37.68000030517578,11809,0.0,0.0
2024-12-03 09:59:00+01:00,37.685001373291016,37.69499969482422,37.67499923706055,37.685001373291016,11583,0.0,0.0
2024-12-03 10:00:00+01:00,37.689998626708984,37.689998626708984,37.64500045776367,37.689998626708984,35974,0.0,0.0
2024-12-03 10:01:00+01:00,37.689998626708984,37.69499969482422,37.67499923706055,37.685001373291016,20051,0.0,0.0
2024-12-03 10:02:00+01:00,37.685001373291016,37.7400016784668,37.685001373291016,37.7400016784668,93153,0.0,0.0
2024-12-03 10:03:00+01:00,37.7400016784668,37.7400016784668,37.70000076293945,37.70000076293945,42121,0.0,0.0
2024-12-03 10:04:00+01:00,37.709999084472656,37.72999954223633,37.709999084472656,37.724998474121094,32840,0.0,0.0
2024-12-03 10:05:00+01:00,37.72999954223633,37.744998931884766,37.66999816894531,37.709999084472656,100553,0.0,0.0
2024-12-03 10:06:00+01:00,37.70000076293945,37.724998474121094,37.70000076293945,37.720001220703125,23464,0.0,0.0
2024-12-03 10:07:00+01:00,37.71500015258789,37.7400016784668,37.70500183105469,37.709999084472656,33329,0.0,0.0
2024-12-03 10:08:00+01:00,37.724998474121094,37.724998474121094,37.709999084472656,37.709999084472656,8885,0.0,0.0
2024-12-03 10:09:00+01:00,37.71500015258789,37.720001220703125,37.70000076293945,37.70500183105469,9230,0.0,0.0
2024-12-03 10:10:00+01:00,37.70500183105469,37.7400016784668,37.70500183105469,37.72999954223633,26177,0.0,0.0
2024-12-03 10:11:00+01:00,37.72999954223633,37.775001525878906,37.724998474121094,37.77000045776367,49811,0.0,0.0
2024-12-03 10:12:00+01:00,37.779998779296875,37.78499984741211,37.7400016784668,37.744998931884766,18815,0.0,0.0
2024-12-03 10:13:00+01:00,37.744998931884766,37.744998931884766,37.68000030517578,37.68000030517578,18166,0.0,0.0
2024-12-03 10:14:00+01:00,37.68000030517578,37.70000076293945,37.65999984741211,37.689998626708984,24583,0.0,0.0
2024-12-03 10:15:00+01:00,37.689998626708984,37.69499969482422,37.65999984741211,37.665000915527344,18913,0.0,0.0
2024-12-03 10:16:00+01:00,37.65999984741211,37.685001373291016,37.64500045776367,37.665000915527344,16311,0.0,0.0
2024-12-03 10:17:00+01:00,37.665000915527344,37.709999084472656,37.665000915527344,37.689998626708984,17002,0.0,0.0
2024-12-03 10:18:00+01:00,37.689998626708984,37.720001220703125,37.67499923706055,37.70500183105469,9325,0.0,0.0
2024-12-03 10:19:00+01:00,37.70500183105469,37.724998474121094,37.70000076293945,37.720001220703125,15662,0.0,0.0
2024-12-03 10:20:00+01:00,37.724998474121094,37.724998474121094,37.70500183105469,37.724998474121094,7236,0.0,0.0
2024-12-03 10:21:00+01:00,37.720001220703125,37.72999954223633,37.709999084472656,37.72999954223633,16244,0.0,0.0
2024-12-03 10:22:00+01:00,37.7400016784668,37.7400016784668,37.71500015258789,37.73500061035156,25577,0.0,0.0
2024-12-03 10:23:00+01:00,37.7400016784668,37.755001068115234,37.720001220703125,37.72999954223633,8115,0.0,0.0
2024-12-03 10:24:00+01:00,37.72999954223633,37.72999954223633,37.71500015258789,37.724998474121094,8712,0.0,0.0
2024-12-03 10:25:00+01:00,37.720001220703125,37.744998931884766,37.71500015258789,37.73500061035156,20105,0.0,0.0
2024-12-03 10:26:00+01:00,37.72999954223633,37.72999954223633,37.689998626708984,37.724998474121094,18352,0.0,0.0
2024-12-03 10:27:00+01:00,37.724998474121094,37.744998931884766,37.69499969482422,37.69499969482422,23880,0.0,0.0
2024-12-03 10:28:00+01:00,37.69499969482422,37.724998474121094,37.685001373291016,37.724998474121094,12560,0.0,0.0
2024-12-03 10:29:00+01:00,37.720001220703125,37.76499938964844,37.720001220703125,37.755001068115234,25957,0.0,0.0
2024-12-03 10:30:00+01:00,37.7599983215332,37.7599983215332,37.720001220703125,37.744998931884766,10521,0.0,0.0
2024-12-03 10:31:00+01:00,37.755001068115234,37.755001068115234,37.71500015258789,37.73500061035156,15818,0.0,0.0
2024-12-03 10:32:00+01:00,37.73500061035156,37.744998931884766,37.720001220703125,37.720001220703125,6042,0.0,0.0
2024-12-03 10:33:00+01:00,37.720001220703125,37.72999954223633,37.70000076293945,37.71500015258789,8313,0.0,0.0
2024-12-03 10:34:00+01:00,37.709999084472656,37.709999084472656,37.685001373291016,37.685001373291016,5135,0.0,0.0
2024-12-03 10:35:00+01:00,37.68000030517578,37.685001373291016,37.650001525878906,37.650001525878906,11549,0.0,0.0
2024-12-03 10:36:00+01:00,37.654998779296875,37.70000076293945,37.654998779296875,37.69499969482422,6636,0.0,0.0
2024-12-03 10:37:00+01:00,37.689998626708984,37.720001220703125,37.665000915527344,37.720001220703125,14109,0.0,0.0
2024-12-03 10:38:00+01:00,37.71500015258789,37.724998474121094,37.69499969482422,37.69499969482422,20839,0.0,0.0
2024-12-03 10:39:00+01:00,37.70000076293945,37.71500015258789,37.68000030517578,37.709999084472656,13912,0.0,0.0
2024-12-03 10:40:00+01:00,37.709999084472656,37.720001220703125,37.70000076293945,37.71500015258789,4795,0.0,0.0
2024-12-03 10:41:00+01:00,37.71500015258789,37.72999954223633,37.71500015258789,37.720001220703125,7360,0.0,0.0
2024-12-03 10:42:00+01:00,37.720001220703125,37.72999954223633,37.71500015258789,37.72999954223633,3863,0.0,0.0
2024-12-03 10:43:00+01:00,37.72999954223633,37.72999954223633,37.69499969482422,37.69499969482422,10920,0.0,0.0
2024-12-03 10:44:00+01:00,37.70500183105469,37.720001220703125,37.70000076293945,37.720001220703125,8423,0.0,0.0
2024-12-03 10:45:00+01:00,37.724998474121094,37.73500061035156,37.70500183105469,37.724998474121094,12718,0.0,0.0
2024-12-03 10:46:00+01:00,37.724998474121094,37.72999954223633,37.724998474121094,37.724998474121094,2225,0.0,0.0
2024-12-03 10:47:00+01:00,37.724998474121094,37.7400016784668,37.720001220703125,37.720001220703125,22443,0.0,0.0
2024-12-03 10:48:00+01:00,37.724998474121094,37.73500061035156,37.709999084472656,37.709999084472656,3008,0.0,0.0
2024-12-03 10:49:00+01:00,37.70500183105469,37.709999084472656,37.69499969482422,37.70500183105469,4681,0.0,0.0
2024-12-03 10:50:00+01:00,37.70000076293945,37.70000076293945,37.689998626708984,37.69499969482422,6300,0.0,0.0
2024-12-03 10:51:00+01:00,37.70000076293945,37.70000076293945,37.66999816894531,37.68000030517578,7350,0.0,0.0
2024-12-03 10:52:00+01:00,37.685001373291016,37.71500015258789,37.66999816894531,37.70500183105469,16590,0.0,0.0
2024-12-03 10:53:00+01:00,37.71500015258789,37.72999954223633,37.71500015258789,37.720001220703125,6568,0.0,0.0
2024-12-03 10:54:00+01:00,37.720001220703125,37.720001220703125,37.69499969482422,37.69499969482422,5125,0.0,0.0
2024-12-03 10:55:00+01:00,37.70500183105469,37.72999954223633,37.70500183105469,37.70500183105469,4240,0.0,0.0
2024-12-03 10:56:00+01:00,37.71500015258789,37.7400016784668,37.71500015258789,37.7400016784668,13087,0.0,0.0
2024-12-03 10:57:00+01:00,37.7400016784668,37.744998931884766,37.724998474121094,37.72999954223633,11393,0.0,0.0
2024-12-03 10:58:00+01:00,37.72999954223633,37.7400016784668,37.720001220703125,37.73500061035156,4737,0.0,0.0
2024-12-03 10:59:00+01:00,37.7400016784668,37.7599983215332,37.7400016784668,37.755001068115234,9282,0.0,0.0
2024-12-03 11:00:00+01:00,37.7599983215332,37.80500030517578,37.7599983215332,37.79499816894531,39750,0.0,0.0
2024-12-03 11:01:00+01:00,37.79499816894531,37.810001373291016,37.775001525878906,37.810001373291016,27723,0.0,0.0
2024-12-03 11:02:00+01:00,37.810001373291016,37.814998626708984,37.755001068115234,37.755001068115234,16760,0.0,0.0
2024-12-03 11:03:00+01:00,37.7599983215332,37.779998779296875,37.7599983215332,37.779998779296875,5516,0.0,0.0
2024-12-03 11:04:00+01:00,37.779998779296875,37.834999084472656,37.775001525878906,37.81999969482422,33196,0.0,0.0
2024-12-03 11:05:00+01:00,37.82500076293945,37.82500076293945,37.78499984741211,37.78499984741211,10308,0.0,0.0
2024-12-03 11:06:00+01:00,37.790000915527344,37.79499816894531,37.790000915527344,37.79499816894531,2104,0.0,0.0
2024-12-03 11:07:00+01:00,37.79999923706055,37.80500030517578,37.779998779296875,37.79499816894531,20213,0.0,0.0
2024-12-03 11:08:00+01:00,37.810001373291016,37.84000015258789,37.810001373291016,37.84000015258789,33129,0.0,0.0
2024-12-03 11:09:00+01:00,37.845001220703125,37.89500045776367,37.845001220703125,37.88999938964844,41199,0.0,0.0
2024-12-03 11:10:00+01:00,37.8849983215332,37.89500045776367,37.875,37.8849983215332,17104,0.0,0.0
2024-12-03 11:11:00+01:00,37.88999938964844,37.89500045776367,37.880001068115234,37.880001068115234,2734,0.0,0.0
2024-12-03 11:12:00+01:00,37.8849983215332,37.90999984741211,37.8849983215332,37.904998779296875,14077,0.0,0.0
2024-12-03 11:13:00+01:00,37.904998779296875,37.904998779296875,37.88999938964844,37.88999938964844,6098,0.0,0.0
2024-12-03 11:14:00+01:00,37.89500045776367,37.90999984741211,37.89500045776367,37.90999984741211,6282,0.0,0.0
2024-12-03 11:15:00+01:00,37.90999984741211,37.915000915527344,37.900001525878906,37.915000915527344,5639,0.0,0.0
2024-12-03 11:16:00+01:00,37.90999984741211,37.90999984741211,37.845001220703125,37.849998474121094,63532,0.0,0.0
2024-12-03 11:17:00+01:00,37.845001220703125,37.849998474121094,37.81999969482422,37.81999969482422,43788,0.0,0.0
2024-12-03 11:18:00+01:00,37.82500076293945,37.83000183105469,37.79999923706055,37.79999923706055,7759,0.0,0.0
2024-12-03 11:19:00+01:00,37.80500030517578,37.82500076293945,37.79999923706055,37.81999969482422,10192,0.0,0.0
2024-12-03 11:20:00+01:00,37.814998626708984,37.82500076293945,37.79499816894531,37.810001373291016,22229,0.0,0.0
2024-12-03 11:21:00+01:00,37.814998626708984,37.81999969482422,37.790000915527344,37.814998626708984,15302,0.0,0.0
2024-12-03 11:22:00+01:00,37.81999969482422,37.82500076293945,37.814998626708984,37.81999969482422,2573,0.0,0.0
2024-12-03 11:23:00+01:00,37.814998626708984,37.83000183105469,37.80500030517578,37.83000183105469,6923,0.0,0.0
2024-12-03 11:24:00+01:00,37.83000183105469,37.83000183105469,37.810001373291016,37.810001373291016,7856,0.0,0.0
2024-12-03 11:25:00+01:00,37.81999969482422,37.82500076293945,37.810001373291016,37.814998626708984,5816,0.0,0.0
2024-12-03 11:26:00+01:00,37.814998626708984,37.834999084472656,37.78499984741211,37.82500076293945,70006,0.0,0.0
2024-12-03 11:27:00+01:00,37.81999969482422,37.83000183105469,37.814998626708984,37.83000183105469,4108,0.0,0.0
2024-12-03 11:28:00+01:00,37.834999084472656,37.834999084472656,37.81999969482422,37.82500076293945,3374,0.0,0.0
2024-12-03 11:29:00+01:00,37.82500076293945,37.849998474121094,37.81999969482422,37.845001220703125,28713,0.0,0.0
2024-12-03 11:30:00+01:00,37.83000183105469,37.849998474121094,37.82500076293945,37.845001220703125,10512,0.0,0.0
2024-12-03 11:31:00+01:00,37.849998474121094,37.849998474121094,37.814998626708984,37.83000183105469,7901,0.0,0.0
2024-12-03 11:32:00+01:00,37.84000015258789,37.84000015258789,37.834999084472656,37.834999084472656,3359,0.0,0.0
2024-12-03 11:33:00+01:00,37.834999084472656,37.84000015258789,37.81999969482422,37.84000015258789,7806,0.0,0.0
2024-12-03 11:34:00+01:00,37.84000015258789,37.84000015258789,37.814998626708984,37.81999969482422,3015,0.0,0.0
2024-12-03 11:35:00+01:00,37.81999969482422,37.83000183105469,37.81999969482422,37.83000183105469,1587,0.0,0.0
2024-12-03 11:36:00+01:00,37.82500076293945,37.83000183105469,37.81999969482422,37.81999969482422,5412,0.0,0.0
2024-12-03 11:37:00+01:00,37.814998626708984,37.82500076293945,37.814998626708984,37.82500076293945,5565,0.0,0.0
2024-12-03 11:38:00+01:00,37.82500076293945,37.83000183105469,37.81999969482422,37.83000183105469,2251,0.0,0.0
2024-12-03 11:39:00+01:00,37.83000183105469,37.84000015258789,37.82500076293945,37.834999084472656,4385,0.0,0.0
2024-12-03 11:40:00+01:00,37.84000015258789,37.845001220703125,37.83000183105469,37.84000015258789,5772,0.0,0.0
2024-12-03 11:41:00+01:00,37.84000015258789,37.84000015258789,37.83000183105469,37.83000183105469,5048,0.0,0.0
2024-12-03 11:42:00+01:00,37.834999084472656,37.84000015258789,37.82500076293945,37.834999084472656,5143,0.0,0.0
2024-12-03 11:43:00+01:00,37.83000183105469,37.83000183105469,37.814998626708984,37.81999969482422,6119,0.0,0.0
2024-12-03 11:44:00+01:00,37.814998626708984,37.81999969482422,37.810001373291016,37.81999969482422,5344,0.0,0.0
2024-12-03 11:45:00+01:00,37.82500076293945,37.83000183105469,37.79499816894531,37.83000183105469,24300,0.0,0.0
2024-12-03 11:46:00+01:00,37.834999084472656,37.845001220703125,37.834999084472656,37.834999084472656,4266,0.0,0.0
2024-12-03 11:47:00+01:00,37.83000183105469,37.845001220703125,37.82500076293945,37.834999084472656,4313,0.0,0.0
2024-12-03 11:48:00+01:00,37.834999084472656,37.84000015258789,37.81999969482422,37.81999969482422,5450,0.0,0.0
2024-12-03 11:49:00+01:00,37.814998626708984,37.814998626708984,37.80500030517578,37.80500030517578,983,0.0,0.0
2024-12-03 11:50:00+01:00,37.81999969482422,37.81999969482422,37.79999923706055,37.810001373291016,7687,0.0,0.0
2024-12-03 11:51:00+01:00,37.814998626708984,37.82500076293945,37.810001373291016,37.82500076293945,2062,0.0,0.0
2024-12-03 11:52:00+01:00,37.83000183105469,37.86000061035156,37.83000183105469,37.849998474121094,17684,0.0,0.0
2024-12-03 11:53:00+01:00,37.849998474121094,37.8650016784668,37.845001220703125,37.86000061035156,3994,0.0,0.0
2024-12-03 11:54:00+01:00,37.86000061035156,37.86249923706055,37.845001220703125,37.845001220703125,5005,0.0,0.0
2024-12-03 11:55:00+01:00,37.86000061035156,37.8849983215332,37.845001220703125,37.8650016784668,20955,0.0,0.0
2024-12-03 11:56:00+01:00,37.8650016784668,37.880001068115234,37.84000015258789,37.875,9683,0.0,0.0
2024-12-03 11:57:00+01:00,37.875,37.880001068115234,37.8650016784668,37.8650016784668,4259,0.0,0.0
2024-12-03 11:58:00+01:00,37.8650016784668,37.8650016784668,37.845001220703125,37.845001220703125,3031,0.0,0.0
2024-12-03 11:59:00+01:00,37.845001220703125,37.85499954223633,37.810001373291016,37.814998626708984,19644,0.0,0.0
2024-12-03 12:00:00+01:00,37.814998626708984,37.81999969482422,37.810001373291016,37.814998626708984,30452,0.0,0.0
2024-12-03 12:01:00+01:00,37.810001373291016,37.810001373291016,37.77000045776367,37.790000915527344,28520,0.0,0.0
2024-12-03 12:02:00+01:00,37.779998779296875,37.779998779296875,37.76499938964844,37.775001525878906,5018,0.0,0.0
2024-12-03 12:03:00+01:00,37.775001525878906,37.775001525878906,37.73500061035156,37.7400016784668,7094,0.0,0.0
2024-12-03 12:04:00+01:00,37.73500061035156,37.73500061035156,37.73500061035156,37.73500061035156,1057,0.0,0.0
2024-12-03 12:05:00+01:00,37.72999954223633,37.7400016784668,37.724998474121094,37.724998474121094,14221,0.0,0.0
2024-12-03 12:06:00+01:00,37.73500061035156,37.75,37.724998474121094,37.73500061035156,15419,0.0,0.0
2024-12-03 12:07:00+01:00,37.744998931884766,37.744998931884766,37.72999954223633,37.744998931884766,5235,0.0,0.0
2024-12-03 12:08:00+01:00,37.744998931884766,37.744998931884766,37.73500061035156,37.7400016784668,8271,0.0,0.0
2024-12-03 12:09:00+01:00,37.7400016784668,37.7400016784668,37.724998474121094,37.724998474121094,4223,0.0,0.0
2024-12-03 12:10:00+01:00,37.72999954223633,37.72999954223633,37.630001068115234,37.63999938964844,94023,0.0,0.0
2024-12-03 12:11:00+01:00,37.64500045776367,37.66999816894531,37.619998931884766,37.66999816894531,29530,0.0,0.0
2024-12-03 12:12:00+01:00,37.665000915527344,37.68000030517578,37.65999984741211,37.66999816894531,22559,0.0,0.0
2024-12-03 12:13:00+01:00,37.65999984741211,37.66999816894531,37.6349983215332,37.6349983215332,12391,0.0,0.0
2024-12-03 12:14:00+01:00,37.6349983215332,37.63999938964844,37.61000061035156,37.625,8785,0.0,0.0
2024-12-03 12:15:00+01:00,37.630001068115234,37.654998779296875,37.625,37.63999938964844,13700,0.0,0.0
2024-12-03 12:16:00+01:00,37.64500045776367,37.654998779296875,37.63999938964844,37.650001525878906,4669,0.0,0.0
2024-12-03 12:17:00+01:00,37.64500045776367,37.67499923706055,37.63999938964844,37.67499923706055,7268,0.0,0.0
2024-12-03 12:18:00+01:00,37.67499923706055,37.689998626708984,37.66999816894531,37.66999816894531,4003,0.0,0.0
2024-12-03 12:19:00+01:00,37.68000030517578,37.69499969482422,37.68000030517578,37.69499969482422,6986,0.0,0.0
2024-12-03 12:20:00+01:00,37.69499969482422,37.70500183105469,37.685001373291016,37.70000076293945,12079,0.0,0.0
2024-12-03 12:21:00+01:00,37.70000076293945,37.709999084472656,37.689998626708984,37.70500183105469,7025,0.0,0.0
2024-12-03 12:22:00+01:00,37.709999084472656,37.709999084472656,37.654998779296875,37.654998779296875,13150,0.0,0.0
2024-12-03 12:23:00+01:00,37.665000915527344,37.68000030517578,37.665000915527344,37.68000030517578,3894,0.0,0.0
2024-12-03 12:24:00+01:00,37.67499923706055,37.709999084472656,37.665000915527344,37.70500183105469,11630,0.0,0.0
2024-12-03 12:25:00+01:00,37.70500183105469,37.720001220703125,37.70000076293945,37.70000076293945,2919,0.0,0.0
2024-12-03 12:26:00+01:00,37.70000076293945,37.70500183105469,37.685001373291016,37.685001373291016,13464,0.0,0.0
2024-12-03 12:27:00+01:00,37.685001373291016,37.685001373291016,37.65999984741211,37.66999816894531,10890,0.0,0.0
2024-12-03 12:28:00+01:00,37.665000915527344,37.66999816894531,37.65999984741211,37.66999816894531,2889,0.0,0.0
2024-12-03 12:29:00+01:00,37.67499923706055,37.685001373291016,37.66999816894531,37.66999816894531,4636,0.0,0.0
2024-12-03 12:30:00+01:00,37.67499923706055,37.68000030517578,37.665000915527344,37.68000030517578,8514,0.0,0.0
2024-12-03 12:31:00+01:00,37.66999816894531,37.67499923706055,37.665000915527344,37.67499923706055,1957,0.0,0.0
2024-12-03 12:32:00+01:00,37.67499923706055,37.70000076293945,37.665000915527344,37.665000915527344,18929,0.0,0.0
2024-12-03 12:33:00+01:00,37.665000915527344,37.67499923706055,37.665000915527344,37.67499923706055,4103,0.0,0.0
2024-12-03 12:34:00+01:00,37.66999816894531,37.67499923706055,37.665000915527344,37.665000915527344,3150,0.0,0.0
2024-12-03 12:35:00+01:00,37.665000915527344,37.68000030517578,37.665000915527344,37.68000030517578,8323,0.0,0.0
2024-12-03 12:36:00+01:00,37.68000030517578,37.685001373291016,37.67499923706055,37.67499923706055,443,0.0,0.0
2024-12-03 12:37:00+01:00,37.685001373291016,37.70000076293945,37.685001373291016,37.689998626708984,19269,0.0,0.0
2024-12-03 12:38:00+01:00,37.685001373291016,37.685001373291016,37.67499923706055,37.67499923706055,1514,0.0,0.0
2024-12-03 12:39:00+01:00,37.68000030517578,37.69499969482422,37.68000030517578,37.69499969482422,4292,0.0,0.0
2024-12-03 12:40:00+01:00,37.689998626708984,37.689998626708984,37.630001068115234,37.630001068115234,27104,0.0,0.0
2024-12-03 12:41:00+01:00,37.630001068115234,37.630001068115234,37.61000061035156,37.61000061035156,8497,0.0,0.0
2024-12-03 12:42:00+01:00,37.61000061035156,37.6349983215332,37.61000061035156,37.6349983215332,13369,0.0,0.0
2024-12-03 12:43:00+01:00,37.6349983215332,37.63999938964844,37.630001068115234,37.63999938964844,3226,0.0,0.0
2024-12-03 12:44:00+01:00,37.64500045776367,37.64500045776367,37.630001068115234,37.6349983215332,4115,0.0,0.0
2024-12-03 12:45:00+01:00,37.63999938964844,37.63999938964844,37.630001068115234,37.6349983215332,5349,0.0,0.0
2024-12-03 12:46:00+01:00,37.6349983215332,37.66999816894531,37.625,37.66999816894531,8784,0.0,0.0
2024-12-03 12:47:00+01:00,37.68000030517578,37.709999084472656,37.68000030517578,37.709999084472656,7090,0.0,0.0
2024-12-03 12:48:00+01:00,37.71500015258789,37.71500015258789,37.689998626708984,37.69499969482422,4805,0.0,0.0
2024-12-03 12:49:00+01:00,37.69499969482422,37.69499969482422,37.69499969482422,37.69499969482422,143,0.0,0.0
2024-12-03 12:50:00+01:00,37.70500183105469,37.70500183105469,37.68000030517578,37.68000030517578,3759,0.0,0.0
2024-12-03 12:51:00+01:00,37.67499923706055,37.68000030517578,37.67499923706055,37.67499923706055,3637,0.0,0.0
2024-12-03 12:52:00+01:00,37.685001373291016,37.689998626708984,37.685001373291016,37.689998626708984,716,0.0,0.0
2024-12-03 12:53:00+01:00,37.689998626708984,37.70000076293945,37.689998626708984,37.70000076293945,2783,0.0,0.0
2024-12-03 12:54:00+01:00,37.70500183105469,37.71500015258789,37.70000076293945,37.70500183105469,10214,0.0,0.0
2024-12-03 12:55:00+01:00,37.70000076293945,37.70000076293945,37.69499969482422,37.69499969482422,4748,0.0,0.0
2024-12-03 12:56:00+01:00,37.689998626708984,37.70000076293945,37.689998626708984,37.69499969482422,2455,0.0,0.0
2024-12-03 12:57:00+01:00,37.69499969482422,37.70000076293945,37.689998626708984,37.70000076293945,863,0.0,0.0
2024-12-03 12:58:00+01:00,37.70000076293945,37.71500015258789,37.689998626708984,37.69499969482422,7731,0.0,0.0
2024-12-03 12:59:00+01:00,37.70000076293945,37.70000076293945,37.689998626708984,37.689998626708984,1464,0.0,0.0
2024-12-03 13:00:00+01:00,37.689998626708984,37.709999084472656,37.689998626708984,37.709999084472656,1629,0.0,0.0
2024-12-03 13:01:00+01:00,37.709999084472656,37.71500015258789,37.70500183105469,37.709999084472656,6030,0.0,0.0
2024-12-03 13:02:00+01:00,37.720001220703125,37.720001220703125,37.70500183105469,37.70500183105469,2152,0.0,0.0
2024-12-03 13:03:00+01:00,37.71500015258789,37.71500015258789,37.70500183105469,37.70500183105469,5950,0.0,0.0
2024-12-03 13:04:00+01:00,37.709999084472656,37.724998474121094,37.70500183105469,37.71500015258789,10277,0.0,0.0
2024-12-03 13:05:00+01:00,37.71500015258789,37.724998474121094,37.71500015258789,37.724998474121094,2211,0.0,0.0
2024-12-03 13:06:00+01:00,37.724998474121094,37.724998474121094,37.720001220703125,37.720001220703125,842,0.0,0.0
2024-12-03 13:07:00+01:00,37.724998474121094,37.724998474121094,37.71500015258789,37.720001220703125,263,0.0,0.0
2024-12-03 13:08:00+01:00,37.720001220703125,37.724998474121094,37.709999084472656,37.709999084472656,8193,0.0,0.0
2024-12-03 13:09:00+01:00,37.70500183105469,37.71500015258789,37.69499969482422,37.70500183105469,4856,0.0,0.0
2024-12-03 13:10:00+01:00,37.70500183105469,37.70500183105469,37.685001373291016,37.689998626708984,3187,0.0,0.0
2024-12-03 13:11:00+01:00,37.685001373291016,37.69499969482422,37.67499923706055,37.67499923706055,8793,0.0,0.0
2024-12-03 13:12:00+01:00,37.66999816894531,37.68000030517578,37.665000915527344,37.68000030517578,4593,0.0,0.0
2024-12-03 13:13:00+01:00,37.67499923706055,37.685001373291016,37.67499923706055,37.685001373291016,2358,0.0,0.0
2024-12-03 13:14:00+01:00,37.689998626708984,37.689998626708984,37.66999816894531,37.68000030517578,5986,0.0,0.0
2024-12-03 13:15:00+01:00,37.68000030517578,37.685001373291016,37.67499923706055,37.685001373291016,1402,0.0,0.0
2024-12-03 13:16:00+01:00,37.67499923706055,37.689998626708984,37.67499923706055,37.689998626708984,4005,0.0,0.0
2024-12-03 13:17:00+01:00,37.68000030517578,37.68000030517578,37.68000030517578,37.68000030517578,797,0.0,0.0
2024-12-03 13:18:00+01:00,37.685001373291016,37.69499969482422,37.685001373291016,37.69499969482422,3003,0.0,0.0
2024-12-03 13:19:00+01:00,37.69499969482422,37.70000076293945,37.689998626708984,37.69499969482422,2855,0.0,0.0
2024-12-03 13:20:00+01:00,37.69499969482422,37.69499969482422,37.68000030517578,37.689998626708984,5036,0.0,0.0
2024-12-03 13:21:00+01:00,37.69499969482422,37.69499969482422,37.685001373291016,37.685001373291016,1712,0.0,0.0
2024-12-03 13:22:00+01:00,37.685001373291016,37.69499969482422,37.66999816894531,37.66999816894531,14746,0.0,0.0
2024-12-03 13:23:00+01:00,37.665000915527344,37.665000915527344,37.650001525878906,37.650001525878906,4754,0.0,0.0
2024-12-03 13:24:00+01:00,37.650001525878906,37.650001525878906,37.625,37.625,7112,0.0,0.0
2024-12-03 13:25:00+01:00,37.630001068115234,37.654998779296875,37.630001068115234,37.654998779296875,8961,0.0,0.0
2024-12-03 13:26:00+01:00,37.65999984741211,37.65999984741211,37.65999984741211,37.65999984741211,651,0.0,0.0
2024-12-03 13:27:00+01:00,37.65999984741211,37.66999816894531,37.65999984741211,37.665000915527344,1584,0.0,0.0
2024-12-03 13:28:00+01:00,37.665000915527344,37.67499923706055,37.654998779296875,37.67499923706055,2632,0.0,0.0
2024-12-03 13:29:00+01:00,37.66999816894531,37.685001373291016,37.665000915527344,37.68000030517578,4221,0.0,0.0
2024-12-03 13:30:00+01:00,37.685001373291016,37.69499969482422,37.68000030517578,37.68000030517578,3629,0.0,0.0
2024-12-03 13:31:00+01:00,37.689998626708984,37.689998626708984,37.68000030517578,37.68000030517578,2914,0.0,0.0
2024-12-03 13:32:00+01:00,37.69499969482422,37.69499969482422,37.69499969482422,37.69499969482422,974,0.0,0.0
2024-12-03 13:33:00+01:00,37.70000076293945,37.70000076293945,37.685001373291016,37.70000076293945,4560,0.0,0.0
2024-12-03 13:34:00+01:00,37.70500183105469,37.70500183105469,37.70000076293945,37.70000076293945,2095,0.0,0.0
2024-12-03 13:35:00+01:00,37.69499969482422,37.69499969482422,37.689998626708984,37.689998626708984,5904,0.0,0.0
2024-12-03 13:36:00+01:00,37.69499969482422,37.69499969482422,37.69499969482422,37.69499969482422,653,0.0,0.0
2024-12-03 13:37:00+01:00,37.70000076293945,37.70500183105469,37.689998626708984,37.689998626708984,1542,0.0,0.0
2024-12-03 13:38:00+01:00,37.69499969482422,37.69499969482422,37.689998626708984,37.689998626708984,2619,0.0,0.0
2024-12-03 13:39:00+01:00,37.685001373291016,37.685001373291016,37.665000915527344,37.66999816894531,12991,0.0,0.0
2024-12-03 13:40:00+01:00,37.66999816894531,37.685001373291016,37.66999816894531,37.685001373291016,4167,0.0,0.0
2024-12-03 13:41:00+01:00,37.685001373291016,37.689998626708984,37.68000030517578,37.68000030517578,2924,0.0,0.0
2024-12-03 13:42:00+01:00,37.68000030517578,37.689998626708984,37.68000030517578,37.689998626708984,725,0.0,0.0
2024-12-03 13:43:00+01:00,37.69499969482422,37.70500183105469,37.69499969482422,37.70000076293945,1773,0.0,0.0
2024-12-03 13:44:00+01:00,37.70000076293945,37.70000076293945,37.69499969482422,37.69499969482422,922,0.0,0.0
2024-12-03 13:45:00+01:00,37.69499969482422,37.69499969482422,37.689998626708984,37.689998626708984,849,0.0,0.0
2024-12-03 13:46:00+01:00,37.689998626708984,37.689998626708984,37.689998626708984,37.689998626708984,1567,0.0,0.0
2024-12-03 13:47:00+01:00,37.69499969482422,37.69499969482422,37.69499969482422,37.69499969482422,459,0.0,0.0
2024-12-03 13:48:00+01:00,37.69499969482422,37.70500183105469,37.69499969482422,37.70500183105469,5447,0.0,0.0
2024-12-03 13:49:00+01:00,37.70500183105469,37.70500183105469,37.70000076293945,37.70500183105469,3581,0.0,0.0
2024-12-03 13:50:00+01:00,37.709999084472656,37.724998474121094,37.709999084472656,37.720001220703125,6907,0.0,0.0
2024-12-03 13:51:00+01:00,37.71500015258789,37.720001220703125,37.709999084472656,37.709999084472656,4939,0.0,0.0
2024-12-03 13:52:00+01:00,37.720001220703125,37.724998474121094,37.71500015258789,37.720001220703125,3655,0.0,0.0
2024-12-03 13:53:00+01:00,37.72999954223633,37.7400016784668,37.72999954223633,37.7400016784668,8349,0.0,0.0
2024-12-03 13:54:00+01:00,37.73500061035156,37.755001068115234,37.73500061035156,37.75,16203,0.0,0.0
2024-12-03 13:55:00+01:00,37.75,37.755001068115234,37.7400016784668,37.7400016784668,5051,0.0,0.0
2024-12-03 13:56:00+01:00,37.73500061035156,37.7400016784668,37.724998474121094,37.73500061035156,6907,0.0,0.0
2024-12-03 13:57:00+01:00,37.744998931884766,37.755001068115234,37.744998931884766,37.755001068115234,25795,0.0,0.0
2024-12-03 13:58:00+01:00,37.755001068115234,37.775001525878906,37.755001068115234,37.775001525878906,7339,0.0,0.0
2024-12-03 13:59:00+01:00,37.77000045776367,37.775001525878906,37.76499938964844,37.775001525878906,1292,0.0,0.0
2024-12-03 14:00:00+01:00,37.779998779296875,37.79499816894531,37.779998779296875,37.79499816894531,2845,0.0,0.0
2024-12-03 14:01:00+01:00,37.79999923706055,37.810001373291016,37.790000915527344,37.79999923706055,49131,0.0,0.0
2024-12-03 14:02:00+01:00,37.79999923706055,37.80500030517578,37.79499816894531,37.80500030517578,3370,0.0,0.0
2024-12-03 14:03:00+01:00,37.810001373291016,37.81999969482422,37.80500030517578,37.80500030517578,2997,0.0,0.0
2024-12-03 14:04:00+01:00,37.810001373291016,37.814998626708984,37.810001373291016,37.814998626708984,681,0.0,0.0
2024-12-03 14:05:00+01:00,37.814998626708984,37.81999969482422,37.814998626708984,37.81999969482422,3674,0.0,0.0
2024-12-03 14:06:00+01:00,37.81999969482422,37.81999969482422,37.810001373291016,37.81999969482422,22222,0.0,0.0
2024-12-03 14:07:00+01:00,37.814998626708984,37.814998626708984,37.7599983215332,37.77000045776367,17821,0.0,0.0
2024-12-03 14:08:00+01:00,37.7599983215332,37.78499984741211,37.7599983215332,37.78499984741211,1446,0.0,0.0
2024-12-03 14:09:00+01:00,37.790000915527344,37.790000915527344,37.779998779296875,37.779998779296875,3153,0.0,0.0
2024-12-03 14:10:00+01:00,37.78499984741211,37.810001373291016,37.78499984741211,37.810001373291016,5270,0.0,0.0
2024-12-03 14:11:00+01:00,37.810001373291016,37.810001373291016,37.77000045776367,37.790000915527344,11523,0.0,0.0
2024-12-03 14:12:00+01:00,37.775001525878906,37.78499984741211,37.775001525878906,37.78499984741211,1635,0.0,0.0
2024-12-03 14:13:00+01:00,37.78499984741211,37.79499816894531,37.7599983215332,37.7599983215332,5648,0.0,0.0
2024-12-03 14:14:00+01:00,37.775001525878906,37.779998779296875,37.775001525878906,37.779998779296875,3370,0.0,0.0
2024-12-03 14:15:00+01:00,37.775001525878906,37.775001525878906,37.755001068115234,37.755001068115234,2117,0.0,0.0
2024-12-03 14:16:00+01:00,37.76499938964844,37.779998779296875,37.76499938964844,37.77000045776367,2316,0.0,0.0
2024-12-03 14:17:00+01:00,37.76499938964844,37.775001525878906,37.76499938964844,37.76499938964844,4858,0.0,0.0
2024-12-03 14:18:00+01:00,37.76499938964844,37.779998779296875,37.76499938964844,37.76750183105469,2219,0.0,0.0
2024-12-03 14:19:00+01:00,37.779998779296875,37.79999923706055,37.7599983215332,37.78499984741211,12365,0.0,0.0
2024-12-03 14:20:00+01:00,37.78499984741211,37.78499984741211,37.775001525878906,37.779998779296875,1063,0.0,0.0
2024-12-03 14:21:00+01:00,37.78499984741211,37.790000915527344,37.779998779296875,37.790000915527344,4433,0.0,0.0
2024-12-03 14:22:00+01:00,37.78499984741211,37.790000915527344,37.78499984741211,37.790000915527344,1412,0.0,0.0
2024-12-03 14:23:00+01:00,37.790000915527344,37.790000915527344,37.790000915527344,37.790000915527344,579,0.0,0.0
2024-12-03 14:24:00+01:00,37.78499984741211,37.78499984741211,37.77000045776367,37.78499984741211,3218,0.0,0.0
2024-12-03 14:25:00+01:00,37.775001525878906,37.779998779296875,37.775001525878906,37.779998779296875,661,0.0,0.0
2024-12-03 14:26:00+01:00,37.779998779296875,37.78499984741211,37.77000045776367,37.77000045776367,3773,0.0,0.0
2024-12-03 14:27:00+01:00,37.77000045776367,37.775001525878906,37.744998931884766,37.744998931884766,9187,0.0,0.0
2024-12-03 14:28:00+01:00,37.7400016784668,37.744998931884766,37.724998474121094,37.7400016784668,8381,0.0,0.0
2024-12-03 14:29:00+01:00,37.744998931884766,37.755001068115234,37.73500061035156,37.75,5537,0.0,0.0
2024-12-03 14:30:00+01:00,37.75,37.75,37.724998474121094,37.73500061035156,4223,0.0,0.0
2024-12-03 14:31:00+01:00,37.72999954223633,37.72999954223633,37.71500015258789,37.724998474121094,7779,0.0,0.0
2024-12-03 14:32:00+01:00,37.720001220703125,37.720001220703125,37.70000076293945,37.70500183105469,41479,0.0,0.0
2024-12-03 14:33:00+01:00,37.709999084472656,37.709999084472656,37.685001373291016,37.685001373291016,9258,0.0,0.0
2024-12-03 14:34:00+01:00,37.68000030517578,37.69499969482422,37.68000030517578,37.685001373291016,3224,0.0,0.0
2024-12-03 14:35:00+01:00,37.68000030517578,37.685001373291016,37.67499923706055,37.68000030517578,3043,0.0,0.0
2024-12-03 14:36:00+01:00,37.68000030517578,37.72999954223633,37.68000030517578,37.709999084472656,11333,0.0,0.0
2024-12-03 14:37:00+01:00,37.71500015258789,37.71500015258789,37.689998626708984,37.70500183105469,11055,0.0,0.0
2024-12-03 14:38:00+01:00,37.709999084472656,37.709999084472656,37.689998626708984,37.70000076293945,3602,0.0,0.0
2024-12-03 14:39:00+01:00,37.70000076293945,37.71500015258789,37.70000076293945,37.70500183105469,2130,0.0,0.0
2024-12-03 14:40:00+01:00,37.71500015258789,37.71500015258789,37.71500015258789,37.71500015258789,1881,0.0,0.0
2024-12-03 14:41:00+01:00,37.720001220703125,37.720001220703125,37.71500015258789,37.720001220703125,3211,0.0,0.0
2024-12-03 14:42:00+01:00,37.709999084472656,37.720001220703125,37.709999084472656,37.720001220703125,1803,0.0,0.0
2024-12-03 14:43:00+01:00,37.724998474121094,37.72999954223633,37.709999084472656,37.71500015258789,6605,0.0,0.0
2024-12-03 14:44:00+01:00,37.70500183105469,37.70500183105469,37.69499969482422,37.70000076293945,2802,0.0,0.0
2024-12-03 14:45:00+01:00,37.69499969482422,37.69499969482422,37.67499923706055,37.67499923706055,2350,0.0,0.0
2024-12-03 14:46:00+01:00,37.68000030517578,37.685001373291016,37.66999816894531,37.68000030517578,11479,0.0,0.0
2024-12-03 14:47:00+01:00,37.689998626708984,37.689998626708984,37.685001373291016,37.689998626708984,3713,0.0,0.0
2024-12-03 14:48:00+01:00,37.69499969482422,37.70000076293945,37.69499969482422,37.69499969482422,2983,0.0,0.0
2024-12-03 14:49:00+01:00,37.70000076293945,37.70000076293945,37.68000030517578,37.68000030517578,1996,0.0,0.0
2024-12-03 14:50:00+01:00,37.67499923706055,37.67499923706055,37.654998779296875,37.654998779296875,2352,0.0,0.0
2024-12-03 14:51:00+01:00,37.650001525878906,37.650001525878906,37.6349983215332,37.6349983215332,1653,0.0,0.0
2024-12-03 14:52:00+01:00,37.630001068115234,37.65999984741211,37.630001068115234,37.65999984741211,5881,0.0,0.0
2024-12-03 14:53:00+01:00,37.65999984741211,37.665000915527344,37.61000061035156,37.61000061035156,10049,0.0,0.0
2024-12-03 14:54:00+01:00,37.6150016784668,37.619998931884766,37.584999084472656,37.595001220703125,35547,0.0,0.0
2024-12-03 14:55:00+01:00,37.599998474121094,37.650001525878906,37.595001220703125,37.650001525878906,15665,0.0,0.0
2024-12-03 14:56:00+01:00,37.63999938964844,37.64500045776367,37.6150016784668,37.625,11883,0.0,0.0
2024-12-03 14:57:00+01:00,37.625,37.630001068115234,37.61000061035156,37.619998931884766,22948,0.0,0.0
2024-12-03 14:58:00+01:00,37.625,37.630001068115234,37.619998931884766,37.630001068115234,2231,0.0,0.0
2024-12-03 14:59:00+01:00,37.625,37.63999938964844,37.6150016784668,37.6150016784668,4351,0.0,0.0
2024-12-03 15:00:00+01:00,37.619998931884766,37.625,37.619998931884766,37.619998931884766,1305,0.0,0.0
2024-12-03 15:01:00+01:00,37.6349983215332,37.654998779296875,37.6349983215332,37.64500045776367,8859,0.0,0.0
2024-12-03 15:02:00+01:00,37.64500045776367,37.68000030517578,37.64500045776367,37.68000030517578,8063,0.0,0.0
2024-12-03 15:03:00+01:00,37.67499923706055,37.67499923706055,37.650001525878906,37.66999816894531,33582,0.0,0.0
2024-12-03 15:04:00+01:00,37.67499923706055,37.70000076293945,37.67499923706055,37.68000030517578,5829,0.0,0.0
2024-12-03 15:05:00+01:00,37.68000030517578,37.685001373291016,37.63999938964844,37.650001525878906,9497,0.0,0.0
2024-12-03 15:06:00+01:00,37.654998779296875,37.654998779296875,37.650001525878906,37.650001525878906,2038,0.0,0.0
2024-12-03 15:07:00+01:00,37.650001525878906,37.650001525878906,37.6349983215332,37.63999938964844,6520,0.0,0.0
2024-12-03 15:08:00+01:00,37.6349983215332,37.63999938964844,37.6150016784668,37.63999938964844,11151,0.0,0.0
2024-12-03 15:09:00+01:00,37.63999938964844,37.650001525878906,37.63999938964844,37.650001525878906,4903,0.0,0.0
2024-12-03 15:10:00+01:00,37.63999938964844,37.654998779296875,37.6349983215332,37.6349983215332,3829,0.0,0.0
2024-12-03 15:11:00+01:00,37.63999938964844,37.64500045776367,37.6349983215332,37.64500045776367,2865,0.0,0.0
2024-12-03 15:12:00+01:00,37.63999938964844,37.64500045776367,37.619998931884766,37.63999938964844,7276,0.0,0.0
2024-12-03 15:13:00+01:00,37.6349983215332,37.6349983215332,37.625,37.625,873,0.0,0.0
2024-12-03 15:14:00+01:00,37.619998931884766,37.625,37.6150016784668,37.619998931884766,4988,0.0,0.0
2024-12-03 15:15:00+01:00,37.619998931884766,37.619998931884766,37.584999084472656,37.595001220703125,14686,0.0,0.0
2024-12-03 15:16:00+01:00,37.59000015258789,37.59000015258789,37.564998626708984,37.58000183105469,18976,0.0,0.0
2024-12-03 15:17:00+01:00,37.58000183105469,37.58000183105469,37.55500030517578,37.55500030517578,7225,0.0,0.0
2024-12-03 15:18:00+01:00,37.564998626708984,37.56999969482422,37.53499984741211,37.540000915527344,18498,0.0,0.0
2024-12-03 15:19:00+01:00,37.54499816894531,37.564998626708984,37.54499816894531,37.564998626708984,6642,0.0,0.0
2024-12-03 15:20:00+01:00,37.564998626708984,37.564998626708984,37.540000915527344,37.54999923706055,6362,0.0,0.0
2024-12-03 15:21:00+01:00,37.55500030517578,37.57500076293945,37.55500030517578,37.56999969482422,7471,0.0,0.0
2024-12-03 15:22:00+01:00,37.57500076293945,37.58000183105469,37.55500030517578,37.55500030517578,4745,0.0,0.0
2024-12-03 15:23:00+01:00,37.560001373291016,37.560001373291016,37.54999923706055,37.560001373291016,6160,0.0,0.0
2024-12-03 15:24:00+01:00,37.55500030517578,37.56999969482422,37.54999923706055,37.54999923706055,6130,0.0,0.0
2024-12-03 15:25:00+01:00,37.54499816894531,37.54499816894531,37.5099983215332,37.5099983215332,12766,0.0,0.0
2024-12-03 15:26:00+01:00,37.51499938964844,37.52000045776367,37.51499938964844,37.51499938964844,2298,0.0,0.0
2024-12-03 15:27:00+01:00,37.51499938964844,37.51499938964844,37.46500015258789,37.46500015258789,43655,0.0,0.0
2024-12-03 15:28:00+01:00,37.470001220703125,37.5,37.459999084472656,37.4900016784668,9263,0.0,0.0
2024-12-03 15:29:00+01:00,37.4900016784668,37.494998931884766,37.474998474121094,37.474998474121094,5167,0.0,0.0
2024-12-03 15:30:00+01:00,37.474998474121094,37.52000045776367,37.459999084472656,37.5099983215332,23079,0.0,0.0
2024-12-03 15:31:00+01:00,37.505001068115234,37.505001068115234,37.459999084472656,37.48500061035156,4111,0.0,0.0
2024-12-03 15:32:00+01:00,37.48500061035156,37.5,37.47999954223633,37.48500061035156,3396,0.0,0.0
2024-12-03 15:33:00+01:00,37.5,37.52000045776367,37.494998931884766,37.494998931884766,13186,0.0,0.0
2024-12-03 15:34:00+01:00,37.5,37.5,37.470001220703125,37.48500061035156,6590,0.0,0.0
2024-12-03 15:35:00+01:00,37.48500061035156,37.48500061035156,37.470001220703125,37.48500061035156,6483,0.0,0.0
2024-12-03 15:36:00+01:00,37.494998931884766,37.525001525878906,37.4900016784668,37.525001525878906,17226,0.0,0.0
2024-12-03 15:37:00+01:00,37.525001525878906,37.525001525878906,37.45000076293945,37.45000076293945,18212,0.0,0.0
2024-12-03 15:38:00+01:00,37.45000076293945,37.459999084472656,37.41999816894531,37.435001373291016,50287,0.0,0.0
2024-12-03 15:39:00+01:00,37.435001373291016,37.435001373291016,37.40999984741211,37.41999816894531,20432,0.0,0.0
2024-12-03 15:40:00+01:00,37.41999816894531,37.44499969482422,37.40999984741211,37.435001373291016,12078,0.0,0.0
2024-12-03 15:41:00+01:00,37.43000030517578,37.439998626708984,37.415000915527344,37.43000030517578,5913,0.0,0.0
2024-12-03 15:42:00+01:00,37.43000030517578,37.435001373291016,37.42499923706055,37.43000030517578,5170,0.0,0.0
2024-12-03 15:43:00+01:00,37.43000030517578,37.435001373291016,37.43000030517578,37.435001373291016,3350,0.0,0.0
2024-12-03 15:44:00+01:00,37.439998626708984,37.470001220703125,37.439998626708984,37.459999084472656,5630,0.0,0.0
2024-12-03 15:45:00+01:00,37.46500015258789,37.4900016784668,37.46500015258789,37.48500061035156,6611,0.0,0.0
2024-12-03 15:46:00+01:00,37.48500061035156,37.54999923706055,37.48500061035156,37.54999923706055,10152,0.0,0.0
2024-12-03 15:47:00+01:00,37.54499816894531,37.56999969482422,37.540000915527344,37.55500030517578,12697,0.0,0.0
2024-12-03 15:48:00+01:00,37.54999923706055,37.58000183105469,37.54499816894531,37.56999969482422,15945,0.0,0.0
2024-12-03 15:49:00+01:00,37.564998626708984,37.57500076293945,37.540000915527344,37.54499816894531,18685,0.0,0.0
2024-12-03 15:50:00+01:00,37.54999923706055,37.55500030517578,37.525001525878906,37.54499816894531,19736,0.0,0.0
2024-12-03 15:51:00+01:00,37.54499816894531,37.54499816894531,37.5099983215332,37.5099983215332,4650,0.0,0.0
2024-12-03 15:52:00+01:00,37.51499938964844,37.51499938964844,37.4900016784668,37.5099983215332,6778,0.0,0.0
2024-12-03 15:53:00+01:00,37.52000045776367,37.525001525878906,37.51499938964844,37.51499938964844,7432,0.0,0.0
2024-12-03 15:54:00+01:00,37.51499938964844,37.525001525878906,37.5099983215332,37.5099983215332,3970,0.0,0.0
2024-12-03 15:55:00+01:00,37.51499938964844,37.52000045776367,37.47999954223633,37.4900016784668,21729,0.0,0.0
2024-12-03 15:56:00+01:00,37.4900016784668,37.4900016784668,37.46500015258789,37.46500015258789,11578,0.0,0.0
2024-12-03 15:57:00+01:00,37.470001220703125,37.474998474121094,37.46500015258789,37.470001220703125,6418,0.0,0.0
2024-12-03 15:58:00+01:00,37.470001220703125,37.47999954223633,37.470001220703125,37.47999954223633,3451,0.0,0.0
2024-12-03 15:59:00+01:00,37.474998474121094,37.474998474121094,37.439998626708984,37.439998626708984,9114,0.0,0.0
2024-12-03 16:00:00+01:00,37.439998626708984,37.505001068115234,37.439998626708984,37.48500061035156,40815,0.0,0.0
2024-12-03 16:01:00+01:00,37.4900016784668,37.52000045776367,37.474998474121094,37.474998474121094,12568,0.0,0.0
2024-12-03 16:02:00+01:00,37.47999954223633,37.5,37.47999954223633,37.5,6483,0.0,0.0
2024-12-03 16:03:00+01:00,37.5,37.52000045776367,37.5,37.5099983215332,25135,0.0,0.0
2024-12-03 16:04:00+01:00,37.505001068115234,37.51499938964844,37.5,37.51499938964844,8715,0.0,0.0
2024-12-03 16:05:00+01:00,37.51499938964844,37.51499938964844,37.459999084472656,37.494998931884766,16509,0.0,0.0
2024-12-03 16:06:00+01:00,37.494998931884766,37.52000045776367,37.474998474121094,37.48500061035156,18686,0.0,0.0
2024-12-03 16:07:00+01:00,37.48500061035156,37.505001068115234,37.48500061035156,37.505001068115234,8857,0.0,0.0
2024-12-03 16:08:00+01:00,37.505001068115234,37.505001068115234,37.48500061035156,37.505001068115234,7835,0.0,0.0
2024-12-03 16:09:00+01:00,37.5,37.5,37.474998474121094,37.494998931884766,3643,0.0,0.0
2024-12-03 16:10:00+01:00,37.5,37.52000045776367,37.474998474121094,37.474998474121094,14411,0.0,0.0
2024-12-03 16:11:00+01:00,37.474998474121094,37.474998474121094,37.44499969482422,37.470001220703125,11476,0.0,0.0
2024-12-03 16:12:00+01:00,37.474998474121094,37.4900016784668,37.474998474121094,37.47999954223633,10198,0.0,0.0
2024-12-03 16:13:00+01:00,37.48500061035156,37.4900016784668,37.470001220703125,37.474998474121094,2206,0.0,0.0
2024-12-03 16:14:00+01:00,37.47999954223633,37.47999954223633,37.470001220703125,37.474998474121094,5348,0.0,0.0
2024-12-03 16:15:00+01:00,37.47999954223633,37.494998931884766,37.45500183105469,37.45500183105469,11625,0.0,0.0
2024-12-03 16:16:00+01:00,37.459999084472656,37.48500061035156,37.459999084472656,37.470001220703125,11850,0.0,0.0
2024-12-03 16:17:00+01:00,37.474998474121094,37.474998474121094,37.459999084472656,37.46500015258789,10033,0.0,0.0
2024-12-03 16:18:00+01:00,37.470001220703125,37.474998474121094,37.459999084472656,37.46500015258789,7685,0.0,0.0
2024-12-03 16:19:00+01:00,37.46500015258789,37.47999954223633,37.459999084472656,37.47999954223633,9012,0.0,0.0
2024-12-03 16:20:00+01:00,37.47999954223633,37.47999954223633,37.46500015258789,37.474998474121094,5177,0.0,0.0
2024-12-03 16:21:00+01:00,37.47999954223633,37.47999954223633,37.46500015258789,37.46500015258789,8841,0.0,0.0
2024-12-03 16:22:00+01:00,37.462501525878906,37.474998474121094,37.45000076293945,37.459999084472656,18639,0.0,0.0
2024-12-03 16:23:00+01:00,37.459999084472656,37.46500015258789,37.45500183105469,37.46500015258789,9249,0.0,0.0
2024-12-03 16:24:00+01:00,37.459999084472656,37.46500015258789,37.45000076293945,37.459999084472656,18851,0.0,0.0
2024-12-03 16:25:00+01:00,37.45500183105469,37.45500183105469,37.42499923706055,37.42499923706055,53695,0.0,0.0
2024-12-03 16:26:00+01:00,37.42499923706055,37.42499923706055,37.39500045776367,37.39500045776367,16946,0.0,0.0
2024-12-03 16:27:00+01:00,37.39500045776367,37.404998779296875,37.38999938964844,37.400001525878906,7954,0.0,0.0
2024-12-03 16:28:00+01:00,37.400001525878906,37.400001525878906,37.38999938964844,37.38999938964844,8102,0.0,0.0
2024-12-03 16:29:00+01:00,37.39500045776367,37.404998779296875,37.39500045776367,37.39500045776367,18075,0.0,0.0
2024-12-03 16:30:00+01:00,37.39500045776367,37.435001373291016,37.39500045776367,37.42499923706055,14440,0.0,0.0
2024-12-03 16:31:00+01:00,37.43000030517578,37.43000030517578,37.415000915527344,37.415000915527344,4117,0.0,0.0
2024-12-03 16:32:00+01:00,37.415000915527344,37.43000030517578,37.415000915527344,37.43000030517578,9270,0.0,0.0
2024-12-03 16:33:00+01:00,37.42499923706055,37.45500183105469,37.41999816894531,37.44499969482422,30518,0.0,0.0
2024-12-03 16:34:00+01:00,37.45500183105469,37.48500061035156,37.45500183105469,37.48500061035156,9665,0.0,0.0
2024-12-03 16:35:00+01:00,37.47999954223633,37.5,37.474998474121094,37.47999954223633,28011,0.0,0.0
2024-12-03 16:36:00+01:00,37.4900016784668,37.505001068115234,37.48500061035156,37.5,46161,0.0,0.0
2024-12-03 16:37:00+01:00,37.5,37.5099983215332,37.494998931884766,37.505001068115234,3202,0.0,0.0
2024-12-03 16:38:00+01:00,37.5099983215332,37.525001525878906,37.5,37.52000045776367,17751,0.0,0.0
2024-12-03 16:39:00+01:00,37.525001525878906,37.53499984741211,37.525001525878906,37.53499984741211,5362,0.0,0.0
2024-12-03 16:40:00+01:00,37.529998779296875,37.53499984741211,37.525001525878906,37.525001525878906,9288,0.0,0.0
2024-12-03 16:41:00+01:00,37.53499984741211,37.540000915527344,37.5,37.5,21800,0.0,0.0
2024-12-03 16:42:00+01:00,37.505001068115234,37.505001068115234,37.4900016784668,37.4900016784668,3415,0.0,0.0
2024-12-03 16:43:00+01:00,37.494998931884766,37.5,37.4900016784668,37.494998931884766,9889,0.0,0.0
2024-12-03 16:44:00+01:00,37.5,37.505001068115234,37.5,37.5,5535,0.0,0.0
2024-12-03 16:45:00+01:00,37.494998931884766,37.51499938964844,37.4900016784668,37.5,12002,0.0,0.0
2024-12-03 16:46:00+01:00,37.505001068115234,37.505001068115234,37.46500015258789,37.474998474121094,20277,0.0,0.0
2024-12-03 16:47:00+01:00,37.470001220703125,37.474998474121094,37.45500183105469,37.470001220703125,20249,0.0,0.0
2024-12-03 16:48:00+01:00,37.474998474121094,37.5,37.474998474121094,37.5,5963,0.0,0.0
2024-12-03 16:49:00+01:00,37.5,37.5099983215332,37.5,37.5099983215332,3822,0.0,0.0
2024-12-03 16:50:00+01:00,37.51499938964844,37.525001525878906,37.51499938964844,37.525001525878906,3506,0.0,0.0
2024-12-03 16:51:00+01:00,37.529998779296875,37.564998626708984,37.525001525878906,37.560001373291016,52581,0.0,0.0
2024-12-03 16:52:00+01:00,37.55500030517578,37.56999969482422,37.55500030517578,37.56999969482422,16855,0.0,0.0
2024-12-03 16:53:00+01:00,37.56999969482422,37.57500076293945,37.54999923706055,37.55500030517578,20445,0.0,0.0
2024-12-03 16:54:00+01:00,37.54999923706055,37.55500030517578,37.540000915527344,37.54999923706055,4158,0.0,0.0
2024-12-03 16:55:00+01:00,37.54499816894531,37.54499816894531,37.52000045776367,37.52000045776367,3760,0.0,0.0
2024-12-03 16:56:00+01:00,37.525001525878906,37.53499984741211,37.52000045776367,37.529998779296875,9715,0.0,0.0
2024-12-03 16:57:00+01:00,37.525001525878906,37.525001525878906,37.51499938964844,37.51499938964844,9027,0.0,0.0
2024-12-03 16:58:00+01:00,37.51499938964844,37.525001525878906,37.5,37.52000045776367,8523,0.0,0.0
2024-12-03 16:59:00+01:00,37.529998779296875,37.529998779296875,37.51499938964844,37.51499938964844,9556,0.0,0.0
2024-12-03 17:00:00+01:00,37.52000045776367,37.529998779296875,37.5099983215332,37.52000045776367,9580,0.0,0.0
2024-12-03 17:01:00+01:00,37.52000045776367,37.53499984741211,37.5099983215332,37.529998779296875,34611,0.0,0.0
2024-12-03 17:02:00+01:00,37.53499984741211,37.53499984741211,37.4900016784668,37.505001068115234,17360,0.0,0.0
2024-12-03 17:03:00+01:00,37.5099983215332,37.5099983215332,37.48500061035156,37.5,14484,0.0,0.0
2024-12-03 17:04:00+01:00,37.5,37.5099983215332,37.5,37.505001068115234,7003,0.0,0.0
2024-12-03 17:05:00+01:00,37.505001068115234,37.505001068115234,37.474998474121094,37.474998474121094,13788,0.0,0.0
2024-12-03 17:06:00+01:00,37.470001220703125,37.48500061035156,37.45500183105469,37.48500061035156,8657,0.0,0.0
2024-12-03 17:07:00+01:00,37.4900016784668,37.494998931884766,37.470001220703125,37.48500061035156,7661,0.0,0.0
2024-12-03 17:08:00+01:00,37.494998931884766,37.494998931884766,37.47999954223633,37.48500061035156,2802,0.0,0.0
2024-12-03 17:09:00+01:00,37.4900016784668,37.494998931884766,37.48500061035156,37.48500061035156,9186,0.0,0.0
2024-12-03 17:10:00+01:00,37.4900016784668,37.494998931884766,37.48500061035156,37.48500061035156,2920,0.0,0.0
2024-12-03 17:11:00+01:00,37.4900016784668,37.494998931884766,37.4900016784668,37.4900016784668,6075,0.0,0.0
2024-12-03 17:12:00+01:00,37.4900016784668,37.4900016784668,37.47999954223633,37.48500061035156,11557,0.0,0.0
2024-12-03 17:13:00+01:00,37.47999954223633,37.47999954223633,37.459999084472656,37.474998474121094,5388,0.0,0.0
2024-12-03 17:14:00+01:00,37.459999084472656,37.459999084472656,37.45000076293945,37.45000076293945,8235,0.0,0.0
2024-12-03 17:15:00+01:00,37.45000076293945,37.459999084472656,37.44499969482422,37.44499969482422,22182,0.0,0.0
2024-12-03 17:16:00+01:00,37.44499969482422,37.45000076293945,37.439998626708984,37.439998626708984,8616,0.0,0.0
2024-12-03 17:17:00+01:00,37.44499969482422,37.474998474121094,37.44499969482422,37.474998474121094,6362,0.0,0.0
2024-12-03 17:18:00+01:00,37.474998474121094,37.48500061035156,37.470001220703125,37.48500061035156,19243,0.0,0.0
2024-12-03 17:19:00+01:00,37.47999954223633,37.4900016784668,37.47999954223633,37.48500061035156,6034,0.0,0.0
2024-12-03 17:20:00+01:00,37.48500061035156,37.494998931884766,37.48500061035156,37.4900016784668,20633,0.0,0.0
2024-12-03 17:21:00+01:00,37.48500061035156,37.505001068115234,37.48500061035156,37.5,53554,0.0,0.0
2024-12-03 17:22:00+01:00,37.5,37.505001068115234,37.47999954223633,37.47999954223633,12028,0.0,0.0
2024-12-03 17:23:00+01:00,37.47999954223633,37.4900016784668,37.47999954223633,37.4900016784668,3610,0.0,0.0
2024-12-03 17:24:00+01:00,37.494998931884766,37.5099983215332,37.494998931884766,37.505001068115234,33451,0.0,0.0
2024-12-03 17:25:00+01:00,37.505001068115234,37.51499938964844,37.505001068115234,37.5099983215332,27203,0.0,0.0
2024-12-03 17:26:00+01:00,37.52000045776367,37.529998779296875,37.51499938964844,37.51499938964844,23552,0.0,0.0
2024-12-03 17:27:00+01:00,37.52000045776367,37.540000915527344,37.51499938964844,37.540000915527344,18318,0.0,0.0
2024-12-03 17:28:00+01:00,37.540000915527344,37.564998626708984,37.540000915527344,37.54999923706055,60182,0.0,0.0
2024-12-03 17:29:00+01:00,37.54999923706055,37.564998626708984,37.54999923706055,37.55500030517578,64524,0.0,0.0
