time,Open,High,Low,Close,Volume,Dividends,Stock Splits
2024-12-19 04:00:00-05:00,122.63,122.9,122.29,122.36,0,0.0,0.0
2024-12-19 04:01:00-05:00,122.41,122.41,122.1,122.34,0,0.0,0.0
2024-12-19 04:02:00-05:00,122.44,122.66,122.2,122.66,0,0.0,0.0
2024-12-19 04:03:00-05:00,122.63,122.99,122.46,122.96,0,0.0,0.0
2024-12-19 04:04:00-05:00,122.9,122.9,122.7,122.8,0,0.0,0.0
2024-12-19 04:05:00-05:00,122.83,122.89,122.74,122.79,0,0.0,0.0
2024-12-19 04:06:00-05:00,122.76,122.8,122.66,122.78,0,0.0,0.0
2024-12-19 04:07:00-05:00,122.74,122.77,122.58,122.58,0,0.0,0.0
2024-12-19 04:08:00-05:00,122.68,122.74,122.68,122.71,0,0.0,0.0
2024-12-19 04:09:00-05:00,122.71,122.71,122.56,122.67,0,0.0,0.0
2024-12-19 04:10:00-05:00,122.67,122.67,122.59,122.59,0,0.0,0.0
2024-12-19 04:11:00-05:00,122.54,122.6,122.51,122.51,0,0.0,0.0
2024-12-19 04:12:00-05:00,122.55,122.55,122.53,122.55,0,0.0,0.0
2024-12-19 04:13:00-05:00,122.7,122.7,122.7,122.7,0,0.0,0.0
2024-12-19 04:14:00-05:00,122.66,122.79,122.56,122.79,0,0.0,0.0
2024-12-19 04:15:00-05:00,122.71,122.79,122.64,122.79,0,0.0,0.0
2024-12-19 04:16:00-05:00,122.79,122.79,122.71,122.73,0,0.0,0.0
2024-12-19 04:17:00-05:00,122.71,122.71,122.71,122.71,0,0.0,0.0
2024-12-19 04:18:00-05:00,122.73,122.73,122.68,122.69,0,0.0,0.0
2024-12-19 04:19:00-05:00,122.61,122.65,122.49,122.61,0,0.0,0.0
2024-12-19 04:20:00-05:00,122.56,122.56,122.51,122.51,0,0.0,0.0
2024-12-19 04:21:00-05:00,122.61,122.65,122.61,122.63,0,0.0,0.0
2024-12-19 04:22:00-05:00,122.51,122.57,122.42,122.42,0,0.0,0.0
2024-12-19 04:23:00-05:00,122.55,122.55,122.53,122.53,0,0.0,0.0
2024-12-19 04:24:00-05:00,122.4,122.4,122.31,122.31,0,0.0,0.0
2024-12-19 04:25:00-05:00,122.31,122.31,122.31,122.31,0,0.0,0.0
2024-12-19 04:26:00-05:00,122.35,122.36,122.31,122.31,0,0.0,0.0
2024-12-19 04:27:00-05:00,122.31,122.31,122.31,122.31,0,0.0,0.0
2024-12-19 04:28:00-05:00,122.31,122.31,122.1,122.1,0,0.0,0.0
2024-12-19 04:29:00-05:00,122.09,122.13,122.09,122.13,0,0.0,0.0
2024-12-19 04:30:00-05:00,122.18,122.22,122.18,122.21,0,0.0,0.0
2024-12-19 04:31:00-05:00,122.32,122.5,122.32,122.5,0,0.0,0.0
2024-12-19 04:32:00-05:00,122.49,122.49,122.44,122.44,0,0.0,0.0
2024-12-19 04:33:00-05:00,122.32,122.36,122.32,122.36,0,0.0,0.0
2024-12-19 04:34:00-05:00,122.42,122.42,122.42,122.42,0,0.0,0.0
2024-12-19 04:35:00-05:00,122.48,122.54,122.48,122.49,0,0.0,0.0
2024-12-19 04:36:00-05:00,122.47,122.47,122.47,122.47,0,0.0,0.0
2024-12-19 04:37:00-05:00,122.39,122.39,122.39,122.39,0,0.0,0.0
2024-12-19 04:38:00-05:00,122.31,122.31,122.3,122.3,0,0.0,0.0
2024-12-19 04:39:00-05:00,122.41,122.41,122.41,122.41,0,0.0,0.0
2024-12-19 04:40:00-05:00,122.43,122.43,122.42,122.42,0,0.0,0.0
2024-12-19 04:41:00-05:00,122.4,122.45,122.4,122.45,0,0.0,0.0
2024-12-19 04:42:00-05:00,122.41,122.41,122.34,122.34,0,0.0,0.0
2024-12-19 04:43:00-05:00,122.33,122.43,122.33,122.43,0,0.0,0.0
2024-12-19 04:44:00-05:00,122.36,122.36,122.35,122.35,0,0.0,0.0
2024-12-19 04:45:00-05:00,122.31,122.43,122.3,122.43,0,0.0,0.0
2024-12-19 04:46:00-05:00,122.38,122.38,122.38,122.38,0,0.0,0.0
2024-12-19 04:47:00-05:00,122.4,122.43,122.4,122.43,0,0.0,0.0
2024-12-19 04:48:00-05:00,122.43,122.43,122.43,122.43,0,0.0,0.0
2024-12-19 04:49:00-05:00,122.47,122.47,122.47,122.47,0,0.0,0.0
2024-12-19 04:50:00-05:00,122.5,122.5,122.49,122.49,0,0.0,0.0
2024-12-19 04:51:00-05:00,122.46,122.49,122.4,122.4,0,0.0,0.0
2024-12-19 04:52:00-05:00,122.4,122.45,122.4,122.45,0,0.0,0.0
2024-12-19 04:53:00-05:00,122.44,122.44,122.4,122.4,0,0.0,0.0
2024-12-19 04:54:00-05:00,122.34,122.38,122.34,122.38,0,0.0,0.0
2024-12-19 04:55:00-05:00,122.34,122.34,122.3,122.3,0,0.0,0.0
2024-12-19 04:56:00-05:00,122.3,122.3,122.3,122.3,0,0.0,0.0
2024-12-19 04:58:00-05:00,122.3,122.32,122.3,122.32,0,0.0,0.0
2024-12-19 04:59:00-05:00,122.32,122.32,122.32,122.32,0,0.0,0.0
2024-12-19 05:00:00-05:00,122.35,122.35,122.35,122.35,0,0.0,0.0
2024-12-19 05:02:00-05:00,122.38,122.38,122.38,122.38,0,0.0,0.0
2024-12-19 05:04:00-05:00,122.38,122.38,122.38,122.38,0,0.0,0.0
2024-12-19 05:07:00-05:00,122.37,122.45,122.36,122.45,0,0.0,0.0
2024-12-19 05:08:00-05:00,122.46,122.46,122.46,122.46,0,0.0,0.0
2024-12-19 05:11:00-05:00,122.43,122.43,122.43,122.43,0,0.0,0.0
2024-12-19 05:12:00-05:00,122.51,122.52,122.51,122.52,0,0.0,0.0
2024-12-19 05:13:00-05:00,122.52,122.52,122.52,122.52,0,0.0,0.0
2024-12-19 05:14:00-05:00,122.55,122.57,122.55,122.57,0,0.0,0.0
2024-12-19 05:16:00-05:00,122.52,122.52,122.52,122.52,0,0.0,0.0
2024-12-19 05:17:00-05:00,122.58,122.63,122.58,122.6,0,0.0,0.0
2024-12-19 05:18:00-05:00,122.56,122.59,122.56,122.59,0,0.0,0.0
2024-12-19 05:19:00-05:00,122.57,122.57,122.54,122.54,0,0.0,0.0
2024-12-19 05:20:00-05:00,122.55,122.56,122.5,122.5,0,0.0,0.0
2024-12-19 05:22:00-05:00,122.5,122.57,122.5,122.57,0,0.0,0.0
2024-12-19 05:23:00-05:00,122.56,122.58,122.56,122.58,0,0.0,0.0
2024-12-19 05:24:00-05:00,122.55,122.56,122.55,122.56,0,0.0,0.0
2024-12-19 05:25:00-05:00,122.55,122.55,122.55,122.55,0,0.0,0.0
2024-12-19 05:26:00-05:00,122.56,122.62,122.56,122.62,0,0.0,0.0
2024-12-19 05:27:00-05:00,122.61,122.61,122.6,122.6,0,0.0,0.0
2024-12-19 05:28:00-05:00,122.63,122.63,122.63,122.63,0,0.0,0.0
2024-12-19 05:29:00-05:00,122.65,122.65,122.65,122.65,0,0.0,0.0
2024-12-19 05:30:00-05:00,122.65,122.65,122.64,122.64,0,0.0,0.0
2024-12-19 05:31:00-05:00,122.65,122.65,122.65,122.65,0,0.0,0.0
2024-12-19 05:32:00-05:00,122.64,122.64,122.64,122.64,0,0.0,0.0
2024-12-19 05:33:00-05:00,122.63,122.63,122.6,122.6,0,0.0,0.0
2024-12-19 05:34:00-05:00,122.57,122.57,122.52,122.52,0,0.0,0.0
2024-12-19 05:35:00-05:00,122.52,122.57,122.52,122.57,0,0.0,0.0
2024-12-19 05:36:00-05:00,122.5,122.5,122.4,122.4,0,0.0,0.0
2024-12-19 05:38:00-05:00,122.3,122.31,122.1,122.1,0,0.0,0.0
2024-12-19 05:39:00-05:00,122.17,122.21,122.15,122.15,0,0.0,0.0
2024-12-19 05:40:00-05:00,122.15,122.15,122.1,122.15,0,0.0,0.0
2024-12-19 05:41:00-05:00,122.14,122.15,122.08,122.09,0,0.0,0.0
2024-12-19 05:42:00-05:00,122.15,122.21,122.15,122.21,0,0.0,0.0
2024-12-19 05:44:00-05:00,122.17,122.17,122.13,122.13,0,0.0,0.0
2024-12-19 05:45:00-05:00,122.14,122.15,121.98,121.98,0,0.0,0.0
2024-12-19 05:46:00-05:00,121.92,121.93,121.84,121.93,0,0.0,0.0
2024-12-19 05:47:00-05:00,121.94,121.94,121.9,121.9,0,0.0,0.0
2024-12-19 05:48:00-05:00,121.89,121.91,121.86,121.91,0,0.0,0.0
2024-12-19 05:49:00-05:00,121.86,121.98,121.86,121.98,0,0.0,0.0
2024-12-19 05:50:00-05:00,121.95,121.95,121.93,121.93,0,0.0,0.0
2024-12-19 05:51:00-05:00,121.88,121.88,121.7,121.7,0,0.0,0.0
2024-12-19 05:52:00-05:00,121.76,121.78,121.75,121.75,0,0.0,0.0
2024-12-19 05:53:00-05:00,121.82,121.87,121.82,121.87,0,0.0,0.0
2024-12-19 05:54:00-05:00,121.89,121.99,121.89,121.92,0,0.0,0.0
2024-12-19 05:55:00-05:00,121.97,121.97,121.92,121.92,0,0.0,0.0
2024-12-19 05:56:00-05:00,122.01,122.03,122.01,122.03,0,0.0,0.0
2024-12-19 05:57:00-05:00,122.05,122.1,122.05,122.09,0,0.0,0.0
2024-12-19 05:58:00-05:00,122.09,122.09,122.07,122.07,0,0.0,0.0
2024-12-19 05:59:00-05:00,122.05,122.05,122.0,122.0,0,0.0,0.0
2024-12-19 06:00:00-05:00,122.04,122.04,122.04,122.04,0,0.0,0.0
2024-12-19 06:01:00-05:00,122.19,122.2,122.19,122.19,0,0.0,0.0
2024-12-19 06:02:00-05:00,122.17,122.17,122.17,122.17,0,0.0,0.0
2024-12-19 06:03:00-05:00,122.17,122.17,122.17,122.17,0,0.0,0.0
2024-12-19 06:04:00-05:00,122.12,122.18,122.12,122.18,0,0.0,0.0
2024-12-19 06:05:00-05:00,122.2,122.28,122.2,122.28,0,0.0,0.0
2024-12-19 06:06:00-05:00,122.29,122.3,122.29,122.3,0,0.0,0.0
2024-12-19 06:07:00-05:00,122.22,122.22,122.22,122.22,0,0.0,0.0
2024-12-19 06:08:00-05:00,122.22,122.22,122.22,122.22,0,0.0,0.0
2024-12-19 06:10:00-05:00,122.22,122.22,122.19,122.19,0,0.0,0.0
2024-12-19 06:12:00-05:00,122.28,122.28,122.28,122.28,0,0.0,0.0
2024-12-19 06:13:00-05:00,122.27,122.27,122.23,122.24,0,0.0,0.0
2024-12-19 06:14:00-05:00,122.28,122.28,122.28,122.28,0,0.0,0.0
2024-12-19 06:15:00-05:00,122.28,122.28,122.25,122.25,0,0.0,0.0
2024-12-19 06:16:00-05:00,122.19,122.19,122.18,122.18,0,0.0,0.0
2024-12-19 06:18:00-05:00,122.16,122.2,122.16,122.2,0,0.0,0.0
2024-12-19 06:19:00-05:00,122.2,122.2,122.2,122.2,0,0.0,0.0
2024-12-19 06:20:00-05:00,122.16,122.2,122.16,122.17,0,0.0,0.0
2024-12-19 06:21:00-05:00,122.18,122.18,122.18,122.18,0,0.0,0.0
2024-12-19 06:23:00-05:00,122.18,122.19,122.18,122.19,0,0.0,0.0
2024-12-19 06:24:00-05:00,122.21,122.22,122.18,122.22,0,0.0,0.0
2024-12-19 06:25:00-05:00,122.28,122.28,122.28,122.28,0,0.0,0.0
2024-12-19 06:26:00-05:00,122.2,122.2,122.08,122.08,0,0.0,0.0
2024-12-19 06:27:00-05:00,122.16,122.16,122.16,122.16,0,0.0,0.0
2024-12-19 06:28:00-05:00,122.19,122.19,122.19,122.19,0,0.0,0.0
2024-12-19 06:30:00-05:00,122.08,122.08,121.9,121.9,0,0.0,0.0
2024-12-19 06:31:00-05:00,121.9,121.9,121.89,121.89,0,0.0,0.0
2024-12-19 06:32:00-05:00,121.89,121.93,121.88,121.93,0,0.0,0.0
2024-12-19 06:33:00-05:00,121.83,121.88,121.83,121.88,0,0.0,0.0
2024-12-19 06:34:00-05:00,121.84,121.84,121.84,121.84,0,0.0,0.0
2024-12-19 06:35:00-05:00,121.84,121.84,121.78,121.78,0,0.0,0.0
2024-12-19 06:38:00-05:00,121.92,121.95,121.92,121.95,0,0.0,0.0
2024-12-19 06:41:00-05:00,121.95,121.96,121.95,121.96,0,0.0,0.0
2024-12-19 06:42:00-05:00,121.99,121.99,121.99,121.99,0,0.0,0.0
2024-12-19 06:43:00-05:00,122.0,122.08,122.0,122.08,0,0.0,0.0
2024-12-19 06:44:00-05:00,122.07,122.07,122.07,122.07,0,0.0,0.0
2024-12-19 06:45:00-05:00,122.13,122.13,122.13,122.13,0,0.0,0.0
2024-12-19 06:46:00-05:00,122.02,122.15,122.02,122.05,0,0.0,0.0
2024-12-19 06:47:00-05:00,122.04,122.14,122.04,122.11,0,0.0,0.0
2024-12-19 06:49:00-05:00,122.13,122.15,122.13,122.15,0,0.0,0.0
2024-12-19 06:51:00-05:00,122.15,122.18,122.14,122.18,0,0.0,0.0
2024-12-19 06:52:00-05:00,122.15,122.17,122.15,122.17,0,0.0,0.0
2024-12-19 06:53:00-05:00,122.1,122.11,122.1,122.11,0,0.0,0.0
2024-12-19 06:54:00-05:00,122.09,122.1,122.09,122.1,0,0.0,0.0
2024-12-19 06:55:00-05:00,122.11,122.11,122.11,122.11,0,0.0,0.0
2024-12-19 06:56:00-05:00,122.1,122.16,122.1,122.16,0,0.0,0.0
2024-12-19 06:57:00-05:00,122.18,122.19,122.18,122.18,0,0.0,0.0
2024-12-19 06:59:00-05:00,122.13,122.22,122.06,122.22,0,0.0,0.0
2024-12-19 07:00:00-05:00,122.18,122.36,122.03,122.03,0,0.0,0.0
2024-12-19 07:01:00-05:00,122.02,122.06,122.0,122.06,0,0.0,0.0
2024-12-19 07:02:00-05:00,122.07,122.2,122.07,122.2,0,0.0,0.0
2024-12-19 07:03:00-05:00,122.16,122.35,122.16,122.32,0,0.0,0.0
2024-12-19 07:04:00-05:00,122.28,122.28,122.28,122.28,0,0.0,0.0
2024-12-19 07:05:00-05:00,122.16,122.16,122.12,122.12,0,0.0,0.0
2024-12-19 07:06:00-05:00,122.25,122.3,122.25,122.3,0,0.0,0.0
2024-12-19 07:07:00-05:00,122.3,122.41,122.26,122.37,0,0.0,0.0
2024-12-19 07:08:00-05:00,122.39,122.39,122.25,122.29,0,0.0,0.0
2024-12-19 07:09:00-05:00,122.15,122.17,122.12,122.14,0,0.0,0.0
2024-12-19 07:10:00-05:00,122.24,122.25,122.24,122.25,0,0.0,0.0
2024-12-19 07:11:00-05:00,122.27,122.3,122.25,122.3,0,0.0,0.0
2024-12-19 07:12:00-05:00,122.39,122.47,122.39,122.45,0,0.0,0.0
2024-12-19 07:13:00-05:00,122.45,122.45,122.45,122.45,0,0.0,0.0
2024-12-19 07:14:00-05:00,122.45,122.45,122.45,122.45,0,0.0,0.0
2024-12-19 07:15:00-05:00,122.45,122.45,122.4,122.45,0,0.0,0.0
2024-12-19 07:16:00-05:00,122.45,122.45,122.45,122.45,0,0.0,0.0
2024-12-19 07:17:00-05:00,122.44,122.44,122.44,122.44,0,0.0,0.0
2024-12-19 07:18:00-05:00,122.45,122.54,122.45,122.5,0,0.0,0.0
2024-12-19 07:20:00-05:00,122.56,122.62,122.5,122.56,0,0.0,0.0
2024-12-19 07:21:00-05:00,122.56,122.62,122.54,122.62,0,0.0,0.0
2024-12-19 07:22:00-05:00,122.58,122.69,122.58,122.69,0,0.0,0.0
2024-12-19 07:23:00-05:00,122.7,122.81,122.7,122.81,0,0.0,0.0
2024-12-19 07:24:00-05:00,122.87,123.0,122.87,122.98,0,0.0,0.0
2024-12-19 07:25:00-05:00,122.93,122.99,122.92,122.99,0,0.0,0.0
2024-12-19 07:26:00-05:00,122.98,123.09,122.92,123.08,0,0.0,0.0
2024-12-19 07:27:00-05:00,123.07,123.09,122.97,123.03,0,0.0,0.0
2024-12-19 07:28:00-05:00,123.06,123.06,122.98,123.02,0,0.0,0.0
2024-12-19 07:29:00-05:00,123.01,123.05,123.01,123.02,0,0.0,0.0
2024-12-19 07:30:00-05:00,123.04,123.04,123.04,123.04,0,0.0,0.0
2024-12-19 07:31:00-05:00,123.03,123.04,123.0,123.02,0,0.0,0.0
2024-12-19 07:32:00-05:00,123.02,123.02,123.02,123.02,0,0.0,0.0
2024-12-19 07:33:00-05:00,123.04,123.08,123.02,123.08,0,0.0,0.0
2024-12-19 07:34:00-05:00,123.0,123.0,122.95,122.98,0,0.0,0.0
2024-12-19 07:35:00-05:00,123.0,123.02,122.98,123.0,0,0.0,0.0
2024-12-19 07:36:00-05:00,122.99,122.99,122.9,122.9,0,0.0,0.0
2024-12-19 07:37:00-05:00,122.8,122.8,122.62,122.62,0,0.0,0.0
2024-12-19 07:38:00-05:00,122.62,122.8,122.6,122.8,0,0.0,0.0
2024-12-19 07:39:00-05:00,122.82,122.91,122.82,122.91,0,0.0,0.0
2024-12-19 07:40:00-05:00,122.94,123.0,122.93,123.0,0,0.0,0.0
2024-12-19 07:41:00-05:00,123.04,123.04,122.89,122.89,0,0.0,0.0
2024-12-19 07:42:00-05:00,122.92,122.95,122.73,122.95,0,0.0,0.0
2024-12-19 07:43:00-05:00,122.84,122.84,122.84,122.84,0,0.0,0.0
2024-12-19 07:44:00-05:00,122.74,122.91,122.74,122.91,0,0.0,0.0
2024-12-19 07:45:00-05:00,122.96,122.98,122.94,122.97,0,0.0,0.0
2024-12-19 07:46:00-05:00,122.95,122.97,122.82,122.85,0,0.0,0.0
2024-12-19 07:48:00-05:00,122.74,122.76,122.66,122.7,0,0.0,0.0
2024-12-19 07:50:00-05:00,122.61,122.75,122.61,122.75,0,0.0,0.0
2024-12-19 07:51:00-05:00,122.74,122.78,122.73,122.74,0,0.0,0.0
2024-12-19 07:52:00-05:00,122.76,122.76,122.76,122.76,0,0.0,0.0
2024-12-19 07:53:00-05:00,122.71,122.75,122.7,122.75,0,0.0,0.0
2024-12-19 07:54:00-05:00,122.75,122.78,122.75,122.78,0,0.0,0.0
2024-12-19 07:55:00-05:00,122.79,122.86,122.79,122.86,0,0.0,0.0
2024-12-19 07:57:00-05:00,122.88,122.9,122.86,122.9,0,0.0,0.0
2024-12-19 07:58:00-05:00,122.9,122.93,122.89,122.89,0,0.0,0.0
2024-12-19 07:59:00-05:00,122.9,122.93,122.89,122.92,0,0.0,0.0
2024-12-19 08:00:00-05:00,122.3,123.1,121.67,122.1238,0,0.0,0.0
2024-12-19 08:01:00-05:00,122.19,123.0988,121.806,123.0,0,0.0,0.0
2024-12-19 08:02:00-05:00,123.0004,123.05,121.6,123.0321,0,0.0,0.0
2024-12-19 08:03:00-05:00,123.05,123.05,122.9,122.96,0,0.0,0.0
2024-12-19 08:04:00-05:00,123.0,123.02,122.9,122.955,0,0.0,0.0
2024-12-19 08:05:00-05:00,123.0,123.01,122.86,122.86,0,0.0,0.0
2024-12-19 08:06:00-05:00,122.91,123.01,122.8,122.9,0,0.0,0.0
2024-12-19 08:07:00-05:00,122.87,122.92,122.8,122.91,0,0.0,0.0
2024-12-19 08:08:00-05:00,122.9,122.91,122.73,122.744,0,0.0,0.0
2024-12-19 08:09:00-05:00,122.89,122.89,122.73,122.8,0,0.0,0.0
2024-12-19 08:10:00-05:00,122.7993,122.85,122.73,122.84,0,0.0,0.0
2024-12-19 08:11:00-05:00,122.84,122.89,122.73,122.8287,0,0.0,0.0
2024-12-19 08:12:00-05:00,122.8983,122.9,122.8,122.9,0,0.0,0.0
2024-12-19 08:13:00-05:00,122.8995,122.95,122.8,122.95,0,0.0,0.0
2024-12-19 08:14:00-05:00,122.95,122.95,122.86,122.894,0,0.0,0.0
2024-12-19 08:15:00-05:00,122.8669,122.98,122.82,122.95,0,0.0,0.0
2024-12-19 08:16:00-05:00,122.9503,122.98,122.92,122.935,0,0.0,0.0
2024-12-19 08:17:00-05:00,122.96,122.97,122.9,122.97,0,0.0,0.0
2024-12-19 08:18:00-05:00,122.935,123.04,122.9,123.02,0,0.0,0.0
2024-12-19 08:19:00-05:00,123.0,123.02,122.97,123.02,0,0.0,0.0
2024-12-19 08:20:00-05:00,123.02,123.02,122.9517,122.9517,0,0.0,0.0
2024-12-19 08:21:00-05:00,123.0,123.0,122.94,123.0,0,0.0,0.0
2024-12-19 08:22:00-05:00,122.99,123.15,122.95,123.09,0,0.0,0.0
2024-12-19 08:23:00-05:00,123.135,123.2,123.13,123.1881,0,0.0,0.0
2024-12-19 08:24:00-05:00,123.14,123.19,123.0,123.18,0,0.0,0.0
2024-12-19 08:25:00-05:00,123.18,123.18,123.12,123.15,0,0.0,0.0
2024-12-19 08:26:00-05:00,123.15,123.18,123.0,123.0003,0,0.0,0.0
2024-12-19 08:27:00-05:00,123.0993,123.11,123.0,123.08,0,0.0,0.0
2024-12-19 08:28:00-05:00,123.055,123.11,123.0,123.069,0,0.0,0.0
2024-12-19 08:29:00-05:00,123.0691,123.12,123.0079,123.1,0,0.0,0.0
2024-12-19 08:30:00-05:00,123.1,123.12,123.0003,123.06,0,0.0,0.0
2024-12-19 08:31:00-05:00,123.12,123.12,123.0,123.0,0,0.0,0.0
2024-12-19 08:32:00-05:00,123.01,123.05,123.0,123.05,0,0.0,0.0
2024-12-19 08:33:00-05:00,123.0,123.05,123.0,123.05,0,0.0,0.0
2024-12-19 08:34:00-05:00,123.025,123.1,123.0,123.0893,0,0.0,0.0
2024-12-19 08:35:00-05:00,123.0995,123.1,123.01,123.05,0,0.0,0.0
2024-12-19 08:36:00-05:00,123.0,123.1,123.0,123.04,0,0.0,0.0
2024-12-19 08:37:00-05:00,123.08,123.09,123.0,123.05,0,0.0,0.0
2024-12-19 08:38:00-05:00,123.08,123.09,122.95,123.04,0,0.0,0.0
2024-12-19 08:39:00-05:00,122.9601,123.17,122.9601,123.15,0,0.0,0.0
2024-12-19 08:40:00-05:00,123.15,123.35,123.14,123.29,0,0.0,0.0
2024-12-19 08:41:00-05:00,123.27,123.29,123.11,123.27,0,0.0,0.0
2024-12-19 08:42:00-05:00,123.29,123.44,123.12,123.4,0,0.0,0.0
2024-12-19 08:43:00-05:00,123.35,123.3807,123.3,123.3001,0,0.0,0.0
2024-12-19 08:44:00-05:00,123.32,123.33,123.3,123.31,0,0.0,0.0
2024-12-19 08:45:00-05:00,123.31,123.32,123.1,123.21,0,0.0,0.0
2024-12-19 08:46:00-05:00,123.1969,123.25,123.1,123.1514,0,0.0,0.0
2024-12-19 08:47:00-05:00,123.235,123.32,123.15,123.1601,0,0.0,0.0
2024-12-19 08:48:00-05:00,123.27,123.4,123.16,123.255,0,0.0,0.0
2024-12-19 08:49:00-05:00,123.25,123.33,123.16,123.22,0,0.0,0.0
2024-12-19 08:50:00-05:00,123.27,123.29,123.15,123.22,0,0.0,0.0
2024-12-19 08:51:00-05:00,123.29,123.29,123.0,123.0,0,0.0,0.0
2024-12-19 08:52:00-05:00,122.96,123.15,122.75,123.02,0,0.0,0.0
2024-12-19 08:53:00-05:00,122.75,122.96,122.75,122.892,0,0.0,0.0
2024-12-19 08:54:00-05:00,122.99,123.02,122.81,122.9,0,0.0,0.0
2024-12-19 08:55:00-05:00,122.825,122.9962,122.764,122.9962,0,0.0,0.0
2024-12-19 08:56:00-05:00,122.95,122.95,122.775,122.9,0,0.0,0.0
2024-12-19 08:57:00-05:00,122.85,122.9,122.7,122.75,0,0.0,0.0
2024-12-19 08:58:00-05:00,122.9,123.0,122.7,123.0,0,0.0,0.0
2024-12-19 08:59:00-05:00,122.91,123.0,122.83,122.91,0,0.0,0.0
2024-12-19 09:00:00-05:00,122.815,122.96,122.7003,122.7003,0,0.0,0.0
2024-12-19 09:01:00-05:00,122.75,122.9,122.61,122.87,0,0.0,0.0
2024-12-19 09:02:00-05:00,122.75,122.88,122.62,122.84,0,0.0,0.0
2024-12-19 09:03:00-05:00,122.83,123.1,122.75,123.08,0,0.0,0.0
2024-12-19 09:04:00-05:00,123.09,123.09,122.81,122.97,0,0.0,0.0
2024-12-19 09:05:00-05:00,122.89,122.98,122.81,122.885,0,0.0,0.0
2024-12-19 09:06:00-05:00,122.885,123.1,122.885,123.1,0,0.0,0.0
2024-12-19 09:07:00-05:00,123.025,123.15,123.0,123.0,0,0.0,0.0
2024-12-19 09:08:00-05:00,123.15,123.15,122.81,122.95,0,0.0,0.0
2024-12-19 09:09:00-05:00,123.0,123.0,122.91,123.0,0,0.0,0.0
2024-12-19 09:10:00-05:00,122.96,123.0,122.75,122.8107,0,0.0,0.0
2024-12-19 09:11:00-05:00,122.81,122.95,122.8,122.94,0,0.0,0.0
2024-12-19 09:12:00-05:00,122.94,122.94,122.85,122.93,0,0.0,0.0
2024-12-19 09:13:00-05:00,122.92,122.93,122.85,122.9194,0,0.0,0.0
2024-12-19 09:14:00-05:00,122.9,122.9199,122.82,122.9,0,0.0,0.0
2024-12-19 09:15:00-05:00,122.9,122.9,122.86,122.9,0,0.0,0.0
2024-12-19 09:16:00-05:00,122.93,122.93,122.915,122.93,0,0.0,0.0
2024-12-19 09:17:00-05:00,122.92,123.0,122.9001,122.98,0,0.0,0.0
2024-12-19 09:18:00-05:00,122.98,123.0,122.86,122.98,0,0.0,0.0
2024-12-19 09:19:00-05:00,122.9,122.98,122.86,122.91,0,0.0,0.0
2024-12-19 09:20:00-05:00,122.91,122.96,122.86,122.9,0,0.0,0.0
2024-12-19 09:21:00-05:00,122.91,123.0,122.89,123.0,0,0.0,0.0
2024-12-19 09:22:00-05:00,123.0,123.07,122.96,123.02,0,0.0,0.0
2024-12-19 09:23:00-05:00,123.05,123.05,122.85,122.94,0,0.0,0.0
2024-12-19 09:24:00-05:00,122.95,123.06,122.9486,123.04,0,0.0,0.0
2024-12-19 09:25:00-05:00,123.05,123.06,122.75,122.78,0,0.0,0.0
2024-12-19 09:26:00-05:00,123.0,123.0,122.77,122.9,0,0.0,0.0
2024-12-19 09:27:00-05:00,122.8995,123.0,122.62,123.0,0,0.0,0.0
2024-12-19 09:28:00-05:00,122.6,122.6,122.1,122.27,0,0.0,0.0
2024-12-19 09:29:00-05:00,122.25,122.45,122.15,122.17,0,0.0,0.0
2024-12-19 09:30:00-05:00,122.16000366210938,122.80000305175781,121.9800033569336,122.6500015258789,1714789,0.0,0.0
2024-12-19 09:31:00-05:00,122.62999725341797,122.9000015258789,122.08000183105469,122.23999786376953,198226,0.0,0.0
2024-12-19 09:32:00-05:00,122.25,122.87000274658203,122.08999633789062,122.2300033569336,158501,0.0,0.0
2024-12-19 09:33:00-05:00,122.22000122070312,123.05000305175781,122.20500183105469,123.0199966430664,158137,0.0,0.0
2024-12-19 09:34:00-05:00,123.0009994506836,123.37999725341797,122.9800033569336,123.09519958496094,255559,0.0,0.0
2024-12-19 09:35:00-05:00,123.11990356445312,123.19000244140625,122.16000366210938,122.16999816894531,178402,0.0,0.0
2024-12-19 09:36:00-05:00,122.19000244140625,122.43000030517578,121.83999633789062,121.85389709472656,260643,0.0,0.0
2024-12-19 09:37:00-05:00,121.87000274658203,121.95950317382812,121.5999984741211,121.70500183105469,226004,0.0,0.0
2024-12-19 09:38:00-05:00,121.70999908447266,122.0199966430664,121.63939666748047,121.97000122070312,95703,0.0,0.0
2024-12-19 09:39:00-05:00,121.94999694824219,122.09970092773438,121.8499984741211,122.02149963378906,94157,0.0,0.0
2024-12-19 09:40:00-05:00,122.02999877929688,122.16999816894531,121.88009643554688,122.05999755859375,130711,0.0,0.0
2024-12-19 09:41:00-05:00,122.05249786376953,122.08000183105469,121.61000061035156,122.0199966430664,179383,0.0,0.0
2024-12-19 09:42:00-05:00,122.06999969482422,122.42960357666016,122.0386962890625,122.30000305175781,159109,0.0,0.0
2024-12-19 09:43:00-05:00,122.2699966430664,122.2699966430664,121.81099700927734,121.88009643554688,148937,0.0,0.0
2024-12-19 09:44:00-05:00,121.87999725341797,121.94000244140625,121.19000244140625,121.19000244140625,311222,0.0,0.0
2024-12-19 09:45:00-05:00,121.19750213623047,121.2300033569336,120.8499984741211,120.94979858398438,353494,0.0,0.0
2024-12-19 09:46:00-05:00,120.94000244140625,121.20950317382812,120.9000015258789,121.06999969482422,238190,0.0,0.0
2024-12-19 09:47:00-05:00,121.08999633789062,121.16000366210938,120.75,121.12000274658203,255580,0.0,0.0
2024-12-19 09:48:00-05:00,121.12999725341797,121.4000015258789,121.0250015258789,121.3499984741211,148372,0.0,0.0
2024-12-19 09:49:00-05:00,121.33000183105469,121.47000122070312,121.22000122070312,121.33989715576172,140782,0.0,0.0
2024-12-19 09:50:00-05:00,121.34500122070312,121.4646987915039,121.26000213623047,121.37000274658203,155374,0.0,0.0
2024-12-19 09:51:00-05:00,121.4000015258789,121.41999816894531,121.23030090332031,121.3812026977539,156132,0.0,0.0
2024-12-19 09:52:00-05:00,121.3949966430664,121.6500015258789,121.32240295410156,121.62000274658203,144210,0.0,0.0
2024-12-19 09:53:00-05:00,121.66000366210938,121.73970031738281,121.5999984741211,121.66500091552734,103748,0.0,0.0
2024-12-19 09:54:00-05:00,121.66999816894531,121.66999816894531,121.20999908447266,121.21600341796875,157013,0.0,0.0
2024-12-19 09:55:00-05:00,121.21749877929688,121.33999633789062,121.10489654541016,121.15499877929688,182387,0.0,0.0
2024-12-19 09:56:00-05:00,121.16500091552734,121.19999694824219,120.95010375976562,120.9800033569336,142931,0.0,0.0
2024-12-19 09:57:00-05:00,120.9999008178711,121.05999755859375,120.83999633789062,120.92500305175781,129428,0.0,0.0
2024-12-19 09:58:00-05:00,120.9000015258789,120.9000015258789,120.75499725341797,120.75499725341797,161855,0.0,0.0
2024-12-19 09:59:00-05:00,120.75,121.05000305175781,120.69180297851562,120.98359680175781,191431,0.0,0.0
2024-12-19 10:00:00-05:00,120.95999908447266,121.06999969482422,120.76499938964844,120.8499984741211,141932,0.0,0.0
2024-12-19 10:01:00-05:00,120.80000305175781,120.83999633789062,120.55000305175781,120.59259796142578,165149,0.0,0.0
2024-12-19 10:02:00-05:00,120.58529663085938,120.83000183105469,120.48999786376953,120.7853012084961,166393,0.0,0.0
2024-12-19 10:03:00-05:00,120.77999877929688,120.9000015258789,120.68000030517578,120.82499694824219,111053,0.0,0.0
2024-12-19 10:04:00-05:00,120.86990356445312,121.04219818115234,120.81999969482422,120.8499984741211,147128,0.0,0.0
2024-12-19 10:05:00-05:00,120.86959838867188,120.9999008178711,120.7750015258789,120.79499816894531,95436,0.0,0.0
2024-12-19 10:06:00-05:00,120.83000183105469,120.88770294189453,120.36000061035156,120.4000015258789,232036,0.0,0.0
2024-12-19 10:07:00-05:00,120.40249633789062,120.44000244140625,120.16999816894531,120.30000305175781,198286,0.0,0.0
2024-12-19 10:08:00-05:00,120.293701171875,120.45919799804688,120.12000274658203,120.12000274658203,198304,0.0,0.0
2024-12-19 10:09:00-05:00,120.12999725341797,120.32990264892578,120.09010314941406,120.30000305175781,136611,0.0,0.0
2024-12-19 10:10:00-05:00,120.31950378417969,120.5999984741211,120.26000213623047,120.5999984741211,140283,0.0,0.0
2024-12-19 10:11:00-05:00,120.58000183105469,120.81999969482422,120.54000091552734,120.81990051269531,144298,0.0,0.0
2024-12-19 10:12:00-05:00,120.79570007324219,120.94999694824219,120.61000061035156,120.94000244140625,185000,0.0,0.0
2024-12-19 10:13:00-05:00,120.93499755859375,121.23999786376953,120.92009735107422,121.23999786376953,152385,0.0,0.0
2024-12-19 10:14:00-05:00,121.2300033569336,121.27999877929688,121.02999877929688,121.0999984741211,127480,0.0,0.0
2024-12-19 10:15:00-05:00,121.08000183105469,121.22000122070312,120.83999633789062,120.84010314941406,140376,0.0,0.0
2024-12-19 10:16:00-05:00,120.87999725341797,120.87999725341797,120.69999694824219,120.76499938964844,93197,0.0,0.0
2024-12-19 10:17:00-05:00,120.77999877929688,120.83000183105469,120.61009979248047,120.62999725341797,104388,0.0,0.0
2024-12-19 10:18:00-05:00,120.61399841308594,120.80999755859375,120.58000183105469,120.75,71628,0.0,0.0
2024-12-19 10:19:00-05:00,120.74690246582031,120.87000274658203,120.7300033569336,120.79000091552734,79600,0.0,0.0
2024-12-19 10:20:00-05:00,120.75,120.77400207519531,120.58000183105469,120.63500213623047,101193,0.0,0.0
2024-12-19 10:21:00-05:00,120.6500015258789,120.66000366210938,120.54000091552734,120.63999938964844,21184,0.0,0.0
2024-12-19 10:22:00-05:00,120.30999755859375,120.33000183105469,120.19999694824219,120.19999694824219,243782,0.0,0.0
2024-12-19 10:23:00-05:00,120.20999908447266,120.36000061035156,120.16000366210938,120.17500305175781,114634,0.0,0.0
2024-12-19 10:24:00-05:00,120.18000030517578,120.18000030517578,119.79000091552734,119.83499908447266,713049,0.0,0.0
2024-12-19 10:25:00-05:00,119.81999969482422,120.26000213623047,119.80000305175781,120.26000213623047,175183,0.0,0.0
2024-12-19 10:26:00-05:00,120.23999786376953,120.31999969482422,120.0,120.05999755859375,121786,0.0,0.0
2024-12-19 10:27:00-05:00,120.05000305175781,120.12999725341797,119.98999786376953,120.01000213623047,146987,0.0,0.0
2024-12-19 10:28:00-05:00,120.0011978149414,120.05000305175781,119.85530090332031,120.01119995117188,206626,0.0,0.0
2024-12-19 10:29:00-05:00,120.02999877929688,120.05000305175781,119.69999694824219,119.80010223388672,210072,0.0,0.0
2024-12-19 10:30:00-05:00,119.83000183105469,120.0,119.80000305175781,119.9000015258789,145573,0.0,0.0
2024-12-19 10:31:00-05:00,119.9000015258789,119.9000015258789,119.5999984741211,119.68000030517578,163327,0.0,0.0
2024-12-19 10:32:00-05:00,119.66580200195312,119.7125015258789,119.5199966430664,119.68499755859375,196106,0.0,0.0
2024-12-19 10:33:00-05:00,119.68499755859375,119.83000183105469,119.62000274658203,119.83000183105469,100715,0.0,0.0
2024-12-19 10:34:00-05:00,119.80599975585938,119.97000122070312,119.70999908447266,119.73999786376953,121549,0.0,0.0
2024-12-19 10:35:00-05:00,119.7300033569336,119.7699966430664,119.4800033569336,119.58999633789062,213918,0.0,0.0
2024-12-19 10:36:00-05:00,119.61000061035156,119.66000366210938,119.44999694824219,119.54000091552734,95514,0.0,0.0
2024-12-19 10:37:00-05:00,119.55999755859375,119.80000305175781,119.54000091552734,119.7699966430664,147576,0.0,0.0
2024-12-19 10:38:00-05:00,119.76830291748047,120.06999969482422,119.76830291748047,120.02429962158203,163132,0.0,0.0
2024-12-19 10:39:00-05:00,119.97000122070312,120.0199966430664,119.87999725341797,119.95500183105469,80373,0.0,0.0
2024-12-19 10:40:00-05:00,119.95999908447266,120.18000030517578,119.77999877929688,120.06999969482422,115546,0.0,0.0
2024-12-19 10:41:00-05:00,120.05999755859375,120.08499908447266,119.62000274658203,119.66999816894531,106840,0.0,0.0
2024-12-19 10:42:00-05:00,119.6500015258789,120.07499694824219,119.58000183105469,120.04000091552734,98571,0.0,0.0
2024-12-19 10:43:00-05:00,120.05999755859375,120.23989868164062,120.05999755859375,120.09549713134766,191606,0.0,0.0
2024-12-19 10:44:00-05:00,120.08350372314453,120.2300033569336,120.06900024414062,120.16000366210938,93999,0.0,0.0
2024-12-19 10:45:00-05:00,120.1500015258789,120.25499725341797,120.0199966430664,120.23999786376953,82554,0.0,0.0
2024-12-19 10:46:00-05:00,120.22000122070312,120.3499984741211,120.11000061035156,120.19000244140625,83552,0.0,0.0
2024-12-19 10:47:00-05:00,120.1843032836914,120.23999786376953,119.91000366210938,119.9800033569336,100952,0.0,0.0
2024-12-19 10:48:00-05:00,119.94999694824219,120.08000183105469,119.87999725341797,120.03800201416016,70210,0.0,0.0
2024-12-19 10:49:00-05:00,120.06999969482422,120.30000305175781,120.02999877929688,120.29930114746094,77779,0.0,0.0
2024-12-19 10:50:00-05:00,120.27999877929688,120.5,120.11000061035156,120.47000122070312,160389,0.0,0.0
2024-12-19 10:51:00-05:00,120.4749984741211,120.5,120.27999877929688,120.30000305175781,100562,0.0,0.0
2024-12-19 10:52:00-05:00,120.30000305175781,120.30999755859375,120.03459930419922,120.11000061035156,78184,0.0,0.0
2024-12-19 10:53:00-05:00,120.1155014038086,120.27999877929688,120.05000305175781,120.26000213623047,49858,0.0,0.0
2024-12-19 10:54:00-05:00,120.23999786376953,120.44000244140625,120.19999694824219,120.33999633789062,99663,0.0,0.0
2024-12-19 10:55:00-05:00,120.33599853515625,120.54000091552734,120.30989837646484,120.54000091552734,82109,0.0,0.0
2024-12-19 10:56:00-05:00,120.50800323486328,120.6500015258789,120.37999725341797,120.37999725341797,132097,0.0,0.0
2024-12-19 10:57:00-05:00,120.3677978515625,120.3677978515625,120.06009674072266,120.12539672851562,118636,0.0,0.0
2024-12-19 10:58:00-05:00,120.1500015258789,120.37999725341797,120.13500213623047,120.36000061035156,50926,0.0,0.0
2024-12-19 10:59:00-05:00,120.3499984741211,120.36000061035156,120.19999694824219,120.29429626464844,46334,0.0,0.0
2024-12-19 11:00:00-05:00,120.2699966430664,120.34500122070312,120.16999816894531,120.2249984741211,57180,0.0,0.0
2024-12-19 11:01:00-05:00,120.26000213623047,120.55989837646484,120.16999816894531,120.36000061035156,58590,0.0,0.0
2024-12-19 11:02:00-05:00,120.37999725341797,120.37999725341797,120.11009979248047,120.2249984741211,58919,0.0,0.0
2024-12-19 11:03:00-05:00,120.23989868164062,120.37999725341797,120.2396011352539,120.27030181884766,66054,0.0,0.0
2024-12-19 11:04:00-05:00,120.26000213623047,120.29000091552734,119.94000244140625,119.94999694824219,237590,0.0,0.0
2024-12-19 11:05:00-05:00,119.94000244140625,120.05000305175781,119.91999816894531,119.94989776611328,60456,0.0,0.0
2024-12-19 11:06:00-05:00,119.93009948730469,120.01000213623047,119.83000183105469,120.01000213623047,89421,0.0,0.0
2024-12-19 11:07:00-05:00,120.0199966430664,120.04000091552734,119.75199890136719,119.80000305175781,65899,0.0,0.0
2024-12-19 11:09:00-05:00,119.91010284423828,119.9800033569336,119.85749816894531,119.94999694824219,128715,0.0,0.0
2024-12-19 11:10:00-05:00,119.98429870605469,120.12989807128906,119.9800033569336,120.06500244140625,76906,0.0,0.0
2024-12-19 11:11:00-05:00,120.04000091552734,120.0999984741211,120.0,120.0530014038086,45682,0.0,0.0
2024-12-19 11:12:00-05:00,120.05999755859375,120.16919708251953,120.05999755859375,120.08000183105469,72912,0.0,0.0
2024-12-19 11:13:00-05:00,120.08000183105469,120.23999786376953,120.03939819335938,120.19999694824219,48521,0.0,0.0
2024-12-19 11:14:00-05:00,120.16999816894531,120.19999694824219,120.03230285644531,120.19000244140625,53781,0.0,0.0
2024-12-19 11:15:00-05:00,120.19999694824219,120.51380157470703,120.15499877929688,120.49009704589844,134345,0.0,0.0
2024-12-19 11:16:00-05:00,120.50499725341797,120.50499725341797,120.27999877929688,120.45500183105469,55206,0.0,0.0
2024-12-19 11:17:00-05:00,120.46420288085938,120.6709976196289,120.44750213623047,120.58000183105469,102429,0.0,0.0
2024-12-19 11:18:00-05:00,120.55999755859375,120.69000244140625,120.5199966430664,120.58999633789062,55871,0.0,0.0
2024-12-19 11:19:00-05:00,120.6061019897461,120.69999694824219,120.58999633789062,120.6449966430664,62407,0.0,0.0
2024-12-19 11:20:00-05:00,120.62999725341797,120.8468017578125,120.62999725341797,120.81999969482422,76296,0.0,0.0
2024-12-19 11:21:00-05:00,120.80999755859375,120.8499984741211,120.72779846191406,120.76529693603516,69879,0.0,0.0
2024-12-19 11:22:00-05:00,120.7699966430664,121.0,120.7699966430664,120.96009826660156,77008,0.0,0.0
2024-12-19 11:23:00-05:00,120.97000122070312,121.19000244140625,120.97000122070312,121.13999938964844,97210,0.0,0.0
2024-12-19 11:24:00-05:00,121.12999725341797,121.23999786376953,121.12000274658203,121.1449966430664,80819,0.0,0.0
2024-12-19 11:25:00-05:00,121.1500015258789,121.22579956054688,121.04000091552734,121.12000274658203,76394,0.0,0.0
2024-12-19 11:26:00-05:00,121.12999725341797,121.33999633789062,121.12999725341797,121.28500366210938,96821,0.0,0.0
2024-12-19 11:27:00-05:00,121.29000091552734,121.36000061035156,121.20040130615234,121.33999633789062,88211,0.0,0.0
2024-12-19 11:28:00-05:00,121.3499984741211,121.3604965209961,121.197998046875,121.25039672851562,63744,0.0,0.0
2024-12-19 11:29:00-05:00,121.26000213623047,121.30000305175781,121.1500015258789,121.25499725341797,68167,0.0,0.0
2024-12-19 11:30:00-05:00,121.22000122070312,121.36250305175781,121.12000274658203,121.34500122070312,76515,0.0,0.0
2024-12-19 11:31:00-05:00,121.36000061035156,121.5,121.31069946289062,121.33999633789062,98977,0.0,0.0
2024-12-19 11:32:00-05:00,121.36000061035156,121.4000015258789,121.22000122070312,121.22000122070312,84202,0.0,0.0
2024-12-19 11:33:00-05:00,121.19999694824219,121.2300033569336,121.12000274658203,121.13500213623047,80827,0.0,0.0
2024-12-19 11:34:00-05:00,121.13999938964844,121.16639709472656,121.04000091552734,121.11000061035156,68064,0.0,0.0
2024-12-19 11:35:00-05:00,121.0999984741211,121.0999984741211,120.77999877929688,120.88999938964844,121575,0.0,0.0
2024-12-19 11:36:00-05:00,120.9000015258789,121.18000030517578,120.8239974975586,121.16999816894531,93508,0.0,0.0
2024-12-19 11:37:00-05:00,121.16999816894531,121.30989837646484,121.1500015258789,121.28500366210938,89637,0.0,0.0
2024-12-19 11:38:00-05:00,121.23999786376953,121.41999816894531,121.18000030517578,121.27010345458984,77264,0.0,0.0
2024-12-19 11:39:00-05:00,121.26000213623047,121.33000183105469,121.19999694824219,121.24019622802734,71656,0.0,0.0
2024-12-19 11:40:00-05:00,121.26499938964844,121.30000305175781,121.13999938964844,121.16000366210938,55029,0.0,0.0
2024-12-19 11:41:00-05:00,121.1500015258789,121.1500015258789,120.93499755859375,120.97000122070312,130512,0.0,0.0
2024-12-19 11:42:00-05:00,120.94499969482422,121.13999938964844,120.93499755859375,121.13999938964844,58864,0.0,0.0
2024-12-19 11:43:00-05:00,121.13780212402344,121.2699966430664,121.04000091552734,121.1500015258789,70149,0.0,0.0
2024-12-19 11:44:00-05:00,121.16500091552734,121.40499877929688,121.12000274658203,121.4000015258789,63973,0.0,0.0
2024-12-19 11:45:00-05:00,121.3949966430664,121.44999694824219,121.3499984741211,121.3499984741211,52594,0.0,0.0
2024-12-19 11:46:00-05:00,121.3499984741211,121.48760223388672,121.31999969482422,121.48760223388672,64174,0.0,0.0
2024-12-19 11:47:00-05:00,121.48410034179688,121.58000183105469,121.44750213623047,121.58000183105469,109685,0.0,0.0
2024-12-19 11:48:00-05:00,121.56999969482422,121.68000030517578,121.45999908447266,121.47000122070312,84177,0.0,0.0
2024-12-19 11:49:00-05:00,121.45999908447266,121.5199966430664,121.4135971069336,121.47000122070312,48345,0.0,0.0
2024-12-19 11:50:00-05:00,121.4800033569336,121.50499725341797,121.37000274658203,121.44999694824219,48131,0.0,0.0
2024-12-19 11:51:00-05:00,121.41000366210938,121.44999694824219,121.36000061035156,121.38770294189453,55667,0.0,0.0
2024-12-19 11:52:00-05:00,121.37999725341797,121.45999908447266,121.29000091552734,121.43000030517578,140771,0.0,0.0
2024-12-19 11:53:00-05:00,121.44000244140625,121.4800033569336,121.2300033569336,121.37000274658203,48768,0.0,0.0
2024-12-19 11:54:00-05:00,121.37750244140625,121.46720123291016,121.35700225830078,121.41000366210938,73031,0.0,0.0
2024-12-19 11:55:00-05:00,121.4281997680664,121.55989837646484,121.42500305175781,121.5,56617,0.0,0.0
2024-12-19 11:56:00-05:00,121.49500274658203,121.61000061035156,121.45999908447266,121.55500030517578,59042,0.0,0.0
2024-12-19 11:57:00-05:00,121.55000305175781,121.62590026855469,121.36000061035156,121.37999725341797,63346,0.0,0.0
2024-12-19 11:58:00-05:00,121.375,121.38999938964844,121.16999816894531,121.19499969482422,70381,0.0,0.0
2024-12-19 11:59:00-05:00,121.20989990234375,121.20989990234375,121.06999969482422,121.13520050048828,62356,0.0,0.0
2024-12-19 12:00:00-05:00,121.12000274658203,121.19999694824219,121.07749938964844,121.13500213623047,44785,0.0,0.0
2024-12-19 12:01:00-05:00,121.12000274658203,121.12999725341797,120.9000015258789,120.93000030517578,68404,0.0,0.0
2024-12-19 12:02:00-05:00,120.91500091552734,121.08000183105469,120.91000366210938,120.97000122070312,54186,0.0,0.0
2024-12-19 12:03:00-05:00,120.9800033569336,121.01000213623047,120.87020111083984,120.95999908447266,47368,0.0,0.0
2024-12-19 12:04:00-05:00,120.97000122070312,120.99610137939453,120.87000274658203,120.9000015258789,71217,0.0,0.0
2024-12-19 12:05:00-05:00,120.88999938964844,120.95999908447266,120.7699966430664,120.77999877929688,69799,0.0,0.0
2024-12-19 12:06:00-05:00,120.7699966430664,120.94989776611328,120.7699966430664,120.91000366210938,61232,0.0,0.0
2024-12-19 12:07:00-05:00,120.91000366210938,120.98999786376953,120.81999969482422,120.81999969482422,46258,0.0,0.0
2024-12-19 12:08:00-05:00,120.80000305175781,120.86000061035156,120.69010162353516,120.72000122070312,86288,0.0,0.0
2024-12-19 12:09:00-05:00,120.7300033569336,120.75,120.64600372314453,120.66999816894531,80636,0.0,0.0
2024-12-19 12:10:00-05:00,120.67160034179688,120.689697265625,120.4800033569336,120.55999755859375,89803,0.0,0.0
2024-12-19 12:11:00-05:00,120.56999969482422,120.56999969482422,120.37999725341797,120.4000015258789,86440,0.0,0.0
2024-12-19 12:12:00-05:00,120.4000015258789,120.45999908447266,120.37059783935547,120.44000244140625,52356,0.0,0.0
2024-12-19 12:13:00-05:00,120.44000244140625,120.4800033569336,120.37000274658203,120.44000244140625,44595,0.0,0.0
2024-12-19 12:14:00-05:00,120.43000030517578,120.48999786376953,120.41000366210938,120.45999908447266,31998,0.0,0.0
2024-12-19 12:15:00-05:00,120.47000122070312,120.52999877929688,120.41000366210938,120.48300170898438,52342,0.0,0.0
2024-12-19 12:16:00-05:00,120.5,120.5,120.37000274658203,120.40499877929688,48545,0.0,0.0
2024-12-19 12:17:00-05:00,120.41000366210938,120.41999816894531,120.27999877929688,120.29010009765625,91947,0.0,0.0
2024-12-19 12:18:00-05:00,120.31500244140625,120.33000183105469,120.22540283203125,120.28150177001953,42427,0.0,0.0
2024-12-19 12:19:00-05:00,120.29000091552734,120.30999755859375,120.20999908447266,120.25,48042,0.0,0.0
2024-12-19 12:20:00-05:00,120.25499725341797,120.32980346679688,120.2301025390625,120.26830291748047,50303,0.0,0.0
2024-12-19 12:21:00-05:00,120.26499938964844,120.2699966430664,120.12999725341797,120.15989685058594,58822,0.0,0.0
2024-12-19 12:22:00-05:00,120.16000366210938,120.21109771728516,120.08999633789062,120.18000030517578,54152,0.0,0.0
2024-12-19 12:23:00-05:00,120.16500091552734,120.29000091552734,120.1604995727539,120.26000213623047,68377,0.0,0.0
2024-12-19 12:24:00-05:00,120.2699966430664,120.3499984741211,120.18350219726562,120.3499984741211,62916,0.0,0.0
2024-12-19 12:25:00-05:00,120.3582992553711,120.37999725341797,120.18009948730469,120.25,68717,0.0,0.0
2024-12-19 12:26:00-05:00,120.22029876708984,120.25,120.0999984741211,120.125,56364,0.0,0.0
2024-12-19 12:27:00-05:00,120.12999725341797,120.25,120.0,120.04000091552734,89069,0.0,0.0
2024-12-19 12:28:00-05:00,120.0199966430664,120.0479965209961,119.83000183105469,119.88400268554688,179623,0.0,0.0
2024-12-19 12:29:00-05:00,119.8770980834961,119.9800033569336,119.80999755859375,119.93000030517578,60319,0.0,0.0
2024-12-19 12:30:00-05:00,119.93000030517578,120.05000305175781,119.84500122070312,119.91999816894531,86653,0.0,0.0
2024-12-19 12:31:00-05:00,119.94000244140625,120.00499725341797,119.80000305175781,119.81999969482422,71461,0.0,0.0
2024-12-19 12:32:00-05:00,119.83999633789062,119.87419891357422,119.73999786376953,119.78500366210938,98238,0.0,0.0
2024-12-19 12:33:00-05:00,119.80000305175781,119.88999938964844,119.77999877929688,119.8666000366211,117571,0.0,0.0
2024-12-19 12:34:00-05:00,119.83999633789062,119.86000061035156,119.70999908447266,119.7499008178711,72114,0.0,0.0
2024-12-19 12:35:00-05:00,119.74980163574219,119.8781967163086,119.69999694824219,119.75,137092,0.0,0.0
2024-12-19 12:36:00-05:00,119.73200225830078,119.77999877929688,119.65360260009766,119.66999816894531,72097,0.0,0.0
2024-12-19 12:37:00-05:00,119.66000366210938,119.7699966430664,119.5999984741211,119.71810150146484,91972,0.0,0.0
2024-12-19 12:38:00-05:00,119.71990203857422,119.80000305175781,119.6604995727539,119.69000244140625,67392,0.0,0.0
2024-12-19 12:39:00-05:00,119.69000244140625,119.76499938964844,119.66000366210938,119.71990203857422,65826,0.0,0.0
2024-12-19 12:40:00-05:00,119.69999694824219,119.80000305175781,119.5999984741211,119.6050033569336,85347,0.0,0.0
2024-12-19 12:41:00-05:00,119.5999984741211,119.61499786376953,119.5,119.50499725341797,131031,0.0,0.0
2024-12-19 12:42:00-05:00,119.50599670410156,119.54750061035156,119.43000030517578,119.48999786376953,144110,0.0,0.0
2024-12-19 12:43:00-05:00,119.49500274658203,119.58000183105469,119.45500183105469,119.51740264892578,122947,0.0,0.0
2024-12-19 12:44:00-05:00,119.51499938964844,119.52989959716797,119.30999755859375,119.33999633789062,165050,0.0,0.0
2024-12-19 12:45:00-05:00,119.33999633789062,119.44989776611328,119.30000305175781,119.4447021484375,94620,0.0,0.0
2024-12-19 12:46:00-05:00,119.43499755859375,119.86990356445312,119.43000030517578,119.8499984741211,110573,0.0,0.0
2024-12-19 12:47:00-05:00,119.84500122070312,119.97000122070312,119.8113021850586,119.87750244140625,77070,0.0,0.0
2024-12-19 12:48:00-05:00,119.87950134277344,119.93000030517578,119.83999633789062,119.875,53550,0.0,0.0
2024-12-19 12:49:00-05:00,119.87000274658203,119.9281997680664,119.76000213623047,119.78500366210938,68066,0.0,0.0
2024-12-19 12:50:00-05:00,119.79000091552734,119.80989837646484,119.6500015258789,119.67500305175781,48286,0.0,0.0
2024-12-19 12:51:00-05:00,119.66000366210938,119.72000122070312,119.58000183105469,119.66000366210938,50408,0.0,0.0
2024-12-19 12:52:00-05:00,119.65899658203125,119.66999816894531,119.45999908447266,119.48970031738281,65659,0.0,0.0
2024-12-19 12:53:00-05:00,119.48999786376953,119.53990173339844,119.37999725341797,119.50990295410156,94386,0.0,0.0
2024-12-19 12:54:00-05:00,119.48500061035156,119.66999816894531,119.44999694824219,119.66000366210938,63516,0.0,0.0
2024-12-19 12:55:00-05:00,119.66500091552734,119.78970336914062,119.64009857177734,119.73999786376953,69386,0.0,0.0
2024-12-19 12:56:00-05:00,119.73999786376953,119.81990051269531,119.69000244140625,119.80999755859375,64921,0.0,0.0
2024-12-19 12:57:00-05:00,119.81999969482422,119.83499908447266,119.70760345458984,119.77989959716797,81114,0.0,0.0
2024-12-19 12:58:00-05:00,119.7603988647461,119.83000183105469,119.75,119.80999755859375,96831,0.0,0.0
2024-12-19 12:59:00-05:00,119.80000305175781,119.8499984741211,119.75,119.80000305175781,94870,0.0,0.0
2024-12-19 13:00:00-05:00,119.79000091552734,119.83000183105469,119.69000244140625,119.73999786376953,113053,0.0,0.0
2024-12-19 13:01:00-05:00,119.75499725341797,119.80000305175781,119.6500015258789,119.7300033569336,57189,0.0,0.0
2024-12-19 13:02:00-05:00,119.72000122070312,119.72000122070312,119.45999908447266,119.51000213623047,68870,0.0,0.0
2024-12-19 13:03:00-05:00,119.49009704589844,119.51000213623047,119.41000366210938,119.47820281982422,57624,0.0,0.0
2024-12-19 13:04:00-05:00,119.47000122070312,119.47979736328125,119.33999633789062,119.46499633789062,69026,0.0,0.0
2024-12-19 13:05:00-05:00,119.4800033569336,119.5,119.38040161132812,119.48500061035156,55810,0.0,0.0
2024-12-19 13:06:00-05:00,119.48500061035156,119.5,119.41010284423828,119.42500305175781,28016,0.0,0.0
2024-12-19 13:07:00-05:00,119.42990112304688,119.62000274658203,119.41000366210938,119.5999984741211,70454,0.0,0.0
2024-12-19 13:08:00-05:00,119.56999969482422,119.65989685058594,119.44000244140625,119.52010345458984,74547,0.0,0.0
2024-12-19 13:09:00-05:00,119.53109741210938,119.62000274658203,119.52999877929688,119.58999633789062,44057,0.0,0.0
2024-12-19 13:10:00-05:00,119.55999755859375,119.70500183105469,119.55999755859375,119.66000366210938,50460,0.0,0.0
2024-12-19 13:11:00-05:00,119.66000366210938,119.80000305175781,119.62999725341797,119.62999725341797,65036,0.0,0.0
2024-12-19 13:12:00-05:00,119.62999725341797,119.65499877929688,119.54000091552734,119.63999938964844,75955,0.0,0.0
2024-12-19 13:13:00-05:00,119.62000274658203,119.66999816894531,119.41999816894531,119.44000244140625,83765,0.0,0.0
2024-12-19 13:14:00-05:00,119.43000030517578,119.61990356445312,119.41000366210938,119.5999984741211,91754,0.0,0.0
2024-12-19 13:15:00-05:00,119.5999984741211,119.66000366210938,119.52010345458984,119.63009643554688,59240,0.0,0.0
2024-12-19 13:16:00-05:00,119.63999938964844,119.80989837646484,119.62000274658203,119.73999786376953,87232,0.0,0.0
2024-12-19 13:17:00-05:00,119.73059844970703,119.7699966430664,119.56999969482422,119.63999938964844,78266,0.0,0.0
2024-12-19 13:18:00-05:00,119.63880157470703,119.72000122070312,119.55999755859375,119.72000122070312,45318,0.0,0.0
2024-12-19 13:19:00-05:00,119.7300033569336,119.77989959716797,119.69999694824219,119.76000213623047,65669,0.0,0.0
2024-12-19 13:20:00-05:00,119.73999786376953,119.86990356445312,119.66000366210938,119.75,113599,0.0,0.0
2024-12-19 13:21:00-05:00,119.72000122070312,119.77999877929688,119.58000183105469,119.58999633789062,64402,0.0,0.0
2024-12-19 13:22:00-05:00,119.58999633789062,119.5978012084961,119.26000213623047,119.29000091552734,140956,0.0,0.0
2024-12-19 13:23:00-05:00,119.28009796142578,119.55989837646484,119.27999877929688,119.54000091552734,79911,0.0,0.0
2024-12-19 13:24:00-05:00,119.55000305175781,119.57430267333984,119.43009948730469,119.44999694824219,61507,0.0,0.0
2024-12-19 13:25:00-05:00,119.47000122070312,119.69999694824219,119.43000030517578,119.65599822998047,85204,0.0,0.0
2024-12-19 13:26:00-05:00,119.63569641113281,119.7300033569336,119.59010314941406,119.65499877929688,48160,0.0,0.0
2024-12-19 13:27:00-05:00,119.65499877929688,119.68990325927734,119.46009826660156,119.52999877929688,78580,0.0,0.0
2024-12-19 13:28:00-05:00,119.51000213623047,119.66000366210938,119.5,119.5,59306,0.0,0.0
2024-12-19 13:29:00-05:00,119.50199890136719,119.58999633789062,119.48999786376953,119.55999755859375,67262,0.0,0.0
2024-12-19 13:30:00-05:00,119.54000091552734,119.54000091552734,119.33000183105469,119.41000366210938,62110,0.0,0.0
2024-12-19 13:31:00-05:00,119.38999938964844,119.41999816894531,119.32479858398438,119.39749908447266,57929,0.0,0.0
2024-12-19 13:32:00-05:00,119.38999938964844,119.52999877929688,119.3550033569336,119.52999877929688,41446,0.0,0.0
2024-12-19 13:33:00-05:00,119.5260009765625,119.62049865722656,119.41000366210938,119.41000366210938,91278,0.0,0.0
2024-12-19 13:34:00-05:00,119.41999816894531,119.5,119.38999938964844,119.39710235595703,54016,0.0,0.0
2024-12-19 13:35:00-05:00,119.39990234375,119.46990203857422,119.39779663085938,119.43000030517578,27821,0.0,0.0
2024-12-19 13:36:00-05:00,119.42500305175781,119.44999694824219,119.33000183105469,119.42780303955078,58837,0.0,0.0
2024-12-19 13:37:00-05:00,119.41999816894531,119.54000091552734,119.30000305175781,119.52989959716797,135699,0.0,0.0
2024-12-19 13:38:00-05:00,119.52980041503906,119.52999877929688,119.36000061035156,119.4281005859375,71484,0.0,0.0
2024-12-19 13:39:00-05:00,119.41999816894531,119.58000183105469,119.41290283203125,119.5770034790039,64649,0.0,0.0
2024-12-19 13:40:00-05:00,119.54499816894531,119.63999938964844,119.51329803466797,119.62000274658203,69891,0.0,0.0
2024-12-19 13:41:00-05:00,119.61000061035156,119.62999725341797,119.470703125,119.4800033569336,53186,0.0,0.0
2024-12-19 13:42:00-05:00,119.4800033569336,119.55999755859375,119.4000015258789,119.43560028076172,55298,0.0,0.0
2024-12-19 13:43:00-05:00,119.41000366210938,119.41000366210938,119.20999908447266,119.20999908447266,391389,0.0,0.0
2024-12-19 13:44:00-05:00,119.2300033569336,119.27999877929688,119.05999755859375,119.05999755859375,183925,0.0,0.0
2024-12-19 13:45:00-05:00,119.07499694824219,119.30000305175781,119.05000305175781,119.2874984741211,98260,0.0,0.0
2024-12-19 13:46:00-05:00,119.27999877929688,119.55000305175781,119.25,119.52999877929688,118815,0.0,0.0
2024-12-19 13:47:00-05:00,119.52890014648438,119.54000091552734,119.44010162353516,119.51499938964844,72055,0.0,0.0
2024-12-19 13:48:00-05:00,119.5199966430664,119.5999984741211,119.51000213623047,119.54499816894531,59603,0.0,0.0
2024-12-19 13:49:00-05:00,119.55000305175781,119.67990112304688,119.55000305175781,119.62999725341797,112405,0.0,0.0
2024-12-19 13:50:00-05:00,119.63719940185547,119.63999938964844,119.44020080566406,119.55999755859375,92738,0.0,0.0
2024-12-19 13:51:00-05:00,119.5199966430664,119.58999633789062,119.5,119.58999633789062,58874,0.0,0.0
2024-12-19 13:52:00-05:00,119.56999969482422,119.62000274658203,119.52999877929688,119.59500122070312,42869,0.0,0.0
2024-12-19 13:53:00-05:00,119.58999633789062,119.7699966430664,119.58999633789062,119.75,73081,0.0,0.0
2024-12-19 13:54:00-05:00,119.75900268554688,119.83000183105469,119.66000366210938,119.74009704589844,66928,0.0,0.0
2024-12-19 13:55:00-05:00,119.75499725341797,119.83999633789062,119.7249984741211,119.81999969482422,87456,0.0,0.0
2024-12-19 13:56:00-05:00,119.80000305175781,119.81999969482422,119.66000366210938,119.73999786376953,54132,0.0,0.0
2024-12-19 13:57:00-05:00,119.7300033569336,119.8499984741211,119.69999694824219,119.83499908447266,65173,0.0,0.0
2024-12-19 13:58:00-05:00,119.8499984741211,120.0199966430664,119.8499984741211,119.99929809570312,134343,0.0,0.0
2024-12-19 13:59:00-05:00,119.97000122070312,120.0999984741211,119.94999694824219,120.06500244140625,89884,0.0,0.0
2024-12-19 14:00:00-05:00,120.05000305175781,120.06500244140625,119.8499984741211,119.87000274658203,108234,0.0,0.0
2024-12-19 14:01:00-05:00,119.87000274658203,119.87000274658203,119.52999877929688,119.62789916992188,87397,0.0,0.0
2024-12-19 14:02:00-05:00,119.62000274658203,119.63790130615234,119.52999877929688,119.56500244140625,51719,0.0,0.0
2024-12-19 14:03:00-05:00,119.56500244140625,119.57250213623047,119.36000061035156,119.46499633789062,118649,0.0,0.0
2024-12-19 14:04:00-05:00,119.45179748535156,119.53990173339844,119.45179748535156,119.53720092773438,72631,0.0,0.0
2024-12-19 14:05:00-05:00,119.52999877929688,119.52999877929688,119.36900329589844,119.48999786376953,83134,0.0,0.0
2024-12-19 14:06:00-05:00,119.49500274658203,119.61990356445312,119.38369750976562,119.4800033569336,57277,0.0,0.0
2024-12-19 14:07:00-05:00,119.4800033569336,119.57350158691406,119.44000244140625,119.56999969482422,37591,0.0,0.0
2024-12-19 14:08:00-05:00,119.56500244140625,119.70999908447266,119.4801025390625,119.48999786376953,177693,0.0,0.0
2024-12-19 14:09:00-05:00,119.48999786376953,119.55000305175781,119.4800033569336,119.51000213623047,42263,0.0,0.0
2024-12-19 14:10:00-05:00,119.510498046875,119.510498046875,119.37999725341797,119.4000015258789,137224,0.0,0.0
2024-12-19 14:11:00-05:00,119.37000274658203,119.48999786376953,119.36000061035156,119.45999908447266,36512,0.0,0.0
2024-12-19 14:12:00-05:00,119.43499755859375,119.44580078125,119.30999755859375,119.33000183105469,74140,0.0,0.0
2024-12-19 14:13:00-05:00,119.33999633789062,119.36000061035156,119.19999694824219,119.29769897460938,88521,0.0,0.0
2024-12-19 14:14:00-05:00,119.33000183105469,119.33999633789062,119.2699966430664,119.33999633789062,35498,0.0,0.0
2024-12-19 14:15:00-05:00,119.34329986572266,119.44000244140625,119.31999969482422,119.33000183105469,63115,0.0,0.0
2024-12-19 14:16:00-05:00,119.33740234375,119.44000244140625,119.33740234375,119.3759994506836,34900,0.0,0.0
2024-12-19 14:17:00-05:00,119.36499786376953,119.37000274658203,119.27890014648438,119.31300354003906,43231,0.0,0.0
2024-12-19 14:18:00-05:00,119.31999969482422,119.40390014648438,119.26000213623047,119.33000183105469,50337,0.0,0.0
2024-12-19 14:19:00-05:00,119.31999969482422,119.37999725341797,119.22949981689453,119.33499908447266,86620,0.0,0.0
2024-12-19 14:20:00-05:00,119.33000183105469,119.3447036743164,119.1500015258789,119.17500305175781,81302,0.0,0.0
2024-12-19 14:21:00-05:00,119.18370056152344,119.19999694824219,119.12000274658203,119.16000366210938,64637,0.0,0.0
2024-12-19 14:22:00-05:00,119.13390350341797,119.2300033569336,119.11019897460938,119.22000122070312,53773,0.0,0.0
2024-12-19 14:23:00-05:00,119.2300033569336,119.30989837646484,119.16010284423828,119.30989837646484,71969,0.0,0.0
2024-12-19 14:24:00-05:00,119.33000183105469,119.38990020751953,119.30999755859375,119.37000274658203,62552,0.0,0.0
2024-12-19 14:25:00-05:00,119.36160278320312,119.37000274658203,119.23999786376953,119.25499725341797,41819,0.0,0.0
2024-12-19 14:26:00-05:00,119.24009704589844,119.31320190429688,119.19999694824219,119.30000305175781,48063,0.0,0.0
2024-12-19 14:27:00-05:00,119.30999755859375,119.31999969482422,119.2300033569336,119.30000305175781,48396,0.0,0.0
2024-12-19 14:28:00-05:00,119.31999969482422,119.32219696044922,119.20999908447266,119.21499633789062,42406,0.0,0.0
2024-12-19 14:29:00-05:00,119.22450256347656,119.4000015258789,119.22000122070312,119.39949798583984,63090,0.0,0.0
2024-12-19 14:30:00-05:00,119.39949798583984,119.4000015258789,119.2699966430664,119.31770324707031,49479,0.0,0.0
2024-12-19 14:31:00-05:00,119.31999969482422,119.33999633789062,119.25,119.30000305175781,47560,0.0,0.0
2024-12-19 14:32:00-05:00,119.31999969482422,119.4000015258789,119.30000305175781,119.30000305175781,33927,0.0,0.0
2024-12-19 14:33:00-05:00,119.32499694824219,119.33000183105469,119.22000122070312,119.26000213623047,52409,0.0,0.0
2024-12-19 14:34:00-05:00,119.25,119.27999877929688,119.16999816894531,119.18000030517578,57435,0.0,0.0
2024-12-19 14:35:00-05:00,119.18049621582031,119.23999786376953,119.16000366210938,119.17500305175781,53707,0.0,0.0
2024-12-19 14:36:00-05:00,119.17500305175781,119.17500305175781,119.11000061035156,119.12000274658203,57104,0.0,0.0
2024-12-19 14:37:00-05:00,119.11499786376953,119.13500213623047,119.02999877929688,119.0999984741211,109384,0.0,0.0
2024-12-19 14:38:00-05:00,119.1050033569336,119.19999694824219,119.09500122070312,119.18000030517578,59641,0.0,0.0
2024-12-19 14:39:00-05:00,119.19000244140625,119.26000213623047,119.12999725341797,119.1500015258789,54727,0.0,0.0
2024-12-19 14:40:00-05:00,119.13999938964844,119.1500015258789,118.94999694824219,119.10250091552734,278069,0.0,0.0
2024-12-19 14:41:00-05:00,119.06999969482422,119.06999969482422,118.83999633789062,118.91999816894531,202917,0.0,0.0
2024-12-19 14:42:00-05:00,118.91999816894531,118.94989776611328,118.81999969482422,118.81999969482422,130336,0.0,0.0
2024-12-19 14:43:00-05:00,118.83000183105469,118.93000030517578,118.80999755859375,118.8499984741211,78427,0.0,0.0
2024-12-19 14:44:00-05:00,118.83999633789062,118.94000244140625,118.83999633789062,118.91500091552734,78591,0.0,0.0
2024-12-19 14:45:00-05:00,118.93000030517578,118.97000122070312,118.88999938964844,118.95999908447266,90099,0.0,0.0
2024-12-19 14:46:00-05:00,118.96520233154297,119.0999984741211,118.87010192871094,119.08000183105469,89172,0.0,0.0
2024-12-19 14:47:00-05:00,119.05999755859375,119.22000122070312,119.0199966430664,119.18589782714844,83986,0.0,0.0
2024-12-19 14:48:00-05:00,119.19000244140625,119.25,119.13259887695312,119.25,73351,0.0,0.0
2024-12-19 14:49:00-05:00,119.25800323486328,119.34989929199219,119.23999786376953,119.28089904785156,83880,0.0,0.0
2024-12-19 14:50:00-05:00,119.27999877929688,119.37000274658203,119.23999786376953,119.36949920654297,52443,0.0,0.0
2024-12-19 14:51:00-05:00,119.37149810791016,119.5199966430664,119.37149810791016,119.47000122070312,120378,0.0,0.0
2024-12-19 14:52:00-05:00,119.46009826660156,119.48999786376953,119.33999633789062,119.34220123291016,53400,0.0,0.0
2024-12-19 14:53:00-05:00,119.36000061035156,119.41000366210938,119.31999969482422,119.3499984741211,41011,0.0,0.0
2024-12-19 14:54:00-05:00,119.33999633789062,119.37999725341797,119.2699966430664,119.33499908447266,44106,0.0,0.0
2024-12-19 14:55:00-05:00,119.3499984741211,119.43990325927734,119.31999969482422,119.31999969482422,39476,0.0,0.0
2024-12-19 14:56:00-05:00,119.30000305175781,119.3467025756836,119.2699966430664,119.33000183105469,43178,0.0,0.0
2024-12-19 14:57:00-05:00,119.33000183105469,119.34719848632812,119.27999877929688,119.31999969482422,37271,0.0,0.0
2024-12-19 14:58:00-05:00,119.30000305175781,119.3499984741211,119.27200317382812,119.27999877929688,28378,0.0,0.0
2024-12-19 14:59:00-05:00,119.27999877929688,119.33000183105469,119.18000030517578,119.22550201416016,58121,0.0,0.0
2024-12-19 15:00:00-05:00,119.2300033569336,119.37999725341797,119.22000122070312,119.31999969482422,68559,0.0,0.0
2024-12-19 15:01:00-05:00,119.31999969482422,119.36940002441406,119.20010375976562,119.24500274658203,55032,0.0,0.0
2024-12-19 15:02:00-05:00,119.26000213623047,119.30999755859375,119.16999816894531,119.26000213623047,84829,0.0,0.0
2024-12-19 15:03:00-05:00,119.26000213623047,119.33000183105469,119.2123031616211,119.2300033569336,53450,0.0,0.0
2024-12-19 15:04:00-05:00,119.22000122070312,119.29499816894531,119.20999908447266,119.28500366210938,30165,0.0,0.0
2024-12-19 15:05:00-05:00,119.27999877929688,119.28500366210938,119.0999984741211,119.11000061035156,81746,0.0,0.0
2024-12-19 15:06:00-05:00,119.10299682617188,119.12000274658203,119.01000213623047,119.0250015258789,78506,0.0,0.0
2024-12-19 15:07:00-05:00,119.0199966430664,119.04000091552734,118.97000122070312,119.0199966430664,82647,0.0,0.0
2024-12-19 15:08:00-05:00,119.0199966430664,119.05999755859375,118.9801025390625,119.01010131835938,53416,0.0,0.0
2024-12-19 15:09:00-05:00,119.05999755859375,119.08000183105469,119.00499725341797,119.0199966430664,48972,0.0,0.0
2024-12-19 15:10:00-05:00,119.01499938964844,119.01619720458984,118.91999816894531,118.93000030517578,79426,0.0,0.0
2024-12-19 15:11:00-05:00,118.91999816894531,118.92990112304688,118.83000183105469,118.87999725341797,69158,0.0,0.0
2024-12-19 15:12:00-05:00,118.87000274658203,118.93000030517578,118.80999755859375,118.91000366210938,92806,0.0,0.0
2024-12-19 15:13:00-05:00,118.91000366210938,118.98999786376953,118.88999938964844,118.94999694824219,54366,0.0,0.0
2024-12-19 15:14:00-05:00,118.94999694824219,119.12000274658203,118.91999816894531,119.0875015258789,78301,0.0,0.0
2024-12-19 15:15:00-05:00,119.08499908447266,119.29000091552734,119.0802993774414,119.20999908447266,90069,0.0,0.0
2024-12-19 15:16:00-05:00,119.20999908447266,119.23999786376953,119.12000274658203,119.22000122070312,66738,0.0,0.0
2024-12-19 15:17:00-05:00,119.22000122070312,119.36000061035156,119.21070098876953,119.36000061035156,71805,0.0,0.0
2024-12-19 15:18:00-05:00,119.3499984741211,119.47000122070312,119.34010314941406,119.36000061035156,102550,0.0,0.0
2024-12-19 15:19:00-05:00,119.3499984741211,119.44999694824219,119.3301010131836,119.41000366210938,47549,0.0,0.0
2024-12-19 15:20:00-05:00,119.41000366210938,119.48500061035156,119.34010314941406,119.48500061035156,49407,0.0,0.0
2024-12-19 15:21:00-05:00,119.48999786376953,119.5,119.37999725341797,119.47000122070312,53164,0.0,0.0
2024-12-19 15:22:00-05:00,119.45999908447266,119.4800033569336,119.43000030517578,119.44000244140625,74706,0.0,0.0
2024-12-19 15:23:00-05:00,119.44000244140625,119.5,119.41000366210938,119.43049621582031,83123,0.0,0.0
2024-12-19 15:24:00-05:00,119.43890380859375,119.58000183105469,119.41000366210938,119.52999877929688,98364,0.0,0.0
2024-12-19 15:25:00-05:00,119.5199966430664,119.5199966430664,119.375,119.41000366210938,87738,0.0,0.0
2024-12-19 15:26:00-05:00,119.39469909667969,119.58000183105469,119.39469909667969,119.58000183105469,67148,0.0,0.0
2024-12-19 15:27:00-05:00,119.55000305175781,119.63999938964844,119.46540069580078,119.48999786376953,128904,0.0,0.0
2024-12-19 15:28:00-05:00,119.5,119.52999877929688,119.44999694824219,119.48999786376953,58688,0.0,0.0
2024-12-19 15:29:00-05:00,119.48999786376953,119.55999755859375,119.44999694824219,119.5,60830,0.0,0.0
2024-12-19 15:30:00-05:00,119.51000213623047,119.58999633789062,119.44999694824219,119.54750061035156,52427,0.0,0.0
2024-12-19 15:31:00-05:00,119.56999969482422,119.5999984741211,119.51000213623047,119.52400207519531,65871,0.0,0.0
2024-12-19 15:32:00-05:00,119.48999786376953,119.5199966430664,119.4000015258789,119.4000015258789,77663,0.0,0.0
2024-12-19 15:33:00-05:00,119.4000015258789,119.41999816894531,119.30000305175781,119.31999969482422,109966,0.0,0.0
2024-12-19 15:34:00-05:00,119.33000183105469,119.36000061035156,119.13999938964844,119.1500015258789,80839,0.0,0.0
2024-12-19 15:35:00-05:00,119.16999816894531,119.22000122070312,118.95999908447266,118.98989868164062,114445,0.0,0.0
2024-12-19 15:36:00-05:00,118.98500061035156,119.00990295410156,118.83000183105469,118.9000015258789,127852,0.0,0.0
2024-12-19 15:37:00-05:00,118.9000015258789,119.08999633789062,118.9000015258789,119.07499694824219,108546,0.0,0.0
2024-12-19 15:38:00-05:00,119.08000183105469,119.32499694824219,119.08000183105469,119.31500244140625,96739,0.0,0.0
2024-12-19 15:39:00-05:00,119.33000183105469,119.52999877929688,119.30010223388672,119.4800033569336,77006,0.0,0.0
2024-12-19 15:40:00-05:00,119.47000122070312,119.48999786376953,119.3550033569336,119.36000061035156,45862,0.0,0.0
2024-12-19 15:41:00-05:00,119.36000061035156,119.48999786376953,119.36000061035156,119.48999786376953,70539,0.0,0.0
2024-12-19 15:42:00-05:00,119.4800033569336,119.52999877929688,119.42500305175781,119.47550201416016,75985,0.0,0.0
2024-12-19 15:43:00-05:00,119.44000244140625,119.48400115966797,119.2300033569336,119.30000305175781,120440,0.0,0.0
2024-12-19 15:44:00-05:00,119.30000305175781,119.30999755859375,119.13999938964844,119.16999816894531,93474,0.0,0.0
2024-12-19 15:45:00-05:00,119.16000366210938,119.19000244140625,118.9800033569336,118.99500274658203,71843,0.0,0.0
2024-12-19 15:46:00-05:00,119.0,119.11000061035156,119.0,119.07360076904297,102558,0.0,0.0
2024-12-19 15:47:00-05:00,119.02999877929688,119.08989715576172,118.98999786376953,118.99500274658203,60980,0.0,0.0
2024-12-19 15:48:00-05:00,119.0,119.05000305175781,118.97000122070312,118.97000122070312,58308,0.0,0.0
2024-12-19 15:49:00-05:00,118.95999908447266,119.0199966430664,118.88999938964844,118.93000030517578,76227,0.0,0.0
2024-12-19 15:50:00-05:00,118.9000015258789,118.9000015258789,118.5,118.5250015258789,330684,0.0,0.0
2024-12-19 15:51:00-05:00,118.5199966430664,118.58000183105469,118.44999694824219,118.54989624023438,201118,0.0,0.0
2024-12-19 15:52:00-05:00,118.55000305175781,118.78500366210938,118.5250015258789,118.66000366210938,144502,0.0,0.0
2024-12-19 15:53:00-05:00,118.66000366210938,118.68499755859375,118.51000213623047,118.5999984741211,124054,0.0,0.0
2024-12-19 15:54:00-05:00,118.58999633789062,118.70999908447266,118.46009826660156,118.6500015258789,195938,0.0,0.0
2024-12-19 15:55:00-05:00,118.6500015258789,118.93000030517578,118.63500213623047,118.91999816894531,289733,0.0,0.0
2024-12-19 15:56:00-05:00,118.91999816894531,118.94000244140625,118.77999877929688,118.79000091552734,192483,0.0,0.0
2024-12-19 15:57:00-05:00,118.79000091552734,118.94000244140625,118.79000091552734,118.91020202636719,167191,0.0,0.0
2024-12-19 15:58:00-05:00,118.91999816894531,119.01000213623047,118.90010070800781,118.96499633789062,259444,0.0,0.0
2024-12-19 15:59:00-05:00,118.97000122070312,118.97000122070312,118.83999633789062,118.97000122070312,467234,0.0,0.0
2024-12-19 16:00:00-05:00,118.88,118.96,118.75,118.825,2938709,0.0,0.0
2024-12-19 16:01:00-05:00,118.825,124.055,118.78,118.85,0,0.0,0.0
2024-12-19 16:02:00-05:00,118.87,125.45,118.81,118.8799,0,0.0,0.0
2024-12-19 16:03:00-05:00,118.88,119.18,118.87,119.18,0,0.0,0.0
2024-12-19 16:04:00-05:00,119.18,119.18,118.88,119.1,0,0.0,0.0
2024-12-19 16:05:00-05:00,119.09,119.14,118.88,119.06,0,0.0,0.0
2024-12-19 16:06:00-05:00,119.06,119.09,118.88,119.05,0,0.0,0.0
2024-12-19 16:07:00-05:00,119.09,119.09,119.0,119.025,0,0.0,0.0
2024-12-19 16:08:00-05:00,119.0,119.05,119.0,119.0499,0,0.0,0.0
2024-12-19 16:09:00-05:00,119.05,119.15,119.03,119.15,0,0.0,0.0
2024-12-19 16:10:00-05:00,119.15,119.15,118.88,119.05,0,0.0,0.0
2024-12-19 16:11:00-05:00,119.04,119.08,119.0,119.05,0,0.0,0.0
2024-12-19 16:12:00-05:00,119.0,119.06,118.9,119.0,0,0.0,0.0
2024-12-19 16:13:00-05:00,118.995,119.06,118.95,119.05,0,0.0,0.0
2024-12-19 16:14:00-05:00,119.045,119.05,118.9,118.92,0,0.0,0.0
2024-12-19 16:15:00-05:00,118.91,118.93,118.86,118.92,0,0.0,0.0
2024-12-19 16:16:00-05:00,118.93,119.04,118.915,119.04,0,0.0,0.0
2024-12-19 16:17:00-05:00,118.96,120.46,118.94,119.04,0,0.0,0.0
2024-12-19 16:18:00-05:00,119.03,119.1,118.985,119.0985,0,0.0,0.0
2024-12-19 16:19:00-05:00,119.0505,119.1,119.0,119.04,0,0.0,0.0
2024-12-19 16:20:00-05:00,118.88,119.09,118.88,119.09,0,0.0,0.0
2024-12-19 16:21:00-05:00,119.09,119.1,119.03,119.05,0,0.0,0.0
2024-12-19 16:22:00-05:00,119.05,119.1,119.05,119.085,0,0.0,0.0
2024-12-19 16:23:00-05:00,119.071,119.15,119.06,119.12,0,0.0,0.0
2024-12-19 16:24:00-05:00,119.14,119.15,119.1,119.125,0,0.0,0.0
2024-12-19 16:25:00-05:00,119.13,119.17,119.07,119.07,0,0.0,0.0
2024-12-19 16:26:00-05:00,119.1194,119.14,119.07,119.12,0,0.0,0.0
2024-12-19 16:27:00-05:00,119.13,119.17,119.11,119.15,0,0.0,0.0
2024-12-19 16:28:00-05:00,119.15,119.2,119.13,119.18,0,0.0,0.0
2024-12-19 16:29:00-05:00,119.2,119.25,118.91,119.03,0,0.0,0.0
2024-12-19 16:30:00-05:00,119.0,119.18,119.0,119.07,0,0.0,0.0
2024-12-19 16:31:00-05:00,119.14,119.21,118.88,119.21,0,0.0,0.0
2024-12-19 16:32:00-05:00,119.21,119.21,119.1,119.15,0,0.0,0.0
2024-12-19 16:33:00-05:00,119.1882,119.24,119.145,119.24,0,0.0,0.0
2024-12-19 16:34:00-05:00,119.2,119.28,119.2,119.25,0,0.0,0.0
2024-12-19 16:35:00-05:00,119.2692,119.27,119.18,119.26,0,0.0,0.0
2024-12-19 16:36:00-05:00,119.205,119.26,119.06,119.105,0,0.0,0.0
2024-12-19 16:37:00-05:00,119.15,119.15,119.06,119.1,0,0.0,0.0
2024-12-19 16:38:00-05:00,119.08,119.15,119.0604,119.15,0,0.0,0.0
2024-12-19 16:39:00-05:00,119.105,119.25,119.06,119.0823,0,0.0,0.0
2024-12-19 16:40:00-05:00,119.06,119.22,119.06,119.16,0,0.0,0.0
2024-12-19 16:41:00-05:00,119.2193,119.25,118.88,119.1032,0,0.0,0.0
2024-12-19 16:42:00-05:00,119.16,119.25,119.06,119.19,0,0.0,0.0
2024-12-19 16:43:00-05:00,119.19,119.25,119.06,119.15,0,0.0,0.0
2024-12-19 16:44:00-05:00,119.25,119.25,119.155,119.205,0,0.0,0.0
2024-12-19 16:45:00-05:00,119.25,119.25,119.16,119.21,0,0.0,0.0
2024-12-19 16:46:00-05:00,119.2,119.21,119.16,119.16,0,0.0,0.0
2024-12-19 16:47:00-05:00,119.2,119.25,119.16,119.17,0,0.0,0.0
2024-12-19 16:48:00-05:00,119.17,119.25,119.17,119.2499,0,0.0,0.0
2024-12-19 16:49:00-05:00,119.24,119.25,119.21,119.24,0,0.0,0.0
2024-12-19 16:50:00-05:00,119.24,119.24,119.14,119.175,0,0.0,0.0
2024-12-19 16:51:00-05:00,119.2,119.21,119.14,119.17,0,0.0,0.0
2024-12-19 16:52:00-05:00,119.2,119.21,119.15,119.18,0,0.0,0.0
2024-12-19 16:53:00-05:00,119.18,119.24,119.18,119.2,0,0.0,0.0
2024-12-19 16:54:00-05:00,119.2381,119.24,118.88,119.19,0,0.0,0.0
2024-12-19 16:55:00-05:00,119.19,119.2396,119.1701,119.2396,0,0.0,0.0
2024-12-19 16:56:00-05:00,119.22,119.24,119.17,119.23,0,0.0,0.0
2024-12-19 16:57:00-05:00,119.22,119.23,119.19,119.23,0,0.0,0.0
2024-12-19 16:58:00-05:00,119.22,119.23,118.0022,119.21,0,0.0,0.0
2024-12-19 16:59:00-05:00,119.2288,119.23,118.7744,119.1491,0,0.0,0.0
2024-12-19 17:00:00-05:00,119.15,119.15,118.88,119.12,0,0.0,0.0
2024-12-19 17:01:00-05:00,119.19,119.19,119.11,119.1899,0,0.0,0.0
2024-12-19 17:02:00-05:00,119.19,120.1206,119.1,119.13,0,0.0,0.0
2024-12-19 17:03:00-05:00,119.13,119.13,119.04,119.12,0,0.0,0.0
2024-12-19 17:04:00-05:00,119.13,119.13,119.04,119.06,0,0.0,0.0
2024-12-19 17:05:00-05:00,119.08,119.08,119.04,119.04,0,0.0,0.0
2024-12-19 17:06:00-05:00,119.07,120.1206,119.0,119.07,0,0.0,0.0
2024-12-19 17:07:00-05:00,119.04,119.07,119.035,119.05,0,0.0,0.0
2024-12-19 17:08:00-05:00,119.07,119.07,119.04,119.07,0,0.0,0.0
2024-12-19 17:09:00-05:00,119.07,119.07,119.0316,119.0694,0,0.0,0.0
2024-12-19 17:10:00-05:00,119.07,119.07,119.055,119.07,0,0.0,0.0
2024-12-19 17:11:00-05:00,119.07,119.07,119.04,119.06,0,0.0,0.0
2024-12-19 17:12:00-05:00,119.07,119.07,119.0405,119.07,0,0.0,0.0
2024-12-19 17:13:00-05:00,119.0485,149.4788,119.04,119.06,0,0.0,0.0
2024-12-19 17:14:00-05:00,119.055,119.07,119.04,119.06,0,0.0,0.0
2024-12-19 17:15:00-05:00,119.06,119.07,119.04,119.07,0,0.0,0.0
2024-12-19 17:16:00-05:00,119.0409,119.07,119.0409,119.07,0,0.0,0.0
2024-12-19 17:17:00-05:00,119.07,119.1,119.04,119.07,0,0.0,0.0
2024-12-19 17:18:00-05:00,119.07,119.1,119.055,119.1,0,0.0,0.0
2024-12-19 17:19:00-05:00,119.1,119.1,119.06,119.08,0,0.0,0.0
2024-12-19 17:20:00-05:00,119.07,119.08,119.0,119.0588,0,0.0,0.0
2024-12-19 17:21:00-05:00,119.04,119.06,119.0,119.06,0,0.0,0.0
2024-12-19 17:22:00-05:00,119.05,119.05,119.0,119.05,0,0.0,0.0
2024-12-19 17:23:00-05:00,119.025,119.06,119.0,119.03,0,0.0,0.0
2024-12-19 17:24:00-05:00,119.02,119.06,118.9,119.03,0,0.0,0.0
2024-12-19 17:25:00-05:00,119.05,119.05,119.0,119.0099,0,0.0,0.0
2024-12-19 17:26:00-05:00,119.01,119.01,118.89,118.94,0,0.0,0.0
2024-12-19 17:27:00-05:00,118.95,118.95,118.8812,118.925,0,0.0,0.0
2024-12-19 17:28:00-05:00,118.95,119.05,118.9,119.02,0,0.0,0.0
2024-12-19 17:29:00-05:00,119.0199,119.02,118.95,119.0,0,0.0,0.0
2024-12-19 17:30:00-05:00,119.06,119.06,118.9,119.05,0,0.0,0.0
2024-12-19 17:31:00-05:00,119.0,119.06,118.981,119.06,0,0.0,0.0
2024-12-19 17:32:00-05:00,119.0,119.06,119.0,119.05,0,0.0,0.0
2024-12-19 17:33:00-05:00,119.05,119.06,119.0,119.06,0,0.0,0.0
2024-12-19 17:34:00-05:00,119.05,119.06,118.95,119.06,0,0.0,0.0
2024-12-19 17:35:00-05:00,119.06,119.06,118.96,119.0584,0,0.0,0.0
2024-12-19 17:36:00-05:00,119.06,119.06,118.96,119.06,0,0.0,0.0
2024-12-19 17:37:00-05:00,119.06,119.06,118.96,119.04,0,0.0,0.0
2024-12-19 17:38:00-05:00,119.0,119.06,118.97,119.015,0,0.0,0.0
2024-12-19 17:39:00-05:00,119.02,119.06,119.0,119.03,0,0.0,0.0
2024-12-19 17:40:00-05:00,119.015,119.06,118.97,119.01,0,0.0,0.0
2024-12-19 17:41:00-05:00,118.97,119.06,118.96,119.06,0,0.0,0.0
2024-12-19 17:42:00-05:00,119.06,119.06,118.96,119.0,0,0.0,0.0
2024-12-19 17:43:00-05:00,119.03,119.06,118.9655,119.01,0,0.0,0.0
2024-12-19 17:44:00-05:00,119.06,119.06,118.96,118.96,0,0.0,0.0
2024-12-19 17:45:00-05:00,119.06,119.06,118.97,118.97,0,0.0,0.0
2024-12-19 17:46:00-05:00,118.99,118.99,118.95,118.99,0,0.0,0.0
2024-12-19 17:47:00-05:00,118.99,118.99,118.9574,118.99,0,0.0,0.0
2024-12-19 17:48:00-05:00,118.97,119.06,118.97,119.02,0,0.0,0.0
2024-12-19 17:49:00-05:00,119.0,119.06,118.97,118.97,0,0.0,0.0
2024-12-19 17:50:00-05:00,119.06,119.06,118.97,119.06,0,0.0,0.0
2024-12-19 17:51:00-05:00,119.0,119.06,119.0,119.06,0,0.0,0.0
2024-12-19 17:52:00-05:00,119.03,119.06,119.0,119.03,0,0.0,0.0
2024-12-19 17:53:00-05:00,119.02,119.06,119.0,119.06,0,0.0,0.0
2024-12-19 17:54:00-05:00,119.03,119.06,119.0,119.0,0,0.0,0.0
2024-12-19 17:55:00-05:00,119.03,119.03,118.99,119.0,0,0.0,0.0
2024-12-19 17:56:00-05:00,118.9718,119.03,118.9718,119.03,0,0.0,0.0
2024-12-19 17:57:00-05:00,119.0,119.03,118.95,118.9721,0,0.0,0.0
2024-12-19 17:58:00-05:00,118.99,138.93,118.95,118.9891,0,0.0,0.0
2024-12-19 17:59:00-05:00,118.9701,119.03,118.95,118.96,0,0.0,0.0
2024-12-19 18:00:00-05:00,118.96,119.03,118.94,118.94,0,0.0,0.0
2024-12-19 18:01:00-05:00,118.965,119.06,118.95,118.95,0,0.0,0.0
2024-12-19 18:02:00-05:00,119.0,119.06,119.0,119.06,0,0.0,0.0
2024-12-19 18:03:00-05:00,119.06,119.06,118.95,119.0595,0,0.0,0.0
2024-12-19 18:04:00-05:00,119.03,119.06,118.95,119.02,0,0.0,0.0
2024-12-19 18:05:00-05:00,119.06,119.06,119.0,119.06,0,0.0,0.0
2024-12-19 18:06:00-05:00,119.03,119.06,119.0,119.06,0,0.0,0.0
2024-12-19 18:07:00-05:00,119.04,119.06,118.95,119.06,0,0.0,0.0
2024-12-19 18:08:00-05:00,119.05,119.05,119.0,119.03,0,0.0,0.0
2024-12-19 18:09:00-05:00,119.0,119.03,118.95,118.99,0,0.0,0.0
2024-12-19 18:10:00-05:00,119.015,119.03,119.0,119.0,0,0.0,0.0
2024-12-19 18:11:00-05:00,119.03,119.05,119.0,119.05,0,0.0,0.0
2024-12-19 18:12:00-05:00,119.02,119.06,118.96,119.06,0,0.0,0.0
2024-12-19 18:13:00-05:00,119.06,119.06,118.9984,119.0591,0,0.0,0.0
2024-12-19 18:14:00-05:00,119.06,119.15,119.05,119.1,0,0.0,0.0
2024-12-19 18:15:00-05:00,119.095,119.15,119.01,119.055,0,0.0,0.0
2024-12-19 18:16:00-05:00,119.1,119.1,119.01,119.08,0,0.0,0.0
2024-12-19 18:17:00-05:00,119.079,119.13,119.04,119.1288,0,0.0,0.0
2024-12-19 18:18:00-05:00,119.1,119.13,119.04,119.1,0,0.0,0.0
2024-12-19 18:19:00-05:00,119.04,119.11,119.04,119.075,0,0.0,0.0
2024-12-19 18:20:00-05:00,119.04,119.11,119.04,119.09,0,0.0,0.0
2024-12-19 18:21:00-05:00,119.09,119.11,119.04,119.11,0,0.0,0.0
2024-12-19 18:22:00-05:00,119.15,119.15,119.14,119.14,0,0.0,0.0
2024-12-19 18:23:00-05:00,119.15,119.15,119.0,119.15,0,0.0,0.0
2024-12-19 18:24:00-05:00,119.05,119.15,119.05,119.11,0,0.0,0.0
2024-12-19 18:25:00-05:00,119.12,119.15,119.06,119.11,0,0.0,0.0
2024-12-19 18:26:00-05:00,119.065,119.13,119.0,119.05,0,0.0,0.0
2024-12-19 18:27:00-05:00,119.1,119.13,119.08,119.1298,0,0.0,0.0
2024-12-19 18:28:00-05:00,119.115,119.13,119.08,119.08,0,0.0,0.0
2024-12-19 18:29:00-05:00,119.08,119.13,119.03,119.1,0,0.0,0.0
2024-12-19 18:30:00-05:00,119.13,119.13,119.0,119.0,0,0.0,0.0
2024-12-19 18:31:00-05:00,119.04,119.15,119.04,119.12,0,0.0,0.0
2024-12-19 18:32:00-05:00,119.1189,119.12,119.01,119.06,0,0.0,0.0
2024-12-19 18:33:00-05:00,119.01,119.12,119.01,119.1187,0,0.0,0.0
2024-12-19 18:34:00-05:00,119.12,119.12,119.06,119.1096,0,0.0,0.0
2024-12-19 18:35:00-05:00,119.11,119.11,119.0403,119.0546,0,0.0,0.0
2024-12-19 18:36:00-05:00,119.0999,119.11,119.05,119.1,0,0.0,0.0
2024-12-19 18:37:00-05:00,119.11,119.11,119.01,119.1,0,0.0,0.0
2024-12-19 18:38:00-05:00,119.11,119.12,119.04,119.11,0,0.0,0.0
2024-12-19 18:39:00-05:00,119.0667,119.12,119.03,119.09,0,0.0,0.0
2024-12-19 18:40:00-05:00,119.085,119.12,119.0,119.12,0,0.0,0.0
2024-12-19 18:41:00-05:00,119.05,119.1,119.0,119.09,0,0.0,0.0
2024-12-19 18:42:00-05:00,119.05,119.09,119.0,119.0,0,0.0,0.0
2024-12-19 18:43:00-05:00,119.05,119.05,119.0,119.0,0,0.0,0.0
2024-12-19 18:44:00-05:00,119.02,119.05,118.975,119.0,0,0.0,0.0
2024-12-19 18:45:00-05:00,119.0,119.03,118.975,118.9999,0,0.0,0.0
2024-12-19 18:46:00-05:00,119.0,119.0,118.95,118.98,0,0.0,0.0
2024-12-19 18:47:00-05:00,119.0,119.0,118.9,118.97,0,0.0,0.0
2024-12-19 18:48:00-05:00,118.97,118.97,118.9,118.97,0,0.0,0.0
2024-12-19 18:49:00-05:00,118.9047,118.97,118.9,118.935,0,0.0,0.0
2024-12-19 18:50:00-05:00,118.93,118.97,118.93,118.945,0,0.0,0.0
2024-12-19 18:51:00-05:00,118.9698,118.98,118.93,118.96,0,0.0,0.0
2024-12-19 18:52:00-05:00,118.98,119.0,118.9601,118.9601,0,0.0,0.0
2024-12-19 18:53:00-05:00,118.98,119.0,118.95,119.0,0,0.0,0.0
2024-12-19 18:54:00-05:00,119.0,119.0,118.95,118.99,0,0.0,0.0
2024-12-19 18:55:00-05:00,119.0,119.0,118.975,119.0,0,0.0,0.0
2024-12-19 18:56:00-05:00,118.98,119.03,118.98,119.03,0,0.0,0.0
2024-12-19 18:57:00-05:00,119.03,119.03,119.0,119.03,0,0.0,0.0
2024-12-19 18:58:00-05:00,119.03,119.03,119.0,119.029,0,0.0,0.0
2024-12-19 18:59:00-05:00,119.01,119.03,119.0025,119.03,0,0.0,0.0
2024-12-19 19:00:00-05:00,119.0293,119.05,119.0,119.0492,0,0.0,0.0
2024-12-19 19:01:00-05:00,119.05,119.05,119.0,119.025,0,0.0,0.0
2024-12-19 19:02:00-05:00,119.036,119.05,119.0,119.025,0,0.0,0.0
2024-12-19 19:03:00-05:00,119.0,119.05,119.0,119.05,0,0.0,0.0
2024-12-19 19:04:00-05:00,119.05,119.05,119.0,119.0,0,0.0,0.0
2024-12-19 19:05:00-05:00,119.0497,119.05,118.88,119.05,0,0.0,0.0
2024-12-19 19:06:00-05:00,119.0481,119.05,119.0,119.05,0,0.0,0.0
2024-12-19 19:07:00-05:00,119.03,119.05,119.0,119.05,0,0.0,0.0
2024-12-19 19:08:00-05:00,119.05,119.09,118.97,118.9888,0,0.0,0.0
2024-12-19 19:09:00-05:00,118.99,118.99,118.86,118.86,0,0.0,0.0
2024-12-19 19:10:00-05:00,118.85,118.99,118.8,118.85,0,0.0,0.0
2024-12-19 19:11:00-05:00,118.8499,118.9,118.8,118.9,0,0.0,0.0
2024-12-19 19:12:00-05:00,118.8,118.95,118.78,118.88,0,0.0,0.0
2024-12-19 19:13:00-05:00,118.85,118.9,118.78,118.9,0,0.0,0.0
2024-12-19 19:14:00-05:00,118.89,118.9,118.78,118.86,0,0.0,0.0
2024-12-19 19:15:00-05:00,118.83,118.88,118.82,118.88,0,0.0,0.0
2024-12-19 19:16:00-05:00,118.88,118.88,118.75,118.78,0,0.0,0.0
2024-12-19 19:17:00-05:00,118.79,118.79,118.68,118.68,0,0.0,0.0
2024-12-19 19:18:00-05:00,118.68,118.68,118.6,118.64,0,0.0,0.0
2024-12-19 19:19:00-05:00,118.64,118.68,118.6,118.64,0,0.0,0.0
2024-12-19 19:20:00-05:00,118.64,118.8,118.6006,118.8,0,0.0,0.0
2024-12-19 19:21:00-05:00,118.72,118.79,118.6,118.6,0,0.0,0.0
2024-12-19 19:22:00-05:00,118.7016,118.79,118.6,118.79,0,0.0,0.0
2024-12-19 19:23:00-05:00,118.7,118.7,118.6,118.7,0,0.0,0.0
2024-12-19 19:24:00-05:00,118.65,118.7,118.65,118.7,0,0.0,0.0
2024-12-19 19:25:00-05:00,118.7,118.7,118.6,118.65,0,0.0,0.0
2024-12-19 19:26:00-05:00,118.65,118.65,118.6,118.625,0,0.0,0.0
2024-12-19 19:27:00-05:00,118.6,118.65,118.55,118.6,0,0.0,0.0
2024-12-19 19:28:00-05:00,118.55,118.65,118.5,118.5798,0,0.0,0.0
2024-12-19 19:29:00-05:00,118.58,118.6,118.55,118.6,0,0.0,0.0
2024-12-19 19:30:00-05:00,118.58,118.7,118.51,118.6399,0,0.0,0.0
2024-12-19 19:31:00-05:00,118.62,118.675,118.545,118.64,0,0.0,0.0
2024-12-19 19:32:00-05:00,118.69,118.88,118.64,118.73,0,0.0,0.0
2024-12-19 19:33:00-05:00,118.82,118.82,118.69,118.78,0,0.0,0.0
2024-12-19 19:34:00-05:00,118.78,118.82,118.64,118.82,0,0.0,0.0
2024-12-19 19:35:00-05:00,118.78,118.82,118.65,118.82,0,0.0,0.0
2024-12-19 19:36:00-05:00,118.82,118.82,118.75,118.82,0,0.0,0.0
2024-12-19 19:37:00-05:00,118.78,118.88,118.75,118.8,0,0.0,0.0
2024-12-19 19:38:00-05:00,118.88,118.88,118.75,118.82,0,0.0,0.0
2024-12-19 19:39:00-05:00,118.82,118.82,118.68,118.8,0,0.0,0.0
2024-12-19 19:40:00-05:00,118.796,118.8,118.725,118.75,0,0.0,0.0
2024-12-19 19:41:00-05:00,118.75,118.79,118.68,118.75,0,0.0,0.0
2024-12-19 19:42:00-05:00,118.71,118.78,118.71,118.78,0,0.0,0.0
2024-12-19 19:43:00-05:00,118.78,118.78,118.75,118.77,0,0.0,0.0
2024-12-19 19:44:00-05:00,118.76,118.77,118.68,118.749,0,0.0,0.0
2024-12-19 19:45:00-05:00,118.75,118.75,118.68,118.68,0,0.0,0.0
2024-12-19 19:46:00-05:00,118.67,118.7,118.5499,118.5499,0,0.0,0.0
2024-12-19 19:47:00-05:00,118.64,118.64,118.5201,118.5292,0,0.0,0.0
2024-12-19 19:48:00-05:00,118.53,118.7,118.5,118.6,0,0.0,0.0
2024-12-19 19:49:00-05:00,118.7,118.7,118.5,118.6,0,0.0,0.0
2024-12-19 19:50:00-05:00,118.77,118.77,118.53,118.65,0,0.0,0.0
2024-12-19 19:51:00-05:00,118.54,118.7,118.54,118.55,0,0.0,0.0
2024-12-19 19:52:00-05:00,118.7,118.7,118.51,118.51,0,0.0,0.0
2024-12-19 19:53:00-05:00,118.56,118.65,118.51,118.58,0,0.0,0.0
2024-12-19 19:54:00-05:00,118.55,118.55,118.46,118.55,0,0.0,0.0
2024-12-19 19:55:00-05:00,118.45,118.55,118.42,118.45,0,0.0,0.0
2024-12-19 19:56:00-05:00,118.45,118.45,118.42,118.435,0,0.0,0.0
2024-12-19 19:57:00-05:00,118.4209,118.45,118.4,118.4,0,0.0,0.0
2024-12-19 19:58:00-05:00,118.45,118.45,118.4,118.4496,0,0.0,0.0
2024-12-19 19:59:00-05:00,118.4,118.45,118.35,118.4,0,0.0,0.0
