time,Open,High,Low,Close,Volume,Dividends,Stock Splits
2024-11-25 04:00:00-05:00,139.82,139.91,139.5,139.51,0,0.0,0.0
2024-11-25 04:01:00-05:00,139.63,139.63,139.63,139.63,0,0.0,0.0
2024-11-25 04:02:00-05:00,139.63,139.63,139.51,139.59,0,0.0,0.0
2024-11-25 04:03:00-05:00,139.63,139.8,139.63,139.8,0,0.0,0.0
2024-11-25 04:04:00-05:00,139.72,139.72,139.6,139.6,0,0.0,0.0
2024-11-25 04:05:00-05:00,139.59,139.67,139.59,139.67,0,0.0,0.0
2024-11-25 04:06:00-05:00,139.67,139.67,139.61,139.67,0,0.0,0.0
2024-11-25 04:07:00-05:00,139.67,139.76,139.6,139.66,0,0.0,0.0
2024-11-25 04:08:00-05:00,139.74,139.74,139.7,139.7,0,0.0,0.0
2024-11-25 04:09:00-05:00,139.7,139.7,139.66,139.7,0,0.0,0.0
2024-11-25 04:10:00-05:00,139.69,139.69,139.67,139.69,0,0.0,0.0
2024-11-25 04:11:00-05:00,139.7,139.71,139.7,139.71,0,0.0,0.0
2024-11-25 04:12:00-05:00,139.72,139.72,139.65,139.65,0,0.0,0.0
2024-11-25 04:13:00-05:00,139.72,139.72,139.72,139.72,0,0.0,0.0
2024-11-25 04:14:00-05:00,139.69,139.76,139.69,139.76,0,0.0,0.0
2024-11-25 04:15:00-05:00,139.71,139.71,139.65,139.65,0,0.0,0.0
2024-11-25 04:17:00-05:00,139.73,139.73,139.7,139.73,0,0.0,0.0
2024-11-25 04:18:00-05:00,139.68,139.68,139.61,139.61,0,0.0,0.0
2024-11-25 04:19:00-05:00,139.62,139.69,139.61,139.69,0,0.0,0.0
2024-11-25 04:21:00-05:00,139.65,139.67,139.55,139.61,0,0.0,0.0
2024-11-25 04:22:00-05:00,139.56,139.6,139.56,139.6,0,0.0,0.0
2024-11-25 04:23:00-05:00,139.61,139.62,139.61,139.62,0,0.0,0.0
2024-11-25 04:24:00-05:00,139.59,139.59,139.59,139.59,0,0.0,0.0
2024-11-25 04:26:00-05:00,139.59,139.59,139.58,139.58,0,0.0,0.0
2024-11-25 04:27:00-05:00,139.57,139.61,139.55,139.61,0,0.0,0.0
2024-11-25 04:28:00-05:00,139.6,139.6,139.6,139.6,0,0.0,0.0
2024-11-25 04:29:00-05:00,139.55,139.57,139.55,139.57,0,0.0,0.0
2024-11-25 04:30:00-05:00,139.55,139.65,139.55,139.65,0,0.0,0.0
2024-11-25 04:31:00-05:00,139.68,139.68,139.64,139.65,0,0.0,0.0
2024-11-25 04:32:00-05:00,139.65,139.69,139.63,139.63,0,0.0,0.0
2024-11-25 04:33:00-05:00,139.65,139.65,139.59,139.65,0,0.0,0.0
2024-11-25 04:34:00-05:00,139.67,139.67,139.67,139.67,0,0.0,0.0
2024-11-25 04:35:00-05:00,139.62,139.65,139.62,139.65,0,0.0,0.0
2024-11-25 04:37:00-05:00,139.68,139.71,139.64,139.64,0,0.0,0.0
2024-11-25 04:39:00-05:00,139.68,139.68,139.65,139.65,0,0.0,0.0
2024-11-25 04:40:00-05:00,139.72,139.72,139.72,139.72,0,0.0,0.0
2024-11-25 04:41:00-05:00,139.77,139.79,139.72,139.72,0,0.0,0.0
2024-11-25 04:44:00-05:00,139.73,139.73,139.73,139.73,0,0.0,0.0
2024-11-25 04:45:00-05:00,139.72,139.72,139.71,139.71,0,0.0,0.0
2024-11-25 04:46:00-05:00,139.71,139.71,139.7,139.7,0,0.0,0.0
2024-11-25 04:47:00-05:00,139.64,139.64,139.64,139.64,0,0.0,0.0
2024-11-25 04:48:00-05:00,139.73,139.73,139.73,139.73,0,0.0,0.0
2024-11-25 04:49:00-05:00,139.69,139.72,139.69,139.72,0,0.0,0.0
2024-11-25 04:50:00-05:00,139.69,139.71,139.69,139.71,0,0.0,0.0
2024-11-25 04:51:00-05:00,139.72,139.72,139.72,139.72,0,0.0,0.0
2024-11-25 04:52:00-05:00,139.73,139.75,139.73,139.75,0,0.0,0.0
2024-11-25 04:53:00-05:00,139.75,139.75,139.72,139.72,0,0.0,0.0
2024-11-25 04:55:00-05:00,139.77,139.77,139.77,139.77,0,0.0,0.0
2024-11-25 04:56:00-05:00,139.72,139.77,139.72,139.76,0,0.0,0.0
2024-11-25 04:57:00-05:00,139.75,139.76,139.73,139.76,0,0.0,0.0
2024-11-25 04:58:00-05:00,139.75,139.75,139.75,139.75,0,0.0,0.0
2024-11-25 05:00:00-05:00,139.74,139.74,139.74,139.74,0,0.0,0.0
2024-11-25 05:01:00-05:00,139.66,139.69,139.66,139.69,0,0.0,0.0
2024-11-25 05:03:00-05:00,139.68,139.68,139.68,139.68,0,0.0,0.0
2024-11-25 05:04:00-05:00,139.66,139.69,139.66,139.69,0,0.0,0.0
2024-11-25 05:05:00-05:00,139.68,139.68,139.67,139.67,0,0.0,0.0
2024-11-25 05:07:00-05:00,139.69,139.71,139.69,139.71,0,0.0,0.0
2024-11-25 05:08:00-05:00,139.65,139.65,139.63,139.63,0,0.0,0.0
2024-11-25 05:09:00-05:00,139.65,139.65,139.65,139.65,0,0.0,0.0
2024-11-25 05:10:00-05:00,139.66,139.66,139.66,139.66,0,0.0,0.0
2024-11-25 05:13:00-05:00,139.6,139.6,139.57,139.57,0,0.0,0.0
2024-11-25 05:15:00-05:00,139.59,139.59,139.59,139.59,0,0.0,0.0
2024-11-25 05:18:00-05:00,139.62,139.62,139.62,139.62,0,0.0,0.0
2024-11-25 05:19:00-05:00,139.62,139.62,139.62,139.62,0,0.0,0.0
2024-11-25 05:20:00-05:00,139.63,139.74,139.63,139.74,0,0.0,0.0
2024-11-25 05:21:00-05:00,139.64,139.64,139.64,139.64,0,0.0,0.0
2024-11-25 05:22:00-05:00,139.69,139.7,139.68,139.7,0,0.0,0.0
2024-11-25 05:23:00-05:00,139.75,139.79,139.75,139.78,0,0.0,0.0
2024-11-25 05:26:00-05:00,139.74,139.75,139.74,139.75,0,0.0,0.0
2024-11-25 05:27:00-05:00,139.77,139.77,139.77,139.77,0,0.0,0.0
2024-11-25 05:29:00-05:00,139.7,139.74,139.7,139.74,0,0.0,0.0
2024-11-25 05:30:00-05:00,139.72,139.72,139.72,139.72,0,0.0,0.0
2024-11-25 05:31:00-05:00,139.71,139.71,139.7,139.71,0,0.0,0.0
2024-11-25 05:32:00-05:00,139.71,139.71,139.66,139.66,0,0.0,0.0
2024-11-25 05:33:00-05:00,139.75,139.75,139.75,139.75,0,0.0,0.0
2024-11-25 05:34:00-05:00,139.68,139.74,139.66,139.74,0,0.0,0.0
2024-11-25 05:35:00-05:00,139.74,139.75,139.74,139.75,0,0.0,0.0
2024-11-25 05:36:00-05:00,139.75,139.75,139.75,139.75,0,0.0,0.0
2024-11-25 05:37:00-05:00,139.76,139.8,139.76,139.76,0,0.0,0.0
2024-11-25 05:38:00-05:00,139.75,139.75,139.75,139.75,0,0.0,0.0
2024-11-25 05:41:00-05:00,139.68,139.74,139.68,139.74,0,0.0,0.0
2024-11-25 05:45:00-05:00,139.78,139.78,139.78,139.78,0,0.0,0.0
2024-11-25 05:47:00-05:00,139.71,139.98,139.7,139.98,0,0.0,0.0
2024-11-25 05:48:00-05:00,139.98,140.1,139.98,140.1,0,0.0,0.0
2024-11-25 05:49:00-05:00,140.05,140.13,140.05,140.13,0,0.0,0.0
2024-11-25 05:51:00-05:00,140.02,140.15,140.0,140.15,0,0.0,0.0
2024-11-25 05:52:00-05:00,140.14,140.14,140.14,140.14,0,0.0,0.0
2024-11-25 05:53:00-05:00,140.02,140.02,140.0,140.0,0,0.0,0.0
2024-11-25 05:54:00-05:00,140.0,140.0,139.98,139.98,0,0.0,0.0
2024-11-25 05:56:00-05:00,140.02,140.02,140.02,140.02,0,0.0,0.0
2024-11-25 05:57:00-05:00,140.01,140.01,140.01,140.01,0,0.0,0.0
2024-11-25 05:58:00-05:00,140.03,140.27,140.02,140.02,0,0.0,0.0
2024-11-25 05:59:00-05:00,140.18,140.18,140.18,140.18,0,0.0,0.0
2024-11-25 06:00:00-05:00,140.14,140.28,140.02,140.1,0,0.0,0.0
2024-11-25 06:03:00-05:00,140.43,140.43,140.02,140.02,0,0.0,0.0
2024-11-25 06:04:00-05:00,140.15,140.15,140.15,140.15,0,0.0,0.0
2024-11-25 06:05:00-05:00,140.26,140.26,140.14,140.15,0,0.0,0.0
2024-11-25 06:06:00-05:00,140.21,140.21,140.21,140.21,0,0.0,0.0
2024-11-25 06:08:00-05:00,140.18,140.5,140.18,140.36,0,0.0,0.0
2024-11-25 06:09:00-05:00,140.36,140.52,140.02,140.52,0,0.0,0.0
2024-11-25 06:10:00-05:00,140.42,140.42,140.02,140.07,0,0.0,0.0
2024-11-25 06:11:00-05:00,140.3,140.63,140.03,140.46,0,0.0,0.0
2024-11-25 06:12:00-05:00,140.31,140.43,140.01,140.43,0,0.0,0.0
2024-11-25 06:13:00-05:00,140.3,141.0,140.0,140.32,0,0.0,0.0
2024-11-25 06:14:00-05:00,140.2,141.0,140.11,140.79,0,0.0,0.0
2024-11-25 06:15:00-05:00,140.7,140.92,140.11,140.17,0,0.0,0.0
2024-11-25 06:16:00-05:00,140.43,140.89,140.15,140.48,0,0.0,0.0
2024-11-25 06:17:00-05:00,140.48,140.95,140.27,140.38,0,0.0,0.0
2024-11-25 06:18:00-05:00,140.63,140.97,140.31,140.92,0,0.0,0.0
2024-11-25 06:19:00-05:00,140.85,140.85,140.34,140.59,0,0.0,0.0
2024-11-25 06:20:00-05:00,140.59,140.9,140.35,140.79,0,0.0,0.0
2024-11-25 06:21:00-05:00,140.67,140.69,140.35,140.35,0,0.0,0.0
2024-11-25 06:22:00-05:00,140.47,140.47,140.4,140.4,0,0.0,0.0
2024-11-25 06:23:00-05:00,140.4,140.52,140.35,140.45,0,0.0,0.0
2024-11-25 06:24:00-05:00,140.4,140.42,140.36,140.41,0,0.0,0.0
2024-11-25 06:25:00-05:00,140.42,140.44,140.42,140.44,0,0.0,0.0
2024-11-25 06:26:00-05:00,140.42,140.42,140.42,140.42,0,0.0,0.0
2024-11-25 06:27:00-05:00,140.38,140.45,140.38,140.4,0,0.0,0.0
2024-11-25 06:28:00-05:00,140.35,140.35,140.3,140.3,0,0.0,0.0
2024-11-25 06:29:00-05:00,140.3,140.3,140.29,140.29,0,0.0,0.0
2024-11-25 06:30:00-05:00,140.2,140.27,140.2,140.24,0,0.0,0.0
2024-11-25 06:31:00-05:00,140.22,140.22,140.11,140.11,0,0.0,0.0
2024-11-25 06:32:00-05:00,140.06,140.09,140.06,140.09,0,0.0,0.0
2024-11-25 06:33:00-05:00,140.16,140.16,140.16,140.16,0,0.0,0.0
2024-11-25 06:34:00-05:00,140.17,140.17,140.17,140.17,0,0.0,0.0
2024-11-25 06:35:00-05:00,140.17,140.17,140.17,140.17,0,0.0,0.0
2024-11-25 06:36:00-05:00,140.14,140.14,140.14,140.14,0,0.0,0.0
2024-11-25 06:37:00-05:00,140.14,140.14,140.06,140.06,0,0.0,0.0
2024-11-25 06:38:00-05:00,140.06,140.06,140.06,140.06,0,0.0,0.0
2024-11-25 06:39:00-05:00,140.12,140.25,140.12,140.25,0,0.0,0.0
2024-11-25 06:40:00-05:00,140.31,140.31,140.31,140.31,0,0.0,0.0
2024-11-25 06:41:00-05:00,140.26,140.26,140.2,140.23,0,0.0,0.0
2024-11-25 06:42:00-05:00,140.26,140.26,140.26,140.26,0,0.0,0.0
2024-11-25 06:44:00-05:00,140.25,140.25,140.2,140.2,0,0.0,0.0
2024-11-25 06:45:00-05:00,140.2,140.2,140.18,140.18,0,0.0,0.0
2024-11-25 06:46:00-05:00,140.25,140.25,140.25,140.25,0,0.0,0.0
2024-11-25 06:47:00-05:00,140.21,140.21,140.2,140.2,0,0.0,0.0
2024-11-25 06:48:00-05:00,140.21,140.22,140.14,140.16,0,0.0,0.0
2024-11-25 06:49:00-05:00,140.2,140.2,140.2,140.2,0,0.0,0.0
2024-11-25 06:50:00-05:00,140.16,140.16,140.16,140.16,0,0.0,0.0
2024-11-25 06:51:00-05:00,140.24,140.24,140.22,140.22,0,0.0,0.0
2024-11-25 06:52:00-05:00,140.23,140.23,140.22,140.22,0,0.0,0.0
2024-11-25 06:54:00-05:00,140.26,140.26,140.26,140.26,0,0.0,0.0
2024-11-25 06:55:00-05:00,140.24,140.24,140.24,140.24,0,0.0,0.0
2024-11-25 06:57:00-05:00,140.22,140.24,140.22,140.24,0,0.0,0.0
2024-11-25 06:58:00-05:00,140.26,140.27,140.26,140.27,0,0.0,0.0
2024-11-25 06:59:00-05:00,140.27,140.28,140.26,140.28,0,0.0,0.0
2024-11-25 07:00:00-05:00,140.22,140.24,140.01,140.06,0,0.0,0.0
2024-11-25 07:01:00-05:00,140.06,140.06,140.01,140.04,0,0.0,0.0
2024-11-25 07:02:00-05:00,140.02,140.02,139.89,139.96,0,0.0,0.0
2024-11-25 07:03:00-05:00,140.0,140.0,139.96,139.98,0,0.0,0.0
2024-11-25 07:04:00-05:00,139.96,139.96,139.87,139.89,0,0.0,0.0
2024-11-25 07:05:00-05:00,139.91,139.91,139.65,139.8,0,0.0,0.0
2024-11-25 07:06:00-05:00,139.67,139.83,139.67,139.8,0,0.0,0.0
2024-11-25 07:07:00-05:00,139.75,139.75,139.69,139.69,0,0.0,0.0
2024-11-25 07:08:00-05:00,139.66,139.75,139.65,139.75,0,0.0,0.0
2024-11-25 07:09:00-05:00,139.81,139.81,139.75,139.76,0,0.0,0.0
2024-11-25 07:10:00-05:00,139.77,139.77,139.66,139.74,0,0.0,0.0
2024-11-25 07:11:00-05:00,139.7,139.73,139.7,139.7,0,0.0,0.0
2024-11-25 07:12:00-05:00,139.73,139.74,139.73,139.74,0,0.0,0.0
2024-11-25 07:13:00-05:00,139.8,139.8,139.78,139.78,0,0.0,0.0
2024-11-25 07:14:00-05:00,139.81,139.81,139.81,139.81,0,0.0,0.0
2024-11-25 07:16:00-05:00,139.97,140.0,139.93,140.0,0,0.0,0.0
2024-11-25 07:17:00-05:00,140.04,140.05,140.04,140.05,0,0.0,0.0
2024-11-25 07:18:00-05:00,140.08,140.15,140.08,140.12,0,0.0,0.0
2024-11-25 07:19:00-05:00,140.08,140.09,140.02,140.02,0,0.0,0.0
2024-11-25 07:21:00-05:00,139.96,139.96,139.96,139.96,0,0.0,0.0
2024-11-25 07:22:00-05:00,139.94,139.94,139.94,139.94,0,0.0,0.0
2024-11-25 07:23:00-05:00,139.92,139.92,139.9,139.9,0,0.0,0.0
2024-11-25 07:24:00-05:00,139.82,139.82,139.8,139.8,0,0.0,0.0
2024-11-25 07:25:00-05:00,139.75,139.79,139.75,139.79,0,0.0,0.0
2024-11-25 07:26:00-05:00,139.78,139.78,139.71,139.71,0,0.0,0.0
2024-11-25 07:27:00-05:00,139.76,139.76,139.76,139.76,0,0.0,0.0
2024-11-25 07:28:00-05:00,139.9,139.9,139.9,139.9,0,0.0,0.0
2024-11-25 07:29:00-05:00,139.9,139.9,139.83,139.83,0,0.0,0.0
2024-11-25 07:30:00-05:00,139.86,139.86,139.86,139.86,0,0.0,0.0
2024-11-25 07:31:00-05:00,139.86,139.86,139.8,139.8,0,0.0,0.0
2024-11-25 07:32:00-05:00,139.83,139.83,139.83,139.83,0,0.0,0.0
2024-11-25 07:33:00-05:00,139.83,139.83,139.83,139.83,0,0.0,0.0
2024-11-25 07:36:00-05:00,139.88,139.88,139.88,139.88,0,0.0,0.0
2024-11-25 07:37:00-05:00,139.86,139.86,139.84,139.85,0,0.0,0.0
2024-11-25 07:38:00-05:00,139.84,139.84,139.8,139.8,0,0.0,0.0
2024-11-25 07:39:00-05:00,139.83,139.83,139.83,139.83,0,0.0,0.0
2024-11-25 07:40:00-05:00,139.82,139.82,139.8,139.8,0,0.0,0.0
2024-11-25 07:41:00-05:00,139.81,139.81,139.81,139.81,0,0.0,0.0
2024-11-25 07:42:00-05:00,139.83,139.85,139.83,139.84,0,0.0,0.0
2024-11-25 07:43:00-05:00,139.84,139.84,139.82,139.82,0,0.0,0.0
2024-11-25 07:44:00-05:00,139.84,139.85,139.77,139.77,0,0.0,0.0
2024-11-25 07:45:00-05:00,139.77,139.78,139.75,139.75,0,0.0,0.0
2024-11-25 07:46:00-05:00,139.76,139.76,139.7,139.7,0,0.0,0.0
2024-11-25 07:47:00-05:00,139.71,139.72,139.6,139.68,0,0.0,0.0
2024-11-25 07:48:00-05:00,139.68,139.68,139.66,139.66,0,0.0,0.0
2024-11-25 07:49:00-05:00,139.68,139.68,139.68,139.68,0,0.0,0.0
2024-11-25 07:50:00-05:00,139.66,139.66,139.65,139.65,0,0.0,0.0
2024-11-25 07:51:00-05:00,139.63,139.66,139.63,139.66,0,0.0,0.0
2024-11-25 07:52:00-05:00,139.66,139.66,139.61,139.61,0,0.0,0.0
2024-11-25 07:53:00-05:00,139.64,139.64,139.61,139.62,0,0.0,0.0
2024-11-25 07:55:00-05:00,139.66,139.68,139.66,139.68,0,0.0,0.0
2024-11-25 07:56:00-05:00,139.65,139.69,139.65,139.69,0,0.0,0.0
2024-11-25 07:58:00-05:00,139.61,139.61,139.61,139.61,0,0.0,0.0
2024-11-25 07:59:00-05:00,139.61,139.7,139.61,139.7,0,0.0,0.0
2024-11-25 08:00:00-05:00,139.803,140.85,139.51,139.75,0,0.0,0.0
2024-11-25 08:01:00-05:00,140.0381,140.155,139.61,139.9,0,0.0,0.0
2024-11-25 08:02:00-05:00,139.89,139.9,139.76,139.87,0,0.0,0.0
2024-11-25 08:03:00-05:00,139.85,139.9,139.81,139.9,0,0.0,0.0
2024-11-25 08:04:00-05:00,139.9207,140.0,139.915,139.9857,0,0.0,0.0
2024-11-25 08:05:00-05:00,139.9899,139.99,138.35,139.906,0,0.0,0.0
2024-11-25 08:06:00-05:00,139.95,139.95,139.81,139.95,0,0.0,0.0
2024-11-25 08:07:00-05:00,139.9,139.9,139.8,139.83,0,0.0,0.0
2024-11-25 08:08:00-05:00,139.85,139.87,139.8001,139.87,0,0.0,0.0
2024-11-25 08:09:00-05:00,139.85,139.94,139.8,139.88,0,0.0,0.0
2024-11-25 08:10:00-05:00,138.005,139.95,138.005,139.83,0,0.0,0.0
2024-11-25 08:11:00-05:00,139.83,139.95,139.8,139.84,0,0.0,0.0
2024-11-25 08:12:00-05:00,139.83,139.93,139.75,139.75,0,0.0,0.0
2024-11-25 08:13:00-05:00,139.75,139.93,139.73,139.75,0,0.0,0.0
2024-11-25 08:14:00-05:00,139.755,139.86,139.7001,139.72,0,0.0,0.0
2024-11-25 08:15:00-05:00,139.85,139.93,139.8,139.93,0,0.0,0.0
2024-11-25 08:16:00-05:00,139.9,139.95,139.8,139.87,0,0.0,0.0
2024-11-25 08:17:00-05:00,139.835,139.9,139.77,139.88,0,0.0,0.0
2024-11-25 08:18:00-05:00,139.9,139.94,139.79,139.94,0,0.0,0.0
2024-11-25 08:19:00-05:00,139.94,139.94,139.8155,139.93,0,0.0,0.0
2024-11-25 08:20:00-05:00,139.8,139.93,139.8,139.9,0,0.0,0.0
2024-11-25 08:21:00-05:00,139.9,139.9,139.8097,139.86,0,0.0,0.0
2024-11-25 08:22:00-05:00,139.86,139.9,139.8,139.9,0,0.0,0.0
2024-11-25 08:23:00-05:00,139.9,139.9,139.8,139.9,0,0.0,0.0
2024-11-25 08:24:00-05:00,139.9,139.9,139.8,139.8999,0,0.0,0.0
2024-11-25 08:25:00-05:00,139.85,139.9,139.8,139.89,0,0.0,0.0
2024-11-25 08:26:00-05:00,139.896,139.95,139.88,139.9428,0,0.0,0.0
2024-11-25 08:27:00-05:00,139.93,139.94,139.89,139.9292,0,0.0,0.0
2024-11-25 08:28:00-05:00,139.93,139.98,139.88,139.88,0,0.0,0.0
2024-11-25 08:29:00-05:00,139.93,139.935,139.9,139.93,0,0.0,0.0
2024-11-25 08:30:00-05:00,139.901,139.99,139.9,139.99,0,0.0,0.0
2024-11-25 08:31:00-05:00,139.95,139.95,139.8,139.945,0,0.0,0.0
2024-11-25 08:32:00-05:00,139.99,139.99,139.9,139.9,0,0.0,0.0
2024-11-25 08:33:00-05:00,139.94,140.0,139.9,140.0,0,0.0,0.0
2024-11-25 08:34:00-05:00,140.0,140.0,139.9,139.99,0,0.0,0.0
2024-11-25 08:35:00-05:00,139.99,139.99,139.9,139.92,0,0.0,0.0
2024-11-25 08:36:00-05:00,139.96,140.1,139.93,140.1,0,0.0,0.0
2024-11-25 08:37:00-05:00,140.13,140.24,140.09,140.22,0,0.0,0.0
2024-11-25 08:38:00-05:00,140.22,140.37,140.22,140.35,0,0.0,0.0
2024-11-25 08:39:00-05:00,140.359,140.37,140.24,140.34,0,0.0,0.0
2024-11-25 08:40:00-05:00,140.25,140.38,140.23,140.3001,0,0.0,0.0
2024-11-25 08:41:00-05:00,140.35,140.5,140.35,140.45,0,0.0,0.0
2024-11-25 08:42:00-05:00,140.5,140.5,140.35,140.4,0,0.0,0.0
2024-11-25 08:43:00-05:00,140.36,140.5,140.36,140.46,0,0.0,0.0
2024-11-25 08:44:00-05:00,140.48,140.5001,140.43,140.4501,0,0.0,0.0
2024-11-25 08:45:00-05:00,140.46,140.5484,140.45,140.5208,0,0.0,0.0
2024-11-25 08:46:00-05:00,140.535,140.8,140.5301,140.8,0,0.0,0.0
2024-11-25 08:47:00-05:00,140.7401,140.86,140.65,140.7,0,0.0,0.0
2024-11-25 08:48:00-05:00,140.7,140.8,140.69,140.77,0,0.0,0.0
2024-11-25 08:49:00-05:00,140.77,140.89,140.7,140.8547,0,0.0,0.0
2024-11-25 08:50:00-05:00,140.87,140.9,140.8,140.8,0,0.0,0.0
2024-11-25 08:51:00-05:00,140.8299,140.94,140.7,140.928,0,0.0,0.0
2024-11-25 08:52:00-05:00,140.87,140.94,140.84,140.94,0,0.0,0.0
2024-11-25 08:53:00-05:00,140.94,140.94,140.85,140.9,0,0.0,0.0
2024-11-25 08:54:00-05:00,140.94,140.94,140.83,140.86,0,0.0,0.0
2024-11-25 08:55:00-05:00,140.8,140.88,140.67,140.76,0,0.0,0.0
2024-11-25 08:56:00-05:00,140.86,140.93,140.69,140.88,0,0.0,0.0
2024-11-25 08:57:00-05:00,140.86,140.9,140.73,140.8,0,0.0,0.0
2024-11-25 08:58:00-05:00,140.8,140.8,140.73,140.74,0,0.0,0.0
2024-11-25 08:59:00-05:00,140.74,140.8,140.66,140.68,0,0.0,0.0
2024-11-25 09:00:00-05:00,140.74,140.74,140.67,140.7,0,0.0,0.0
2024-11-25 09:01:00-05:00,140.72,140.7993,140.67,140.6964,0,0.0,0.0
2024-11-25 09:02:00-05:00,140.7,140.8,140.685,140.8,0,0.0,0.0
2024-11-25 09:03:00-05:00,140.75,140.8,140.7,140.79,0,0.0,0.0
2024-11-25 09:04:00-05:00,140.77,140.89,140.7548,140.88,0,0.0,0.0
2024-11-25 09:05:00-05:00,140.89,140.94,140.76,140.89,0,0.0,0.0
2024-11-25 09:06:00-05:00,140.82,140.88,140.75,140.88,0,0.0,0.0
2024-11-25 09:07:00-05:00,140.76,140.88,140.76,140.77,0,0.0,0.0
2024-11-25 09:08:00-05:00,140.77,140.82,140.77,140.78,0,0.0,0.0
2024-11-25 09:09:00-05:00,140.81,140.9,140.8,140.87,0,0.0,0.0
2024-11-25 09:10:00-05:00,140.7707,140.89,140.77,140.8897,0,0.0,0.0
2024-11-25 09:11:00-05:00,140.89,140.98,140.83,140.95,0,0.0,0.0
2024-11-25 09:12:00-05:00,140.97,140.98,140.88,140.9,0,0.0,0.0
2024-11-25 09:13:00-05:00,140.9,140.98,140.7701,140.9,0,0.0,0.0
2024-11-25 09:14:00-05:00,140.77,140.9,137.34,140.89,0,0.0,0.0
2024-11-25 09:15:00-05:00,140.83,140.9,140.83,140.845,0,0.0,0.0
2024-11-25 09:16:00-05:00,140.87,140.9,140.8,140.86,0,0.0,0.0
2024-11-25 09:17:00-05:00,140.8,140.99,140.79,140.95,0,0.0,0.0
2024-11-25 09:18:00-05:00,140.95,140.97,140.8,140.95,0,0.0,0.0
2024-11-25 09:19:00-05:00,140.9,140.95,140.8,140.82,0,0.0,0.0
2024-11-25 09:20:00-05:00,140.87,140.9,140.83,140.85,0,0.0,0.0
2024-11-25 09:21:00-05:00,140.83,140.86,140.8,140.84,0,0.0,0.0
2024-11-25 09:22:00-05:00,140.84,140.9,140.84,140.8613,0,0.0,0.0
2024-11-25 09:23:00-05:00,140.861,140.92,140.86,140.92,0,0.0,0.0
2024-11-25 09:24:00-05:00,140.92,140.92,140.86,140.86,0,0.0,0.0
2024-11-25 09:25:00-05:00,140.86,140.86,140.57,140.57,0,0.0,0.0
2024-11-25 09:26:00-05:00,140.7031,140.84,140.69,140.825,0,0.0,0.0
2024-11-25 09:27:00-05:00,140.8101,140.97,140.81,140.95,0,0.0,0.0
2024-11-25 09:28:00-05:00,140.94,140.94,140.56,140.6,0,0.0,0.0
2024-11-25 09:29:00-05:00,140.58,140.6129,140.465,140.55,0,0.0,0.0
2024-11-25 09:30:00-05:00,140.49000549316406,140.5800018310547,140.00999450683594,140.02499389648438,1476710,0.0,0.0
2024-11-25 09:31:00-05:00,140.02499389648438,141.25,139.86000061035156,140.3238067626953,398163,0.0,0.0
2024-11-25 09:32:00-05:00,140.389892578125,140.57000732421875,140.0373992919922,140.1699981689453,156251,0.0,0.0
2024-11-25 09:33:00-05:00,140.14999389648438,140.69000244140625,140.05999755859375,140.07989501953125,195725,0.0,0.0
2024-11-25 09:34:00-05:00,140.05999755859375,140.22000122070312,139.6699981689453,140.16000366210938,241492,0.0,0.0
2024-11-25 09:35:00-05:00,140.125,140.52999877929688,140.0500030517578,140.08810424804688,155506,0.0,0.0
2024-11-25 09:36:00-05:00,140.07000732421875,140.49989318847656,139.8800048828125,140.42999267578125,101891,0.0,0.0
2024-11-25 09:37:00-05:00,140.41000366210938,140.74000549316406,140.3000030517578,140.6999969482422,184427,0.0,0.0
2024-11-25 09:38:00-05:00,140.6898956298828,141.22000122070312,140.48989868164062,141.19000244140625,315414,0.0,0.0
2024-11-25 09:39:00-05:00,141.1699981689453,141.47999572753906,140.8699951171875,141.44000244140625,243105,0.0,0.0
2024-11-25 09:40:00-05:00,141.44000244140625,141.85000610351562,141.39999389648438,141.7899932861328,285959,0.0,0.0
2024-11-25 09:41:00-05:00,141.77999877929688,142.10000610351562,141.66000366210938,141.86000061035156,342886,0.0,0.0
2024-11-25 09:42:00-05:00,141.8699951171875,142.0500030517578,141.75,142.0500030517578,191450,0.0,0.0
2024-11-25 09:43:00-05:00,142.031005859375,142.06900024414062,141.5800018310547,141.7642059326172,134659,0.0,0.0
2024-11-25 09:44:00-05:00,141.75030517578125,142.0406951904297,141.7301025390625,141.9873046875,186495,0.0,0.0
2024-11-25 09:45:00-05:00,141.97999572753906,142.0800018310547,141.51010131835938,141.69000244140625,165479,0.0,0.0
2024-11-25 09:46:00-05:00,141.69000244140625,141.75990295410156,141.39999389648438,141.57350158691406,114022,0.0,0.0
2024-11-25 09:47:00-05:00,141.57000732421875,141.6999053955078,141.3800048828125,141.50999450683594,130582,0.0,0.0
2024-11-25 09:48:00-05:00,141.5050048828125,141.66000366210938,141.2449951171875,141.2899932861328,108685,0.0,0.0
2024-11-25 09:49:00-05:00,141.27999877929688,141.2899932861328,140.84010314941406,140.84010314941406,143966,0.0,0.0
2024-11-25 09:50:00-05:00,140.8699951171875,141.17999267578125,140.75,140.75,137816,0.0,0.0
2024-11-25 09:51:00-05:00,140.73809814453125,140.85989379882812,140.27000427246094,140.4149932861328,167044,0.0,0.0
2024-11-25 09:52:00-05:00,140.38999938964844,140.49960327148438,139.8800048828125,140.00100708007812,196927,0.0,0.0
2024-11-25 09:53:00-05:00,140.02999877929688,140.0399932861328,139.564697265625,139.57000732421875,168973,0.0,0.0
2024-11-25 09:54:00-05:00,139.5800018310547,139.62989807128906,139.30999755859375,139.42999267578125,162085,0.0,0.0
2024-11-25 09:55:00-05:00,139.45419311523438,139.53500366210938,139.07000732421875,139.1199951171875,153655,0.0,0.0
2024-11-25 09:56:00-05:00,139.13499450683594,139.46409606933594,139.0500030517578,139.3800048828125,149533,0.0,0.0
2024-11-25 09:57:00-05:00,139.3300018310547,139.40989685058594,139.16000366210938,139.32009887695312,131688,0.0,0.0
2024-11-25 09:58:00-05:00,139.3000030517578,139.77000427246094,139.28759765625,139.69500732421875,159393,0.0,0.0
2024-11-25 09:59:00-05:00,139.6750030517578,139.8000030517578,139.47000122070312,139.63999938964844,154264,0.0,0.0
2024-11-25 10:00:00-05:00,139.67999267578125,139.67999267578125,139.2100067138672,139.25,99812,0.0,0.0
2024-11-25 10:01:00-05:00,139.25,139.35989379882812,139.10000610351562,139.25,102797,0.0,0.0
2024-11-25 10:02:00-05:00,139.26939392089844,139.3800048828125,139.11000061035156,139.3800048828125,69851,0.0,0.0
2024-11-25 10:03:00-05:00,139.36000061035156,139.60000610351562,139.33999633789062,139.47000122070312,81590,0.0,0.0
2024-11-25 10:04:00-05:00,139.5,139.97169494628906,139.42999267578125,139.89999389648438,100923,0.0,0.0
2024-11-25 10:05:00-05:00,139.91000366210938,140.1699981689453,139.80499267578125,140.10060119628906,114435,0.0,0.0
2024-11-25 10:06:00-05:00,140.1533966064453,140.22999572753906,140.00999450683594,140.1826934814453,133312,0.0,0.0
2024-11-25 10:07:00-05:00,140.19000244140625,140.3300018310547,140.13999938964844,140.1699981689453,116360,0.0,0.0
2024-11-25 10:08:00-05:00,140.15499877929688,140.3876953125,140.1103973388672,140.2899932861328,92662,0.0,0.0
2024-11-25 10:09:00-05:00,140.2895050048828,140.42999267578125,140.0500030517578,140.12559509277344,101050,0.0,0.0
2024-11-25 10:10:00-05:00,140.08999633789062,140.08999633789062,139.6999969482422,139.84500122070312,123769,0.0,0.0
2024-11-25 10:11:00-05:00,139.83990478515625,139.86000061035156,139.47999572753906,139.5800018310547,104753,0.0,0.0
2024-11-25 10:12:00-05:00,139.6020050048828,139.6300048828125,139.360107421875,139.5500030517578,106650,0.0,0.0
2024-11-25 10:13:00-05:00,139.57000732421875,139.58009338378906,139.22000122070312,139.27340698242188,79049,0.0,0.0
2024-11-25 10:14:00-05:00,139.27999877929688,139.74949645996094,139.27999877929688,139.64500427246094,125931,0.0,0.0
2024-11-25 10:15:00-05:00,139.61000061035156,139.85000610351562,139.60000610351562,139.67999267578125,93544,0.0,0.0
2024-11-25 10:16:00-05:00,139.69500732421875,139.97000122070312,139.69500732421875,139.9499969482422,67124,0.0,0.0
2024-11-25 10:17:00-05:00,139.94000244140625,139.94000244140625,139.75,139.76499938964844,46350,0.0,0.0
2024-11-25 10:18:00-05:00,139.77499389648438,139.97999572753906,139.61000061035156,139.8800048828125,65541,0.0,0.0
2024-11-25 10:19:00-05:00,139.8699951171875,139.99000549316406,139.72000122070312,139.7449951171875,52260,0.0,0.0
2024-11-25 10:20:00-05:00,139.75999450683594,139.97000122070312,139.72999572753906,139.94000244140625,75851,0.0,0.0
2024-11-25 10:21:00-05:00,139.94000244140625,140.0,139.77999877929688,139.99000549316406,130622,0.0,0.0
2024-11-25 10:22:00-05:00,139.99960327148438,140.0989990234375,139.9199981689453,139.97000122070312,101071,0.0,0.0
2024-11-25 10:23:00-05:00,139.97999572753906,139.97999572753906,139.77499389648438,139.9676055908203,74117,0.0,0.0
2024-11-25 10:24:00-05:00,139.97999572753906,140.08999633789062,139.9665985107422,140.00999450683594,150396,0.0,0.0
2024-11-25 10:25:00-05:00,140.00999450683594,140.16000366210938,139.94110107421875,139.98019409179688,118904,0.0,0.0
2024-11-25 10:26:00-05:00,139.97999572753906,140.17799377441406,139.88009643554688,140.08999633789062,93978,0.0,0.0
2024-11-25 10:27:00-05:00,140.0850067138672,140.30999755859375,140.0850067138672,140.28030395507812,75820,0.0,0.0
2024-11-25 10:28:00-05:00,140.2700958251953,140.3350067138672,140.22999572753906,140.25999450683594,84035,0.0,0.0
2024-11-25 10:29:00-05:00,140.27000427246094,140.43739318847656,140.24009704589844,140.3699951171875,96681,0.0,0.0
2024-11-25 10:30:00-05:00,140.3699951171875,140.60000610351562,140.32000732421875,140.55999755859375,125925,0.0,0.0
2024-11-25 10:31:00-05:00,140.5500030517578,140.57000732421875,140.3101043701172,140.3498992919922,148474,0.0,0.0
2024-11-25 10:32:00-05:00,140.36000061035156,140.38999938964844,139.8300018310547,139.92999267578125,133431,0.0,0.0
2024-11-25 10:33:00-05:00,139.97000122070312,140.1199951171875,139.69000244140625,140.0399932861328,135947,0.0,0.0
2024-11-25 10:34:00-05:00,140.02999877929688,140.10000610351562,139.8300018310547,139.8300018310547,49495,0.0,0.0
2024-11-25 10:35:00-05:00,139.82139587402344,139.94000244140625,139.82000732421875,139.92999267578125,44423,0.0,0.0
2024-11-25 10:36:00-05:00,139.9499969482422,140.02999877929688,139.75999450683594,139.8715057373047,45519,0.0,0.0
2024-11-25 10:37:00-05:00,139.89500427246094,139.99000549316406,139.80999755859375,139.89999389648438,39169,0.0,0.0
2024-11-25 10:38:00-05:00,139.956298828125,140.2550048828125,139.94000244140625,140.1999969482422,77347,0.0,0.0
2024-11-25 10:39:00-05:00,140.18499755859375,140.28990173339844,140.10569763183594,140.13009643554688,40449,0.0,0.0
2024-11-25 10:40:00-05:00,140.14999389648438,140.33999633789062,140.1300048828125,140.31500244140625,80469,0.0,0.0
2024-11-25 10:41:00-05:00,140.3000030517578,140.64999389648438,140.3000030517578,140.6300048828125,73829,0.0,0.0
2024-11-25 10:42:00-05:00,140.60000610351562,140.61000061035156,140.35000610351562,140.5200958251953,91474,0.0,0.0
2024-11-25 10:43:00-05:00,140.5500030517578,140.72999572753906,140.49000549316406,140.69500732421875,70954,0.0,0.0
2024-11-25 10:44:00-05:00,140.67999267578125,140.81500244140625,140.6649932861328,140.7449951171875,103680,0.0,0.0
2024-11-25 10:45:00-05:00,140.68499755859375,140.6999969482422,140.47999572753906,140.49000549316406,96164,0.0,0.0
2024-11-25 10:46:00-05:00,140.52000427246094,140.5498046875,140.3699951171875,140.5498046875,67955,0.0,0.0
2024-11-25 10:47:00-05:00,140.54640197753906,140.6999969482422,140.48179626464844,140.6999969482422,49053,0.0,0.0
2024-11-25 10:48:00-05:00,140.7100067138672,140.88999938964844,140.64280700683594,140.75,100340,0.0,0.0
2024-11-25 10:49:00-05:00,140.74000549316406,140.99000549316406,140.74000549316406,140.94009399414062,76350,0.0,0.0
2024-11-25 10:50:00-05:00,140.94000244140625,141.0399932861328,140.8300018310547,140.89999389648438,116873,0.0,0.0
2024-11-25 10:51:00-05:00,140.88999938964844,140.9199981689453,140.67999267578125,140.73699951171875,93212,0.0,0.0
2024-11-25 10:52:00-05:00,140.74000549316406,140.9799041748047,140.74000549316406,140.8511962890625,64820,0.0,0.0
2024-11-25 10:53:00-05:00,140.9199981689453,140.98199462890625,140.85009765625,140.92999267578125,56422,0.0,0.0
2024-11-25 10:54:00-05:00,140.96499633789062,141.16000366210938,140.9499969482422,141.0399932861328,94858,0.0,0.0
2024-11-25 10:55:00-05:00,141.05999755859375,141.11990356445312,140.95010375976562,141.09779357910156,63764,0.0,0.0
2024-11-25 10:56:00-05:00,141.0500030517578,141.0500030517578,140.85000610351562,140.9001007080078,54531,0.0,0.0
2024-11-25 10:57:00-05:00,140.92779541015625,141.05499267578125,140.78030395507812,140.7899932861328,64307,0.0,0.0
2024-11-25 10:58:00-05:00,140.7805938720703,141.02999877929688,140.7805938720703,140.9700927734375,53121,0.0,0.0
2024-11-25 10:59:00-05:00,140.99000549316406,141.07000732421875,140.94000244140625,140.97860717773438,45220,0.0,0.0
2024-11-25 11:00:00-05:00,140.97000122070312,141.07960510253906,140.94000244140625,140.99000549316406,72340,0.0,0.0
2024-11-25 11:01:00-05:00,141.0,141.19000244140625,141.0,141.14500427246094,115793,0.0,0.0
2024-11-25 11:02:00-05:00,141.1300048828125,141.3000030517578,141.11000061035156,141.22000122070312,83305,0.0,0.0
2024-11-25 11:03:00-05:00,141.22999572753906,141.3000030517578,141.0399932861328,141.1750030517578,58769,0.0,0.0
2024-11-25 11:04:00-05:00,141.17999267578125,141.3699951171875,141.16000366210938,141.3350067138672,78046,0.0,0.0
2024-11-25 11:05:00-05:00,141.3300018310547,141.33700561523438,141.22000122070312,141.26829528808594,40135,0.0,0.0
2024-11-25 11:06:00-05:00,141.25999450683594,141.39999389648438,141.23219299316406,141.3300018310547,63380,0.0,0.0
2024-11-25 11:07:00-05:00,141.30999755859375,141.30999755859375,141.1300048828125,141.1728057861328,42984,0.0,0.0
2024-11-25 11:08:00-05:00,141.1649932861328,141.2050018310547,141.09500122070312,141.14999389648438,41371,0.0,0.0
2024-11-25 11:09:00-05:00,141.14999389648438,141.1580047607422,140.91329956054688,141.0402069091797,79819,0.0,0.0
2024-11-25 11:10:00-05:00,141.05999755859375,141.1898956298828,141.0200958251953,141.18600463867188,47578,0.0,0.0
2024-11-25 11:11:00-05:00,141.19000244140625,141.38580322265625,141.1699981689453,141.25999450683594,77342,0.0,0.0
2024-11-25 11:12:00-05:00,141.25999450683594,141.31500244140625,141.13499450683594,141.1990966796875,55540,0.0,0.0
2024-11-25 11:13:00-05:00,141.20989990234375,141.24000549316406,141.0601043701172,141.19500732421875,57245,0.0,0.0
2024-11-25 11:14:00-05:00,141.18499755859375,141.28799438476562,141.18499755859375,141.22000122070312,21115,0.0,0.0
2024-11-25 11:15:00-05:00,141.24000549316406,141.30999755859375,141.21029663085938,141.24000549316406,34887,0.0,0.0
2024-11-25 11:16:00-05:00,141.22999572753906,141.30999755859375,141.19000244140625,141.19000244140625,39658,0.0,0.0
2024-11-25 11:17:00-05:00,141.1929931640625,141.24000549316406,141.1300048828125,141.21080017089844,26160,0.0,0.0
2024-11-25 11:18:00-05:00,141.25,141.4199981689453,141.22439575195312,141.41000366210938,49992,0.0,0.0
2024-11-25 11:19:00-05:00,141.4199981689453,141.5500030517578,141.39999389648438,141.52999877929688,80236,0.0,0.0
2024-11-25 11:20:00-05:00,141.5050048828125,141.64999389648438,141.49009704589844,141.61000061035156,52106,0.0,0.0
2024-11-25 11:21:00-05:00,141.6199951171875,141.7779998779297,141.61000061035156,141.75,86659,0.0,0.0
2024-11-25 11:22:00-05:00,141.75,141.83999633789062,141.72000122070312,141.81500244140625,71907,0.0,0.0
2024-11-25 11:23:00-05:00,141.8101043701172,141.83990478515625,141.60000610351562,141.6300048828125,74842,0.0,0.0
2024-11-25 11:24:00-05:00,141.63999938964844,141.77999877929688,141.6199951171875,141.7469940185547,52571,0.0,0.0
2024-11-25 11:25:00-05:00,141.72999572753906,141.79969787597656,141.6699981689453,141.77999877929688,38891,0.0,0.0
2024-11-25 11:26:00-05:00,141.77969360351562,141.9199981689453,141.77969360351562,141.89010620117188,80663,0.0,0.0
2024-11-25 11:27:00-05:00,141.88999938964844,141.9499969482422,141.86000061035156,141.88999938964844,66966,0.0,0.0
2024-11-25 11:28:00-05:00,141.8800048828125,142.0,141.8800048828125,141.97999572753906,223863,0.0,0.0
2024-11-25 11:29:00-05:00,141.97279357910156,142.0500030517578,141.9219970703125,141.92999267578125,225386,0.0,0.0
2024-11-25 11:30:00-05:00,141.92999267578125,142.16000366210938,141.92999267578125,142.0800018310547,161790,0.0,0.0
2024-11-25 11:31:00-05:00,142.0850067138672,142.2899932861328,142.0850067138672,142.22999572753906,150075,0.0,0.0
2024-11-25 11:32:00-05:00,142.22999572753906,142.32000732421875,141.91000366210938,142.11500549316406,276764,0.0,0.0
2024-11-25 11:33:00-05:00,142.11000061035156,142.34500122070312,142.11000061035156,142.3300018310547,94711,0.0,0.0
2024-11-25 11:34:00-05:00,142.32000732421875,142.35000610351562,142.1699981689453,142.2368927001953,188939,0.0,0.0
2024-11-25 11:35:00-05:00,142.22000122070312,142.2899932861328,141.77999877929688,141.8000030517578,114384,0.0,0.0
2024-11-25 11:36:00-05:00,141.7700958251953,141.85000610351562,141.63999938964844,141.7449951171875,98441,0.0,0.0
2024-11-25 11:37:00-05:00,141.75,141.80999755859375,141.52999877929688,141.75,89842,0.0,0.0
2024-11-25 11:38:00-05:00,141.74000549316406,141.77999877929688,141.45010375976562,141.47999572753906,86615,0.0,0.0
2024-11-25 11:39:00-05:00,141.4600067138672,141.48779296875,141.27999877929688,141.33999633789062,72656,0.0,0.0
2024-11-25 11:40:00-05:00,141.32000732421875,141.36000061035156,141.19500732421875,141.25,93156,0.0,0.0
2024-11-25 11:41:00-05:00,141.27000427246094,141.30999755859375,141.16000366210938,141.1898956298828,50396,0.0,0.0
2024-11-25 11:42:00-05:00,141.14999389648438,141.1999969482422,141.07760620117188,141.07760620117188,73664,0.0,0.0
2024-11-25 11:43:00-05:00,141.0500946044922,141.13999938964844,140.8699951171875,140.9199981689453,87707,0.0,0.0
2024-11-25 11:44:00-05:00,140.88999938964844,140.9600067138672,140.86000061035156,140.8699951171875,46813,0.0,0.0
2024-11-25 11:45:00-05:00,140.875,141.00999450683594,140.83999633789062,140.91000366210938,65982,0.0,0.0
2024-11-25 11:46:00-05:00,140.9199981689453,141.10000610351562,140.9199981689453,141.06500244140625,65758,0.0,0.0
2024-11-25 11:47:00-05:00,141.0601043701172,141.25,141.0601043701172,141.25,72291,0.0,0.0
2024-11-25 11:48:00-05:00,141.24000549316406,141.42999267578125,141.22000122070312,141.34640502929688,75100,0.0,0.0
2024-11-25 11:49:00-05:00,141.3300018310547,141.3300018310547,141.02999877929688,141.11000061035156,49121,0.0,0.0
2024-11-25 11:50:00-05:00,141.1300048828125,141.1699981689453,141.02999877929688,141.11000061035156,38059,0.0,0.0
2024-11-25 11:51:00-05:00,141.11000061035156,141.19000244140625,141.08999633789062,141.10989379882812,60344,0.0,0.0
2024-11-25 11:52:00-05:00,141.1300048828125,141.3199005126953,141.12950134277344,141.30999755859375,39687,0.0,0.0
2024-11-25 11:53:00-05:00,141.3000030517578,141.41990661621094,141.28700256347656,141.36920166015625,54228,0.0,0.0
2024-11-25 11:54:00-05:00,141.38999938964844,141.4199981689453,141.22000122070312,141.25,44406,0.0,0.0
2024-11-25 11:55:00-05:00,141.22000122070312,141.49000549316406,141.22000122070312,141.4499969482422,41085,0.0,0.0
2024-11-25 11:56:00-05:00,141.4600067138672,141.52000427246094,141.42489624023438,141.47000122070312,32704,0.0,0.0
2024-11-25 11:57:00-05:00,141.47500610351562,141.639892578125,141.47000122070312,141.6313018798828,64380,0.0,0.0
2024-11-25 11:58:00-05:00,141.64999389648438,141.6685028076172,141.50999450683594,141.6123046875,41810,0.0,0.0
2024-11-25 11:59:00-05:00,141.60499572753906,141.68569946289062,141.58999633789062,141.60000610351562,36286,0.0,0.0
2024-11-25 12:00:00-05:00,141.61500549316406,141.69000244140625,141.50999450683594,141.5200958251953,53771,0.0,0.0
2024-11-25 12:01:00-05:00,141.5399932861328,141.5399932861328,141.35009765625,141.37429809570312,52851,0.0,0.0
2024-11-25 12:02:00-05:00,141.36000061035156,141.3990936279297,141.2064971923828,141.27999877929688,56374,0.0,0.0
2024-11-25 12:03:00-05:00,141.27999877929688,141.3800048828125,141.15499877929688,141.36000061035156,55375,0.0,0.0
2024-11-25 12:04:00-05:00,141.36000061035156,141.51620483398438,141.36000061035156,141.50999450683594,45460,0.0,0.0
2024-11-25 12:05:00-05:00,141.52200317382812,141.6300048828125,141.47079467773438,141.61000061035156,32938,0.0,0.0
2024-11-25 12:06:00-05:00,141.60499572753906,141.6300048828125,141.5301055908203,141.61000061035156,20458,0.0,0.0
2024-11-25 12:07:00-05:00,141.6199951171875,141.77589416503906,141.51499938964844,141.61000061035156,65486,0.0,0.0
2024-11-25 12:08:00-05:00,141.61000061035156,141.74000549316406,141.5706024169922,141.6750030517578,51100,0.0,0.0
2024-11-25 12:09:00-05:00,141.69000244140625,141.77000427246094,141.5845947265625,141.625,41794,0.0,0.0
2024-11-25 12:10:00-05:00,141.63499450683594,141.66000366210938,141.57000732421875,141.6199951171875,33727,0.0,0.0
2024-11-25 12:11:00-05:00,141.60499572753906,141.61000061035156,141.5,141.52099609375,27604,0.0,0.0
2024-11-25 12:12:00-05:00,141.5,141.55999755859375,141.25,141.3800048828125,144901,0.0,0.0
2024-11-25 12:13:00-05:00,141.3699951171875,141.4799041748047,141.3000030517578,141.3699951171875,44064,0.0,0.0
2024-11-25 12:14:00-05:00,141.3300018310547,141.35000610351562,141.2100067138672,141.22500610351562,68901,0.0,0.0
2024-11-25 12:15:00-05:00,141.22999572753906,141.4600067138672,141.22999572753906,141.3101043701172,85870,0.0,0.0
2024-11-25 12:16:00-05:00,141.3105010986328,141.32000732421875,141.16209411621094,141.19000244140625,89551,0.0,0.0
2024-11-25 12:17:00-05:00,141.22000122070312,141.23500061035156,141.0,141.0449981689453,69144,0.0,0.0
2024-11-25 12:18:00-05:00,141.0399932861328,141.2100067138672,141.02999877929688,141.1300048828125,66892,0.0,0.0
2024-11-25 12:19:00-05:00,141.10000610351562,141.15240478515625,141.0399932861328,141.06649780273438,47521,0.0,0.0
2024-11-25 12:20:00-05:00,141.0500030517578,141.08819580078125,140.8300018310547,140.8300018310547,90766,0.0,0.0
2024-11-25 12:21:00-05:00,140.82000732421875,140.91000366210938,140.60000610351562,140.6383056640625,91256,0.0,0.0
2024-11-25 12:22:00-05:00,140.60000610351562,140.72999572753906,140.55999755859375,140.6699981689453,38913,0.0,0.0
2024-11-25 12:23:00-05:00,140.67999267578125,140.6999053955078,140.5399932861328,140.5697021484375,43460,0.0,0.0
2024-11-25 12:24:00-05:00,140.5800018310547,140.64999389648438,140.52999877929688,140.55999755859375,47269,0.0,0.0
2024-11-25 12:25:00-05:00,140.55239868164062,140.75999450683594,140.55239868164062,140.72999572753906,82375,0.0,0.0
2024-11-25 12:26:00-05:00,140.7021942138672,140.8199005126953,140.6999969482422,140.72000122070312,38819,0.0,0.0
2024-11-25 12:27:00-05:00,140.7100067138672,140.8000030517578,140.66000366210938,140.6999969482422,41633,0.0,0.0
2024-11-25 12:28:00-05:00,140.7100067138672,140.82000732421875,140.7050018310547,140.80189514160156,22266,0.0,0.0
2024-11-25 12:29:00-05:00,140.7949981689453,140.7949981689453,140.6302032470703,140.72000122070312,22410,0.0,0.0
2024-11-25 12:30:00-05:00,140.72000122070312,140.93710327148438,140.71499633789062,140.83999633789062,40928,0.0,0.0
2024-11-25 12:31:00-05:00,140.86500549316406,140.9687042236328,140.83999633789062,140.9600067138672,27514,0.0,0.0
2024-11-25 12:32:00-05:00,140.94000244140625,141.05999755859375,140.91000366210938,140.99000549316406,36077,0.0,0.0
2024-11-25 12:33:00-05:00,140.97999572753906,141.1199951171875,140.9716033935547,141.06759643554688,50304,0.0,0.0
2024-11-25 12:34:00-05:00,141.0399932861328,141.05999755859375,141.01170349121094,141.02999877929688,25219,0.0,0.0
2024-11-25 12:35:00-05:00,141.02999877929688,141.14999389648438,141.02499389648438,141.10000610351562,38770,0.0,0.0
2024-11-25 12:36:00-05:00,141.1199951171875,141.13499450683594,141.00469970703125,141.00999450683594,28265,0.0,0.0
2024-11-25 12:37:00-05:00,141.02000427246094,141.02000427246094,140.88499450683594,140.9199981689453,33155,0.0,0.0
2024-11-25 12:38:00-05:00,140.9199981689453,140.9239959716797,140.80999755859375,140.85499572753906,22713,0.0,0.0
2024-11-25 12:39:00-05:00,140.86219787597656,140.97000122070312,140.86219787597656,140.91000366210938,19046,0.0,0.0
2024-11-25 12:40:00-05:00,140.89999389648438,140.99000549316406,140.89999389648438,140.94000244140625,22914,0.0,0.0
2024-11-25 12:41:00-05:00,140.91000366210938,140.92999267578125,140.85069274902344,140.92999267578125,15555,0.0,0.0
2024-11-25 12:42:00-05:00,140.9499969482422,141.02999877929688,140.8699951171875,141.02999877929688,29228,0.0,0.0
2024-11-25 12:43:00-05:00,141.0225067138672,141.02999877929688,140.82000732421875,140.82989501953125,26297,0.0,0.0
2024-11-25 12:44:00-05:00,140.82000732421875,140.83009338378906,140.5500030517578,140.65780639648438,67231,0.0,0.0
2024-11-25 12:45:00-05:00,140.61500549316406,140.61500549316406,140.4300994873047,140.4600067138672,78218,0.0,0.0
2024-11-25 12:46:00-05:00,140.4550018310547,140.4550018310547,140.25999450683594,140.25999450683594,62339,0.0,0.0
2024-11-25 12:47:00-05:00,140.25,140.3699951171875,140.2449951171875,140.30999755859375,42350,0.0,0.0
2024-11-25 12:48:00-05:00,140.32000732421875,140.47999572753906,140.3090057373047,140.4499053955078,33741,0.0,0.0
2024-11-25 12:49:00-05:00,140.4499969482422,140.5500030517578,140.4320068359375,140.5399932861328,70823,0.0,0.0
2024-11-25 12:50:00-05:00,140.53990173339844,140.83999633789062,140.5200958251953,140.77000427246094,68649,0.0,0.0
2024-11-25 12:51:00-05:00,140.77000427246094,140.7899932861328,140.69000244140625,140.7635040283203,36915,0.0,0.0
2024-11-25 12:52:00-05:00,140.75,140.85000610351562,140.7252960205078,140.84120178222656,34112,0.0,0.0
2024-11-25 12:53:00-05:00,140.8278045654297,140.92999267578125,140.82009887695312,140.91009521484375,35605,0.0,0.0
2024-11-25 12:54:00-05:00,140.9149932861328,141.01690673828125,140.89999389648438,141.0,43023,0.0,0.0
2024-11-25 12:55:00-05:00,140.98500061035156,140.98500061035156,140.85000610351562,140.94500732421875,52227,0.0,0.0
2024-11-25 12:56:00-05:00,140.9600067138672,140.97999572753906,140.84100341796875,140.8800048828125,26460,0.0,0.0
2024-11-25 12:57:00-05:00,140.8699951171875,140.99000549316406,140.8699951171875,140.97999572753906,21069,0.0,0.0
2024-11-25 12:58:00-05:00,140.98179626464844,141.03680419921875,140.96499633789062,141.02000427246094,33767,0.0,0.0
2024-11-25 12:59:00-05:00,141.01400756835938,141.03990173339844,140.91009521484375,140.91009521484375,35104,0.0,0.0
2024-11-25 13:00:00-05:00,140.9114990234375,141.07000732421875,140.8730926513672,141.00819396972656,27174,0.0,0.0
2024-11-25 13:01:00-05:00,141.02000427246094,141.093994140625,140.97999572753906,140.97999572753906,26516,0.0,0.0
2024-11-25 13:02:00-05:00,140.97999572753906,141.10499572753906,140.97999572753906,141.0399932861328,33855,0.0,0.0
2024-11-25 13:03:00-05:00,141.05999755859375,141.1199951171875,141.02999877929688,141.02999877929688,20555,0.0,0.0
2024-11-25 13:04:00-05:00,140.99009704589844,141.00990295410156,140.9300994873047,140.97999572753906,38369,0.0,0.0
2024-11-25 13:05:00-05:00,140.98500061035156,140.99989318847656,140.82000732421875,140.82000732421875,36630,0.0,0.0
2024-11-25 13:06:00-05:00,140.81500244140625,140.8699951171875,140.7700958251953,140.8000030517578,43317,0.0,0.0
2024-11-25 13:07:00-05:00,140.8300018310547,140.89999389648438,140.82000732421875,140.86000061035156,29674,0.0,0.0
2024-11-25 13:08:00-05:00,140.85000610351562,140.8699951171875,140.8000030517578,140.80999755859375,16422,0.0,0.0
2024-11-25 13:09:00-05:00,140.82000732421875,140.8699951171875,140.8000030517578,140.80999755859375,32395,0.0,0.0
2024-11-25 13:10:00-05:00,140.8300018310547,140.87989807128906,140.7899932861328,140.8300018310547,19316,0.0,0.0
2024-11-25 13:11:00-05:00,140.8300018310547,140.9376983642578,140.82000732421875,140.92999267578125,24494,0.0,0.0
2024-11-25 13:12:00-05:00,140.92210388183594,140.92999267578125,140.85000610351562,140.8800048828125,15407,0.0,0.0
2024-11-25 13:13:00-05:00,140.88999938964844,140.91000366210938,140.80999755859375,140.82000732421875,26209,0.0,0.0
2024-11-25 13:14:00-05:00,140.8300018310547,140.94839477539062,140.7899932861328,140.88999938964844,27017,0.0,0.0
2024-11-25 13:15:00-05:00,140.91000366210938,140.99000549316406,140.91000366210938,140.93499755859375,29650,0.0,0.0
2024-11-25 13:16:00-05:00,140.9199981689453,140.9550018310547,140.86000061035156,140.92999267578125,34829,0.0,0.0
2024-11-25 13:17:00-05:00,140.9398956298828,140.94000244140625,140.8699951171875,140.88999938964844,35947,0.0,0.0
2024-11-25 13:18:00-05:00,140.88999938964844,140.88999938964844,140.75,140.75999450683594,26806,0.0,0.0
2024-11-25 13:19:00-05:00,140.77000427246094,140.80870056152344,140.75999450683594,140.7696075439453,24120,0.0,0.0
2024-11-25 13:20:00-05:00,140.75999450683594,140.83740234375,140.72999572753906,140.83740234375,42178,0.0,0.0
2024-11-25 13:21:00-05:00,140.8300018310547,141.0,140.82000732421875,140.85000610351562,116802,0.0,0.0
2024-11-25 13:22:00-05:00,140.8350067138672,140.8498992919922,140.7899932861328,140.8009033203125,22587,0.0,0.0
2024-11-25 13:23:00-05:00,140.80499267578125,140.86000061035156,140.64010620117188,140.85000610351562,46055,0.0,0.0
2024-11-25 13:24:00-05:00,140.85000610351562,141.0,140.843994140625,140.97000122070312,33542,0.0,0.0
2024-11-25 13:25:00-05:00,140.9799041748047,140.98989868164062,140.85000610351562,140.8800048828125,23863,0.0,0.0
2024-11-25 13:26:00-05:00,140.89999389648438,140.89999389648438,140.82009887695312,140.89999389648438,28347,0.0,0.0
2024-11-25 13:27:00-05:00,140.91000366210938,140.9499969482422,140.83999633789062,140.83999633789062,13654,0.0,0.0
2024-11-25 13:28:00-05:00,140.83999633789062,140.8800048828125,140.8300018310547,140.8300018310547,10720,0.0,0.0
2024-11-25 13:29:00-05:00,140.83999633789062,140.8800048828125,140.83009338378906,140.83999633789062,17282,0.0,0.0
2024-11-25 13:30:00-05:00,140.84500122070312,140.89840698242188,140.82000732421875,140.8699951171875,23319,0.0,0.0
2024-11-25 13:31:00-05:00,140.8800048828125,140.91879272460938,140.80999755859375,140.83999633789062,24325,0.0,0.0
2024-11-25 13:32:00-05:00,140.8699951171875,140.97999572753906,140.86000061035156,140.97999572753906,20780,0.0,0.0
2024-11-25 13:33:00-05:00,140.97999572753906,141.0,140.94000244140625,140.97000122070312,101934,0.0,0.0
2024-11-25 13:34:00-05:00,140.9499969482422,140.97999572753906,140.91000366210938,140.97000122070312,22628,0.0,0.0
2024-11-25 13:35:00-05:00,140.9799041748047,140.9799041748047,140.8699951171875,140.9499969482422,15757,0.0,0.0
2024-11-25 13:36:00-05:00,140.9600067138672,141.11000061035156,140.92999267578125,141.0800018310547,51719,0.0,0.0
2024-11-25 13:37:00-05:00,141.0800018310547,141.17990112304688,141.0800018310547,141.1649932861328,37792,0.0,0.0
2024-11-25 13:38:00-05:00,141.16000366210938,141.16000366210938,140.9600067138672,141.047607421875,40060,0.0,0.0
2024-11-25 13:39:00-05:00,141.0,141.13099670410156,141.0,141.110107421875,26923,0.0,0.0
2024-11-25 13:40:00-05:00,141.14930725097656,141.17990112304688,141.0399932861328,141.04969787597656,22009,0.0,0.0
2024-11-25 13:41:00-05:00,141.0417938232422,141.0417938232422,140.9700927734375,140.97999572753906,16481,0.0,0.0
2024-11-25 13:42:00-05:00,140.9398956298828,141.0500030517578,140.88999938964844,141.02000427246094,33551,0.0,0.0
2024-11-25 13:43:00-05:00,141.02999877929688,141.03990173339844,140.94000244140625,140.9499969482422,56146,0.0,0.0
2024-11-25 13:44:00-05:00,140.9499969482422,140.9499969482422,140.8101043701172,140.83999633789062,32841,0.0,0.0
2024-11-25 13:45:00-05:00,140.84730529785156,140.943603515625,140.80999755859375,140.92999267578125,25770,0.0,0.0
2024-11-25 13:46:00-05:00,140.9250030517578,141.01669311523438,140.9250030517578,141.01669311523438,21182,0.0,0.0
2024-11-25 13:47:00-05:00,141.0198974609375,141.0399932861328,140.97999572753906,141.02000427246094,17273,0.0,0.0
2024-11-25 13:48:00-05:00,141.02999877929688,141.02999877929688,140.89219665527344,140.94000244140625,21174,0.0,0.0
2024-11-25 13:49:00-05:00,140.92999267578125,140.9499969482422,140.85499572753906,140.8621063232422,19413,0.0,0.0
2024-11-25 13:50:00-05:00,140.85000610351562,140.86500549316406,140.77000427246094,140.7899932861328,47345,0.0,0.0
2024-11-25 13:51:00-05:00,140.7509002685547,140.75999450683594,140.6999969482422,140.7100067138672,49197,0.0,0.0
2024-11-25 13:52:00-05:00,140.71499633789062,140.72830200195312,140.63999938964844,140.64999389648438,24071,0.0,0.0
2024-11-25 13:53:00-05:00,140.64700317382812,140.6699981689453,140.61000061035156,140.62060546875,23626,0.0,0.0
2024-11-25 13:54:00-05:00,140.64999389648438,140.66000366210938,140.47500610351562,140.49000549316406,31702,0.0,0.0
2024-11-25 13:55:00-05:00,140.4799041748047,140.63999938964844,140.4600067138672,140.61500549316406,73117,0.0,0.0
2024-11-25 13:56:00-05:00,140.64999389648438,140.69000244140625,140.63009643554688,140.67999267578125,31855,0.0,0.0
2024-11-25 13:57:00-05:00,140.6999969482422,140.75,140.69000244140625,140.72000122070312,21898,0.0,0.0
2024-11-25 13:58:00-05:00,140.71270751953125,140.74000549316406,140.66000366210938,140.6699981689453,27007,0.0,0.0
2024-11-25 13:59:00-05:00,140.6999969482422,140.77999877929688,140.6999969482422,140.74000549316406,13482,0.0,0.0
2024-11-25 14:00:00-05:00,140.74000549316406,140.75,140.66000366210938,140.67999267578125,19561,0.0,0.0
2024-11-25 14:01:00-05:00,140.68499755859375,140.7299041748047,140.61000061035156,140.64500427246094,33053,0.0,0.0
2024-11-25 14:02:00-05:00,140.63999938964844,140.6699981689453,140.6199951171875,140.6699981689453,26883,0.0,0.0
2024-11-25 14:03:00-05:00,140.66000366210938,140.72999572753906,140.66000366210938,140.68699645996094,17672,0.0,0.0
2024-11-25 14:04:00-05:00,140.7100067138672,140.75,140.69000244140625,140.74000549316406,32918,0.0,0.0
2024-11-25 14:05:00-05:00,140.74000549316406,140.75999450683594,140.61000061035156,140.63999938964844,24975,0.0,0.0
2024-11-25 14:06:00-05:00,140.6649932861328,140.77000427246094,140.63999938964844,140.75680541992188,27073,0.0,0.0
2024-11-25 14:07:00-05:00,140.75,140.91000366210938,140.74749755859375,140.89999389648438,33255,0.0,0.0
2024-11-25 14:08:00-05:00,140.89990234375,140.9777069091797,140.88999938964844,140.94500732421875,36422,0.0,0.0
2024-11-25 14:09:00-05:00,140.94760131835938,140.9499969482422,140.8800048828125,140.92999267578125,14047,0.0,0.0
2024-11-25 14:10:00-05:00,140.92999267578125,140.97000122070312,140.91000366210938,140.9199981689453,18034,0.0,0.0
2024-11-25 14:11:00-05:00,140.91329956054688,140.97999572753906,140.89999389648438,140.9600067138672,12024,0.0,0.0
2024-11-25 14:12:00-05:00,140.97129821777344,140.99000549316406,140.9199981689453,140.94000244140625,14580,0.0,0.0
2024-11-25 14:13:00-05:00,140.94000244140625,140.9698944091797,140.9250030517578,140.9698944091797,13536,0.0,0.0
2024-11-25 14:14:00-05:00,140.97000122070312,140.97000122070312,140.88999938964844,140.9199981689453,10951,0.0,0.0
2024-11-25 14:15:00-05:00,140.88999938964844,140.9199981689453,140.8699951171875,140.9001007080078,12041,0.0,0.0
2024-11-25 14:16:00-05:00,140.8907012939453,140.9600067138672,140.8699951171875,140.92999267578125,17627,0.0,0.0
2024-11-25 14:17:00-05:00,140.92750549316406,140.94000244140625,140.87930297851562,140.8800048828125,10709,0.0,0.0
2024-11-25 14:18:00-05:00,140.8800048828125,140.89999389648438,140.8300018310547,140.86000061035156,20209,0.0,0.0
2024-11-25 14:19:00-05:00,140.85499572753906,140.875,140.74009704589844,140.74009704589844,22159,0.0,0.0
2024-11-25 14:20:00-05:00,140.75230407714844,140.75230407714844,140.66009521484375,140.7100067138672,20542,0.0,0.0
2024-11-25 14:21:00-05:00,140.7100067138672,140.72000122070312,140.62030029296875,140.62030029296875,26244,0.0,0.0
2024-11-25 14:22:00-05:00,140.62100219726562,140.66000366210938,140.5500030517578,140.60000610351562,27902,0.0,0.0
2024-11-25 14:23:00-05:00,140.60000610351562,140.61990356445312,140.44000244140625,140.5800018310547,48789,0.0,0.0
2024-11-25 14:24:00-05:00,140.55999755859375,140.57009887695312,140.50999450683594,140.5500030517578,17672,0.0,0.0
2024-11-25 14:25:00-05:00,140.52999877929688,140.6699981689453,140.52999877929688,140.61000061035156,42847,0.0,0.0
2024-11-25 14:26:00-05:00,140.60000610351562,140.67999267578125,140.59249877929688,140.60499572753906,18453,0.0,0.0
2024-11-25 14:27:00-05:00,140.61000061035156,140.72000122070312,140.61000061035156,140.702392578125,25837,0.0,0.0
2024-11-25 14:28:00-05:00,140.7032928466797,140.82000732421875,140.7010040283203,140.82000732421875,18213,0.0,0.0
2024-11-25 14:29:00-05:00,140.81089782714844,140.8800048828125,140.8000030517578,140.8699951171875,30758,0.0,0.0
2024-11-25 14:30:00-05:00,140.86000061035156,140.8699951171875,140.65499877929688,140.65499877929688,35697,0.0,0.0
2024-11-25 14:31:00-05:00,140.66000366210938,140.67999267578125,140.58999633789062,140.66000366210938,28675,0.0,0.0
2024-11-25 14:32:00-05:00,140.66990661621094,140.74000549316406,140.66990661621094,140.73179626464844,16677,0.0,0.0
2024-11-25 14:33:00-05:00,140.73959350585938,140.75999450683594,140.67999267578125,140.7100067138672,10824,0.0,0.0
2024-11-25 14:34:00-05:00,140.70010375976562,140.75399780273438,140.64999389648438,140.64999389648438,14821,0.0,0.0
2024-11-25 14:35:00-05:00,140.64999389648438,140.74000549316406,140.64999389648438,140.74000549316406,13087,0.0,0.0
2024-11-25 14:36:00-05:00,140.72500610351562,140.77000427246094,140.7100067138672,140.73599243164062,11118,0.0,0.0
2024-11-25 14:37:00-05:00,140.73049926757812,140.77000427246094,140.6999969482422,140.6999969482422,11690,0.0,0.0
2024-11-25 14:38:00-05:00,140.7100067138672,140.8000030517578,140.7100067138672,140.8000030517578,25722,0.0,0.0
2024-11-25 14:39:00-05:00,140.8000030517578,140.8300018310547,140.74000549316406,140.8256072998047,20298,0.0,0.0
2024-11-25 14:40:00-05:00,140.80999755859375,140.82000732421875,140.71499633789062,140.71499633789062,19250,0.0,0.0
2024-11-25 14:41:00-05:00,140.7100067138672,140.8300018310547,140.69000244140625,140.8300018310547,15639,0.0,0.0
2024-11-25 14:42:00-05:00,140.8323974609375,140.91000366210938,140.82000732421875,140.8800048828125,36216,0.0,0.0
2024-11-25 14:43:00-05:00,140.87210083007812,140.9199981689453,140.80999755859375,140.88999938964844,22106,0.0,0.0
2024-11-25 14:44:00-05:00,140.88999938964844,140.93980407714844,140.88999938964844,140.93499755859375,16088,0.0,0.0
2024-11-25 14:45:00-05:00,140.9394073486328,140.9698944091797,140.88999938964844,140.92990112304688,19601,0.0,0.0
2024-11-25 14:46:00-05:00,140.9499969482422,140.97000122070312,140.9300994873047,140.94000244140625,21720,0.0,0.0
2024-11-25 14:47:00-05:00,140.95469665527344,141.0,140.94000244140625,141.0,54280,0.0,0.0
2024-11-25 14:48:00-05:00,140.9949951171875,141.0050048828125,140.8800048828125,140.8800048828125,56024,0.0,0.0
2024-11-25 14:49:00-05:00,140.8800048828125,140.9199981689453,140.8800048828125,140.88009643554688,14897,0.0,0.0
2024-11-25 14:50:00-05:00,140.90499877929688,140.9499969482422,140.88999938964844,140.94000244140625,18536,0.0,0.0
2024-11-25 14:51:00-05:00,140.94000244140625,140.9499969482422,140.91000366210938,140.94000244140625,15441,0.0,0.0
2024-11-25 14:52:00-05:00,140.94000244140625,140.97000122070312,140.92999267578125,140.94869995117188,13172,0.0,0.0
2024-11-25 14:53:00-05:00,140.9600067138672,141.0,140.9499969482422,140.9949951171875,26385,0.0,0.0
2024-11-25 14:54:00-05:00,140.99000549316406,141.0,140.97999572753906,140.99000549316406,34553,0.0,0.0
2024-11-25 14:55:00-05:00,140.97000122070312,141.00999450683594,140.94000244140625,140.9499969482422,47693,0.0,0.0
2024-11-25 14:56:00-05:00,140.9600067138672,140.99000549316406,140.88999938964844,140.89500427246094,23797,0.0,0.0
2024-11-25 14:57:00-05:00,140.89999389648438,140.91000366210938,140.82000732421875,140.8498992919922,29476,0.0,0.0
2024-11-25 14:58:00-05:00,140.83999633789062,140.86000061035156,140.75999450683594,140.8000030517578,28615,0.0,0.0
2024-11-25 14:59:00-05:00,140.8000030517578,140.8699951171875,140.8000030517578,140.85009765625,23263,0.0,0.0
2024-11-25 15:00:00-05:00,140.85130310058594,140.85130310058594,140.7100067138672,140.80999755859375,29856,0.0,0.0
2024-11-25 15:01:00-05:00,140.84500122070312,140.94000244140625,140.8300018310547,140.86000061035156,28581,0.0,0.0
2024-11-25 15:02:00-05:00,140.85499572753906,140.8800048828125,140.80999755859375,140.8300018310547,30215,0.0,0.0
2024-11-25 15:03:00-05:00,140.82000732421875,140.82000732421875,140.6999969482422,140.78550720214844,27454,0.0,0.0
2024-11-25 15:04:00-05:00,140.7899932861328,140.86000061035156,140.77000427246094,140.85000610351562,21773,0.0,0.0
2024-11-25 15:05:00-05:00,140.8800048828125,140.89999389648438,140.83999633789062,140.87840270996094,15984,0.0,0.0
2024-11-25 15:06:00-05:00,140.8800048828125,140.94000244140625,140.86000061035156,140.92999267578125,27077,0.0,0.0
2024-11-25 15:07:00-05:00,140.9250030517578,140.94500732421875,140.86000061035156,140.8699951171875,21411,0.0,0.0
2024-11-25 15:08:00-05:00,140.83999633789062,140.9600067138672,140.8000946044922,140.9600067138672,26197,0.0,0.0
2024-11-25 15:09:00-05:00,140.94500732421875,140.97349548339844,140.92999267578125,140.9499969482422,30462,0.0,0.0
2024-11-25 15:10:00-05:00,140.9290008544922,140.9600067138672,140.875,140.88999938964844,24090,0.0,0.0
2024-11-25 15:11:00-05:00,140.8699951171875,140.88999938964844,140.8300018310547,140.8300018310547,14556,0.0,0.0
2024-11-25 15:12:00-05:00,140.83999633789062,140.85049438476562,140.7550048828125,140.80999755859375,23091,0.0,0.0
2024-11-25 15:13:00-05:00,140.78439331054688,140.82000732421875,140.7100067138672,140.72000122070312,33370,0.0,0.0
2024-11-25 15:14:00-05:00,140.75,140.82000732421875,140.74009704589844,140.77999877929688,18875,0.0,0.0
2024-11-25 15:15:00-05:00,140.77999877929688,140.8350067138672,140.76100158691406,140.8323974609375,14269,0.0,0.0
2024-11-25 15:16:00-05:00,140.8300018310547,140.83999633789062,140.7899932861328,140.8300018310547,17744,0.0,0.0
2024-11-25 15:17:00-05:00,140.82000732421875,140.82000732421875,140.74000549316406,140.74000549316406,19661,0.0,0.0
2024-11-25 15:18:00-05:00,140.74000549316406,140.74000549316406,140.64999389648438,140.64999389648438,28925,0.0,0.0
2024-11-25 15:19:00-05:00,140.64999389648438,140.74000549316406,140.64999389648438,140.7050018310547,31555,0.0,0.0
2024-11-25 15:20:00-05:00,140.72500610351562,140.72500610351562,140.66250610351562,140.69000244140625,15324,0.0,0.0
2024-11-25 15:21:00-05:00,140.67999267578125,140.7449951171875,140.66000366210938,140.72999572753906,18502,0.0,0.0
2024-11-25 15:22:00-05:00,140.72470092773438,140.75,140.66000366210938,140.72999572753906,18296,0.0,0.0
2024-11-25 15:23:00-05:00,140.72000122070312,140.74000549316406,140.66000366210938,140.7238006591797,18279,0.0,0.0
2024-11-25 15:24:00-05:00,140.72999572753906,140.8300018310547,140.7209930419922,140.8300018310547,28506,0.0,0.0
2024-11-25 15:25:00-05:00,140.8249969482422,140.88999938964844,140.80999755859375,140.8800048828125,34528,0.0,0.0
2024-11-25 15:26:00-05:00,140.875,140.8800048828125,140.83999633789062,140.84500122070312,19448,0.0,0.0
2024-11-25 15:27:00-05:00,140.85499572753906,140.875,140.74000549316406,140.7449951171875,25903,0.0,0.0
2024-11-25 15:28:00-05:00,140.74000549316406,140.88499450683594,140.74000549316406,140.8800048828125,33002,0.0,0.0
2024-11-25 15:29:00-05:00,140.8800048828125,140.99000549316406,140.86500549316406,140.97500610351562,54030,0.0,0.0
2024-11-25 15:30:00-05:00,140.97000122070312,141.0,140.9199981689453,140.9582061767578,49277,0.0,0.0
2024-11-25 15:31:00-05:00,140.96499633789062,141.07000732421875,140.96499633789062,141.02000427246094,85716,0.0,0.0
2024-11-25 15:32:00-05:00,141.00999450683594,141.0399932861328,140.9600067138672,141.01499938964844,50776,0.0,0.0
2024-11-25 15:33:00-05:00,141.01499938964844,141.0500030517578,141.00999450683594,141.02999877929688,31653,0.0,0.0
2024-11-25 15:34:00-05:00,141.02999877929688,141.08999633789062,141.00999450683594,141.00999450683594,28242,0.0,0.0
2024-11-25 15:35:00-05:00,141.00999450683594,141.00999450683594,140.83999633789062,140.85009765625,54382,0.0,0.0
2024-11-25 15:36:00-05:00,140.86000061035156,140.90809631347656,140.74000549316406,140.85000610351562,82220,0.0,0.0
2024-11-25 15:37:00-05:00,140.85960388183594,140.85960388183594,140.75999450683594,140.7982940673828,28847,0.0,0.0
2024-11-25 15:38:00-05:00,140.8000030517578,140.8800048828125,140.77999877929688,140.86000061035156,25837,0.0,0.0
2024-11-25 15:39:00-05:00,140.86000061035156,140.89999389648438,140.81500244140625,140.83999633789062,35530,0.0,0.0
2024-11-25 15:40:00-05:00,140.83999633789062,141.05999755859375,140.83999633789062,141.02000427246094,61655,0.0,0.0
2024-11-25 15:41:00-05:00,141.00999450683594,141.11549377441406,141.00999450683594,141.08009338378906,48759,0.0,0.0
2024-11-25 15:42:00-05:00,141.0850067138672,141.08999633789062,141.0500030517578,141.0800018310547,34421,0.0,0.0
2024-11-25 15:43:00-05:00,141.08999633789062,141.10989379882812,141.0500946044922,141.0749969482422,34011,0.0,0.0
2024-11-25 15:44:00-05:00,141.07020568847656,141.0749969482422,141.02999877929688,141.07000732421875,31993,0.0,0.0
2024-11-25 15:45:00-05:00,141.07000732421875,141.11000061035156,141.03439331054688,141.0919952392578,38258,0.0,0.0
2024-11-25 15:46:00-05:00,141.11000061035156,141.13999938964844,141.0,141.02000427246094,43426,0.0,0.0
2024-11-25 15:47:00-05:00,141.00999450683594,141.0198974609375,140.9199981689453,140.92999267578125,40444,0.0,0.0
2024-11-25 15:48:00-05:00,140.91000366210938,141.07000732421875,140.91000366210938,141.02999877929688,44268,0.0,0.0
2024-11-25 15:49:00-05:00,141.02999877929688,141.10000610351562,141.0,141.0,248972,0.0,0.0
2024-11-25 15:50:00-05:00,141.00999450683594,141.0399932861328,140.82000732421875,140.97999572753906,144741,0.0,0.0
2024-11-25 15:51:00-05:00,140.97999572753906,141.0800018310547,140.91000366210938,140.9149932861328,85505,0.0,0.0
2024-11-25 15:52:00-05:00,140.9199981689453,141.11500549316406,140.9199981689453,141.0800018310547,90436,0.0,0.0
2024-11-25 15:53:00-05:00,141.0800018310547,141.24989318847656,141.0500946044922,141.24000549316406,110761,0.0,0.0
2024-11-25 15:54:00-05:00,141.25,141.25,141.00999450683594,141.10000610351562,148474,0.0,0.0
2024-11-25 15:55:00-05:00,141.10000610351562,141.10000610351562,140.88499450683594,141.0399932861328,144181,0.0,0.0
2024-11-25 15:56:00-05:00,141.02999877929688,141.0399932861328,140.88999938964844,140.97000122070312,113200,0.0,0.0
2024-11-25 15:57:00-05:00,140.9600067138672,141.0800018310547,140.9600067138672,141.0601043701172,117656,0.0,0.0
2024-11-25 15:58:00-05:00,141.07000732421875,141.0850067138672,140.99000549316406,141.06500244140625,138169,0.0,0.0
2024-11-25 15:59:00-05:00,141.05999755859375,141.2100067138672,141.0301055908203,141.16000366210938,533356,0.0,0.0
2024-11-25 16:00:00-05:00,141.17,141.28,141.06,141.13,3065912,0.0,0.0
2024-11-25 16:01:00-05:00,141.14,141.14,141.06,141.09,0,0.0,0.0
2024-11-25 16:02:00-05:00,141.13,141.1358,141.08,141.1,0,0.0,0.0
2024-11-25 16:03:00-05:00,141.13,141.1351,141.05,141.13,0,0.0,0.0
2024-11-25 16:04:00-05:00,141.13,141.25,141.05,141.15,0,0.0,0.0
2024-11-25 16:05:00-05:00,141.05,141.1,140.91,140.91,0,0.0,0.0
2024-11-25 16:06:00-05:00,140.955,140.955,140.82,140.83,0,0.0,0.0
2024-11-25 16:07:00-05:00,141.0108,141.28,141.0108,141.2,0,0.0,0.0
2024-11-25 16:08:00-05:00,141.2,141.28,141.15,141.21,0,0.0,0.0
2024-11-25 16:09:00-05:00,141.1162,141.28,141.1162,141.27,0,0.0,0.0
2024-11-25 16:10:00-05:00,141.22,141.28,141.1244,141.15,0,0.0,0.0
2024-11-25 16:11:00-05:00,141.28,141.28,141.13,141.26,0,0.0,0.0
2024-11-25 16:12:00-05:00,141.24,141.42,141.13,141.315,0,0.0,0.0
2024-11-25 16:13:00-05:00,141.37,141.4,141.25,141.34,0,0.0,0.0
2024-11-25 16:14:00-05:00,141.295,141.3,141.25,141.28,0,0.0,0.0
2024-11-25 16:15:00-05:00,141.28,141.3,141.13,141.25,0,0.0,0.0
2024-11-25 16:16:00-05:00,141.27,141.32,141.22,141.29,0,0.0,0.0
2024-11-25 16:17:00-05:00,141.13,141.25,141.13,141.15,0,0.0,0.0
2024-11-25 16:18:00-05:00,141.25,141.25,141.15,141.23,0,0.0,0.0
2024-11-25 16:19:00-05:00,141.37,141.45,141.34,141.34,0,0.0,0.0
2024-11-25 16:20:00-05:00,141.3401,141.44,141.13,141.44,0,0.0,0.0
2024-11-25 16:21:00-05:00,141.31,141.4,141.31,141.32,0,0.0,0.0
2024-11-25 16:22:00-05:00,141.39,141.39,141.31,141.31,0,0.0,0.0
2024-11-25 16:23:00-05:00,141.31,141.35,141.13,141.35,0,0.0,0.0
2024-11-25 16:24:00-05:00,141.14,141.35,141.14,141.34,0,0.0,0.0
2024-11-25 16:25:00-05:00,141.25,141.34,141.22,141.26,0,0.0,0.0
2024-11-25 16:26:00-05:00,141.22,141.3,141.22,141.23,0,0.0,0.0
2024-11-25 16:27:00-05:00,141.18,141.205,141.164,141.205,0,0.0,0.0
2024-11-25 16:28:00-05:00,141.22,141.34,141.1905,141.27,0,0.0,0.0
2024-11-25 16:29:00-05:00,141.34,141.34,141.19,141.33,0,0.0,0.0
2024-11-25 16:30:00-05:00,141.3175,141.3175,141.19,141.198,0,0.0,0.0
2024-11-25 16:31:00-05:00,141.3,141.3,141.16,141.22,0,0.0,0.0
2024-11-25 16:32:00-05:00,141.16,141.25,141.16,141.25,0,0.0,0.0
2024-11-25 16:33:00-05:00,141.1631,141.2965,141.16,141.2965,0,0.0,0.0
2024-11-25 16:34:00-05:00,141.24,141.3,141.22,141.24,0,0.0,0.0
2024-11-25 16:35:00-05:00,141.3,141.3,141.24,141.29,0,0.0,0.0
2024-11-25 16:36:00-05:00,141.25,141.25,141.22,141.24,0,0.0,0.0
2024-11-25 16:37:00-05:00,141.24,141.24,141.13,141.2,0,0.0,0.0
2024-11-25 16:38:00-05:00,141.22,141.22,141.2,141.2,0,0.0,0.0
2024-11-25 16:39:00-05:00,141.29,141.29,141.2,141.245,0,0.0,0.0
2024-11-25 16:40:00-05:00,141.25,141.29,141.2,141.27,0,0.0,0.0
2024-11-25 16:41:00-05:00,141.28,141.28,141.16,141.28,0,0.0,0.0
2024-11-25 16:42:00-05:00,141.27,141.27,141.15,141.21,0,0.0,0.0
2024-11-25 16:43:00-05:00,141.24,141.245,141.15,141.245,0,0.0,0.0
2024-11-25 16:44:00-05:00,141.28,141.28,141.13,141.28,0,0.0,0.0
2024-11-25 16:45:00-05:00,141.28,141.28,141.21,141.28,0,0.0,0.0
2024-11-25 16:46:00-05:00,141.22,141.28,141.15,141.28,0,0.0,0.0
2024-11-25 16:47:00-05:00,141.215,141.28,141.15,141.23,0,0.0,0.0
2024-11-25 16:48:00-05:00,141.23,141.33,141.23,141.32,0,0.0,0.0
2024-11-25 16:49:00-05:00,141.31,141.57,141.13,141.57,0,0.0,0.0
2024-11-25 16:50:00-05:00,141.58,141.6,141.41,141.44,0,0.0,0.0
2024-11-25 16:51:00-05:00,141.44,141.44,141.25,141.295,0,0.0,0.0
2024-11-25 16:52:00-05:00,141.295,141.44,141.16,141.32,0,0.0,0.0
2024-11-25 16:53:00-05:00,141.2,141.44,141.2,141.35,0,0.0,0.0
2024-11-25 16:54:00-05:00,141.35,141.35,141.2,141.3499,0,0.0,0.0
2024-11-25 16:55:00-05:00,141.31,141.34,141.3,141.3,0,0.0,0.0
2024-11-25 16:56:00-05:00,141.25,141.3,141.25,141.3,0,0.0,0.0
2024-11-25 16:57:00-05:00,141.3,141.3,141.2,141.2025,0,0.0,0.0
2024-11-25 16:58:00-05:00,141.25,141.3,141.2,141.2,0,0.0,0.0
2024-11-25 16:59:00-05:00,141.3,141.3,141.2,141.24,0,0.0,0.0
2024-11-25 17:00:00-05:00,141.24,141.28,141.2,141.2,0,0.0,0.0
2024-11-25 17:01:00-05:00,141.2,141.27,141.2,141.27,0,0.0,0.0
2024-11-25 17:02:00-05:00,141.25,141.28,141.2,141.28,0,0.0,0.0
2024-11-25 17:03:00-05:00,141.27,141.28,141.2,141.25,0,0.0,0.0
2024-11-25 17:04:00-05:00,141.1922,141.28,141.17,141.24,0,0.0,0.0
2024-11-25 17:05:00-05:00,141.2787,141.28,141.2,141.2,0,0.0,0.0
2024-11-25 17:06:00-05:00,141.24,141.28,141.2017,141.28,0,0.0,0.0
2024-11-25 17:07:00-05:00,141.24,141.24,141.22,141.24,0,0.0,0.0
2024-11-25 17:08:00-05:00,141.24,141.28,141.24,141.28,0,0.0,0.0
2024-11-25 17:09:00-05:00,141.2,141.28,141.2,141.2,0,0.0,0.0
2024-11-25 17:10:00-05:00,141.22,141.28,141.22,141.25,0,0.0,0.0
2024-11-25 17:11:00-05:00,141.27,141.28,141.2,141.2,0,0.0,0.0
2024-11-25 17:12:00-05:00,141.28,141.28,141.2,141.27,0,0.0,0.0
2024-11-25 17:13:00-05:00,141.28,141.28,141.2,141.24,0,0.0,0.0
2024-11-25 17:14:00-05:00,141.2,141.28,141.2,141.24,0,0.0,0.0
2024-11-25 17:15:00-05:00,141.2017,141.28,141.2017,141.245,0,0.0,0.0
2024-11-25 17:16:00-05:00,141.2899,141.29,141.2,141.255,0,0.0,0.0
2024-11-25 17:17:00-05:00,141.255,141.29,141.22,141.29,0,0.0,0.0
2024-11-25 17:18:00-05:00,141.255,141.29,141.22,141.2899,0,0.0,0.0
2024-11-25 17:19:00-05:00,141.221,141.29,141.22,141.2201,0,0.0,0.0
2024-11-25 17:20:00-05:00,141.28,141.28,141.22,141.25,0,0.0,0.0
2024-11-25 17:21:00-05:00,141.26,141.29,141.22,141.2798,0,0.0,0.0
2024-11-25 17:22:00-05:00,141.29,141.29,141.22,141.245,0,0.0,0.0
2024-11-25 17:23:00-05:00,141.22,141.29,141.22,141.23,0,0.0,0.0
2024-11-25 17:24:00-05:00,141.255,141.29,141.22,141.25,0,0.0,0.0
2024-11-25 17:25:00-05:00,141.29,141.29,141.24,141.265,0,0.0,0.0
2024-11-25 17:26:00-05:00,141.241,141.29,141.24,141.28,0,0.0,0.0
2024-11-25 17:27:00-05:00,141.25,141.29,141.22,141.2201,0,0.0,0.0
2024-11-25 17:28:00-05:00,141.28,141.28,141.22,141.245,0,0.0,0.0
2024-11-25 17:29:00-05:00,141.29,141.35,141.22,141.3,0,0.0,0.0
2024-11-25 17:30:00-05:00,141.3,141.35,141.3,141.325,0,0.0,0.0
2024-11-25 17:31:00-05:00,141.35,141.35,141.3019,141.325,0,0.0,0.0
2024-11-25 17:32:00-05:00,141.3,141.35,141.3,141.35,0,0.0,0.0
2024-11-25 17:33:00-05:00,141.315,141.33,141.25,141.25,0,0.0,0.0
2024-11-25 17:34:00-05:00,141.33,141.33,141.22,141.22,0,0.0,0.0
2024-11-25 17:35:00-05:00,141.22,141.33,141.22,141.22,0,0.0,0.0
2024-11-25 17:36:00-05:00,141.275,141.33,141.22,141.25,0,0.0,0.0
2024-11-25 17:37:00-05:00,141.33,141.33,141.25,141.275,0,0.0,0.0
2024-11-25 17:38:00-05:00,141.275,141.33,141.22,141.33,0,0.0,0.0
2024-11-25 17:39:00-05:00,141.33,141.33,141.22,141.22,0,0.0,0.0
2024-11-25 17:40:00-05:00,141.33,141.33,141.22,141.26,0,0.0,0.0
2024-11-25 17:41:00-05:00,141.3,141.3,141.25,141.3,0,0.0,0.0
2024-11-25 17:42:00-05:00,141.25,141.33,141.22,141.33,0,0.0,0.0
2024-11-25 17:43:00-05:00,141.22,141.3,141.22,141.3,0,0.0,0.0
2024-11-25 17:44:00-05:00,141.3,141.3,141.15,141.15,0,0.0,0.0
2024-11-25 17:45:00-05:00,141.22,141.22,141.15,141.2,0,0.0,0.0
2024-11-25 17:46:00-05:00,141.2199,141.22,141.15,141.165,0,0.0,0.0
2024-11-25 17:47:00-05:00,141.1988,141.2,141.15,141.175,0,0.0,0.0
2024-11-25 17:48:00-05:00,141.2,141.3,141.19,141.29,0,0.0,0.0
2024-11-25 17:49:00-05:00,141.2,141.3,141.2,141.3,0,0.0,0.0
2024-11-25 17:50:00-05:00,141.13,141.25,141.13,141.25,0,0.0,0.0
2024-11-25 17:51:00-05:00,141.179,141.25,141.13,141.19,0,0.0,0.0
2024-11-25 17:52:00-05:00,141.13,141.25,141.13,141.25,0,0.0,0.0
2024-11-25 17:53:00-05:00,141.25,141.25,141.14,141.195,0,0.0,0.0
2024-11-25 17:54:00-05:00,141.2,141.25,141.15,141.15,0,0.0,0.0
2024-11-25 17:55:00-05:00,141.15,141.25,141.15,141.2,0,0.0,0.0
2024-11-25 17:56:00-05:00,141.2,141.2,141.15,141.2,0,0.0,0.0
2024-11-25 17:57:00-05:00,141.2,141.3,141.15,141.3,0,0.0,0.0
2024-11-25 17:58:00-05:00,141.25,141.2983,141.14,141.22,0,0.0,0.0
2024-11-25 17:59:00-05:00,141.3,141.3,141.14,141.14,0,0.0,0.0
2024-11-25 18:00:00-05:00,141.27,141.64,141.14,141.27,0,0.0,0.0
2024-11-25 18:01:00-05:00,141.3,141.35,141.14,141.35,0,0.0,0.0
2024-11-25 18:02:00-05:00,141.275,141.4,141.275,141.3501,0,0.0,0.0
2024-11-25 18:03:00-05:00,141.3999,141.4,141.3999,141.3999,0,0.0,0.0
2024-11-25 18:04:00-05:00,141.385,141.42,141.385,141.42,0,0.0,0.0
2024-11-25 18:05:00-05:00,141.42,141.69,141.42,141.52,0,0.0,0.0
2024-11-25 18:07:00-05:00,141.52,141.69,141.4,141.52,0,0.0,0.0
2024-11-25 18:08:00-05:00,141.58,141.69,141.575,141.6,0,0.0,0.0
2024-11-25 18:09:00-05:00,141.62,141.69,141.5501,141.6,0,0.0,0.0
2024-11-25 18:10:00-05:00,141.6,141.69,141.6,141.61,0,0.0,0.0
2024-11-25 18:11:00-05:00,141.69,141.69,141.55,141.55,0,0.0,0.0
2024-11-25 18:12:00-05:00,141.55,141.62,141.545,141.58,0,0.0,0.0
2024-11-25 18:13:00-05:00,141.5,141.69,141.5,141.69,0,0.0,0.0
2024-11-25 18:14:00-05:00,141.5,141.5999,141.5,141.5999,0,0.0,0.0
2024-11-25 18:15:00-05:00,141.5988,141.5988,141.5001,141.54,0,0.0,0.0
2024-11-25 18:16:00-05:00,141.54,141.6,141.5,141.5,0,0.0,0.0
2024-11-25 18:17:00-05:00,141.5,141.5,141.36,141.48,0,0.0,0.0
2024-11-25 18:18:00-05:00,141.5,141.6,141.48,141.6,0,0.0,0.0
2024-11-25 18:19:00-05:00,141.38,141.6,141.38,141.6,0,0.0,0.0
2024-11-25 18:20:00-05:00,141.6,141.6,141.35,141.36,0,0.0,0.0
2024-11-25 18:21:00-05:00,141.6,141.6,141.36,141.5,0,0.0,0.0
2024-11-25 18:22:00-05:00,141.56,141.56,141.48,141.48,0,0.0,0.0
2024-11-25 18:23:00-05:00,141.41,141.43,141.41,141.41,0,0.0,0.0
2024-11-25 18:24:00-05:00,141.48,141.5,141.43,141.5,0,0.0,0.0
2024-11-25 18:25:00-05:00,141.43,141.5,141.43,141.4908,0,0.0,0.0
2024-11-25 18:26:00-05:00,141.49,141.4991,141.44,141.44,0,0.0,0.0
2024-11-25 18:27:00-05:00,141.4,141.6,141.4,141.6,0,0.0,0.0
2024-11-25 18:28:00-05:00,141.5,141.6,141.5,141.5,0,0.0,0.0
2024-11-25 18:29:00-05:00,141.5,141.6,141.4,141.58,0,0.0,0.0
2024-11-25 18:30:00-05:00,141.6,141.6,141.4,141.4,0,0.0,0.0
2024-11-25 18:31:00-05:00,141.53,141.6,141.4,141.58,0,0.0,0.0
2024-11-25 18:32:00-05:00,141.6,141.6,141.5,141.525,0,0.0,0.0
2024-11-25 18:33:00-05:00,141.5003,141.55,141.5,141.5,0,0.0,0.0
2024-11-25 18:34:00-05:00,141.55,141.6,141.5,141.5,0,0.0,0.0
2024-11-25 18:35:00-05:00,141.5309,141.6,141.5,141.5,0,0.0,0.0
2024-11-25 18:36:00-05:00,141.6,141.6,141.5096,141.5096,0,0.0,0.0
2024-11-25 18:37:00-05:00,141.57,141.5991,141.5,141.5,0,0.0,0.0
2024-11-25 18:38:00-05:00,141.4,141.5,141.4,141.5,0,0.0,0.0
2024-11-25 18:39:00-05:00,141.6,141.6,141.4,141.4,0,0.0,0.0
2024-11-25 18:40:00-05:00,141.6,141.6,141.45,141.45,0,0.0,0.0
2024-11-25 18:41:00-05:00,141.48,141.5,141.19,141.4,0,0.0,0.0
2024-11-25 18:42:00-05:00,141.5,141.59,141.49,141.49,0,0.0,0.0
2024-11-25 18:43:00-05:00,141.49,141.5,141.2,141.355,0,0.0,0.0
2024-11-25 18:44:00-05:00,141.2,141.49,141.2,141.2,0,0.0,0.0
2024-11-25 18:45:00-05:00,141.3,141.3,141.23,141.3,0,0.0,0.0
2024-11-25 18:46:00-05:00,141.225,141.3,141.13,141.17,0,0.0,0.0
2024-11-25 18:47:00-05:00,141.17,141.3,141.13,141.215,0,0.0,0.0
2024-11-25 18:48:00-05:00,141.3,141.3,141.1,141.13,0,0.0,0.0
2024-11-25 18:49:00-05:00,141.1,141.13,141.1,141.1,0,0.0,0.0
2024-11-25 18:50:00-05:00,141.1,141.1,140.9,140.9,0,0.0,0.0
2024-11-25 18:51:00-05:00,141.0,141.0,140.8,140.9099,0,0.0,0.0
2024-11-25 18:52:00-05:00,140.85,140.85,140.8,140.84,0,0.0,0.0
2024-11-25 18:53:00-05:00,140.85,140.85,140.75,140.8,0,0.0,0.0
2024-11-25 18:54:00-05:00,140.79,140.8,140.57,140.57,0,0.0,0.0
2024-11-25 18:55:00-05:00,140.7,140.7,140.57,140.57,0,0.0,0.0
2024-11-25 18:56:00-05:00,140.6,140.85,140.6,140.85,0,0.0,0.0
2024-11-25 18:57:00-05:00,140.78,140.85,140.78,140.85,0,0.0,0.0
2024-11-25 18:58:00-05:00,140.78,140.85,140.57,140.85,0,0.0,0.0
2024-11-25 18:59:00-05:00,140.775,140.85,140.7,140.7,0,0.0,0.0
2024-11-25 19:00:00-05:00,140.74,140.85,140.626,140.69,0,0.0,0.0
2024-11-25 19:01:00-05:00,140.6,140.6892,140.55,140.55,0,0.0,0.0
2024-11-25 19:02:00-05:00,140.6286,140.6892,140.6286,140.6892,0,0.0,0.0
2024-11-25 19:03:00-05:00,140.69,140.8,140.6,140.7,0,0.0,0.0
2024-11-25 19:04:00-05:00,140.7,140.72,140.7,140.71,0,0.0,0.0
2024-11-25 19:05:00-05:00,140.72,140.72,140.62,140.7,0,0.0,0.0
2024-11-25 19:06:00-05:00,140.62,140.7,140.6016,140.62,0,0.0,0.0
2024-11-25 19:07:00-05:00,140.62,140.62,140.61,140.62,0,0.0,0.0
2024-11-25 19:08:00-05:00,140.74,140.8,140.6,140.61,0,0.0,0.0
2024-11-25 19:09:00-05:00,140.61,140.7186,140.61,140.7186,0,0.0,0.0
2024-11-25 19:10:00-05:00,140.7,140.8,140.6,140.7,0,0.0,0.0
2024-11-25 19:11:00-05:00,140.675,140.7,140.6,140.7,0,0.0,0.0
2024-11-25 19:12:00-05:00,140.7,140.7,140.6,140.6,0,0.0,0.0
2024-11-25 19:13:00-05:00,140.7,140.72,140.6514,140.68,0,0.0,0.0
2024-11-25 19:14:00-05:00,140.68,140.68,140.6499,140.6499,0,0.0,0.0
2024-11-25 19:15:00-05:00,140.625,140.6499,140.6,140.625,0,0.0,0.0
2024-11-25 19:16:00-05:00,140.5097,140.6,140.5,140.6,0,0.0,0.0
2024-11-25 19:17:00-05:00,140.575,140.6,140.42,140.6,0,0.0,0.0
2024-11-25 19:18:00-05:00,140.6,140.6,140.42,140.6,0,0.0,0.0
2024-11-25 19:19:00-05:00,140.6,140.6,140.425,140.425,0,0.0,0.0
2024-11-25 19:20:00-05:00,140.42,140.42,140.36,140.36,0,0.0,0.0
2024-11-25 19:21:00-05:00,140.3032,140.6,140.3032,140.3813,0,0.0,0.0
2024-11-25 19:22:00-05:00,140.4,140.45,140.38,140.45,0,0.0,0.0
2024-11-25 19:23:00-05:00,140.39,140.39,140.3,140.33,0,0.0,0.0
2024-11-25 19:24:00-05:00,140.49,140.49,140.3,140.45,0,0.0,0.0
2024-11-25 19:25:00-05:00,140.34,140.4499,140.3,140.4488,0,0.0,0.0
2024-11-25 19:26:00-05:00,140.4,140.45,140.36,140.405,0,0.0,0.0
2024-11-25 19:27:00-05:00,140.41,140.45,140.33,140.33,0,0.0,0.0
2024-11-25 19:28:00-05:00,140.45,140.45,140.3,140.37,0,0.0,0.0
2024-11-25 19:29:00-05:00,140.44,140.45,140.365,140.365,0,0.0,0.0
2024-11-25 19:30:00-05:00,140.45,140.45,140.37,140.43,0,0.0,0.0
2024-11-25 19:31:00-05:00,140.34,140.43,140.34,140.43,0,0.0,0.0
2024-11-25 19:32:00-05:00,140.41,140.5,140.4,140.4,0,0.0,0.0
2024-11-25 19:33:00-05:00,140.39,140.41,140.39,140.39,0,0.0,0.0
2024-11-25 19:34:00-05:00,140.39,140.41,140.39,140.41,0,0.0,0.0
2024-11-25 19:36:00-05:00,140.41,140.42,140.405,140.42,0,0.0,0.0
2024-11-25 19:37:00-05:00,140.4,140.4,140.39,140.4,0,0.0,0.0
2024-11-25 19:38:00-05:00,140.65,140.65,140.4,140.6,0,0.0,0.0
2024-11-25 19:39:00-05:00,140.5,140.5,140.34,140.4,0,0.0,0.0
2024-11-25 19:40:00-05:00,140.4,140.4,140.34,140.4,0,0.0,0.0
2024-11-25 19:41:00-05:00,140.4,140.4,140.34,140.34,0,0.0,0.0
2024-11-25 19:42:00-05:00,140.34,140.37,140.34,140.34,0,0.0,0.0
2024-11-25 19:43:00-05:00,140.34,140.4,140.3,140.3,0,0.0,0.0
2024-11-25 19:44:00-05:00,140.4,140.4,140.3,140.3999,0,0.0,0.0
2024-11-25 19:45:00-05:00,140.4,140.6,140.3001,140.32,0,0.0,0.0
2024-11-25 19:46:00-05:00,140.37,140.46,140.31,140.31,0,0.0,0.0
2024-11-25 19:47:00-05:00,140.63,140.63,140.4,140.4,0,0.0,0.0
2024-11-25 19:48:00-05:00,140.41,140.41,140.41,140.41,0,0.0,0.0
2024-11-25 19:49:00-05:00,140.4,140.63,140.34,140.41,0,0.0,0.0
2024-11-25 19:50:00-05:00,140.63,140.63,140.41,140.44,0,0.0,0.0
2024-11-25 19:51:00-05:00,140.41,140.63,140.41,140.5,0,0.0,0.0
2024-11-25 19:52:00-05:00,140.5,140.5,140.4101,140.45,0,0.0,0.0
2024-11-25 19:53:00-05:00,140.45,140.5,140.45,140.5,0,0.0,0.0
2024-11-25 19:54:00-05:00,140.48,140.5,140.46,140.5,0,0.0,0.0
2024-11-25 19:55:00-05:00,140.53,140.63,140.49,140.5,0,0.0,0.0
2024-11-25 19:56:00-05:00,140.5,140.63,140.5,140.63,0,0.0,0.0
2024-11-25 19:57:00-05:00,140.5,140.6,140.5,140.5402,0,0.0,0.0
2024-11-25 19:58:00-05:00,140.65,140.65,140.54,140.55,0,0.0,0.0
2024-11-25 19:59:00-05:00,140.65,140.65,140.55,140.649,0,0.0,0.0
