time,Open,High,Low,Close,Volume,Dividends,Stock Splits
2024-12-09 04:00:00-05:00,139.31,139.61,139.31,139.6,0,0.0,0.0
2024-12-09 04:01:00-05:00,139.54,139.75,139.54,139.75,0,0.0,0.0
2024-12-09 04:02:00-05:00,139.64,139.64,139.48,139.48,0,0.0,0.0
2024-12-09 04:03:00-05:00,139.43,139.62,139.43,139.6,0,0.0,0.0
2024-12-09 04:04:00-05:00,139.46,139.46,139.39,139.4,0,0.0,0.0
2024-12-09 04:05:00-05:00,139.42,139.54,139.41,139.52,0,0.0,0.0
2024-12-09 04:06:00-05:00,139.5,139.51,139.3,139.3,0,0.0,0.0
2024-12-09 04:07:00-05:00,139.3,139.3,139.21,139.21,0,0.0,0.0
2024-12-09 04:08:00-05:00,139.22,139.4,139.22,139.4,0,0.0,0.0
2024-12-09 04:09:00-05:00,139.35,139.39,139.35,139.39,0,0.0,0.0
2024-12-09 04:10:00-05:00,139.3,139.34,139.25,139.25,0,0.0,0.0
2024-12-09 04:11:00-05:00,139.22,139.37,139.22,139.37,0,0.0,0.0
2024-12-09 04:12:00-05:00,139.4,139.44,139.36,139.41,0,0.0,0.0
2024-12-09 04:13:00-05:00,139.38,139.41,139.2,139.37,0,0.0,0.0
2024-12-09 04:14:00-05:00,139.27,139.33,139.27,139.33,0,0.0,0.0
2024-12-09 04:15:00-05:00,139.27,139.29,139.27,139.29,0,0.0,0.0
2024-12-09 04:16:00-05:00,139.3,139.3,139.3,139.3,0,0.0,0.0
2024-12-09 04:17:00-05:00,139.32,139.33,139.23,139.25,0,0.0,0.0
2024-12-09 04:18:00-05:00,139.2,139.2,139.14,139.2,0,0.0,0.0
2024-12-09 04:19:00-05:00,139.28,139.28,139.18,139.18,0,0.0,0.0
2024-12-09 04:20:00-05:00,139.17,139.24,139.17,139.19,0,0.0,0.0
2024-12-09 04:21:00-05:00,139.18,139.22,139.1,139.1,0,0.0,0.0
2024-12-09 04:22:00-05:00,139.1,139.1,139.1,139.1,0,0.0,0.0
2024-12-09 04:23:00-05:00,139.1,139.1,139.01,139.01,0,0.0,0.0
2024-12-09 04:24:00-05:00,139.06,139.16,139.06,139.15,0,0.0,0.0
2024-12-09 04:25:00-05:00,139.23,139.23,139.17,139.18,0,0.0,0.0
2024-12-09 04:26:00-05:00,139.14,139.14,139.14,139.14,0,0.0,0.0
2024-12-09 04:28:00-05:00,139.17,139.17,139.17,139.17,0,0.0,0.0
2024-12-09 04:29:00-05:00,139.14,139.17,139.1,139.14,0,0.0,0.0
2024-12-09 04:30:00-05:00,139.14,139.16,139.14,139.16,0,0.0,0.0
2024-12-09 04:31:00-05:00,139.16,139.16,139.16,139.16,0,0.0,0.0
2024-12-09 04:32:00-05:00,139.2,139.2,139.18,139.18,0,0.0,0.0
2024-12-09 04:33:00-05:00,139.16,139.16,139.1,139.15,0,0.0,0.0
2024-12-09 04:34:00-05:00,139.15,139.15,139.15,139.15,0,0.0,0.0
2024-12-09 04:35:00-05:00,139.1,139.14,139.1,139.12,0,0.0,0.0
2024-12-09 04:37:00-05:00,139.05,139.05,138.9,139.01,0,0.0,0.0
2024-12-09 04:38:00-05:00,138.94,138.99,138.94,138.99,0,0.0,0.0
2024-12-09 04:39:00-05:00,139.04,139.04,138.96,138.96,0,0.0,0.0
2024-12-09 04:40:00-05:00,138.94,138.94,138.94,138.94,0,0.0,0.0
2024-12-09 04:41:00-05:00,138.91,138.91,138.91,138.91,0,0.0,0.0
2024-12-09 04:42:00-05:00,138.9,138.9,138.9,138.9,0,0.0,0.0
2024-12-09 04:43:00-05:00,138.9,138.91,138.9,138.91,0,0.0,0.0
2024-12-09 04:44:00-05:00,138.96,138.99,138.94,138.97,0,0.0,0.0
2024-12-09 04:45:00-05:00,139.0,139.08,139.0,139.08,0,0.0,0.0
2024-12-09 04:46:00-05:00,139.0,139.0,138.99,138.99,0,0.0,0.0
2024-12-09 04:47:00-05:00,138.97,138.97,138.9,138.9,0,0.0,0.0
2024-12-09 04:48:00-05:00,138.96,138.98,138.92,138.98,0,0.0,0.0
2024-12-09 04:49:00-05:00,139.0,139.0,138.89,138.89,0,0.0,0.0
2024-12-09 04:50:00-05:00,138.9,138.9,138.85,138.85,0,0.0,0.0
2024-12-09 04:53:00-05:00,138.81,138.81,138.7,138.72,0,0.0,0.0
2024-12-09 04:54:00-05:00,138.8,138.8,138.8,138.8,0,0.0,0.0
2024-12-09 04:56:00-05:00,138.8,138.8,138.7,138.7,0,0.0,0.0
2024-12-09 04:57:00-05:00,138.7,138.7,138.68,138.68,0,0.0,0.0
2024-12-09 04:58:00-05:00,138.75,138.75,138.75,138.75,0,0.0,0.0
2024-12-09 04:59:00-05:00,138.76,138.82,138.76,138.82,0,0.0,0.0
2024-12-09 05:00:00-05:00,138.81,138.81,138.79,138.79,0,0.0,0.0
2024-12-09 05:01:00-05:00,138.72,138.77,138.72,138.77,0,0.0,0.0
2024-12-09 05:02:00-05:00,138.72,138.8,138.72,138.72,0,0.0,0.0
2024-12-09 05:03:00-05:00,138.72,138.8,138.72,138.8,0,0.0,0.0
2024-12-09 05:06:00-05:00,138.89,138.89,138.81,138.81,0,0.0,0.0
2024-12-09 05:07:00-05:00,138.87,138.89,138.8,138.8,0,0.0,0.0
2024-12-09 05:08:00-05:00,138.88,138.88,138.85,138.85,0,0.0,0.0
2024-12-09 05:09:00-05:00,138.81,138.9,138.79,138.9,0,0.0,0.0
2024-12-09 05:10:00-05:00,138.81,138.81,138.81,138.81,0,0.0,0.0
2024-12-09 05:11:00-05:00,138.85,138.87,138.85,138.87,0,0.0,0.0
2024-12-09 05:12:00-05:00,138.95,138.95,138.95,138.95,0,0.0,0.0
2024-12-09 05:13:00-05:00,138.92,138.92,138.92,138.92,0,0.0,0.0
2024-12-09 05:14:00-05:00,138.99,139.0,138.99,139.0,0,0.0,0.0
2024-12-09 05:15:00-05:00,138.95,138.95,138.95,138.95,0,0.0,0.0
2024-12-09 05:18:00-05:00,138.92,138.92,138.7,138.7,0,0.0,0.0
2024-12-09 05:19:00-05:00,138.82,138.88,138.82,138.88,0,0.0,0.0
2024-12-09 05:21:00-05:00,138.81,138.81,138.81,138.81,0,0.0,0.0
2024-12-09 05:22:00-05:00,138.88,138.88,138.88,138.88,0,0.0,0.0
2024-12-09 05:24:00-05:00,138.92,138.92,138.92,138.92,0,0.0,0.0
2024-12-09 05:27:00-05:00,138.86,138.9,138.86,138.88,0,0.0,0.0
2024-12-09 05:29:00-05:00,138.84,138.84,138.84,138.84,0,0.0,0.0
2024-12-09 05:30:00-05:00,138.87,138.87,138.84,138.85,0,0.0,0.0
2024-12-09 05:31:00-05:00,138.88,138.88,138.81,138.81,0,0.0,0.0
2024-12-09 05:33:00-05:00,138.8,138.8,138.8,138.8,0,0.0,0.0
2024-12-09 05:35:00-05:00,138.81,138.85,138.81,138.84,0,0.0,0.0
2024-12-09 05:39:00-05:00,138.81,138.81,138.8,138.8,0,0.0,0.0
2024-12-09 05:40:00-05:00,138.75,138.75,138.74,138.74,0,0.0,0.0
2024-12-09 05:41:00-05:00,138.74,138.74,138.74,138.74,0,0.0,0.0
2024-12-09 05:43:00-05:00,138.81,138.81,138.7,138.7,0,0.0,0.0
2024-12-09 05:44:00-05:00,138.73,138.73,138.0,138.0,0,0.0,0.0
2024-12-09 05:45:00-05:00,138.03,138.03,136.17,136.18,0,0.0,0.0
2024-12-09 05:46:00-05:00,136.39,136.54,135.88,136.11,0,0.0,0.0
2024-12-09 05:47:00-05:00,136.37,136.4,135.9,136.1,0,0.0,0.0
2024-12-09 05:48:00-05:00,136.36,136.38,135.78,136.2,0,0.0,0.0
2024-12-09 05:49:00-05:00,136.3,136.31,135.8,135.99,0,0.0,0.0
2024-12-09 05:50:00-05:00,135.98,136.5,135.98,136.5,0,0.0,0.0
2024-12-09 05:51:00-05:00,136.5,136.57,136.38,136.4,0,0.0,0.0
2024-12-09 05:52:00-05:00,136.44,136.53,136.05,136.19,0,0.0,0.0
2024-12-09 05:53:00-05:00,136.26,136.32,136.19,136.2,0,0.0,0.0
2024-12-09 05:54:00-05:00,136.26,136.3,135.56,135.88,0,0.0,0.0
2024-12-09 05:55:00-05:00,136.0,136.3,136.0,136.13,0,0.0,0.0
2024-12-09 05:56:00-05:00,136.2,136.27,136.07,136.24,0,0.0,0.0
2024-12-09 05:57:00-05:00,136.27,136.34,136.1,136.1,0,0.0,0.0
2024-12-09 05:58:00-05:00,136.23,136.26,136.12,136.26,0,0.0,0.0
2024-12-09 05:59:00-05:00,136.2,136.2,135.83,135.9,0,0.0,0.0
2024-12-09 06:00:00-05:00,135.9,136.0,135.9,135.96,0,0.0,0.0
2024-12-09 06:01:00-05:00,135.97,136.21,135.97,136.21,0,0.0,0.0
2024-12-09 06:02:00-05:00,136.2,136.28,136.14,136.19,0,0.0,0.0
2024-12-09 06:03:00-05:00,136.12,136.2,136.12,136.19,0,0.0,0.0
2024-12-09 06:04:00-05:00,136.19,136.29,136.19,136.21,0,0.0,0.0
2024-12-09 06:05:00-05:00,136.2,136.26,136.14,136.22,0,0.0,0.0
2024-12-09 06:06:00-05:00,136.2,136.2,136.14,136.14,0,0.0,0.0
2024-12-09 06:07:00-05:00,136.2,136.2,136.18,136.18,0,0.0,0.0
2024-12-09 06:08:00-05:00,136.2,136.32,136.2,136.32,0,0.0,0.0
2024-12-09 06:09:00-05:00,136.29,136.33,136.1,136.11,0,0.0,0.0
2024-12-09 06:10:00-05:00,136.18,136.18,135.99,135.99,0,0.0,0.0
2024-12-09 06:11:00-05:00,136.05,136.05,136.05,136.05,0,0.0,0.0
2024-12-09 06:12:00-05:00,136.11,136.19,136.11,136.18,0,0.0,0.0
2024-12-09 06:13:00-05:00,136.17,136.3,136.16,136.29,0,0.0,0.0
2024-12-09 06:14:00-05:00,136.3,136.35,136.29,136.35,0,0.0,0.0
2024-12-09 06:15:00-05:00,136.33,136.33,136.2,136.3,0,0.0,0.0
2024-12-09 06:16:00-05:00,136.3,136.42,136.26,136.37,0,0.0,0.0
2024-12-09 06:17:00-05:00,136.4,136.43,136.27,136.35,0,0.0,0.0
2024-12-09 06:18:00-05:00,136.35,136.4,136.29,136.4,0,0.0,0.0
2024-12-09 06:19:00-05:00,136.43,136.5,136.25,136.5,0,0.0,0.0
2024-12-09 06:20:00-05:00,136.4,136.4,136.28,136.28,0,0.0,0.0
2024-12-09 06:21:00-05:00,136.45,136.45,136.45,136.45,0,0.0,0.0
2024-12-09 06:22:00-05:00,136.41,136.5,136.38,136.38,0,0.0,0.0
2024-12-09 06:23:00-05:00,136.45,136.45,136.4,136.4,0,0.0,0.0
2024-12-09 06:24:00-05:00,136.45,136.45,136.28,136.34,0,0.0,0.0
2024-12-09 06:25:00-05:00,136.38,136.38,136.26,136.29,0,0.0,0.0
2024-12-09 06:26:00-05:00,136.24,136.29,136.2,136.2,0,0.0,0.0
2024-12-09 06:27:00-05:00,136.2,136.2,135.98,136.0,0,0.0,0.0
2024-12-09 06:28:00-05:00,136.0,136.0,135.95,136.0,0,0.0,0.0
2024-12-09 06:29:00-05:00,135.96,136.11,135.95,136.11,0,0.0,0.0
2024-12-09 06:30:00-05:00,136.02,136.02,136.0,136.0,0,0.0,0.0
2024-12-09 06:31:00-05:00,136.01,136.01,135.91,135.97,0,0.0,0.0
2024-12-09 06:32:00-05:00,136.0,136.01,136.0,136.01,0,0.0,0.0
2024-12-09 06:33:00-05:00,136.01,136.01,135.95,135.97,0,0.0,0.0
2024-12-09 06:34:00-05:00,136.0,136.02,135.56,135.75,0,0.0,0.0
2024-12-09 06:35:00-05:00,135.82,135.94,135.71,135.94,0,0.0,0.0
2024-12-09 06:36:00-05:00,135.94,135.94,135.82,135.82,0,0.0,0.0
2024-12-09 06:37:00-05:00,135.85,135.96,135.64,135.95,0,0.0,0.0
2024-12-09 06:38:00-05:00,135.91,135.91,135.8,135.83,0,0.0,0.0
2024-12-09 06:39:00-05:00,135.8,135.83,135.8,135.83,0,0.0,0.0
2024-12-09 06:40:00-05:00,135.75,135.82,135.54,135.82,0,0.0,0.0
2024-12-09 06:41:00-05:00,135.83,135.85,135.68,135.79,0,0.0,0.0
2024-12-09 06:42:00-05:00,135.68,135.73,135.5,135.57,0,0.0,0.0
2024-12-09 06:43:00-05:00,135.51,135.61,135.5,135.61,0,0.0,0.0
2024-12-09 06:44:00-05:00,135.86,136.03,135.64,136.03,0,0.0,0.0
2024-12-09 06:45:00-05:00,136.07,136.31,136.06,136.09,0,0.0,0.0
2024-12-09 06:46:00-05:00,136.2,136.36,136.2,136.32,0,0.0,0.0
2024-12-09 06:47:00-05:00,136.33,136.33,136.07,136.07,0,0.0,0.0
2024-12-09 06:48:00-05:00,136.18,136.25,136.18,136.25,0,0.0,0.0
2024-12-09 06:49:00-05:00,136.29,136.32,136.14,136.32,0,0.0,0.0
2024-12-09 06:50:00-05:00,136.34,136.39,136.3,136.3,0,0.0,0.0
2024-12-09 06:51:00-05:00,136.3,136.35,136.26,136.3,0,0.0,0.0
2024-12-09 06:52:00-05:00,136.26,136.28,136.2,136.2,0,0.0,0.0
2024-12-09 06:53:00-05:00,136.25,136.25,136.22,136.22,0,0.0,0.0
2024-12-09 06:54:00-05:00,136.2,136.26,136.08,136.22,0,0.0,0.0
2024-12-09 06:55:00-05:00,136.14,136.2,136.14,136.2,0,0.0,0.0
2024-12-09 06:56:00-05:00,136.08,136.23,136.0,136.22,0,0.0,0.0
2024-12-09 06:57:00-05:00,136.24,136.24,136.01,136.14,0,0.0,0.0
2024-12-09 06:58:00-05:00,136.15,136.15,136.15,136.15,0,0.0,0.0
2024-12-09 06:59:00-05:00,136.2,136.2,136.18,136.18,0,0.0,0.0
2024-12-09 07:00:00-05:00,136.29,136.5,136.29,136.37,0,0.0,0.0
2024-12-09 07:01:00-05:00,136.36,136.36,136.13,136.13,0,0.0,0.0
2024-12-09 07:02:00-05:00,136.16,136.29,136.16,136.29,0,0.0,0.0
2024-12-09 07:03:00-05:00,136.3,136.32,136.2,136.32,0,0.0,0.0
2024-12-09 07:04:00-05:00,136.28,136.34,136.28,136.34,0,0.0,0.0
2024-12-09 07:05:00-05:00,136.45,136.539,136.45,136.53,0,0.0,0.0
2024-12-09 07:06:00-05:00,136.55,136.56,136.4,136.4,0,0.0,0.0
2024-12-09 07:07:00-05:00,136.39,136.47,136.38,136.46,0,0.0,0.0
2024-12-09 07:08:00-05:00,136.48,136.58,136.45,136.58,0,0.0,0.0
2024-12-09 07:09:00-05:00,136.58,136.64,136.4,136.42,0,0.0,0.0
2024-12-09 07:10:00-05:00,136.42,136.56,136.36,136.54,0,0.0,0.0
2024-12-09 07:11:00-05:00,136.54,136.54,136.3,136.3,0,0.0,0.0
2024-12-09 07:12:00-05:00,136.31,136.53,136.1,136.1,0,0.0,0.0
2024-12-09 07:13:00-05:00,136.3,136.3,136.3,136.3,0,0.0,0.0
2024-12-09 07:14:00-05:00,136.3,136.5,136.3,136.49,0,0.0,0.0
2024-12-09 07:15:00-05:00,136.46,136.53,136.19,136.26,0,0.0,0.0
2024-12-09 07:16:00-05:00,136.34,136.37,136.27,136.37,0,0.0,0.0
2024-12-09 07:17:00-05:00,136.37,136.37,136.23,136.3,0,0.0,0.0
2024-12-09 07:18:00-05:00,136.23,136.32,136.15,136.23,0,0.0,0.0
2024-12-09 07:19:00-05:00,136.2,136.22,136.0,136.08,0,0.0,0.0
2024-12-09 07:20:00-05:00,136.14,136.16,136.09,136.16,0,0.0,0.0
2024-12-09 07:21:00-05:00,136.13,136.2,136.13,136.2,0,0.0,0.0
2024-12-09 07:22:00-05:00,136.2,136.36,136.2,136.3,0,0.0,0.0
2024-12-09 07:23:00-05:00,136.33,136.39,136.33,136.39,0,0.0,0.0
2024-12-09 07:24:00-05:00,136.34,136.39,136.34,136.39,0,0.0,0.0
2024-12-09 07:25:00-05:00,136.39,136.39,136.3,136.34,0,0.0,0.0
2024-12-09 07:26:00-05:00,136.34,136.4,136.26,136.26,0,0.0,0.0
2024-12-09 07:27:00-05:00,136.3,136.42,136.3,136.42,0,0.0,0.0
2024-12-09 07:28:00-05:00,136.42,136.43,136.33,136.42,0,0.0,0.0
2024-12-09 07:29:00-05:00,136.44,136.55,136.44,136.5,0,0.0,0.0
2024-12-09 07:30:00-05:00,136.5,136.58,136.46,136.58,0,0.0,0.0
2024-12-09 07:31:00-05:00,136.6,136.6,136.56,136.56,0,0.0,0.0
2024-12-09 07:32:00-05:00,136.56,136.56,136.5,136.5,0,0.0,0.0
2024-12-09 07:33:00-05:00,136.5,136.56,136.47,136.56,0,0.0,0.0
2024-12-09 07:34:00-05:00,136.56,136.56,136.43,136.48,0,0.0,0.0
2024-12-09 07:35:00-05:00,136.5,136.5,136.35,136.35,0,0.0,0.0
2024-12-09 07:36:00-05:00,136.36,136.41,136.36,136.41,0,0.0,0.0
2024-12-09 07:37:00-05:00,136.49,136.5,136.42,136.48,0,0.0,0.0
2024-12-09 07:38:00-05:00,136.46,136.54,136.44,136.54,0,0.0,0.0
2024-12-09 07:39:00-05:00,136.51,136.51,136.45,136.45,0,0.0,0.0
2024-12-09 07:40:00-05:00,136.45,136.5,136.44,136.5,0,0.0,0.0
2024-12-09 07:41:00-05:00,136.53,136.58,136.53,136.58,0,0.0,0.0
2024-12-09 07:42:00-05:00,136.58,136.61,136.55,136.6,0,0.0,0.0
2024-12-09 07:43:00-05:00,136.58,136.58,136.53,136.57,0,0.0,0.0
2024-12-09 07:44:00-05:00,136.56,136.58,136.51,136.55,0,0.0,0.0
2024-12-09 07:45:00-05:00,136.51,136.61,136.51,136.61,0,0.0,0.0
2024-12-09 07:46:00-05:00,136.64,136.65,136.56,136.56,0,0.0,0.0
2024-12-09 07:47:00-05:00,136.6,136.6,136.53,136.6,0,0.0,0.0
2024-12-09 07:48:00-05:00,136.63,136.63,136.55,136.59,0,0.0,0.0
2024-12-09 07:49:00-05:00,136.6,136.6,136.4,136.5,0,0.0,0.0
2024-12-09 07:50:00-05:00,136.4,136.5,136.38,136.45,0,0.0,0.0
2024-12-09 07:51:00-05:00,136.4,136.43,136.14,136.14,0,0.0,0.0
2024-12-09 07:52:00-05:00,136.33,136.36,136.26,136.26,0,0.0,0.0
2024-12-09 07:53:00-05:00,136.26,136.35,136.26,136.35,0,0.0,0.0
2024-12-09 07:54:00-05:00,136.3,136.3,136.23,136.26,0,0.0,0.0
2024-12-09 07:55:00-05:00,136.27,136.27,136.27,136.27,0,0.0,0.0
2024-12-09 07:56:00-05:00,136.25,136.27,136.25,136.27,0,0.0,0.0
2024-12-09 07:57:00-05:00,136.26,136.27,136.26,136.27,0,0.0,0.0
2024-12-09 07:58:00-05:00,136.26,136.26,136.25,136.26,0,0.0,0.0
2024-12-09 07:59:00-05:00,136.27,136.4,136.27,136.4,0,0.0,0.0
2024-12-09 08:00:00-05:00,136.2,144.9988,135.544,136.3088,0,0.0,0.0
2024-12-09 08:01:00-05:00,136.061,139.86,136.061,136.5,0,0.0,0.0
2024-12-09 08:02:00-05:00,136.455,139.86,136.442,136.565,0,0.0,0.0
2024-12-09 08:03:00-05:00,136.54,136.57,136.42,136.49,0,0.0,0.0
2024-12-09 08:04:00-05:00,136.55,136.55,136.36,136.54,0,0.0,0.0
2024-12-09 08:05:00-05:00,136.53,138.59,136.4,136.44,0,0.0,0.0
2024-12-09 08:06:00-05:00,136.44,136.5,136.4,136.5,0,0.0,0.0
2024-12-09 08:07:00-05:00,136.4983,136.54,136.45,136.54,0,0.0,0.0
2024-12-09 08:08:00-05:00,136.55,136.59,136.5,136.54,0,0.0,0.0
2024-12-09 08:09:00-05:00,136.55,136.59,136.48,136.52,0,0.0,0.0
2024-12-09 08:10:00-05:00,136.54,136.55,136.45,136.5,0,0.0,0.0
2024-12-09 08:11:00-05:00,136.47,136.47,136.11,136.31,0,0.0,0.0
2024-12-09 08:12:00-05:00,136.27,136.37,136.18,136.32,0,0.0,0.0
2024-12-09 08:13:00-05:00,136.32,136.32,136.2,136.23,0,0.0,0.0
2024-12-09 08:14:00-05:00,136.2984,136.3,136.23,136.29,0,0.0,0.0
2024-12-09 08:15:00-05:00,136.29,136.35,136.23,136.3,0,0.0,0.0
2024-12-09 08:16:00-05:00,136.3,136.4,136.23,136.29,0,0.0,0.0
2024-12-09 08:17:00-05:00,136.3498,136.35,136.23,136.2994,0,0.0,0.0
2024-12-09 08:18:00-05:00,136.27,136.36,136.27,136.34,0,0.0,0.0
2024-12-09 08:19:00-05:00,136.36,136.41,136.3,136.39,0,0.0,0.0
2024-12-09 08:20:00-05:00,136.355,136.41,136.355,136.37,0,0.0,0.0
2024-12-09 08:21:00-05:00,136.4,136.5,136.35,136.5,0,0.0,0.0
2024-12-09 08:22:00-05:00,136.4118,136.5,136.4118,136.48,0,0.0,0.0
2024-12-09 08:23:00-05:00,136.49,136.49,136.35,136.44,0,0.0,0.0
2024-12-09 08:24:00-05:00,136.4152,136.42,136.36,136.42,0,0.0,0.0
2024-12-09 08:25:00-05:00,136.39,136.49,136.36,136.445,0,0.0,0.0
2024-12-09 08:26:00-05:00,136.49,136.49,136.36,136.479,0,0.0,0.0
2024-12-09 08:27:00-05:00,136.46,136.48,136.36,136.45,0,0.0,0.0
2024-12-09 08:28:00-05:00,136.45,136.48,136.35,136.415,0,0.0,0.0
2024-12-09 08:29:00-05:00,136.47,136.47,136.36,136.445,0,0.0,0.0
2024-12-09 08:30:00-05:00,136.42,136.47,136.41,136.47,0,0.0,0.0
2024-12-09 08:31:00-05:00,136.47,136.5,136.44,136.5,0,0.0,0.0
2024-12-09 08:32:00-05:00,136.5,136.5,136.44,136.44,0,0.0,0.0
2024-12-09 08:33:00-05:00,136.48,136.5,136.44,136.48,0,0.0,0.0
2024-12-09 08:34:00-05:00,136.47,136.5,136.43,136.46,0,0.0,0.0
2024-12-09 08:35:00-05:00,136.47,136.49,136.42,136.45,0,0.0,0.0
2024-12-09 08:36:00-05:00,136.46,136.47,136.4,136.44,0,0.0,0.0
2024-12-09 08:37:00-05:00,136.46,136.46,136.4,136.46,0,0.0,0.0
2024-12-09 08:38:00-05:00,136.47,136.59,136.47,136.56,0,0.0,0.0
2024-12-09 08:39:00-05:00,136.55,136.59,136.49,136.555,0,0.0,0.0
2024-12-09 08:40:00-05:00,136.59,136.84,136.58,136.84,0,0.0,0.0
2024-12-09 08:41:00-05:00,136.73,136.94,136.72,136.91,0,0.0,0.0
2024-12-09 08:42:00-05:00,136.9392,136.94,136.8,136.91,0,0.0,0.0
2024-12-09 08:43:00-05:00,136.86,136.94,136.8,136.87,0,0.0,0.0
2024-12-09 08:44:00-05:00,136.87,136.92,136.78,136.9,0,0.0,0.0
2024-12-09 08:45:00-05:00,136.89,136.9,136.84,136.899,0,0.0,0.0
2024-12-09 08:46:00-05:00,136.9,136.9,136.8,136.85,0,0.0,0.0
2024-12-09 08:47:00-05:00,136.8593,136.9,136.82,136.87,0,0.0,0.0
2024-12-09 08:48:00-05:00,136.87,136.92,136.87,136.9,0,0.0,0.0
2024-12-09 08:49:00-05:00,136.9004,136.92,136.87,136.9,0,0.0,0.0
2024-12-09 08:50:00-05:00,136.9,136.92,136.8,136.8,0,0.0,0.0
2024-12-09 08:51:00-05:00,136.91,136.91,136.8,136.86,0,0.0,0.0
2024-12-09 08:52:00-05:00,136.89,136.92,136.86,136.92,0,0.0,0.0
2024-12-09 08:53:00-05:00,136.9,136.92,136.86,136.9,0,0.0,0.0
2024-12-09 08:54:00-05:00,136.9,136.9,136.85,136.85,0,0.0,0.0
2024-12-09 08:55:00-05:00,136.88,136.9,136.79,136.79,0,0.0,0.0
2024-12-09 08:56:00-05:00,136.8,136.9,136.78,136.84,0,0.0,0.0
2024-12-09 08:57:00-05:00,136.82,136.92,136.82,136.9,0,0.0,0.0
2024-12-09 08:58:00-05:00,136.9,136.92,136.85,136.86,0,0.0,0.0
2024-12-09 08:59:00-05:00,136.88,136.9,136.7,136.725,0,0.0,0.0
2024-12-09 09:00:00-05:00,136.7,136.76,136.55,136.76,0,0.0,0.0
2024-12-09 09:01:00-05:00,136.75,136.8,136.6,136.6,0,0.0,0.0
2024-12-09 09:02:00-05:00,136.79,136.83,136.6,136.75,0,0.0,0.0
2024-12-09 09:03:00-05:00,136.7494,136.75,136.67,136.75,0,0.0,0.0
2024-12-09 09:04:00-05:00,136.7,136.9,136.7,136.8984,0,0.0,0.0
2024-12-09 09:05:00-05:00,136.85,136.9,136.775,136.85,0,0.0,0.0
2024-12-09 09:06:00-05:00,136.85,136.85,136.7,136.75,0,0.0,0.0
2024-12-09 09:07:00-05:00,136.77,136.8,136.68,136.71,0,0.0,0.0
2024-12-09 09:08:00-05:00,136.76,136.76,136.68,136.72,0,0.0,0.0
2024-12-09 09:09:00-05:00,136.68,136.7499,136.62,136.66,0,0.0,0.0
2024-12-09 09:10:00-05:00,136.685,136.75,136.6,136.61,0,0.0,0.0
2024-12-09 09:11:00-05:00,136.6617,136.67,136.58,136.66,0,0.0,0.0
2024-12-09 09:12:00-05:00,136.58,136.64,136.5501,136.6,0,0.0,0.0
2024-12-09 09:13:00-05:00,136.6198,136.6198,136.3,136.36,0,0.0,0.0
2024-12-09 09:14:00-05:00,136.45,136.45,136.3343,136.44,0,0.0,0.0
2024-12-09 09:15:00-05:00,136.44,136.45,136.35,136.39,0,0.0,0.0
2024-12-09 09:16:00-05:00,136.4,136.52,136.35,136.37,0,0.0,0.0
2024-12-09 09:17:00-05:00,136.37,136.37,136.25,136.3,0,0.0,0.0
2024-12-09 09:18:00-05:00,136.31,136.35,136.21,136.24,0,0.0,0.0
2024-12-09 09:19:00-05:00,136.3,136.35,136.25,136.25,0,0.0,0.0
2024-12-09 09:20:00-05:00,136.25,136.35,136.25,136.33,0,0.0,0.0
2024-12-09 09:21:00-05:00,136.33,136.35,136.25,136.2522,0,0.0,0.0
2024-12-09 09:22:00-05:00,136.35,136.44,136.34,136.44,0,0.0,0.0
2024-12-09 09:23:00-05:00,136.44,136.44,136.25,136.34,0,0.0,0.0
2024-12-09 09:24:00-05:00,136.42,136.42,136.3,136.3,0,0.0,0.0
2024-12-09 09:25:00-05:00,136.255,136.294,136.14,136.15,0,0.0,0.0
2024-12-09 09:26:00-05:00,136.14,136.37,136.11,136.18,0,0.0,0.0
2024-12-09 09:27:00-05:00,136.1987,136.2,135.94,135.94,0,0.0,0.0
2024-12-09 09:28:00-05:00,136.015,136.015,135.45,135.8,0,0.0,0.0
2024-12-09 09:29:00-05:00,135.79,135.95,135.59,135.64,0,0.0,0.0
2024-12-09 09:30:00-05:00,135.6820068359375,135.77000427246094,134.52000427246094,134.5800018310547,3146583,0.0,0.0
2024-12-09 09:31:00-05:00,134.57989501953125,134.6699981689453,133.85000610351562,134.07000732421875,818747,0.0,0.0
2024-12-09 09:32:00-05:00,134.05999755859375,134.2899932861328,133.5200958251953,133.92709350585938,503525,0.0,0.0
2024-12-09 09:33:00-05:00,133.88999938964844,134.0413055419922,133.13999938964844,133.2675018310547,441515,0.0,0.0
2024-12-09 09:34:00-05:00,133.27999877929688,133.47999572753906,132.69000244140625,132.93820190429688,584600,0.0,0.0
2024-12-09 09:35:00-05:00,132.91810607910156,133.0800018310547,132.39999389648438,132.63279724121094,538592,0.0,0.0
2024-12-09 09:36:00-05:00,132.63499450683594,133.0500030517578,132.5800018310547,133.02310180664062,346004,0.0,0.0
2024-12-09 09:37:00-05:00,133.0399932861328,133.5399932861328,132.9600067138672,133.2700958251953,320642,0.0,0.0
2024-12-09 09:38:00-05:00,133.2700958251953,133.6199951171875,133.25,133.27659606933594,352060,0.0,0.0
2024-12-09 09:39:00-05:00,133.3000030517578,133.5500030517578,133.14999389648438,133.44020080566406,268499,0.0,0.0
2024-12-09 09:40:00-05:00,133.4499969482422,133.8300018310547,133.39549255371094,133.80999755859375,258470,0.0,0.0
2024-12-09 09:41:00-05:00,133.83680725097656,134.07980346679688,133.64999389648438,133.97999572753906,248388,0.0,0.0
2024-12-09 09:42:00-05:00,133.99000549316406,134.07000732421875,133.8699951171875,133.9600067138672,179496,0.0,0.0
2024-12-09 09:43:00-05:00,133.95989990234375,134.0399932861328,133.83999633789062,133.9600067138672,184618,0.0,0.0
2024-12-09 09:44:00-05:00,133.96749877929688,134.02000427246094,133.8350067138672,133.8885955810547,142337,0.0,0.0
2024-12-09 09:45:00-05:00,133.85000610351562,133.9499053955078,133.72999572753906,133.8300018310547,201336,0.0,0.0
2024-12-09 09:46:00-05:00,133.83009338378906,134.4600067138672,133.8000030517578,134.42990112304688,265162,0.0,0.0
2024-12-09 09:47:00-05:00,134.4149932861328,134.57000732421875,134.22999572753906,134.25,216641,0.0,0.0
2024-12-09 09:48:00-05:00,134.25,134.5,134.14700317382812,134.20050048828125,196002,0.0,0.0
2024-12-09 09:49:00-05:00,134.24989318847656,134.35000610351562,134.13999938964844,134.27999877929688,166519,0.0,0.0
2024-12-09 09:50:00-05:00,134.25999450683594,134.5,134.25999450683594,134.44149780273438,150671,0.0,0.0
2024-12-09 09:51:00-05:00,134.42010498046875,134.5095977783203,134.33059692382812,134.33059692382812,150835,0.0,0.0
2024-12-09 09:52:00-05:00,134.3300018310547,134.3498992919922,133.97210693359375,134.02000427246094,215329,0.0,0.0
2024-12-09 09:53:00-05:00,134.02000427246094,134.35760498046875,133.97000122070312,134.3175048828125,130215,0.0,0.0
2024-12-09 09:54:00-05:00,134.3000030517578,134.50999450683594,134.3000030517578,134.5,191342,0.0,0.0
2024-12-09 09:55:00-05:00,134.49000549316406,134.5,134.3300018310547,134.4250030517578,111942,0.0,0.0
2024-12-09 09:56:00-05:00,134.414306640625,134.44000244140625,134.3000030517578,134.35400390625,105863,0.0,0.0
2024-12-09 09:57:00-05:00,134.37530517578125,134.37530517578125,134.2100067138672,134.26600646972656,114733,0.0,0.0
2024-12-09 09:58:00-05:00,134.268798828125,134.3074951171875,134.1199951171875,134.1378936767578,85922,0.0,0.0
2024-12-09 09:59:00-05:00,134.14999389648438,134.1638946533203,133.75999450683594,133.8498992919922,204090,0.0,0.0
2024-12-09 10:00:00-05:00,133.83999633789062,133.87100219726562,133.52999877929688,133.58140563964844,224805,0.0,0.0
2024-12-09 10:01:00-05:00,133.5800018310547,133.58740234375,133.2899932861328,133.4199981689453,282395,0.0,0.0
2024-12-09 10:02:00-05:00,133.41000366210938,133.5299072265625,133.30999755859375,133.33999633789062,172044,0.0,0.0
2024-12-09 10:03:00-05:00,133.36000061035156,133.49000549316406,133.1300048828125,133.17999267578125,237107,0.0,0.0
2024-12-09 10:04:00-05:00,133.14999389648438,133.6833038330078,133.14529418945312,133.55999755859375,186298,0.0,0.0
2024-12-09 10:05:00-05:00,133.57000732421875,133.7100067138672,133.49000549316406,133.4925994873047,151251,0.0,0.0
2024-12-09 10:06:00-05:00,133.49009704589844,133.5,133.32000732421875,133.3350067138672,118213,0.0,0.0
2024-12-09 10:07:00-05:00,133.33999633789062,133.44000244140625,133.3282928466797,133.36000061035156,138038,0.0,0.0
2024-12-09 10:08:00-05:00,133.33999633789062,133.625,133.3300018310547,133.56069946289062,125554,0.0,0.0
2024-12-09 10:09:00-05:00,133.57000732421875,133.8699951171875,133.55999755859375,133.8300018310547,190311,0.0,0.0
2024-12-09 10:10:00-05:00,133.8000946044922,133.97000122070312,133.7899932861328,133.86590576171875,147570,0.0,0.0
2024-12-09 10:11:00-05:00,133.91000366210938,134.07000732421875,133.86000061035156,133.9600067138672,139294,0.0,0.0
2024-12-09 10:12:00-05:00,133.99000549316406,134.1999969482422,133.9600067138672,134.14999389648438,89679,0.0,0.0
2024-12-09 10:13:00-05:00,134.16000366210938,134.16000366210938,133.8000030517578,134.00010681152344,124762,0.0,0.0
2024-12-09 10:14:00-05:00,134.00469970703125,134.0399932861328,133.8842010498047,133.9824981689453,56356,0.0,0.0
2024-12-09 10:15:00-05:00,133.99000549316406,134.0399932861328,133.74679565429688,133.80999755859375,134012,0.0,0.0
2024-12-09 10:16:00-05:00,133.82000732421875,133.89990234375,133.64999389648438,133.76499938964844,117574,0.0,0.0
2024-12-09 10:17:00-05:00,133.74000549316406,133.92990112304688,133.74000549316406,133.8699951171875,93877,0.0,0.0
2024-12-09 10:18:00-05:00,133.86000061035156,133.8699951171875,133.5800018310547,133.60740661621094,130010,0.0,0.0
2024-12-09 10:19:00-05:00,133.5800018310547,133.5897979736328,133.41009521484375,133.52999877929688,142142,0.0,0.0
2024-12-09 10:20:00-05:00,133.51499938964844,133.59890747070312,133.41000366210938,133.5,99490,0.0,0.0
2024-12-09 10:21:00-05:00,133.52000427246094,133.77000427246094,133.46009826660156,133.6649932861328,109210,0.0,0.0
2024-12-09 10:22:00-05:00,133.6699981689453,133.75,133.625,133.6699981689453,73263,0.0,0.0
2024-12-09 10:23:00-05:00,133.6699981689453,133.72999572753906,133.55999755859375,133.60499572753906,136060,0.0,0.0
2024-12-09 10:24:00-05:00,133.60000610351562,133.82000732421875,133.55999755859375,133.73789978027344,92284,0.0,0.0
2024-12-09 10:25:00-05:00,133.75999450683594,133.7899932861328,133.7100067138672,133.75999450683594,77922,0.0,0.0
2024-12-09 10:26:00-05:00,133.77000427246094,133.86000061035156,133.7335968017578,133.75,91803,0.0,0.0
2024-12-09 10:27:00-05:00,133.75,133.76499938964844,133.57000732421875,133.5823974609375,95010,0.0,0.0
2024-12-09 10:28:00-05:00,133.58999633789062,133.6300048828125,133.32000732421875,133.32000732421875,182746,0.0,0.0
2024-12-09 10:29:00-05:00,133.3300018310547,133.4799041748047,133.27999877929688,133.27999877929688,103374,0.0,0.0
2024-12-09 10:30:00-05:00,133.28500366210938,133.4595947265625,133.19000244140625,133.24319458007812,175162,0.0,0.0
2024-12-09 10:31:00-05:00,133.2550048828125,133.50999450683594,133.22000122070312,133.5,140448,0.0,0.0
2024-12-09 10:32:00-05:00,133.5399932861328,133.67999267578125,133.41000366210938,133.46719360351562,88511,0.0,0.0
2024-12-09 10:33:00-05:00,133.47999572753906,133.6199951171875,133.41000366210938,133.4199981689453,84896,0.0,0.0
2024-12-09 10:34:00-05:00,133.4499969482422,133.4897003173828,133.19000244140625,133.2050018310547,111099,0.0,0.0
2024-12-09 10:35:00-05:00,133.2100067138672,133.2198944091797,133.10000610351562,133.10609436035156,130084,0.0,0.0
2024-12-09 10:36:00-05:00,133.1300048828125,133.3300018310547,133.1300048828125,133.29010009765625,71785,0.0,0.0
2024-12-09 10:37:00-05:00,133.2989959716797,133.39999389648438,133.1199951171875,133.13999938964844,101361,0.0,0.0
2024-12-09 10:38:00-05:00,133.1699981689453,133.25,133.02999877929688,133.02999877929688,101555,0.0,0.0
2024-12-09 10:39:00-05:00,133.02999877929688,133.29029846191406,133.0,133.16000366210938,171656,0.0,0.0
2024-12-09 10:40:00-05:00,133.16990661621094,133.33999633789062,133.13999938964844,133.23399353027344,120784,0.0,0.0
2024-12-09 10:41:00-05:00,133.24859619140625,133.39999389648438,133.24859619140625,133.35499572753906,106156,0.0,0.0
2024-12-09 10:42:00-05:00,133.35000610351562,133.75,133.3300018310547,133.73350524902344,188161,0.0,0.0
2024-12-09 10:43:00-05:00,133.72999572753906,133.77000427246094,133.57000732421875,133.61000061035156,73175,0.0,0.0
2024-12-09 10:44:00-05:00,133.625,133.75,133.5500030517578,133.7100067138672,89807,0.0,0.0
2024-12-09 10:45:00-05:00,133.69000244140625,133.9600067138672,133.67999267578125,133.94000244140625,107393,0.0,0.0
2024-12-09 10:46:00-05:00,133.9001007080078,133.9499969482422,133.75010681152344,133.75010681152344,119698,0.0,0.0
2024-12-09 10:47:00-05:00,133.75999450683594,133.78500366210938,133.66000366210938,133.66009521484375,63215,0.0,0.0
2024-12-09 10:48:00-05:00,133.6699981689453,133.67649841308594,133.33700561523438,133.35000610351562,102938,0.0,0.0
2024-12-09 10:49:00-05:00,133.35000610351562,133.43499755859375,133.24000549316406,133.30999755859375,119674,0.0,0.0
2024-12-09 10:50:00-05:00,133.32949829101562,133.36000061035156,133.27000427246094,133.30999755859375,78423,0.0,0.0
2024-12-09 10:51:00-05:00,133.32000732421875,133.41000366210938,133.2100067138672,133.2100067138672,96764,0.0,0.0
2024-12-09 10:52:00-05:00,133.23480224609375,133.25,133.1199951171875,133.125,114632,0.0,0.0
2024-12-09 10:53:00-05:00,133.125,133.3300018310547,133.125,133.30999755859375,49375,0.0,0.0
2024-12-09 10:54:00-05:00,133.3000030517578,133.5,133.2899932861328,133.4154052734375,89791,0.0,0.0
2024-12-09 10:55:00-05:00,133.39999389648438,133.4600067138672,133.25999450683594,133.35499572753906,62975,0.0,0.0
2024-12-09 10:56:00-05:00,133.36000061035156,133.38999938964844,133.25,133.27999877929688,48891,0.0,0.0
2024-12-09 10:57:00-05:00,133.26010131835938,133.28500366210938,133.1199951171875,133.16299438476562,81618,0.0,0.0
2024-12-09 10:58:00-05:00,133.1699981689453,133.1999969482422,133.07000732421875,133.17959594726562,71648,0.0,0.0
2024-12-09 10:59:00-05:00,133.1699981689453,133.28900146484375,133.05999755859375,133.0800018310547,90249,0.0,0.0
2024-12-09 11:00:00-05:00,133.0800018310547,133.3000030517578,132.97000122070312,133.3000030517578,371209,0.0,0.0
2024-12-09 11:01:00-05:00,133.3000030517578,133.30999755859375,133.00999450683594,133.0399932861328,105408,0.0,0.0
2024-12-09 11:02:00-05:00,133.02000427246094,133.02000427246094,132.8000030517578,132.80099487304688,250451,0.0,0.0
2024-12-09 11:03:00-05:00,132.8000030517578,132.8990020751953,132.6999969482422,132.7100067138672,155501,0.0,0.0
2024-12-09 11:04:00-05:00,132.71499633789062,132.7899932861328,132.52000427246094,132.5225067138672,165225,0.0,0.0
2024-12-09 11:05:00-05:00,132.5373992919922,132.5399932861328,132.44000244140625,132.44000244140625,282213,0.0,0.0
2024-12-09 11:06:00-05:00,132.44000244140625,132.58999633789062,132.35000610351562,132.52499389648438,166679,0.0,0.0
2024-12-09 11:07:00-05:00,132.5399932861328,132.5399932861328,132.3300018310547,132.36770629882812,93913,0.0,0.0
2024-12-09 11:08:00-05:00,132.36000061035156,132.41000366210938,132.17999267578125,132.21499633789062,217595,0.0,0.0
2024-12-09 11:09:00-05:00,132.22000122070312,132.2550048828125,132.07000732421875,132.0800018310547,157760,0.0,0.0
2024-12-09 11:10:00-05:00,132.08999633789062,132.15499877929688,132.00999450683594,132.11500549316406,169548,0.0,0.0
2024-12-09 11:11:00-05:00,132.1300048828125,132.3179931640625,132.1199951171875,132.2050018310547,135917,0.0,0.0
2024-12-09 11:12:00-05:00,132.1999969482422,132.1999969482422,131.9199981689453,132.0800018310547,397264,0.0,0.0
2024-12-09 11:13:00-05:00,132.11000061035156,132.3867950439453,132.09500122070312,132.32000732421875,112613,0.0,0.0
2024-12-09 11:16:00-05:00,132.27499389648438,132.3300018310547,132.22000122070312,132.2700958251953,330597,0.0,0.0
2024-12-09 11:17:00-05:00,132.27499389648438,132.4600067138672,132.24000549316406,132.42999267578125,102699,0.0,0.0
2024-12-09 11:18:00-05:00,132.42520141601562,132.51980590820312,132.27999877929688,132.45770263671875,139195,0.0,0.0
2024-12-09 11:19:00-05:00,132.4600067138672,132.57000732421875,132.43589782714844,132.51499938964844,121182,0.0,0.0
2024-12-09 11:20:00-05:00,132.50999450683594,132.72000122070312,132.47000122070312,132.69009399414062,99018,0.0,0.0
2024-12-09 11:21:00-05:00,132.69320678710938,132.8300018310547,132.6060028076172,132.67999267578125,105448,0.0,0.0
2024-12-09 11:22:00-05:00,132.69500732421875,132.7799072265625,132.5800018310547,132.59140014648438,87141,0.0,0.0
2024-12-09 11:23:00-05:00,132.60000610351562,132.69000244140625,132.5301055908203,132.6699981689453,61986,0.0,0.0
2024-12-09 11:24:00-05:00,132.66000366210938,132.8249969482422,132.66000366210938,132.67010498046875,117933,0.0,0.0
2024-12-09 11:25:00-05:00,132.67010498046875,132.8300018310547,132.64999389648438,132.72999572753906,92792,0.0,0.0
2024-12-09 11:26:00-05:00,132.7165985107422,132.8699951171875,132.71009826660156,132.81930541992188,87235,0.0,0.0
2024-12-09 11:27:00-05:00,132.80999755859375,132.85000610351562,132.7113037109375,132.82000732421875,82231,0.0,0.0
2024-12-09 11:28:00-05:00,132.8350067138672,132.875,132.7100067138672,132.7449951171875,69925,0.0,0.0
2024-12-09 11:29:00-05:00,132.7342987060547,132.77999877929688,132.64999389648438,132.7100067138672,98606,0.0,0.0
2024-12-09 11:30:00-05:00,132.69000244140625,132.7198944091797,132.5,132.52999877929688,162356,0.0,0.0
2024-12-09 11:31:00-05:00,132.5500030517578,132.6199951171875,132.47999572753906,132.61819458007812,95858,0.0,0.0
2024-12-09 11:32:00-05:00,132.61000061035156,132.64999389648438,132.55999755859375,132.6199951171875,66425,0.0,0.0
2024-12-09 11:33:00-05:00,132.60000610351562,132.74000549316406,132.5,132.52000427246094,83676,0.0,0.0
2024-12-09 11:34:00-05:00,132.55999755859375,132.6199951171875,132.4550018310547,132.58099365234375,105697,0.0,0.0
2024-12-09 11:35:00-05:00,132.5800018310547,132.58999633789062,132.4499969482422,132.4550018310547,59575,0.0,0.0
2024-12-09 11:36:00-05:00,132.4550018310547,132.55999755859375,132.44000244140625,132.4600067138672,64495,0.0,0.0
2024-12-09 11:37:00-05:00,132.4499969482422,132.5,132.3800048828125,132.4600067138672,63337,0.0,0.0
2024-12-09 11:38:00-05:00,132.4499969482422,132.6132049560547,132.44000244140625,132.60499572753906,90522,0.0,0.0
2024-12-09 11:39:00-05:00,132.6199951171875,132.8300018310547,132.6199951171875,132.77999877929688,62808,0.0,0.0
2024-12-09 11:40:00-05:00,132.7711944580078,132.9324951171875,132.67999267578125,132.9001007080078,126700,0.0,0.0
2024-12-09 11:41:00-05:00,132.91659545898438,132.97999572753906,132.84500122070312,132.92999267578125,95576,0.0,0.0
2024-12-09 11:42:00-05:00,132.94000244140625,133.01499938964844,132.88999938964844,132.9149932861328,115164,0.0,0.0
2024-12-09 11:43:00-05:00,132.92999267578125,132.92999267578125,132.82000732421875,132.86000061035156,59181,0.0,0.0
2024-12-09 11:44:00-05:00,132.8699951171875,132.97430419921875,132.85220336914062,132.88999938964844,53959,0.0,0.0
2024-12-09 11:45:00-05:00,132.89999389648438,133.02999877929688,132.89999389648438,132.92999267578125,66230,0.0,0.0
2024-12-09 11:46:00-05:00,132.9365997314453,133.0229034423828,132.92999267578125,133.0050048828125,53690,0.0,0.0
2024-12-09 11:47:00-05:00,132.99099731445312,132.99099731445312,132.8350067138672,132.8350067138672,46962,0.0,0.0
2024-12-09 11:48:00-05:00,132.82000732421875,132.86000061035156,132.77000427246094,132.8300018310547,74355,0.0,0.0
2024-12-09 11:49:00-05:00,132.82839965820312,132.97000122070312,132.82839965820312,132.89999389648438,47406,0.0,0.0
2024-12-09 11:50:00-05:00,132.88999938964844,133.03990173339844,132.88999938964844,132.9499969482422,68445,0.0,0.0
2024-12-09 11:51:00-05:00,132.9593048095703,133.05999755859375,132.8802032470703,133.0500030517578,772759,0.0,0.0
2024-12-09 11:52:00-05:00,133.0500030517578,133.0800018310547,133.02000427246094,133.07620239257812,87542,0.0,0.0
2024-12-09 11:53:00-05:00,133.07000732421875,133.07000732421875,132.9600067138672,133.0236053466797,59026,0.0,0.0
2024-12-09 11:54:00-05:00,133.0175018310547,133.13999938964844,132.9600067138672,133.0529022216797,117813,0.0,0.0
2024-12-09 11:55:00-05:00,133.03579711914062,133.15499877929688,133.03579711914062,133.14500427246094,66275,0.0,0.0
2024-12-09 11:56:00-05:00,133.1300048828125,133.1300048828125,132.97999572753906,132.97999572753906,64198,0.0,0.0
2024-12-09 11:57:00-05:00,132.97999572753906,133.07000732421875,132.94000244140625,133.0500030517578,51821,0.0,0.0
2024-12-09 11:58:00-05:00,133.0384063720703,133.05409240722656,132.91000366210938,132.9499969482422,55195,0.0,0.0
2024-12-09 11:59:00-05:00,132.9425048828125,132.9600067138672,132.86749267578125,132.8800048828125,67044,0.0,0.0
2024-12-09 12:00:00-05:00,132.86500549316406,132.9199981689453,132.82350158691406,132.82350158691406,48615,0.0,0.0
2024-12-09 12:01:00-05:00,132.85000610351562,133.2333984375,132.8300018310547,133.11000061035156,77219,0.0,0.0
2024-12-09 12:02:00-05:00,133.1199951171875,133.139892578125,133.07029724121094,133.10000610351562,61336,0.0,0.0
2024-12-09 12:03:00-05:00,133.10400390625,133.10400390625,133.02999877929688,133.08999633789062,36406,0.0,0.0
2024-12-09 12:04:00-05:00,133.0800018310547,133.16000366210938,133.0290985107422,133.02999877929688,77716,0.0,0.0
2024-12-09 12:05:00-05:00,133.0399932861328,133.0399932861328,132.9199981689453,132.9199981689453,64759,0.0,0.0
2024-12-09 12:06:00-05:00,132.9001007080078,132.94000244140625,132.83999633789062,132.87750244140625,67150,0.0,0.0
2024-12-09 12:07:00-05:00,132.8800048828125,132.9149932861328,132.75,132.7949981689453,72878,0.0,0.0
2024-12-09 12:08:00-05:00,132.7700958251953,132.83999633789062,132.75999450683594,132.76699829101562,64897,0.0,0.0
2024-12-09 12:09:00-05:00,132.77999877929688,132.8300018310547,132.64390563964844,132.64390563964844,80728,0.0,0.0
2024-12-09 12:10:00-05:00,132.63999938964844,132.92999267578125,132.63999938964844,132.8199005126953,124323,0.0,0.0
2024-12-09 12:11:00-05:00,132.80999755859375,133.10000610351562,132.75999450683594,132.9499053955078,192588,0.0,0.0
2024-12-09 12:12:00-05:00,132.93499755859375,133.0299072265625,132.9199981689453,132.94500732421875,53191,0.0,0.0
2024-12-09 12:13:00-05:00,132.94000244140625,133.08999633789062,132.94000244140625,133.02499389648438,46943,0.0,0.0
2024-12-09 12:14:00-05:00,133.02499389648438,133.02999877929688,132.9600067138672,132.99000549316406,48973,0.0,0.0
2024-12-09 12:15:00-05:00,132.97999572753906,132.97999572753906,132.8582000732422,132.8800048828125,125094,0.0,0.0
2024-12-09 12:16:00-05:00,132.8699951171875,132.92990112304688,132.7100067138672,132.73980712890625,57428,0.0,0.0
2024-12-09 12:17:00-05:00,132.73309326171875,132.73309326171875,132.55999755859375,132.5970001220703,58872,0.0,0.0
2024-12-09 12:18:00-05:00,132.61500549316406,132.62989807128906,132.52000427246094,132.53500366210938,86579,0.0,0.0
2024-12-09 12:19:00-05:00,132.53500366210938,132.53500366210938,132.39999389648438,132.41000366210938,103214,0.0,0.0
2024-12-09 12:20:00-05:00,132.4156951904297,132.4375,132.3101043701172,132.42999267578125,140170,0.0,0.0
2024-12-09 12:21:00-05:00,132.4199981689453,132.61929321289062,132.39999389648438,132.5399932861328,73463,0.0,0.0
2024-12-09 12:22:00-05:00,132.51280212402344,132.64999389648438,132.50999450683594,132.50999450683594,109589,0.0,0.0
2024-12-09 12:23:00-05:00,132.53990173339844,132.6999969482422,132.5113983154297,132.5800018310547,81402,0.0,0.0
2024-12-09 12:24:00-05:00,132.55999755859375,132.69000244140625,132.55999755859375,132.59500122070312,49130,0.0,0.0
2024-12-09 12:25:00-05:00,132.60989379882812,132.6699981689453,132.55999755859375,132.61000061035156,53312,0.0,0.0
2024-12-09 12:26:00-05:00,132.60000610351562,132.61000061035156,132.4199981689453,132.5,84266,0.0,0.0
2024-12-09 12:27:00-05:00,132.5,132.50999450683594,132.4040069580078,132.47999572753906,42631,0.0,0.0
2024-12-09 12:28:00-05:00,132.49989318847656,132.52999877929688,132.4199981689453,132.52850341796875,38738,0.0,0.0
2024-12-09 12:29:00-05:00,132.49000549316406,132.7675018310547,132.49000549316406,132.74000549316406,76086,0.0,0.0
2024-12-09 12:30:00-05:00,132.74000549316406,132.75650024414062,132.54420471191406,132.55999755859375,51033,0.0,0.0
2024-12-09 12:31:00-05:00,132.55499267578125,132.55499267578125,132.47000122070312,132.47999572753906,45518,0.0,0.0
2024-12-09 12:32:00-05:00,132.47120666503906,132.52000427246094,132.4199981689453,132.47500610351562,50041,0.0,0.0
2024-12-09 12:33:00-05:00,132.4600067138672,132.5198974609375,132.44000244140625,132.46499633789062,42550,0.0,0.0
2024-12-09 12:34:00-05:00,132.46499633789062,132.52999877929688,132.41000366210938,132.42269897460938,84747,0.0,0.0
2024-12-09 12:35:00-05:00,132.42999267578125,132.47999572753906,132.39999389648438,132.42979431152344,46203,0.0,0.0
2024-12-09 12:36:00-05:00,132.41009521484375,132.4499969482422,132.3300018310547,132.3699951171875,74852,0.0,0.0
2024-12-09 12:37:00-05:00,132.389892578125,132.39999389648438,132.2707061767578,132.32000732421875,74941,0.0,0.0
2024-12-09 12:38:00-05:00,132.32000732421875,132.3300018310547,132.2100067138672,132.23129272460938,86075,0.0,0.0
2024-12-09 12:39:00-05:00,132.2498016357422,132.289794921875,132.1999969482422,132.2165985107422,84823,0.0,0.0
2024-12-09 12:40:00-05:00,132.2028045654297,132.32000732421875,132.1999969482422,132.32000732421875,89393,0.0,0.0
2024-12-09 12:41:00-05:00,132.31390380859375,132.3249969482422,132.16000366210938,132.19000244140625,94030,0.0,0.0
2024-12-09 12:42:00-05:00,132.16000366210938,132.24000549316406,132.125,132.14999389648438,75585,0.0,0.0
2024-12-09 12:43:00-05:00,132.14999389648438,132.2100067138672,132.14599609375,132.14999389648438,52168,0.0,0.0
2024-12-09 12:44:00-05:00,132.15499877929688,132.2899932861328,132.15499877929688,132.2899932861328,63362,0.0,0.0
2024-12-09 12:45:00-05:00,132.2895965576172,132.46580505371094,132.2602996826172,132.45989990234375,64930,0.0,0.0
2024-12-09 12:46:00-05:00,132.4499969482422,132.60000610351562,132.42999267578125,132.5800018310547,93416,0.0,0.0
2024-12-09 12:47:00-05:00,132.5749969482422,132.58999633789062,132.50999450683594,132.50999450683594,82137,0.0,0.0
2024-12-09 12:48:00-05:00,132.5023956298828,132.62969970703125,132.47000122070312,132.4949951171875,65163,0.0,0.0
2024-12-09 12:49:00-05:00,132.47999572753906,132.64999389648438,132.4600067138672,132.64010620117188,56812,0.0,0.0
2024-12-09 12:50:00-05:00,132.63999938964844,132.72000122070312,132.6199951171875,132.7100067138672,77951,0.0,0.0
2024-12-09 12:51:00-05:00,132.69239807128906,132.77000427246094,132.66000366210938,132.7050018310547,42554,0.0,0.0
2024-12-09 12:52:00-05:00,132.7050018310547,132.75,132.60000610351562,132.65499877929688,73185,0.0,0.0
2024-12-09 12:53:00-05:00,132.65499877929688,132.67950439453125,132.60000610351562,132.6446075439453,43397,0.0,0.0
2024-12-09 12:54:00-05:00,132.6300048828125,132.6999969482422,132.58999633789062,132.62989807128906,55708,0.0,0.0
2024-12-09 12:55:00-05:00,132.6031036376953,132.64300537109375,132.55999755859375,132.60000610351562,35840,0.0,0.0
2024-12-09 12:56:00-05:00,132.5886993408203,132.60000610351562,132.39999389648438,132.4149932861328,74518,0.0,0.0
2024-12-09 12:57:00-05:00,132.42999267578125,132.4600067138672,132.25,132.32000732421875,130381,0.0,0.0
2024-12-09 12:58:00-05:00,132.30999755859375,132.35989379882812,132.11000061035156,132.1999969482422,210927,0.0,0.0
2024-12-09 12:59:00-05:00,132.19000244140625,132.2646942138672,132.1699981689453,132.1822052001953,88592,0.0,0.0
2024-12-09 13:00:00-05:00,132.1999969482422,132.1999969482422,132.00999450683594,132.05990600585938,186757,0.0,0.0
2024-12-09 13:01:00-05:00,132.03500366210938,132.07000732421875,131.91000366210938,131.98500061035156,285060,0.0,0.0
2024-12-09 13:02:00-05:00,131.99989318847656,132.0,131.83140563964844,131.87640380859375,168500,0.0,0.0
2024-12-09 13:03:00-05:00,131.8625030517578,131.8800048828125,131.69000244140625,131.72999572753906,264199,0.0,0.0
2024-12-09 13:04:00-05:00,131.74000549316406,131.74270629882812,131.61000061035156,131.69569396972656,116784,0.0,0.0
2024-12-09 13:05:00-05:00,131.7050018310547,131.7198944091797,131.52999877929688,131.52999877929688,159368,0.0,0.0
2024-12-09 13:06:00-05:00,131.55230712890625,131.61000061035156,131.5,131.53500366210938,186590,0.0,0.0
2024-12-09 13:07:00-05:00,131.5399932861328,131.60000610351562,131.41000366210938,131.41000366210938,226480,0.0,0.0
2024-12-09 13:08:00-05:00,131.4154052734375,131.57989501953125,131.41009521484375,131.5,154353,0.0,0.0
2024-12-09 13:09:00-05:00,131.49099731445312,131.74989318847656,131.47140502929688,131.7100067138672,653085,0.0,0.0
2024-12-09 13:10:00-05:00,131.7100067138672,131.71580505371094,131.30999755859375,131.32000732421875,198914,0.0,0.0
2024-12-09 13:11:00-05:00,131.32000732421875,131.47000122070312,131.32000732421875,131.38999938964844,97909,0.0,0.0
2024-12-09 13:12:00-05:00,131.3800048828125,131.42999267578125,131.3000030517578,131.32009887695312,167088,0.0,0.0
2024-12-09 13:13:00-05:00,131.30999755859375,131.39999389648438,131.30999755859375,131.3699951171875,78917,0.0,0.0
2024-12-09 13:14:00-05:00,131.36720275878906,131.3699951171875,131.25999450683594,131.32000732421875,88498,0.0,0.0
2024-12-09 13:15:00-05:00,131.32879638671875,131.33230590820312,131.1999969482422,131.2187957763672,122266,0.0,0.0
2024-12-09 13:16:00-05:00,131.21499633789062,131.25990295410156,131.07000732421875,131.1199951171875,198709,0.0,0.0
2024-12-09 13:17:00-05:00,131.11000061035156,131.1699981689453,131.05999755859375,131.16000366210938,108333,0.0,0.0
2024-12-09 13:18:00-05:00,131.1699981689453,131.25,131.07000732421875,131.1999969482422,135677,0.0,0.0
2024-12-09 13:19:00-05:00,131.19009399414062,131.2198944091797,131.05999755859375,131.08999633789062,99791,0.0,0.0
2024-12-09 13:20:00-05:00,131.0800018310547,131.13999938964844,131.05499267578125,131.06500244140625,128738,0.0,0.0
2024-12-09 13:21:00-05:00,131.056396484375,131.0998992919922,131.00999450683594,131.0800018310547,146861,0.0,0.0
2024-12-09 13:22:00-05:00,131.07000732421875,131.22999572753906,131.0449981689453,131.22999572753906,132573,0.0,0.0
2024-12-09 13:23:00-05:00,131.22000122070312,131.38999938964844,131.1999969482422,131.3350067138672,110254,0.0,0.0
2024-12-09 13:24:00-05:00,131.32550048828125,131.47000122070312,131.25999450683594,131.4550018310547,103046,0.0,0.0
2024-12-09 13:25:00-05:00,131.44000244140625,131.639892578125,131.44000244140625,131.50979614257812,177722,0.0,0.0
2024-12-09 13:26:00-05:00,131.5050048828125,131.5050048828125,131.30999755859375,131.3249969482422,76978,0.0,0.0
2024-12-09 13:27:00-05:00,131.33999633789062,131.39999389648438,131.25999450683594,131.27999877929688,84109,0.0,0.0
2024-12-09 13:28:00-05:00,131.2899932861328,131.39999389648438,131.27999877929688,131.33999633789062,95315,0.0,0.0
2024-12-09 13:29:00-05:00,131.3498992919922,131.44000244140625,131.28030395507812,131.3256072998047,100003,0.0,0.0
2024-12-09 13:30:00-05:00,131.3300018310547,131.3699951171875,131.2899932861328,131.2949981689453,79317,0.0,0.0
2024-12-09 13:31:00-05:00,131.2949981689453,131.42579650878906,131.27999877929688,131.389892578125,100378,0.0,0.0
2024-12-09 13:32:00-05:00,131.38999938964844,131.50999450683594,131.3800048828125,131.48629760742188,115733,0.0,0.0
2024-12-09 13:33:00-05:00,131.48590087890625,131.7010040283203,131.47999572753906,131.63999938964844,117815,0.0,0.0
2024-12-09 13:34:00-05:00,131.63999938964844,131.67999267578125,131.57000732421875,131.5800018310547,98958,0.0,0.0
2024-12-09 13:35:00-05:00,131.58999633789062,131.6999969482422,131.5800018310547,131.6199951171875,83916,0.0,0.0
2024-12-09 13:36:00-05:00,131.60000610351562,131.7799072265625,131.52000427246094,131.6999969482422,88702,0.0,0.0
2024-12-09 13:37:00-05:00,131.7198028564453,131.85760498046875,131.6569061279297,131.79490661621094,116372,0.0,0.0
2024-12-09 13:38:00-05:00,131.77000427246094,131.8092041015625,131.6999969482422,131.7100067138672,83862,0.0,0.0
2024-12-09 13:39:00-05:00,131.72000122070312,131.77999877929688,131.66009521484375,131.72000122070312,91411,0.0,0.0
2024-12-09 13:40:00-05:00,131.72500610351562,131.82000732421875,131.71270751953125,131.73500061035156,75257,0.0,0.0
2024-12-09 13:41:00-05:00,131.73500061035156,131.8000946044922,131.67999267578125,131.7274932861328,57227,0.0,0.0
2024-12-09 13:42:00-05:00,131.72999572753906,131.72999572753906,131.63009643554688,131.66000366210938,47956,0.0,0.0
2024-12-09 13:43:00-05:00,131.65499877929688,131.66659545898438,131.49009704589844,131.5399932861328,98820,0.0,0.0
2024-12-09 13:44:00-05:00,131.5399932861328,131.6898956298828,131.5399932861328,131.63999938964844,73218,0.0,0.0
2024-12-09 13:45:00-05:00,131.66000366210938,131.67999267578125,131.60000610351562,131.639404296875,67706,0.0,0.0
2024-12-09 13:46:00-05:00,131.6199951171875,131.8491973876953,131.59210205078125,131.74000549316406,59620,0.0,0.0
2024-12-09 13:47:00-05:00,131.75079345703125,131.7799072265625,131.7052001953125,131.77000427246094,43451,0.0,0.0
2024-12-09 13:48:00-05:00,131.75999450683594,131.8699951171875,131.7281951904297,131.8300018310547,61332,0.0,0.0
2024-12-09 13:49:00-05:00,131.8498992919922,131.86000061035156,131.67999267578125,131.6999969482422,71377,0.0,0.0
2024-12-09 13:50:00-05:00,131.69900512695312,131.7299041748047,131.64010620117188,131.67970275878906,53238,0.0,0.0
2024-12-09 13:51:00-05:00,131.6656951904297,131.7198944091797,131.5500030517578,131.5800018310547,58000,0.0,0.0
2024-12-09 13:52:00-05:00,131.5800018310547,131.6300048828125,131.55999755859375,131.56500244140625,47878,0.0,0.0
2024-12-09 13:53:00-05:00,131.57009887695312,131.6300048828125,131.55999755859375,131.6300048828125,52476,0.0,0.0
2024-12-09 13:54:00-05:00,131.6300048828125,131.6300048828125,131.5500030517578,131.55999755859375,41401,0.0,0.0
2024-12-09 13:55:00-05:00,131.55999755859375,131.57000732421875,131.32000732421875,131.39999389648438,119907,0.0,0.0
2024-12-09 13:56:00-05:00,131.41000366210938,131.4499969482422,131.3300018310547,131.3513946533203,58257,0.0,0.0
2024-12-09 13:57:00-05:00,131.36000061035156,131.39500427246094,131.3300018310547,131.33380126953125,39205,0.0,0.0
2024-12-09 13:58:00-05:00,131.33999633789062,131.46200561523438,131.3300018310547,131.3800048828125,60234,0.0,0.0
2024-12-09 13:59:00-05:00,131.389892578125,131.5,131.36529541015625,131.5,68994,0.0,0.0
2024-12-09 14:00:00-05:00,131.5059051513672,131.5059051513672,131.32000732421875,131.45989990234375,97190,0.0,0.0
2024-12-09 14:01:00-05:00,131.44000244140625,131.45559692382812,131.3560028076172,131.375,52157,0.0,0.0
2024-12-09 14:02:00-05:00,131.375,131.375,131.2100067138672,131.21560668945312,122022,0.0,0.0
2024-12-09 14:03:00-05:00,131.2133026123047,131.24000549316406,131.16000366210938,131.22000122070312,73790,0.0,0.0
2024-12-09 14:04:00-05:00,131.22999572753906,131.25999450683594,131.17999267578125,131.2528076171875,43181,0.0,0.0
2024-12-09 14:05:00-05:00,131.2449951171875,131.28419494628906,131.2100067138672,131.27499389648438,45752,0.0,0.0
2024-12-09 14:06:00-05:00,131.25999450683594,131.33990478515625,131.2100067138672,131.22000122070312,51113,0.0,0.0
2024-12-09 14:07:00-05:00,131.22000122070312,131.32000732421875,131.22000122070312,131.25,54189,0.0,0.0
2024-12-09 14:08:00-05:00,131.2449951171875,131.3000030517578,131.22000122070312,131.2628936767578,51597,0.0,0.0
2024-12-09 14:09:00-05:00,131.27029418945312,131.3800048828125,131.24000549316406,131.35000610351562,69568,0.0,0.0
2024-12-09 14:10:00-05:00,131.33999633789062,131.36000061035156,131.27000427246094,131.31500244140625,63142,0.0,0.0
2024-12-09 14:11:00-05:00,131.31500244140625,131.35000610351562,131.1999969482422,131.2100067138672,84248,0.0,0.0
2024-12-09 14:12:00-05:00,131.2115936279297,131.25990295410156,131.14169311523438,131.14999389648438,93916,0.0,0.0
2024-12-09 14:13:00-05:00,131.13999938964844,131.25,131.11000061035156,131.2100067138672,59909,0.0,0.0
2024-12-09 14:14:00-05:00,131.22000122070312,131.2299041748047,131.10000610351562,131.110107421875,64755,0.0,0.0
2024-12-09 14:15:00-05:00,131.11500549316406,131.14990234375,131.0500030517578,131.06500244140625,112000,0.0,0.0
2024-12-09 14:16:00-05:00,131.06089782714844,131.2198944091797,131.05999755859375,131.19000244140625,87661,0.0,0.0
2024-12-09 14:17:00-05:00,131.18649291992188,131.24000549316406,131.1699981689453,131.1999969482422,46219,0.0,0.0
2024-12-09 14:18:00-05:00,131.21499633789062,131.25979614257812,131.16600036621094,131.22500610351562,54465,0.0,0.0
2024-12-09 14:19:00-05:00,131.22500610351562,131.27000427246094,131.1199951171875,131.12109375,69567,0.0,0.0
2024-12-09 14:20:00-05:00,131.110107421875,131.139892578125,131.06430053710938,131.08999633789062,81664,0.0,0.0
2024-12-09 14:21:00-05:00,131.08999633789062,131.25999450683594,131.08999633789062,131.25,58195,0.0,0.0
2024-12-09 14:22:00-05:00,131.2550048828125,131.42999267578125,131.25,131.32000732421875,81831,0.0,0.0
2024-12-09 14:23:00-05:00,131.35000610351562,131.41000366210938,131.30999755859375,131.3258056640625,59808,0.0,0.0
2024-12-09 14:24:00-05:00,131.32009887695312,131.32009887695312,131.22000122070312,131.22000122070312,63370,0.0,0.0
2024-12-09 14:25:00-05:00,131.22000122070312,131.22869873046875,131.13999938964844,131.14999389648438,59898,0.0,0.0
2024-12-09 14:26:00-05:00,131.1300048828125,131.19000244140625,131.1199951171875,131.1728057861328,40632,0.0,0.0
2024-12-09 14:27:00-05:00,131.1699981689453,131.1999969482422,131.14999389648438,131.19979858398438,55177,0.0,0.0
2024-12-09 14:28:00-05:00,131.1800994873047,131.27999877929688,131.1800994873047,131.2100067138672,56208,0.0,0.0
2024-12-09 14:29:00-05:00,131.1999969482422,131.4199981689453,131.1999969482422,131.25999450683594,86271,0.0,0.0
2024-12-09 14:30:00-05:00,131.27000427246094,131.39999389648438,131.25999450683594,131.2938995361328,158649,0.0,0.0
2024-12-09 14:31:00-05:00,131.30499267578125,131.30499267578125,131.1300048828125,131.13999938964844,65914,0.0,0.0
2024-12-09 14:32:00-05:00,131.13009643554688,131.14999389648438,131.05999755859375,131.0800018310547,130894,0.0,0.0
2024-12-09 14:33:00-05:00,131.0823974609375,131.1199951171875,130.91000366210938,130.97999572753906,454380,0.0,0.0
2024-12-09 14:34:00-05:00,130.9799041748047,131.0800018310547,130.9600067138672,130.99600219726562,76260,0.0,0.0
2024-12-09 14:35:00-05:00,130.9987030029297,131.0399932861328,130.94000244140625,130.98500061035156,98157,0.0,0.0
2024-12-09 14:36:00-05:00,131.0,131.00990295410156,130.85000610351562,130.8948974609375,132113,0.0,0.0
2024-12-09 14:37:00-05:00,130.91000366210938,130.97760009765625,130.8300018310547,130.8498992919922,85422,0.0,0.0
2024-12-09 14:38:00-05:00,130.8300018310547,130.94000244140625,130.80999755859375,130.91000366210938,84618,0.0,0.0
2024-12-09 14:39:00-05:00,130.91000366210938,131.0399932861328,130.87010192871094,130.95030212402344,75438,0.0,0.0
2024-12-09 14:40:00-05:00,130.9600067138672,131.05999755859375,130.95809936523438,131.0399932861328,63281,0.0,0.0
2024-12-09 14:41:00-05:00,131.0500030517578,131.0500030517578,130.88999938964844,130.9149932861328,72777,0.0,0.0
2024-12-09 14:42:00-05:00,130.89999389648438,130.9149932861328,130.8000030517578,130.8000030517578,139460,0.0,0.0
2024-12-09 14:43:00-05:00,130.80999755859375,130.8800048828125,130.79449462890625,130.83999633789062,80870,0.0,0.0
2024-12-09 14:44:00-05:00,130.8350067138672,130.85879516601562,130.6699981689453,130.74000549316406,155533,0.0,0.0
2024-12-09 14:45:00-05:00,130.7449951171875,130.75999450683594,130.6199951171875,130.6199951171875,121226,0.0,0.0
2024-12-09 14:46:00-05:00,130.625,130.66000366210938,130.56500244140625,130.5800018310547,147041,0.0,0.0
2024-12-09 14:47:00-05:00,130.59750366210938,130.59750366210938,130.4199981689453,130.4600067138672,216734,0.0,0.0
2024-12-09 14:48:00-05:00,130.45860290527344,130.49000549316406,130.38999938964844,130.44000244140625,121870,0.0,0.0
2024-12-09 14:49:00-05:00,130.44000244140625,130.5352020263672,130.36000061035156,130.3699951171875,172992,0.0,0.0
2024-12-09 14:50:00-05:00,130.3773956298828,130.39999389648438,130.2519989013672,130.27000427246094,141874,0.0,0.0
2024-12-09 14:51:00-05:00,130.27000427246094,130.27000427246094,130.0399932861328,130.0482940673828,234558,0.0,0.0
2024-12-09 14:52:00-05:00,130.05999755859375,130.13999938964844,130.00999450683594,130.1199951171875,260742,0.0,0.0
2024-12-09 14:53:00-05:00,130.11410522460938,130.25,130.0500030517578,130.1781005859375,146248,0.0,0.0
2024-12-09 14:54:00-05:00,130.1697998046875,130.27999877929688,130.13009643554688,130.2449951171875,160586,0.0,0.0
2024-12-09 14:55:00-05:00,130.25970458984375,130.406494140625,130.1999969482422,130.375,128023,0.0,0.0
2024-12-09 14:56:00-05:00,130.37570190429688,130.58999633789062,130.35000610351562,130.5500030517578,170884,0.0,0.0
2024-12-09 14:57:00-05:00,130.5500946044922,130.6199951171875,130.4600067138672,130.58999633789062,177101,0.0,0.0
2024-12-09 14:58:00-05:00,130.58999633789062,130.74000549316406,130.5850067138672,130.67999267578125,113116,0.0,0.0
2024-12-09 14:59:00-05:00,130.67999267578125,130.7899932861328,130.67999267578125,130.76499938964844,110281,0.0,0.0
2024-12-09 15:00:00-05:00,130.75,130.85989379882812,130.72999572753906,130.76499938964844,115910,0.0,0.0
2024-12-09 15:01:00-05:00,130.75999450683594,130.75999450683594,130.55999755859375,130.72000122070312,151770,0.0,0.0
2024-12-09 15:02:00-05:00,130.7230987548828,130.75,130.5615997314453,130.61000061035156,77910,0.0,0.0
2024-12-09 15:03:00-05:00,130.58999633789062,130.6300048828125,130.50999450683594,130.5601043701172,76057,0.0,0.0
2024-12-09 15:04:00-05:00,130.5800018310547,130.64999389648438,130.5,130.5198974609375,90001,0.0,0.0
2024-12-09 15:05:00-05:00,130.5050048828125,130.52000427246094,130.38999938964844,130.41000366210938,121181,0.0,0.0
2024-12-09 15:06:00-05:00,130.39999389648438,130.4600067138672,130.36000061035156,130.39999389648438,71468,0.0,0.0
2024-12-09 15:07:00-05:00,130.38999938964844,130.5,130.3699951171875,130.39999389648438,62990,0.0,0.0
2024-12-09 15:08:00-05:00,130.3699951171875,130.4499969482422,130.33999633789062,130.3834991455078,69979,0.0,0.0
2024-12-09 15:09:00-05:00,130.3874969482422,130.4799041748047,130.3800048828125,130.4250030517578,126858,0.0,0.0
2024-12-09 15:10:00-05:00,130.4149932861328,130.4199981689453,130.32000732421875,130.33990478515625,89121,0.0,0.0
2024-12-09 15:11:00-05:00,130.3300018310547,130.33999633789062,130.1999969482422,130.21620178222656,106186,0.0,0.0
2024-12-09 15:12:00-05:00,130.21499633789062,130.22000122070312,130.08999633789062,130.14999389648438,104120,0.0,0.0
2024-12-09 15:13:00-05:00,130.16000366210938,130.16969299316406,130.09500122070312,130.14109802246094,125813,0.0,0.0
2024-12-09 15:14:00-05:00,130.13999938964844,130.29580688476562,130.1284942626953,130.2523956298828,111354,0.0,0.0
2024-12-09 15:15:00-05:00,130.27999877929688,130.47000122070312,130.27999877929688,130.47000122070312,132440,0.0,0.0
2024-12-09 15:16:00-05:00,130.47000122070312,130.47000122070312,130.36019897460938,130.36019897460938,52895,0.0,0.0
2024-12-09 15:17:00-05:00,130.3800048828125,130.389892578125,130.27999877929688,130.31849670410156,58636,0.0,0.0
2024-12-09 15:18:00-05:00,130.3000030517578,130.33999633789062,130.27999877929688,130.31500244140625,46150,0.0,0.0
2024-12-09 15:19:00-05:00,130.31500244140625,130.3699951171875,130.27999877929688,130.3000030517578,95337,0.0,0.0
2024-12-09 15:20:00-05:00,130.30499267578125,130.32989501953125,130.1699981689453,130.28500366210938,90248,0.0,0.0
2024-12-09 15:21:00-05:00,130.28500366210938,130.38099670410156,130.1999969482422,130.32240295410156,100663,0.0,0.0
2024-12-09 15:22:00-05:00,130.32000732421875,130.35000610351562,130.25,130.3040008544922,71961,0.0,0.0
2024-12-09 15:23:00-05:00,130.30999755859375,130.31500244140625,130.2100067138672,130.25770568847656,108962,0.0,0.0
2024-12-09 15:24:00-05:00,130.2449951171875,130.42950439453125,130.22999572753906,130.4199981689453,73784,0.0,0.0
2024-12-09 15:25:00-05:00,130.40420532226562,130.51950073242188,130.4022979736328,130.4499969482422,72791,0.0,0.0
2024-12-09 15:26:00-05:00,130.4499969482422,130.49000549316406,130.3000030517578,130.32000732421875,86190,0.0,0.0
2024-12-09 15:27:00-05:00,130.32000732421875,130.45989990234375,130.32000732421875,130.41000366210938,74843,0.0,0.0
2024-12-09 15:28:00-05:00,130.41000366210938,130.44500732421875,130.36000061035156,130.37100219726562,51160,0.0,0.0
2024-12-09 15:29:00-05:00,130.389892578125,130.44000244140625,130.35000610351562,130.38999938964844,51105,0.0,0.0
2024-12-09 15:30:00-05:00,130.39999389648438,130.58999633789062,130.39999389648438,130.56849670410156,130921,0.0,0.0
2024-12-09 15:31:00-05:00,130.55999755859375,130.6407928466797,130.52999877929688,130.6199951171875,95370,0.0,0.0
2024-12-09 15:32:00-05:00,130.6300048828125,130.63999938964844,130.51010131835938,130.5998992919922,105333,0.0,0.0
2024-12-09 15:33:00-05:00,130.5800018310547,130.61920166015625,130.5,130.5500030517578,79893,0.0,0.0
2024-12-09 15:34:00-05:00,130.57000732421875,130.5800018310547,130.4199981689453,130.42010498046875,91655,0.0,0.0
2024-12-09 15:35:00-05:00,130.44000244140625,130.48699951171875,130.36000061035156,130.47500610351562,133802,0.0,0.0
2024-12-09 15:36:00-05:00,130.47000122070312,130.49000549316406,130.4199981689453,130.4801025390625,75981,0.0,0.0
2024-12-09 15:37:00-05:00,130.49000549316406,130.5299072265625,130.4600067138672,130.4700927734375,85784,0.0,0.0
2024-12-09 15:38:00-05:00,130.47999572753906,130.5,130.4199981689453,130.44000244140625,63756,0.0,0.0
2024-12-09 15:39:00-05:00,130.44000244140625,130.44700622558594,130.2899932861328,130.33999633789062,115467,0.0,0.0
2024-12-09 15:40:00-05:00,130.35000610351562,130.38999938964844,130.25999450683594,130.3802032470703,111706,0.0,0.0
2024-12-09 15:41:00-05:00,130.38250732421875,130.4698944091797,130.35000610351562,130.42999267578125,104865,0.0,0.0
2024-12-09 15:42:00-05:00,130.42999267578125,130.44000244140625,130.25,130.25999450683594,93284,0.0,0.0
2024-12-09 15:43:00-05:00,130.2550048828125,130.27000427246094,130.17520141601562,130.22520446777344,130454,0.0,0.0
2024-12-09 15:44:00-05:00,130.22999572753906,130.22999572753906,130.1300048828125,130.1999969482422,123981,0.0,0.0
2024-12-09 15:45:00-05:00,130.1999969482422,130.25,130.17999267578125,130.22000122070312,114560,0.0,0.0
2024-12-09 15:46:00-05:00,130.2259979248047,130.27999877929688,130.1999969482422,130.2299041748047,134338,0.0,0.0
2024-12-09 15:47:00-05:00,130.22000122070312,130.30999755859375,130.1699981689453,130.22000122070312,139186,0.0,0.0
2024-12-09 15:48:00-05:00,130.22500610351562,130.27999877929688,130.1699981689453,130.17999267578125,91546,0.0,0.0
2024-12-09 15:49:00-05:00,130.17999267578125,130.28990173339844,130.16000366210938,130.2200927734375,91357,0.0,0.0
2024-12-09 15:50:00-05:00,130.22999572753906,130.5308074951172,130.22999572753906,130.43499755859375,286970,0.0,0.0
2024-12-09 15:51:00-05:00,130.4199981689453,130.60000610351562,130.39999389648438,130.5800018310547,280031,0.0,0.0
2024-12-09 15:52:00-05:00,130.5800018310547,130.72999572753906,130.47000122070312,130.68499755859375,185197,0.0,0.0
2024-12-09 15:53:00-05:00,130.6999969482422,130.71839904785156,130.63999938964844,130.64999389648438,199543,0.0,0.0
2024-12-09 15:54:00-05:00,130.66000366210938,130.69000244140625,130.4499969482422,130.52999877929688,281857,0.0,0.0
2024-12-09 15:55:00-05:00,130.5500030517578,130.8699951171875,130.5399932861328,130.77499389648438,361963,0.0,0.0
2024-12-09 15:56:00-05:00,130.75999450683594,130.76499938964844,130.52000427246094,130.625,290863,0.0,0.0
2024-12-09 15:57:00-05:00,130.62489318847656,130.91000366210938,130.60000610351562,130.81829833984375,366578,0.0,0.0
2024-12-09 15:58:00-05:00,130.82000732421875,130.9199981689453,130.8000030517578,130.8800048828125,335671,0.0,0.0
2024-12-09 15:59:00-05:00,130.8800048828125,131.0500030517578,130.83999633789062,130.8800048828125,680975,0.0,0.0
2024-12-09 16:00:00-05:00,130.88,131.0,130.81,130.869,2587494,0.0,0.0
2024-12-09 16:01:00-05:00,130.8321,131.0,130.8321,131.0,0,0.0,0.0
2024-12-09 16:02:00-05:00,131.0,131.0,130.87,130.99,0,0.0,0.0
2024-12-09 16:03:00-05:00,131.0,131.12,130.87,131.1,0,0.0,0.0
2024-12-09 16:04:00-05:00,131.06,131.11,131.0,131.0004,0,0.0,0.0
2024-12-09 16:05:00-05:00,131.0,131.29,130.87,131.06,0,0.0,0.0
2024-12-09 16:06:00-05:00,131.1,131.1,131.0,131.0588,0,0.0,0.0
2024-12-09 16:07:00-05:00,131.02,131.06,130.87,131.01,0,0.0,0.0
2024-12-09 16:08:00-05:00,131.05,131.06,131.0,131.03,0,0.0,0.0
2024-12-09 16:09:00-05:00,131.05,131.08,131.03,131.08,0,0.0,0.0
2024-12-09 16:10:00-05:00,131.07,131.08,131.02,131.035,0,0.0,0.0
2024-12-09 16:11:00-05:00,131.04,131.04,131.0,131.04,0,0.0,0.0
2024-12-09 16:12:00-05:00,131.0388,131.04,130.98,131.0,0,0.0,0.0
2024-12-09 16:13:00-05:00,130.97,131.0,130.87,130.99,0,0.0,0.0
2024-12-09 16:14:00-05:00,130.99,131.03,130.95,131.0,0,0.0,0.0
2024-12-09 16:15:00-05:00,131.0,131.02,130.87,130.9999,0,0.0,0.0
2024-12-09 16:16:00-05:00,130.9999,131.0,130.95,131.0,0,0.0,0.0
2024-12-09 16:17:00-05:00,131.0,131.0,130.93,130.975,0,0.0,0.0
2024-12-09 16:18:00-05:00,130.99,131.03,130.96,131.0291,0,0.0,0.0
2024-12-09 16:19:00-05:00,131.03,131.05,130.99,131.0199,0,0.0,0.0
2024-12-09 16:20:00-05:00,131.02,131.06,131.0,131.06,0,0.0,0.0
2024-12-09 16:21:00-05:00,131.05,131.12,131.04,131.12,0,0.0,0.0
2024-12-09 16:22:00-05:00,131.1294,131.14,131.09,131.11,0,0.0,0.0
2024-12-09 16:23:00-05:00,131.11,131.11,130.87,131.07,0,0.0,0.0
2024-12-09 16:24:00-05:00,131.1,131.1,131.05,131.08,0,0.0,0.0
2024-12-09 16:25:00-05:00,131.09,131.15,131.09,131.13,0,0.0,0.0
2024-12-09 16:26:00-05:00,131.15,131.18,131.11,131.16,0,0.0,0.0
2024-12-09 16:27:00-05:00,131.18,131.22,131.16,131.17,0,0.0,0.0
2024-12-09 16:28:00-05:00,131.17,131.19,131.1,131.17,0,0.0,0.0
2024-12-09 16:29:00-05:00,131.16,131.22,130.87,131.16,0,0.0,0.0
2024-12-09 16:30:00-05:00,131.16,131.22,131.16,131.2199,0,0.0,0.0
2024-12-09 16:31:00-05:00,131.22,131.25,131.2,131.237,0,0.0,0.0
2024-12-09 16:32:00-05:00,131.2,131.24,131.2,131.22,0,0.0,0.0
2024-12-09 16:33:00-05:00,131.24,138.35,131.2,131.2104,0,0.0,0.0
2024-12-09 16:34:00-05:00,131.2388,131.24,131.2,131.24,0,0.0,0.0
2024-12-09 16:35:00-05:00,131.229,131.3,131.21,131.27,0,0.0,0.0
2024-12-09 16:36:00-05:00,131.2243,131.355,131.22,131.3504,0,0.0,0.0
2024-12-09 16:37:00-05:00,131.37,131.38,131.3,131.32,0,0.0,0.0
2024-12-09 16:38:00-05:00,131.3001,131.36,131.3,131.32,0,0.0,0.0
2024-12-09 16:39:00-05:00,131.33,131.35,131.2813,131.33,0,0.0,0.0
2024-12-09 16:40:00-05:00,131.3394,131.34,131.25,131.27,0,0.0,0.0
2024-12-09 16:41:00-05:00,131.265,131.28,131.241,131.28,0,0.0,0.0
2024-12-09 16:42:00-05:00,131.27,131.28,131.26,131.28,0,0.0,0.0
2024-12-09 16:43:00-05:00,131.28,131.28,131.24,131.28,0,0.0,0.0
2024-12-09 16:44:00-05:00,131.28,131.28,131.24,131.26,0,0.0,0.0
2024-12-09 16:45:00-05:00,131.28,131.28,131.24,131.27,0,0.0,0.0
2024-12-09 16:46:00-05:00,131.26,131.3,131.26,131.3,0,0.0,0.0
2024-12-09 16:47:00-05:00,131.3,131.33,131.27,131.3,0,0.0,0.0
2024-12-09 16:48:00-05:00,131.27,131.32,131.26,131.317,0,0.0,0.0
2024-12-09 16:49:00-05:00,131.31,131.32,131.26,131.275,0,0.0,0.0
2024-12-09 16:50:00-05:00,131.29,131.32,131.2899,131.3,0,0.0,0.0
2024-12-09 16:51:00-05:00,131.32,131.32,131.28,131.32,0,0.0,0.0
2024-12-09 16:52:00-05:00,131.315,131.32,131.3,131.3,0,0.0,0.0
2024-12-09 16:53:00-05:00,131.3,131.32,131.28,131.3,0,0.0,0.0
2024-12-09 16:54:00-05:00,131.3,131.32,131.28,131.31,0,0.0,0.0
2024-12-09 16:55:00-05:00,131.32,131.34,131.2801,131.32,0,0.0,0.0
2024-12-09 16:56:00-05:00,131.345,131.38,131.3,131.36,0,0.0,0.0
2024-12-09 16:57:00-05:00,131.37,131.38,131.36,131.365,0,0.0,0.0
2024-12-09 16:58:00-05:00,131.36,131.38,131.35,131.38,0,0.0,0.0
2024-12-09 16:59:00-05:00,131.38,131.38,131.35,131.37,0,0.0,0.0
2024-12-09 17:00:00-05:00,131.37,131.39,131.35,131.385,0,0.0,0.0
2024-12-09 17:01:00-05:00,131.3899,131.3899,131.3507,131.38,0,0.0,0.0
2024-12-09 17:02:00-05:00,131.35,131.38,131.35,131.3792,0,0.0,0.0
2024-12-09 17:03:00-05:00,131.3601,131.39,131.36,131.38,0,0.0,0.0
2024-12-09 17:04:00-05:00,131.39,134.2756,123.0039,131.4188,0,0.0,0.0
2024-12-09 17:05:00-05:00,131.41,131.44,122.9069,131.415,0,0.0,0.0
2024-12-09 17:06:00-05:00,131.42,131.42,131.4,131.41,0,0.0,0.0
2024-12-09 17:07:00-05:00,131.415,131.43,131.41,131.41,0,0.0,0.0
2024-12-09 17:08:00-05:00,131.41,131.43,131.38,131.4,0,0.0,0.0
2024-12-09 17:09:00-05:00,131.41,131.41,131.35,131.36,0,0.0,0.0
2024-12-09 17:10:00-05:00,131.36,131.36,131.33,131.33,0,0.0,0.0
2024-12-09 17:11:00-05:00,131.33,131.34,131.3,131.33,0,0.0,0.0
2024-12-09 17:12:00-05:00,131.33,131.34,131.3,131.34,0,0.0,0.0
2024-12-09 17:13:00-05:00,131.32,131.34,131.3,131.3201,0,0.0,0.0
2024-12-09 17:14:00-05:00,131.32,131.34,131.3,131.3295,0,0.0,0.0
2024-12-09 17:15:00-05:00,131.32,131.33,130.87,131.31,0,0.0,0.0
2024-12-09 17:16:00-05:00,131.305,131.31,131.28,131.2999,0,0.0,0.0
2024-12-09 17:17:00-05:00,131.3,131.3,131.25,131.3,0,0.0,0.0
2024-12-09 17:18:00-05:00,131.28,131.3,131.26,131.3,0,0.0,0.0
2024-12-09 17:19:00-05:00,131.28,131.3,131.26,131.28,0,0.0,0.0
2024-12-09 17:20:00-05:00,131.3,131.3,131.26,131.3,0,0.0,0.0
2024-12-09 17:21:00-05:00,131.3,131.3,131.27,131.2703,0,0.0,0.0
2024-12-09 17:22:00-05:00,131.3,131.33,131.26,131.2794,0,0.0,0.0
2024-12-09 17:23:00-05:00,131.28,131.28,131.1528,131.1528,0,0.0,0.0
2024-12-09 17:24:00-05:00,131.18,131.29,131.15,131.29,0,0.0,0.0
2024-12-09 17:25:00-05:00,131.28,131.28,131.15,131.25,0,0.0,0.0
2024-12-09 17:26:00-05:00,131.25,131.25,131.15,131.15,0,0.0,0.0
2024-12-09 17:27:00-05:00,131.24,131.29,131.2,131.27,0,0.0,0.0
2024-12-09 17:28:00-05:00,131.255,131.33,131.255,131.33,0,0.0,0.0
2024-12-09 17:29:00-05:00,131.3,131.31,131.28,131.295,0,0.0,0.0
2024-12-09 17:30:00-05:00,131.3,131.31,131.1546,131.25,0,0.0,0.0
2024-12-09 17:31:00-05:00,131.28,131.28,130.87,131.28,0,0.0,0.0
2024-12-09 17:32:00-05:00,131.2799,131.31,131.17,131.31,0,0.0,0.0
2024-12-09 17:33:00-05:00,131.235,131.31,130.87,131.31,0,0.0,0.0
2024-12-09 17:34:00-05:00,131.17,131.3,131.17,131.28,0,0.0,0.0
2024-12-09 17:35:00-05:00,131.3,131.3,131.2,131.3,0,0.0,0.0
2024-12-09 17:36:00-05:00,131.28,131.3,131.17,131.17,0,0.0,0.0
2024-12-09 17:37:00-05:00,131.28,131.3,131.25,131.28,0,0.0,0.0
2024-12-09 17:38:00-05:00,131.25,131.3,131.17,131.235,0,0.0,0.0
2024-12-09 17:39:00-05:00,131.3,131.3,131.235,131.3,0,0.0,0.0
2024-12-09 17:40:00-05:00,131.25,131.3,131.25,131.29,0,0.0,0.0
2024-12-09 17:41:00-05:00,131.3,131.3,131.17,131.235,0,0.0,0.0
2024-12-09 17:42:00-05:00,131.3,131.3,131.17,131.27,0,0.0,0.0
2024-12-09 17:43:00-05:00,131.2,131.3,131.2,131.3,0,0.0,0.0
2024-12-09 17:44:00-05:00,131.3,131.3,131.115,131.3,0,0.0,0.0
2024-12-09 17:45:00-05:00,131.3,131.3,131.11,131.15,0,0.0,0.0
2024-12-09 17:46:00-05:00,131.2,131.2,131.1386,131.15,0,0.0,0.0
2024-12-09 17:47:00-05:00,131.15,131.15,131.11,131.12,0,0.0,0.0
2024-12-09 17:48:00-05:00,131.11,131.12,131.0,131.1,0,0.0,0.0
2024-12-09 17:49:00-05:00,131.0224,131.12,131.0,131.01,0,0.0,0.0
2024-12-09 17:50:00-05:00,130.99,131.25,130.99,131.06,0,0.0,0.0
2024-12-09 17:51:00-05:00,131.06,131.3,131.0557,131.3,0,0.0,0.0
2024-12-09 17:52:00-05:00,131.29,131.4,131.27,131.4,0,0.0,0.0
2024-12-09 17:53:00-05:00,131.4,131.4,131.3,131.4,0,0.0,0.0
2024-12-09 17:54:00-05:00,131.36,131.4,131.04,131.36,0,0.0,0.0
2024-12-09 17:55:00-05:00,131.3,131.35,131.07,131.27,0,0.0,0.0
2024-12-09 17:56:00-05:00,131.25,131.3,131.25,131.3,0,0.0,0.0
2024-12-09 17:57:00-05:00,131.28,131.3,131.2715,131.29,0,0.0,0.0
2024-12-09 17:58:00-05:00,131.35,131.35,131.27,131.31,0,0.0,0.0
2024-12-09 17:59:00-05:00,131.31,131.35,131.27,131.3499,0,0.0,0.0
2024-12-09 18:00:00-05:00,131.3496,131.35,131.278,131.278,0,0.0,0.0
2024-12-09 18:01:00-05:00,131.31,131.35,131.31,131.3499,0,0.0,0.0
2024-12-09 18:02:00-05:00,131.35,131.35,131.27,131.35,0,0.0,0.0
2024-12-09 18:03:00-05:00,131.36,131.4,131.35,131.38,0,0.0,0.0
2024-12-09 18:04:00-05:00,131.3882,131.3882,131.32,131.38,0,0.0,0.0
2024-12-09 18:05:00-05:00,131.355,131.39,131.32,131.3802,0,0.0,0.0
2024-12-09 18:06:00-05:00,131.39,131.39,131.315,131.379,0,0.0,0.0
2024-12-09 18:07:00-05:00,131.38,131.38,131.33,131.37,0,0.0,0.0
2024-12-09 18:08:00-05:00,131.36,131.38,131.35,131.37,0,0.0,0.0
2024-12-09 18:09:00-05:00,131.36,131.3799,131.33,131.3599,0,0.0,0.0
2024-12-09 18:10:00-05:00,131.37,131.38,130.87,131.38,0,0.0,0.0
2024-12-09 18:11:00-05:00,131.32,131.37,131.3005,131.36,0,0.0,0.0
2024-12-09 18:12:00-05:00,131.3,131.36,131.3,131.36,0,0.0,0.0
2024-12-09 18:13:00-05:00,131.359,131.3597,131.25,131.25,0,0.0,0.0
2024-12-09 18:14:00-05:00,131.2987,131.36,131.2,131.36,0,0.0,0.0
2024-12-09 18:15:00-05:00,131.36,131.36,131.275,131.31,0,0.0,0.0
2024-12-09 18:16:00-05:00,131.31,131.37,131.27,131.27,0,0.0,0.0
2024-12-09 18:17:00-05:00,131.37,131.37,131.25,131.25,0,0.0,0.0
2024-12-09 18:18:00-05:00,131.36,131.37,131.285,131.285,0,0.0,0.0
2024-12-09 18:19:00-05:00,131.32,131.32,131.25,131.3,0,0.0,0.0
2024-12-09 18:20:00-05:00,131.285,131.36,131.25,131.36,0,0.0,0.0
2024-12-09 18:21:00-05:00,131.36,131.36,131.25,131.3,0,0.0,0.0
2024-12-09 18:22:00-05:00,131.3,131.3,131.1,131.205,0,0.0,0.0
2024-12-09 18:23:00-05:00,131.289,131.29,131.11,131.25,0,0.0,0.0
2024-12-09 18:24:00-05:00,131.27,131.33,131.12,131.33,0,0.0,0.0
2024-12-09 18:25:00-05:00,131.3,131.33,131.265,131.3,0,0.0,0.0
2024-12-09 18:26:00-05:00,131.3,131.3,131.2,131.2,0,0.0,0.0
2024-12-09 18:27:00-05:00,131.3,131.3,131.21,131.2983,0,0.0,0.0
2024-12-09 18:28:00-05:00,131.3,131.3,131.2,131.2999,0,0.0,0.0
2024-12-09 18:29:00-05:00,131.25,131.3,131.2,131.3,0,0.0,0.0
2024-12-09 18:30:00-05:00,131.28,131.3,131.2,131.29,0,0.0,0.0
2024-12-09 18:31:00-05:00,131.275,131.3,131.25,131.3,0,0.0,0.0
2024-12-09 18:32:00-05:00,131.3,131.3,131.25,131.25,0,0.0,0.0
2024-12-09 18:33:00-05:00,131.28,131.3,131.25,131.3,0,0.0,0.0
2024-12-09 18:34:00-05:00,131.275,131.3,131.2512,131.3,0,0.0,0.0
2024-12-09 18:35:00-05:00,131.275,131.3,131.23,131.25,0,0.0,0.0
2024-12-09 18:36:00-05:00,131.25,131.3,131.21,131.3,0,0.0,0.0
2024-12-09 18:37:00-05:00,131.3,131.3,131.21,131.2999,0,0.0,0.0
2024-12-09 18:38:00-05:00,131.255,131.3,131.25,131.255,0,0.0,0.0
2024-12-09 18:39:00-05:00,131.29,131.3,131.255,131.255,0,0.0,0.0
2024-12-09 18:40:00-05:00,131.3,131.3,131.21,131.26,0,0.0,0.0
2024-12-09 18:41:00-05:00,131.265,131.3,131.23,131.28,0,0.0,0.0
2024-12-09 18:42:00-05:00,131.28,131.34,131.26,131.328,0,0.0,0.0
2024-12-09 18:43:00-05:00,131.3299,131.33,131.295,131.295,0,0.0,0.0
2024-12-09 18:44:00-05:00,131.33,131.33,131.26,131.26,0,0.0,0.0
2024-12-09 18:45:00-05:00,131.29,131.32,131.26,131.31,0,0.0,0.0
2024-12-09 18:46:00-05:00,131.32,131.33,131.31,131.33,0,0.0,0.0
2024-12-09 18:47:00-05:00,131.315,131.33,131.3,131.32,0,0.0,0.0
2024-12-09 18:48:00-05:00,131.32,131.33,131.2985,131.2986,0,0.0,0.0
2024-12-09 18:49:00-05:00,131.3,131.3,131.25,131.28,0,0.0,0.0
2024-12-09 18:50:00-05:00,131.27,131.3302,131.27,131.3302,0,0.0,0.0
2024-12-09 18:51:00-05:00,131.3399,131.34,131.28,131.33,0,0.0,0.0
2024-12-09 18:52:00-05:00,131.3,131.34,131.28,131.31,0,0.0,0.0
2024-12-09 18:53:00-05:00,131.31,131.34,131.2054,131.29,0,0.0,0.0
2024-12-09 18:54:00-05:00,131.2583,131.34,131.2,131.2999,0,0.0,0.0
2024-12-09 18:55:00-05:00,131.3,131.33,131.2,131.33,0,0.0,0.0
2024-12-09 18:56:00-05:00,131.265,131.33,131.2,131.27,0,0.0,0.0
2024-12-09 18:57:00-05:00,131.33,131.34,131.21,131.3,0,0.0,0.0
2024-12-09 18:58:00-05:00,131.32,131.34,131.21,131.245,0,0.0,0.0
2024-12-09 18:59:00-05:00,131.28,131.29,131.2221,131.29,0,0.0,0.0
2024-12-09 19:00:00-05:00,131.2884,131.29,131.223,131.2799,0,0.0,0.0
2024-12-09 19:01:00-05:00,131.28,131.28,131.21,131.23,0,0.0,0.0
2024-12-09 19:02:00-05:00,131.25,131.25,131.23,131.23,0,0.0,0.0
2024-12-09 19:03:00-05:00,131.24,131.25,131.23,131.25,0,0.0,0.0
2024-12-09 19:04:00-05:00,131.25,131.25,131.2119,131.25,0,0.0,0.0
2024-12-09 19:05:00-05:00,131.2498,131.25,131.23,131.2493,0,0.0,0.0
2024-12-09 19:06:00-05:00,131.2487,131.25,131.2101,131.2101,0,0.0,0.0
2024-12-09 19:07:00-05:00,131.2499,131.25,131.2,131.2124,0,0.0,0.0
2024-12-09 19:08:00-05:00,131.2497,131.25,131.2,131.25,0,0.0,0.0
2024-12-09 19:09:00-05:00,131.25,131.25,131.23,131.235,0,0.0,0.0
2024-12-09 19:10:00-05:00,131.22,131.25,131.2,131.22,0,0.0,0.0
2024-12-09 19:11:00-05:00,131.25,131.25,131.2,131.25,0,0.0,0.0
2024-12-09 19:12:00-05:00,131.25,131.25,131.2,131.24,0,0.0,0.0
2024-12-09 19:13:00-05:00,131.24,131.24,131.13,131.185,0,0.0,0.0
2024-12-09 19:14:00-05:00,131.24,131.24,131.08,131.105,0,0.0,0.0
2024-12-09 19:15:00-05:00,131.12,131.23,131.08,131.2,0,0.0,0.0
2024-12-09 19:16:00-05:00,131.13,131.23,131.08,131.23,0,0.0,0.0
2024-12-09 19:17:00-05:00,131.23,131.23,131.1,131.23,0,0.0,0.0
2024-12-09 19:18:00-05:00,131.23,131.23,131.15,131.17,0,0.0,0.0
2024-12-09 19:19:00-05:00,131.1999,131.2,131.0866,131.1,0,0.0,0.0
2024-12-09 19:20:00-05:00,131.17,131.19,131.1,131.19,0,0.0,0.0
2024-12-09 19:21:00-05:00,131.17,131.19,131.13,131.13,0,0.0,0.0
2024-12-09 19:22:00-05:00,131.13,131.188,131.115,131.115,0,0.0,0.0
2024-12-09 19:23:00-05:00,131.15,131.18,131.1499,131.18,0,0.0,0.0
2024-12-09 19:24:00-05:00,131.18,131.18,131.115,131.115,0,0.0,0.0
2024-12-09 19:25:00-05:00,131.15,131.15,131.115,131.15,0,0.0,0.0
2024-12-09 19:26:00-05:00,131.1389,131.14,131.11,131.14,0,0.0,0.0
2024-12-09 19:27:00-05:00,131.1397,131.14,131.105,131.14,0,0.0,0.0
2024-12-09 19:28:00-05:00,131.14,131.15,131.0736,131.0736,0,0.0,0.0
2024-12-09 19:29:00-05:00,131.14,131.15,131.1,131.1481,0,0.0,0.0
2024-12-09 19:30:00-05:00,131.1493,131.15,131.07,131.13,0,0.0,0.0
2024-12-09 19:31:00-05:00,131.13,131.15,131.125,131.1499,0,0.0,0.0
2024-12-09 19:32:00-05:00,131.15,131.15,131.08,131.08,0,0.0,0.0
2024-12-09 19:33:00-05:00,131.1,131.1,131.08,131.09,0,0.0,0.0
2024-12-09 19:34:00-05:00,131.09,131.11,131.09,131.105,0,0.0,0.0
2024-12-09 19:35:00-05:00,131.105,131.11,131.1,131.11,0,0.0,0.0
2024-12-09 19:36:00-05:00,131.1,131.14,131.1,131.115,0,0.0,0.0
2024-12-09 19:37:00-05:00,131.14,131.14,131.09,131.13,0,0.0,0.0
2024-12-09 19:38:00-05:00,131.12,131.12,131.09,131.11,0,0.0,0.0
2024-12-09 19:39:00-05:00,131.11,131.15,131.11,131.15,0,0.0,0.0
2024-12-09 19:40:00-05:00,131.145,131.15,131.14,131.14,0,0.0,0.0
2024-12-09 19:41:00-05:00,131.125,131.14,131.11,131.115,0,0.0,0.0
2024-12-09 19:42:00-05:00,131.1198,131.12,131.07,131.095,0,0.0,0.0
2024-12-09 19:43:00-05:00,131.11,131.12,131.07,131.12,0,0.0,0.0
2024-12-09 19:44:00-05:00,131.12,131.12,131.07,131.085,0,0.0,0.0
2024-12-09 19:45:00-05:00,131.0996,131.15,131.08,131.14,0,0.0,0.0
2024-12-09 19:46:00-05:00,131.15,131.15,131.08,131.115,0,0.0,0.0
2024-12-09 19:47:00-05:00,131.15,131.15,131.0797,131.0797,0,0.0,0.0
2024-12-09 19:48:00-05:00,131.07,131.1,131.05,131.1,0,0.0,0.0
2024-12-09 19:49:00-05:00,131.09,131.1,131.05,131.09,0,0.0,0.0
2024-12-09 19:50:00-05:00,131.08,131.09,131.02,131.055,0,0.0,0.0
2024-12-09 19:51:00-05:00,131.02,131.09,131.02,131.05,0,0.0,0.0
2024-12-09 19:52:00-05:00,131.0315,131.09,131.03,131.05,0,0.0,0.0
2024-12-09 19:53:00-05:00,131.05,131.07,131.0201,131.0201,0,0.0,0.0
2024-12-09 19:54:00-05:00,131.05,131.05,131.02,131.05,0,0.0,0.0
2024-12-09 19:55:00-05:00,131.05,131.05,131.02,131.05,0,0.0,0.0
2024-12-09 19:56:00-05:00,131.09,131.09,131.025,131.0299,0,0.0,0.0
2024-12-09 19:57:00-05:00,131.03,131.03,131.01,131.02,0,0.0,0.0
2024-12-09 19:58:00-05:00,131.0117,131.15,131.0117,131.15,0,0.0,0.0
2024-12-09 19:59:00-05:00,131.04,131.14,131.01,131.14,0,0.0,0.0
