time,Open,High,Low,Close,Volume,Dividends,Stock Splits
2024-12-05 04:00:00-05:00,143.6,143.6,143.44,143.44,0,0.0,0.0
2024-12-05 04:01:00-05:00,143.44,143.51,143.44,143.51,0,0.0,0.0
2024-12-05 04:02:00-05:00,143.5,143.51,143.5,143.51,0,0.0,0.0
2024-12-05 04:03:00-05:00,143.51,143.51,143.4,143.44,0,0.0,0.0
2024-12-05 04:04:00-05:00,143.46,143.6,143.46,143.56,0,0.0,0.0
2024-12-05 04:07:00-05:00,143.47,143.47,143.47,143.47,0,0.0,0.0
2024-12-05 04:08:00-05:00,143.5,143.5,143.42,143.42,0,0.0,0.0
2024-12-05 04:09:00-05:00,143.4,143.42,143.38,143.42,0,0.0,0.0
2024-12-05 04:10:00-05:00,143.39,143.39,143.35,143.35,0,0.0,0.0
2024-12-05 04:11:00-05:00,143.28,143.28,143.28,143.28,0,0.0,0.0
2024-12-05 04:12:00-05:00,143.32,143.32,143.24,143.24,0,0.0,0.0
2024-12-05 04:13:00-05:00,143.26,143.3,143.26,143.3,0,0.0,0.0
2024-12-05 04:14:00-05:00,143.28,143.28,143.28,143.28,0,0.0,0.0
2024-12-05 04:15:00-05:00,143.42,143.49,143.42,143.49,0,0.0,0.0
2024-12-05 04:16:00-05:00,143.49,143.5,143.49,143.5,0,0.0,0.0
2024-12-05 04:18:00-05:00,143.45,143.45,143.45,143.45,0,0.0,0.0
2024-12-05 04:19:00-05:00,143.4,143.4,143.4,143.4,0,0.0,0.0
2024-12-05 04:22:00-05:00,143.43,143.43,143.43,143.43,0,0.0,0.0
2024-12-05 04:23:00-05:00,143.43,143.43,143.43,143.43,0,0.0,0.0
2024-12-05 04:25:00-05:00,143.43,143.43,143.41,143.41,0,0.0,0.0
2024-12-05 04:26:00-05:00,143.43,143.43,143.42,143.42,0,0.0,0.0
2024-12-05 04:27:00-05:00,143.39,143.41,143.38,143.41,0,0.0,0.0
2024-12-05 04:28:00-05:00,143.45,143.45,143.45,143.45,0,0.0,0.0
2024-12-05 04:29:00-05:00,143.45,143.45,143.45,143.45,0,0.0,0.0
2024-12-05 04:31:00-05:00,143.44,143.47,143.42,143.42,0,0.0,0.0
2024-12-05 04:32:00-05:00,143.43,143.46,143.42,143.45,0,0.0,0.0
2024-12-05 04:34:00-05:00,143.45,143.45,143.44,143.44,0,0.0,0.0
2024-12-05 04:35:00-05:00,143.45,143.45,143.38,143.44,0,0.0,0.0
2024-12-05 04:39:00-05:00,143.44,143.45,143.44,143.45,0,0.0,0.0
2024-12-05 04:40:00-05:00,143.4,143.4,143.4,143.4,0,0.0,0.0
2024-12-05 04:42:00-05:00,143.41,143.41,143.37,143.37,0,0.0,0.0
2024-12-05 04:43:00-05:00,143.41,143.41,143.41,143.41,0,0.0,0.0
2024-12-05 04:44:00-05:00,143.44,143.45,143.44,143.44,0,0.0,0.0
2024-12-05 04:45:00-05:00,143.4,143.4,143.4,143.4,0,0.0,0.0
2024-12-05 04:49:00-05:00,143.49,143.49,143.49,143.49,0,0.0,0.0
2024-12-05 04:51:00-05:00,143.43,143.43,143.43,143.43,0,0.0,0.0
2024-12-05 04:53:00-05:00,143.48,143.48,143.48,143.48,0,0.0,0.0
2024-12-05 04:55:00-05:00,143.5,143.5,143.5,143.5,0,0.0,0.0
2024-12-05 04:57:00-05:00,143.49,143.5,143.49,143.5,0,0.0,0.0
2024-12-05 04:58:00-05:00,143.49,143.49,143.49,143.49,0,0.0,0.0
2024-12-05 04:59:00-05:00,143.5,143.5,143.46,143.46,0,0.0,0.0
2024-12-05 05:00:00-05:00,143.51,143.51,143.51,143.51,0,0.0,0.0
2024-12-05 05:01:00-05:00,143.51,143.51,143.44,143.44,0,0.0,0.0
2024-12-05 05:04:00-05:00,143.5,143.5,143.5,143.5,0,0.0,0.0
2024-12-05 05:06:00-05:00,143.46,143.46,143.46,143.46,0,0.0,0.0
2024-12-05 05:07:00-05:00,143.48,143.48,143.48,143.48,0,0.0,0.0
2024-12-05 05:10:00-05:00,143.54,143.54,143.54,143.54,0,0.0,0.0
2024-12-05 05:11:00-05:00,143.54,143.54,143.54,143.54,0,0.0,0.0
2024-12-05 05:12:00-05:00,143.54,143.54,143.54,143.54,0,0.0,0.0
2024-12-05 05:15:00-05:00,143.51,143.51,143.51,143.51,0,0.0,0.0
2024-12-05 05:16:00-05:00,143.54,143.54,143.54,143.54,0,0.0,0.0
2024-12-05 05:18:00-05:00,143.62,143.68,143.62,143.68,0,0.0,0.0
2024-12-05 05:24:00-05:00,143.72,143.72,143.72,143.72,0,0.0,0.0
2024-12-05 05:25:00-05:00,143.61,143.66,143.6,143.66,0,0.0,0.0
2024-12-05 05:27:00-05:00,143.65,143.65,143.65,143.65,0,0.0,0.0
2024-12-05 05:28:00-05:00,143.68,143.68,143.68,143.68,0,0.0,0.0
2024-12-05 05:30:00-05:00,143.7,143.7,143.7,143.7,0,0.0,0.0
2024-12-05 05:32:00-05:00,143.63,143.65,143.63,143.65,0,0.0,0.0
2024-12-05 05:34:00-05:00,143.67,143.67,143.67,143.67,0,0.0,0.0
2024-12-05 05:36:00-05:00,143.6,143.62,143.57,143.57,0,0.0,0.0
2024-12-05 05:38:00-05:00,143.6,143.62,143.6,143.62,0,0.0,0.0
2024-12-05 05:39:00-05:00,143.6,143.6,143.6,143.6,0,0.0,0.0
2024-12-05 05:40:00-05:00,143.63,143.63,143.6,143.6,0,0.0,0.0
2024-12-05 05:41:00-05:00,143.62,143.62,143.61,143.61,0,0.0,0.0
2024-12-05 05:42:00-05:00,143.57,143.57,143.57,143.57,0,0.0,0.0
2024-12-05 05:43:00-05:00,143.61,143.61,143.61,143.61,0,0.0,0.0
2024-12-05 05:46:00-05:00,143.57,143.57,143.53,143.53,0,0.0,0.0
2024-12-05 05:47:00-05:00,143.53,143.53,143.4,143.4,0,0.0,0.0
2024-12-05 05:49:00-05:00,143.4,143.4,143.4,143.4,0,0.0,0.0
2024-12-05 05:52:00-05:00,143.39,143.39,143.39,143.39,0,0.0,0.0
2024-12-05 05:53:00-05:00,143.39,143.39,143.39,143.39,0,0.0,0.0
2024-12-05 05:54:00-05:00,143.39,143.39,143.39,143.39,0,0.0,0.0
2024-12-05 05:55:00-05:00,143.47,143.47,143.47,143.47,0,0.0,0.0
2024-12-05 05:56:00-05:00,143.47,143.47,143.47,143.47,0,0.0,0.0
2024-12-05 05:57:00-05:00,143.47,143.47,143.42,143.42,0,0.0,0.0
2024-12-05 05:59:00-05:00,143.47,143.47,143.44,143.47,0,0.0,0.0
2024-12-05 06:00:00-05:00,143.47,143.47,143.47,143.47,0,0.0,0.0
2024-12-05 06:01:00-05:00,143.47,143.54,143.47,143.52,0,0.0,0.0
2024-12-05 06:02:00-05:00,143.52,143.52,143.52,143.52,0,0.0,0.0
2024-12-05 06:04:00-05:00,143.52,143.52,143.5,143.5,0,0.0,0.0
2024-12-05 06:08:00-05:00,143.53,143.53,143.53,143.53,0,0.0,0.0
2024-12-05 06:09:00-05:00,143.52,143.52,143.52,143.52,0,0.0,0.0
2024-12-05 06:10:00-05:00,143.52,143.52,143.52,143.52,0,0.0,0.0
2024-12-05 06:11:00-05:00,143.52,143.52,143.52,143.52,0,0.0,0.0
2024-12-05 06:13:00-05:00,143.52,143.52,143.52,143.52,0,0.0,0.0
2024-12-05 06:14:00-05:00,143.55,143.55,143.55,143.55,0,0.0,0.0
2024-12-05 06:20:00-05:00,143.56,143.56,143.56,143.56,0,0.0,0.0
2024-12-05 06:21:00-05:00,143.57,143.58,143.57,143.58,0,0.0,0.0
2024-12-05 06:23:00-05:00,143.57,143.57,143.57,143.57,0,0.0,0.0
2024-12-05 06:26:00-05:00,143.57,143.57,143.57,143.57,0,0.0,0.0
2024-12-05 06:27:00-05:00,143.57,143.57,143.55,143.55,0,0.0,0.0
2024-12-05 06:30:00-05:00,143.6,143.6,143.6,143.6,0,0.0,0.0
2024-12-05 06:31:00-05:00,143.61,143.61,143.61,143.61,0,0.0,0.0
2024-12-05 06:32:00-05:00,143.62,143.62,143.62,143.62,0,0.0,0.0
2024-12-05 06:33:00-05:00,143.6,143.6,143.6,143.6,0,0.0,0.0
2024-12-05 06:35:00-05:00,143.6,143.6,143.6,143.6,0,0.0,0.0
2024-12-05 06:36:00-05:00,143.65,143.65,143.65,143.65,0,0.0,0.0
2024-12-05 06:38:00-05:00,143.69,143.69,143.69,143.69,0,0.0,0.0
2024-12-05 06:42:00-05:00,143.68,143.68,143.68,143.68,0,0.0,0.0
2024-12-05 06:43:00-05:00,143.71,143.73,143.71,143.73,0,0.0,0.0
2024-12-05 06:45:00-05:00,143.71,143.71,143.71,143.71,0,0.0,0.0
2024-12-05 06:49:00-05:00,143.7,143.7,143.7,143.7,0,0.0,0.0
2024-12-05 06:51:00-05:00,143.71,143.71,143.7,143.7,0,0.0,0.0
2024-12-05 06:52:00-05:00,143.7,143.7,143.66,143.66,0,0.0,0.0
2024-12-05 06:53:00-05:00,143.67,143.67,143.61,143.65,0,0.0,0.0
2024-12-05 06:54:00-05:00,143.67,143.69,143.66,143.69,0,0.0,0.0
2024-12-05 06:55:00-05:00,143.66,143.66,143.66,143.66,0,0.0,0.0
2024-12-05 06:56:00-05:00,143.65,143.65,143.64,143.64,0,0.0,0.0
2024-12-05 06:57:00-05:00,143.63,143.63,143.63,143.63,0,0.0,0.0
2024-12-05 07:00:00-05:00,143.62,143.68,143.6,143.6,0,0.0,0.0
2024-12-05 07:01:00-05:00,143.65,143.71,143.65,143.67,0,0.0,0.0
2024-12-05 07:02:00-05:00,143.66,143.67,143.66,143.67,0,0.0,0.0
2024-12-05 07:03:00-05:00,143.73,143.73,143.67,143.7,0,0.0,0.0
2024-12-05 07:05:00-05:00,143.65,143.65,143.64,143.64,0,0.0,0.0
2024-12-05 07:06:00-05:00,143.67,143.67,143.67,143.67,0,0.0,0.0
2024-12-05 07:07:00-05:00,143.67,143.67,143.67,143.67,0,0.0,0.0
2024-12-05 07:08:00-05:00,143.67,143.67,143.66,143.66,0,0.0,0.0
2024-12-05 07:09:00-05:00,143.65,143.65,143.65,143.65,0,0.0,0.0
2024-12-05 07:10:00-05:00,143.65,143.65,143.65,143.65,0,0.0,0.0
2024-12-05 07:11:00-05:00,143.69,143.69,143.69,143.69,0,0.0,0.0
2024-12-05 07:12:00-05:00,143.7,143.72,143.7,143.72,0,0.0,0.0
2024-12-05 07:13:00-05:00,143.71,143.71,143.71,143.71,0,0.0,0.0
2024-12-05 07:15:00-05:00,143.76,143.78,143.76,143.78,0,0.0,0.0
2024-12-05 07:16:00-05:00,143.79,143.79,143.76,143.76,0,0.0,0.0
2024-12-05 07:17:00-05:00,143.74,143.74,143.74,143.74,0,0.0,0.0
2024-12-05 07:18:00-05:00,143.72,143.72,143.72,143.72,0,0.0,0.0
2024-12-05 07:19:00-05:00,143.7,143.7,143.67,143.67,0,0.0,0.0
2024-12-05 07:20:00-05:00,143.69,143.69,143.65,143.65,0,0.0,0.0
2024-12-05 07:21:00-05:00,143.65,143.65,143.65,143.65,0,0.0,0.0
2024-12-05 07:22:00-05:00,143.6,143.6,143.6,143.6,0,0.0,0.0
2024-12-05 07:23:00-05:00,143.58,143.58,143.58,143.58,0,0.0,0.0
2024-12-05 07:24:00-05:00,143.55,143.55,143.52,143.52,0,0.0,0.0
2024-12-05 07:25:00-05:00,143.56,143.59,143.56,143.59,0,0.0,0.0
2024-12-05 07:27:00-05:00,143.57,143.57,143.5,143.5,0,0.0,0.0
2024-12-05 07:28:00-05:00,143.51,143.51,143.46,143.49,0,0.0,0.0
2024-12-05 07:29:00-05:00,143.5,143.51,143.5,143.5,0,0.0,0.0
2024-12-05 07:30:00-05:00,143.52,143.53,143.52,143.53,0,0.0,0.0
2024-12-05 07:31:00-05:00,143.53,143.53,143.53,143.53,0,0.0,0.0
2024-12-05 07:32:00-05:00,143.57,143.57,143.57,143.57,0,0.0,0.0
2024-12-05 07:33:00-05:00,143.6,143.6,143.6,143.6,0,0.0,0.0
2024-12-05 07:34:00-05:00,143.63,143.63,143.58,143.58,0,0.0,0.0
2024-12-05 07:36:00-05:00,143.63,143.65,143.61,143.65,0,0.0,0.0
2024-12-05 07:37:00-05:00,143.68,143.68,143.64,143.64,0,0.0,0.0
2024-12-05 07:39:00-05:00,143.679,143.679,143.679,143.679,0,0.0,0.0
2024-12-05 07:40:00-05:00,143.66,143.68,143.65,143.65,0,0.0,0.0
2024-12-05 07:41:00-05:00,143.61,143.65,143.59,143.65,0,0.0,0.0
2024-12-05 07:42:00-05:00,143.6,143.65,143.6,143.65,0,0.0,0.0
2024-12-05 07:44:00-05:00,143.6,143.62,143.57,143.57,0,0.0,0.0
2024-12-05 07:45:00-05:00,143.58,143.58,143.58,143.58,0,0.0,0.0
2024-12-05 07:46:00-05:00,143.58,143.58,143.58,143.58,0,0.0,0.0
2024-12-05 07:47:00-05:00,143.57,143.57,143.57,143.57,0,0.0,0.0
2024-12-05 07:48:00-05:00,143.67,143.67,143.67,143.67,0,0.0,0.0
2024-12-05 07:49:00-05:00,143.679,143.679,143.679,143.679,0,0.0,0.0
2024-12-05 07:53:00-05:00,143.69,143.71,143.69,143.71,0,0.0,0.0
2024-12-05 07:54:00-05:00,143.67,143.67,143.61,143.63,0,0.0,0.0
2024-12-05 07:55:00-05:00,143.6,143.64,143.6,143.64,0,0.0,0.0
2024-12-05 07:56:00-05:00,143.73,143.81,143.65,143.79,0,0.0,0.0
2024-12-05 07:57:00-05:00,143.75,143.75,143.75,143.75,0,0.0,0.0
2024-12-05 07:58:00-05:00,143.78,143.78,143.78,143.78,0,0.0,0.0
2024-12-05 07:59:00-05:00,143.76,143.78,143.76,143.78,0,0.0,0.0
2024-12-05 08:00:00-05:00,143.8267,144.0688,143.2719,143.7805,0,0.0,0.0
2024-12-05 08:01:00-05:00,143.63,143.88,143.33,143.34,0,0.0,0.0
2024-12-05 08:02:00-05:00,143.86,143.88,143.815,143.88,0,0.0,0.0
2024-12-05 08:03:00-05:00,143.8,143.9,143.8,143.84,0,0.0,0.0
2024-12-05 08:04:00-05:00,143.83,143.85,143.75,143.75,0,0.0,0.0
2024-12-05 08:05:00-05:00,143.75,143.99,143.75,143.784,0,0.0,0.0
2024-12-05 08:06:00-05:00,143.79,143.86,143.7801,143.83,0,0.0,0.0
2024-12-05 08:07:00-05:00,143.82,143.88,143.631,143.85,0,0.0,0.0
2024-12-05 08:08:00-05:00,143.8201,143.88,143.82,143.844,0,0.0,0.0
2024-12-05 08:09:00-05:00,143.75,143.88,143.75,143.76,0,0.0,0.0
2024-12-05 08:10:00-05:00,143.86,143.86,143.75,143.7502,0,0.0,0.0
2024-12-05 08:11:00-05:00,143.7507,143.85,143.75,143.8,0,0.0,0.0
2024-12-05 08:12:00-05:00,143.85,143.85,143.75,143.8403,0,0.0,0.0
2024-12-05 08:13:00-05:00,143.8013,143.825,143.775,143.8,0,0.0,0.0
2024-12-05 08:14:00-05:00,143.81,143.825,143.8,143.82,0,0.0,0.0
2024-12-05 08:15:00-05:00,143.805,143.82,143.75,143.75,0,0.0,0.0
2024-12-05 08:16:00-05:00,143.78,143.8,143.75,143.7501,0,0.0,0.0
2024-12-05 08:17:00-05:00,143.75,143.78,143.74,143.75,0,0.0,0.0
2024-12-05 08:18:00-05:00,143.73,143.75,143.7,143.725,0,0.0,0.0
2024-12-05 08:19:00-05:00,143.7,143.75,143.7,143.7,0,0.0,0.0
2024-12-05 08:20:00-05:00,143.706,143.75,143.7,143.7,0,0.0,0.0
2024-12-05 08:21:00-05:00,143.7,143.75,143.61,143.75,0,0.0,0.0
2024-12-05 08:22:00-05:00,143.68,143.7,143.655,143.7,0,0.0,0.0
2024-12-05 08:23:00-05:00,143.7,143.75,143.61,143.72,0,0.0,0.0
2024-12-05 08:24:00-05:00,143.696,143.72,143.61,143.665,0,0.0,0.0
2024-12-05 08:25:00-05:00,143.66,143.72,143.61,143.7,0,0.0,0.0
2024-12-05 08:26:00-05:00,143.665,143.72,143.61,143.61,0,0.0,0.0
2024-12-05 08:27:00-05:00,143.65,143.67,143.61,143.61,0,0.0,0.0
2024-12-05 08:28:00-05:00,143.61,143.72,143.61,143.72,0,0.0,0.0
2024-12-05 08:29:00-05:00,143.7118,143.72,143.61,143.665,0,0.0,0.0
2024-12-05 08:30:00-05:00,143.72,143.72,143.6143,143.7172,0,0.0,0.0
2024-12-05 08:31:00-05:00,143.66,143.71,143.61,143.63,0,0.0,0.0
2024-12-05 08:32:00-05:00,143.63,143.7481,143.63,143.7481,0,0.0,0.0
2024-12-05 08:33:00-05:00,143.73,143.8,143.715,143.76,0,0.0,0.0
2024-12-05 08:34:00-05:00,143.79,143.8,143.68,143.79,0,0.0,0.0
2024-12-05 08:35:00-05:00,143.73,143.85,143.73,143.8499,0,0.0,0.0
2024-12-05 08:36:00-05:00,143.825,143.97,143.825,143.97,0,0.0,0.0
2024-12-05 08:37:00-05:00,143.95,143.98,143.88,143.8919,0,0.0,0.0
2024-12-05 08:38:00-05:00,143.91,144.11,143.91,144.11,0,0.0,0.0
2024-12-05 08:39:00-05:00,144.11,144.36,144.11,144.25,0,0.0,0.0
2024-12-05 08:40:00-05:00,144.23,144.3,144.11,144.155,0,0.0,0.0
2024-12-05 08:41:00-05:00,144.11,144.2,144.11,144.2,0,0.0,0.0
2024-12-05 08:42:00-05:00,144.18,144.3,144.18,144.1976,0,0.0,0.0
2024-12-05 08:43:00-05:00,144.2499,144.3,144.18,144.3,0,0.0,0.0
2024-12-05 08:44:00-05:00,144.24,144.2857,144.16,144.17,0,0.0,0.0
2024-12-05 08:45:00-05:00,144.17,144.25,144.11,144.16,0,0.0,0.0
2024-12-05 08:46:00-05:00,144.153,144.1722,144.02,144.08,0,0.0,0.0
2024-12-05 08:47:00-05:00,144.055,144.15,144.0,144.05,0,0.0,0.0
2024-12-05 08:48:00-05:00,144.045,144.07,144.0,144.05,0,0.0,0.0
2024-12-05 08:49:00-05:00,144.05,144.05,144.02,144.0464,0,0.0,0.0
2024-12-05 08:50:00-05:00,144.03,144.05,143.8,143.8,0,0.0,0.0
2024-12-05 08:51:00-05:00,143.88,143.95,143.85,143.9381,0,0.0,0.0
2024-12-05 08:52:00-05:00,143.85,143.95,143.8,143.9,0,0.0,0.0
2024-12-05 08:53:00-05:00,143.94,143.94,143.87,143.94,0,0.0,0.0
2024-12-05 08:54:00-05:00,143.94,144.05,143.94,144.04,0,0.0,0.0
2024-12-05 08:55:00-05:00,144.05,144.15,144.04,144.12,0,0.0,0.0
2024-12-05 08:56:00-05:00,144.1,144.15,144.0701,144.1412,0,0.0,0.0
2024-12-05 08:57:00-05:00,144.15,144.18,144.0,144.1321,0,0.0,0.0
2024-12-05 08:58:00-05:00,144.09,144.15,144.0,144.0,0,0.0,0.0
2024-12-05 08:59:00-05:00,144.02,144.15,144.0,144.085,0,0.0,0.0
2024-12-05 09:00:00-05:00,144.15,144.15,144.02,144.07,0,0.0,0.0
2024-12-05 09:01:00-05:00,144.075,144.075,143.94,144.02,0,0.0,0.0
2024-12-05 09:02:00-05:00,143.99,144.1,143.96,144.08,0,0.0,0.0
2024-12-05 09:03:00-05:00,144.1,144.1,144.04,144.04,0,0.0,0.0
2024-12-05 09:04:00-05:00,144.1,144.1,144.03,144.08,0,0.0,0.0
2024-12-05 09:05:00-05:00,144.06,144.1,144.02,144.02,0,0.0,0.0
2024-12-05 09:06:00-05:00,144.0295,144.1,144.02,144.02,0,0.0,0.0
2024-12-05 09:07:00-05:00,144.1,144.1,144.02,144.06,0,0.0,0.0
2024-12-05 09:08:00-05:00,144.1,144.1,144.02,144.035,0,0.0,0.0
2024-12-05 09:09:00-05:00,144.0267,144.09,144.0267,144.09,0,0.0,0.0
2024-12-05 09:10:00-05:00,144.05,144.12,144.05,144.11,0,0.0,0.0
2024-12-05 09:11:00-05:00,144.11,144.12,143.99,144.12,0,0.0,0.0
2024-12-05 09:12:00-05:00,144.12,144.12,143.95,144.11,0,0.0,0.0
2024-12-05 09:13:00-05:00,144.11,144.11,143.95,143.96,0,0.0,0.0
2024-12-05 09:14:00-05:00,143.9999,144.0,143.95,143.975,0,0.0,0.0
2024-12-05 09:15:00-05:00,143.95,144.0,143.95,143.95,0,0.0,0.0
2024-12-05 09:16:00-05:00,143.9999,144.08,143.95,144.0,0,0.0,0.0
2024-12-05 09:17:00-05:00,144.05,144.08,144.0,144.0,0,0.0,0.0
2024-12-05 09:18:00-05:00,144.0,144.05,143.98,144.04,0,0.0,0.0
2024-12-05 09:19:00-05:00,144.05,144.05,143.975,144.0,0,0.0,0.0
2024-12-05 09:20:00-05:00,143.95,143.95,143.8,143.875,0,0.0,0.0
2024-12-05 09:21:00-05:00,143.95,143.95,143.81,143.9499,0,0.0,0.0
2024-12-05 09:22:00-05:00,143.9,143.95,143.88,143.9338,0,0.0,0.0
2024-12-05 09:23:00-05:00,143.88,143.95,143.88,143.91,0,0.0,0.0
2024-12-05 09:24:00-05:00,143.87,143.95,143.8,143.83,0,0.0,0.0
2024-12-05 09:25:00-05:00,143.83,143.935,143.75,143.889,0,0.0,0.0
2024-12-05 09:26:00-05:00,143.79,143.9,143.68,143.9,0,0.0,0.0
2024-12-05 09:27:00-05:00,143.85,144.0,143.85,144.0,0,0.0,0.0
2024-12-05 09:28:00-05:00,143.9997,144.0,143.885,143.92,0,0.0,0.0
2024-12-05 09:29:00-05:00,143.97,143.98,143.75,143.956,0,0.0,0.0
2024-12-05 09:30:00-05:00,143.69000244140625,143.94000244140625,142.72000122070312,142.73500061035156,1666366,0.0,0.0
2024-12-05 09:31:00-05:00,142.7100067138672,143.14430236816406,142.5601043701172,142.91000366210938,182649,0.0,0.0
2024-12-05 09:32:00-05:00,142.9600067138672,143.4600067138672,142.90499877929688,143.3699951171875,150781,0.0,0.0
2024-12-05 09:33:00-05:00,143.4031982421875,143.55990600585938,142.85000610351562,143.00999450683594,146228,0.0,0.0
2024-12-05 09:34:00-05:00,143.02999877929688,143.13999938964844,142.82000732421875,142.99000549316406,141911,0.0,0.0
2024-12-05 09:35:00-05:00,143.02520751953125,143.3300018310547,142.8582000732422,143.30999755859375,121465,0.0,0.0
2024-12-05 09:36:00-05:00,143.30999755859375,143.5399932861328,143.14999389648438,143.50010681152344,117475,0.0,0.0
2024-12-05 09:37:00-05:00,143.54449462890625,143.54449462890625,143.25030517578125,143.46749877929688,95873,0.0,0.0
2024-12-05 09:38:00-05:00,143.5299072265625,143.5800018310547,143.22000122070312,143.3704071044922,138983,0.0,0.0
2024-12-05 09:39:00-05:00,143.38999938964844,143.40249633789062,142.94000244140625,142.9951934814453,157408,0.0,0.0
2024-12-05 09:40:00-05:00,142.97000122070312,143.2899932861328,142.97000122070312,143.2899932861328,99583,0.0,0.0
2024-12-05 09:41:00-05:00,143.289306640625,143.49270629882812,143.24000549316406,143.39500427246094,97951,0.0,0.0
2024-12-05 09:42:00-05:00,143.38499450683594,143.64990234375,143.36000061035156,143.53399658203125,80373,0.0,0.0
2024-12-05 09:43:00-05:00,143.50070190429688,143.69000244140625,143.41000366210938,143.67990112304688,69676,0.0,0.0
2024-12-05 09:44:00-05:00,143.6699981689453,143.69000244140625,143.4300994873047,143.59849548339844,69136,0.0,0.0
2024-12-05 09:45:00-05:00,143.60000610351562,143.72000122070312,143.46009826660156,143.5399932861328,101121,0.0,0.0
2024-12-05 09:46:00-05:00,143.57000732421875,143.74000549316406,143.4199981689453,143.4499969482422,82460,0.0,0.0
2024-12-05 09:47:00-05:00,143.4600067138672,143.5,143.23269653320312,143.29989624023438,61827,0.0,0.0
2024-12-05 09:48:00-05:00,143.27999877929688,143.33529663085938,143.1300048828125,143.15499877929688,60037,0.0,0.0
2024-12-05 09:49:00-05:00,143.1898956298828,143.25990295410156,143.09750366210938,143.09750366210938,81072,0.0,0.0
2024-12-05 09:50:00-05:00,143.11500549316406,143.11500549316406,142.77999877929688,142.8350067138672,175410,0.0,0.0
2024-12-05 09:51:00-05:00,142.83999633789062,143.0399932861328,142.80999755859375,142.89999389648438,87821,0.0,0.0
2024-12-05 09:52:00-05:00,142.8939971923828,142.8939971923828,142.50999450683594,142.57000732421875,204378,0.0,0.0
2024-12-05 09:53:00-05:00,142.58059692382812,142.7100067138672,142.45030212402344,142.6300048828125,153270,0.0,0.0
2024-12-05 09:54:00-05:00,142.62010192871094,142.6699981689453,142.52589416503906,142.56500244140625,101390,0.0,0.0
2024-12-05 09:55:00-05:00,142.5500030517578,142.5500030517578,142.2100067138672,142.3199005126953,190279,0.0,0.0
2024-12-05 09:56:00-05:00,142.2949981689453,142.33999633789062,142.1623992919922,142.2050018310547,98055,0.0,0.0
2024-12-05 09:57:00-05:00,142.2100067138672,142.24000549316406,142.02000427246094,142.1699981689453,128110,0.0,0.0
2024-12-05 09:58:00-05:00,142.19000244140625,142.385498046875,142.0,142.10499572753906,203220,0.0,0.0
2024-12-05 09:59:00-05:00,142.08999633789062,142.14990234375,141.82000732421875,141.85519409179688,235263,0.0,0.0
2024-12-05 10:00:00-05:00,141.8699951171875,142.1699981689453,141.86000061035156,142.1699981689453,172774,0.0,0.0
2024-12-05 10:01:00-05:00,142.1999053955078,142.389892578125,142.1699981689453,142.34500122070312,154623,0.0,0.0
2024-12-05 10:02:00-05:00,142.35000610351562,142.49000549316406,142.27999877929688,142.36000061035156,105741,0.0,0.0
2024-12-05 10:03:00-05:00,142.37989807128906,142.5500030517578,142.32009887695312,142.4102020263672,102735,0.0,0.0
2024-12-05 10:04:00-05:00,142.4199981689453,142.4600067138672,142.27999877929688,142.3699951171875,86223,0.0,0.0
2024-12-05 10:05:00-05:00,142.35499572753906,142.44000244140625,142.28399658203125,142.33999633789062,69153,0.0,0.0
2024-12-05 10:06:00-05:00,142.34500122070312,142.42999267578125,142.1699981689453,142.1999053955078,87018,0.0,0.0
2024-12-05 10:07:00-05:00,142.1750030517578,142.38099670410156,142.1300048828125,142.36529541015625,53282,0.0,0.0
2024-12-05 10:08:00-05:00,142.36500549316406,142.3699951171875,142.22000122070312,142.30819702148438,50843,0.0,0.0
2024-12-05 10:09:00-05:00,142.32000732421875,142.3433074951172,142.20010375976562,142.25759887695312,45440,0.0,0.0
2024-12-05 10:10:00-05:00,142.25999450683594,142.37869262695312,142.02000427246094,142.05979919433594,81490,0.0,0.0
2024-12-05 10:11:00-05:00,142.05990600585938,142.1300048828125,141.9499969482422,142.00999450683594,115392,0.0,0.0
2024-12-05 10:12:00-05:00,142.0,142.07839965820312,141.9259033203125,141.97999572753906,93662,0.0,0.0
2024-12-05 10:13:00-05:00,141.97999572753906,142.25,141.97210693359375,142.2366943359375,93562,0.0,0.0
2024-12-05 10:14:00-05:00,142.21499633789062,142.2384033203125,142.1199951171875,142.1649932861328,91971,0.0,0.0
2024-12-05 10:15:00-05:00,142.16000366210938,142.2299041748047,142.05999755859375,142.22950744628906,50738,0.0,0.0
2024-12-05 10:16:00-05:00,142.22959899902344,142.22999572753906,141.86000061035156,141.90989685058594,164975,0.0,0.0
2024-12-05 10:17:00-05:00,141.89999389648438,141.9600067138672,141.8300018310547,141.94970703125,74865,0.0,0.0
2024-12-05 10:18:00-05:00,141.9499053955078,142.0,141.91009521484375,142.0,85557,0.0,0.0
2024-12-05 10:19:00-05:00,141.99000549316406,142.0,141.86000061035156,141.8800048828125,58565,0.0,0.0
2024-12-05 10:20:00-05:00,141.8699951171875,141.87989807128906,141.6999969482422,141.7449951171875,122108,0.0,0.0
2024-12-05 10:21:00-05:00,141.72500610351562,141.789794921875,141.52000427246094,141.52000427246094,118480,0.0,0.0
2024-12-05 10:22:00-05:00,141.52000427246094,141.6699981689453,141.52000427246094,141.55999755859375,104126,0.0,0.0
2024-12-05 10:23:00-05:00,141.56399536132812,141.64999389648438,141.5399932861328,141.61639404296875,46991,0.0,0.0
2024-12-05 10:24:00-05:00,141.625,141.64999389648438,141.47999572753906,141.55999755859375,121386,0.0,0.0
2024-12-05 10:25:00-05:00,141.57000732421875,141.72000122070312,141.55999755859375,141.7050018310547,91617,0.0,0.0
2024-12-05 10:26:00-05:00,141.6999969482422,141.8000030517578,141.6894989013672,141.75,82193,0.0,0.0
2024-12-05 10:27:00-05:00,141.75160217285156,141.82000732421875,141.74099731445312,141.7899932861328,75507,0.0,0.0
2024-12-05 10:28:00-05:00,141.7899932861328,141.89999389648438,141.72000122070312,141.7899932861328,86528,0.0,0.0
2024-12-05 10:29:00-05:00,141.79209899902344,141.88999938964844,141.77000427246094,141.83999633789062,35701,0.0,0.0
2024-12-05 10:30:00-05:00,141.8350067138672,141.85000610351562,141.72000122070312,141.77000427246094,57534,0.0,0.0
2024-12-05 10:31:00-05:00,141.77999877929688,141.8800048828125,141.6511993408203,141.84730529785156,72233,0.0,0.0
2024-12-05 10:32:00-05:00,141.8730010986328,142.00999450683594,141.84019470214844,141.99989318847656,111875,0.0,0.0
2024-12-05 10:33:00-05:00,142.0,142.1699981689453,141.99000549316406,142.0800018310547,117488,0.0,0.0
2024-12-05 10:34:00-05:00,142.0800018310547,142.0800018310547,141.86000061035156,141.875,81269,0.0,0.0
2024-12-05 10:35:00-05:00,141.89999389648438,141.92990112304688,141.8050994873047,141.83999633789062,56708,0.0,0.0
2024-12-05 10:36:00-05:00,141.83999633789062,141.99989318847656,141.8300018310547,141.92999267578125,44263,0.0,0.0
2024-12-05 10:37:00-05:00,141.93499755859375,142.13999938964844,141.93499755859375,142.13999938964844,55754,0.0,0.0
2024-12-05 10:38:00-05:00,142.13999938964844,142.1490936279297,142.00840759277344,142.10279846191406,59951,0.0,0.0
2024-12-05 10:39:00-05:00,142.10499572753906,142.10499572753906,141.83999633789062,141.9001007080078,75856,0.0,0.0
2024-12-05 10:40:00-05:00,141.9149932861328,142.0,141.8300018310547,141.99920654296875,34650,0.0,0.0
2024-12-05 10:41:00-05:00,142.04010009765625,142.04010009765625,141.7100067138672,141.7100067138672,62160,0.0,0.0
2024-12-05 10:42:00-05:00,141.73809814453125,141.89300537109375,141.7100067138672,141.8699951171875,45244,0.0,0.0
2024-12-05 10:43:00-05:00,141.8800048828125,142.13499450683594,141.8800048828125,142.12010192871094,56888,0.0,0.0
2024-12-05 10:44:00-05:00,142.13999938964844,142.17999267578125,142.0399932861328,142.11000061035156,55857,0.0,0.0
2024-12-05 10:45:00-05:00,142.11000061035156,142.25999450683594,142.11000061035156,142.20010375976562,83820,0.0,0.0
2024-12-05 10:46:00-05:00,142.2001953125,142.21499633789062,141.88999938964844,141.97760009765625,81209,0.0,0.0
2024-12-05 10:47:00-05:00,141.9600067138672,142.02000427246094,141.94569396972656,142.0,23640,0.0,0.0
2024-12-05 10:48:00-05:00,141.98500061035156,142.07000732421875,141.94000244140625,142.02000427246094,33457,0.0,0.0
2024-12-05 10:49:00-05:00,142.0500030517578,142.11000061035156,141.82000732421875,141.8498992919922,70127,0.0,0.0
2024-12-05 10:50:00-05:00,141.8300018310547,141.9199981689453,141.77000427246094,141.85000610351562,82602,0.0,0.0
2024-12-05 10:51:00-05:00,141.86000061035156,141.86990356445312,141.64999389648438,141.68299865722656,85499,0.0,0.0
2024-12-05 10:52:00-05:00,141.65879821777344,141.72999572753906,141.61000061035156,141.66000366210938,53002,0.0,0.0
2024-12-05 10:53:00-05:00,141.64999389648438,141.9199981689453,141.63510131835938,141.90499877929688,79501,0.0,0.0
2024-12-05 10:54:00-05:00,141.91000366210938,142.00669860839844,141.88009643554688,142.00669860839844,54876,0.0,0.0
2024-12-05 10:55:00-05:00,142.0,142.02999877929688,141.9199981689453,142.0,47504,0.0,0.0
2024-12-05 10:56:00-05:00,141.99000549316406,142.0399932861328,141.8699951171875,141.9459991455078,73153,0.0,0.0
2024-12-05 10:57:00-05:00,141.94650268554688,142.0800018310547,141.92999267578125,141.97999572753906,64535,0.0,0.0
2024-12-05 10:58:00-05:00,141.97999572753906,142.02999877929688,141.9199981689453,141.9199981689453,33795,0.0,0.0
2024-12-05 10:59:00-05:00,141.91000366210938,142.0,141.89999389648438,141.94000244140625,32697,0.0,0.0
2024-12-05 11:00:00-05:00,141.9445037841797,142.05999755859375,141.92990112304688,142.05999755859375,39924,0.0,0.0
2024-12-05 11:01:00-05:00,142.05999755859375,142.16990661621094,142.0301055908203,142.13999938964844,52286,0.0,0.0
2024-12-05 11:02:00-05:00,142.15499877929688,142.19000244140625,142.02999877929688,142.1699981689453,79023,0.0,0.0
2024-12-05 11:03:00-05:00,142.17999267578125,142.24000549316406,142.10000610351562,142.22999572753906,66533,0.0,0.0
2024-12-05 11:04:00-05:00,142.22000122070312,142.22999572753906,142.1199951171875,142.19500732421875,52280,0.0,0.0
2024-12-05 11:05:00-05:00,142.19000244140625,142.20989990234375,142.0800018310547,142.12010192871094,60014,0.0,0.0
2024-12-05 11:06:00-05:00,142.15989685058594,142.1820068359375,142.0399932861328,142.15499877929688,40643,0.0,0.0
2024-12-05 11:07:00-05:00,142.15499877929688,142.19000244140625,142.12950134277344,142.17999267578125,36371,0.0,0.0
2024-12-05 11:08:00-05:00,142.1898956298828,142.24510192871094,142.08999633789062,142.17100524902344,60057,0.0,0.0
2024-12-05 11:09:00-05:00,142.19839477539062,142.3300018310547,142.19839477539062,142.32870483398438,87696,0.0,0.0
2024-12-05 11:10:00-05:00,142.32049560546875,142.36000061035156,142.2100067138672,142.30999755859375,55340,0.0,0.0
2024-12-05 11:11:00-05:00,142.3000946044922,142.3300018310547,142.1699981689453,142.22999572753906,38733,0.0,0.0
2024-12-05 11:12:00-05:00,142.22999572753906,142.38999938964844,142.2100067138672,142.28500366210938,65017,0.0,0.0
2024-12-05 11:13:00-05:00,142.2899932861328,142.2902069091797,142.07000732421875,142.11000061035156,40786,0.0,0.0
2024-12-05 11:14:00-05:00,142.11000061035156,142.16000366210938,142.00999450683594,142.02999877929688,47873,0.0,0.0
2024-12-05 11:15:00-05:00,142.0478973388672,142.2050018310547,142.02999877929688,142.19009399414062,25858,0.0,0.0
2024-12-05 11:16:00-05:00,142.19000244140625,142.27999877929688,142.16000366210938,142.27999877929688,33471,0.0,0.0
2024-12-05 11:17:00-05:00,142.28269958496094,142.30999755859375,142.2100067138672,142.26499938964844,36152,0.0,0.0
2024-12-05 11:18:00-05:00,142.27999877929688,142.36000061035156,142.27000427246094,142.35000610351562,29652,0.0,0.0
2024-12-05 11:19:00-05:00,142.3647003173828,142.41000366210938,142.33999633789062,142.3800048828125,42264,0.0,0.0
2024-12-05 11:20:00-05:00,142.39999389648438,142.5,142.3791046142578,142.47000122070312,73401,0.0,0.0
2024-12-05 11:21:00-05:00,142.4770050048828,142.49009704589844,142.38999938964844,142.4801025390625,40105,0.0,0.0
2024-12-05 11:22:00-05:00,142.47999572753906,142.5399932861328,142.3699951171875,142.40989685058594,58880,0.0,0.0
2024-12-05 11:23:00-05:00,142.39500427246094,142.47999572753906,142.3730926513672,142.46499633789062,38901,0.0,0.0
2024-12-05 11:24:00-05:00,142.4600067138672,142.49000549316406,142.41000366210938,142.42430114746094,31628,0.0,0.0
2024-12-05 11:25:00-05:00,142.44000244140625,142.47999572753906,142.3699951171875,142.41000366210938,28732,0.0,0.0
2024-12-05 11:26:00-05:00,142.4199981689453,142.4250946044922,142.21009826660156,142.22500610351562,52007,0.0,0.0
2024-12-05 11:27:00-05:00,142.22500610351562,142.30999755859375,142.11000061035156,142.19009399414062,53422,0.0,0.0
2024-12-05 11:28:00-05:00,142.19500732421875,142.21299743652344,142.0800018310547,142.10450744628906,37434,0.0,0.0
2024-12-05 11:29:00-05:00,142.1199951171875,142.19000244140625,142.07000732421875,142.0800018310547,43283,0.0,0.0
2024-12-05 11:30:00-05:00,142.09689331054688,142.11990356445312,142.02999877929688,142.11000061035156,53788,0.0,0.0
2024-12-05 11:31:00-05:00,142.09500122070312,142.22000122070312,142.0500030517578,142.20799255371094,58927,0.0,0.0
2024-12-05 11:32:00-05:00,142.22500610351562,142.26499938964844,142.19500732421875,142.23939514160156,32890,0.0,0.0
2024-12-05 11:33:00-05:00,142.22500610351562,142.24000549316406,142.14999389648438,142.1750030517578,36379,0.0,0.0
2024-12-05 11:34:00-05:00,142.1999053955078,142.24000549316406,142.1649932861328,142.18980407714844,23145,0.0,0.0
2024-12-05 11:35:00-05:00,142.18649291992188,142.18649291992188,142.07000732421875,142.14999389648438,34127,0.0,0.0
2024-12-05 11:36:00-05:00,142.1334991455078,142.1750030517578,142.11000061035156,142.1199951171875,21288,0.0,0.0
2024-12-05 11:37:00-05:00,142.10000610351562,142.10000610351562,141.9600067138672,141.99989318847656,70189,0.0,0.0
2024-12-05 11:38:00-05:00,142.0,142.0399932861328,141.86000061035156,141.88800048828125,81722,0.0,0.0
2024-12-05 11:39:00-05:00,141.88499450683594,141.99000549316406,141.86000061035156,141.93490600585938,35752,0.0,0.0
2024-12-05 11:40:00-05:00,141.94000244140625,142.05999755859375,141.89999389648438,142.04409790039062,40668,0.0,0.0
2024-12-05 11:41:00-05:00,142.05499267578125,142.1199951171875,141.97999572753906,141.97999572753906,37246,0.0,0.0
2024-12-05 11:42:00-05:00,141.98500061035156,142.13999938964844,141.9600067138672,142.1199951171875,27335,0.0,0.0
2024-12-05 11:43:00-05:00,142.10060119628906,142.12989807128906,142.04600524902344,142.0850067138672,21297,0.0,0.0
2024-12-05 11:44:00-05:00,142.10000610351562,142.22189331054688,142.10000610351562,142.2050018310547,65240,0.0,0.0
2024-12-05 11:45:00-05:00,142.22000122070312,142.27999877929688,142.20010375976562,142.20010375976562,41653,0.0,0.0
2024-12-05 11:46:00-05:00,142.20849609375,142.25,142.14999389648438,142.14999389648438,927312,0.0,0.0
2024-12-05 11:47:00-05:00,142.14999389648438,142.1999053955078,142.07139587402344,142.1199951171875,31579,0.0,0.0
2024-12-05 11:48:00-05:00,142.11000061035156,142.13999938964844,142.07000732421875,142.13009643554688,32386,0.0,0.0
2024-12-05 11:49:00-05:00,142.13999938964844,142.2100067138672,142.125,142.2100067138672,47931,0.0,0.0
2024-12-05 11:50:00-05:00,142.19920349121094,142.35499572753906,142.19920349121094,142.3000030517578,54569,0.0,0.0
2024-12-05 11:51:00-05:00,142.32989501953125,142.35000610351562,142.27000427246094,142.35000610351562,22470,0.0,0.0
2024-12-05 11:52:00-05:00,142.34500122070312,142.38999938964844,142.3000030517578,142.3699951171875,34110,0.0,0.0
2024-12-05 11:53:00-05:00,142.3542022705078,142.39999389648438,142.30999755859375,142.30999755859375,328567,0.0,0.0
2024-12-05 11:54:00-05:00,142.3300018310547,142.3699951171875,142.31399536132812,142.36000061035156,19683,0.0,0.0
2024-12-05 11:55:00-05:00,142.35000610351562,142.3699951171875,142.27999877929688,142.34500122070312,40111,0.0,0.0
2024-12-05 11:56:00-05:00,142.3498992919922,142.4250030517578,142.3249969482422,142.36480712890625,37457,0.0,0.0
2024-12-05 11:57:00-05:00,142.36000061035156,142.38999938964844,142.2700958251953,142.33999633789062,30075,0.0,0.0
2024-12-05 11:58:00-05:00,142.35000610351562,142.40989685058594,142.2899932861328,142.40989685058594,24097,0.0,0.0
2024-12-05 11:59:00-05:00,142.39739990234375,142.4600067138672,142.3800048828125,142.4550018310547,38865,0.0,0.0
2024-12-05 12:00:00-05:00,142.4600067138672,142.57000732421875,142.33999633789062,142.39999389648438,68357,0.0,0.0
2024-12-05 12:01:00-05:00,142.4250030517578,142.4499053955078,142.32000732421875,142.38499450683594,25069,0.0,0.0
2024-12-05 12:02:00-05:00,142.3701934814453,142.52999877929688,142.3701934814453,142.52999877929688,25670,0.0,0.0
2024-12-05 12:03:00-05:00,142.52000427246094,142.5800018310547,142.50010681152344,142.56500244140625,38674,0.0,0.0
2024-12-05 12:04:00-05:00,142.5511932373047,142.5749969482422,142.50999450683594,142.52000427246094,22645,0.0,0.0
2024-12-05 12:05:00-05:00,142.52000427246094,142.54299926757812,142.47999572753906,142.49000549316406,26886,0.0,0.0
2024-12-05 12:06:00-05:00,142.47999572753906,142.47999572753906,142.3300018310547,142.3300018310547,66160,0.0,0.0
2024-12-05 12:07:00-05:00,142.34500122070312,142.42999267578125,142.33999633789062,142.35499572753906,27620,0.0,0.0
2024-12-05 12:08:00-05:00,142.345703125,142.42990112304688,142.3300018310547,142.4199981689453,23002,0.0,0.0
2024-12-05 12:09:00-05:00,142.4250030517578,142.57000732421875,142.42010498046875,142.5500030517578,37896,0.0,0.0
2024-12-05 12:10:00-05:00,142.5500030517578,142.69000244140625,142.54220581054688,142.64010620117188,71937,0.0,0.0
2024-12-05 12:11:00-05:00,142.6699981689453,142.80999755859375,142.63999938964844,142.77999877929688,65906,0.0,0.0
2024-12-05 12:12:00-05:00,142.7949981689453,142.8800048828125,142.77000427246094,142.84750366210938,75092,0.0,0.0
2024-12-05 12:13:00-05:00,142.83999633789062,142.93600463867188,142.80999755859375,142.9199981689453,77777,0.0,0.0
2024-12-05 12:14:00-05:00,142.9199981689453,142.92999267578125,142.7902069091797,142.80999755859375,50995,0.0,0.0
2024-12-05 12:15:00-05:00,142.82000732421875,142.89999389648438,142.75999450683594,142.76539611816406,75692,0.0,0.0
2024-12-05 12:16:00-05:00,142.7899932861328,142.8699951171875,142.72000122070312,142.8350067138672,45407,0.0,0.0
2024-12-05 12:17:00-05:00,142.8699951171875,142.89999389648438,142.80999755859375,142.84500122070312,44926,0.0,0.0
2024-12-05 12:18:00-05:00,142.8612060546875,142.9199981689453,142.84500122070312,142.86990356445312,53598,0.0,0.0
2024-12-05 12:19:00-05:00,142.85000610351562,142.89999389648438,142.83999633789062,142.89999389648438,27197,0.0,0.0
2024-12-05 12:20:00-05:00,142.8800048828125,142.8800048828125,142.7100067138672,142.75,43087,0.0,0.0
2024-12-05 12:21:00-05:00,142.75999450683594,142.77499389648438,142.6699981689453,142.6699981689453,36874,0.0,0.0
2024-12-05 12:22:00-05:00,142.6898956298828,142.75999450683594,142.66000366210938,142.7449951171875,30166,0.0,0.0
2024-12-05 12:23:00-05:00,142.718994140625,142.77000427246094,142.718994140625,142.76499938964844,22235,0.0,0.0
2024-12-05 12:24:00-05:00,142.76499938964844,142.88999938964844,142.76499938964844,142.85000610351562,37190,0.0,0.0
2024-12-05 12:25:00-05:00,142.8699951171875,142.9199981689453,142.76010131835938,142.84100341796875,26172,0.0,0.0
2024-12-05 12:26:00-05:00,142.82000732421875,142.82000732421875,142.63999938964844,142.7050018310547,34702,0.0,0.0
2024-12-05 12:27:00-05:00,142.7270050048828,142.75,142.7100067138672,142.72250366210938,13534,0.0,0.0
2024-12-05 12:28:00-05:00,142.74000549316406,142.8800048828125,142.74000549316406,142.82000732421875,29888,0.0,0.0
2024-12-05 12:29:00-05:00,142.8000030517578,142.80999755859375,142.74000549316406,142.78990173339844,21733,0.0,0.0
2024-12-05 12:30:00-05:00,142.77000427246094,142.77000427246094,142.60000610351562,142.66969299316406,45050,0.0,0.0
2024-12-05 12:31:00-05:00,142.66000366210938,142.66000366210938,142.5216064453125,142.56610107421875,57635,0.0,0.0
2024-12-05 12:32:00-05:00,142.57090759277344,142.58999633789062,142.53460693359375,142.55999755859375,19973,0.0,0.0
2024-12-05 12:33:00-05:00,142.57000732421875,142.5800018310547,142.53109741210938,142.53109741210938,20083,0.0,0.0
2024-12-05 12:34:00-05:00,142.52999877929688,142.58999633789062,142.47999572753906,142.55099487304688,47624,0.0,0.0
2024-12-05 12:35:00-05:00,142.55990600585938,142.6300048828125,142.52999877929688,142.62600708007812,18711,0.0,0.0
2024-12-05 12:36:00-05:00,142.60000610351562,142.6699981689453,142.59010314941406,142.6300048828125,23396,0.0,0.0
2024-12-05 12:37:00-05:00,142.6300048828125,142.72000122070312,142.60000610351562,142.69000244140625,35651,0.0,0.0
2024-12-05 12:38:00-05:00,142.6999969482422,142.75,142.5500030517578,142.58009338378906,55561,0.0,0.0
2024-12-05 12:39:00-05:00,142.6031951904297,142.64999389648438,142.5800018310547,142.5800018310547,20662,0.0,0.0
2024-12-05 12:40:00-05:00,142.59219360351562,142.61500549316406,142.55999755859375,142.59170532226562,21236,0.0,0.0
2024-12-05 12:41:00-05:00,142.5800018310547,142.6199951171875,142.5399932861328,142.57760620117188,19491,0.0,0.0
2024-12-05 12:42:00-05:00,142.55999755859375,142.58419799804688,142.50999450683594,142.58270263671875,22682,0.0,0.0
2024-12-05 12:43:00-05:00,142.55999755859375,142.55999755859375,142.42999267578125,142.4799041748047,31750,0.0,0.0
2024-12-05 12:44:00-05:00,142.4600067138672,142.4698944091797,142.3699951171875,142.38499450683594,46876,0.0,0.0
2024-12-05 12:45:00-05:00,142.398193359375,142.47999572753906,142.3800048828125,142.4593963623047,38708,0.0,0.0
2024-12-05 12:46:00-05:00,142.46499633789062,142.46499633789062,142.38999938964844,142.39999389648438,22751,0.0,0.0
2024-12-05 12:47:00-05:00,142.4149932861328,142.49000549316406,142.4149932861328,142.47740173339844,27779,0.0,0.0
2024-12-05 12:48:00-05:00,142.47340393066406,142.49989318847656,142.42999267578125,142.4799041748047,14709,0.0,0.0
2024-12-05 12:49:00-05:00,142.47500610351562,142.51849365234375,142.3800048828125,142.39999389648438,28499,0.0,0.0
2024-12-05 12:50:00-05:00,142.40989685058594,142.42059326171875,142.35000610351562,142.3800048828125,34849,0.0,0.0
2024-12-05 12:51:00-05:00,142.3699951171875,142.44000244140625,142.32449340820312,142.3800048828125,45232,0.0,0.0
2024-12-05 12:52:00-05:00,142.36500549316406,142.4499053955078,142.32009887695312,142.35499572753906,19331,0.0,0.0
2024-12-05 12:53:00-05:00,142.3697967529297,142.38999938964844,142.33009338378906,142.36000061035156,20780,0.0,0.0
2024-12-05 12:54:00-05:00,142.35360717773438,142.35360717773438,142.10000610351562,142.22500610351562,144508,0.0,0.0
2024-12-05 12:55:00-05:00,142.20030212402344,142.25,142.16000366210938,142.2299041748047,53790,0.0,0.0
2024-12-05 12:56:00-05:00,142.2100067138672,142.25,142.1699981689453,142.22999572753906,45500,0.0,0.0
2024-12-05 12:57:00-05:00,142.22999572753906,142.24000549316406,142.1649932861328,142.17999267578125,36144,0.0,0.0
2024-12-05 12:58:00-05:00,142.1800994873047,142.3000030517578,142.1800994873047,142.22000122070312,37504,0.0,0.0
2024-12-05 12:59:00-05:00,142.22500610351562,142.36990356445312,142.22500610351562,142.33999633789062,28304,0.0,0.0
2024-12-05 13:00:00-05:00,142.3300018310547,142.38999938964844,142.3000030517578,142.3249969482422,50764,0.0,0.0
2024-12-05 13:01:00-05:00,142.30999755859375,142.3553924560547,142.2100067138672,142.31500244140625,37429,0.0,0.0
2024-12-05 13:02:00-05:00,142.32000732421875,142.35000610351562,142.1501007080078,142.18299865722656,29037,0.0,0.0
2024-12-05 13:03:00-05:00,142.14999389648438,142.15289306640625,142.0399932861328,142.10000610351562,37091,0.0,0.0
2024-12-05 13:04:00-05:00,142.08990478515625,142.17999267578125,142.0800018310547,142.16000366210938,25201,0.0,0.0
2024-12-05 13:05:00-05:00,142.18699645996094,142.2100067138672,142.13999938964844,142.19000244140625,25836,0.0,0.0
2024-12-05 13:06:00-05:00,142.2100067138672,142.3000030517578,142.13999938964844,142.13999938964844,29181,0.0,0.0
2024-12-05 13:07:00-05:00,142.14999389648438,142.27999877929688,142.08999633789062,142.1300048828125,32029,0.0,0.0
2024-12-05 13:08:00-05:00,142.1199951171875,142.16000366210938,142.10000610351562,142.14979553222656,20693,0.0,0.0
2024-12-05 13:09:00-05:00,142.14990234375,142.1999969482422,142.13499450683594,142.14999389648438,28793,0.0,0.0
2024-12-05 13:10:00-05:00,142.1699981689453,142.19000244140625,142.0,142.05999755859375,39790,0.0,0.0
2024-12-05 13:11:00-05:00,142.07000732421875,142.10989379882812,142.0399932861328,142.0399932861328,23168,0.0,0.0
2024-12-05 13:12:00-05:00,142.0500030517578,142.05999755859375,141.9600067138672,142.0,63969,0.0,0.0
2024-12-05 13:13:00-05:00,142.00779724121094,142.0399932861328,141.9600067138672,142.00990295410156,31523,0.0,0.0
2024-12-05 13:14:00-05:00,142.00999450683594,142.02000427246094,141.9600067138672,142.00999450683594,21356,0.0,0.0
2024-12-05 13:15:00-05:00,142.0050048828125,142.15499877929688,142.0050048828125,142.14500427246094,30265,0.0,0.0
2024-12-05 13:16:00-05:00,142.13999938964844,142.15809631347656,142.00999450683594,142.0189971923828,27074,0.0,0.0
2024-12-05 13:17:00-05:00,142.0,142.0,141.860107421875,141.9250030517578,63182,0.0,0.0
2024-12-05 13:18:00-05:00,141.935302734375,141.96119689941406,141.86000061035156,141.8800048828125,41764,0.0,0.0
2024-12-05 13:19:00-05:00,141.860107421875,141.8856964111328,141.72000122070312,141.73199462890625,75743,0.0,0.0
2024-12-05 13:20:00-05:00,141.75999450683594,141.80099487304688,141.72999572753906,141.75619506835938,38272,0.0,0.0
2024-12-05 13:21:00-05:00,141.7550048828125,141.75999450683594,141.65499877929688,141.6699981689453,50082,0.0,0.0
2024-12-05 13:22:00-05:00,141.67649841308594,141.71009826660156,141.60000610351562,141.62620544433594,71756,0.0,0.0
2024-12-05 13:23:00-05:00,141.60000610351562,141.60159301757812,141.4300994873047,141.4998016357422,137325,0.0,0.0
2024-12-05 13:24:00-05:00,141.47999572753906,141.5,141.3699951171875,141.42999267578125,63448,0.0,0.0
2024-12-05 13:25:00-05:00,141.41000366210938,141.42999267578125,141.25,141.3000030517578,53260,0.0,0.0
2024-12-05 13:26:00-05:00,141.3000030517578,141.44000244140625,141.3000030517578,141.4199981689453,41345,0.0,0.0
2024-12-05 13:27:00-05:00,141.41000366210938,141.4398956298828,141.3251953125,141.39999389648438,39282,0.0,0.0
2024-12-05 13:28:00-05:00,141.43930053710938,141.45970153808594,141.35000610351562,141.35000610351562,38470,0.0,0.0
2024-12-05 13:29:00-05:00,141.3699951171875,141.4394989013672,141.33529663085938,141.3800048828125,53705,0.0,0.0
2024-12-05 13:30:00-05:00,141.375,141.3800048828125,140.91000366210938,140.98980712890625,216263,0.0,0.0
2024-12-05 13:31:00-05:00,140.97000122070312,141.1300048828125,140.97000122070312,141.07000732421875,84047,0.0,0.0
2024-12-05 13:32:00-05:00,141.0800018310547,141.17990112304688,141.02000427246094,141.11000061035156,37805,0.0,0.0
2024-12-05 13:33:00-05:00,141.1199951171875,141.2899932861328,141.1199951171875,141.27999877929688,63661,0.0,0.0
2024-12-05 13:34:00-05:00,141.2738037109375,141.37989807128906,141.27000427246094,141.3000030517578,63202,0.0,0.0
2024-12-05 13:35:00-05:00,141.2998046875,141.31410217285156,141.16819763183594,141.25,51625,0.0,0.0
2024-12-05 13:36:00-05:00,141.24989318847656,141.32000732421875,141.2100067138672,141.25999450683594,34248,0.0,0.0
2024-12-05 13:37:00-05:00,141.25650024414062,141.2899932861328,141.2100067138672,141.24000549316406,22546,0.0,0.0
2024-12-05 13:38:00-05:00,141.22450256347656,141.29620361328125,141.1999969482422,141.2617950439453,24146,0.0,0.0
2024-12-05 13:39:00-05:00,141.27000427246094,141.28480529785156,141.1999969482422,141.2100067138672,26520,0.0,0.0
2024-12-05 13:40:00-05:00,141.20989990234375,141.23899841308594,141.13499450683594,141.17999267578125,35107,0.0,0.0
2024-12-05 13:41:00-05:00,141.18960571289062,141.2899932861328,141.14999389648438,141.22000122070312,38939,0.0,0.0
2024-12-05 13:42:00-05:00,141.25999450683594,141.25999450683594,141.1300048828125,141.13600158691406,38610,0.0,0.0
2024-12-05 13:43:00-05:00,141.1658935546875,141.23500061035156,141.11000061035156,141.23500061035156,31418,0.0,0.0
2024-12-05 13:44:00-05:00,141.23170471191406,141.24000549316406,141.14999389648438,141.22000122070312,13679,0.0,0.0
2024-12-05 13:45:00-05:00,141.19000244140625,141.24000549316406,141.1501007080078,141.22999572753906,18255,0.0,0.0
2024-12-05 13:46:00-05:00,141.2239990234375,141.3000030517578,141.2100067138672,141.23500061035156,40431,0.0,0.0
2024-12-05 13:47:00-05:00,141.24000549316406,141.32989501953125,141.22000122070312,141.2449951171875,24704,0.0,0.0
2024-12-05 13:48:00-05:00,141.22000122070312,141.3096923828125,141.22000122070312,141.24000549316406,21191,0.0,0.0
2024-12-05 13:49:00-05:00,141.22999572753906,141.22999572753906,141.0800018310547,141.08030700683594,260612,0.0,0.0
2024-12-05 13:50:00-05:00,141.09739685058594,141.11000061035156,140.99000549316406,141.0,76440,0.0,0.0
2024-12-05 13:51:00-05:00,141.01809692382812,141.0198974609375,140.90089416503906,140.91000366210938,53791,0.0,0.0
2024-12-05 13:52:00-05:00,140.9250030517578,140.9398956298828,140.85000610351562,140.86000061035156,92109,0.0,0.0
2024-12-05 13:53:00-05:00,140.86000061035156,140.91000366210938,140.80999755859375,140.86000061035156,286901,0.0,0.0
2024-12-05 13:54:00-05:00,140.8699951171875,140.889892578125,140.77999877929688,140.8000030517578,44707,0.0,0.0
2024-12-05 13:55:00-05:00,140.7989959716797,140.85800170898438,140.6999969482422,140.71560668945312,71984,0.0,0.0
2024-12-05 13:56:00-05:00,140.73989868164062,140.8699951171875,140.72500610351562,140.83999633789062,55093,0.0,0.0
2024-12-05 13:57:00-05:00,140.83079528808594,140.90750122070312,140.8300018310547,140.85000610351562,52193,0.0,0.0
2024-12-05 13:58:00-05:00,140.8538055419922,140.8699951171875,140.80999755859375,140.8300018310547,28843,0.0,0.0
2024-12-05 13:59:00-05:00,140.83999633789062,140.83999633789062,140.70449829101562,140.70449829101562,45404,0.0,0.0
2024-12-05 14:00:00-05:00,140.74989318847656,140.89999389648438,140.72999572753906,140.89959716796875,35924,0.0,0.0
2024-12-05 14:01:00-05:00,140.89999389648438,140.97500610351562,140.82000732421875,140.86000061035156,49169,0.0,0.0
2024-12-05 14:02:00-05:00,140.8769073486328,140.8852996826172,140.62010192871094,140.68899536132812,82969,0.0,0.0
2024-12-05 14:03:00-05:00,140.6649932861328,140.68820190429688,140.44000244140625,140.47169494628906,105596,0.0,0.0
2024-12-05 14:04:00-05:00,140.4700927734375,140.6298065185547,140.47000122070312,140.57989501953125,47121,0.0,0.0
2024-12-05 14:05:00-05:00,140.55999755859375,140.64999389648438,140.52000427246094,140.52999877929688,35730,0.0,0.0
2024-12-05 14:06:00-05:00,140.52000427246094,140.5399932861328,140.3800048828125,140.42979431152344,78161,0.0,0.0
2024-12-05 14:07:00-05:00,140.4250030517578,140.59519958496094,140.39500427246094,140.5800018310547,52803,0.0,0.0
2024-12-05 14:08:00-05:00,140.5800018310547,140.77000427246094,140.5800018310547,140.6699981689453,85683,0.0,0.0
2024-12-05 14:09:00-05:00,140.6999969482422,140.8300018310547,140.6999969482422,140.82000732421875,80992,0.0,0.0
2024-12-05 14:10:00-05:00,140.80999755859375,140.8300018310547,140.77999877929688,140.81500244140625,34578,0.0,0.0
2024-12-05 14:11:00-05:00,140.8000030517578,140.85000610351562,140.6199951171875,140.63059997558594,77901,0.0,0.0
2024-12-05 14:12:00-05:00,140.6699981689453,140.6699981689453,140.5500030517578,140.5500030517578,30358,0.0,0.0
2024-12-05 14:13:00-05:00,140.57000732421875,140.6304931640625,140.52999877929688,140.61000061035156,34252,0.0,0.0
2024-12-05 14:14:00-05:00,140.61500549316406,140.6761016845703,140.55029296875,140.65499877929688,36243,0.0,0.0
2024-12-05 14:15:00-05:00,140.63999938964844,140.72999572753906,140.6300048828125,140.72999572753906,37682,0.0,0.0
2024-12-05 14:16:00-05:00,140.710205078125,140.7998046875,140.71009826660156,140.7899932861328,43597,0.0,0.0
2024-12-05 14:17:00-05:00,140.7908935546875,140.8699951171875,140.77999877929688,140.83340454101562,54087,0.0,0.0
2024-12-05 14:18:00-05:00,140.83999633789062,140.89999389648438,140.8000030517578,140.85989379882812,54133,0.0,0.0
2024-12-05 14:19:00-05:00,140.83009338378906,140.85079956054688,140.73089599609375,140.77499389648438,37578,0.0,0.0
2024-12-05 14:20:00-05:00,140.77000427246094,140.91000366210938,140.72999572753906,140.91000366210938,45108,0.0,0.0
2024-12-05 14:21:00-05:00,140.92649841308594,140.92999267578125,140.845703125,140.91000366210938,46595,0.0,0.0
2024-12-05 14:22:00-05:00,140.88999938964844,140.93099975585938,140.8699951171875,140.90150451660156,31373,0.0,0.0
2024-12-05 14:23:00-05:00,140.89999389648438,140.94000244140625,140.8699951171875,140.875,32185,0.0,0.0
2024-12-05 14:24:00-05:00,140.86000061035156,140.8800048828125,140.75999450683594,140.8054962158203,26187,0.0,0.0
2024-12-05 14:25:00-05:00,140.8000030517578,140.8000030517578,140.74000549316406,140.75999450683594,20168,0.0,0.0
2024-12-05 14:26:00-05:00,140.760498046875,140.8195037841797,140.7301025390625,140.8195037841797,23567,0.0,0.0
2024-12-05 14:27:00-05:00,140.8000030517578,140.85000610351562,140.75999450683594,140.78500366210938,24638,0.0,0.0
2024-12-05 14:28:00-05:00,140.78990173339844,140.78990173339844,140.72999572753906,140.7534942626953,20128,0.0,0.0
2024-12-05 14:29:00-05:00,140.75,140.75999450683594,140.63999938964844,140.66000366210938,39874,0.0,0.0
2024-12-05 14:30:00-05:00,140.64999389648438,140.7100067138672,140.6428985595703,140.66000366210938,33594,0.0,0.0
2024-12-05 14:31:00-05:00,140.66050720214844,140.75999450683594,140.66009521484375,140.7200927734375,25527,0.0,0.0
2024-12-05 14:32:00-05:00,140.72999572753906,140.75,140.67999267578125,140.6999969482422,17179,0.0,0.0
2024-12-05 14:33:00-05:00,140.68589782714844,140.77999877929688,140.68589782714844,140.76499938964844,17269,0.0,0.0
2024-12-05 14:34:00-05:00,140.77920532226562,140.77920532226562,140.6999969482422,140.7100067138672,35337,0.0,0.0
2024-12-05 14:35:00-05:00,140.72999572753906,140.74989318847656,140.67999267578125,140.69000244140625,24332,0.0,0.0
2024-12-05 14:36:00-05:00,140.7100067138672,140.77499389648438,140.6699981689453,140.6999969482422,41732,0.0,0.0
2024-12-05 14:37:00-05:00,140.7100067138672,140.72999572753906,140.64999389648438,140.6699981689453,24970,0.0,0.0
2024-12-05 14:38:00-05:00,140.6800994873047,140.7100067138672,140.52999877929688,140.61500549316406,66998,0.0,0.0
2024-12-05 14:39:00-05:00,140.6199951171875,140.639892578125,140.57009887695312,140.58900451660156,25950,0.0,0.0
2024-12-05 14:40:00-05:00,140.5800018310547,140.6300048828125,140.5399932861328,140.61500549316406,30168,0.0,0.0
2024-12-05 14:41:00-05:00,140.61500549316406,140.6699981689453,140.5885009765625,140.6699981689453,0,0.0,0.0
2024-12-05 14:42:00-05:00,140.65199279785156,140.67999267578125,140.52999877929688,140.55499267578125,35114,0.0,0.0
2024-12-05 14:43:00-05:00,140.56500244140625,140.6199951171875,140.55999755859375,140.60000610351562,38149,0.0,0.0
2024-12-05 14:44:00-05:00,140.58999633789062,140.74989318847656,140.58999633789062,140.66000366210938,59037,0.0,0.0
2024-12-05 14:45:00-05:00,140.65499877929688,140.8000030517578,140.64450073242188,140.74949645996094,57396,0.0,0.0
2024-12-05 14:46:00-05:00,140.7584991455078,140.7584991455078,140.61000061035156,140.61000061035156,27149,0.0,0.0
2024-12-05 14:47:00-05:00,140.625,140.625,140.52999877929688,140.57000732421875,40341,0.0,0.0
2024-12-05 14:48:00-05:00,140.5500030517578,140.6699981689453,140.5449981689453,140.63819885253906,34424,0.0,0.0
2024-12-05 14:49:00-05:00,140.63499450683594,140.7100067138672,140.61459350585938,140.6649932861328,36828,0.0,0.0
2024-12-05 14:50:00-05:00,140.64999389648438,140.6999969482422,140.6300048828125,140.69000244140625,25069,0.0,0.0
2024-12-05 14:51:00-05:00,140.69000244140625,140.6999969482422,140.63999938964844,140.67630004882812,33226,0.0,0.0
2024-12-05 14:52:00-05:00,140.67080688476562,140.67080688476562,140.58999633789062,140.63999938964844,42294,0.0,0.0
2024-12-05 14:53:00-05:00,140.64520263671875,140.6884002685547,140.61000061035156,140.6300048828125,21304,0.0,0.0
2024-12-05 14:54:00-05:00,140.6300048828125,140.6999969482422,140.62010192871094,140.68499755859375,23150,0.0,0.0
2024-12-05 14:55:00-05:00,140.67999267578125,140.739501953125,140.6278076171875,140.739501953125,34300,0.0,0.0
2024-12-05 14:56:00-05:00,140.74000549316406,140.77000427246094,140.6999969482422,140.6999969482422,53242,0.0,0.0
2024-12-05 14:57:00-05:00,140.7100067138672,140.8000030517578,140.6999969482422,140.7100067138672,50103,0.0,0.0
2024-12-05 14:58:00-05:00,140.7100067138672,140.7530059814453,140.6674041748047,140.6674041748047,40946,0.0,0.0
2024-12-05 14:59:00-05:00,140.66000366210938,140.6873016357422,140.61000061035156,140.65499877929688,41096,0.0,0.0
2024-12-05 15:00:00-05:00,140.64999389648438,140.77999877929688,140.60000610351562,140.73500061035156,50119,0.0,0.0
2024-12-05 15:01:00-05:00,140.73500061035156,140.8199005126953,140.66000366210938,140.7801055908203,42448,0.0,0.0
2024-12-05 15:02:00-05:00,140.77999877929688,140.91940307617188,140.77999877929688,140.8699951171875,64492,0.0,0.0
2024-12-05 15:03:00-05:00,140.87010192871094,140.9499969482422,140.86000061035156,140.9199981689453,44969,0.0,0.0
2024-12-05 15:04:00-05:00,140.9199981689453,140.9691925048828,140.86900329589844,140.92050170898438,49040,0.0,0.0
2024-12-05 15:05:00-05:00,140.94000244140625,141.07000732421875,140.9199981689453,141.05099487304688,74794,0.0,0.0
2024-12-05 15:06:00-05:00,141.05990600585938,141.10499572753906,140.9683074951172,141.07000732421875,67648,0.0,0.0
2024-12-05 15:07:00-05:00,141.07009887695312,141.1699981689453,141.0500030517578,141.16110229492188,85184,0.0,0.0
2024-12-05 15:08:00-05:00,141.1699981689453,141.1999969482422,141.1300048828125,141.15249633789062,41715,0.0,0.0
2024-12-05 15:09:00-05:00,141.1699981689453,141.17999267578125,141.10009765625,141.1199951171875,49206,0.0,0.0
2024-12-05 15:10:00-05:00,141.110107421875,141.16000366210938,141.07009887695312,141.16000366210938,41081,0.0,0.0
2024-12-05 15:11:00-05:00,141.1699981689453,141.1699981689453,141.0800018310547,141.13999938964844,48942,0.0,0.0
2024-12-05 15:12:00-05:00,141.11500549316406,141.15550231933594,141.11000061035156,141.1199951171875,23590,0.0,0.0
2024-12-05 15:13:00-05:00,141.11000061035156,141.1282958984375,141.0601043701172,141.0601043701172,31339,0.0,0.0
2024-12-05 15:14:00-05:00,141.07000732421875,141.1298065185547,141.0399932861328,141.11000061035156,30874,0.0,0.0
2024-12-05 15:15:00-05:00,141.1280059814453,141.16000366210938,141.06300354003906,141.14999389648438,44874,0.0,0.0
2024-12-05 15:16:00-05:00,141.14010620117188,141.14010620117188,141.09500122070312,141.11459350585938,13725,0.0,0.0
2024-12-05 15:17:00-05:00,141.10989379882812,141.11000061035156,141.03500366210938,141.0800018310547,20558,0.0,0.0
2024-12-05 15:18:00-05:00,141.07989501953125,141.13999938964844,141.02000427246094,141.1378936767578,25595,0.0,0.0
2024-12-05 15:19:00-05:00,141.1282958984375,141.1699981689453,141.0500030517578,141.0749969482422,26633,0.0,0.0
2024-12-05 15:20:00-05:00,141.0749969482422,141.08999633789062,141.05999755859375,141.05999755859375,21460,0.0,0.0
2024-12-05 15:21:00-05:00,141.0500030517578,141.12890625,141.02999877929688,141.0583953857422,30484,0.0,0.0
2024-12-05 15:22:00-05:00,141.04319763183594,141.0561981201172,140.9499969482422,141.03500366210938,61237,0.0,0.0
2024-12-05 15:23:00-05:00,141.04840087890625,141.04840087890625,140.99029541015625,141.00180053710938,17506,0.0,0.0
2024-12-05 15:24:00-05:00,141.01060485839844,141.01780700683594,140.9499969482422,140.97000122070312,23141,0.0,0.0
2024-12-05 15:25:00-05:00,140.9687957763672,140.97000122070312,140.860107421875,140.94000244140625,54623,0.0,0.0
2024-12-05 15:26:00-05:00,140.93499755859375,140.96499633789062,140.85000610351562,140.96499633789062,41362,0.0,0.0
2024-12-05 15:27:00-05:00,140.9698944091797,140.97999572753906,140.89999389648438,140.91000366210938,29529,0.0,0.0
2024-12-05 15:28:00-05:00,140.9199981689453,140.927001953125,140.72999572753906,140.72999572753906,51899,0.0,0.0
2024-12-05 15:29:00-05:00,140.75,140.839599609375,140.6699981689453,140.69500732421875,56017,0.0,0.0
2024-12-05 15:30:00-05:00,140.7021026611328,140.71780395507812,140.58999633789062,140.60989379882812,86912,0.0,0.0
2024-12-05 15:31:00-05:00,140.60000610351562,140.61000061035156,140.4600067138672,140.50860595703125,92010,0.0,0.0
2024-12-05 15:32:00-05:00,140.5113067626953,140.67990112304688,140.47999572753906,140.67990112304688,52216,0.0,0.0
2024-12-05 15:33:00-05:00,140.67799377441406,140.6999969482422,140.61000061035156,140.65499877929688,44372,0.0,0.0
2024-12-05 15:34:00-05:00,140.66000366210938,140.83990478515625,140.63999938964844,140.75,188863,0.0,0.0
2024-12-05 15:35:00-05:00,140.77499389648438,140.9582061767578,140.76629638671875,140.94009399414062,45384,0.0,0.0
2024-12-05 15:36:00-05:00,140.9499969482422,140.97000122070312,140.860595703125,140.90499877929688,61773,0.0,0.0
2024-12-05 15:37:00-05:00,140.89999389648438,140.97999572753906,140.83389282226562,140.89999389648438,41207,0.0,0.0
2024-12-05 15:38:00-05:00,140.89500427246094,141.0,140.8800048828125,140.92999267578125,46770,0.0,0.0
2024-12-05 15:39:00-05:00,140.94500732421875,140.9600067138672,140.83819580078125,140.83999633789062,28173,0.0,0.0
2024-12-05 15:40:00-05:00,140.83340454101562,140.83340454101562,140.72000122070312,140.75999450683594,72628,0.0,0.0
2024-12-05 15:41:00-05:00,140.76980590820312,140.83070373535156,140.7100067138672,140.7899932861328,39397,0.0,0.0
2024-12-05 15:42:00-05:00,140.77999877929688,140.8000030517578,140.75999450683594,140.77000427246094,33205,0.0,0.0
2024-12-05 15:43:00-05:00,140.75999450683594,140.91000366210938,140.75010681152344,140.89999389648438,48850,0.0,0.0
2024-12-05 15:44:00-05:00,140.91000366210938,140.91000366210938,140.80499267578125,140.88999938964844,31086,0.0,0.0
2024-12-05 15:45:00-05:00,140.8883056640625,140.94000244140625,140.8699951171875,140.8800048828125,51862,0.0,0.0
2024-12-05 15:46:00-05:00,140.85000610351562,141.0399932861328,140.85000610351562,140.9499969482422,70493,0.0,0.0
2024-12-05 15:47:00-05:00,140.95989990234375,140.95989990234375,140.88499450683594,140.9199981689453,38823,0.0,0.0
2024-12-05 15:48:00-05:00,140.92999267578125,140.9600067138672,140.80999755859375,140.8300018310547,62997,0.0,0.0
2024-12-05 15:49:00-05:00,140.8300018310547,140.97999572753906,140.80999755859375,140.97999572753906,54988,0.0,0.0
2024-12-05 15:50:00-05:00,141.0,141.1199951171875,140.9600067138672,141.10000610351562,85537,0.0,0.0
2024-12-05 15:51:00-05:00,141.09500122070312,141.13999938964844,141.04580688476562,141.1199951171875,66826,0.0,0.0
2024-12-05 15:52:00-05:00,141.1269073486328,141.1300048828125,140.9700927734375,140.97999572753906,69615,0.0,0.0
2024-12-05 15:53:00-05:00,140.97999572753906,141.0399932861328,140.91000366210938,141.02980041503906,75450,0.0,0.0
2024-12-05 15:54:00-05:00,141.01499938964844,141.1699981689453,140.99000549316406,141.156005859375,101727,0.0,0.0
2024-12-05 15:55:00-05:00,141.17999267578125,141.2899932861328,141.13009643554688,141.27499389648438,132104,0.0,0.0
2024-12-05 15:56:00-05:00,141.2899932861328,141.32000732421875,141.22999572753906,141.30999755859375,107976,0.0,0.0
2024-12-05 15:57:00-05:00,141.30999755859375,141.44000244140625,141.27999877929688,141.36000061035156,131193,0.0,0.0
2024-12-05 15:58:00-05:00,141.34010314941406,141.42999267578125,141.3300018310547,141.3699951171875,142569,0.0,0.0
2024-12-05 15:59:00-05:00,141.3813018798828,141.42999267578125,141.30999755859375,141.3800048828125,325674,0.0,0.0
2024-12-05 16:00:00-05:00,141.36,141.36,141.23,141.36,2110117,0.0,0.0
2024-12-05 16:01:00-05:00,141.25,141.36,141.23,141.36,0,0.0,0.0
2024-12-05 16:02:00-05:00,141.25,141.36,141.13,141.36,0,0.0,0.0
2024-12-05 16:03:00-05:00,141.27,141.43,141.17,141.36,0,0.0,0.0
2024-12-05 16:04:00-05:00,141.36,141.43,141.36,141.3601,0,0.0,0.0
2024-12-05 16:05:00-05:00,141.3614,141.39,141.36,141.36,0,0.0,0.0
2024-12-05 16:06:00-05:00,141.3699,141.39,141.36,141.36,0,0.0,0.0
2024-12-05 16:07:00-05:00,141.38,141.3996,141.28,141.36,0,0.0,0.0
2024-12-05 16:08:00-05:00,141.3,141.39,141.18,141.29,0,0.0,0.0
2024-12-05 16:09:00-05:00,141.39,141.39,141.18,141.3,0,0.0,0.0
2024-12-05 16:10:00-05:00,141.26,141.3434,141.18,141.26,0,0.0,0.0
2024-12-05 16:11:00-05:00,141.23,141.28,141.18,141.18,0,0.0,0.0
2024-12-05 16:12:00-05:00,141.27,141.36,141.18,141.31,0,0.0,0.0
2024-12-05 16:13:00-05:00,141.299,141.3,141.19,141.3,0,0.0,0.0
2024-12-05 16:14:00-05:00,141.29,141.29,141.19,141.2,0,0.0,0.0
2024-12-05 16:15:00-05:00,141.29,141.36,141.26,141.2999,0,0.0,0.0
2024-12-05 16:16:00-05:00,141.3,141.3,141.23,141.24,0,0.0,0.0
2024-12-05 16:17:00-05:00,141.2585,141.26,141.2,141.25,0,0.0,0.0
2024-12-05 16:18:00-05:00,141.225,141.3,141.21,141.25,0,0.0,0.0
2024-12-05 16:19:00-05:00,141.25,141.3,141.2,141.21,0,0.0,0.0
2024-12-05 16:20:00-05:00,141.36,141.36,141.21,141.26,0,0.0,0.0
2024-12-05 16:21:00-05:00,141.29,141.3,141.21,141.28,0,0.0,0.0
2024-12-05 16:22:00-05:00,141.275,141.3,141.255,141.26,0,0.0,0.0
2024-12-05 16:23:00-05:00,141.27,141.3,141.21,141.2999,0,0.0,0.0
2024-12-05 16:24:00-05:00,141.26,141.28,141.22,141.2207,0,0.0,0.0
2024-12-05 16:25:00-05:00,141.2786,141.36,141.22,141.25,0,0.0,0.0
2024-12-05 16:26:00-05:00,141.22,141.3,141.22,141.26,0,0.0,0.0
2024-12-05 16:27:00-05:00,141.22,141.34,141.22,141.33,0,0.0,0.0
2024-12-05 16:28:00-05:00,141.29,141.33,141.29,141.33,0,0.0,0.0
2024-12-05 16:29:00-05:00,141.3,141.35,141.3,141.34,0,0.0,0.0
2024-12-05 16:30:00-05:00,141.33,141.35,141.29,141.35,0,0.0,0.0
2024-12-05 16:31:00-05:00,141.3488,141.35,141.3,141.335,0,0.0,0.0
2024-12-05 16:32:00-05:00,141.35,141.4,141.32,141.32,0,0.0,0.0
2024-12-05 16:33:00-05:00,141.35,141.38,141.32,141.38,0,0.0,0.0
2024-12-05 16:34:00-05:00,141.35,141.41,141.35,141.36,0,0.0,0.0
2024-12-05 16:35:00-05:00,141.36,141.41,141.35,141.41,0,0.0,0.0
2024-12-05 16:36:00-05:00,141.41,141.41,141.35,141.3899,0,0.0,0.0
2024-12-05 16:37:00-05:00,141.39,141.39,141.35,141.35,0,0.0,0.0
2024-12-05 16:38:00-05:00,141.3846,141.39,141.35,141.36,0,0.0,0.0
2024-12-05 16:39:00-05:00,141.36,141.38,141.35,141.36,0,0.0,0.0
2024-12-05 16:40:00-05:00,141.36,141.4,141.35,141.3501,0,0.0,0.0
2024-12-05 16:41:00-05:00,141.45,141.45,141.35,141.3899,0,0.0,0.0
2024-12-05 16:42:00-05:00,141.39,141.39,141.37,141.37,0,0.0,0.0
2024-12-05 16:43:00-05:00,141.41,141.41,141.3708,141.395,0,0.0,0.0
2024-12-05 16:44:00-05:00,141.39,141.42,141.37,141.395,0,0.0,0.0
2024-12-05 16:45:00-05:00,141.395,141.42,141.37,141.395,0,0.0,0.0
2024-12-05 16:46:00-05:00,141.395,141.4,141.37,141.3706,0,0.0,0.0
2024-12-05 16:47:00-05:00,141.37,141.42,141.37,141.4,0,0.0,0.0
2024-12-05 16:48:00-05:00,141.39,141.41,141.32,141.335,0,0.0,0.0
2024-12-05 16:49:00-05:00,141.31,141.36,141.31,141.33,0,0.0,0.0
2024-12-05 16:50:00-05:00,141.35,141.36,141.32,141.32,0,0.0,0.0
2024-12-05 16:51:00-05:00,141.32,141.35,141.32,141.35,0,0.0,0.0
2024-12-05 16:52:00-05:00,141.32,141.36,141.32,141.33,0,0.0,0.0
2024-12-05 16:53:00-05:00,141.36,141.38,141.355,141.38,0,0.0,0.0
2024-12-05 16:54:00-05:00,141.36,141.38,141.3,141.3,0,0.0,0.0
2024-12-05 16:55:00-05:00,141.38,141.38,141.3,141.34,0,0.0,0.0
2024-12-05 16:56:00-05:00,141.3,141.41,141.3,141.39,0,0.0,0.0
2024-12-05 16:57:00-05:00,141.38,141.41,141.33,141.33,0,0.0,0.0
2024-12-05 16:58:00-05:00,141.3585,141.36,141.3,141.33,0,0.0,0.0
2024-12-05 16:59:00-05:00,141.32,141.33,141.31,141.32,0,0.0,0.0
2024-12-05 17:00:00-05:00,141.33,141.39,141.32,141.39,0,0.0,0.0
2024-12-05 17:01:00-05:00,141.31,141.39,141.31,141.35,0,0.0,0.0
2024-12-05 17:02:00-05:00,141.35,141.39,141.31,141.3899,0,0.0,0.0
2024-12-05 17:03:00-05:00,141.385,141.385,141.35,141.35,0,0.0,0.0
2024-12-05 17:04:00-05:00,141.3109,141.4,141.31,141.31,0,0.0,0.0
2024-12-05 17:05:00-05:00,141.31,141.39,141.31,141.31,0,0.0,0.0
2024-12-05 17:06:00-05:00,141.31,141.36,141.31,141.36,0,0.0,0.0
2024-12-05 17:07:00-05:00,141.36,141.36,141.33,141.33,0,0.0,0.0
2024-12-05 17:08:00-05:00,141.345,141.35,141.3305,141.34,0,0.0,0.0
2024-12-05 17:09:00-05:00,141.31,141.33,141.31,141.3107,0,0.0,0.0
2024-12-05 17:10:00-05:00,141.33,141.3497,141.31,141.3497,0,0.0,0.0
2024-12-05 17:11:00-05:00,141.3108,141.345,141.3108,141.345,0,0.0,0.0
2024-12-05 17:12:00-05:00,141.38,141.38,141.31,141.31,0,0.0,0.0
2024-12-05 17:13:00-05:00,141.3699,141.3699,141.31,141.31,0,0.0,0.0
2024-12-05 17:14:00-05:00,141.31,141.35,141.31,141.35,0,0.0,0.0
2024-12-05 17:15:00-05:00,141.369,141.38,141.31,141.31,0,0.0,0.0
2024-12-05 17:16:00-05:00,141.37,141.37,141.345,141.345,0,0.0,0.0
2024-12-05 17:17:00-05:00,141.38,141.38,141.345,141.345,0,0.0,0.0
2024-12-05 17:18:00-05:00,141.38,141.38,141.31,141.36,0,0.0,0.0
2024-12-05 17:19:00-05:00,141.36,141.38,141.31,141.36,0,0.0,0.0
2024-12-05 17:20:00-05:00,141.3688,141.37,141.32,141.37,0,0.0,0.0
2024-12-05 17:21:00-05:00,141.32,141.35,141.32,141.35,0,0.0,0.0
2024-12-05 17:22:00-05:00,141.37,141.38,141.36,141.37,0,0.0,0.0
2024-12-05 17:23:00-05:00,141.37,141.38,141.35,141.37,0,0.0,0.0
2024-12-05 17:24:00-05:00,141.37,141.39,141.37,141.39,0,0.0,0.0
2024-12-05 17:25:00-05:00,141.39,141.43,141.38,141.39,0,0.0,0.0
2024-12-05 17:26:00-05:00,141.39,141.43,141.39,141.4,0,0.0,0.0
2024-12-05 17:27:00-05:00,141.38,141.45,141.38,141.415,0,0.0,0.0
2024-12-05 17:28:00-05:00,141.38,148.3213,141.38,141.45,0,0.0,0.0
2024-12-05 17:29:00-05:00,141.415,141.43,141.38,141.43,0,0.0,0.0
2024-12-05 17:30:00-05:00,141.38,141.42,141.38,141.4,0,0.0,0.0
2024-12-05 17:31:00-05:00,141.38,141.42,141.38,141.3801,0,0.0,0.0
2024-12-05 17:32:00-05:00,141.4,141.42,141.38,141.42,0,0.0,0.0
2024-12-05 17:33:00-05:00,141.38,141.42,141.36,141.36,0,0.0,0.0
2024-12-05 17:34:00-05:00,141.37,141.45,141.34,141.385,0,0.0,0.0
2024-12-05 17:35:00-05:00,141.45,141.45,141.385,141.44,0,0.0,0.0
2024-12-05 17:36:00-05:00,141.45,141.45,141.385,141.385,0,0.0,0.0
2024-12-05 17:37:00-05:00,141.385,141.45,141.385,141.42,0,0.0,0.0
2024-12-05 17:38:00-05:00,141.35,141.44,141.35,141.37,0,0.0,0.0
2024-12-05 17:39:00-05:00,141.37,141.38,141.365,141.38,0,0.0,0.0
2024-12-05 17:40:00-05:00,141.365,141.38,141.36,141.38,0,0.0,0.0
2024-12-05 17:41:00-05:00,141.36,141.45,141.36,141.37,0,0.0,0.0
2024-12-05 17:42:00-05:00,141.37,141.38,141.36,141.38,0,0.0,0.0
2024-12-05 17:43:00-05:00,141.365,141.44,141.365,141.4,0,0.0,0.0
2024-12-05 17:44:00-05:00,141.38,141.405,141.37,141.38,0,0.0,0.0
2024-12-05 17:45:00-05:00,141.36,141.43,141.32,141.36,0,0.0,0.0
2024-12-05 17:46:00-05:00,141.37,141.4288,141.32,141.32,0,0.0,0.0
2024-12-05 17:47:00-05:00,141.43,141.43,141.32,141.43,0,0.0,0.0
2024-12-05 17:48:00-05:00,141.43,149.4788,141.32,141.43,0,0.0,0.0
2024-12-05 17:49:00-05:00,141.36,141.4,141.35,141.35,0,0.0,0.0
2024-12-05 17:50:00-05:00,141.32,141.4,141.32,141.3996,0,0.0,0.0
2024-12-05 17:51:00-05:00,141.4,141.4,141.36,141.36,0,0.0,0.0
2024-12-05 17:52:00-05:00,141.4,141.4,141.32,141.35,0,0.0,0.0
2024-12-05 17:53:00-05:00,141.4,141.4,141.36,141.36,0,0.0,0.0
2024-12-05 17:54:00-05:00,141.32,141.38,141.32,141.3799,0,0.0,0.0
2024-12-05 17:55:00-05:00,141.39,141.4,141.39,141.39,0,0.0,0.0
2024-12-05 17:56:00-05:00,141.39,141.39,141.38,141.385,0,0.0,0.0
2024-12-05 17:57:00-05:00,141.39,141.39,141.38,141.39,0,0.0,0.0
2024-12-05 17:58:00-05:00,141.39,141.43,141.38,141.4,0,0.0,0.0
2024-12-05 17:59:00-05:00,141.41,141.43,141.4,141.405,0,0.0,0.0
2024-12-05 18:00:00-05:00,141.41,141.43,141.4,141.4,0,0.0,0.0
2024-12-05 18:01:00-05:00,141.4,141.43,141.4,141.43,0,0.0,0.0
2024-12-05 18:02:00-05:00,141.38,141.4,141.38,141.38,0,0.0,0.0
2024-12-05 18:03:00-05:00,141.4,141.43,141.37,141.38,0,0.0,0.0
2024-12-05 18:04:00-05:00,141.39,141.4,141.38,141.39,0,0.0,0.0
2024-12-05 18:05:00-05:00,141.37,141.39,141.34,141.34,0,0.0,0.0
2024-12-05 18:06:00-05:00,141.35,141.4,141.3297,141.36,0,0.0,0.0
2024-12-05 18:07:00-05:00,141.35,141.38,141.35,141.355,0,0.0,0.0
2024-12-05 18:08:00-05:00,141.35,141.4,141.33,141.365,0,0.0,0.0
2024-12-05 18:09:00-05:00,141.4,141.4,141.23,141.23,0,0.0,0.0
2024-12-05 18:10:00-05:00,141.36,141.36,141.3,141.33,0,0.0,0.0
2024-12-05 18:11:00-05:00,141.3236,141.4,141.3236,141.36,0,0.0,0.0
2024-12-05 18:12:00-05:00,141.4,141.4,141.34,141.34,0,0.0,0.0
2024-12-05 18:13:00-05:00,141.32,141.4,141.32,141.3201,0,0.0,0.0
2024-12-05 18:14:00-05:00,141.33,141.4,141.31,141.4,0,0.0,0.0
2024-12-05 18:15:00-05:00,141.32,141.36,141.32,141.33,0,0.0,0.0
2024-12-05 18:16:00-05:00,141.36,141.36,141.322,141.36,0,0.0,0.0
2024-12-05 18:17:00-05:00,141.32,141.4,141.32,141.32,0,0.0,0.0
2024-12-05 18:18:00-05:00,141.33,141.4,141.32,141.32,0,0.0,0.0
2024-12-05 18:19:00-05:00,141.36,141.36,141.32,141.36,0,0.0,0.0
2024-12-05 18:20:00-05:00,141.36,141.4,141.36,141.36,0,0.0,0.0
2024-12-05 18:21:00-05:00,141.36,141.4,141.36,141.36,0,0.0,0.0
2024-12-05 18:22:00-05:00,141.36,141.36,141.32,141.35,0,0.0,0.0
2024-12-05 18:23:00-05:00,141.32,141.35,141.32,141.35,0,0.0,0.0
2024-12-05 18:24:00-05:00,141.32,141.51,141.32,141.3505,0,0.0,0.0
2024-12-05 18:25:00-05:00,141.32,141.59,141.32,141.35,0,0.0,0.0
2024-12-05 18:26:00-05:00,141.34,141.36,141.32,141.34,0,0.0,0.0
2024-12-05 18:27:00-05:00,141.34,141.35,141.32,141.32,0,0.0,0.0
2024-12-05 18:28:00-05:00,141.33,141.35,141.32,141.32,0,0.0,0.0
2024-12-05 18:29:00-05:00,141.3599,141.36,141.28,141.28,0,0.0,0.0
2024-12-05 18:30:00-05:00,141.28,141.32,141.28,141.32,0,0.0,0.0
2024-12-05 18:31:00-05:00,141.3,141.35,141.28,141.28,0,0.0,0.0
2024-12-05 18:32:00-05:00,141.28,141.3596,141.28,141.3596,0,0.0,0.0
2024-12-05 18:33:00-05:00,141.36,141.36,141.28,141.36,0,0.0,0.0
2024-12-05 18:34:00-05:00,141.28,141.36,141.28,141.36,0,0.0,0.0
2024-12-05 18:35:00-05:00,141.28,141.36,141.28,141.29,0,0.0,0.0
2024-12-05 18:36:00-05:00,141.3,141.325,141.29,141.325,0,0.0,0.0
2024-12-05 18:37:00-05:00,141.325,141.36,141.3,141.3,0,0.0,0.0
2024-12-05 18:38:00-05:00,141.32,141.36,141.32,141.32,0,0.0,0.0
2024-12-05 18:39:00-05:00,141.36,141.36,141.32,141.32,0,0.0,0.0
2024-12-05 18:40:00-05:00,141.32,141.36,141.32,141.34,0,0.0,0.0
2024-12-05 18:41:00-05:00,141.34,141.36,141.34,141.35,0,0.0,0.0
2024-12-05 18:42:00-05:00,141.35,141.3592,141.35,141.3586,0,0.0,0.0
2024-12-05 18:43:00-05:00,141.3593,141.36,141.34,141.35,0,0.0,0.0
2024-12-05 18:44:00-05:00,141.335,141.35,141.335,141.34,0,0.0,0.0
2024-12-05 18:45:00-05:00,141.33,141.335,141.32,141.33,0,0.0,0.0
2024-12-05 18:46:00-05:00,141.3399,141.35,141.33,141.35,0,0.0,0.0
2024-12-05 18:47:00-05:00,141.335,141.3499,141.33,141.3499,0,0.0,0.0
2024-12-05 18:48:00-05:00,141.35,141.35,141.3499,141.3499,0,0.0,0.0
2024-12-05 18:49:00-05:00,141.3498,141.3499,141.32,141.335,0,0.0,0.0
2024-12-05 18:50:00-05:00,141.35,141.355,141.33,141.33,0,0.0,0.0
2024-12-05 18:51:00-05:00,141.38,141.38,141.346,141.36,0,0.0,0.0
2024-12-05 18:52:00-05:00,141.3797,141.38,141.35,141.3791,0,0.0,0.0
2024-12-05 18:53:00-05:00,141.365,141.365,141.36,141.365,0,0.0,0.0
2024-12-05 18:54:00-05:00,141.32,141.3499,141.32,141.3498,0,0.0,0.0
2024-12-05 18:55:00-05:00,141.3491,141.35,141.32,141.34,0,0.0,0.0
2024-12-05 18:56:00-05:00,141.35,141.35,141.345,141.345,0,0.0,0.0
2024-12-05 18:57:00-05:00,141.34,141.35,141.34,141.35,0,0.0,0.0
2024-12-05 18:58:00-05:00,141.35,141.35,141.32,141.335,0,0.0,0.0
2024-12-05 18:59:00-05:00,141.335,141.335,141.32,141.32,0,0.0,0.0
2024-12-05 19:00:00-05:00,141.335,141.3493,141.32,141.3493,0,0.0,0.0
2024-12-05 19:01:00-05:00,141.32,141.35,141.32,141.35,0,0.0,0.0
2024-12-05 19:02:00-05:00,141.33,141.35,141.33,141.34,0,0.0,0.0
2024-12-05 19:03:00-05:00,141.32,141.38,141.31,141.31,0,0.0,0.0
2024-12-05 19:04:00-05:00,141.31,141.32,141.22,141.22,0,0.0,0.0
2024-12-05 19:05:00-05:00,141.31,141.31,141.29,141.29,0,0.0,0.0
2024-12-05 19:06:00-05:00,141.29,141.31,141.25,141.25,0,0.0,0.0
2024-12-05 19:07:00-05:00,141.32,141.32,141.25,141.27,0,0.0,0.0
2024-12-05 19:08:00-05:00,141.22,141.235,141.22,141.2205,0,0.0,0.0
2024-12-05 19:09:00-05:00,141.2201,141.2201,141.2201,141.2201,0,0.0,0.0
2024-12-05 19:10:00-05:00,141.25,141.25,141.24,141.24,0,0.0,0.0
2024-12-05 19:11:00-05:00,141.24,141.34,141.22,141.34,0,0.0,0.0
2024-12-05 19:12:00-05:00,141.305,141.3397,141.305,141.3397,0,0.0,0.0
2024-12-05 19:13:00-05:00,141.29,141.34,141.26,141.26,0,0.0,0.0
2024-12-05 19:14:00-05:00,141.295,141.32,141.295,141.32,0,0.0,0.0
2024-12-05 19:15:00-05:00,141.325,141.325,141.25,141.32,0,0.0,0.0
2024-12-05 19:16:00-05:00,141.32,141.32,141.285,141.32,0,0.0,0.0
2024-12-05 19:17:00-05:00,141.31,141.31,141.29,141.29,0,0.0,0.0
2024-12-05 19:18:00-05:00,141.32,141.32,141.305,141.32,0,0.0,0.0
2024-12-05 19:19:00-05:00,141.32,141.32,141.3,141.3,0,0.0,0.0
2024-12-05 19:20:00-05:00,141.32,141.32,141.26,141.285,0,0.0,0.0
2024-12-05 19:21:00-05:00,141.25,141.31,141.25,141.31,0,0.0,0.0
2024-12-05 19:22:00-05:00,141.28,141.32,141.28,141.3,0,0.0,0.0
2024-12-05 19:23:00-05:00,141.32,141.32,141.31,141.31,0,0.0,0.0
2024-12-05 19:24:00-05:00,141.315,141.32,141.3101,141.32,0,0.0,0.0
2024-12-05 19:25:00-05:00,141.3199,141.32,141.3,141.31,0,0.0,0.0
2024-12-05 19:26:00-05:00,141.28,141.3199,141.2521,141.2521,0,0.0,0.0
2024-12-05 19:27:00-05:00,141.2626,141.32,141.25,141.3199,0,0.0,0.0
2024-12-05 19:28:00-05:00,141.32,141.32,141.25,141.285,0,0.0,0.0
2024-12-05 19:29:00-05:00,141.3194,141.32,141.285,141.3181,0,0.0,0.0
2024-12-05 19:30:00-05:00,141.3,141.3,141.22,141.3,0,0.0,0.0
2024-12-05 19:31:00-05:00,141.3,141.3,141.2502,141.2504,0,0.0,0.0
2024-12-05 19:32:00-05:00,141.2692,141.2692,141.2685,141.2685,0,0.0,0.0
2024-12-05 19:33:00-05:00,141.24,141.26,141.22,141.22,0,0.0,0.0
2024-12-05 19:34:00-05:00,141.26,141.26,141.2597,141.26,0,0.0,0.0
2024-12-05 19:35:00-05:00,141.27,141.27,141.245,141.245,0,0.0,0.0
2024-12-05 19:36:00-05:00,141.25,141.27,141.22,141.22,0,0.0,0.0
2024-12-05 19:37:00-05:00,141.2692,141.27,141.23,141.26,0,0.0,0.0
2024-12-05 19:38:00-05:00,141.26,141.26,141.23,141.26,0,0.0,0.0
2024-12-05 19:39:00-05:00,141.26,141.26,141.23,141.24,0,0.0,0.0
2024-12-05 19:40:00-05:00,141.26,141.26,141.26,141.26,0,0.0,0.0
2024-12-05 19:41:00-05:00,141.23,141.265,141.21,141.26,0,0.0,0.0
2024-12-05 19:42:00-05:00,141.255,141.3,141.255,141.3,0,0.0,0.0
2024-12-05 19:43:00-05:00,141.3,141.3,141.21,141.2137,0,0.0,0.0
2024-12-05 19:44:00-05:00,141.22,141.3,141.22,141.265,0,0.0,0.0
2024-12-05 19:45:00-05:00,141.3,141.3,141.25,141.29,0,0.0,0.0
2024-12-05 19:46:00-05:00,141.2888,141.2888,141.21,141.21,0,0.0,0.0
2024-12-05 19:47:00-05:00,141.21,141.29,141.21,141.25,0,0.0,0.0
2024-12-05 19:48:00-05:00,141.25,141.28,141.2114,141.27,0,0.0,0.0
2024-12-05 19:49:00-05:00,141.255,141.255,141.2199,141.2199,0,0.0,0.0
2024-12-05 19:50:00-05:00,141.29,141.3,141.22,141.23,0,0.0,0.0
2024-12-05 19:51:00-05:00,141.255,141.3,141.25,141.25,0,0.0,0.0
2024-12-05 19:52:00-05:00,141.2482,141.25,141.23,141.25,0,0.0,0.0
2024-12-05 19:53:00-05:00,141.2201,141.25,141.2201,141.235,0,0.0,0.0
2024-12-05 19:54:00-05:00,141.245,141.3,141.245,141.3,0,0.0,0.0
2024-12-05 19:55:00-05:00,141.26,141.29,141.26,141.28,0,0.0,0.0
2024-12-05 19:56:00-05:00,141.2899,141.3,141.26,141.27,0,0.0,0.0
2024-12-05 19:57:00-05:00,141.27,141.34,141.24,141.24,0,0.0,0.0
2024-12-05 19:58:00-05:00,141.34,141.34,141.24,141.3,0,0.0,0.0
2024-12-05 19:59:54-05:00,141.275,141.275,141.275,141.275,0,0.0,0.0
