time,Open,High,Low,Close,Volume,Dividends,Stock Splits
2024-12-13 04:00:00-05:00,132.0,132.0,131.82,131.88,0,0.0,0.0
2024-12-13 04:01:00-05:00,131.84,131.89,131.7,131.7,0,0.0,0.0
2024-12-13 04:02:00-05:00,131.83,131.83,131.7,131.78,0,0.0,0.0
2024-12-13 04:03:00-05:00,131.88,131.88,131.8,131.86,0,0.0,0.0
2024-12-13 04:04:00-05:00,131.85,131.94,131.85,131.88,0,0.0,0.0
2024-12-13 04:06:00-05:00,131.83,131.83,131.8,131.8,0,0.0,0.0
2024-12-13 04:07:00-05:00,131.8,131.8,131.78,131.78,0,0.0,0.0
2024-12-13 04:08:00-05:00,131.8,131.8,131.69,131.69,0,0.0,0.0
2024-12-13 04:09:00-05:00,131.63,131.66,131.6,131.66,0,0.0,0.0
2024-12-13 04:11:00-05:00,131.43,131.51,131.39,131.51,0,0.0,0.0
2024-12-13 04:12:00-05:00,131.52,131.52,131.52,131.52,0,0.0,0.0
2024-12-13 04:13:00-05:00,131.45,131.51,131.43,131.43,0,0.0,0.0
2024-12-13 04:14:00-05:00,131.49,131.51,131.46,131.51,0,0.0,0.0
2024-12-13 04:15:00-05:00,131.51,131.58,131.51,131.58,0,0.0,0.0
2024-12-13 04:18:00-05:00,131.6,131.6,131.6,131.6,0,0.0,0.0
2024-12-13 04:20:00-05:00,131.61,131.63,131.61,131.62,0,0.0,0.0
2024-12-13 04:21:00-05:00,131.62,131.62,131.62,131.62,0,0.0,0.0
2024-12-13 04:22:00-05:00,131.68,131.73,131.61,131.73,0,0.0,0.0
2024-12-13 04:23:00-05:00,131.68,131.68,131.68,131.68,0,0.0,0.0
2024-12-13 04:24:00-05:00,131.72,131.87,131.72,131.81,0,0.0,0.0
2024-12-13 04:26:00-05:00,131.84,131.84,131.84,131.84,0,0.0,0.0
2024-12-13 04:28:00-05:00,131.89,131.91,131.81,131.81,0,0.0,0.0
2024-12-13 04:29:00-05:00,131.8,131.8,131.8,131.8,0,0.0,0.0
2024-12-13 04:30:00-05:00,131.67,131.67,131.62,131.62,0,0.0,0.0
2024-12-13 04:31:00-05:00,131.59,131.7,131.58,131.7,0,0.0,0.0
2024-12-13 04:33:00-05:00,131.6,131.6,131.6,131.6,0,0.0,0.0
2024-12-13 04:34:00-05:00,131.6,131.62,131.6,131.62,0,0.0,0.0
2024-12-13 04:35:00-05:00,131.72,131.72,131.72,131.72,0,0.0,0.0
2024-12-13 04:36:00-05:00,131.71,131.71,131.71,131.71,0,0.0,0.0
2024-12-13 04:37:00-05:00,131.7,131.7,131.7,131.7,0,0.0,0.0
2024-12-13 04:38:00-05:00,131.66,131.66,131.66,131.66,0,0.0,0.0
2024-12-13 04:39:00-05:00,131.66,131.76,131.63,131.76,0,0.0,0.0
2024-12-13 04:40:00-05:00,131.77,131.77,131.77,131.77,0,0.0,0.0
2024-12-13 04:42:00-05:00,131.74,131.74,131.73,131.73,0,0.0,0.0
2024-12-13 04:43:00-05:00,131.86,132.07,131.8,132.0,0,0.0,0.0
2024-12-13 04:44:00-05:00,132.04,132.1,132.03,132.03,0,0.0,0.0
2024-12-13 04:45:00-05:00,132.0,132.01,131.92,131.92,0,0.0,0.0
2024-12-13 04:46:00-05:00,131.92,131.92,131.92,131.92,0,0.0,0.0
2024-12-13 04:47:00-05:00,131.93,131.93,131.93,131.93,0,0.0,0.0
2024-12-13 04:49:00-05:00,132.03,132.07,132.03,132.07,0,0.0,0.0
2024-12-13 04:50:00-05:00,132.0,132.07,132.0,132.01,0,0.0,0.0
2024-12-13 04:51:00-05:00,132.07,132.07,132.06,132.06,0,0.0,0.0
2024-12-13 04:52:00-05:00,131.98,132.06,131.94,132.06,0,0.0,0.0
2024-12-13 04:53:00-05:00,132.0,132.06,132.0,132.06,0,0.0,0.0
2024-12-13 04:54:00-05:00,132.03,132.03,132.02,132.02,0,0.0,0.0
2024-12-13 04:55:00-05:00,132.02,132.02,132.0,132.0,0,0.0,0.0
2024-12-13 04:56:00-05:00,131.95,132.0,131.95,132.0,0,0.0,0.0
2024-12-13 04:57:00-05:00,131.97,131.97,131.97,131.97,0,0.0,0.0
2024-12-13 04:59:00-05:00,132.0,132.0,132.0,132.0,0,0.0,0.0
2024-12-13 05:00:00-05:00,132.0,132.0,132.0,132.0,0,0.0,0.0
2024-12-13 05:02:00-05:00,132.06,132.06,132.0,132.01,0,0.0,0.0
2024-12-13 05:03:00-05:00,131.99,131.99,131.99,131.99,0,0.0,0.0
2024-12-13 05:04:00-05:00,132.05,132.07,132.03,132.07,0,0.0,0.0
2024-12-13 05:07:00-05:00,132.03,132.03,132.0,132.0,0,0.0,0.0
2024-12-13 05:09:00-05:00,131.98,131.98,131.93,131.94,0,0.0,0.0
2024-12-13 05:10:00-05:00,131.89,131.9,131.89,131.9,0,0.0,0.0
2024-12-13 05:11:00-05:00,131.94,131.94,131.94,131.94,0,0.0,0.0
2024-12-13 05:12:00-05:00,131.95,131.95,131.92,131.92,0,0.0,0.0
2024-12-13 05:13:00-05:00,131.92,131.92,131.92,131.92,0,0.0,0.0
2024-12-13 05:14:00-05:00,131.84,131.89,131.84,131.89,0,0.0,0.0
2024-12-13 05:15:00-05:00,131.89,131.9,131.84,131.84,0,0.0,0.0
2024-12-13 05:16:00-05:00,131.85,131.87,131.85,131.87,0,0.0,0.0
2024-12-13 05:19:00-05:00,131.87,131.87,131.87,131.87,0,0.0,0.0
2024-12-13 05:21:00-05:00,131.92,131.95,131.92,131.95,0,0.0,0.0
2024-12-13 05:22:00-05:00,131.92,131.92,131.9,131.9,0,0.0,0.0
2024-12-13 05:23:00-05:00,131.92,131.92,131.92,131.92,0,0.0,0.0
2024-12-13 05:24:00-05:00,131.92,131.92,131.92,131.92,0,0.0,0.0
2024-12-13 05:25:00-05:00,131.89,131.89,131.89,131.89,0,0.0,0.0
2024-12-13 05:27:00-05:00,131.88,131.88,131.88,131.88,0,0.0,0.0
2024-12-13 05:28:00-05:00,131.87,131.87,131.87,131.87,0,0.0,0.0
2024-12-13 05:29:00-05:00,131.86,131.86,131.86,131.86,0,0.0,0.0
2024-12-13 05:31:00-05:00,131.8,131.81,131.8,131.81,0,0.0,0.0
2024-12-13 05:32:00-05:00,131.8,131.8,131.8,131.8,0,0.0,0.0
2024-12-13 05:33:00-05:00,131.81,131.81,131.8,131.8,0,0.0,0.0
2024-12-13 05:34:00-05:00,131.82,131.82,131.8,131.8,0,0.0,0.0
2024-12-13 05:35:00-05:00,131.8,131.8,131.8,131.8,0,0.0,0.0
2024-12-13 05:36:00-05:00,131.85,131.85,131.85,131.85,0,0.0,0.0
2024-12-13 05:37:00-05:00,131.85,131.85,131.85,131.85,0,0.0,0.0
2024-12-13 05:38:00-05:00,131.88,131.89,131.88,131.89,0,0.0,0.0
2024-12-13 05:39:00-05:00,131.85,131.85,131.85,131.85,0,0.0,0.0
2024-12-13 05:41:00-05:00,131.84,131.84,131.84,131.84,0,0.0,0.0
2024-12-13 05:42:00-05:00,131.85,131.85,131.85,131.85,0,0.0,0.0
2024-12-13 05:43:00-05:00,131.89,131.89,131.89,131.89,0,0.0,0.0
2024-12-13 05:44:00-05:00,131.85,131.85,131.85,131.85,0,0.0,0.0
2024-12-13 05:45:00-05:00,131.86,131.88,131.86,131.88,0,0.0,0.0
2024-12-13 05:47:00-05:00,131.89,131.89,131.89,131.89,0,0.0,0.0
2024-12-13 05:48:00-05:00,131.82,131.87,131.82,131.87,0,0.0,0.0
2024-12-13 05:49:00-05:00,131.86,131.86,131.84,131.84,0,0.0,0.0
2024-12-13 05:51:00-05:00,131.84,131.87,131.84,131.87,0,0.0,0.0
2024-12-13 05:52:00-05:00,131.89,131.89,131.89,131.89,0,0.0,0.0
2024-12-13 05:53:00-05:00,131.9,131.95,131.9,131.95,0,0.0,0.0
2024-12-13 05:54:00-05:00,131.93,131.93,131.93,131.93,0,0.0,0.0
2024-12-13 05:56:00-05:00,131.92,131.92,131.92,131.92,0,0.0,0.0
2024-12-13 05:57:00-05:00,131.92,131.92,131.92,131.92,0,0.0,0.0
2024-12-13 05:58:00-05:00,131.93,131.93,131.93,131.93,0,0.0,0.0
2024-12-13 05:59:00-05:00,131.94,131.94,131.94,131.94,0,0.0,0.0
2024-12-13 06:03:00-05:00,131.86,131.86,131.79,131.79,0,0.0,0.0
2024-12-13 06:04:00-05:00,131.73,131.73,131.73,131.73,0,0.0,0.0
2024-12-13 06:05:00-05:00,131.75,131.75,131.75,131.75,0,0.0,0.0
2024-12-13 06:06:00-05:00,131.75,131.75,131.72,131.72,0,0.0,0.0
2024-12-13 06:08:00-05:00,131.82,131.82,131.81,131.81,0,0.0,0.0
2024-12-13 06:10:00-05:00,131.7,131.7,131.69,131.69,0,0.0,0.0
2024-12-13 06:15:00-05:00,131.77,131.77,131.77,131.77,0,0.0,0.0
2024-12-13 06:16:00-05:00,131.74,131.75,131.74,131.75,0,0.0,0.0
2024-12-13 06:17:00-05:00,131.79,131.79,131.79,131.79,0,0.0,0.0
2024-12-13 06:18:00-05:00,131.82,131.82,131.82,131.82,0,0.0,0.0
2024-12-13 06:19:00-05:00,131.83,131.93,131.83,131.93,0,0.0,0.0
2024-12-13 06:21:00-05:00,131.88,131.94,131.85,131.85,0,0.0,0.0
2024-12-13 06:24:00-05:00,131.8,131.8,131.79,131.79,0,0.0,0.0
2024-12-13 06:25:00-05:00,131.9,131.9,131.84,131.84,0,0.0,0.0
2024-12-13 06:26:00-05:00,131.89,131.89,131.89,131.89,0,0.0,0.0
2024-12-13 06:27:00-05:00,131.84,131.85,131.84,131.85,0,0.0,0.0
2024-12-13 06:29:00-05:00,131.95,131.95,131.95,131.95,0,0.0,0.0
2024-12-13 06:30:00-05:00,131.94,131.94,131.94,131.94,0,0.0,0.0
2024-12-13 06:31:00-05:00,131.93,131.93,131.93,131.93,0,0.0,0.0
2024-12-13 06:32:00-05:00,131.92,131.93,131.9,131.9,0,0.0,0.0
2024-12-13 06:33:00-05:00,131.95,131.95,131.9,131.9,0,0.0,0.0
2024-12-13 06:35:00-05:00,131.94,131.94,131.94,131.94,0,0.0,0.0
2024-12-13 06:36:00-05:00,131.93,131.95,131.93,131.93,0,0.0,0.0
2024-12-13 06:38:00-05:00,131.93,131.96,131.93,131.96,0,0.0,0.0
2024-12-13 06:39:00-05:00,131.96,131.96,131.96,131.96,0,0.0,0.0
2024-12-13 06:40:00-05:00,131.9,131.91,131.8,131.91,0,0.0,0.0
2024-12-13 06:43:00-05:00,131.88,131.91,131.88,131.91,0,0.0,0.0
2024-12-13 06:44:00-05:00,131.94,131.94,131.94,131.94,0,0.0,0.0
2024-12-13 06:46:00-05:00,131.94,131.94,131.94,131.94,0,0.0,0.0
2024-12-13 06:47:00-05:00,131.94,131.94,131.91,131.91,0,0.0,0.0
2024-12-13 06:48:00-05:00,131.85,131.85,131.85,131.85,0,0.0,0.0
2024-12-13 06:49:00-05:00,131.9,131.9,131.9,131.9,0,0.0,0.0
2024-12-13 06:51:00-05:00,131.93,131.93,131.93,131.93,0,0.0,0.0
2024-12-13 06:52:00-05:00,131.86,131.86,131.86,131.86,0,0.0,0.0
2024-12-13 06:53:00-05:00,131.85,131.9,131.85,131.9,0,0.0,0.0
2024-12-13 06:55:00-05:00,131.85,131.85,131.84,131.85,0,0.0,0.0
2024-12-13 06:56:00-05:00,131.85,131.86,131.83,131.84,0,0.0,0.0
2024-12-13 06:58:00-05:00,131.81,131.81,131.56,131.72,0,0.0,0.0
2024-12-13 06:59:00-05:00,131.84,131.84,131.7,131.7,0,0.0,0.0
2024-12-13 07:00:00-05:00,131.82,131.9,131.8,131.89,0,0.0,0.0
2024-12-13 07:01:00-05:00,131.9,132.0,131.9,131.96,0,0.0,0.0
2024-12-13 07:02:00-05:00,132.0,132.07,131.83,131.9,0,0.0,0.0
2024-12-13 07:03:00-05:00,131.95,131.96,131.92,131.92,0,0.0,0.0
2024-12-13 07:04:00-05:00,131.93,132.0,131.93,131.99,0,0.0,0.0
2024-12-13 07:05:00-05:00,131.99,132.05,131.98,132.05,0,0.0,0.0
2024-12-13 07:06:00-05:00,132.07,132.1,132.0,132.0,0,0.0,0.0
2024-12-13 07:07:00-05:00,132.04,132.07,132.03,132.04,0,0.0,0.0
2024-12-13 07:08:00-05:00,132.04,132.11,132.04,132.1,0,0.0,0.0
2024-12-13 07:09:00-05:00,132.07,132.09,132.04,132.08,0,0.0,0.0
2024-12-13 07:10:00-05:00,132.1,132.11,132.07,132.1,0,0.0,0.0
2024-12-13 07:11:00-05:00,132.06,132.06,132.04,132.04,0,0.0,0.0
2024-12-13 07:12:00-05:00,132.01,132.1,132.01,132.05,0,0.0,0.0
2024-12-13 07:13:00-05:00,132.08,132.09,132.08,132.08,0,0.0,0.0
2024-12-13 07:14:00-05:00,132.09,132.1,132.09,132.1,0,0.0,0.0
2024-12-13 07:15:00-05:00,132.15,132.2,132.15,132.17,0,0.0,0.0
2024-12-13 07:16:00-05:00,132.15,132.15,132.15,132.15,0,0.0,0.0
2024-12-13 07:17:00-05:00,132.12,132.14,132.11,132.14,0,0.0,0.0
2024-12-13 07:19:00-05:00,132.1,132.1,132.09,132.1,0,0.0,0.0
2024-12-13 07:20:00-05:00,132.13,132.14,132.13,132.14,0,0.0,0.0
2024-12-13 07:21:00-05:00,132.11,132.14,132.1,132.14,0,0.0,0.0
2024-12-13 07:22:00-05:00,132.12,132.12,132.07,132.1,0,0.0,0.0
2024-12-13 07:23:00-05:00,132.06,132.06,132.05,132.06,0,0.0,0.0
2024-12-13 07:24:00-05:00,132.05,132.05,132.05,132.05,0,0.0,0.0
2024-12-13 07:25:00-05:00,132.07,132.07,132.07,132.07,0,0.0,0.0
2024-12-13 07:26:00-05:00,132.03,132.05,132.03,132.04,0,0.0,0.0
2024-12-13 07:27:00-05:00,132.04,132.11,132.04,132.11,0,0.0,0.0
2024-12-13 07:28:00-05:00,132.08,132.1,132.08,132.1,0,0.0,0.0
2024-12-13 07:29:00-05:00,132.1,132.1,132.09,132.09,0,0.0,0.0
2024-12-13 07:30:00-05:00,132.04,132.04,132.02,132.02,0,0.0,0.0
2024-12-13 07:31:00-05:00,132.07,132.08,131.98,131.98,0,0.0,0.0
2024-12-13 07:32:00-05:00,131.98,132.02,131.98,131.999,0,0.0,0.0
2024-12-13 07:33:00-05:00,131.99,132.02,131.99,132.02,0,0.0,0.0
2024-12-13 07:34:00-05:00,132.02,132.05,132.01,132.04,0,0.0,0.0
2024-12-13 07:35:00-05:00,132.01,132.03,132.0,132.0,0,0.0,0.0
2024-12-13 07:36:00-05:00,132.02,132.03,131.98,132.03,0,0.0,0.0
2024-12-13 07:37:00-05:00,132.02,132.02,131.99,132.02,0,0.0,0.0
2024-12-13 07:38:00-05:00,132.01,132.06,132.01,132.02,0,0.0,0.0
2024-12-13 07:39:00-05:00,132.0,132.01,132.0,132.01,0,0.0,0.0
2024-12-13 07:40:00-05:00,131.99,132.0,131.99,132.0,0,0.0,0.0
2024-12-13 07:41:00-05:00,132.03,132.06,132.03,132.06,0,0.0,0.0
2024-12-13 07:42:00-05:00,132.06,132.08,132.06,132.08,0,0.0,0.0
2024-12-13 07:43:00-05:00,132.1,132.13,132.1,132.13,0,0.0,0.0
2024-12-13 07:44:00-05:00,132.15,132.16,132.15,132.16,0,0.0,0.0
2024-12-13 07:45:00-05:00,132.16,132.22,132.16,132.2,0,0.0,0.0
2024-12-13 07:47:00-05:00,132.18,132.18,132.17,132.17,0,0.0,0.0
2024-12-13 07:48:00-05:00,132.2,132.21,132.17,132.21,0,0.0,0.0
2024-12-13 07:49:00-05:00,132.21,132.21,132.16,132.16,0,0.0,0.0
2024-12-13 07:52:00-05:00,132.28,132.32,132.28,132.32,0,0.0,0.0
2024-12-13 07:53:00-05:00,132.35,132.41,132.35,132.41,0,0.0,0.0
2024-12-13 07:54:00-05:00,132.36,132.36,132.34,132.34,0,0.0,0.0
2024-12-13 07:55:00-05:00,132.39,132.4,132.38,132.4,0,0.0,0.0
2024-12-13 07:56:00-05:00,132.43,132.45,132.4,132.43,0,0.0,0.0
2024-12-13 07:57:00-05:00,132.4,132.44,132.4,132.42,0,0.0,0.0
2024-12-13 07:58:00-05:00,132.41,132.41,132.33,132.38,0,0.0,0.0
2024-12-13 07:59:00-05:00,132.39,132.4,132.38,132.38,0,0.0,0.0
2024-12-13 08:00:00-05:00,131.6287,132.46,131.3583,132.4,0,0.0,0.0
2024-12-13 08:01:00-05:00,132.39,132.43,131.62,132.39,0,0.0,0.0
2024-12-13 08:02:00-05:00,132.35,132.39,132.26,132.3885,0,0.0,0.0
2024-12-13 08:03:00-05:00,132.38,132.38,132.27,132.355,0,0.0,0.0
2024-12-13 08:04:00-05:00,132.38,132.38,132.33,132.36,0,0.0,0.0
2024-12-13 08:05:00-05:00,132.38,132.4,132.33,132.4,0,0.0,0.0
2024-12-13 08:06:00-05:00,132.37,132.4799,132.35,132.4799,0,0.0,0.0
2024-12-13 08:07:00-05:00,132.41,132.54,132.41,132.5,0,0.0,0.0
2024-12-13 08:08:00-05:00,132.515,132.54,132.48,132.48,0,0.0,0.0
2024-12-13 08:09:00-05:00,132.5,132.58,132.48,132.53,0,0.0,0.0
2024-12-13 08:10:00-05:00,132.52,132.64,132.5,132.64,0,0.0,0.0
2024-12-13 08:11:00-05:00,132.6,132.66,132.55,132.64,0,0.0,0.0
2024-12-13 08:12:00-05:00,132.61,132.7,132.55,132.68,0,0.0,0.0
2024-12-13 08:13:00-05:00,132.65,132.68,132.56,132.61,0,0.0,0.0
2024-12-13 08:14:00-05:00,132.56,132.62,132.48,132.48,0,0.0,0.0
2024-12-13 08:15:00-05:00,132.48,132.58,132.48,132.55,0,0.0,0.0
2024-12-13 08:16:00-05:00,132.53,132.66,132.53,132.66,0,0.0,0.0
2024-12-13 08:17:00-05:00,132.61,132.66,132.5,132.5,0,0.0,0.0
2024-12-13 08:18:00-05:00,132.55,132.6,132.5,132.58,0,0.0,0.0
2024-12-13 08:19:00-05:00,132.6001,132.7,132.6,132.66,0,0.0,0.0
2024-12-13 08:20:00-05:00,132.68,132.69,132.6,132.65,0,0.0,0.0
2024-12-13 08:21:00-05:00,132.6,132.69,132.6,132.69,0,0.0,0.0
2024-12-13 08:22:00-05:00,132.6898,132.6898,132.6,132.6,0,0.0,0.0
2024-12-13 08:23:00-05:00,132.65,132.69,132.6,132.65,0,0.0,0.0
2024-12-13 08:24:00-05:00,132.6,132.75,132.6,132.7,0,0.0,0.0
2024-12-13 08:25:00-05:00,132.69,132.74,132.65,132.68,0,0.0,0.0
2024-12-13 08:26:00-05:00,132.69,132.71,132.65,132.69,0,0.0,0.0
2024-12-13 08:27:00-05:00,132.65,132.69,132.6,132.65,0,0.0,0.0
2024-12-13 08:28:00-05:00,132.68,132.68,132.6,132.62,0,0.0,0.0
2024-12-13 08:29:00-05:00,132.62,132.68,132.6,132.68,0,0.0,0.0
2024-12-13 08:30:00-05:00,132.64,132.65,132.6,132.65,0,0.0,0.0
2024-12-13 08:31:00-05:00,132.625,132.7397,132.605,132.69,0,0.0,0.0
2024-12-13 08:32:00-05:00,132.74,132.74,132.64,132.706,0,0.0,0.0
2024-12-13 08:33:00-05:00,132.56,132.71,132.56,132.56,0,0.0,0.0
2024-12-13 08:34:00-05:00,132.62,132.71,132.56,132.685,0,0.0,0.0
2024-12-13 08:35:00-05:00,132.71,132.75,132.65,132.69,0,0.0,0.0
2024-12-13 08:36:00-05:00,132.74,132.74,132.63,132.7,0,0.0,0.0
2024-12-13 08:37:00-05:00,132.7,132.7,132.64,132.64,0,0.0,0.0
2024-12-13 08:38:00-05:00,132.65,132.67,132.5,132.5,0,0.0,0.0
2024-12-13 08:39:00-05:00,132.5,132.6,131.98,132.494,0,0.0,0.0
2024-12-13 08:40:00-05:00,132.34,132.4542,132.09,132.29,0,0.0,0.0
2024-12-13 08:41:00-05:00,132.33,132.34,132.23,132.3,0,0.0,0.0
2024-12-13 08:42:00-05:00,132.33,132.5,132.23,132.44,0,0.0,0.0
2024-12-13 08:43:00-05:00,132.42,132.4569,132.36,132.41,0,0.0,0.0
2024-12-13 08:44:00-05:00,132.43,132.46,132.3,132.35,0,0.0,0.0
2024-12-13 08:45:00-05:00,132.3,132.45,132.3,132.31,0,0.0,0.0
2024-12-13 08:46:00-05:00,132.35,132.44,132.3,132.35,0,0.0,0.0
2024-12-13 08:47:00-05:00,132.37,132.4,132.35,132.4,0,0.0,0.0
2024-12-13 08:48:00-05:00,132.375,132.4,132.3201,132.39,0,0.0,0.0
2024-12-13 08:49:00-05:00,132.3899,132.39,132.2,132.3,0,0.0,0.0
2024-12-13 08:50:00-05:00,132.28,132.39,132.26,132.32,0,0.0,0.0
2024-12-13 08:51:00-05:00,132.29,132.39,132.17,132.17,0,0.0,0.0
2024-12-13 08:52:00-05:00,132.19,132.25,132.1,132.18,0,0.0,0.0
2024-12-13 08:53:00-05:00,132.14,132.25,132.11,132.23,0,0.0,0.0
2024-12-13 08:54:00-05:00,132.3,132.39,132.2,132.39,0,0.0,0.0
2024-12-13 08:55:00-05:00,132.29,132.39,132.25,132.3,0,0.0,0.0
2024-12-13 08:56:00-05:00,132.27,132.38,132.19,132.2999,0,0.0,0.0
2024-12-13 08:57:00-05:00,132.245,132.34,132.19,132.23,0,0.0,0.0
2024-12-13 08:58:00-05:00,132.33,132.35,132.23,132.26,0,0.0,0.0
2024-12-13 08:59:00-05:00,132.29,132.29,131.81,132.23,0,0.0,0.0
2024-12-13 09:00:00-05:00,132.05,132.23,131.95,131.95,0,0.0,0.0
2024-12-13 09:01:00-05:00,131.975,132.05,131.8,131.99,0,0.0,0.0
2024-12-13 09:02:00-05:00,131.88,131.95,130.105,131.85,0,0.0,0.0
2024-12-13 09:03:00-05:00,131.9,132.0,131.801,131.9,0,0.0,0.0
2024-12-13 09:04:00-05:00,131.89,131.95,131.71,131.8,0,0.0,0.0
2024-12-13 09:05:00-05:00,131.8,131.8,131.51,131.69,0,0.0,0.0
2024-12-13 09:06:00-05:00,131.75,131.8,131.6817,131.71,0,0.0,0.0
2024-12-13 09:07:00-05:00,131.75,131.9,131.68,131.859,0,0.0,0.0
2024-12-13 09:08:00-05:00,131.855,131.9,131.8,131.89,0,0.0,0.0
2024-12-13 09:09:00-05:00,131.855,131.89,131.77,131.8,0,0.0,0.0
2024-12-13 09:10:00-05:00,131.8887,131.89,131.74,131.74,0,0.0,0.0
2024-12-13 09:11:00-05:00,131.74,131.8,131.63,131.67,0,0.0,0.0
2024-12-13 09:12:00-05:00,131.65,131.82,131.6383,131.78,0,0.0,0.0
2024-12-13 09:13:00-05:00,131.85,131.85,131.7,131.7012,0,0.0,0.0
2024-12-13 09:14:00-05:00,131.7,131.75,131.6,131.7,0,0.0,0.0
2024-12-13 09:15:00-05:00,131.7,131.75,131.51,131.51,0,0.0,0.0
2024-12-13 09:16:00-05:00,131.5684,131.57,131.4001,131.46,0,0.0,0.0
2024-12-13 09:17:00-05:00,131.455,131.65,131.45,131.49,0,0.0,0.0
2024-12-13 09:18:00-05:00,131.46,131.58,131.46,131.51,0,0.0,0.0
2024-12-13 09:19:00-05:00,131.48,131.72,131.48,131.69,0,0.0,0.0
2024-12-13 09:20:00-05:00,131.72,131.85,131.68,131.8001,0,0.0,0.0
2024-12-13 09:21:00-05:00,131.85,131.87,131.8,131.8,0,0.0,0.0
2024-12-13 09:22:00-05:00,131.8,131.87,131.73,131.79,0,0.0,0.0
2024-12-13 09:23:00-05:00,131.73,131.87,131.73,131.84,0,0.0,0.0
2024-12-13 09:24:00-05:00,131.8386,131.84,131.77,131.84,0,0.0,0.0
2024-12-13 09:25:00-05:00,131.83,131.9774,131.8,131.82,0,0.0,0.0
2024-12-13 09:26:00-05:00,131.84,131.98,131.77,131.79,0,0.0,0.0
2024-12-13 09:27:00-05:00,131.8,131.98,131.51,131.69,0,0.0,0.0
2024-12-13 09:28:00-05:00,131.6,131.61,131.1,131.265,0,0.0,0.0
2024-12-13 09:29:00-05:00,131.29,131.471,131.0,131.015,0,0.0,0.0
2024-12-13 09:30:00-05:00,131.3000030517578,131.3000030517578,129.35000610351562,129.5,2236835,0.0,0.0
2024-12-13 09:31:00-05:00,129.47500610351562,129.78460693359375,128.38999938964844,128.44500732421875,758954,0.0,0.0
2024-12-13 09:32:00-05:00,128.46270751953125,128.86000061035156,127.88009643554688,128.2899932861328,579010,0.0,0.0
2024-12-13 09:33:00-05:00,128.36000061035156,128.85000610351562,128.02000427246094,128.18280029296875,431069,0.0,0.0
2024-12-13 09:34:00-05:00,128.17999267578125,128.66000366210938,128.11000061035156,128.375,421426,0.0,0.0
2024-12-13 09:35:00-05:00,128.3699951171875,128.61990356445312,128.25999450683594,128.5399932861328,310554,0.0,0.0
2024-12-13 09:36:00-05:00,128.57000732421875,129.0,128.5500030517578,128.8800048828125,419028,0.0,0.0
2024-12-13 09:37:00-05:00,128.91000366210938,129.05990600585938,128.10000610351562,128.16000366210938,457193,0.0,0.0
2024-12-13 09:38:00-05:00,128.13999938964844,128.3699951171875,127.875,127.97000122070312,438646,0.0,0.0
2024-12-13 09:39:00-05:00,127.94999694824219,128.16000366210938,127.7500991821289,127.92500305175781,320558,0.0,0.0
2024-12-13 09:40:00-05:00,127.91999816894531,128.14999389648438,127.69999694824219,128.05499267578125,374164,0.0,0.0
2024-12-13 09:41:00-05:00,128.00010681152344,128.5,128.00010681152344,128.44500732421875,280063,0.0,0.0
2024-12-13 09:42:00-05:00,128.43499755859375,128.5583038330078,127.98069763183594,128.34500122070312,326625,0.0,0.0
2024-12-13 09:43:00-05:00,128.32249450683594,128.85000610351562,128.32000732421875,128.7509002685547,207004,0.0,0.0
2024-12-13 09:44:00-05:00,128.75999450683594,128.99000549316406,128.72000122070312,128.9499969482422,233214,0.0,0.0
2024-12-13 09:45:00-05:00,128.97000122070312,129.3000030517578,128.97000122070312,129.22999572753906,339722,0.0,0.0
2024-12-13 09:46:00-05:00,129.22999572753906,129.27999877929688,128.89999389648438,128.92550659179688,241133,0.0,0.0
2024-12-13 09:47:00-05:00,128.9499969482422,129.02999877929688,128.75999450683594,128.81460571289062,314594,0.0,0.0
2024-12-13 09:48:00-05:00,128.8300018310547,129.12989807128906,128.70660400390625,128.8498992919922,151742,0.0,0.0
2024-12-13 09:49:00-05:00,128.82000732421875,128.9199981689453,128.63319396972656,128.8000030517578,143624,0.0,0.0
2024-12-13 09:50:00-05:00,128.77499389648438,128.89999389648438,128.67999267578125,128.7050018310547,156018,0.0,0.0
2024-12-13 09:51:00-05:00,128.7050018310547,128.74000549316406,128.42999267578125,128.72999572753906,205815,0.0,0.0
2024-12-13 09:52:00-05:00,128.789794921875,129.33999633789062,128.7050018310547,129.1699981689453,209178,0.0,0.0
2024-12-13 09:53:00-05:00,129.1558074951172,129.5413055419922,129.0,129.39999389648438,226944,0.0,0.0
2024-12-13 09:54:00-05:00,129.39999389648438,129.58999633789062,129.30050659179688,129.30999755859375,178926,0.0,0.0
2024-12-13 09:55:00-05:00,129.32000732421875,129.57000732421875,129.32000732421875,129.4499969482422,140761,0.0,0.0
2024-12-13 09:56:00-05:00,129.42999267578125,129.6999969482422,129.38999938964844,129.6300048828125,123939,0.0,0.0
2024-12-13 09:57:00-05:00,129.63999938964844,129.91000366210938,129.625,129.89999389648438,149116,0.0,0.0
2024-12-13 09:58:00-05:00,129.88999938964844,129.99000549316406,129.75,129.8800048828125,194405,0.0,0.0
2024-12-13 09:59:00-05:00,129.88999938964844,130.0399932861328,129.6602020263672,129.77999877929688,186548,0.0,0.0
2024-12-13 10:00:00-05:00,129.77999877929688,129.83999633789062,129.1699981689453,129.23289489746094,255270,0.0,0.0
2024-12-13 10:01:00-05:00,129.25100708007812,129.32989501953125,128.94000244140625,128.9499969482422,241658,0.0,0.0
2024-12-13 10:02:00-05:00,128.94700622558594,129.02999877929688,128.83999633789062,128.98629760742188,250464,0.0,0.0
2024-12-13 10:03:00-05:00,128.97999572753906,129.10000610351562,128.72000122070312,129.01499938964844,280526,0.0,0.0
2024-12-13 10:04:00-05:00,129.01649475097656,129.1999969482422,128.97230529785156,129.0753936767578,205734,0.0,0.0
2024-12-13 10:05:00-05:00,129.09500122070312,129.27000427246094,129.0500030517578,129.110107421875,127529,0.0,0.0
2024-12-13 10:06:00-05:00,129.110107421875,129.11160278320312,128.77999877929688,128.7899932861328,181695,0.0,0.0
2024-12-13 10:07:00-05:00,128.82000732421875,128.89999389648438,128.60000610351562,128.75999450683594,183905,0.0,0.0
2024-12-13 10:08:00-05:00,128.75900268554688,128.77749633789062,128.57000732421875,128.6199951171875,109841,0.0,0.0
2024-12-13 10:09:00-05:00,128.6300048828125,128.8000030517578,128.55999755859375,128.72000122070312,84707,0.0,0.0
2024-12-13 10:10:00-05:00,128.6999969482422,128.7899932861328,128.4199981689453,128.5447998046875,229445,0.0,0.0
2024-12-13 10:11:00-05:00,128.5399932861328,128.5500030517578,128.3300018310547,128.35020446777344,179272,0.0,0.0
2024-12-13 10:12:00-05:00,128.35499572753906,128.5126953125,128.3300018310547,128.39999389648438,186247,0.0,0.0
2024-12-13 10:13:00-05:00,128.40499877929688,128.5449981689453,128.35450744628906,128.4199981689453,163675,0.0,0.0
2024-12-13 10:14:00-05:00,128.42999267578125,128.49000549316406,128.17999267578125,128.19000244140625,239043,0.0,0.0
2024-12-13 10:15:00-05:00,128.17999267578125,128.33799743652344,128.11000061035156,128.2310028076172,271705,0.0,0.0
2024-12-13 10:16:00-05:00,128.2100067138672,128.6898956298828,128.14999389648438,128.6699981689453,309467,0.0,0.0
2024-12-13 10:17:00-05:00,128.68260192871094,128.69000244140625,128.41000366210938,128.5478973388672,129015,0.0,0.0
2024-12-13 10:18:00-05:00,128.54750061035156,128.54750061035156,128.22000122070312,128.24000549316406,159670,0.0,0.0
2024-12-13 10:19:00-05:00,128.25,128.25999450683594,127.9000015258789,127.95970153808594,386886,0.0,0.0
2024-12-13 10:20:00-05:00,127.96980285644531,128.11000061035156,127.9000015258789,128.05999755859375,134124,0.0,0.0
2024-12-13 10:21:00-05:00,128.0800018310547,128.24000549316406,128.0,128.07000732421875,108572,0.0,0.0
2024-12-13 10:22:00-05:00,128.10000610351562,128.3000030517578,128.07000732421875,128.1300048828125,110272,0.0,0.0
2024-12-13 10:23:00-05:00,128.1300048828125,128.25,128.0399932861328,128.22999572753906,80738,0.0,0.0
2024-12-13 10:24:00-05:00,128.24000549316406,128.33999633789062,128.1199951171875,128.1699981689453,96192,0.0,0.0
2024-12-13 10:25:00-05:00,128.17799377441406,128.17799377441406,127.9000015258789,127.94170379638672,226177,0.0,0.0
2024-12-13 10:26:00-05:00,127.6050033569336,127.61000061035156,127.5,127.51499938964844,388770,0.0,0.0
2024-12-13 10:27:00-05:00,127.5000991821289,127.52369689941406,127.2500991821289,127.4000015258789,427077,0.0,0.0
2024-12-13 10:28:00-05:00,127.4000015258789,127.47000122070312,127.18000030517578,127.2300033569336,267172,0.0,0.0
2024-12-13 10:29:00-05:00,127.23989868164062,127.3948974609375,127.18000030517578,127.36000061035156,181103,0.0,0.0
2024-12-13 10:30:00-05:00,127.36990356445312,127.4800033569336,127.2500991821289,127.47000122070312,129572,0.0,0.0
2024-12-13 10:31:00-05:00,127.45240020751953,127.59940338134766,127.18000030517578,127.18000030517578,262359,0.0,0.0
2024-12-13 10:32:00-05:00,127.18000030517578,127.2698974609375,126.95999908447266,127.0999984741211,483874,0.0,0.0
2024-12-13 10:33:00-05:00,127.11000061035156,127.12999725341797,126.93000030517578,126.9990005493164,206965,0.0,0.0
2024-12-13 10:34:00-05:00,127.01000213623047,127.08989715576172,126.94999694824219,127.01499938964844,203981,0.0,0.0
2024-12-13 10:35:00-05:00,127.01499938964844,127.22000122070312,127.01000213623047,127.1500015258789,137373,0.0,0.0
2024-12-13 10:36:00-05:00,127.13999938964844,127.21790313720703,126.94999694824219,126.99130249023438,161079,0.0,0.0
2024-12-13 10:37:00-05:00,126.9800033569336,127.02999877929688,126.83999633789062,126.83999633789062,233157,0.0,0.0
2024-12-13 10:38:00-05:00,126.85990142822266,126.9260025024414,126.72000122070312,126.73500061035156,181542,0.0,0.0
2024-12-13 10:39:00-05:00,126.73999786376953,126.89119720458984,126.72000122070312,126.79969787597656,169092,0.0,0.0
2024-12-13 10:40:00-05:00,126.77999877929688,126.86930084228516,126.4219970703125,126.44010162353516,363306,0.0,0.0
2024-12-13 10:41:00-05:00,126.47000122070312,126.5199966430664,126.0999984741211,126.16999816894531,341721,0.0,0.0
2024-12-13 10:42:00-05:00,126.16999816894531,126.2699966430664,125.91000366210938,125.93000030517578,409663,0.0,0.0
2024-12-13 10:43:00-05:00,125.91999816894531,126.06009674072266,125.87999725341797,125.97000122070312,316090,0.0,0.0
2024-12-13 10:44:00-05:00,125.9800033569336,126.23999786376953,125.95760345458984,126.21009826660156,294422,0.0,0.0
2024-12-13 10:45:00-05:00,126.22000122070312,126.32620239257812,126.13999938964844,126.19000244140625,198721,0.0,0.0
2024-12-13 10:46:00-05:00,126.19000244140625,126.45999908447266,126.18199920654297,126.30000305175781,226824,0.0,0.0
2024-12-13 10:47:00-05:00,126.31500244140625,126.47000122070312,126.26000213623047,126.45999908447266,156653,0.0,0.0
2024-12-13 10:48:00-05:00,126.44000244140625,126.5,126.33000183105469,126.41899871826172,161535,0.0,0.0
2024-12-13 10:49:00-05:00,126.4198989868164,126.4739990234375,126.05999755859375,126.08000183105469,257656,0.0,0.0
2024-12-13 10:50:00-05:00,126.08000183105469,126.26000213623047,125.93000030517578,125.96499633789062,309554,0.0,0.0
2024-12-13 10:51:00-05:00,125.97000122070312,126.12950134277344,125.9000015258789,125.90989685058594,145293,0.0,0.0
2024-12-13 10:52:00-05:00,125.91000366210938,126.06999969482422,125.83000183105469,125.8301010131836,174392,0.0,0.0
2024-12-13 10:53:00-05:00,125.83000183105469,125.89910125732422,125.5199966430664,125.66000366210938,383695,0.0,0.0
2024-12-13 10:54:00-05:00,125.66069793701172,125.66999816894531,125.41999816894531,125.49500274658203,331392,0.0,0.0
2024-12-13 10:55:00-05:00,125.51000213623047,125.6989974975586,125.45999908447266,125.62000274658203,199747,0.0,0.0
2024-12-13 10:56:00-05:00,125.66999816894531,125.80000305175781,125.56999969482422,125.80000305175781,148598,0.0,0.0
2024-12-13 10:57:00-05:00,125.80000305175781,125.91000366210938,125.68000030517578,125.69999694824219,175714,0.0,0.0
2024-12-13 10:58:00-05:00,125.70500183105469,125.79000091552734,125.64009857177734,125.68000030517578,93082,0.0,0.0
2024-12-13 10:59:00-05:00,125.69999694824219,125.69999694824219,125.25,125.2699966430664,287467,0.0,0.0
2024-12-13 11:00:00-05:00,125.26000213623047,125.37989807128906,125.0999984741211,125.15499877929688,336042,0.0,0.0
2024-12-13 11:01:00-05:00,125.15499877929688,125.19000244140625,124.7699966430664,125.13999938964844,915972,0.0,0.0
2024-12-13 11:02:00-05:00,125.13600158691406,125.33000183105469,124.91000366210938,125.25,249041,0.0,0.0
2024-12-13 11:03:00-05:00,125.22090148925781,125.4999008178711,125.16000366210938,125.41000366210938,253700,0.0,0.0
2024-12-13 11:04:00-05:00,125.41010284423828,125.4800033569336,125.21009826660156,125.30069732666016,184408,0.0,0.0
2024-12-13 11:05:00-05:00,125.30239868164062,125.54000091552734,125.23059844970703,125.41999816894531,165572,0.0,0.0
2024-12-13 11:06:00-05:00,125.4219970703125,125.49210357666016,125.19999694824219,125.2699966430664,194808,0.0,0.0
2024-12-13 11:07:00-05:00,125.25,125.29000091552734,124.9000015258789,125.02999877929688,228240,0.0,0.0
2024-12-13 11:08:00-05:00,125.02999877929688,125.09130096435547,124.87370300292969,124.8843002319336,185917,0.0,0.0
2024-12-13 11:09:00-05:00,124.88999938964844,125.12000274658203,124.8499984741211,125.0864028930664,174710,0.0,0.0
2024-12-13 11:10:00-05:00,125.0999984741211,125.33000183105469,125.0,125.24340057373047,210378,0.0,0.0
2024-12-13 11:11:00-05:00,125.2699966430664,125.41000366210938,125.23030090332031,125.41000366210938,128232,0.0,0.0
2024-12-13 11:12:00-05:00,125.4188003540039,125.48999786376953,125.25,125.30999755859375,173853,0.0,0.0
2024-12-13 11:13:00-05:00,125.3125,125.37000274658203,125.19999694824219,125.33000183105469,129117,0.0,0.0
2024-12-13 11:14:00-05:00,125.33000183105469,125.37000274658203,124.9800033569336,125.04499816894531,279772,0.0,0.0
2024-12-13 11:15:00-05:00,125.04000091552734,125.375,125.02999877929688,125.37470245361328,170487,0.0,0.0
2024-12-13 11:16:00-05:00,125.36499786376953,125.66000366210938,125.30670166015625,125.54869842529297,184446,0.0,0.0
2024-12-13 11:17:00-05:00,125.52999877929688,125.81999969482422,125.52999877929688,125.79000091552734,175100,0.0,0.0
2024-12-13 11:18:00-05:00,125.78500366210938,125.81999969482422,125.58999633789062,125.69499969482422,145405,0.0,0.0
2024-12-13 11:19:00-05:00,125.69999694824219,125.91999816894531,125.58999633789062,125.90979766845703,137141,0.0,0.0
2024-12-13 11:20:00-05:00,125.88999938964844,125.99510192871094,125.80000305175781,125.86119842529297,168291,0.0,0.0
2024-12-13 11:21:00-05:00,125.86499786376953,125.86499786376953,125.76000213623047,125.80999755859375,120416,0.0,0.0
2024-12-13 11:22:00-05:00,125.81800079345703,125.83999633789062,125.74009704589844,125.80000305175781,102208,0.0,0.0
2024-12-13 11:23:00-05:00,125.83000183105469,125.83999633789062,125.65010070800781,125.80999755859375,84632,0.0,0.0
2024-12-13 11:24:00-05:00,125.80999755859375,125.8499984741211,125.7300033569336,125.82499694824219,113560,0.0,0.0
2024-12-13 11:25:00-05:00,125.83000183105469,125.92539978027344,125.70999908447266,125.72000122070312,112976,0.0,0.0
2024-12-13 11:26:00-05:00,125.72000122070312,125.84500122070312,125.66000366210938,125.82219696044922,84528,0.0,0.0
2024-12-13 11:27:00-05:00,125.83000183105469,125.88999938964844,125.7300033569336,125.86399841308594,71462,0.0,0.0
2024-12-13 11:28:00-05:00,125.8499984741211,126.15470123291016,125.80000305175781,126.0999984741211,147934,0.0,0.0
2024-12-13 11:29:00-05:00,126.11000061035156,126.19000244140625,126.04209899902344,126.1500015258789,91043,0.0,0.0
2024-12-13 11:30:00-05:00,126.13999938964844,126.4093017578125,126.12000274658203,126.38999938964844,177139,0.0,0.0
2024-12-13 11:31:00-05:00,126.3949966430664,126.44000244140625,126.27999877929688,126.38999938964844,173655,0.0,0.0
2024-12-13 11:32:00-05:00,126.37999725341797,126.58000183105469,126.33000183105469,126.55000305175781,148798,0.0,0.0
2024-12-13 11:33:00-05:00,126.5199966430664,126.76860046386719,126.51000213623047,126.63999938964844,143043,0.0,0.0
2024-12-13 11:34:00-05:00,126.66000366210938,126.87999725341797,126.61000061035156,126.83000183105469,158264,0.0,0.0
2024-12-13 11:35:00-05:00,126.8499984741211,126.86039733886719,126.62999725341797,126.68000030517578,149969,0.0,0.0
2024-12-13 11:36:00-05:00,126.71990203857422,126.77989959716797,126.66000366210938,126.71240234375,92576,0.0,0.0
2024-12-13 11:37:00-05:00,126.70999908447266,126.83999633789062,126.59510040283203,126.63999938964844,118901,0.0,0.0
2024-12-13 11:38:00-05:00,126.62999725341797,126.63999938964844,126.52420043945312,126.56800079345703,178522,0.0,0.0
2024-12-13 11:39:00-05:00,126.56999969482422,126.63999938964844,126.45999908447266,126.5199966430664,1477900,0.0,0.0
2024-12-13 11:40:00-05:00,126.53299713134766,126.5999984741211,126.3499984741211,126.41010284423828,182584,0.0,0.0
2024-12-13 11:41:00-05:00,126.41000366210938,126.87999725341797,126.41000366210938,126.87000274658203,126208,0.0,0.0
2024-12-13 11:42:00-05:00,126.86990356445312,126.99500274658203,126.7699966430664,126.97000122070312,133908,0.0,0.0
2024-12-13 11:43:00-05:00,126.97010040283203,127.04789733886719,126.9000015258789,127.04000091552734,114380,0.0,0.0
2024-12-13 11:44:00-05:00,127.04000091552734,127.12999725341797,126.81999969482422,126.85150146484375,135233,0.0,0.0
2024-12-13 11:45:00-05:00,126.81999969482422,126.94989776611328,126.81649780273438,126.86009979248047,73007,0.0,0.0
2024-12-13 11:46:00-05:00,126.87999725341797,127.04989624023438,126.87010192871094,126.93260192871094,60566,0.0,0.0
2024-12-13 11:47:00-05:00,126.94010162353516,127.03990173339844,126.92040252685547,127.01000213623047,89669,0.0,0.0
2024-12-13 11:48:00-05:00,127.01000213623047,127.02999877929688,126.94000244140625,126.9800033569336,80477,0.0,0.0
2024-12-13 11:49:00-05:00,126.97000122070312,126.98509979248047,126.83999633789062,126.97000122070312,79071,0.0,0.0
2024-12-13 11:50:00-05:00,126.94619750976562,127.05000305175781,126.83999633789062,126.94000244140625,68250,0.0,0.0
2024-12-13 11:51:00-05:00,126.93060302734375,127.23729705810547,126.9219970703125,127.2300033569336,149437,0.0,0.0
2024-12-13 11:52:00-05:00,127.22000122070312,127.30000305175781,127.19999694824219,127.23870086669922,159579,0.0,0.0
2024-12-13 11:53:00-05:00,127.22000122070312,127.34989929199219,127.16000366210938,127.31999969482422,206888,0.0,0.0
2024-12-13 11:54:00-05:00,127.29010009765625,127.33000183105469,127.16629791259766,127.243896484375,79168,0.0,0.0
2024-12-13 11:55:00-05:00,127.24210357666016,127.44000244140625,127.2301025390625,127.35459899902344,132627,0.0,0.0
2024-12-13 11:56:00-05:00,127.3499984741211,127.43000030517578,127.21009826660156,127.26000213623047,89358,0.0,0.0
2024-12-13 11:57:00-05:00,127.26370239257812,127.2699966430664,127.16230010986328,127.24500274658203,209251,0.0,0.0
2024-12-13 11:58:00-05:00,127.2300033569336,127.2300033569336,127.02999877929688,127.06510162353516,89551,0.0,0.0
2024-12-13 11:59:00-05:00,127.08000183105469,127.4207992553711,127.05999755859375,127.41500091552734,80145,0.0,0.0
2024-12-13 12:00:00-05:00,127.4000015258789,127.51000213623047,127.36000061035156,127.43000030517578,93898,0.0,0.0
2024-12-13 12:01:00-05:00,127.42510223388672,127.44000244140625,127.30999755859375,127.40499877929688,95906,0.0,0.0
2024-12-13 12:02:00-05:00,127.41999816894531,127.47000122070312,127.22000122070312,127.31620025634766,123401,0.0,0.0
2024-12-13 12:03:00-05:00,127.31999969482422,127.48989868164062,127.27999877929688,127.4749984741211,93272,0.0,0.0
2024-12-13 12:04:00-05:00,127.47100067138672,127.48989868164062,127.29000091552734,127.45999908447266,134459,0.0,0.0
2024-12-13 12:05:00-05:00,127.44999694824219,127.54000091552734,127.41000366210938,127.51499938964844,76736,0.0,0.0
2024-12-13 12:06:00-05:00,127.51499938964844,127.54000091552734,127.4000015258789,127.52999877929688,64412,0.0,0.0
2024-12-13 12:07:00-05:00,127.5363998413086,127.54000091552734,127.27100372314453,127.44139862060547,109143,0.0,0.0
2024-12-13 12:08:00-05:00,127.44000244140625,127.48500061035156,127.37999725341797,127.37999725341797,44958,0.0,0.0
2024-12-13 12:09:00-05:00,127.37590026855469,127.41999816894531,127.16999816894531,127.2301025390625,147527,0.0,0.0
2024-12-13 12:10:00-05:00,127.25,127.38999938964844,127.22010040283203,127.30999755859375,131393,0.0,0.0
2024-12-13 12:11:00-05:00,127.33999633789062,127.37999725341797,127.16000366210938,127.27999877929688,191195,0.0,0.0
2024-12-13 12:12:00-05:00,127.25299835205078,127.29000091552734,127.05000305175781,127.0999984741211,113735,0.0,0.0
2024-12-13 12:13:00-05:00,127.0999984741211,127.12000274658203,126.8634033203125,126.92939758300781,168424,0.0,0.0
2024-12-13 12:14:00-05:00,126.87090301513672,127.04000091552734,126.86499786376953,127.01000213623047,75373,0.0,0.0
2024-12-13 12:15:00-05:00,127.01460266113281,127.02989959716797,126.80999755859375,126.80999755859375,71603,0.0,0.0
2024-12-13 12:16:00-05:00,126.83000183105469,126.83000183105469,126.61000061035156,126.68000030517578,114555,0.0,0.0
2024-12-13 12:17:00-05:00,126.69000244140625,126.7699966430664,126.68000030517578,126.74320220947266,58150,0.0,0.0
2024-12-13 12:18:00-05:00,126.76529693603516,126.80000305175781,126.55999755859375,126.66999816894531,59576,0.0,0.0
2024-12-13 12:19:00-05:00,126.66999816894531,126.9000015258789,126.6603012084961,126.81999969482422,108349,0.0,0.0
2024-12-13 12:20:00-05:00,126.8198013305664,126.8458023071289,126.66010284423828,126.72000122070312,755905,0.0,0.0
2024-12-13 12:21:00-05:00,126.69499969482422,126.70999908447266,126.41000366210938,126.45999908447266,127481,0.0,0.0
2024-12-13 12:22:00-05:00,126.4406967163086,126.44999694824219,126.25340270996094,126.27999877929688,97933,0.0,0.0
2024-12-13 12:23:00-05:00,126.26499938964844,126.30000305175781,126.12999725341797,126.12999725341797,106646,0.0,0.0
2024-12-13 12:24:00-05:00,126.13600158691406,126.4000015258789,126.11000061035156,126.31999969482422,159566,0.0,0.0
2024-12-13 12:25:00-05:00,126.3499984741211,126.41999816894531,126.28009796142578,126.39459991455078,63417,0.0,0.0
2024-12-13 12:26:00-05:00,126.40290069580078,126.41329956054688,126.27999877929688,126.32499694824219,50234,0.0,0.0
2024-12-13 12:27:00-05:00,126.32499694824219,126.32499694824219,126.15010070800781,126.27999877929688,84917,0.0,0.0
2024-12-13 12:28:00-05:00,126.28500366210938,126.33499908447266,126.2249984741211,126.25,48594,0.0,0.0
2024-12-13 12:29:00-05:00,126.2572021484375,126.26000213623047,126.16999816894531,126.19770050048828,125826,0.0,0.0
2024-12-13 12:30:00-05:00,126.19000244140625,126.30000305175781,126.1769027709961,126.30000305175781,82883,0.0,0.0
2024-12-13 12:31:00-05:00,126.30000305175781,126.30000305175781,126.16000366210938,126.2300033569336,87664,0.0,0.0
2024-12-13 12:32:00-05:00,126.22000122070312,126.24400329589844,126.08999633789062,126.21499633789062,112654,0.0,0.0
2024-12-13 12:33:00-05:00,126.21739959716797,126.25,126.1500015258789,126.21990203857422,61911,0.0,0.0
2024-12-13 12:34:00-05:00,126.20999908447266,126.27999877929688,126.0999984741211,126.11000061035156,92463,0.0,0.0
2024-12-13 12:35:00-05:00,126.0999984741211,126.27999877929688,126.05010223388672,126.26000213623047,104244,0.0,0.0
2024-12-13 12:36:00-05:00,126.24859619140625,126.25650024414062,126.11699676513672,126.19960021972656,40726,0.0,0.0
2024-12-13 12:37:00-05:00,126.18060302734375,126.19000244140625,126.05000305175781,126.06400299072266,61297,0.0,0.0
2024-12-13 12:38:00-05:00,126.05999755859375,126.0999984741211,126.0,126.08999633789062,75297,0.0,0.0
2024-12-13 12:39:00-05:00,126.0999984741211,126.0999984741211,126.0,126.06770324707031,485350,0.0,0.0
2024-12-13 12:40:00-05:00,126.06999969482422,126.06999969482422,125.80999755859375,125.80999755859375,141845,0.0,0.0
2024-12-13 12:41:00-05:00,125.80500030517578,126.0,125.80500030517578,125.9219970703125,55833,0.0,0.0
2024-12-13 12:42:00-05:00,125.93000030517578,126.0,125.85759735107422,125.85759735107422,321242,0.0,0.0
2024-12-13 12:43:00-05:00,125.87999725341797,125.91999816894531,125.81999969482422,125.91999816894531,61118,0.0,0.0
2024-12-13 12:44:00-05:00,125.92500305175781,125.9800033569336,125.86299896240234,125.9000015258789,52805,0.0,0.0
2024-12-13 12:45:00-05:00,125.89009857177734,125.95800018310547,125.83999633789062,125.95800018310547,37636,0.0,0.0
2024-12-13 12:46:00-05:00,125.96499633789062,126.0,125.87000274658203,125.87999725341797,90072,0.0,0.0
2024-12-13 12:47:00-05:00,125.88990020751953,125.88990020751953,125.72000122070312,125.84989929199219,118693,0.0,0.0
2024-12-13 12:48:00-05:00,125.83999633789062,125.83999633789062,125.69280242919922,125.75,82363,0.0,0.0
2024-12-13 12:49:00-05:00,125.73999786376953,125.87770080566406,125.73999786376953,125.87770080566406,112442,0.0,0.0
2024-12-13 12:50:00-05:00,125.87999725341797,125.87999725341797,125.71659851074219,125.86000061035156,87627,0.0,0.0
2024-12-13 12:51:00-05:00,125.87000274658203,126.2229995727539,125.86000061035156,126.2229995727539,137468,0.0,0.0
2024-12-13 12:52:00-05:00,126.20690155029297,126.21990203857422,126.02999877929688,126.12030029296875,112057,0.0,0.0
2024-12-13 12:53:00-05:00,126.12000274658203,126.12999725341797,125.94999694824219,126.0250015258789,110833,0.0,0.0
2024-12-13 12:54:00-05:00,126.0199966430664,126.12989807128906,125.8499984741211,125.85009765625,127646,0.0,0.0
2024-12-13 12:55:00-05:00,125.86000061035156,126.1698989868164,125.83000183105469,126.03700256347656,120792,0.0,0.0
2024-12-13 12:56:00-05:00,126.06269836425781,126.1281967163086,126.01000213623047,126.07499694824219,62913,0.0,0.0
2024-12-13 12:57:00-05:00,126.07499694824219,126.08999633789062,125.81999969482422,125.86229705810547,93950,0.0,0.0
2024-12-13 12:58:00-05:00,125.8499984741211,125.9896011352539,125.8499984741211,125.92680358886719,49783,0.0,0.0
2024-12-13 12:59:00-05:00,125.94000244140625,125.94000244140625,125.81999969482422,125.85559844970703,53241,0.0,0.0
2024-12-13 13:00:00-05:00,125.8550033569336,125.94619750976562,125.80999755859375,125.94000244140625,54753,0.0,0.0
2024-12-13 13:01:00-05:00,125.93229675292969,126.2300033569336,125.85169982910156,126.19989776611328,90687,0.0,0.0
2024-12-13 13:02:00-05:00,126.18000030517578,126.23999786376953,126.0999984741211,126.12000274658203,78323,0.0,0.0
2024-12-13 13:03:00-05:00,126.12999725341797,126.16999816894531,126.06009674072266,126.16000366210938,41103,0.0,0.0
2024-12-13 13:04:00-05:00,126.1875991821289,126.2499008178711,126.10199737548828,126.12000274658203,85760,0.0,0.0
2024-12-13 13:05:00-05:00,126.12000274658203,126.19999694824219,126.05999755859375,126.16609954833984,78809,0.0,0.0
2024-12-13 13:06:00-05:00,126.1708984375,126.27989959716797,126.16999816894531,126.24490356445312,67223,0.0,0.0
2024-12-13 13:07:00-05:00,126.23989868164062,126.32080078125,126.18499755859375,126.2699966430664,136149,0.0,0.0
2024-12-13 13:08:00-05:00,126.26000213623047,126.33999633789062,126.16000366210938,126.19000244140625,76616,0.0,0.0
2024-12-13 13:09:00-05:00,126.18000030517578,126.20989990234375,126.09210205078125,126.1104965209961,57822,0.0,0.0
2024-12-13 13:10:00-05:00,126.11219787597656,126.20999908447266,126.11219787597656,126.1500015258789,39233,0.0,0.0
2024-12-13 13:11:00-05:00,126.1500015258789,126.16000366210938,126.0,126.125,94981,0.0,0.0
2024-12-13 13:12:00-05:00,126.12000274658203,126.27980041503906,126.12000274658203,126.26339721679688,64952,0.0,0.0
2024-12-13 13:13:00-05:00,126.25,126.41649627685547,126.25,126.27989959716797,53293,0.0,0.0
2024-12-13 13:14:00-05:00,126.2699966430664,126.31060028076172,126.19999694824219,126.2300033569336,50093,0.0,0.0
2024-12-13 13:15:00-05:00,126.2300033569336,126.33999633789062,126.16000366210938,126.322998046875,56646,0.0,0.0
2024-12-13 13:16:00-05:00,126.32160186767578,126.32160186767578,126.16000366210938,126.17500305175781,45356,0.0,0.0
2024-12-13 13:17:00-05:00,126.16999816894531,126.22000122070312,126.12000274658203,126.17369842529297,64329,0.0,0.0
2024-12-13 13:18:00-05:00,126.16500091552734,126.19999694824219,126.04000091552734,126.08999633789062,64513,0.0,0.0
2024-12-13 13:19:00-05:00,126.08000183105469,126.08000183105469,125.91130065917969,125.95999908447266,694406,0.0,0.0
2024-12-13 13:20:00-05:00,125.94000244140625,125.97000122070312,125.8499984741211,125.87999725341797,82082,0.0,0.0
2024-12-13 13:21:00-05:00,125.86000061035156,125.89830017089844,125.55999755859375,125.55999755859375,228461,0.0,0.0
2024-12-13 13:22:00-05:00,125.55000305175781,125.7249984741211,125.52999877929688,125.63999938964844,103307,0.0,0.0
2024-12-13 13:23:00-05:00,125.62000274658203,125.63990020751953,125.52999877929688,125.56999969482422,65231,0.0,0.0
2024-12-13 13:24:00-05:00,125.56999969482422,125.57769775390625,125.5,125.53990173339844,122425,0.0,0.0
2024-12-13 13:25:00-05:00,125.53170013427734,125.63639831542969,125.5199966430664,125.56749725341797,88028,0.0,0.0
2024-12-13 13:26:00-05:00,125.55999755859375,125.66999816894531,125.55829620361328,125.63999938964844,60715,0.0,0.0
2024-12-13 13:27:00-05:00,125.63999938964844,125.86000061035156,125.63999938964844,125.81999969482422,99651,0.0,0.0
2024-12-13 13:28:00-05:00,125.80999755859375,125.88999938964844,125.79000091552734,125.8301010131836,94469,0.0,0.0
2024-12-13 13:29:00-05:00,125.83999633789062,125.91470336914062,125.80059814453125,125.8749008178711,360000,0.0,0.0
2024-12-13 13:30:00-05:00,125.88999938964844,125.9800033569336,125.76499938964844,125.87010192871094,107743,0.0,0.0
2024-12-13 13:31:00-05:00,125.87000274658203,126.06999969482422,125.87000274658203,125.92389678955078,113635,0.0,0.0
2024-12-13 13:32:00-05:00,125.91999816894531,125.9469985961914,125.83000183105469,125.83000183105469,51266,0.0,0.0
2024-12-13 13:33:00-05:00,125.80000305175781,125.83989715576172,125.75,125.7699966430664,53969,0.0,0.0
2024-12-13 13:34:00-05:00,125.77400207519531,125.87149810791016,125.73999786376953,125.81500244140625,57786,0.0,0.0
2024-12-13 13:35:00-05:00,125.83000183105469,126.02120208740234,125.77999877929688,125.99500274658203,64605,0.0,0.0
2024-12-13 13:36:00-05:00,126.01750183105469,126.05999755859375,125.9052963256836,125.91999816894531,53150,0.0,0.0
2024-12-13 13:37:00-05:00,125.91999816894531,126.05500030517578,125.91500091552734,125.98999786376953,63116,0.0,0.0
2024-12-13 13:38:00-05:00,125.98999786376953,126.04000091552734,125.95010375976562,125.98999786376953,40348,0.0,0.0
2024-12-13 13:39:00-05:00,125.98470306396484,126.0,125.91999816894531,125.98999786376953,42712,0.0,0.0
2024-12-13 13:40:00-05:00,125.98999786376953,125.99620056152344,125.91999816894531,125.91999816894531,31824,0.0,0.0
2024-12-13 13:41:00-05:00,125.9000015258789,125.9530029296875,125.9000015258789,125.94380187988281,49085,0.0,0.0
2024-12-13 13:42:00-05:00,125.94989776611328,125.94999694824219,125.80999755859375,125.845703125,67254,0.0,0.0
2024-12-13 13:43:00-05:00,125.8386001586914,125.88999938964844,125.66000366210938,125.72000122070312,113556,0.0,0.0
2024-12-13 13:44:00-05:00,125.73500061035156,125.8499984741211,125.73500061035156,125.79000091552734,57944,0.0,0.0
2024-12-13 13:45:00-05:00,125.79000091552734,125.87999725341797,125.79000091552734,125.87999725341797,56519,0.0,0.0
2024-12-13 13:46:00-05:00,125.92990112304688,125.93000030517578,125.81999969482422,125.92990112304688,118709,0.0,0.0
2024-12-13 13:47:00-05:00,125.91500091552734,126.03990173339844,125.86499786376953,125.9801025390625,94324,0.0,0.0
2024-12-13 13:48:00-05:00,125.99500274658203,126.04000091552734,125.90260314941406,125.91000366210938,69355,0.0,0.0
2024-12-13 13:49:00-05:00,125.91999816894531,125.95989990234375,125.86029815673828,125.87899780273438,46094,0.0,0.0
2024-12-13 13:50:00-05:00,125.87210083007812,125.91999816894531,125.80999755859375,125.91000366210938,41595,0.0,0.0
2024-12-13 13:51:00-05:00,125.918701171875,125.9800033569336,125.918701171875,125.97000122070312,45242,0.0,0.0
2024-12-13 13:52:00-05:00,125.9800033569336,126.0,125.91999816894531,125.94120025634766,35628,0.0,0.0
2024-12-13 13:53:00-05:00,125.94000244140625,125.94000244140625,125.80000305175781,125.80999755859375,70934,0.0,0.0
2024-12-13 13:54:00-05:00,125.80999755859375,125.86000061035156,125.80000305175781,125.8499984741211,113736,0.0,0.0
2024-12-13 13:55:00-05:00,125.8499984741211,125.86000061035156,125.76000213623047,125.77999877929688,71989,0.0,0.0
2024-12-13 13:56:00-05:00,125.77999877929688,125.77999877929688,125.69999694824219,125.7300033569336,107035,0.0,0.0
2024-12-13 13:57:00-05:00,125.76000213623047,125.76000213623047,125.61000061035156,125.6322021484375,97642,0.0,0.0
2024-12-13 13:58:00-05:00,125.63999938964844,125.65989685058594,125.61000061035156,125.63500213623047,62360,0.0,0.0
2024-12-13 13:59:00-05:00,125.63999938964844,125.689697265625,125.62000274658203,125.62999725341797,55780,0.0,0.0
2024-12-13 14:00:00-05:00,125.62999725341797,125.69000244140625,125.45999908447266,125.50499725341797,211829,0.0,0.0
2024-12-13 14:01:00-05:00,125.5082015991211,125.56449890136719,125.4800033569336,125.4800033569336,78938,0.0,0.0
2024-12-13 14:02:00-05:00,125.489501953125,125.56999969482422,125.45999908447266,125.52999877929688,1298349,0.0,0.0
2024-12-13 14:03:00-05:00,125.53500366210938,125.58999633789062,125.48999786376953,125.51000213623047,131286,0.0,0.0
2024-12-13 14:04:00-05:00,125.506103515625,125.63619995117188,125.48999786376953,125.61000061035156,118367,0.0,0.0
2024-12-13 14:05:00-05:00,125.5999984741211,125.72000122070312,125.59040069580078,125.66999816894531,88791,0.0,0.0
2024-12-13 14:06:00-05:00,125.69999694824219,125.83999633789062,125.67549896240234,125.82009887695312,66172,0.0,0.0
2024-12-13 14:07:00-05:00,125.82260131835938,125.87000274658203,125.68000030517578,125.69999694824219,49865,0.0,0.0
2024-12-13 14:08:00-05:00,125.6948013305664,125.75990295410156,125.69000244140625,125.7300033569336,39479,0.0,0.0
2024-12-13 14:09:00-05:00,125.7300033569336,125.76000213623047,125.63999938964844,125.69499969482422,63121,0.0,0.0
2024-12-13 14:10:00-05:00,125.69499969482422,125.77999877929688,125.63999938964844,125.70999908447266,64613,0.0,0.0
2024-12-13 14:11:00-05:00,125.69000244140625,125.71410369873047,125.62999725341797,125.66999816894531,41155,0.0,0.0
2024-12-13 14:12:00-05:00,125.68499755859375,125.76000213623047,125.62000274658203,125.65760040283203,91586,0.0,0.0
2024-12-13 14:13:00-05:00,125.63999938964844,125.91999816894531,125.58100128173828,125.87010192871094,578904,0.0,0.0
2024-12-13 14:14:00-05:00,125.87000274658203,125.87000274658203,125.7699966430664,125.79499816894531,82467,0.0,0.0
2024-12-13 14:15:00-05:00,125.79859924316406,125.83000183105469,125.74710083007812,125.7699966430664,57354,0.0,0.0
2024-12-13 14:16:00-05:00,125.7699966430664,125.91000366210938,125.7699966430664,125.91000366210938,227359,0.0,0.0
2024-12-13 14:17:00-05:00,125.9000015258789,125.94999694824219,125.88999938964844,125.93499755859375,136569,0.0,0.0
2024-12-13 14:18:00-05:00,125.94000244140625,126.0199966430664,125.91000366210938,125.96499633789062,76231,0.0,0.0
2024-12-13 14:19:00-05:00,125.96499633789062,126.0999984741211,125.96499633789062,126.08999633789062,224552,0.0,0.0
2024-12-13 14:20:00-05:00,126.08499908447266,126.1500015258789,126.01190185546875,126.04000091552734,72268,0.0,0.0
2024-12-13 14:21:00-05:00,126.04000091552734,126.25,126.03009796142578,126.17739868164062,61747,0.0,0.0
2024-12-13 14:22:00-05:00,126.18000030517578,126.29910278320312,126.16000366210938,126.27749633789062,83319,0.0,0.0
2024-12-13 14:23:00-05:00,126.29000091552734,126.29000091552734,126.23999786376953,126.26000213623047,223634,0.0,0.0
2024-12-13 14:24:00-05:00,126.26000213623047,126.30000305175781,126.16000366210938,126.18000030517578,196011,0.0,0.0
2024-12-13 14:25:00-05:00,126.18499755859375,126.22989654541016,126.12999725341797,126.19999694824219,40289,0.0,0.0
2024-12-13 14:26:00-05:00,126.1875991821289,126.19999694824219,125.98500061035156,126.02469635009766,104385,0.0,0.0
2024-12-13 14:27:00-05:00,126.02839660644531,126.08000183105469,126.0000991821289,126.05999755859375,40390,0.0,0.0
2024-12-13 14:28:00-05:00,126.07270050048828,126.16000366210938,126.06999969482422,126.07499694824219,59305,0.0,0.0
2024-12-13 14:29:00-05:00,126.08000183105469,126.0999984741211,126.01000213623047,126.05999755859375,50442,0.0,0.0
2024-12-13 14:30:00-05:00,126.08699798583984,126.18000030517578,126.06999969482422,126.14250183105469,39268,0.0,0.0
2024-12-13 14:31:00-05:00,126.14990234375,126.26000213623047,126.11000061035156,126.2249984741211,108654,0.0,0.0
2024-12-13 14:32:00-05:00,126.22090148925781,126.37000274658203,126.11000061035156,126.17500305175781,189917,0.0,0.0
2024-12-13 14:33:00-05:00,126.16999816894531,126.16999816894531,125.98999786376953,126.02980041503906,98178,0.0,0.0
2024-12-13 14:34:00-05:00,126.029296875,126.08000183105469,125.87999725341797,125.89859771728516,80248,0.0,0.0
2024-12-13 14:35:00-05:00,125.9000015258789,125.91000366210938,125.84010314941406,125.8550033569336,47843,0.0,0.0
2024-12-13 14:36:00-05:00,125.8550033569336,125.87989807128906,125.76000213623047,125.8656997680664,65282,0.0,0.0
2024-12-13 14:37:00-05:00,125.87799835205078,125.92019653320312,125.80999755859375,125.9000015258789,51582,0.0,0.0
2024-12-13 14:38:00-05:00,125.91999816894531,125.92769622802734,125.87000274658203,125.87000274658203,50468,0.0,0.0
2024-12-13 14:39:00-05:00,125.87000274658203,125.90299987792969,125.80000305175781,125.81999969482422,58899,0.0,0.0
2024-12-13 14:40:00-05:00,125.81999969482422,125.83999633789062,125.75,125.8333969116211,74443,0.0,0.0
2024-12-13 14:41:00-05:00,125.82279968261719,125.87999725341797,125.75,125.7699966430664,55961,0.0,0.0
2024-12-13 14:42:00-05:00,125.7750015258789,125.86000061035156,125.7750015258789,125.83000183105469,50077,0.0,0.0
2024-12-13 14:43:00-05:00,125.8499984741211,125.88999938964844,125.76000213623047,125.78990173339844,60070,0.0,0.0
2024-12-13 14:44:00-05:00,125.79000091552734,125.80000305175781,125.68000030517578,125.76270294189453,74332,0.0,0.0
2024-12-13 14:45:00-05:00,125.76969909667969,125.83049774169922,125.76000213623047,125.80999755859375,58553,0.0,0.0
2024-12-13 14:46:00-05:00,125.80000305175781,125.81999969482422,125.72000122070312,125.73999786376953,64796,0.0,0.0
2024-12-13 14:47:00-05:00,125.7300033569336,125.74500274658203,125.5999984741211,125.69000244140625,77965,0.0,0.0
2024-12-13 14:48:00-05:00,125.69499969482422,125.69999694824219,125.56999969482422,125.5999984741211,74514,0.0,0.0
2024-12-13 14:49:00-05:00,125.61000061035156,125.6500015258789,125.55000305175781,125.63279724121094,84385,0.0,0.0
2024-12-13 14:50:00-05:00,125.62999725341797,125.88999938964844,125.62999725341797,125.86000061035156,79153,0.0,0.0
2024-12-13 14:51:00-05:00,125.86000061035156,125.88990020751953,125.78350067138672,125.875,53925,0.0,0.0
2024-12-13 14:52:00-05:00,125.86360168457031,126.0,125.86360168457031,125.88999938964844,119076,0.0,0.0
2024-12-13 14:53:00-05:00,125.88999938964844,126.0,125.88999938964844,125.99870300292969,44921,0.0,0.0
2024-12-13 14:54:00-05:00,126.0,126.04000091552734,125.94999694824219,125.95999908447266,54084,0.0,0.0
2024-12-13 14:55:00-05:00,125.95999908447266,125.96369934082031,125.87999725341797,125.87999725341797,41867,0.0,0.0
2024-12-13 14:56:00-05:00,125.83499908447266,125.87899780273438,125.76010131835938,125.77999877929688,69667,0.0,0.0
2024-12-13 14:57:00-05:00,125.77850341796875,125.8595962524414,125.7300033569336,125.79000091552734,53615,0.0,0.0
2024-12-13 14:58:00-05:00,125.8093032836914,125.86000061035156,125.78399658203125,125.86000061035156,62956,0.0,0.0
2024-12-13 14:59:00-05:00,125.84500122070312,125.885498046875,125.80999755859375,125.8550033569336,38290,0.0,0.0
2024-12-13 15:00:00-05:00,125.86799621582031,126.01290130615234,125.81999969482422,126.0,47932,0.0,0.0
2024-12-13 15:01:00-05:00,126.00499725341797,126.02999877929688,125.93579864501953,126.02999877929688,51659,0.0,0.0
2024-12-13 15:02:00-05:00,126.04000091552734,126.06999969482422,125.95500183105469,126.06590270996094,79763,0.0,0.0
2024-12-13 15:03:00-05:00,126.06600189208984,126.06620025634766,125.94999694824219,126.05000305175781,66068,0.0,0.0
2024-12-13 15:04:00-05:00,126.05000305175781,126.05999755859375,125.9823989868164,126.04000091552734,53032,0.0,0.0
2024-12-13 15:05:00-05:00,126.05000305175781,126.08000183105469,126.0,126.01000213623047,68451,0.0,0.0
2024-12-13 15:06:00-05:00,126.01920318603516,126.06999969482422,125.95999908447266,126.0,59740,0.0,0.0
2024-12-13 15:07:00-05:00,126.01000213623047,126.12999725341797,126.0000991821289,126.08999633789062,74067,0.0,0.0
2024-12-13 15:08:00-05:00,126.08000183105469,126.12000274658203,126.03500366210938,126.04000091552734,101816,0.0,0.0
2024-12-13 15:09:00-05:00,126.02999877929688,126.08999633789062,126.00070190429688,126.04029846191406,54188,0.0,0.0
2024-12-13 15:10:00-05:00,126.04209899902344,126.12999725341797,126.0,126.12229919433594,72805,0.0,0.0
2024-12-13 15:11:00-05:00,126.12999725341797,126.12999725341797,125.98999786376953,126.0,62656,0.0,0.0
2024-12-13 15:12:00-05:00,126.01000213623047,126.0999984741211,126.01000213623047,126.04000091552734,66472,0.0,0.0
2024-12-13 15:13:00-05:00,126.04499816894531,126.05000305175781,126.01499938964844,126.05000305175781,60393,0.0,0.0
2024-12-13 15:14:00-05:00,126.05000305175781,126.05999755859375,125.93000030517578,125.94000244140625,83371,0.0,0.0
2024-12-13 15:15:00-05:00,125.94989776611328,125.98930358886719,125.87999725341797,125.91829681396484,78251,0.0,0.0
2024-12-13 15:16:00-05:00,125.91000366210938,125.91000366210938,125.8499984741211,125.85009765625,79609,0.0,0.0
2024-12-13 15:17:00-05:00,125.8550033569336,125.8550033569336,125.62000274658203,125.6449966430664,160423,0.0,0.0
2024-12-13 15:18:00-05:00,125.6500015258789,125.66000366210938,125.55400085449219,125.56999969482422,119304,0.0,0.0
2024-12-13 15:19:00-05:00,125.58000183105469,125.73999786376953,125.56500244140625,125.62999725341797,109419,0.0,0.0
2024-12-13 15:20:00-05:00,125.62999725341797,125.63999938964844,125.41000366210938,125.4800033569336,281632,0.0,0.0
2024-12-13 15:21:00-05:00,125.48999786376953,125.69000244140625,125.41999816894531,125.69000244140625,174043,0.0,0.0
2024-12-13 15:22:00-05:00,125.71499633789062,125.94999694824219,125.68000030517578,125.91999816894531,128882,0.0,0.0
2024-12-13 15:23:00-05:00,125.92160034179688,125.94000244140625,125.83000183105469,125.88999938964844,97611,0.0,0.0
2024-12-13 15:24:00-05:00,125.9000015258789,125.9166030883789,125.78009796142578,125.83999633789062,79304,0.0,0.0
2024-12-13 15:25:00-05:00,125.86000061035156,125.98999786376953,125.84010314941406,125.94999694824219,82568,0.0,0.0
2024-12-13 15:26:00-05:00,125.96050262451172,126.06999969482422,125.95030212402344,126.05500030517578,164028,0.0,0.0
2024-12-13 15:27:00-05:00,126.05590057373047,126.13990020751953,126.05000305175781,126.08000183105469,115013,0.0,0.0
2024-12-13 15:28:00-05:00,126.06999969482422,126.16000366210938,126.05999755859375,126.12999725341797,125652,0.0,0.0
2024-12-13 15:29:00-05:00,126.12020111083984,126.1449966430664,125.95999908447266,126.00499725341797,156023,0.0,0.0
2024-12-13 15:30:00-05:00,125.98999786376953,126.08000183105469,125.94020080566406,126.02999877929688,86166,0.0,0.0
2024-12-13 15:31:00-05:00,126.0199966430664,126.06999969482422,126.00499725341797,126.04000091552734,65114,0.0,0.0
2024-12-13 15:32:00-05:00,126.05000305175781,126.0999984741211,125.9800033569336,125.98999786376953,79824,0.0,0.0
2024-12-13 15:33:00-05:00,126.0,126.19999694824219,125.98999786376953,126.18000030517578,99449,0.0,0.0
2024-12-13 15:34:00-05:00,126.18000030517578,126.30000305175781,126.11000061035156,126.29000091552734,83331,0.0,0.0
2024-12-13 15:35:00-05:00,126.30000305175781,126.33000183105469,126.19000244140625,126.3030014038086,96251,0.0,0.0
2024-12-13 15:36:00-05:00,126.31999969482422,126.5,126.30999755859375,126.44999694824219,140595,0.0,0.0
2024-12-13 15:37:00-05:00,126.44999694824219,126.45999908447266,126.31099700927734,126.36489868164062,76487,0.0,0.0
2024-12-13 15:38:00-05:00,126.36009979248047,126.45999908447266,126.27999877929688,126.32990264892578,87113,0.0,0.0
2024-12-13 15:39:00-05:00,126.33000183105469,126.37999725341797,126.1500015258789,126.16010284423828,106730,0.0,0.0
2024-12-13 15:40:00-05:00,126.16819763183594,126.19999694824219,126.14350128173828,126.19000244140625,87378,0.0,0.0
2024-12-13 15:41:00-05:00,126.18000030517578,126.20999908447266,126.0999984741211,126.19999694824219,130617,0.0,0.0
2024-12-13 15:42:00-05:00,126.20500183105469,126.36499786376953,126.19999694824219,126.35910034179688,137865,0.0,0.0
2024-12-13 15:43:00-05:00,126.37000274658203,126.38999938964844,126.22460174560547,126.29000091552734,72548,0.0,0.0
2024-12-13 15:44:00-05:00,126.28009796142578,126.36000061035156,126.26000213623047,126.27999877929688,70059,0.0,0.0
2024-12-13 15:45:00-05:00,126.2699966430664,126.44999694824219,126.26000213623047,126.33000183105469,128072,0.0,0.0
2024-12-13 15:46:00-05:00,126.31400299072266,126.38999938964844,126.26000213623047,126.37999725341797,132727,0.0,0.0
2024-12-13 15:47:00-05:00,126.38999938964844,126.43000030517578,126.26000213623047,126.31999969482422,109683,0.0,0.0
2024-12-13 15:48:00-05:00,126.32990264892578,126.41600036621094,126.26499938964844,126.2760009765625,104690,0.0,0.0
2024-12-13 15:49:00-05:00,126.28500366210938,126.30999755859375,126.21260070800781,126.24500274658203,112499,0.0,0.0
2024-12-13 15:50:00-05:00,126.26000213623047,126.4000015258789,126.2300033569336,126.4000015258789,177208,0.0,0.0
2024-12-13 15:51:00-05:00,126.38999938964844,126.44999694824219,126.20999908447266,126.43000030517578,179930,0.0,0.0
2024-12-13 15:52:00-05:00,126.43000030517578,126.62000274658203,126.41000366210938,126.62000274658203,208375,0.0,0.0
2024-12-13 15:53:00-05:00,126.62000274658203,126.66000366210938,126.54000091552734,126.58999633789062,133216,0.0,0.0
2024-12-13 15:54:00-05:00,126.58999633789062,126.68659973144531,126.54000091552734,126.56999969482422,170768,0.0,0.0
2024-12-13 15:55:00-05:00,126.58999633789062,126.88500213623047,126.58999633789062,126.86530303955078,289791,0.0,0.0
2024-12-13 15:56:00-05:00,126.86060333251953,126.88500213623047,126.66999816894531,126.72000122070312,226364,0.0,0.0
2024-12-13 15:57:00-05:00,126.72000122070312,126.83999633789062,126.69999694824219,126.81999969482422,197780,0.0,0.0
2024-12-13 15:58:00-05:00,126.81500244140625,126.91999816894531,126.76000213623047,126.91010284423828,415808,0.0,0.0
2024-12-13 15:59:00-05:00,126.91500091552734,126.95999908447266,126.87999725341797,126.88999938964844,710119,0.0,0.0
2024-12-13 16:00:00-05:00,126.91,126.98,126.8,126.81,3157627,0.0,0.0
2024-12-13 16:01:00-05:00,126.82,126.93,126.8,126.905,0,0.0,0.0
2024-12-13 16:02:00-05:00,126.88,126.93,126.8,126.89,0,0.0,0.0
2024-12-13 16:03:00-05:00,126.85,127.16,126.8272,126.91,0,0.0,0.0
2024-12-13 16:04:00-05:00,126.95,126.95,126.58,126.62,0,0.0,0.0
2024-12-13 16:05:00-05:00,126.62,126.91,126.31,126.645,0,0.0,0.0
2024-12-13 16:06:00-05:00,126.54,126.7,126.48,126.57,0,0.0,0.0
2024-12-13 16:07:00-05:00,126.7,126.7,126.55,126.55,0,0.0,0.0
2024-12-13 16:08:00-05:00,126.7,126.7,126.55,126.7,0,0.0,0.0
2024-12-13 16:09:00-05:00,126.67,126.7,126.553,126.65,0,0.0,0.0
2024-12-13 16:10:00-05:00,126.67,126.91,126.55,126.68,0,0.0,0.0
2024-12-13 16:11:00-05:00,126.68,126.68,126.6,126.61,0,0.0,0.0
2024-12-13 16:12:00-05:00,126.6499,126.6499,126.55,126.59,0,0.0,0.0
2024-12-13 16:13:00-05:00,126.59,126.63,126.59,126.63,0,0.0,0.0
2024-12-13 16:14:00-05:00,126.63,126.63,126.5102,126.58,0,0.0,0.0
2024-12-13 16:15:00-05:00,126.53,126.91,126.53,126.59,0,0.0,0.0
2024-12-13 16:16:00-05:00,126.57,126.59,126.55,126.59,0,0.0,0.0
2024-12-13 16:17:00-05:00,126.58,126.63,126.55,126.63,0,0.0,0.0
2024-12-13 16:18:00-05:00,126.63,126.7,126.59,126.7,0,0.0,0.0
2024-12-13 16:19:00-05:00,126.91,126.91,126.6,126.69,0,0.0,0.0
2024-12-13 16:20:00-05:00,126.69,126.75,126.64,126.7492,0,0.0,0.0
2024-12-13 16:21:00-05:00,126.75,126.75,126.65,126.75,0,0.0,0.0
2024-12-13 16:22:00-05:00,126.695,126.91,126.695,126.75,0,0.0,0.0
2024-12-13 16:23:00-05:00,126.73,126.75,126.7,126.73,0,0.0,0.0
2024-12-13 16:24:00-05:00,126.73,126.75,126.6523,126.67,0,0.0,0.0
2024-12-13 16:25:00-05:00,126.7,126.75,126.7,126.75,0,0.0,0.0
2024-12-13 16:26:00-05:00,126.725,126.75,126.7,126.725,0,0.0,0.0
2024-12-13 16:27:00-05:00,126.685,126.75,126.65,126.7,0,0.0,0.0
2024-12-13 16:28:00-05:00,126.7,126.75,126.65,126.75,0,0.0,0.0
2024-12-13 16:29:00-05:00,126.75,126.75,126.67,126.75,0,0.0,0.0
2024-12-13 16:30:00-05:00,126.7,126.75,126.695,126.7,0,0.0,0.0
2024-12-13 16:31:00-05:00,126.74,126.74,126.65,126.65,0,0.0,0.0
2024-12-13 16:32:00-05:00,126.74,126.74,126.65,126.68,0,0.0,0.0
2024-12-13 16:33:00-05:00,126.74,126.74,126.65,126.7378,0,0.0,0.0
2024-12-13 16:34:00-05:00,126.74,126.74,126.7,126.73,0,0.0,0.0
2024-12-13 16:35:00-05:00,126.7299,126.74,126.61,126.61,0,0.0,0.0
2024-12-13 16:36:00-05:00,126.67,126.74,126.6,126.682,0,0.0,0.0
2024-12-13 16:37:00-05:00,126.72,126.72,126.64,126.69,0,0.0,0.0
2024-12-13 16:38:00-05:00,126.7,126.72,126.68,126.68,0,0.0,0.0
2024-12-13 16:39:00-05:00,126.7,126.74,126.65,126.71,0,0.0,0.0
2024-12-13 16:40:00-05:00,126.71,126.75,126.7,126.7301,0,0.0,0.0
2024-12-13 16:41:00-05:00,126.75,126.78,126.71,126.7783,0,0.0,0.0
2024-12-13 16:42:00-05:00,126.78,126.78,126.68,126.715,0,0.0,0.0
2024-12-13 16:43:00-05:00,126.73,126.78,126.68,126.78,0,0.0,0.0
2024-12-13 16:44:00-05:00,126.73,126.81,126.68,126.81,0,0.0,0.0
2024-12-13 16:45:00-05:00,126.8,126.84,126.75,126.78,0,0.0,0.0
2024-12-13 16:46:00-05:00,126.78,126.78,126.75,126.775,0,0.0,0.0
2024-12-13 16:47:00-05:00,126.83,126.83,126.75,126.78,0,0.0,0.0
2024-12-13 16:48:00-05:00,126.83,126.92,126.78,126.92,0,0.0,0.0
2024-12-13 16:49:00-05:00,126.92,126.93,126.8,126.8217,0,0.0,0.0
2024-12-13 16:50:00-05:00,126.87,126.88,126.82,126.88,0,0.0,0.0
2024-12-13 16:51:00-05:00,126.8799,126.88,126.8,126.82,0,0.0,0.0
2024-12-13 16:52:00-05:00,126.82,126.84,126.8,126.82,0,0.0,0.0
2024-12-13 16:53:00-05:00,126.81,126.81,126.76,126.7984,0,0.0,0.0
2024-12-13 16:54:00-05:00,126.8,126.8,126.77,126.8,0,0.0,0.0
2024-12-13 16:55:00-05:00,126.8,126.84,126.7984,126.84,0,0.0,0.0
2024-12-13 16:56:00-05:00,126.84,126.89,126.8,126.89,0,0.0,0.0
2024-12-13 16:57:00-05:00,126.89,126.89,126.81,126.85,0,0.0,0.0
2024-12-13 16:58:00-05:00,126.85,126.89,126.81,126.82,0,0.0,0.0
2024-12-13 16:59:00-05:00,126.85,126.88,126.831,126.88,0,0.0,0.0
2024-12-13 17:00:00-05:00,126.81,126.89,126.81,126.89,0,0.0,0.0
2024-12-13 17:01:00-05:00,126.85,135.0723,126.82,126.88,0,0.0,0.0
2024-12-13 17:02:00-05:00,126.87,126.88,126.82,126.845,0,0.0,0.0
2024-12-13 17:03:00-05:00,126.87,126.87,126.82,126.83,0,0.0,0.0
2024-12-13 17:04:00-05:00,126.825,126.87,126.82,126.87,0,0.0,0.0
2024-12-13 17:05:00-05:00,126.82,126.88,126.82,126.8303,0,0.0,0.0
2024-12-13 17:06:00-05:00,126.855,126.88,126.82,126.88,0,0.0,0.0
2024-12-13 17:07:00-05:00,126.88,126.88,126.85,126.88,0,0.0,0.0
2024-12-13 17:08:00-05:00,126.88,126.88,126.82,126.85,0,0.0,0.0
2024-12-13 17:09:00-05:00,126.85,126.95,126.84,126.92,0,0.0,0.0
2024-12-13 17:10:00-05:00,126.95,126.98,126.91,126.91,0,0.0,0.0
2024-12-13 17:11:00-05:00,126.97,126.97,126.91,126.91,0,0.0,0.0
2024-12-13 17:12:00-05:00,126.93,126.96,126.9102,126.9599,0,0.0,0.0
2024-12-13 17:13:00-05:00,126.96,126.96,126.91,126.96,0,0.0,0.0
2024-12-13 17:14:00-05:00,126.95,126.96,126.94,126.96,0,0.0,0.0
2024-12-13 17:15:00-05:00,126.95,126.96,126.91,126.96,0,0.0,0.0
2024-12-13 17:16:00-05:00,126.96,126.96,126.91,126.96,0,0.0,0.0
2024-12-13 17:17:00-05:00,126.96,127.0,126.935,126.9612,0,0.0,0.0
2024-12-13 17:18:00-05:00,126.96,127.0,126.91,126.925,0,0.0,0.0
2024-12-13 17:19:00-05:00,126.93,126.93,126.9,126.9,0,0.0,0.0
2024-12-13 17:20:00-05:00,126.9,126.92,126.82,126.86,0,0.0,0.0
2024-12-13 17:21:00-05:00,126.82,126.86,126.82,126.86,0,0.0,0.0
2024-12-13 17:22:00-05:00,126.83,126.86,126.83,126.86,0,0.0,0.0
2024-12-13 17:23:00-05:00,126.8598,126.86,126.8301,126.86,0,0.0,0.0
2024-12-13 17:24:00-05:00,126.86,126.86,126.83,126.8301,0,0.0,0.0
2024-12-13 17:25:00-05:00,126.86,126.86,126.82,126.83,0,0.0,0.0
2024-12-13 17:26:00-05:00,126.86,126.86,126.83,126.86,0,0.0,0.0
2024-12-13 17:27:00-05:00,126.84,126.86,126.83,126.85,0,0.0,0.0
2024-12-13 17:28:00-05:00,126.86,126.86,126.82,126.86,0,0.0,0.0
2024-12-13 17:29:00-05:00,126.86,126.86,126.82,126.86,0,0.0,0.0
2024-12-13 17:30:00-05:00,126.86,126.86,126.82,126.86,0,0.0,0.0
2024-12-13 17:31:00-05:00,126.86,126.86,126.85,126.86,0,0.0,0.0
2024-12-13 17:32:00-05:00,126.86,126.86,126.78,126.825,0,0.0,0.0
2024-12-13 17:33:00-05:00,126.85,126.86,126.79,126.825,0,0.0,0.0
2024-12-13 17:34:00-05:00,126.86,126.86,126.8,126.86,0,0.0,0.0
2024-12-13 17:35:00-05:00,126.86,126.86,126.79,126.86,0,0.0,0.0
2024-12-13 17:36:00-05:00,126.86,126.86,126.82,126.82,0,0.0,0.0
2024-12-13 17:37:00-05:00,126.81,126.85,126.79,126.85,0,0.0,0.0
2024-12-13 17:38:00-05:00,126.85,126.85,126.82,126.84,0,0.0,0.0
2024-12-13 17:39:00-05:00,126.84,126.86,126.84,126.85,0,0.0,0.0
2024-12-13 17:40:00-05:00,126.85,126.86,126.84,126.86,0,0.0,0.0
2024-12-13 17:41:00-05:00,126.86,126.86,126.85,126.86,0,0.0,0.0
2024-12-13 17:42:00-05:00,126.8502,126.86,126.8501,126.855,0,0.0,0.0
2024-12-13 17:43:00-05:00,126.86,126.86,126.8,126.85,0,0.0,0.0
2024-12-13 17:44:00-05:00,126.83,126.86,126.8,126.85,0,0.0,0.0
2024-12-13 17:45:00-05:00,126.85,126.86,126.84,126.8503,0,0.0,0.0
2024-12-13 17:46:00-05:00,126.86,126.86,126.85,126.85,0,0.0,0.0
2024-12-13 17:47:00-05:00,126.86,126.86,126.85,126.86,0,0.0,0.0
2024-12-13 17:48:00-05:00,126.8599,126.86,126.84,126.85,0,0.0,0.0
2024-12-13 17:49:00-05:00,126.85,126.85,126.8,126.85,0,0.0,0.0
2024-12-13 17:50:00-05:00,126.8,126.85,126.8,126.82,0,0.0,0.0
2024-12-13 17:51:00-05:00,126.8399,126.86,126.83,126.84,0,0.0,0.0
2024-12-13 17:52:00-05:00,126.85,126.85,126.84,126.85,0,0.0,0.0
2024-12-13 17:53:00-05:00,126.85,126.85,126.83,126.84,0,0.0,0.0
2024-12-13 17:54:00-05:00,126.84,126.84,126.83,126.8393,0,0.0,0.0
2024-12-13 17:55:00-05:00,126.83,126.86,126.82,126.85,0,0.0,0.0
2024-12-13 17:56:00-05:00,126.85,126.86,126.85,126.86,0,0.0,0.0
2024-12-13 17:57:00-05:00,126.8599,126.86,126.85,126.86,0,0.0,0.0
2024-12-13 17:58:00-05:00,126.855,126.86,126.85,126.86,0,0.0,0.0
2024-12-13 17:59:00-05:00,126.86,126.86,126.855,126.86,0,0.0,0.0
2024-12-13 18:00:00-05:00,126.8598,126.86,126.85,126.86,0,0.0,0.0
2024-12-13 18:01:00-05:00,126.86,126.86,126.85,126.855,0,0.0,0.0
2024-12-13 18:02:00-05:00,126.86,126.86,126.85,126.855,0,0.0,0.0
2024-12-13 18:03:00-05:00,126.86,126.86,126.85,126.855,0,0.0,0.0
2024-12-13 18:04:00-05:00,126.86,126.86,126.85,126.85,0,0.0,0.0
2024-12-13 18:05:00-05:00,126.86,126.86,126.8,126.8021,0,0.0,0.0
2024-12-13 18:06:00-05:00,126.8,126.86,126.8,126.83,0,0.0,0.0
2024-12-13 18:07:00-05:00,126.86,126.86,126.8,126.85,0,0.0,0.0
2024-12-13 18:08:00-05:00,126.85,126.85,126.8,126.85,0,0.0,0.0
2024-12-13 18:09:00-05:00,126.825,126.85,126.8,126.81,0,0.0,0.0
2024-12-13 18:10:00-05:00,126.825,126.86,126.8,126.86,0,0.0,0.0
2024-12-13 18:11:00-05:00,126.85,126.85,126.8,126.8499,0,0.0,0.0
2024-12-13 18:12:00-05:00,126.8,126.86,126.8,126.84,0,0.0,0.0
2024-12-13 18:13:00-05:00,126.82,126.84,126.82,126.82,0,0.0,0.0
2024-12-13 18:14:00-05:00,126.82,126.82,126.8,126.805,0,0.0,0.0
2024-12-13 18:15:00-05:00,126.81,126.84,126.81,126.82,0,0.0,0.0
2024-12-13 18:16:00-05:00,126.81,126.84,126.81,126.84,0,0.0,0.0
2024-12-13 18:17:00-05:00,126.84,126.84,126.8,126.8002,0,0.0,0.0
2024-12-13 18:18:00-05:00,126.82,126.84,126.8,126.8001,0,0.0,0.0
2024-12-13 18:19:00-05:00,126.82,126.82,126.78,126.82,0,0.0,0.0
2024-12-13 18:20:00-05:00,126.8,126.84,126.78,126.82,0,0.0,0.0
2024-12-13 18:21:00-05:00,126.82,126.84,126.78,126.82,0,0.0,0.0
2024-12-13 18:22:00-05:00,126.82,126.86,126.8,126.82,0,0.0,0.0
2024-12-13 18:23:00-05:00,126.82,126.82,126.78,126.8092,0,0.0,0.0
2024-12-13 18:24:00-05:00,126.81,126.81,126.78,126.8,0,0.0,0.0
2024-12-13 18:25:00-05:00,126.82,126.82,126.78,126.8,0,0.0,0.0
2024-12-13 18:26:00-05:00,126.7802,126.82,126.78,126.8,0,0.0,0.0
2024-12-13 18:27:00-05:00,126.78,126.82,126.78,126.8,0,0.0,0.0
2024-12-13 18:28:00-05:00,126.8,126.84,126.8,126.8,0,0.0,0.0
2024-12-13 18:29:00-05:00,126.8097,126.82,126.8,126.805,0,0.0,0.0
2024-12-13 18:30:00-05:00,126.81,126.81,126.79,126.8,0,0.0,0.0
2024-12-13 18:31:00-05:00,126.8,126.82,126.785,126.79,0,0.0,0.0
2024-12-13 18:32:00-05:00,126.79,126.82,126.79,126.81,0,0.0,0.0
2024-12-13 18:33:00-05:00,126.81,126.82,126.77,126.82,0,0.0,0.0
2024-12-13 18:34:00-05:00,126.81,126.86,126.77,126.86,0,0.0,0.0
2024-12-13 18:35:00-05:00,126.8599,126.86,126.8,126.86,0,0.0,0.0
2024-12-13 18:36:00-05:00,126.83,126.86,126.7879,126.86,0,0.0,0.0
2024-12-13 18:37:00-05:00,126.86,126.86,126.77,126.8,0,0.0,0.0
2024-12-13 18:38:00-05:00,126.8,126.86,126.76,126.815,0,0.0,0.0
2024-12-13 18:39:00-05:00,126.86,126.86,126.77,126.83,0,0.0,0.0
2024-12-13 18:40:00-05:00,126.86,126.86,126.79,126.7997,0,0.0,0.0
2024-12-13 18:41:00-05:00,126.8,126.85,126.77,126.8,0,0.0,0.0
2024-12-13 18:42:00-05:00,126.8,126.8,126.77,126.7994,0,0.0,0.0
2024-12-13 18:43:00-05:00,126.8,126.8,126.77,126.8,0,0.0,0.0
2024-12-13 18:44:00-05:00,126.76,126.8,126.76,126.8,0,0.0,0.0
2024-12-13 18:45:00-05:00,126.8,126.8,126.78,126.8,0,0.0,0.0
2024-12-13 18:46:00-05:00,126.8,126.85,126.78,126.78,0,0.0,0.0
2024-12-13 18:47:00-05:00,126.85,126.85,126.81,126.85,0,0.0,0.0
2024-12-13 18:48:00-05:00,126.85,126.86,126.78,126.85,0,0.0,0.0
2024-12-13 18:49:00-05:00,126.83,126.86,126.79,126.79,0,0.0,0.0
2024-12-13 18:50:00-05:00,126.83,126.86,126.8,126.86,0,0.0,0.0
2024-12-13 18:51:00-05:00,126.78,126.86,126.78,126.85,0,0.0,0.0
2024-12-13 18:52:00-05:00,126.85,126.85,126.83,126.85,0,0.0,0.0
2024-12-13 18:53:00-05:00,126.85,126.85,126.8,126.85,0,0.0,0.0
2024-12-13 18:54:00-05:00,126.85,126.85,126.8001,126.85,0,0.0,0.0
2024-12-13 18:55:00-05:00,126.81,126.82,126.77,126.81,0,0.0,0.0
2024-12-13 18:56:00-05:00,126.81,126.85,126.805,126.805,0,0.0,0.0
2024-12-13 18:57:00-05:00,126.85,126.85,126.76,126.85,0,0.0,0.0
2024-12-13 18:58:00-05:00,126.85,126.85,126.8012,126.8012,0,0.0,0.0
2024-12-13 18:59:00-05:00,126.8,126.85,126.8,126.81,0,0.0,0.0
2024-12-13 19:00:00-05:00,126.83,126.85,126.77,126.85,0,0.0,0.0
2024-12-13 19:01:00-05:00,126.83,126.85,126.8,126.84,0,0.0,0.0
2024-12-13 19:02:00-05:00,126.85,126.85,126.8002,126.83,0,0.0,0.0
2024-12-13 19:03:00-05:00,126.83,126.85,126.798,126.798,0,0.0,0.0
2024-12-13 19:04:00-05:00,126.8,126.8,126.78,126.8,0,0.0,0.0
2024-12-13 19:05:00-05:00,126.8,126.8,126.76,126.792,0,0.0,0.0
2024-12-13 19:06:00-05:00,126.8,126.8,126.76,126.8,0,0.0,0.0
2024-12-13 19:07:00-05:00,126.79,126.8,126.75,126.7899,0,0.0,0.0
2024-12-13 19:08:00-05:00,126.79,126.79,126.75,126.7899,0,0.0,0.0
2024-12-13 19:09:00-05:00,126.77,126.79,126.77,126.775,0,0.0,0.0
2024-12-13 19:10:00-05:00,126.8,126.85,126.79,126.84,0,0.0,0.0
2024-12-13 19:11:00-05:00,126.85,126.85,126.75,126.81,0,0.0,0.0
2024-12-13 19:12:00-05:00,126.8,126.8,126.7699,126.775,0,0.0,0.0
2024-12-13 19:13:00-05:00,126.8,126.8,126.775,126.8,0,0.0,0.0
2024-12-13 19:14:00-05:00,126.8,126.8,126.75,126.75,0,0.0,0.0
2024-12-13 19:15:00-05:00,126.76,126.8,126.75,126.799,0,0.0,0.0
2024-12-13 19:16:00-05:00,126.78,126.8,126.775,126.8,0,0.0,0.0
2024-12-13 19:17:00-05:00,126.76,126.8,126.75,126.8,0,0.0,0.0
2024-12-13 19:18:00-05:00,126.8,126.8,126.7799,126.78,0,0.0,0.0
2024-12-13 19:19:00-05:00,126.78,126.8,126.75,126.75,0,0.0,0.0
2024-12-13 19:20:00-05:00,126.77,126.83,126.7012,126.77,0,0.0,0.0
2024-12-13 19:21:00-05:00,126.77,126.77,126.75,126.76,0,0.0,0.0
2024-12-13 19:22:00-05:00,126.76,126.76,126.71,126.74,0,0.0,0.0
2024-12-13 19:23:00-05:00,126.73,126.74,126.7018,126.7199,0,0.0,0.0
2024-12-13 19:24:00-05:00,126.7191,126.72,126.7,126.71,0,0.0,0.0
2024-12-13 19:25:00-05:00,126.71,126.73,126.71,126.73,0,0.0,0.0
2024-12-13 19:26:00-05:00,126.73,126.75,126.71,126.7117,0,0.0,0.0
2024-12-13 19:27:00-05:00,126.73,126.76,126.7,126.7036,0,0.0,0.0
2024-12-13 19:28:00-05:00,126.73,126.76,126.7,126.73,0,0.0,0.0
2024-12-13 19:29:00-05:00,126.76,126.76,126.72,126.73,0,0.0,0.0
2024-12-13 19:30:00-05:00,126.76,126.76,126.74,126.75,0,0.0,0.0
2024-12-13 19:31:00-05:00,126.73,126.76,126.7,126.76,0,0.0,0.0
2024-12-13 19:32:00-05:00,126.7,126.76,126.7,126.73,0,0.0,0.0
2024-12-13 19:33:00-05:00,126.76,126.77,126.7,126.76,0,0.0,0.0
2024-12-13 19:34:00-05:00,126.7597,126.76,126.7,126.75,0,0.0,0.0
2024-12-13 19:35:00-05:00,126.75,126.75,126.6801,126.6996,0,0.0,0.0
2024-12-13 19:36:00-05:00,126.7,126.75,126.64,126.64,0,0.0,0.0
2024-12-13 19:37:00-05:00,126.75,126.75,126.64,126.68,0,0.0,0.0
2024-12-13 19:38:00-05:00,126.65,126.68,126.64,126.64,0,0.0,0.0
2024-12-13 19:39:00-05:00,126.64,126.64,126.6,126.64,0,0.0,0.0
2024-12-13 19:40:00-05:00,126.6,126.64,126.6,126.62,0,0.0,0.0
2024-12-13 19:41:00-05:00,126.62,126.6699,126.6,126.6699,0,0.0,0.0
2024-12-13 19:42:00-05:00,126.62,126.66,126.62,126.6201,0,0.0,0.0
2024-12-13 19:43:47-05:00,126.605,126.605,126.605,126.605,0,0.0,0.0
