time,Open,High,Low,Close,Volume,Dividends,Stock Splits
2024-11-27 04:00:00-05:00,137.72,137.81,137.68,137.68,0,0.0,0.0
2024-11-27 04:01:00-05:00,137.85,137.85,137.82,137.82,0,0.0,0.0
2024-11-27 04:02:00-05:00,137.85,137.9,137.85,137.9,0,0.0,0.0
2024-11-27 04:04:00-05:00,138.0,138.1,137.99,138.0,0,0.0,0.0
2024-11-27 04:05:00-05:00,138.0,138.0,138.0,138.0,0,0.0,0.0
2024-11-27 04:06:00-05:00,138.05,138.05,137.91,137.91,0,0.0,0.0
2024-11-27 04:08:00-05:00,137.77,137.81,137.7,137.76,0,0.0,0.0
2024-11-27 04:09:00-05:00,137.68,137.74,137.65,137.74,0,0.0,0.0
2024-11-27 04:10:00-05:00,137.62,137.63,137.62,137.63,0,0.0,0.0
2024-11-27 04:11:00-05:00,137.67,137.67,137.57,137.64,0,0.0,0.0
2024-11-27 04:12:00-05:00,137.62,137.63,137.62,137.62,0,0.0,0.0
2024-11-27 04:13:00-05:00,137.62,137.62,137.62,137.62,0,0.0,0.0
2024-11-27 04:14:00-05:00,137.63,137.63,137.55,137.58,0,0.0,0.0
2024-11-27 04:15:00-05:00,137.55,137.62,137.55,137.62,0,0.0,0.0
2024-11-27 04:17:00-05:00,137.59,137.59,137.51,137.51,0,0.0,0.0
2024-11-27 04:18:00-05:00,137.5,137.5,137.5,137.5,0,0.0,0.0
2024-11-27 04:19:00-05:00,137.44,137.44,137.4,137.4,0,0.0,0.0
2024-11-27 04:20:00-05:00,137.36,137.36,137.29,137.29,0,0.0,0.0
2024-11-27 04:21:00-05:00,137.3,137.31,137.22,137.28,0,0.0,0.0
2024-11-27 04:22:00-05:00,137.24,137.25,137.24,137.25,0,0.0,0.0
2024-11-27 04:23:00-05:00,137.25,137.3,137.25,137.3,0,0.0,0.0
2024-11-27 04:24:00-05:00,137.29,137.31,137.23,137.31,0,0.0,0.0
2024-11-27 04:25:00-05:00,137.31,137.34,137.31,137.34,0,0.0,0.0
2024-11-27 04:26:00-05:00,137.35,137.35,137.33,137.33,0,0.0,0.0
2024-11-27 04:27:00-05:00,137.33,137.33,137.33,137.33,0,0.0,0.0
2024-11-27 04:28:00-05:00,137.36,137.36,137.3,137.32,0,0.0,0.0
2024-11-27 04:29:00-05:00,137.32,137.35,137.31,137.31,0,0.0,0.0
2024-11-27 04:30:00-05:00,137.31,137.31,137.31,137.31,0,0.0,0.0
2024-11-27 04:31:00-05:00,137.44,137.44,137.22,137.27,0,0.0,0.0
2024-11-27 04:32:00-05:00,137.15,137.23,137.1,137.23,0,0.0,0.0
2024-11-27 04:33:00-05:00,137.23,137.24,137.21,137.21,0,0.0,0.0
2024-11-27 04:35:00-05:00,137.23,137.23,137.23,137.23,0,0.0,0.0
2024-11-27 04:37:00-05:00,137.22,137.23,137.22,137.22,0,0.0,0.0
2024-11-27 04:38:00-05:00,137.24,137.36,137.23,137.36,0,0.0,0.0
2024-11-27 04:40:00-05:00,137.32,137.32,137.32,137.32,0,0.0,0.0
2024-11-27 04:41:00-05:00,137.23,137.23,137.23,137.23,0,0.0,0.0
2024-11-27 04:45:00-05:00,137.25,137.26,137.22,137.26,0,0.0,0.0
2024-11-27 04:46:00-05:00,137.26,137.26,137.26,137.26,0,0.0,0.0
2024-11-27 04:47:00-05:00,137.32,137.34,137.32,137.34,0,0.0,0.0
2024-11-27 04:49:00-05:00,137.25,137.25,137.25,137.25,0,0.0,0.0
2024-11-27 04:53:00-05:00,137.29,137.29,137.29,137.29,0,0.0,0.0
2024-11-27 04:54:00-05:00,137.34,137.34,137.34,137.34,0,0.0,0.0
2024-11-27 04:56:00-05:00,137.46,137.46,137.43,137.43,0,0.0,0.0
2024-11-27 04:57:00-05:00,137.46,137.6,137.45,137.6,0,0.0,0.0
2024-11-27 04:58:00-05:00,137.57,137.58,137.57,137.58,0,0.0,0.0
2024-11-27 05:03:00-05:00,137.48,137.48,137.48,137.48,0,0.0,0.0
2024-11-27 05:04:00-05:00,137.32,137.32,137.32,137.32,0,0.0,0.0
2024-11-27 05:06:00-05:00,137.48,137.48,137.48,137.48,0,0.0,0.0
2024-11-27 05:08:00-05:00,137.45,137.46,137.45,137.46,0,0.0,0.0
2024-11-27 05:09:00-05:00,137.48,137.48,137.48,137.48,0,0.0,0.0
2024-11-27 05:11:00-05:00,137.38,137.38,137.38,137.38,0,0.0,0.0
2024-11-27 05:15:00-05:00,137.41,137.41,137.41,137.41,0,0.0,0.0
2024-11-27 05:17:00-05:00,137.32,137.44,137.32,137.44,0,0.0,0.0
2024-11-27 05:18:00-05:00,137.42,137.44,137.42,137.44,0,0.0,0.0
2024-11-27 05:19:00-05:00,137.44,137.44,137.34,137.34,0,0.0,0.0
2024-11-27 05:20:00-05:00,137.33,137.42,137.33,137.42,0,0.0,0.0
2024-11-27 05:21:00-05:00,137.4,137.4,137.34,137.34,0,0.0,0.0
2024-11-27 05:22:00-05:00,137.33,137.33,137.33,137.33,0,0.0,0.0
2024-11-27 05:23:00-05:00,137.34,137.34,137.32,137.32,0,0.0,0.0
2024-11-27 05:24:00-05:00,137.32,137.37,137.32,137.36,0,0.0,0.0
2024-11-27 05:26:00-05:00,137.36,137.36,137.36,137.36,0,0.0,0.0
2024-11-27 05:27:00-05:00,137.36,137.36,137.33,137.33,0,0.0,0.0
2024-11-27 05:30:00-05:00,137.38,137.38,137.38,137.38,0,0.0,0.0
2024-11-27 05:32:00-05:00,137.37,137.37,137.37,137.37,0,0.0,0.0
2024-11-27 05:38:00-05:00,137.31,137.31,137.31,137.31,0,0.0,0.0
2024-11-27 05:39:00-05:00,137.32,137.37,137.32,137.37,0,0.0,0.0
2024-11-27 05:41:00-05:00,137.37,137.37,137.37,137.37,0,0.0,0.0
2024-11-27 05:42:00-05:00,137.34,137.36,137.33,137.36,0,0.0,0.0
2024-11-27 05:43:00-05:00,137.33,137.33,137.3,137.3,0,0.0,0.0
2024-11-27 05:44:00-05:00,137.33,137.33,137.27,137.27,0,0.0,0.0
2024-11-27 05:45:00-05:00,137.28,137.28,137.28,137.28,0,0.0,0.0
2024-11-27 05:47:00-05:00,137.37,137.37,137.3,137.3,0,0.0,0.0
2024-11-27 05:50:00-05:00,137.36,137.39,137.36,137.39,0,0.0,0.0
2024-11-27 05:53:00-05:00,137.37,137.37,137.37,137.37,0,0.0,0.0
2024-11-27 05:54:00-05:00,137.37,137.37,137.37,137.37,0,0.0,0.0
2024-11-27 05:55:00-05:00,137.4,137.4,137.25,137.25,0,0.0,0.0
2024-11-27 05:56:00-05:00,137.27,137.27,137.27,137.27,0,0.0,0.0
2024-11-27 05:57:00-05:00,137.32,137.32,137.32,137.32,0,0.0,0.0
2024-11-27 05:58:00-05:00,137.33,137.33,137.33,137.33,0,0.0,0.0
2024-11-27 06:02:00-05:00,137.42,137.42,137.41,137.41,0,0.0,0.0
2024-11-27 06:03:00-05:00,137.4,137.41,137.4,137.41,0,0.0,0.0
2024-11-27 06:05:00-05:00,137.39,137.39,137.39,137.39,0,0.0,0.0
2024-11-27 06:06:00-05:00,137.4,137.44,137.4,137.44,0,0.0,0.0
2024-11-27 06:08:00-05:00,137.44,137.44,137.44,137.44,0,0.0,0.0
2024-11-27 06:10:00-05:00,137.43,137.43,137.43,137.43,0,0.0,0.0
2024-11-27 06:11:00-05:00,137.43,137.43,137.43,137.43,0,0.0,0.0
2024-11-27 06:13:00-05:00,137.41,137.41,137.4,137.4,0,0.0,0.0
2024-11-27 06:14:00-05:00,137.4,137.46,137.4,137.46,0,0.0,0.0
2024-11-27 06:18:00-05:00,137.46,137.46,137.46,137.46,0,0.0,0.0
2024-11-27 06:20:00-05:00,137.46,137.46,137.42,137.42,0,0.0,0.0
2024-11-27 06:21:00-05:00,137.46,137.48,137.46,137.48,0,0.0,0.0
2024-11-27 06:23:00-05:00,137.42,137.42,137.42,137.42,0,0.0,0.0
2024-11-27 06:27:00-05:00,137.42,137.42,137.42,137.42,0,0.0,0.0
2024-11-27 06:29:00-05:00,137.38,137.38,137.38,137.38,0,0.0,0.0
2024-11-27 06:30:00-05:00,137.35,137.35,137.35,137.35,0,0.0,0.0
2024-11-27 06:32:00-05:00,137.39,137.39,137.39,137.39,0,0.0,0.0
2024-11-27 06:33:00-05:00,137.45,137.45,137.45,137.45,0,0.0,0.0
2024-11-27 06:37:00-05:00,137.41,137.41,137.41,137.41,0,0.0,0.0
2024-11-27 06:38:00-05:00,137.45,137.45,137.36,137.36,0,0.0,0.0
2024-11-27 06:42:00-05:00,137.37,137.37,137.37,137.37,0,0.0,0.0
2024-11-27 06:43:00-05:00,137.45,137.45,137.45,137.45,0,0.0,0.0
2024-11-27 06:44:00-05:00,137.37,137.37,137.35,137.35,0,0.0,0.0
2024-11-27 06:46:00-05:00,137.35,137.35,137.35,137.35,0,0.0,0.0
2024-11-27 06:48:00-05:00,137.38,137.38,137.38,137.38,0,0.0,0.0
2024-11-27 06:51:00-05:00,137.44,137.45,137.44,137.45,0,0.0,0.0
2024-11-27 06:52:00-05:00,137.42,137.42,137.31,137.32,0,0.0,0.0
2024-11-27 06:53:00-05:00,137.32,137.32,137.32,137.32,0,0.0,0.0
2024-11-27 06:54:00-05:00,137.4,137.4,137.39,137.39,0,0.0,0.0
2024-11-27 06:55:00-05:00,137.42,137.44,137.42,137.44,0,0.0,0.0
2024-11-27 06:57:00-05:00,137.43,137.43,137.43,137.43,0,0.0,0.0
2024-11-27 06:58:00-05:00,137.44,137.44,137.44,137.44,0,0.0,0.0
2024-11-27 06:59:00-05:00,137.44,137.44,137.44,137.44,0,0.0,0.0
2024-11-27 07:00:00-05:00,137.48,137.57,137.43,137.43,0,0.0,0.0
2024-11-27 07:01:00-05:00,137.4,137.48,137.4,137.48,0,0.0,0.0
2024-11-27 07:02:00-05:00,137.4,137.4,137.37,137.37,0,0.0,0.0
2024-11-27 07:03:00-05:00,137.37,137.37,137.33,137.33,0,0.0,0.0
2024-11-27 07:04:00-05:00,137.39,137.39,137.39,137.39,0,0.0,0.0
2024-11-27 07:05:00-05:00,137.3,137.3,137.3,137.3,0,0.0,0.0
2024-11-27 07:06:00-05:00,137.42,137.42,137.35,137.35,0,0.0,0.0
2024-11-27 07:08:00-05:00,137.41,137.41,137.41,137.41,0,0.0,0.0
2024-11-27 07:10:00-05:00,137.4,137.4,137.39,137.39,0,0.0,0.0
2024-11-27 07:11:00-05:00,137.37,137.37,137.37,137.37,0,0.0,0.0
2024-11-27 07:12:00-05:00,137.37,137.37,137.37,137.37,0,0.0,0.0
2024-11-27 07:13:00-05:00,137.36,137.37,137.36,137.37,0,0.0,0.0
2024-11-27 07:14:00-05:00,137.4,137.4,137.31,137.31,0,0.0,0.0
2024-11-27 07:15:00-05:00,137.31,137.33,137.31,137.31,0,0.0,0.0
2024-11-27 07:16:00-05:00,137.31,137.31,137.31,137.31,0,0.0,0.0
2024-11-27 07:18:00-05:00,137.31,137.39,137.31,137.39,0,0.0,0.0
2024-11-27 07:19:00-05:00,137.37,137.38,137.37,137.38,0,0.0,0.0
2024-11-27 07:20:00-05:00,137.45,137.45,137.38,137.38,0,0.0,0.0
2024-11-27 07:21:00-05:00,137.44,137.48,137.43,137.43,0,0.0,0.0
2024-11-27 07:22:00-05:00,137.44,137.44,137.37,137.41,0,0.0,0.0
2024-11-27 07:23:00-05:00,137.4,137.45,137.4,137.45,0,0.0,0.0
2024-11-27 07:24:00-05:00,137.37,137.37,137.37,137.37,0,0.0,0.0
2024-11-27 07:25:00-05:00,137.4,137.42,137.38,137.4,0,0.0,0.0
2024-11-27 07:26:00-05:00,137.4,137.4,137.4,137.4,0,0.0,0.0
2024-11-27 07:27:00-05:00,137.4,137.4,137.4,137.4,0,0.0,0.0
2024-11-27 07:30:00-05:00,137.4,137.4,137.37,137.37,0,0.0,0.0
2024-11-27 07:31:00-05:00,137.36,137.38,137.36,137.38,0,0.0,0.0
2024-11-27 07:34:00-05:00,137.39,137.39,137.37,137.37,0,0.0,0.0
2024-11-27 07:36:00-05:00,137.37,137.37,137.34,137.34,0,0.0,0.0
2024-11-27 07:40:00-05:00,137.37,137.37,137.37,137.37,0,0.0,0.0
2024-11-27 07:41:00-05:00,137.35,137.35,137.35,137.35,0,0.0,0.0
2024-11-27 07:42:00-05:00,137.39,137.39,137.33,137.33,0,0.0,0.0
2024-11-27 07:43:00-05:00,137.3,137.3,137.23,137.23,0,0.0,0.0
2024-11-27 07:44:00-05:00,137.26,137.26,137.22,137.25,0,0.0,0.0
2024-11-27 07:45:00-05:00,137.25,137.25,137.25,137.25,0,0.0,0.0
2024-11-27 07:46:00-05:00,137.25,137.25,137.25,137.25,0,0.0,0.0
2024-11-27 07:47:00-05:00,137.25,137.25,137.23,137.23,0,0.0,0.0
2024-11-27 07:48:00-05:00,137.26,137.26,137.26,137.26,0,0.0,0.0
2024-11-27 07:49:00-05:00,137.25,137.25,137.25,137.25,0,0.0,0.0
2024-11-27 07:50:00-05:00,137.22,137.22,137.2,137.2,0,0.0,0.0
2024-11-27 07:51:00-05:00,137.22,137.22,137.21,137.21,0,0.0,0.0
2024-11-27 07:52:00-05:00,137.21,137.21,137.21,137.21,0,0.0,0.0
2024-11-27 07:53:00-05:00,137.2,137.2,137.2,137.2,0,0.0,0.0
2024-11-27 07:54:00-05:00,137.23,137.23,137.21,137.21,0,0.0,0.0
2024-11-27 07:55:00-05:00,137.22,137.22,137.22,137.22,0,0.0,0.0
2024-11-27 07:56:00-05:00,137.21,137.25,137.21,137.25,0,0.0,0.0
2024-11-27 07:58:00-05:00,137.19,137.19,137.12,137.12,0,0.0,0.0
2024-11-27 07:59:00-05:00,137.11,137.11,137.11,137.11,0,0.0,0.0
2024-11-27 08:00:00-05:00,137.4,138.1121,137.07,137.22,0,0.0,0.0
2024-11-27 08:01:00-05:00,137.225,138.5,137.1,137.12,0,0.0,0.0
2024-11-27 08:02:00-05:00,137.16,137.376,137.05,137.08,0,0.0,0.0
2024-11-27 08:03:00-05:00,137.13,137.13,137.0,137.05,0,0.0,0.0
2024-11-27 08:04:00-05:00,137.05,137.13,137.05,137.09,0,0.0,0.0
2024-11-27 08:05:00-05:00,137.09,137.13,137.024,137.1,0,0.0,0.0
2024-11-27 08:06:00-05:00,137.06,137.25,137.02,137.13,0,0.0,0.0
2024-11-27 08:07:00-05:00,137.2,137.2,137.02,137.076,0,0.0,0.0
2024-11-27 08:08:00-05:00,137.02,137.1499,137.02,137.13,0,0.0,0.0
2024-11-27 08:09:00-05:00,137.13,137.19,137.11,137.1487,0,0.0,0.0
2024-11-27 08:10:00-05:00,137.15,137.15,137.106,137.15,0,0.0,0.0
2024-11-27 08:11:00-05:00,137.1236,137.17,137.1,137.1,0,0.0,0.0
2024-11-27 08:12:00-05:00,137.15,137.17,137.12,137.17,0,0.0,0.0
2024-11-27 08:13:00-05:00,137.13,137.15,137.1,137.13,0,0.0,0.0
2024-11-27 08:14:00-05:00,137.08,137.12,137.08,137.08,0,0.0,0.0
2024-11-27 08:15:00-05:00,137.1,137.13,137.08,137.13,0,0.0,0.0
2024-11-27 08:16:00-05:00,137.13,137.13,137.12,137.13,0,0.0,0.0
2024-11-27 08:17:00-05:00,137.14,137.14,137.12,137.1294,0,0.0,0.0
2024-11-27 08:18:00-05:00,137.1,137.17,137.1,137.1696,0,0.0,0.0
2024-11-27 08:19:00-05:00,137.145,137.17,137.145,137.17,0,0.0,0.0
2024-11-27 08:20:00-05:00,137.25,137.33,137.18,137.27,0,0.0,0.0
2024-11-27 08:21:00-05:00,137.29,137.34,137.2,137.3383,0,0.0,0.0
2024-11-27 08:22:00-05:00,137.339,137.339,137.2,137.2899,0,0.0,0.0
2024-11-27 08:23:00-05:00,137.29,137.29,137.1,137.2,0,0.0,0.0
2024-11-27 08:24:00-05:00,137.1861,137.23,137.1362,137.23,0,0.0,0.0
2024-11-27 08:25:00-05:00,137.2,137.25,137.13,137.22,0,0.0,0.0
2024-11-27 08:26:00-05:00,137.25,137.29,137.24,137.29,0,0.0,0.0
2024-11-27 08:27:00-05:00,137.29,137.29,137.23,137.23,0,0.0,0.0
2024-11-27 08:28:00-05:00,137.21,137.29,137.19,137.235,0,0.0,0.0
2024-11-27 08:29:00-05:00,137.2,137.26,137.18,137.18,0,0.0,0.0
2024-11-27 08:30:00-05:00,137.17,137.35,137.17,137.35,0,0.0,0.0
2024-11-27 08:31:00-05:00,137.44,137.45,137.3,137.3,0,0.0,0.0
2024-11-27 08:32:00-05:00,137.315,137.43,137.3,137.39,0,0.0,0.0
2024-11-27 08:33:00-05:00,137.26,137.42,137.26,137.3087,0,0.0,0.0
2024-11-27 08:34:00-05:00,137.3,137.31,137.23,137.304,0,0.0,0.0
2024-11-27 08:35:00-05:00,137.21,137.25,137.18,137.25,0,0.0,0.0
2024-11-27 08:36:00-05:00,137.18,137.25,137.18,137.25,0,0.0,0.0
2024-11-27 08:37:00-05:00,137.24,137.29,137.215,137.2517,0,0.0,0.0
2024-11-27 08:38:00-05:00,137.2736,137.35,137.25,137.35,0,0.0,0.0
2024-11-27 08:39:00-05:00,137.3,137.35,137.29,137.35,0,0.0,0.0
2024-11-27 08:40:00-05:00,137.325,137.35,137.19,137.32,0,0.0,0.0
2024-11-27 08:41:00-05:00,137.29,137.32,137.25,137.295,0,0.0,0.0
2024-11-27 08:42:00-05:00,137.3,137.54,137.27,137.505,0,0.0,0.0
2024-11-27 08:43:00-05:00,137.46,137.55,137.46,137.51,0,0.0,0.0
2024-11-27 08:44:00-05:00,137.5396,137.66,137.525,137.66,0,0.0,0.0
2024-11-27 08:45:00-05:00,137.57,137.66,137.46,137.58,0,0.0,0.0
2024-11-27 08:46:00-05:00,137.55,137.66,137.52,137.58,0,0.0,0.0
2024-11-27 08:47:00-05:00,137.55,137.6,137.51,137.51,0,0.0,0.0
2024-11-27 08:48:00-05:00,137.5796,137.6,137.52,137.5999,0,0.0,0.0
2024-11-27 08:49:00-05:00,137.57,137.6,137.57,137.6,0,0.0,0.0
2024-11-27 08:50:00-05:00,137.58,137.6,137.51,137.55,0,0.0,0.0
2024-11-27 08:51:00-05:00,137.55,137.6,137.53,137.54,0,0.0,0.0
2024-11-27 08:52:00-05:00,137.5628,137.6,137.51,137.51,0,0.0,0.0
2024-11-27 08:53:00-05:00,137.6,137.6,137.51,137.59,0,0.0,0.0
2024-11-27 08:54:00-05:00,137.59,137.6,137.55,137.575,0,0.0,0.0
2024-11-27 08:55:00-05:00,137.5501,137.6,137.55,137.56,0,0.0,0.0
2024-11-27 08:56:00-05:00,137.58,137.59,137.51,137.57,0,0.0,0.0
2024-11-27 08:57:00-05:00,137.52,137.57,137.48,137.52,0,0.0,0.0
2024-11-27 08:58:00-05:00,137.51,137.52,137.45,137.45,0,0.0,0.0
2024-11-27 08:59:00-05:00,137.45,137.54,137.45,137.5,0,0.0,0.0
2024-11-27 09:00:00-05:00,137.53,137.53,137.38,137.5,0,0.0,0.0
2024-11-27 09:01:00-05:00,137.5,137.5,137.37,137.435,0,0.0,0.0
2024-11-27 09:02:00-05:00,137.4,137.49,137.35,137.35,0,0.0,0.0
2024-11-27 09:03:00-05:00,137.37,137.49,137.3,137.3041,0,0.0,0.0
2024-11-27 09:04:00-05:00,137.3,137.4,137.3,137.3,0,0.0,0.0
2024-11-27 09:05:00-05:00,137.3,137.4,137.25,137.35,0,0.0,0.0
2024-11-27 09:06:00-05:00,137.35,137.5,137.3,137.5,0,0.0,0.0
2024-11-27 09:07:00-05:00,137.5,137.5,137.4,137.45,0,0.0,0.0
2024-11-27 09:08:00-05:00,137.45,137.45,137.37,137.43,0,0.0,0.0
2024-11-27 09:09:00-05:00,137.37,137.43,137.3,137.33,0,0.0,0.0
2024-11-27 09:10:00-05:00,137.3,137.39,137.3,137.39,0,0.0,0.0
2024-11-27 09:11:00-05:00,137.3,137.39,137.3,137.389,0,0.0,0.0
2024-11-27 09:12:00-05:00,137.39,137.42,137.3,137.42,0,0.0,0.0
2024-11-27 09:13:00-05:00,137.45,137.5,137.36,137.38,0,0.0,0.0
2024-11-27 09:14:00-05:00,137.38,137.45,137.3131,137.38,0,0.0,0.0
2024-11-27 09:15:00-05:00,137.41,137.41,137.31,137.34,0,0.0,0.0
2024-11-27 09:16:00-05:00,137.36,137.41,137.31,137.4099,0,0.0,0.0
2024-11-27 09:17:00-05:00,137.4,137.41,137.31,137.35,0,0.0,0.0
2024-11-27 09:18:00-05:00,137.35,137.4,137.31,137.3893,0,0.0,0.0
2024-11-27 09:19:00-05:00,137.37,137.39,137.25,137.29,0,0.0,0.0
2024-11-27 09:20:00-05:00,137.28,137.3,137.2,137.25,0,0.0,0.0
2024-11-27 09:21:00-05:00,137.25,137.25,137.1311,137.15,0,0.0,0.0
2024-11-27 09:22:00-05:00,137.15,137.18,137.11,137.18,0,0.0,0.0
2024-11-27 09:23:00-05:00,137.21,137.25,137.16,137.1995,0,0.0,0.0
2024-11-27 09:24:00-05:00,137.2,137.25,137.04,137.04,0,0.0,0.0
2024-11-27 09:25:00-05:00,137.09,137.2,136.95,137.2,0,0.0,0.0
2024-11-27 09:26:00-05:00,137.2,137.24,137.1,137.2364,0,0.0,0.0
2024-11-27 09:27:00-05:00,137.23,137.52,137.1,137.12,0,0.0,0.0
2024-11-27 09:28:00-05:00,137.41,137.58,137.25,137.56,0,0.0,0.0
2024-11-27 09:29:00-05:00,137.44,137.65,137.0,137.47,0,0.0,0.0
2024-11-27 09:30:00-05:00,137.3249969482422,137.94000244140625,136.75999450683594,136.78030395507812,882024,0.0,0.0
2024-11-27 09:31:00-05:00,136.83099365234375,137.38999938964844,136.3101043701172,136.36880493164062,225806,0.0,0.0
2024-11-27 09:32:00-05:00,136.36410522460938,136.75,136.13999938964844,136.47999572753906,155474,0.0,0.0
2024-11-27 09:33:00-05:00,136.4199981689453,136.77999877929688,136.3000030517578,136.39999389648438,154459,0.0,0.0
2024-11-27 09:34:00-05:00,136.33999633789062,136.5,136.1508026123047,136.4199981689453,105865,0.0,0.0
2024-11-27 09:35:00-05:00,136.4499969482422,136.8699951171875,136.4499969482422,136.8699951171875,114636,0.0,0.0
2024-11-27 09:36:00-05:00,136.85009765625,136.86000061035156,136.39999389648438,136.4499969482422,81698,0.0,0.0
2024-11-27 09:37:00-05:00,136.4600067138672,136.6199951171875,135.9499969482422,136.11000061035156,177366,0.0,0.0
2024-11-27 09:38:00-05:00,136.10000610351562,136.4199981689453,136.08079528808594,136.37049865722656,78768,0.0,0.0
2024-11-27 09:39:00-05:00,136.41990661621094,136.60000610351562,136.2100067138672,136.44500732421875,77617,0.0,0.0
2024-11-27 09:40:00-05:00,136.47999572753906,136.69000244140625,136.14999389648438,136.3050994873047,191070,0.0,0.0
2024-11-27 09:41:00-05:00,136.33999633789062,136.77999877929688,136.33999633789062,136.60000610351562,83890,0.0,0.0
2024-11-27 09:42:00-05:00,136.60989379882812,136.75,136.36000061035156,136.3699951171875,58543,0.0,0.0
2024-11-27 09:43:00-05:00,136.34669494628906,136.5886993408203,136.30999755859375,136.52999877929688,58486,0.0,0.0
2024-11-27 09:44:00-05:00,136.5399932861328,136.5695037841797,136.30999755859375,136.34500122070312,106448,0.0,0.0
2024-11-27 09:45:00-05:00,136.35369873046875,136.539794921875,136.31080627441406,136.49000549316406,55337,0.0,0.0
2024-11-27 09:46:00-05:00,136.48049926757812,136.75,136.41000366210938,136.6999969482422,80142,0.0,0.0
2024-11-27 09:47:00-05:00,136.67999267578125,136.77999877929688,136.55999755859375,136.75999450683594,61072,0.0,0.0
2024-11-27 09:48:00-05:00,136.7698974609375,136.82000732421875,136.4416046142578,136.66000366210938,88299,0.0,0.0
2024-11-27 09:49:00-05:00,136.66000366210938,136.75,136.44009399414062,136.4600067138672,45525,0.0,0.0
2024-11-27 09:50:00-05:00,136.47999572753906,136.52000427246094,136.26010131835938,136.27999877929688,96911,0.0,0.0
2024-11-27 09:51:00-05:00,136.2677001953125,136.2677001953125,135.9700927734375,136.0800018310547,143984,0.0,0.0
2024-11-27 09:52:00-05:00,136.07989501953125,136.19000244140625,135.96299743652344,136.14999389648438,97503,0.0,0.0
2024-11-27 09:53:00-05:00,136.14700317382812,136.44000244140625,136.08799743652344,136.2899932861328,116342,0.0,0.0
2024-11-27 09:54:00-05:00,136.3300018310547,136.42160034179688,136.16000366210938,136.26499938964844,84845,0.0,0.0
2024-11-27 09:55:00-05:00,136.27999877929688,136.37989807128906,136.1300048828125,136.3029022216797,52339,0.0,0.0
2024-11-27 09:56:00-05:00,136.33999633789062,136.45799255371094,136.3300018310547,136.39500427246094,51267,0.0,0.0
2024-11-27 09:57:00-05:00,136.39500427246094,136.4779052734375,136.36000061035156,136.39999389648438,51424,0.0,0.0
2024-11-27 09:58:00-05:00,136.39500427246094,136.39990234375,136.14999389648438,136.1999969482422,50914,0.0,0.0
2024-11-27 09:59:00-05:00,136.18499755859375,136.2100067138672,135.92999267578125,135.99000549316406,123186,0.0,0.0
2024-11-27 10:00:00-05:00,135.99000549316406,136.00990295410156,135.77999877929688,135.9600067138672,142941,0.0,0.0
2024-11-27 10:01:00-05:00,135.97999572753906,136.0865936279297,135.85000610351562,135.8699951171875,113500,0.0,0.0
2024-11-27 10:02:00-05:00,135.8699951171875,136.07000732421875,135.77000427246094,136.02999877929688,108124,0.0,0.0
2024-11-27 10:03:00-05:00,136.014404296875,136.0500030517578,135.92999267578125,135.97000122070312,46765,0.0,0.0
2024-11-27 10:04:00-05:00,135.96319580078125,136.00999450683594,135.72999572753906,135.7449951171875,98434,0.0,0.0
2024-11-27 10:05:00-05:00,135.7449951171875,135.7449951171875,135.41000366210938,135.4250030517578,238256,0.0,0.0
2024-11-27 10:06:00-05:00,135.4250030517578,135.58999633789062,135.36000061035156,135.5124969482422,157761,0.0,0.0
2024-11-27 10:07:00-05:00,135.5399932861328,135.58999633789062,135.32000732421875,135.47999572753906,80617,0.0,0.0
2024-11-27 10:08:00-05:00,135.5,135.53500366210938,135.43499755859375,135.4499969482422,68251,0.0,0.0
2024-11-27 10:09:00-05:00,135.4499969482422,135.5500030517578,135.27000427246094,135.27999877929688,111723,0.0,0.0
2024-11-27 10:10:00-05:00,135.27999877929688,135.35000610351562,135.1300048828125,135.2100067138672,130110,0.0,0.0
2024-11-27 10:11:00-05:00,135.2100067138672,135.2299041748047,134.86000061035156,135.05999755859375,319375,0.0,0.0
2024-11-27 10:12:00-05:00,135.0659942626953,135.0659942626953,134.860107421875,134.88999938964844,99366,0.0,0.0
2024-11-27 10:13:00-05:00,134.89999389648438,134.89999389648438,134.75999450683594,134.82000732421875,126999,0.0,0.0
2024-11-27 10:14:00-05:00,134.8350067138672,134.8896026611328,134.75,134.76010131835938,145534,0.0,0.0
2024-11-27 10:15:00-05:00,134.7899932861328,134.9600067138672,134.7104034423828,134.88999938964844,123812,0.0,0.0
2024-11-27 10:16:00-05:00,134.8800048828125,134.9600067138672,134.42999267578125,134.50999450683594,195156,0.0,0.0
2024-11-27 10:17:00-05:00,134.5050048828125,134.77000427246094,134.4600067138672,134.46609497070312,117361,0.0,0.0
2024-11-27 10:18:00-05:00,134.4600067138672,134.61990356445312,134.4499969482422,134.4949951171875,91012,0.0,0.0
2024-11-27 10:19:00-05:00,134.52000427246094,134.6302032470703,134.49000549316406,134.53500366210938,83690,0.0,0.0
2024-11-27 10:20:00-05:00,134.52999877929688,134.66969299316406,134.50999450683594,134.61500549316406,164961,0.0,0.0
2024-11-27 10:21:00-05:00,134.60000610351562,134.64999389648438,134.39999389648438,134.4499969482422,119278,0.0,0.0
2024-11-27 10:22:00-05:00,134.44000244140625,134.6699981689453,134.38009643554688,134.38009643554688,145970,0.0,0.0
2024-11-27 10:23:00-05:00,134.3822021484375,134.64999389648438,134.35000610351562,134.63999938964844,76305,0.0,0.0
2024-11-27 10:24:00-05:00,134.64999389648438,134.69000244140625,134.5500030517578,134.5500030517578,80498,0.0,0.0
2024-11-27 10:25:00-05:00,134.5500946044922,134.63999938964844,134.50509643554688,134.5198974609375,69624,0.0,0.0
2024-11-27 10:26:00-05:00,134.52000427246094,134.6199951171875,134.41000366210938,134.5,76230,0.0,0.0
2024-11-27 10:27:00-05:00,134.50140380859375,134.52999877929688,134.27999877929688,134.3000030517578,69034,0.0,0.0
2024-11-27 10:28:00-05:00,134.3199005126953,134.4499969482422,134.25999450683594,134.3800048828125,96906,0.0,0.0
2024-11-27 10:29:00-05:00,134.36019897460938,134.42869567871094,134.30999755859375,134.31930541992188,57260,0.0,0.0
2024-11-27 10:30:00-05:00,134.33509826660156,134.39999389648438,134.16000366210938,134.17210388183594,96304,0.0,0.0
2024-11-27 10:31:00-05:00,134.16000366210938,134.25,134.05999755859375,134.22999572753906,82702,0.0,0.0
2024-11-27 10:32:00-05:00,134.2440948486328,134.4799041748047,134.17999267578125,134.4499969482422,89930,0.0,0.0
2024-11-27 10:33:00-05:00,134.4499969482422,134.67999267578125,134.38999938964844,134.5800018310547,106629,0.0,0.0
2024-11-27 10:34:00-05:00,134.5966033935547,134.6699981689453,134.3802947998047,134.41000366210938,76528,0.0,0.0
2024-11-27 10:35:00-05:00,134.44500732421875,134.5399932861328,134.2801055908203,134.32000732421875,66459,0.0,0.0
2024-11-27 10:36:00-05:00,134.35499572753906,134.35499572753906,134.0399932861328,134.05499267578125,77995,0.0,0.0
2024-11-27 10:37:00-05:00,134.0449981689453,134.10989379882812,133.89999389648438,133.93499755859375,223865,0.0,0.0
2024-11-27 10:38:00-05:00,133.94000244140625,134.1699981689453,133.8000030517578,133.97000122070312,279420,0.0,0.0
2024-11-27 10:39:00-05:00,133.98500061035156,134.09979248046875,133.91000366210938,133.9149932861328,57884,0.0,0.0
2024-11-27 10:40:00-05:00,133.92999267578125,133.94000244140625,133.77000427246094,133.86700439453125,122915,0.0,0.0
2024-11-27 10:41:00-05:00,133.8553924560547,134.14999389648438,133.81500244140625,134.1300048828125,101709,0.0,0.0
2024-11-27 10:42:00-05:00,134.13999938964844,134.16000366210938,134.0500030517578,134.13009643554688,68891,0.0,0.0
2024-11-27 10:43:00-05:00,134.1199951171875,134.24000549316406,134.1107940673828,134.13999938964844,84522,0.0,0.0
2024-11-27 10:44:00-05:00,134.14439392089844,134.27000427246094,134.10000610351562,134.27000427246094,69375,0.0,0.0
2024-11-27 10:45:00-05:00,134.2550048828125,134.28990173339844,134.0,134.0500030517578,73809,0.0,0.0
2024-11-27 10:48:00-05:00,134.05279541015625,134.07040405273438,133.89999389648438,133.91000366210938,184011,0.0,0.0
2024-11-27 10:49:00-05:00,133.9199981689453,133.99989318847656,133.87010192871094,133.875,64547,0.0,0.0
2024-11-27 10:50:00-05:00,133.88999938964844,134.01010131835938,133.74000549316406,133.86000061035156,99344,0.0,0.0
2024-11-27 10:51:00-05:00,133.86000061035156,133.86000061035156,133.60000610351562,133.60000610351562,109098,0.0,0.0
2024-11-27 10:52:00-05:00,133.61000061035156,133.8300018310547,133.60000610351562,133.8300018310547,89775,0.0,0.0
2024-11-27 10:53:00-05:00,133.85000610351562,133.86000061035156,133.7301025390625,133.83580017089844,40548,0.0,0.0
2024-11-27 10:54:00-05:00,133.8300018310547,134.10000610351562,133.8300018310547,134.06089782714844,99024,0.0,0.0
2024-11-27 10:55:00-05:00,134.05999755859375,134.05999755859375,133.97000122070312,134.00289916992188,44174,0.0,0.0
2024-11-27 10:56:00-05:00,134.0,134.07000732421875,133.97000122070312,134.07000732421875,53041,0.0,0.0
2024-11-27 10:57:00-05:00,134.0800018310547,134.2698974609375,134.0800018310547,134.23500061035156,52181,0.0,0.0
2024-11-27 10:58:00-05:00,134.23500061035156,134.36000061035156,134.22000122070312,134.25709533691406,60831,0.0,0.0
2024-11-27 10:59:00-05:00,134.24000549316406,134.25,134.15069580078125,134.19700622558594,61433,0.0,0.0
2024-11-27 11:00:00-05:00,134.19000244140625,134.1999969482422,134.07000732421875,134.10000610351562,37656,0.0,0.0
2024-11-27 11:01:00-05:00,134.076904296875,134.1999969482422,133.82009887695312,133.88499450683594,82734,0.0,0.0
2024-11-27 11:02:00-05:00,133.89990234375,133.99000549316406,133.81399536132812,133.88429260253906,44439,0.0,0.0
2024-11-27 11:03:00-05:00,133.9199981689453,133.9199981689453,133.8000030517578,133.82000732421875,56348,0.0,0.0
2024-11-27 11:04:00-05:00,133.8209991455078,134.0399932861328,133.80999755859375,133.97239685058594,73062,0.0,0.0
2024-11-27 11:05:00-05:00,133.9698944091797,133.9698944091797,133.86000061035156,133.92959594726562,41076,0.0,0.0
2024-11-27 11:06:00-05:00,133.91000366210938,133.97000122070312,133.88999938964844,133.9250030517578,74133,0.0,0.0
2024-11-27 11:07:00-05:00,133.92999267578125,133.94000244140625,133.6699981689453,133.69000244140625,86470,0.0,0.0
2024-11-27 11:08:00-05:00,133.6999969482422,133.77999877929688,133.66000366210938,133.67999267578125,74561,0.0,0.0
2024-11-27 11:09:00-05:00,133.69000244140625,133.96499633789062,133.6699981689453,133.96499633789062,107147,0.0,0.0
2024-11-27 11:10:00-05:00,133.95010375976562,133.9600067138672,133.5500030517578,133.5897979736328,102649,0.0,0.0
2024-11-27 11:11:00-05:00,133.55999755859375,133.57550048828125,133.22999572753906,133.24000549316406,216287,0.0,0.0
2024-11-27 11:12:00-05:00,133.24000549316406,133.4499969482422,133.1999969482422,133.43179321289062,130898,0.0,0.0
2024-11-27 11:13:00-05:00,133.42999267578125,133.47999572753906,133.2949981689453,133.2949981689453,79522,0.0,0.0
2024-11-27 11:14:00-05:00,133.2949981689453,133.4156036376953,133.27999877929688,133.36000061035156,101053,0.0,0.0
2024-11-27 11:15:00-05:00,133.36819458007812,133.52999877929688,133.36819458007812,133.5,56453,0.0,0.0
2024-11-27 11:16:00-05:00,133.50999450683594,133.53500366210938,133.41000366210938,133.41000366210938,49880,0.0,0.0
2024-11-27 11:17:00-05:00,133.41419982910156,133.64999389648438,133.38499450683594,133.5601043701172,85048,0.0,0.0
2024-11-27 11:18:00-05:00,133.56500244140625,133.5800018310547,133.3603973388672,133.3800048828125,54084,0.0,0.0
2024-11-27 11:19:00-05:00,133.38499450683594,133.4199981689453,133.26010131835938,133.39999389648438,88007,0.0,0.0
2024-11-27 11:20:00-05:00,133.41000366210938,133.42999267578125,133.27000427246094,133.31500244140625,72291,0.0,0.0
2024-11-27 11:21:00-05:00,133.31500244140625,133.38999938964844,133.24000549316406,133.29989624023438,75217,0.0,0.0
2024-11-27 11:22:00-05:00,133.30499267578125,133.35499572753906,133.25,133.29330444335938,48478,0.0,0.0
2024-11-27 11:23:00-05:00,133.30499267578125,133.3699951171875,133.22000122070312,133.22999572753906,60456,0.0,0.0
2024-11-27 11:24:00-05:00,133.23500061035156,133.32000732421875,133.22000122070312,133.27000427246094,51443,0.0,0.0
2024-11-27 11:25:00-05:00,133.26980590820312,133.26980590820312,133.11000061035156,133.25,141222,0.0,0.0
2024-11-27 11:26:00-05:00,133.25990295410156,133.36000061035156,133.16000366210938,133.22999572753906,134304,0.0,0.0
2024-11-27 11:27:00-05:00,133.22999572753906,133.25999450683594,133.0500030517578,133.0749969482422,80854,0.0,0.0
2024-11-27 11:28:00-05:00,133.0800018310547,133.33999633789062,132.9600067138672,133.3300018310547,670179,0.0,0.0
2024-11-27 11:29:00-05:00,133.2899932861328,133.47000122070312,133.27999877929688,133.4250030517578,112764,0.0,0.0
2024-11-27 11:30:00-05:00,133.41000366210938,133.47000122070312,133.35000610351562,133.38999938964844,64521,0.0,0.0
2024-11-27 11:31:00-05:00,133.39999389648438,133.55999755859375,133.38499450683594,133.50999450683594,92461,0.0,0.0
2024-11-27 11:32:00-05:00,133.52999877929688,133.58999633789062,133.49000549316406,133.5399932861328,81902,0.0,0.0
2024-11-27 11:33:00-05:00,133.5399932861328,133.56500244140625,133.42999267578125,133.4499969482422,47427,0.0,0.0
2024-11-27 11:34:00-05:00,133.44000244140625,133.52000427246094,133.42999267578125,133.50999450683594,60979,0.0,0.0
2024-11-27 11:35:00-05:00,133.50999450683594,133.50999450683594,133.39010620117188,133.4300994873047,82454,0.0,0.0
2024-11-27 11:36:00-05:00,133.46969604492188,133.48199462890625,133.22000122070312,133.44000244140625,102023,0.0,0.0
2024-11-27 11:37:00-05:00,133.42999267578125,133.6999969482422,133.41000366210938,133.5299072265625,169191,0.0,0.0
2024-11-27 11:38:00-05:00,133.52969360351562,133.52969360351562,133.35000610351562,133.43499755859375,62708,0.0,0.0
2024-11-27 11:39:00-05:00,133.4499969482422,133.48939514160156,133.40359497070312,133.4199981689453,71240,0.0,0.0
2024-11-27 11:40:00-05:00,133.4199981689453,133.55999755859375,133.41000366210938,133.44000244140625,88478,0.0,0.0
2024-11-27 11:41:00-05:00,133.47000122070312,133.52000427246094,133.44000244140625,133.5,52443,0.0,0.0
2024-11-27 11:42:00-05:00,133.5,133.55999755859375,133.25999450683594,133.27000427246094,72983,0.0,0.0
2024-11-27 11:43:00-05:00,133.27999877929688,133.37379455566406,133.27999877929688,133.3300018310547,48633,0.0,0.0
2024-11-27 11:44:00-05:00,133.3249969482422,133.35000610351562,133.1721954345703,133.17999267578125,53672,0.0,0.0
2024-11-27 11:45:00-05:00,133.18499755859375,133.2899932861328,133.18499755859375,133.22500610351562,30575,0.0,0.0
2024-11-27 11:46:00-05:00,133.22000122070312,133.26499938964844,133.0800018310547,133.10000610351562,42487,0.0,0.0
2024-11-27 11:47:00-05:00,133.10000610351562,133.16990661621094,133.05499267578125,133.14999389648438,54283,0.0,0.0
2024-11-27 11:48:00-05:00,133.16000366210938,133.16099548339844,133.08999633789062,133.09230041503906,35554,0.0,0.0
2024-11-27 11:49:00-05:00,133.10499572753906,133.15199279785156,133.02999877929688,133.10000610351562,48741,0.0,0.0
2024-11-27 11:50:00-05:00,133.08999633789062,133.27999877929688,133.08999633789062,133.19970703125,65272,0.0,0.0
2024-11-27 11:51:00-05:00,133.17080688476562,133.33999633789062,133.1300048828125,133.32989501953125,82758,0.0,0.0
2024-11-27 11:52:00-05:00,133.3300018310547,133.36000061035156,133.27999877929688,133.30799865722656,37154,0.0,0.0
2024-11-27 11:53:00-05:00,133.2899932861328,133.39999389648438,133.27999877929688,133.35000610351562,49361,0.0,0.0
2024-11-27 11:54:00-05:00,133.35000610351562,133.35000610351562,133.3000030517578,133.3300018310547,20997,0.0,0.0
2024-11-27 11:55:00-05:00,133.3300018310547,133.33999633789062,133.29010009765625,133.3249969482422,31345,0.0,0.0
2024-11-27 11:56:00-05:00,133.35000610351562,133.41000366210938,133.339599609375,133.35000610351562,27425,0.0,0.0
2024-11-27 11:57:00-05:00,133.35060119628906,133.375,133.28500366210938,133.3300018310547,38863,0.0,0.0
2024-11-27 11:58:00-05:00,133.32000732421875,133.4199981689453,133.32000732421875,133.3800048828125,37598,0.0,0.0
2024-11-27 11:59:00-05:00,133.39500427246094,133.39999389648438,133.30999755859375,133.3350067138672,33386,0.0,0.0
2024-11-27 12:00:00-05:00,133.32989501953125,133.33999633789062,133.17999267578125,133.27569580078125,61323,0.0,0.0
2024-11-27 12:01:00-05:00,133.27000427246094,133.32000732421875,133.14999389648438,133.1999969482422,45119,0.0,0.0
2024-11-27 12:02:00-05:00,133.1999969482422,133.24000549316406,133.11000061035156,133.22000122070312,47024,0.0,0.0
2024-11-27 12:03:00-05:00,133.23500061035156,133.47000122070312,133.23500061035156,133.3300018310547,99266,0.0,0.0
2024-11-27 12:04:00-05:00,133.33999633789062,133.37989807128906,133.31280517578125,133.34010314941406,24134,0.0,0.0
2024-11-27 12:05:00-05:00,133.36000061035156,133.39999389648438,133.3000030517578,133.3000030517578,35722,0.0,0.0
2024-11-27 12:06:00-05:00,133.2899932861328,133.2899932861328,133.16290283203125,133.21009826660156,45715,0.0,0.0
2024-11-27 12:07:00-05:00,133.22999572753906,133.3300018310547,133.22999572753906,133.31500244140625,41430,0.0,0.0
2024-11-27 12:08:00-05:00,133.31500244140625,133.36000061035156,133.17999267578125,133.17999267578125,57834,0.0,0.0
2024-11-27 12:09:00-05:00,133.2050018310547,133.29989624023438,133.14500427246094,133.2899932861328,35452,0.0,0.0
2024-11-27 12:10:00-05:00,133.2899932861328,133.42999267578125,133.28500366210938,133.3800048828125,53808,0.0,0.0
2024-11-27 12:11:00-05:00,133.3699951171875,133.47999572753906,133.33999633789062,133.41000366210938,47696,0.0,0.0
2024-11-27 12:12:00-05:00,133.4199981689453,133.47000122070312,133.3800048828125,133.39999389648438,38281,0.0,0.0
2024-11-27 12:13:00-05:00,133.41000366210938,133.47000122070312,133.39999389648438,133.44000244140625,59998,0.0,0.0
2024-11-27 12:14:00-05:00,133.42999267578125,133.4499969482422,133.38999938964844,133.42999267578125,37483,0.0,0.0
2024-11-27 12:15:00-05:00,133.42999267578125,133.47999572753906,133.4001007080078,133.41000366210938,32125,0.0,0.0
2024-11-27 12:16:00-05:00,133.40159606933594,133.41990661621094,133.3000030517578,133.30999755859375,38537,0.0,0.0
2024-11-27 12:17:00-05:00,133.31500244140625,133.38999938964844,133.3000030517578,133.35000610351562,36230,0.0,0.0
2024-11-27 12:18:00-05:00,133.33999633789062,133.41000366210938,133.33999633789062,133.39999389648438,35601,0.0,0.0
2024-11-27 12:19:00-05:00,133.39999389648438,133.4199981689453,133.3892059326172,133.41009521484375,25660,0.0,0.0
2024-11-27 12:20:00-05:00,133.4199981689453,133.4499969482422,133.36500549316406,133.3800048828125,44920,0.0,0.0
2024-11-27 12:21:00-05:00,133.375,133.4199981689453,133.3699951171875,133.4199981689453,21455,0.0,0.0
2024-11-27 12:22:00-05:00,133.41000366210938,133.41000366210938,133.30999755859375,133.3699951171875,34917,0.0,0.0
2024-11-27 12:23:00-05:00,133.3699951171875,133.41000366210938,133.3300018310547,133.3699951171875,27274,0.0,0.0
2024-11-27 12:24:00-05:00,133.3437042236328,133.375,133.33250427246094,133.33999633789062,19900,0.0,0.0
2024-11-27 12:25:00-05:00,133.36000061035156,133.55999755859375,133.33999633789062,133.52999877929688,49650,0.0,0.0
2024-11-27 12:26:00-05:00,133.53990173339844,133.5500030517578,133.4949951171875,133.5,36795,0.0,0.0
2024-11-27 12:27:00-05:00,133.49000549316406,133.52499389648438,133.47500610351562,133.50999450683594,27169,0.0,0.0
2024-11-27 12:28:00-05:00,133.50999450683594,133.5800018310547,133.5050048828125,133.5399932861328,25337,0.0,0.0
2024-11-27 12:29:00-05:00,133.52000427246094,133.5500030517578,133.50999450683594,133.5406036376953,31442,0.0,0.0
2024-11-27 12:30:00-05:00,133.5500030517578,133.5500030517578,133.39999389648438,133.42950439453125,37822,0.0,0.0
2024-11-27 12:31:00-05:00,133.41029357910156,133.49000549316406,133.41029357910156,133.47999572753906,25803,0.0,0.0
2024-11-27 12:32:00-05:00,133.47329711914062,133.48500061035156,133.39999389648438,133.42999267578125,35080,0.0,0.0
2024-11-27 12:33:00-05:00,133.4199981689453,133.58999633789062,133.41000366210938,133.5449981689453,38850,0.0,0.0
2024-11-27 12:34:00-05:00,133.55999755859375,133.7198944091797,133.5500030517578,133.67999267578125,55698,0.0,0.0
2024-11-27 12:35:00-05:00,133.69000244140625,133.72999572753906,133.6199951171875,133.72000122070312,50006,0.0,0.0
2024-11-27 12:36:00-05:00,133.7261962890625,133.75999450683594,133.6533966064453,133.6533966064453,30489,0.0,0.0
2024-11-27 12:37:00-05:00,133.65499877929688,133.74000549316406,133.65499877929688,133.69000244140625,32374,0.0,0.0
2024-11-27 12:38:00-05:00,133.69070434570312,133.7100067138672,133.64500427246094,133.67999267578125,34532,0.0,0.0
2024-11-27 12:39:00-05:00,133.7050018310547,133.71499633789062,133.6199951171875,133.6999969482422,46105,0.0,0.0
2024-11-27 12:40:00-05:00,133.72500610351562,133.7899932861328,133.70010375976562,133.77000427246094,172595,0.0,0.0
2024-11-27 12:41:00-05:00,133.77969360351562,133.86000061035156,133.72000122070312,133.8350067138672,54124,0.0,0.0
2024-11-27 12:42:00-05:00,133.860107421875,133.88999938964844,133.79010009765625,133.8112030029297,32289,0.0,0.0
2024-11-27 12:43:00-05:00,133.8000030517578,133.83990478515625,133.8000030517578,133.80999755859375,26997,0.0,0.0
2024-11-27 12:44:00-05:00,133.82000732421875,133.82000732421875,133.7899932861328,133.8199005126953,31093,0.0,0.0
2024-11-27 12:45:00-05:00,133.8000030517578,133.8350067138672,133.74000549316406,133.74000549316406,38837,0.0,0.0
2024-11-27 12:46:00-05:00,133.71009826660156,133.8000030517578,133.61000061035156,133.7100067138672,58717,0.0,0.0
2024-11-27 12:47:00-05:00,133.6999969482422,133.9499053955078,133.6999969482422,133.9398956298828,53920,0.0,0.0
2024-11-27 12:48:00-05:00,133.93499755859375,133.97999572753906,133.89999389648438,133.90159606933594,28658,0.0,0.0
2024-11-27 12:49:00-05:00,133.91000366210938,134.0,133.89500427246094,134.0,50044,0.0,0.0
2024-11-27 12:50:00-05:00,134.00399780273438,134.0050048828125,133.9199981689453,133.92999267578125,33716,0.0,0.0
2024-11-27 12:51:00-05:00,133.92999267578125,134.0399932861328,133.92999267578125,134.03990173339844,37014,0.0,0.0
2024-11-27 12:52:00-05:00,134.0399932861328,134.1199951171875,134.02000427246094,134.0749969482422,58886,0.0,0.0
2024-11-27 12:53:00-05:00,134.0749969482422,134.08990478515625,133.91000366210938,133.95989990234375,59830,0.0,0.0
2024-11-27 12:54:00-05:00,133.9571075439453,133.97410583496094,133.92999267578125,133.9409942626953,22824,0.0,0.0
2024-11-27 12:55:00-05:00,133.94000244140625,134.02999877929688,133.9199981689453,134.00999450683594,44484,0.0,0.0
2024-11-27 12:56:00-05:00,134.02000427246094,134.02890014648438,133.9698944091797,134.0050048828125,38159,0.0,0.0
2024-11-27 12:57:00-05:00,134.00999450683594,134.05999755859375,134.0,134.05999755859375,26295,0.0,0.0
2024-11-27 12:58:00-05:00,134.07000732421875,134.16000366210938,134.02999877929688,134.12229919433594,48290,0.0,0.0
2024-11-27 12:59:00-05:00,134.1300048828125,134.2100067138672,134.1300048828125,134.1699981689453,65844,0.0,0.0
2024-11-27 13:00:00-05:00,134.14999389648438,134.15159606933594,134.01600646972656,134.0500030517578,53158,0.0,0.0
2024-11-27 13:01:00-05:00,134.05499267578125,134.05499267578125,133.94000244140625,134.0301055908203,44714,0.0,0.0
2024-11-27 13:02:00-05:00,134.0399932861328,134.077392578125,134.01890563964844,134.05499267578125,16711,0.0,0.0
2024-11-27 13:03:00-05:00,134.0449981689453,134.1300048828125,134.0399932861328,134.1300048828125,16291,0.0,0.0
2024-11-27 13:04:00-05:00,134.11000061035156,134.20309448242188,134.10009765625,134.20309448242188,35057,0.0,0.0
2024-11-27 13:05:00-05:00,134.2050018310547,134.24000549316406,134.14500427246094,134.2100067138672,75283,0.0,0.0
2024-11-27 13:06:00-05:00,134.22500610351562,134.24000549316406,134.18299865722656,134.18299865722656,32519,0.0,0.0
2024-11-27 13:07:00-05:00,134.18479919433594,134.37620544433594,134.17999267578125,134.37359619140625,71789,0.0,0.0
2024-11-27 13:08:00-05:00,134.375,134.4149932861328,134.35000610351562,134.38999938964844,68033,0.0,0.0
2024-11-27 13:09:00-05:00,134.38499450683594,134.4149932861328,134.3300018310547,134.39830017089844,49017,0.0,0.0
2024-11-27 13:10:00-05:00,134.39019775390625,134.46499633789062,134.38070678710938,134.46499633789062,37127,0.0,0.0
2024-11-27 13:11:00-05:00,134.47000122070312,134.60000610351562,134.4499969482422,134.60000610351562,79797,0.0,0.0
2024-11-27 13:12:00-05:00,134.61480712890625,134.63999938964844,134.52999877929688,134.5814971923828,77368,0.0,0.0
2024-11-27 13:13:00-05:00,134.57009887695312,134.67999267578125,134.57009887695312,134.67999267578125,39362,0.0,0.0
2024-11-27 13:14:00-05:00,134.68499755859375,134.77999877929688,134.6699981689453,134.77029418945312,67937,0.0,0.0
2024-11-27 13:15:00-05:00,134.77999877929688,134.7899932861328,134.64999389648438,134.71299743652344,45219,0.0,0.0
2024-11-27 13:16:00-05:00,134.7100067138672,134.75399780273438,134.67080688476562,134.75,62712,0.0,0.0
2024-11-27 13:17:00-05:00,134.74130249023438,134.77999877929688,134.67999267578125,134.75660705566406,34028,0.0,0.0
2024-11-27 13:18:00-05:00,134.75999450683594,134.8551025390625,134.75,134.85000610351562,60244,0.0,0.0
2024-11-27 13:19:00-05:00,134.852294921875,134.9199981689453,134.77999877929688,134.8000946044922,68914,0.0,0.0
2024-11-27 13:20:00-05:00,134.82000732421875,134.82000732421875,134.6820068359375,134.6820068359375,44199,0.0,0.0
2024-11-27 13:21:00-05:00,134.6999053955078,134.72500610351562,134.64999389648438,134.67999267578125,62683,0.0,0.0
2024-11-27 13:22:00-05:00,134.6750030517578,134.6999969482422,134.50999450683594,134.5699005126953,86412,0.0,0.0
2024-11-27 13:23:00-05:00,134.57000732421875,134.5800018310547,134.49000549316406,134.5399932861328,39072,0.0,0.0
2024-11-27 13:24:00-05:00,134.5399932861328,134.5800018310547,134.539306640625,134.55499267578125,23537,0.0,0.0
2024-11-27 13:25:00-05:00,134.55889892578125,134.60000610351562,134.52000427246094,134.52999877929688,31538,0.0,0.0
2024-11-27 13:26:00-05:00,134.50070190429688,134.6199951171875,134.5,134.60000610351562,32493,0.0,0.0
2024-11-27 13:27:00-05:00,134.58999633789062,134.61000061035156,134.55999755859375,134.58099365234375,27908,0.0,0.0
2024-11-27 13:28:00-05:00,134.57020568847656,134.6204071044922,134.57000732421875,134.59039306640625,9034,0.0,0.0
2024-11-27 13:29:00-05:00,134.58999633789062,134.75,134.58999633789062,134.7301025390625,36096,0.0,0.0
2024-11-27 13:30:00-05:00,134.72999572753906,134.9008026123047,134.69000244140625,134.9008026123047,45993,0.0,0.0
2024-11-27 13:31:00-05:00,134.90499877929688,134.9199981689453,134.82000732421875,134.83999633789062,36160,0.0,0.0
2024-11-27 13:32:00-05:00,134.84060668945312,134.9499969482422,134.8300018310547,134.93899536132812,33106,0.0,0.0
2024-11-27 13:33:00-05:00,134.92999267578125,134.9499969482422,134.86500549316406,134.88499450683594,35551,0.0,0.0
2024-11-27 13:34:00-05:00,134.88999938964844,134.94000244140625,134.86000061035156,134.93960571289062,35102,0.0,0.0
2024-11-27 13:35:00-05:00,134.9210968017578,135.07000732421875,134.9210968017578,135.07000732421875,116399,0.0,0.0
2024-11-27 13:36:00-05:00,135.0596923828125,135.0596923828125,134.860107421875,134.860107421875,64035,0.0,0.0
2024-11-27 13:37:00-05:00,134.8699951171875,135.02000427246094,134.8699951171875,135.0,36477,0.0,0.0
2024-11-27 13:38:00-05:00,134.9949951171875,135.0,134.92999267578125,134.97000122070312,27027,0.0,0.0
2024-11-27 13:39:00-05:00,134.96009826660156,135.08999633789062,134.9591064453125,135.07000732421875,35691,0.0,0.0
2024-11-27 13:40:00-05:00,135.0718994140625,135.11880493164062,135.0500030517578,135.07000732421875,38201,0.0,0.0
2024-11-27 13:41:00-05:00,135.07000732421875,135.14999389648438,134.9499969482422,134.96099853515625,67120,0.0,0.0
2024-11-27 13:42:00-05:00,134.9770050048828,134.9770050048828,134.76010131835938,134.78990173339844,67539,0.0,0.0
2024-11-27 13:43:00-05:00,134.78500366210938,134.82000732421875,134.75999450683594,134.77999877929688,29656,0.0,0.0
2024-11-27 13:44:00-05:00,134.78500366210938,134.89999389648438,134.78500366210938,134.88009643554688,29832,0.0,0.0
2024-11-27 13:45:00-05:00,134.88999938964844,134.9499969482422,134.82000732421875,134.82179260253906,30918,0.0,0.0
2024-11-27 13:46:00-05:00,134.8300018310547,134.8800048828125,134.82000732421875,134.8800048828125,28160,0.0,0.0
2024-11-27 13:47:00-05:00,134.8800048828125,134.91990661621094,134.85000610351562,134.86000061035156,10465,0.0,0.0
2024-11-27 13:48:00-05:00,134.86000061035156,134.86000061035156,134.78199768066406,134.82989501953125,30888,0.0,0.0
2024-11-27 13:49:00-05:00,134.80990600585938,134.9499969482422,134.78309631347656,134.94000244140625,17794,0.0,0.0
2024-11-27 13:50:00-05:00,134.9499969482422,135.0699005126953,134.9499969482422,135.0699005126953,58084,0.0,0.0
2024-11-27 13:51:00-05:00,135.05999755859375,135.07000732421875,134.99000549316406,135.0200958251953,47372,0.0,0.0
2024-11-27 13:52:00-05:00,135.02999877929688,135.07000732421875,134.89999389648438,134.94500732421875,39697,0.0,0.0
2024-11-27 13:53:00-05:00,134.9586944580078,135.00990295410156,134.91000366210938,134.98809814453125,30980,0.0,0.0
2024-11-27 13:54:00-05:00,135.00990295410156,135.00990295410156,134.9499969482422,134.9799041748047,25343,0.0,0.0
2024-11-27 13:55:00-05:00,134.96170043945312,135.0240020751953,134.9300994873047,135.0155029296875,27390,0.0,0.0
2024-11-27 13:56:00-05:00,135.02000427246094,135.08999633789062,135.00999450683594,135.0699005126953,42046,0.0,0.0
2024-11-27 13:57:00-05:00,135.04440307617188,135.08999633789062,135.04440307617188,135.0832977294922,14641,0.0,0.0
2024-11-27 13:58:00-05:00,135.08999633789062,135.14999389648438,135.05999755859375,135.12620544433594,42591,0.0,0.0
2024-11-27 13:59:00-05:00,135.110107421875,135.17990112304688,135.07940673828125,135.09800720214844,47669,0.0,0.0
2024-11-27 14:00:00-05:00,135.09010314941406,135.19000244140625,135.08340454101562,135.13999938964844,61494,0.0,0.0
2024-11-27 14:01:00-05:00,135.13999938964844,135.3300018310547,135.110107421875,135.27999877929688,99080,0.0,0.0
2024-11-27 14:02:00-05:00,135.26010131835938,135.2899932861328,135.22000122070312,135.2449951171875,32202,0.0,0.0
2024-11-27 14:03:00-05:00,135.25010681152344,135.3000030517578,135.17999267578125,135.25010681152344,60314,0.0,0.0
2024-11-27 14:04:00-05:00,135.25999450683594,135.36920166015625,135.25999450683594,135.26010131835938,63587,0.0,0.0
2024-11-27 14:05:00-05:00,135.27999877929688,135.3699951171875,135.27000427246094,135.3300018310547,42985,0.0,0.0
2024-11-27 14:06:00-05:00,135.3217010498047,135.3300018310547,135.1699981689453,135.1737060546875,48679,0.0,0.0
2024-11-27 14:07:00-05:00,135.19000244140625,135.2899932861328,135.17999267578125,135.2100067138672,35988,0.0,0.0
2024-11-27 14:08:00-05:00,135.21009826660156,135.32000732421875,135.19500732421875,135.2906951904297,59005,0.0,0.0
2024-11-27 14:09:00-05:00,135.29989624023438,135.42999267578125,135.2100067138672,135.21009826660156,84535,0.0,0.0
2024-11-27 14:10:00-05:00,135.22999572753906,135.2899932861328,135.1999969482422,135.24989318847656,88479,0.0,0.0
2024-11-27 14:11:00-05:00,135.22000122070312,135.32000732421875,135.2100067138672,135.27000427246094,142430,0.0,0.0
2024-11-27 14:12:00-05:00,135.27000427246094,135.33999633789062,135.22410583496094,135.32000732421875,44058,0.0,0.0
2024-11-27 14:13:00-05:00,135.32000732421875,135.4499969482422,135.3101043701172,135.43899536132812,68418,0.0,0.0
2024-11-27 14:14:00-05:00,135.44500732421875,135.50999450683594,135.41000366210938,135.50999450683594,107129,0.0,0.0
2024-11-27 14:15:00-05:00,135.5,135.52999877929688,135.42010498046875,135.4499969482422,54612,0.0,0.0
2024-11-27 14:16:00-05:00,135.42999267578125,135.47869873046875,135.41000366210938,135.4398956298828,40757,0.0,0.0
2024-11-27 14:17:00-05:00,135.42999267578125,135.4355926513672,135.375,135.39500427246094,46536,0.0,0.0
2024-11-27 14:18:00-05:00,135.39500427246094,135.89999389648438,135.32000732421875,135.33999633789062,321652,0.0,0.0
2024-11-27 14:19:00-05:00,135.33999633789062,135.46580505371094,135.32000732421875,135.4499969482422,45816,0.0,0.0
2024-11-27 14:20:00-05:00,135.4600067138672,135.4600067138672,135.3300018310547,135.36000061035156,32833,0.0,0.0
2024-11-27 14:21:00-05:00,135.35499572753906,135.45919799804688,135.35000610351562,135.42950439453125,20489,0.0,0.0
2024-11-27 14:22:00-05:00,135.4199981689453,135.4698944091797,135.39999389648438,135.4499969482422,28805,0.0,0.0
2024-11-27 14:23:00-05:00,135.4499969482422,135.52999877929688,135.44000244140625,135.52000427246094,38136,0.0,0.0
2024-11-27 14:24:00-05:00,135.52999877929688,135.5800018310547,135.47000122070312,135.53050231933594,59454,0.0,0.0
2024-11-27 14:25:00-05:00,135.5399932861328,135.64999389648438,135.52999877929688,135.60000610351562,69945,0.0,0.0
2024-11-27 14:26:00-05:00,135.593994140625,135.593994140625,135.49000549316406,135.52000427246094,52678,0.0,0.0
2024-11-27 14:27:00-05:00,135.52000427246094,135.5500030517578,135.4499969482422,135.45989990234375,39087,0.0,0.0
2024-11-27 14:28:00-05:00,135.4600067138672,135.52969360351562,135.44000244140625,135.4600067138672,18013,0.0,0.0
2024-11-27 14:29:00-05:00,135.46009826660156,135.47999572753906,135.41090393066406,135.42999267578125,35443,0.0,0.0
2024-11-27 14:30:00-05:00,135.4199981689453,135.54100036621094,135.41000366210938,135.52850341796875,34112,0.0,0.0
2024-11-27 14:31:00-05:00,135.5399932861328,135.5500030517578,135.4801025390625,135.52999877929688,23462,0.0,0.0
2024-11-27 14:32:00-05:00,135.5590057373047,135.68499755859375,135.5500030517578,135.64010620117188,60566,0.0,0.0
2024-11-27 14:33:00-05:00,135.66000366210938,135.66000366210938,135.55130004882812,135.5850067138672,41144,0.0,0.0
2024-11-27 14:34:00-05:00,135.57000732421875,135.60000610351562,135.5500030517578,135.5601043701172,21421,0.0,0.0
2024-11-27 14:35:00-05:00,135.57000732421875,135.60000610351562,135.5500030517578,135.58999633789062,31943,0.0,0.0
2024-11-27 14:36:00-05:00,135.58999633789062,135.63499450683594,135.5200958251953,135.593994140625,39141,0.0,0.0
2024-11-27 14:37:00-05:00,135.58999633789062,135.69000244140625,135.57000732421875,135.69000244140625,43986,0.0,0.0
2024-11-27 14:38:00-05:00,135.6999053955078,135.77999877929688,135.6800994873047,135.77499389648438,56391,0.0,0.0
2024-11-27 14:39:00-05:00,135.77000427246094,135.86000061035156,135.76800537109375,135.8300018310547,60917,0.0,0.0
2024-11-27 14:40:00-05:00,135.8300018310547,135.8699951171875,135.77000427246094,135.86000061035156,63797,0.0,0.0
2024-11-27 14:41:00-05:00,135.85000610351562,135.8699951171875,135.82009887695312,135.86000061035156,39721,0.0,0.0
2024-11-27 14:42:00-05:00,135.87820434570312,135.89999389648438,135.7899932861328,135.8000030517578,40641,0.0,0.0
2024-11-27 14:43:00-05:00,135.8000030517578,135.92799377441406,135.7899932861328,135.88999938964844,43267,0.0,0.0
2024-11-27 14:44:00-05:00,135.8800048828125,135.91270446777344,135.8000030517578,135.8551025390625,28679,0.0,0.0
2024-11-27 14:45:00-05:00,135.86000061035156,135.86990356445312,135.7899932861328,135.83999633789062,32322,0.0,0.0
2024-11-27 14:46:00-05:00,135.83999633789062,135.8800048828125,135.8101043701172,135.8800048828125,29005,0.0,0.0
2024-11-27 14:47:00-05:00,135.88980102539062,135.9600067138672,135.8699951171875,135.91000366210938,62599,0.0,0.0
2024-11-27 14:48:00-05:00,135.9398956298828,135.99989318847656,135.88999938964844,135.97999572753906,55479,0.0,0.0
2024-11-27 14:49:00-05:00,135.97999572753906,136.0200958251953,135.94500732421875,135.98829650878906,62536,0.0,0.0
2024-11-27 14:50:00-05:00,135.9918975830078,136.0500030517578,135.96499633789062,136.04989624023438,51586,0.0,0.0
2024-11-27 14:51:00-05:00,136.0399932861328,136.0500030517578,135.9499969482422,135.99000549316406,32092,0.0,0.0
2024-11-27 14:52:00-05:00,135.99000549316406,135.9949951171875,135.85000610351562,135.86990356445312,41974,0.0,0.0
2024-11-27 14:53:00-05:00,135.85989379882812,135.86990356445312,135.76010131835938,135.85000610351562,45261,0.0,0.0
2024-11-27 14:54:00-05:00,135.86500549316406,135.8699951171875,135.82009887695312,135.86000061035156,25478,0.0,0.0
2024-11-27 14:55:00-05:00,135.83999633789062,135.85989379882812,135.67999267578125,135.69000244140625,60937,0.0,0.0
2024-11-27 14:56:00-05:00,135.67999267578125,135.72999572753906,135.67999267578125,135.68499755859375,36670,0.0,0.0
2024-11-27 14:57:00-05:00,135.67999267578125,135.77999877929688,135.67999267578125,135.76010131835938,42075,0.0,0.0
2024-11-27 14:58:00-05:00,135.75999450683594,135.75999450683594,135.6800994873047,135.7449951171875,33759,0.0,0.0
2024-11-27 14:59:00-05:00,135.74000549316406,135.82989501953125,135.7100067138672,135.8000030517578,31343,0.0,0.0
2024-11-27 15:00:00-05:00,135.7935028076172,135.85000610351562,135.75,135.77499389648438,28315,0.0,0.0
2024-11-27 15:01:00-05:00,135.7700958251953,135.9550018310547,135.7700958251953,135.94009399414062,59261,0.0,0.0
2024-11-27 15:02:00-05:00,135.94009399414062,136.02000427246094,135.89999389648438,135.96620178222656,62986,0.0,0.0
2024-11-27 15:03:00-05:00,135.9499969482422,136.00999450683594,135.9250030517578,135.9949951171875,34486,0.0,0.0
2024-11-27 15:04:00-05:00,136.00999450683594,136.11990356445312,136.00999450683594,136.02999877929688,59896,0.0,0.0
2024-11-27 15:05:00-05:00,136.0399932861328,136.06500244140625,136.0,136.0,37885,0.0,0.0
2024-11-27 15:06:00-05:00,136.00999450683594,136.0500946044922,135.89999389648438,135.96499633789062,54761,0.0,0.0
2024-11-27 15:07:00-05:00,135.9600067138672,135.97999572753906,135.91009521484375,135.9600067138672,21072,0.0,0.0
2024-11-27 15:08:00-05:00,135.9499969482422,136.02999877929688,135.9199981689453,136.02999877929688,30752,0.0,0.0
2024-11-27 15:09:00-05:00,136.0399932861328,136.13999938964844,136.0399932861328,136.08999633789062,58168,0.0,0.0
2024-11-27 15:10:00-05:00,136.10000610351562,136.1199951171875,136.05960083007812,136.0800018310547,25697,0.0,0.0
2024-11-27 15:11:00-05:00,136.08999633789062,136.11000061035156,136.05499267578125,136.05499267578125,26868,0.0,0.0
2024-11-27 15:12:00-05:00,136.0500030517578,136.07000732421875,136.00999450683594,136.05999755859375,37306,0.0,0.0
2024-11-27 15:13:00-05:00,136.07989501953125,136.07989501953125,135.92100524902344,135.9792938232422,37492,0.0,0.0
2024-11-27 15:14:00-05:00,135.97000122070312,136.04989624023438,135.9499969482422,136.0491943359375,37572,0.0,0.0
2024-11-27 15:15:00-05:00,136.0583953857422,136.25,136.0500030517578,136.22999572753906,119346,0.0,0.0
2024-11-27 15:16:00-05:00,136.22000122070312,136.23910522460938,136.10000610351562,136.11000061035156,49837,0.0,0.0
2024-11-27 15:17:00-05:00,136.10000610351562,136.10000610351562,136.00010681152344,136.00010681152344,32261,0.0,0.0
2024-11-27 15:18:00-05:00,136.0050048828125,136.0500030517578,135.97999572753906,136.0500030517578,43302,0.0,0.0
2024-11-27 15:19:00-05:00,136.02999877929688,136.0399932861328,135.9199981689453,135.96780395507812,38994,0.0,0.0
2024-11-27 15:20:00-05:00,135.95010375976562,135.97000122070312,135.89999389648438,135.94000244140625,44741,0.0,0.0
2024-11-27 15:21:00-05:00,135.93919372558594,135.94000244140625,135.80999755859375,135.81979370117188,50229,0.0,0.0
2024-11-27 15:22:00-05:00,135.84970092773438,135.99000549316406,135.83009338378906,135.9600067138672,32327,0.0,0.0
2024-11-27 15:23:00-05:00,135.97000122070312,135.97999572753906,135.8300018310547,135.86000061035156,41743,0.0,0.0
2024-11-27 15:24:00-05:00,135.85000610351562,135.86990356445312,135.75,135.83639526367188,70976,0.0,0.0
2024-11-27 15:25:00-05:00,135.8300018310547,135.90220642089844,135.8000030517578,135.8699951171875,41521,0.0,0.0
2024-11-27 15:26:00-05:00,135.86000061035156,135.91990661621094,135.80029296875,135.8699951171875,36989,0.0,0.0
2024-11-27 15:27:00-05:00,135.88999938964844,135.94000244140625,135.86000061035156,135.89999389648438,35462,0.0,0.0
2024-11-27 15:28:00-05:00,135.91000366210938,135.9553985595703,135.8800048828125,135.94000244140625,30487,0.0,0.0
2024-11-27 15:29:00-05:00,135.93499755859375,136.0,135.91000366210938,135.99180603027344,38730,0.0,0.0
2024-11-27 15:30:00-05:00,135.99000549316406,135.99830627441406,135.80999755859375,135.80999755859375,42725,0.0,0.0
2024-11-27 15:31:00-05:00,135.8000030517578,135.85000610351562,135.77000427246094,135.85000610351562,31081,0.0,0.0
2024-11-27 15:32:00-05:00,135.86000061035156,135.89999389648438,135.83859252929688,135.86000061035156,30059,0.0,0.0
2024-11-27 15:33:00-05:00,135.8300018310547,135.86000061035156,135.74729919433594,135.76499938964844,81715,0.0,0.0
2024-11-27 15:34:00-05:00,135.75999450683594,135.8498992919922,135.75999450683594,135.77499389648438,33080,0.0,0.0
2024-11-27 15:35:00-05:00,135.7799072265625,135.82000732421875,135.74220275878906,135.77000427246094,52212,0.0,0.0
2024-11-27 15:36:00-05:00,135.77000427246094,135.9600067138672,135.75999450683594,135.92990112304688,56724,0.0,0.0
2024-11-27 15:37:00-05:00,135.92990112304688,136.0399932861328,135.9199981689453,136.0050048828125,61133,0.0,0.0
2024-11-27 15:38:00-05:00,136.0,136.0500030517578,135.9801025390625,135.98989868164062,31628,0.0,0.0
2024-11-27 15:39:00-05:00,135.98500061035156,136.00999450683594,135.8719024658203,135.8795928955078,37794,0.0,0.0
2024-11-27 15:40:00-05:00,135.8802947998047,135.88999938964844,135.78500366210938,135.8000030517578,55385,0.0,0.0
2024-11-27 15:41:00-05:00,135.8000030517578,135.81939697265625,135.68499755859375,135.7200927734375,61642,0.0,0.0
2024-11-27 15:42:00-05:00,135.72500610351562,135.75990295410156,135.6699981689453,135.6699981689453,60554,0.0,0.0
2024-11-27 15:43:00-05:00,135.6750030517578,135.73989868164062,135.61000061035156,135.72999572753906,79756,0.0,0.0
2024-11-27 15:44:00-05:00,135.72999572753906,135.8249969482422,135.72000122070312,135.8000030517578,55529,0.0,0.0
2024-11-27 15:45:00-05:00,135.80990600585938,135.85000610351562,135.78550720214844,135.83009338378906,50308,0.0,0.0
2024-11-27 15:46:00-05:00,135.8300018310547,135.8300018310547,135.72000122070312,135.75999450683594,35209,0.0,0.0
2024-11-27 15:47:00-05:00,135.77560424804688,135.8000030517578,135.74000549316406,135.79100036621094,40249,0.0,0.0
2024-11-27 15:48:00-05:00,135.82000732421875,135.94000244140625,135.82000732421875,135.90260314941406,46174,0.0,0.0
2024-11-27 15:49:00-05:00,135.88999938964844,135.9600067138672,135.83999633789062,135.86990356445312,46322,0.0,0.0
2024-11-27 15:50:00-05:00,135.85000610351562,136.11000061035156,135.85000610351562,136.0800018310547,116053,0.0,0.0
2024-11-27 15:51:00-05:00,136.0800018310547,136.1199951171875,136.0500030517578,136.1199951171875,67939,0.0,0.0
2024-11-27 15:52:00-05:00,136.11000061035156,136.2100067138672,136.11000061035156,136.1999969482422,78951,0.0,0.0
2024-11-27 15:53:00-05:00,136.2100067138672,136.24000549316406,136.110107421875,136.22999572753906,68117,0.0,0.0
2024-11-27 15:54:00-05:00,136.22000122070312,136.27000427246094,135.9499969482422,136.05999755859375,173894,0.0,0.0
2024-11-27 15:55:00-05:00,136.0749969482422,136.28500366210938,136.0500030517578,136.26519775390625,99601,0.0,0.0
2024-11-27 15:56:00-05:00,136.25999450683594,136.27999877929688,136.16009521484375,136.1699981689453,72483,0.0,0.0
2024-11-27 15:57:00-05:00,136.1699981689453,136.25999450683594,136.16000366210938,136.23500061035156,92348,0.0,0.0
2024-11-27 15:58:00-05:00,136.24000549316406,136.33999633789062,136.22500610351562,136.3249969482422,120895,0.0,0.0
2024-11-27 15:59:00-05:00,136.3300018310547,136.3699951171875,136.19000244140625,136.24000549316406,427926,0.0,0.0
2024-11-27 16:00:00-05:00,136.24,136.3297,136.14,136.3297,2618806,0.0,0.0
2024-11-27 16:01:00-05:00,136.33,136.33,136.24,136.29,0,0.0,0.0
2024-11-27 16:02:00-05:00,136.33,136.36,136.24,136.24,0,0.0,0.0
2024-11-27 16:03:00-05:00,136.31,142.695,136.24,142.695,0,0.0,0.0
2024-11-27 16:04:00-05:00,136.341,136.36,136.29,136.32,0,0.0,0.0
2024-11-27 16:05:00-05:00,136.33,136.33,136.235,136.24,0,0.0,0.0
2024-11-27 16:06:00-05:00,136.2393,136.3,136.2,136.27,0,0.0,0.0
2024-11-27 16:07:00-05:00,136.27,136.29,136.25,136.275,0,0.0,0.0
2024-11-27 16:08:00-05:00,136.27,136.27,136.21,136.25,0,0.0,0.0
2024-11-27 16:09:00-05:00,136.27,136.27,136.25,136.25,0,0.0,0.0
2024-11-27 16:10:00-05:00,136.21,136.27,136.185,136.23,0,0.0,0.0
2024-11-27 16:11:00-05:00,136.26,136.27,136.2,136.2682,0,0.0,0.0
2024-11-27 16:12:00-05:00,136.23,136.25,136.2,136.23,0,0.0,0.0
2024-11-27 16:13:00-05:00,136.23,136.25,136.2,136.225,0,0.0,0.0
2024-11-27 16:14:00-05:00,136.23,136.25,136.2,136.21,0,0.0,0.0
2024-11-27 16:15:00-05:00,136.2671,136.27,136.2,136.21,0,0.0,0.0
2024-11-27 16:16:00-05:00,136.25,136.27,136.2,136.23,0,0.0,0.0
2024-11-27 16:17:00-05:00,136.135,136.2,136.07,136.135,0,0.0,0.0
2024-11-27 16:18:00-05:00,136.2,136.2,136.1501,136.2,0,0.0,0.0
2024-11-27 16:19:00-05:00,136.17,136.23,136.15,136.151,0,0.0,0.0
2024-11-27 16:20:00-05:00,136.24,136.24,136.15,136.2,0,0.0,0.0
2024-11-27 16:21:00-05:00,136.15,136.2,136.15,136.15,0,0.0,0.0
2024-11-27 16:22:00-05:00,136.25,136.25,136.1772,136.24,0,0.0,0.0
2024-11-27 16:23:00-05:00,136.205,136.24,136.16,136.2,0,0.0,0.0
2024-11-27 16:24:00-05:00,136.24,136.24,136.175,136.22,0,0.0,0.0
2024-11-27 16:25:00-05:00,136.21,136.27,136.21,136.22,0,0.0,0.0
2024-11-27 16:26:00-05:00,136.24,136.27,136.22,136.26,0,0.0,0.0
2024-11-27 16:27:00-05:00,136.23,136.26,136.21,136.21,0,0.0,0.0
2024-11-27 16:28:00-05:00,136.2,136.27,136.2,136.22,0,0.0,0.0
2024-11-27 16:29:00-05:00,136.27,136.27,136.22,136.27,0,0.0,0.0
2024-11-27 16:30:00-05:00,136.22,136.27,136.22,136.24,0,0.0,0.0
2024-11-27 16:31:00-05:00,136.24,136.26,135.5,136.235,0,0.0,0.0
2024-11-27 16:32:00-05:00,136.25,136.26,136.24,136.26,0,0.0,0.0
2024-11-27 16:33:00-05:00,136.24,136.3,136.24,136.3,0,0.0,0.0
2024-11-27 16:34:00-05:00,136.2995,136.3,136.28,136.28,0,0.0,0.0
2024-11-27 16:35:00-05:00,136.24,136.26,136.2,136.215,0,0.0,0.0
2024-11-27 16:36:00-05:00,136.2,136.2499,136.2,136.2,0,0.0,0.0
2024-11-27 16:37:00-05:00,136.23,136.25,136.18,136.2,0,0.0,0.0
2024-11-27 16:38:00-05:00,136.2,136.25,136.18,136.225,0,0.0,0.0
2024-11-27 16:39:00-05:00,136.22,136.24,136.16,136.2265,0,0.0,0.0
2024-11-27 16:40:00-05:00,136.24,136.24,136.16,136.195,0,0.0,0.0
2024-11-27 16:41:00-05:00,136.23,136.23,136.16,136.23,0,0.0,0.0
2024-11-27 16:42:00-05:00,136.195,136.23,136.16,136.23,0,0.0,0.0
2024-11-27 16:43:00-05:00,136.22,136.23,136.22,136.23,0,0.0,0.0
2024-11-27 16:44:00-05:00,136.2,136.2,136.17,136.2,0,0.0,0.0
2024-11-27 16:45:00-05:00,136.19,136.2,136.1708,136.1708,0,0.0,0.0
2024-11-27 16:46:00-05:00,136.18,136.2,136.17,136.18,0,0.0,0.0
2024-11-27 16:47:00-05:00,136.2,136.23,136.16,136.23,0,0.0,0.0
2024-11-27 16:48:00-05:00,136.205,136.23,136.205,136.205,0,0.0,0.0
2024-11-27 16:49:00-05:00,136.23,136.24,136.18,136.24,0,0.0,0.0
2024-11-27 16:50:00-05:00,136.1861,136.27,136.18,136.2,0,0.0,0.0
2024-11-27 16:51:00-05:00,136.2677,136.27,136.26,136.26,0,0.0,0.0
2024-11-27 16:52:00-05:00,136.26,136.26,136.22,136.22,0,0.0,0.0
2024-11-27 16:53:00-05:00,136.24,136.26,136.24,136.26,0,0.0,0.0
2024-11-27 16:54:00-05:00,136.2599,136.2599,136.25,136.25,0,0.0,0.0
2024-11-27 16:55:00-05:00,136.24,136.25,136.24,136.25,0,0.0,0.0
2024-11-27 16:56:00-05:00,136.25,136.26,136.24,136.25,0,0.0,0.0
2024-11-27 16:57:00-05:00,136.25,136.25,136.18,136.25,0,0.0,0.0
2024-11-27 16:58:00-05:00,136.25,136.25,136.24,136.25,0,0.0,0.0
2024-11-27 16:59:00-05:00,136.215,136.25,136.215,136.24,0,0.0,0.0
2024-11-27 17:00:00-05:00,136.25,136.25,136.18,136.2487,0,0.0,0.0
2024-11-27 17:01:00-05:00,136.2,136.235,136.2,136.235,0,0.0,0.0
2024-11-27 17:02:00-05:00,136.22,136.26,136.22,136.22,0,0.0,0.0
2024-11-27 17:03:00-05:00,136.26,136.28,136.22,136.22,0,0.0,0.0
2024-11-27 17:04:00-05:00,136.25,136.28,136.22,136.22,0,0.0,0.0
2024-11-27 17:05:00-05:00,136.2794,136.28,136.22,136.28,0,0.0,0.0
2024-11-27 17:06:00-05:00,136.28,136.29,136.28,136.28,0,0.0,0.0
2024-11-27 17:07:00-05:00,136.28,136.28,136.22,136.28,0,0.0,0.0
2024-11-27 17:08:00-05:00,136.28,136.28,136.23,136.23,0,0.0,0.0
2024-11-27 17:09:00-05:00,136.27,136.27,136.2,136.2,0,0.0,0.0
2024-11-27 17:10:00-05:00,136.24,136.24,136.2388,136.2388,0,0.0,0.0
2024-11-27 17:11:00-05:00,136.22,136.24,136.2,136.2,0,0.0,0.0
2024-11-27 17:12:00-05:00,136.2399,136.24,136.2,136.2101,0,0.0,0.0
2024-11-27 17:13:00-05:00,136.225,136.225,136.21,136.21,0,0.0,0.0
2024-11-27 17:14:00-05:00,136.2102,136.24,136.21,136.21,0,0.0,0.0
2024-11-27 17:15:00-05:00,136.24,136.24,136.24,136.24,0,0.0,0.0
2024-11-27 17:16:00-05:00,136.27,136.27,136.2125,136.235,0,0.0,0.0
2024-11-27 17:17:00-05:00,136.235,142.9033,136.23,136.235,0,0.0,0.0
2024-11-27 17:18:00-05:00,136.24,136.27,136.2,136.2692,0,0.0,0.0
2024-11-27 17:19:00-05:00,136.27,136.27,136.2064,136.2064,0,0.0,0.0
2024-11-27 17:20:00-05:00,136.27,136.27,136.2,136.2013,0,0.0,0.0
2024-11-27 17:21:00-05:00,136.2046,136.28,136.2,136.24,0,0.0,0.0
2024-11-27 17:22:00-05:00,136.23,136.28,136.2,136.25,0,0.0,0.0
2024-11-27 17:23:00-05:00,136.22,136.28,136.22,136.28,0,0.0,0.0
2024-11-27 17:24:00-05:00,136.25,136.25,136.2001,136.2001,0,0.0,0.0
2024-11-27 17:25:00-05:00,136.21,142.9033,136.2011,136.2015,0,0.0,0.0
2024-11-27 17:26:00-05:00,136.2058,136.22,136.2,136.22,0,0.0,0.0
2024-11-27 17:27:00-05:00,136.22,136.22,136.2,136.2199,0,0.0,0.0
2024-11-27 17:28:00-05:00,136.2,136.21,136.18,136.18,0,0.0,0.0
2024-11-27 17:29:00-05:00,136.22,136.22,136.21,136.21,0,0.0,0.0
2024-11-27 17:30:00-05:00,131.44,136.21,131.44,136.19,0,0.0,0.0
2024-11-27 17:31:00-05:00,136.19,136.22,136.16,136.21,0,0.0,0.0
2024-11-27 17:32:00-05:00,136.19,136.21,136.16,136.19,0,0.0,0.0
2024-11-27 17:33:00-05:00,136.21,136.21,136.1931,136.1931,0,0.0,0.0
2024-11-27 17:34:00-05:00,136.19,136.22,136.19,136.19,0,0.0,0.0
2024-11-27 17:35:00-05:00,136.22,136.22,136.19,136.19,0,0.0,0.0
2024-11-27 17:36:00-05:00,136.19,136.22,136.16,136.2,0,0.0,0.0
2024-11-27 17:37:00-05:00,136.19,136.22,136.19,136.19,0,0.0,0.0
2024-11-27 17:38:00-05:00,136.16,136.22,136.16,136.21,0,0.0,0.0
2024-11-27 17:39:00-05:00,136.22,136.22,136.16,136.22,0,0.0,0.0
2024-11-27 17:40:00-05:00,136.21,136.22,136.2,136.22,0,0.0,0.0
2024-11-27 17:41:00-05:00,136.16,136.21,136.16,136.19,0,0.0,0.0
2024-11-27 17:42:00-05:00,136.185,136.2,136.18,136.2,0,0.0,0.0
2024-11-27 17:43:00-05:00,136.16,136.2,136.16,136.1723,0,0.0,0.0
2024-11-27 17:44:00-05:00,136.17,136.21,136.16,136.21,0,0.0,0.0
2024-11-27 17:45:00-05:00,136.21,136.21,136.1612,136.2086,0,0.0,0.0
2024-11-27 17:46:00-05:00,136.18,136.22,136.16,136.16,0,0.0,0.0
2024-11-27 17:47:00-05:00,136.16,136.21,136.16,136.21,0,0.0,0.0
2024-11-27 17:48:00-05:00,136.21,136.22,136.16,136.2,0,0.0,0.0
2024-11-27 17:49:00-05:00,136.18,136.22,136.1618,136.2185,0,0.0,0.0
2024-11-27 17:50:00-05:00,136.2,136.22,136.16,136.19,0,0.0,0.0
2024-11-27 17:51:00-05:00,136.2,136.22,136.16,136.171,0,0.0,0.0
2024-11-27 17:52:00-05:00,136.2,136.2196,136.2,136.2196,0,0.0,0.0
2024-11-27 17:53:00-05:00,136.1687,136.22,136.16,136.21,0,0.0,0.0
2024-11-27 17:54:00-05:00,136.16,136.21,136.16,136.21,0,0.0,0.0
2024-11-27 17:55:00-05:00,136.22,136.22,136.2,136.21,0,0.0,0.0
2024-11-27 17:56:00-05:00,136.21,136.21,136.2,136.2002,0,0.0,0.0
2024-11-27 17:57:00-05:00,136.21,136.22,136.2067,136.21,0,0.0,0.0
2024-11-27 17:58:00-05:00,136.21,136.22,136.16,136.22,0,0.0,0.0
2024-11-27 17:59:00-05:00,136.19,136.22,136.16,136.19,0,0.0,0.0
2024-11-27 18:00:00-05:00,136.22,136.22,136.21,136.22,0,0.0,0.0
2024-11-27 18:01:00-05:00,136.22,136.255,136.22,136.22,0,0.0,0.0
2024-11-27 18:02:00-05:00,136.22,136.22,136.22,136.22,0,0.0,0.0
2024-11-27 18:03:00-05:00,136.27,136.29,136.25,136.29,0,0.0,0.0
2024-11-27 18:04:00-05:00,136.26,136.28,136.26,136.28,0,0.0,0.0
2024-11-27 18:05:00-05:00,136.24,136.28,136.24,136.2792,0,0.0,0.0
2024-11-27 18:06:00-05:00,136.265,136.27,136.25,136.27,0,0.0,0.0
2024-11-27 18:07:00-05:00,136.2675,136.28,136.25,136.25,0,0.0,0.0
2024-11-27 18:08:00-05:00,136.28,136.28,136.25,136.25,0,0.0,0.0
2024-11-27 18:09:00-05:00,136.25,136.25,136.25,136.25,0,0.0,0.0
2024-11-27 18:10:00-05:00,136.25,136.25,136.24,136.2484,0,0.0,0.0
2024-11-27 18:11:00-05:00,136.205,136.25,136.2,136.205,0,0.0,0.0
2024-11-27 18:12:00-05:00,136.25,136.25,136.16,136.23,0,0.0,0.0
2024-11-27 18:13:00-05:00,136.195,136.23,136.18,136.205,0,0.0,0.0
2024-11-27 18:14:00-05:00,136.2,136.25,136.16,136.24,0,0.0,0.0
2024-11-27 18:15:00-05:00,136.205,136.205,136.17,136.2,0,0.0,0.0
2024-11-27 18:16:00-05:00,136.2,136.2,136.2,136.2,0,0.0,0.0
2024-11-27 18:17:00-05:00,136.24,136.24,136.1806,136.1806,0,0.0,0.0
2024-11-27 18:18:00-05:00,136.19,136.2,136.18,136.1998,0,0.0,0.0
2024-11-27 18:19:00-05:00,136.1998,136.2,136.18,136.18,0,0.0,0.0
2024-11-27 18:20:02-05:00,136.19,136.19,136.19,136.19,0,0.0,0.0
