time,Open,High,Low,Close,Volume,Dividends,Stock Splits
2024-12-12 04:00:00-05:00,130.77,130.78,130.56,130.78,0,0.0,0.0
2024-12-12 04:01:00-05:00,130.71,130.78,130.7,130.75,0,0.0,0.0
2024-12-12 04:02:00-05:00,130.75,130.9,130.74,130.9,0,0.0,0.0
2024-12-12 04:03:00-05:00,130.89,130.98,130.86,130.87,0,0.0,0.0
2024-12-12 04:04:00-05:00,130.87,130.97,130.82,130.97,0,0.0,0.0
2024-12-12 04:05:00-05:00,130.95,131.09,130.93,131.09,0,0.0,0.0
2024-12-12 04:06:00-05:00,131.1,131.11,131.07,131.11,0,0.0,0.0
2024-12-12 04:07:00-05:00,131.1,131.1,131.02,131.02,0,0.0,0.0
2024-12-12 04:08:00-05:00,131.05,131.06,130.9,130.9,0,0.0,0.0
2024-12-12 04:09:00-05:00,130.83,130.9,130.83,130.9,0,0.0,0.0
2024-12-12 04:10:00-05:00,130.83,130.85,130.79,130.79,0,0.0,0.0
2024-12-12 04:11:00-05:00,130.8,130.81,130.74,130.81,0,0.0,0.0
2024-12-12 04:12:00-05:00,130.81,130.83,130.81,130.83,0,0.0,0.0
2024-12-12 04:13:00-05:00,130.83,130.83,130.83,130.83,0,0.0,0.0
2024-12-12 04:14:00-05:00,130.78,130.78,130.7,130.72,0,0.0,0.0
2024-12-12 04:15:00-05:00,130.74,130.74,130.67,130.67,0,0.0,0.0
2024-12-12 04:16:00-05:00,130.66,130.78,130.66,130.78,0,0.0,0.0
2024-12-12 04:17:00-05:00,130.79,130.8,130.79,130.79,0,0.0,0.0
2024-12-12 04:18:00-05:00,130.79,130.8,130.79,130.8,0,0.0,0.0
2024-12-12 04:20:00-05:00,130.83,130.89,130.82,130.89,0,0.0,0.0
2024-12-12 04:21:00-05:00,130.85,130.91,130.85,130.91,0,0.0,0.0
2024-12-12 04:22:00-05:00,130.9,130.9,130.9,130.9,0,0.0,0.0
2024-12-12 04:23:00-05:00,130.87,130.87,130.86,130.86,0,0.0,0.0
2024-12-12 04:25:00-05:00,130.86,130.86,130.86,130.86,0,0.0,0.0
2024-12-12 04:26:00-05:00,130.82,130.82,130.8,130.8,0,0.0,0.0
2024-12-12 04:27:00-05:00,130.77,130.81,130.76,130.8,0,0.0,0.0
2024-12-12 04:28:00-05:00,130.75,130.75,130.69,130.69,0,0.0,0.0
2024-12-12 04:29:00-05:00,130.62,130.62,130.62,130.62,0,0.0,0.0
2024-12-12 04:30:00-05:00,130.65,130.65,130.54,130.57,0,0.0,0.0
2024-12-12 04:31:00-05:00,130.57,130.58,130.4,130.49,0,0.0,0.0
2024-12-12 04:32:00-05:00,130.37,130.43,130.37,130.43,0,0.0,0.0
2024-12-12 04:33:00-05:00,130.46,130.49,130.4,130.4,0,0.0,0.0
2024-12-12 04:34:00-05:00,130.49,131.02,130.49,130.75,0,0.0,0.0
2024-12-12 04:35:00-05:00,130.67,130.71,130.67,130.71,0,0.0,0.0
2024-12-12 04:36:00-05:00,130.8,130.99,130.8,130.99,0,0.0,0.0
2024-12-12 04:37:00-05:00,130.97,130.97,130.97,130.97,0,0.0,0.0
2024-12-12 04:38:00-05:00,130.96,130.98,130.9,130.9,0,0.0,0.0
2024-12-12 04:39:00-05:00,130.85,130.85,130.85,130.85,0,0.0,0.0
2024-12-12 04:40:00-05:00,130.85,130.85,130.85,130.85,0,0.0,0.0
2024-12-12 04:41:00-05:00,131.0,131.07,130.98,130.98,0,0.0,0.0
2024-12-12 04:42:00-05:00,130.97,130.97,130.97,130.97,0,0.0,0.0
2024-12-12 04:43:00-05:00,131.08,131.09,131.0,131.0,0,0.0,0.0
2024-12-12 04:44:00-05:00,131.0,131.0,131.0,131.0,0,0.0,0.0
2024-12-12 04:45:00-05:00,130.98,130.98,130.97,130.97,0,0.0,0.0
2024-12-12 04:46:18-05:00,130.97,130.97,130.97,130.97,0,0.0,0.0
