time,Open,High,Low,Close,Volume,Dividends,Stock Splits
2024-12-12 04:00:00-05:00,130.77,130.78,130.56,130.78,0,0.0,0.0
2024-12-12 04:01:00-05:00,130.71,130.78,130.7,130.75,0,0.0,0.0
2024-12-12 04:02:00-05:00,130.75,130.9,130.74,130.9,0,0.0,0.0
2024-12-12 04:03:00-05:00,130.89,130.98,130.86,130.87,0,0.0,0.0
2024-12-12 04:04:00-05:00,130.87,130.97,130.82,130.97,0,0.0,0.0
2024-12-12 04:05:00-05:00,130.95,131.09,130.93,131.09,0,0.0,0.0
2024-12-12 04:06:00-05:00,131.1,131.11,131.07,131.11,0,0.0,0.0
2024-12-12 04:07:00-05:00,131.1,131.1,131.02,131.02,0,0.0,0.0
2024-12-12 04:08:00-05:00,131.05,131.06,130.9,130.9,0,0.0,0.0
2024-12-12 04:09:00-05:00,130.83,130.9,130.83,130.9,0,0.0,0.0
2024-12-12 04:10:00-05:00,130.83,130.85,130.79,130.79,0,0.0,0.0
2024-12-12 04:11:00-05:00,130.8,130.81,130.74,130.81,0,0.0,0.0
2024-12-12 04:12:00-05:00,130.81,130.83,130.81,130.83,0,0.0,0.0
2024-12-12 04:13:00-05:00,130.83,130.83,130.83,130.83,0,0.0,0.0
2024-12-12 04:14:00-05:00,130.78,130.78,130.7,130.72,0,0.0,0.0
2024-12-12 04:15:00-05:00,130.74,130.74,130.67,130.67,0,0.0,0.0
2024-12-12 04:16:00-05:00,130.66,130.78,130.66,130.78,0,0.0,0.0
2024-12-12 04:17:00-05:00,130.79,130.8,130.79,130.79,0,0.0,0.0
2024-12-12 04:18:00-05:00,130.79,130.8,130.79,130.8,0,0.0,0.0
2024-12-12 04:20:00-05:00,130.83,130.89,130.82,130.89,0,0.0,0.0
2024-12-12 04:21:00-05:00,130.85,130.91,130.85,130.91,0,0.0,0.0
2024-12-12 04:22:00-05:00,130.9,130.9,130.9,130.9,0,0.0,0.0
2024-12-12 04:23:00-05:00,130.87,130.87,130.86,130.86,0,0.0,0.0
2024-12-12 04:25:00-05:00,130.86,130.86,130.86,130.86,0,0.0,0.0
2024-12-12 04:26:00-05:00,130.82,130.82,130.8,130.8,0,0.0,0.0
2024-12-12 04:27:00-05:00,130.77,130.81,130.76,130.8,0,0.0,0.0
2024-12-12 04:28:00-05:00,130.75,130.75,130.69,130.69,0,0.0,0.0
2024-12-12 04:29:00-05:00,130.62,130.62,130.62,130.62,0,0.0,0.0
2024-12-12 04:30:00-05:00,130.65,130.65,130.54,130.57,0,0.0,0.0
2024-12-12 04:31:00-05:00,130.57,130.58,130.4,130.49,0,0.0,0.0
2024-12-12 04:32:00-05:00,130.37,130.43,130.37,130.43,0,0.0,0.0
2024-12-12 04:33:00-05:00,130.46,130.49,130.4,130.4,0,0.0,0.0
2024-12-12 04:34:00-05:00,130.49,131.02,130.49,130.75,0,0.0,0.0
2024-12-12 04:35:00-05:00,130.67,130.71,130.67,130.71,0,0.0,0.0
2024-12-12 04:36:00-05:00,130.8,130.99,130.8,130.99,0,0.0,0.0
2024-12-12 04:37:00-05:00,130.97,130.97,130.97,130.97,0,0.0,0.0
2024-12-12 04:38:00-05:00,130.96,130.98,130.9,130.9,0,0.0,0.0
2024-12-12 04:39:00-05:00,130.85,130.85,130.85,130.85,0,0.0,0.0
2024-12-12 04:40:00-05:00,130.85,130.85,130.85,130.85,0,0.0,0.0
2024-12-12 04:41:00-05:00,131.0,131.07,130.98,130.98,0,0.0,0.0
2024-12-12 04:42:00-05:00,130.97,130.97,130.97,130.97,0,0.0,0.0
2024-12-12 04:43:00-05:00,131.08,131.09,131.0,131.0,0,0.0,0.0
2024-12-12 04:44:00-05:00,131.0,131.0,131.0,131.0,0,0.0,0.0
2024-12-12 04:45:00-05:00,130.98,130.98,130.97,130.97,0,0.0,0.0
2024-12-12 04:46:00-05:00,130.97,130.97,130.91,130.91,0,0.0,0.0
2024-12-12 04:47:00-05:00,130.91,130.91,130.8,130.8,0,0.0,0.0
2024-12-12 04:48:00-05:00,130.87,130.87,130.87,130.87,0,0.0,0.0
2024-12-12 04:49:00-05:00,130.94,130.94,130.94,130.94,0,0.0,0.0
2024-12-12 04:52:00-05:00,130.84,130.89,130.8,130.89,0,0.0,0.0
2024-12-12 04:53:00-05:00,130.81,130.92,130.81,130.89,0,0.0,0.0
2024-12-12 04:54:00-05:00,130.87,130.87,130.87,130.87,0,0.0,0.0
2024-12-12 04:56:00-05:00,130.92,130.92,130.85,130.9,0,0.0,0.0
2024-12-12 04:57:00-05:00,130.84,130.84,130.81,130.81,0,0.0,0.0
2024-12-12 04:58:00-05:00,130.81,130.81,130.79,130.79,0,0.0,0.0
2024-12-12 04:59:00-05:00,130.7,130.81,130.7,130.79,0,0.0,0.0
2024-12-12 05:00:00-05:00,130.7,130.7,130.67,130.67,0,0.0,0.0
2024-12-12 05:01:00-05:00,130.65,130.7,130.65,130.7,0,0.0,0.0
2024-12-12 05:02:00-05:00,130.6,130.6,130.6,130.6,0,0.0,0.0
2024-12-12 05:03:00-05:00,130.69,130.69,130.65,130.65,0,0.0,0.0
2024-12-12 05:04:00-05:00,130.62,130.62,130.6,130.6,0,0.0,0.0
2024-12-12 05:05:00-05:00,130.67,130.67,130.67,130.67,0,0.0,0.0
2024-12-12 05:06:00-05:00,130.6,130.6,130.6,130.6,0,0.0,0.0
2024-12-12 05:07:00-05:00,130.6,130.6,130.6,130.6,0,0.0,0.0
2024-12-12 05:09:00-05:00,130.6,130.6,130.6,130.6,0,0.0,0.0
2024-12-12 05:10:00-05:00,130.55,130.55,130.51,130.51,0,0.0,0.0
2024-12-12 05:11:00-05:00,130.54,130.54,130.54,130.54,0,0.0,0.0
2024-12-12 05:12:00-05:00,130.55,130.55,130.55,130.55,0,0.0,0.0
2024-12-12 05:16:00-05:00,130.77,130.77,130.76,130.76,0,0.0,0.0
2024-12-12 05:17:00-05:00,130.74,130.76,130.74,130.76,0,0.0,0.0
2024-12-12 05:18:00-05:00,130.75,130.78,130.74,130.76,0,0.0,0.0
2024-12-12 05:19:00-05:00,130.76,130.76,130.76,130.76,0,0.0,0.0
2024-12-12 05:20:00-05:00,130.76,130.76,130.76,130.76,0,0.0,0.0
2024-12-12 05:21:00-05:00,130.76,130.76,130.76,130.76,0,0.0,0.0
2024-12-12 05:24:00-05:00,130.78,130.78,130.78,130.78,0,0.0,0.0
2024-12-12 05:25:00-05:00,130.81,130.92,130.81,130.92,0,0.0,0.0
2024-12-12 05:26:00-05:00,130.94,130.94,130.93,130.94,0,0.0,0.0
2024-12-12 05:27:00-05:00,130.95,131.01,130.95,130.99,0,0.0,0.0
2024-12-12 05:28:00-05:00,130.98,130.99,130.98,130.99,0,0.0,0.0
2024-12-12 05:29:00-05:00,130.98,130.98,130.98,130.98,0,0.0,0.0
2024-12-12 05:30:00-05:00,130.98,130.98,130.97,130.97,0,0.0,0.0
2024-12-12 05:31:00-05:00,130.89,130.89,130.89,130.89,0,0.0,0.0
2024-12-12 05:32:00-05:00,130.89,130.89,130.89,130.89,0,0.0,0.0
2024-12-12 05:33:00-05:00,130.82,130.93,130.82,130.93,0,0.0,0.0
2024-12-12 05:34:00-05:00,130.94,130.94,130.94,130.94,0,0.0,0.0
2024-12-12 05:35:00-05:00,130.8,130.8,130.71,130.71,0,0.0,0.0
2024-12-12 05:36:00-05:00,130.88,130.88,130.85,130.88,0,0.0,0.0
2024-12-12 05:37:00-05:00,130.88,130.88,130.71,130.71,0,0.0,0.0
2024-12-12 05:39:00-05:00,130.71,130.84,130.69,130.69,0,0.0,0.0
2024-12-12 05:40:00-05:00,130.71,130.72,130.69,130.69,0,0.0,0.0
2024-12-12 05:41:00-05:00,130.71,130.71,130.71,130.71,0,0.0,0.0
2024-12-12 05:42:00-05:00,130.86,130.86,130.86,130.86,0,0.0,0.0
2024-12-12 05:43:00-05:00,130.79,130.79,130.79,130.79,0,0.0,0.0
2024-12-12 05:44:00-05:00,130.84,130.86,130.84,130.86,0,0.0,0.0
2024-12-12 05:46:00-05:00,130.85,130.85,130.85,130.85,0,0.0,0.0
2024-12-12 05:47:00-05:00,130.85,130.85,130.85,130.85,0,0.0,0.0
2024-12-12 05:48:00-05:00,130.85,130.85,130.85,130.85,0,0.0,0.0
2024-12-12 05:49:00-05:00,130.85,130.85,130.85,130.85,0,0.0,0.0
2024-12-12 05:50:00-05:00,130.85,130.85,130.84,130.84,0,0.0,0.0
2024-12-12 05:51:00-05:00,130.76,130.76,130.76,130.76,0,0.0,0.0
2024-12-12 05:52:00-05:00,130.83,130.83,130.83,130.83,0,0.0,0.0
2024-12-12 05:53:00-05:00,130.82,130.82,130.82,130.82,0,0.0,0.0
2024-12-12 05:54:00-05:00,130.76,130.85,130.73,130.85,0,0.0,0.0
2024-12-12 05:55:00-05:00,130.84,130.84,130.76,130.79,0,0.0,0.0
2024-12-12 05:56:00-05:00,130.72,130.72,130.61,130.61,0,0.0,0.0
2024-12-12 05:57:00-05:00,130.67,130.67,130.67,130.67,0,0.0,0.0
2024-12-12 05:58:00-05:00,130.66,130.66,130.58,130.58,0,0.0,0.0
2024-12-12 05:59:00-05:00,130.63,130.67,130.63,130.67,0,0.0,0.0
2024-12-12 06:02:00-05:00,130.71,130.71,130.71,130.71,0,0.0,0.0
2024-12-12 06:04:00-05:00,130.8,130.8,130.8,130.8,0,0.0,0.0
2024-12-12 06:05:00-05:00,130.8,130.8,130.8,130.8,0,0.0,0.0
2024-12-12 06:06:00-05:00,130.81,130.81,130.81,130.81,0,0.0,0.0
2024-12-12 06:07:00-05:00,130.81,130.81,130.8,130.8,0,0.0,0.0
2024-12-12 06:09:00-05:00,130.8,130.8,130.8,130.8,0,0.0,0.0
2024-12-12 06:11:00-05:00,130.8,130.84,130.8,130.8,0,0.0,0.0
2024-12-12 06:12:00-05:00,130.8,130.81,130.75,130.75,0,0.0,0.0
2024-12-12 06:13:00-05:00,130.77,130.77,130.69,130.76,0,0.0,0.0
2024-12-12 06:14:00-05:00,130.65,130.66,130.63,130.66,0,0.0,0.0
2024-12-12 06:15:00-05:00,130.63,130.66,130.63,130.66,0,0.0,0.0
2024-12-12 06:16:00-05:00,130.66,130.66,130.66,130.66,0,0.0,0.0
2024-12-12 06:17:00-05:00,130.64,130.64,130.61,130.61,0,0.0,0.0
2024-12-12 06:18:00-05:00,130.64,130.7,130.64,130.7,0,0.0,0.0
2024-12-12 06:20:00-05:00,130.64,130.68,130.64,130.68,0,0.0,0.0
2024-12-12 06:21:00-05:00,130.67,130.67,130.67,130.67,0,0.0,0.0
2024-12-12 06:22:00-05:00,130.77,130.77,130.73,130.73,0,0.0,0.0
2024-12-12 06:23:00-05:00,130.65,130.73,130.65,130.73,0,0.0,0.0
2024-12-12 06:24:00-05:00,130.73,130.75,130.73,130.75,0,0.0,0.0
2024-12-12 06:25:00-05:00,130.73,130.73,130.65,130.65,0,0.0,0.0
2024-12-12 06:26:00-05:00,130.69,130.74,130.69,130.72,0,0.0,0.0
2024-12-12 06:27:00-05:00,130.65,130.68,130.65,130.68,0,0.0,0.0
2024-12-12 06:30:00-05:00,130.68,130.7,130.68,130.7,0,0.0,0.0
2024-12-12 06:31:00-05:00,130.72,130.72,130.7,130.7,0,0.0,0.0
2024-12-12 06:32:00-05:00,130.74,130.74,130.69,130.69,0,0.0,0.0
2024-12-12 06:33:00-05:00,130.74,130.75,130.67,130.67,0,0.0,0.0
2024-12-12 06:34:00-05:00,130.74,130.77,130.7,130.7,0,0.0,0.0
2024-12-12 06:35:00-05:00,130.74,130.75,130.74,130.74,0,0.0,0.0
2024-12-12 06:36:00-05:00,130.75,130.75,130.74,130.74,0,0.0,0.0
2024-12-12 06:38:00-05:00,130.76,130.76,130.66,130.66,0,0.0,0.0
2024-12-12 06:40:00-05:00,130.71,130.71,130.7,130.7,0,0.0,0.0
2024-12-12 06:41:00-05:00,130.75,130.77,130.75,130.77,0,0.0,0.0
2024-12-12 06:42:00-05:00,130.77,130.77,130.77,130.77,0,0.0,0.0
2024-12-12 06:43:00-05:00,130.77,130.78,130.77,130.78,0,0.0,0.0
2024-12-12 06:44:00-05:00,130.74,130.74,130.73,130.73,0,0.0,0.0
2024-12-12 06:45:00-05:00,130.73,130.79,130.6,130.6,0,0.0,0.0
2024-12-12 06:46:00-05:00,130.57,130.57,130.57,130.57,0,0.0,0.0
2024-12-12 06:48:00-05:00,130.79,130.79,130.6,130.61,0,0.0,0.0
2024-12-12 06:49:00-05:00,130.75,130.8,130.75,130.75,0,0.0,0.0
2024-12-12 06:50:00-05:00,130.8,130.8,130.8,130.8,0,0.0,0.0
2024-12-12 06:51:00-05:00,130.81,130.82,130.77,130.77,0,0.0,0.0
2024-12-12 06:53:00-05:00,130.77,130.81,130.77,130.81,0,0.0,0.0
2024-12-12 06:54:00-05:00,130.85,130.85,130.84,130.85,0,0.0,0.0
2024-12-12 06:55:00-05:00,130.9,130.92,130.9,130.9,0,0.0,0.0
2024-12-12 06:56:00-05:00,130.85,130.85,130.85,130.85,0,0.0,0.0
2024-12-12 06:57:00-05:00,130.89,130.89,130.89,130.89,0,0.0,0.0
2024-12-12 06:58:00-05:00,130.89,130.89,130.89,130.89,0,0.0,0.0
2024-12-12 06:59:00-05:00,130.89,130.9,130.86,130.86,0,0.0,0.0
2024-12-12 07:00:00-05:00,130.89,130.98,130.64,130.67,0,0.0,0.0
2024-12-12 07:01:00-05:00,130.75,130.8,130.68,130.68,0,0.0,0.0
2024-12-12 07:02:00-05:00,130.66,130.7,130.65,130.65,0,0.0,0.0
2024-12-12 07:03:00-05:00,130.64,130.64,130.64,130.64,0,0.0,0.0
2024-12-12 07:04:00-05:00,130.66,130.66,130.66,130.66,0,0.0,0.0
2024-12-12 07:06:00-05:00,130.73,130.75,130.73,130.75,0,0.0,0.0
2024-12-12 07:07:00-05:00,130.75,130.75,130.71,130.71,0,0.0,0.0
2024-12-12 07:08:00-05:00,130.71,130.71,130.71,130.71,0,0.0,0.0
2024-12-12 07:09:00-05:00,130.7,130.7,130.66,130.66,0,0.0,0.0
2024-12-12 07:10:00-05:00,130.7,130.7,130.66,130.66,0,0.0,0.0
2024-12-12 07:11:00-05:00,130.68,130.7,130.68,130.7,0,0.0,0.0
2024-12-12 07:12:00-05:00,130.7,130.7,130.68,130.69,0,0.0,0.0
2024-12-12 07:13:00-05:00,130.72,130.74,130.69,130.74,0,0.0,0.0
2024-12-12 07:14:00-05:00,130.75,130.8,130.74,130.74,0,0.0,0.0
2024-12-12 07:15:00-05:00,130.78,130.78,130.78,130.78,0,0.0,0.0
2024-12-12 07:16:00-05:00,130.78,130.82,130.78,130.82,0,0.0,0.0
2024-12-12 07:17:00-05:00,130.77,130.8,130.77,130.8,0,0.0,0.0
2024-12-12 07:21:00-05:00,130.74,130.74,130.69,130.71,0,0.0,0.0
2024-12-12 07:22:00-05:00,130.71,130.71,130.67,130.67,0,0.0,0.0
2024-12-12 07:23:00-05:00,130.65,130.66,130.63,130.66,0,0.0,0.0
2024-12-12 07:25:00-05:00,130.66,130.66,130.6,130.66,0,0.0,0.0
2024-12-12 07:26:00-05:00,130.69,130.7,130.69,130.7,0,0.0,0.0
2024-12-12 07:27:00-05:00,130.74,130.74,130.74,130.74,0,0.0,0.0
2024-12-12 07:28:00-05:00,130.78,130.79,130.78,130.79,0,0.0,0.0
2024-12-12 07:29:00-05:00,130.78,130.78,130.72,130.77,0,0.0,0.0
2024-12-12 07:30:00-05:00,130.74,130.74,130.74,130.74,0,0.0,0.0
2024-12-12 07:31:00-05:00,130.75,130.75,130.65,130.65,0,0.0,0.0
2024-12-12 07:32:00-05:00,130.61,130.61,130.6,130.6,0,0.0,0.0
2024-12-12 07:33:00-05:00,130.6,130.6,130.49,130.5,0,0.0,0.0
2024-12-12 07:34:00-05:00,130.45,130.45,130.34,130.34,0,0.0,0.0
2024-12-12 07:35:00-05:00,130.31,130.35,130.29,130.35,0,0.0,0.0
2024-12-12 07:36:00-05:00,130.4,130.4,130.27,130.27,0,0.0,0.0
2024-12-12 07:37:00-05:00,130.39,130.4,130.38,130.4,0,0.0,0.0
2024-12-12 07:38:00-05:00,130.42,130.45,130.42,130.45,0,0.0,0.0
2024-12-12 07:40:00-05:00,130.4,130.4,130.4,130.4,0,0.0,0.0
2024-12-12 07:41:00-05:00,130.43,130.45,130.43,130.43,0,0.0,0.0
2024-12-12 07:42:00-05:00,130.4,130.41,130.37,130.37,0,0.0,0.0
2024-12-12 07:43:00-05:00,130.36,130.36,130.25,130.25,0,0.0,0.0
2024-12-12 07:44:00-05:00,130.28,130.31,130.24,130.24,0,0.0,0.0
2024-12-12 07:45:00-05:00,130.22,130.25,130.2,130.25,0,0.0,0.0
2024-12-12 07:46:00-05:00,130.28,130.28,130.2,130.2,0,0.0,0.0
2024-12-12 07:47:00-05:00,130.24,130.25,130.24,130.25,0,0.0,0.0
2024-12-12 07:48:00-05:00,130.35,130.35,130.35,130.35,0,0.0,0.0
2024-12-12 07:49:00-05:00,130.32,130.32,130.27,130.3,0,0.0,0.0
2024-12-12 07:51:00-05:00,130.37,130.37,130.37,130.37,0,0.0,0.0
2024-12-12 07:52:00-05:00,130.37,130.37,130.37,130.37,0,0.0,0.0
2024-12-12 07:53:00-05:00,130.35,130.35,130.35,130.35,0,0.0,0.0
2024-12-12 07:54:00-05:00,130.35,130.35,130.21,130.21,0,0.0,0.0
2024-12-12 07:55:00-05:00,130.22,130.22,130.22,130.22,0,0.0,0.0
2024-12-12 07:56:00-05:00,130.28,130.35,130.24,130.35,0,0.0,0.0
2024-12-12 07:57:00-05:00,130.33,130.33,130.33,130.33,0,0.0,0.0
2024-12-12 07:58:00-05:00,130.3,130.3,130.29,130.29,0,0.0,0.0
2024-12-12 07:59:00-05:00,130.29,130.29,130.29,130.29,0,0.0,0.0
2024-12-12 08:00:00-05:00,130.92,131.16,130.1612,130.2976,0,0.0,0.0
2024-12-12 08:01:00-05:00,130.245,131.25,130.15,130.15,0,0.0,0.0
2024-12-12 08:02:00-05:00,130.19,130.23,130.01,130.15,0,0.0,0.0
2024-12-12 08:03:00-05:00,130.08,130.18,130.04,130.18,0,0.0,0.0
2024-12-12 08:04:00-05:00,130.18,130.18,130.09,130.1799,0,0.0,0.0
2024-12-12 08:05:00-05:00,130.18,130.3,130.09,130.3,0,0.0,0.0
2024-12-12 08:06:00-05:00,130.29,130.3,130.2,130.2,0,0.0,0.0
2024-12-12 08:07:00-05:00,130.24,130.36,130.2,130.3,0,0.0,0.0
2024-12-12 08:08:00-05:00,130.3009,130.4,130.3,130.3,0,0.0,0.0
2024-12-12 08:09:00-05:00,130.3,130.4,130.3,130.37,0,0.0,0.0
2024-12-12 08:10:00-05:00,130.35,130.42,130.35,130.42,0,0.0,0.0
2024-12-12 08:11:00-05:00,130.4,130.4,130.35,130.4,0,0.0,0.0
2024-12-12 08:12:00-05:00,130.4,130.4,130.35,130.39,0,0.0,0.0
2024-12-12 08:13:00-05:00,130.39,130.43,130.39,130.41,0,0.0,0.0
2024-12-12 08:14:00-05:00,130.4299,130.49,130.4,130.45,0,0.0,0.0
2024-12-12 08:15:00-05:00,130.45,130.49,130.41,130.49,0,0.0,0.0
2024-12-12 08:16:00-05:00,130.48,130.49,130.39,130.48,0,0.0,0.0
2024-12-12 08:17:00-05:00,130.49,130.49,130.39,130.45,0,0.0,0.0
2024-12-12 08:18:00-05:00,130.43,130.48,130.4,130.43,0,0.0,0.0
2024-12-12 08:19:00-05:00,130.4615,130.48,130.39,130.39,0,0.0,0.0
2024-12-12 08:20:00-05:00,130.39,130.47,130.39,130.45,0,0.0,0.0
2024-12-12 08:21:00-05:00,130.45,130.48,130.425,130.425,0,0.0,0.0
2024-12-12 08:22:00-05:00,130.4488,130.45,130.43,130.44,0,0.0,0.0
2024-12-12 08:23:00-05:00,130.45,130.59,130.45,130.59,0,0.0,0.0
2024-12-12 08:24:00-05:00,130.6,130.6,130.5,130.58,0,0.0,0.0
2024-12-12 08:25:00-05:00,130.6,130.6,130.52,130.55,0,0.0,0.0
2024-12-12 08:26:00-05:00,130.55,130.6,130.5,130.5,0,0.0,0.0
2024-12-12 08:27:00-05:00,130.6,130.65,130.53,130.65,0,0.0,0.0
2024-12-12 08:28:00-05:00,130.65,130.68,130.625,130.6799,0,0.0,0.0
2024-12-12 08:29:00-05:00,130.68,130.7019,130.56,130.7019,0,0.0,0.0
2024-12-12 08:30:00-05:00,130.63,130.82,130.58,130.63,0,0.0,0.0
2024-12-12 08:31:00-05:00,130.59,130.59,130.11,130.12,0,0.0,0.0
2024-12-12 08:32:00-05:00,130.12,130.35,130.05,130.2142,0,0.0,0.0
2024-12-12 08:33:00-05:00,130.21,130.37,129.93,129.93,0,0.0,0.0
2024-12-12 08:34:00-05:00,129.92,130.1,129.92,130.1,0,0.0,0.0
2024-12-12 08:35:00-05:00,130.0,130.1,129.65,129.6997,0,0.0,0.0
2024-12-12 08:36:00-05:00,129.7,129.7,129.4103,129.5,0,0.0,0.0
2024-12-12 08:37:00-05:00,129.5,129.58,129.49,129.56,0,0.0,0.0
2024-12-12 08:38:00-05:00,129.89,130.1,129.89,130.1,0,0.0,0.0
2024-12-12 08:39:00-05:00,129.99,130.1,129.77,129.9,0,0.0,0.0
2024-12-12 08:40:00-05:00,129.85,129.93,129.659,129.715,0,0.0,0.0
2024-12-12 08:41:00-05:00,129.78,129.9,129.65,129.675,0,0.0,0.0
2024-12-12 08:42:00-05:00,129.6993,129.7,129.52,129.7,0,0.0,0.0
2024-12-12 08:43:00-05:00,129.57,129.99,129.57,129.94,0,0.0,0.0
2024-12-12 08:44:00-05:00,129.9548,129.99,129.89,129.95,0,0.0,0.0
2024-12-12 08:45:00-05:00,129.9899,130.1,129.85,129.95,0,0.0,0.0
2024-12-12 08:46:00-05:00,129.83,130.15,129.83,130.099,0,0.0,0.0
2024-12-12 08:47:00-05:00,130.1,130.15,129.83,129.86,0,0.0,0.0
2024-12-12 08:48:00-05:00,130.15,130.15,129.83,129.92,0,0.0,0.0
2024-12-12 08:49:00-05:00,130.0,130.1,129.89,130.03,0,0.0,0.0
2024-12-12 08:50:00-05:00,130.1,130.1,129.8501,129.8501,0,0.0,0.0
2024-12-12 08:51:00-05:00,129.875,129.9,129.7,129.9,0,0.0,0.0
2024-12-12 08:52:00-05:00,129.85,130.04,129.75,129.86,0,0.0,0.0
2024-12-12 08:53:00-05:00,129.81,129.9585,129.7,129.95,0,0.0,0.0
2024-12-12 08:54:00-05:00,129.83,129.95,129.7,129.7,0,0.0,0.0
2024-12-12 08:55:00-05:00,129.86,129.86,129.7,129.73,0,0.0,0.0
2024-12-12 08:56:00-05:00,129.795,129.85,129.7,129.78,0,0.0,0.0
2024-12-12 08:57:00-05:00,129.74,129.85,129.6,129.7,0,0.0,0.0
2024-12-12 08:58:00-05:00,129.66,129.92,129.66,129.67,0,0.0,0.0
2024-12-12 08:59:00-05:00,129.74,129.95,129.7,129.75,0,0.0,0.0
2024-12-12 09:00:00-05:00,129.75,129.95,129.74,129.74,0,0.0,0.0
2024-12-12 09:01:00-05:00,129.9,130.0,129.74,129.84,0,0.0,0.0
2024-12-12 09:02:00-05:00,129.85,129.99,129.7501,129.93,0,0.0,0.0
2024-12-12 09:03:00-05:00,129.95,129.95,129.8,129.88,0,0.0,0.0
2024-12-12 09:04:00-05:00,129.95,131.015,126.67,128.69,0,0.0,0.0
2024-12-12 09:05:00-05:00,129.95,129.95,129.81,129.86,0,0.0,0.0
2024-12-12 09:06:00-05:00,129.88,129.94,129.82,129.88,0,0.0,0.0
2024-12-12 09:07:00-05:00,129.85,129.95,129.82,129.82,0,0.0,0.0
2024-12-12 09:08:00-05:00,129.94,129.98,129.85,129.85,0,0.0,0.0
2024-12-12 09:09:00-05:00,129.92,129.92,129.801,129.9,0,0.0,0.0
2024-12-12 09:10:00-05:00,129.9,129.9,129.78,129.9,0,0.0,0.0
2024-12-12 09:11:00-05:00,129.9,129.9,129.7,129.74,0,0.0,0.0
2024-12-12 09:12:00-05:00,129.74,129.75,129.66,129.74,0,0.0,0.0
2024-12-12 09:13:00-05:00,129.75,129.8799,129.7,129.8792,0,0.0,0.0
2024-12-12 09:14:00-05:00,129.77,129.88,129.77,129.88,0,0.0,0.0
2024-12-12 09:15:00-05:00,129.87,129.88,129.78,129.84,0,0.0,0.0
2024-12-12 09:16:00-05:00,129.84,129.88,129.8,129.85,0,0.0,0.0
2024-12-12 09:17:00-05:00,129.82,129.88,129.71,129.75,0,0.0,0.0
2024-12-12 09:18:00-05:00,129.7494,129.8,129.65,129.68,0,0.0,0.0
2024-12-12 09:19:00-05:00,129.8,129.8,129.59,129.7,0,0.0,0.0
2024-12-12 09:20:00-05:00,129.58,129.7,129.58,129.63,0,0.0,0.0
2024-12-12 09:21:00-05:00,129.6,129.71,129.58,129.7,0,0.0,0.0
2024-12-12 09:22:00-05:00,129.7,129.75,129.65,129.75,0,0.0,0.0
2024-12-12 09:23:00-05:00,129.72,129.85,129.65,129.77,0,0.0,0.0
2024-12-12 09:24:00-05:00,129.85,129.94,129.7,129.9145,0,0.0,0.0
2024-12-12 09:25:00-05:00,129.9,130.15,129.8,130.14,0,0.0,0.0
2024-12-12 09:26:00-05:00,130.15,130.19,130.0,130.095,0,0.0,0.0
2024-12-12 09:27:00-05:00,130.08,130.24,130.0,130.1,0,0.0,0.0
2024-12-12 09:28:00-05:00,130.1,130.18,130.0,130.085,0,0.0,0.0
2024-12-12 09:29:00-05:00,130.16,130.4,130.03,130.13,0,0.0,0.0
2024-12-12 09:30:00-05:00,130.02000427246094,130.5,129.9600067138672,130.38999938964844,1364735,0.0,0.0
2024-12-12 09:31:00-05:00,130.3800048828125,130.72999572753906,129.82000732421875,129.82000732421875,263599,0.0,0.0
2024-12-12 09:32:00-05:00,129.86329650878906,129.86329650878906,129.27000427246094,129.61500549316406,226793,0.0,0.0
2024-12-12 09:33:00-05:00,129.57000732421875,129.8000030517578,129.5,129.57000732421875,127990,0.0,0.0
2024-12-12 09:34:00-05:00,129.5,129.97000122070312,129.2899932861328,129.9001007080078,165723,0.0,0.0
2024-12-12 09:35:00-05:00,129.9058074951172,130.00709533691406,129.74099731445312,129.89500427246094,95126,0.0,0.0
2024-12-12 09:36:00-05:00,129.89370727539062,130.91990661621094,129.7039031982422,130.84100341796875,208607,0.0,0.0
2024-12-12 09:37:00-05:00,130.83999633789062,131.3699951171875,130.69000244140625,131.3538055419922,260477,0.0,0.0
2024-12-12 09:38:00-05:00,131.3699951171875,131.5500030517578,131.1699981689453,131.50999450683594,233533,0.0,0.0
2024-12-12 09:39:00-05:00,131.4949951171875,131.75,131.41000366210938,131.7050018310547,217721,0.0,0.0
2024-12-12 09:40:00-05:00,131.7100067138672,131.75,131.3800048828125,131.52999877929688,209599,0.0,0.0
2024-12-12 09:41:00-05:00,131.55850219726562,131.59840393066406,131.3699951171875,131.4049072265625,127760,0.0,0.0
2024-12-12 09:42:00-05:00,131.41000366210938,131.41000366210938,131.10000610351562,131.36500549316406,163462,0.0,0.0
2024-12-12 09:43:00-05:00,131.35000610351562,131.85000610351562,131.30999755859375,131.84500122070312,272380,0.0,0.0
2024-12-12 09:44:00-05:00,131.8498992919922,132.0800018310547,131.7801971435547,132.0500030517578,335807,0.0,0.0
2024-12-12 09:45:00-05:00,132.07000732421875,132.25,131.9199981689453,132.19000244140625,276729,0.0,0.0
2024-12-12 09:46:00-05:00,132.189697265625,132.23880004882812,131.91000366210938,132.04989624023438,231672,0.0,0.0
2024-12-12 09:47:00-05:00,132.0500030517578,132.32000732421875,132.0500030517578,132.25999450683594,233914,0.0,0.0
2024-12-12 09:48:00-05:00,132.27999877929688,132.27999877929688,131.97500610351562,132.13999938964844,160085,0.0,0.0
2024-12-12 09:49:00-05:00,132.14700317382812,132.2299041748047,131.75999450683594,131.9199981689453,215744,0.0,0.0
2024-12-12 09:50:00-05:00,131.9250030517578,132.0,131.6699981689453,131.8529052734375,179163,0.0,0.0
2024-12-12 09:51:00-05:00,131.8300018310547,131.88299560546875,131.72000122070312,131.75999450683594,112978,0.0,0.0
2024-12-12 09:52:00-05:00,131.73500061035156,131.75950622558594,131.4499969482422,131.52000427246094,172707,0.0,0.0
2024-12-12 09:53:00-05:00,131.50999450683594,131.5500030517578,131.1501007080078,131.1649932861328,167053,0.0,0.0
2024-12-12 09:54:00-05:00,131.173095703125,131.173095703125,130.9199981689453,130.9853973388672,111342,0.0,0.0
2024-12-12 09:55:00-05:00,130.75999450683594,130.7899932861328,130.75,130.76829528808594,220994,0.0,0.0
2024-12-12 09:56:00-05:00,130.7698974609375,130.8800048828125,130.7449951171875,130.77499389648438,108698,0.0,0.0
2024-12-12 09:57:00-05:00,130.73390197753906,130.78610229492188,130.30999755859375,130.4600067138672,192295,0.0,0.0
2024-12-12 09:58:00-05:00,130.45750427246094,130.55999755859375,130.3000030517578,130.3179931640625,135800,0.0,0.0
2024-12-12 09:59:00-05:00,130.32000732421875,130.35150146484375,130.14999389648438,130.27000427246094,156438,0.0,0.0
2024-12-12 10:00:00-05:00,130.27000427246094,130.33990478515625,129.97999572753906,130.0500030517578,195972,0.0,0.0
2024-12-12 10:01:00-05:00,130.0500030517578,130.06820678710938,129.94200134277344,129.95530700683594,141194,0.0,0.0
2024-12-12 10:02:00-05:00,129.9799041748047,129.9799041748047,129.61880493164062,129.6199951171875,241650,0.0,0.0
2024-12-12 10:03:00-05:00,129.6428985595703,129.66000366210938,129.42999267578125,129.5800018310547,224110,0.0,0.0
2024-12-12 10:04:00-05:00,129.5998992919922,129.86000061035156,129.55470275878906,129.86000061035156,190904,0.0,0.0
2024-12-12 10:05:00-05:00,129.84979248046875,129.94119262695312,129.6300048828125,129.84429931640625,173478,0.0,0.0
2024-12-12 10:06:00-05:00,129.85989379882812,129.97000122070312,129.83009338378906,129.86000061035156,131799,0.0,0.0
2024-12-12 10:07:00-05:00,129.87510681152344,129.87510681152344,129.66000366210938,129.77000427246094,91948,0.0,0.0
2024-12-12 10:08:00-05:00,129.8000030517578,129.88999938964844,129.57000732421875,129.63999938964844,122557,0.0,0.0
2024-12-12 10:09:00-05:00,129.6300048828125,129.69740295410156,129.2100067138672,129.34500122070312,278220,0.0,0.0
2024-12-12 10:10:00-05:00,129.3596954345703,129.5478057861328,129.2899932861328,129.35360717773438,145654,0.0,0.0
2024-12-12 10:11:00-05:00,129.33999633789062,129.57000732421875,129.3000030517578,129.30999755859375,118836,0.0,0.0
2024-12-12 10:12:00-05:00,129.32000732421875,129.389892578125,129.13999938964844,129.25,186450,0.0,0.0
2024-12-12 10:13:00-05:00,129.2270050048828,129.4499969482422,129.22000122070312,129.44119262695312,106698,0.0,0.0
2024-12-12 10:14:00-05:00,129.44000244140625,129.55999755859375,129.33999633789062,129.5399932861328,93084,0.0,0.0
2024-12-12 10:15:00-05:00,129.54119873046875,129.56849670410156,129.3800048828125,129.51499938964844,106506,0.0,0.0
2024-12-12 10:16:00-05:00,129.49000549316406,129.58999633789062,129.3699951171875,129.5800018310547,107756,0.0,0.0
2024-12-12 10:17:00-05:00,129.58999633789062,129.77999877929688,129.52529907226562,129.77000427246094,130806,0.0,0.0
2024-12-12 10:18:00-05:00,129.77999877929688,129.97000122070312,129.7700958251953,129.85960388183594,178506,0.0,0.0
2024-12-12 10:19:00-05:00,129.85000610351562,129.97500610351562,129.82000732421875,129.9600067138672,95951,0.0,0.0
2024-12-12 10:20:00-05:00,129.9499969482422,130.0699005126953,129.84010314941406,130.03469848632812,133734,0.0,0.0
2024-12-12 10:21:00-05:00,130.0399932861328,130.0688934326172,129.9001007080078,130.02000427246094,108161,0.0,0.0
2024-12-12 10:22:00-05:00,130.0388946533203,130.05599975585938,129.77000427246094,129.7899932861328,98329,0.0,0.0
2024-12-12 10:23:00-05:00,129.79269409179688,129.94000244140625,129.77000427246094,129.8979949951172,68114,0.0,0.0
2024-12-12 10:24:00-05:00,129.8800048828125,129.94000244140625,129.7899932861328,129.7899932861328,53116,0.0,0.0
2024-12-12 10:25:00-05:00,129.81500244140625,130.02980041503906,129.7899932861328,130.0,70974,0.0,0.0
2024-12-12 10:26:00-05:00,129.98049926757812,130.07989501953125,129.86000061035156,129.91000366210938,110131,0.0,0.0
2024-12-12 10:27:00-05:00,129.9199981689453,129.9199981689453,129.76809692382812,129.77000427246094,54845,0.0,0.0
2024-12-12 10:28:00-05:00,129.76600646972656,129.89500427246094,129.71319580078125,129.77000427246094,67038,0.0,0.0
2024-12-12 10:29:00-05:00,129.77499389648438,129.81100463867188,129.75,129.81100463867188,34899,0.0,0.0
2024-12-12 10:30:00-05:00,129.80999755859375,129.82000732421875,129.51010131835938,129.5500030517578,105336,0.0,0.0
2024-12-12 10:31:00-05:00,129.5500030517578,129.60000610351562,129.46200561523438,129.50999450683594,87545,0.0,0.0
2024-12-12 10:32:00-05:00,129.49000549316406,129.5500030517578,129.38999938964844,129.39999389648438,66419,0.0,0.0
2024-12-12 10:33:00-05:00,129.38999938964844,129.4980926513672,129.32000732421875,129.35000610351562,87004,0.0,0.0
2024-12-12 10:34:00-05:00,129.33709716796875,129.34500122070312,129.17999267578125,129.17999267578125,117640,0.0,0.0
2024-12-12 10:35:00-05:00,129.1800994873047,129.55999755859375,129.1699981689453,129.5449981689453,90344,0.0,0.0
2024-12-12 10:36:00-05:00,129.54620361328125,129.88999938964844,129.5424041748047,129.7550048828125,131344,0.0,0.0
2024-12-12 10:37:00-05:00,129.72999572753906,130.07130432128906,129.72999572753906,130.07000732421875,94970,0.0,0.0
2024-12-12 10:38:00-05:00,130.05999755859375,130.14999389648438,129.9700927734375,130.02999877929688,99666,0.0,0.0
2024-12-12 10:39:00-05:00,130.0399932861328,130.1999053955078,130.03280639648438,130.15029907226562,65115,0.0,0.0
2024-12-12 10:40:00-05:00,130.1649932861328,130.2899932861328,130.1199951171875,130.24000549316406,96750,0.0,0.0
2024-12-12 10:41:00-05:00,130.22999572753906,130.24000549316406,130.1699981689453,130.22999572753906,50461,0.0,0.0
2024-12-12 10:42:00-05:00,130.22000122070312,130.22000122070312,130.0753936767578,130.08999633789062,79147,0.0,0.0
2024-12-12 10:43:00-05:00,130.07000732421875,130.1199951171875,129.9499969482422,129.9739990234375,73359,0.0,0.0
2024-12-12 10:44:00-05:00,129.9499969482422,130.00999450683594,129.85330200195312,129.85330200195312,60476,0.0,0.0
2024-12-12 10:45:00-05:00,129.85000610351562,129.9499969482422,129.8000030517578,129.9499053955078,57402,0.0,0.0
2024-12-12 10:46:00-05:00,129.92999267578125,130.0399932861328,129.9199981689453,129.97999572753906,56272,0.0,0.0
2024-12-12 10:47:00-05:00,129.97000122070312,130.197998046875,129.96009826660156,130.11990356445312,58313,0.0,0.0
2024-12-12 10:48:00-05:00,130.10000610351562,130.39999389648438,130.10000610351562,130.3300018310547,91040,0.0,0.0
2024-12-12 10:49:00-05:00,130.32000732421875,130.41000366210938,130.30999755859375,130.35400390625,61611,0.0,0.0
2024-12-12 10:50:00-05:00,130.34530639648438,130.4250030517578,130.27000427246094,130.3800048828125,58299,0.0,0.0
2024-12-12 10:51:00-05:00,130.35000610351562,130.36000061035156,130.25999450683594,130.35499572753906,40715,0.0,0.0
2024-12-12 10:52:00-05:00,130.37989807128906,130.38499450683594,130.25999450683594,130.3000030517578,42802,0.0,0.0
2024-12-12 10:53:00-05:00,130.33999633789062,130.39999389648438,130.22999572753906,130.2373046875,52174,0.0,0.0
2024-12-12 10:54:00-05:00,130.24429321289062,130.3800048828125,130.1999969482422,130.34500122070312,37090,0.0,0.0
2024-12-12 10:55:00-05:00,130.35499572753906,130.5699005126953,130.33999633789062,130.52000427246094,113105,0.0,0.0
2024-12-12 10:56:00-05:00,130.52000427246094,130.58999633789062,130.44000244140625,130.44000244140625,60921,0.0,0.0
2024-12-12 10:57:00-05:00,130.44000244140625,130.5388946533203,130.38999938964844,130.414306640625,47841,0.0,0.0
2024-12-12 10:58:00-05:00,130.41009521484375,130.50999450683594,130.41009521484375,130.47999572753906,36036,0.0,0.0
2024-12-12 10:59:00-05:00,130.481201171875,130.58999633789062,130.46119689941406,130.55999755859375,64612,0.0,0.0
2024-12-12 11:00:00-05:00,130.56500244140625,130.62989807128906,130.4949951171875,130.53700256347656,54358,0.0,0.0
2024-12-12 11:01:00-05:00,130.5399932861328,130.5399932861328,130.22999572753906,130.25,87289,0.0,0.0
2024-12-12 11:02:00-05:00,130.2698974609375,130.27000427246094,130.1300048828125,130.22000122070312,83496,0.0,0.0
2024-12-12 11:03:00-05:00,130.1999969482422,130.31460571289062,130.05999755859375,130.26499938964844,50376,0.0,0.0
2024-12-12 11:04:00-05:00,130.25010681152344,130.41000366210938,130.24000549316406,130.35000610351562,46213,0.0,0.0
2024-12-12 11:05:00-05:00,130.36000061035156,130.52999877929688,130.35000610351562,130.5,51744,0.0,0.0
2024-12-12 11:06:00-05:00,130.51499938964844,130.5500030517578,130.2899932861328,130.33999633789062,77087,0.0,0.0
2024-12-12 11:07:00-05:00,130.32009887695312,130.3699951171875,130.2100067138672,130.2382049560547,61349,0.0,0.0
2024-12-12 11:08:00-05:00,130.26109313964844,130.29800415039062,130.20599365234375,130.29800415039062,24520,0.0,0.0
2024-12-12 11:09:00-05:00,130.3000030517578,130.30999755859375,130.11000061035156,130.11500549316406,35107,0.0,0.0
2024-12-12 11:10:00-05:00,130.11000061035156,130.1381072998047,129.99000549316406,130.0093994140625,69792,0.0,0.0
2024-12-12 11:11:00-05:00,129.99429321289062,130.04930114746094,129.9499969482422,129.97999572753906,33534,0.0,0.0
2024-12-12 11:12:00-05:00,129.98500061035156,130.0402069091797,129.80999755859375,129.8551025390625,63232,0.0,0.0
2024-12-12 11:14:00-05:00,129.9199981689453,129.92999267578125,129.88999938964844,129.88999938964844,100192,0.0,0.0
2024-12-12 11:15:00-05:00,129.90350341796875,130.0500030517578,129.8800048828125,129.8800048828125,55577,0.0,0.0
2024-12-12 11:16:00-05:00,129.8699951171875,129.98989868164062,129.86000061035156,129.97999572753906,35863,0.0,0.0
2024-12-12 11:17:00-05:00,130.02000427246094,130.02499389648438,129.9149932861328,129.92999267578125,33608,0.0,0.0
2024-12-12 11:18:00-05:00,129.89999389648438,130.03990173339844,129.85499572753906,130.02830505371094,39482,0.0,0.0
2024-12-12 11:19:00-05:00,130.00999450683594,130.1300048828125,130.0,130.12660217285156,40102,0.0,0.0
2024-12-12 11:20:00-05:00,130.11000061035156,130.1199951171875,130.0500030517578,130.0500030517578,45055,0.0,0.0
2024-12-12 11:21:00-05:00,130.0500030517578,130.0500030517578,129.91000366210938,129.9600067138672,51317,0.0,0.0
2024-12-12 11:22:00-05:00,129.97459411621094,129.97459411621094,129.80999755859375,129.835205078125,65213,0.0,0.0
2024-12-12 11:23:00-05:00,129.8302001953125,130.0,129.76010131835938,129.9199981689453,52002,0.0,0.0
2024-12-12 11:24:00-05:00,129.9221954345703,129.9499969482422,129.860107421875,129.9199981689453,42392,0.0,0.0
2024-12-12 11:25:00-05:00,129.89999389648438,129.90989685058594,129.8000946044922,129.8800048828125,36508,0.0,0.0
2024-12-12 11:26:00-05:00,129.9199981689453,129.9199981689453,129.7552947998047,129.78750610351562,29292,0.0,0.0
2024-12-12 11:27:00-05:00,129.75250244140625,129.77000427246094,129.6114044189453,129.69259643554688,95537,0.0,0.0
2024-12-12 11:28:00-05:00,129.69129943847656,129.72549438476562,129.64999389648438,129.69979858398438,36205,0.0,0.0
2024-12-12 11:29:00-05:00,129.68499755859375,129.80990600585938,129.6300048828125,129.7899932861328,43301,0.0,0.0
2024-12-12 11:30:00-05:00,129.8000030517578,129.9199981689453,129.78500366210938,129.82000732421875,37403,0.0,0.0
2024-12-12 11:31:00-05:00,129.83889770507812,129.8699951171875,129.7801055908203,129.8321990966797,30987,0.0,0.0
2024-12-12 11:32:00-05:00,129.8300018310547,129.87159729003906,129.77999877929688,129.77999877929688,31862,0.0,0.0
2024-12-12 11:33:00-05:00,129.7574005126953,129.75999450683594,129.64999389648438,129.72999572753906,54031,0.0,0.0
2024-12-12 11:34:00-05:00,129.72000122070312,129.77670288085938,129.6999969482422,129.6999969482422,27344,0.0,0.0
2024-12-12 11:35:00-05:00,129.70579528808594,129.75999450683594,129.65289306640625,129.6649932861328,21253,0.0,0.0
2024-12-12 11:36:00-05:00,129.6649932861328,129.75,129.6199951171875,129.74000549316406,26143,0.0,0.0
2024-12-12 11:37:00-05:00,129.72000122070312,129.75999450683594,129.69000244140625,129.7449951171875,20289,0.0,0.0
2024-12-12 11:38:00-05:00,129.72999572753906,129.781005859375,129.6999969482422,129.72000122070312,34690,0.0,0.0
2024-12-12 11:39:00-05:00,129.7100067138672,129.7899932861328,129.58999633789062,129.64999389648438,45807,0.0,0.0
2024-12-12 11:40:00-05:00,129.625,129.6699981689453,129.58999633789062,129.65499877929688,33578,0.0,0.0
2024-12-12 11:41:00-05:00,129.6699981689453,129.6699981689453,129.58999633789062,129.6103973388672,28493,0.0,0.0
2024-12-12 11:42:00-05:00,129.61000061035156,129.61000061035156,129.5,129.50999450683594,58133,0.0,0.0
2024-12-12 11:43:00-05:00,129.50999450683594,129.5399932861328,129.41110229492188,129.46890258789062,99040,0.0,0.0
2024-12-12 11:44:00-05:00,129.47000122070312,129.74989318847656,129.47000122070312,129.7100067138672,47346,0.0,0.0
2024-12-12 11:45:00-05:00,129.74000549316406,129.75999450683594,129.50230407714844,129.51699829101562,61273,0.0,0.0
2024-12-12 11:46:00-05:00,129.51499938964844,129.51759338378906,129.32000732421875,129.32220458984375,51046,0.0,0.0
2024-12-12 11:47:00-05:00,129.3251953125,129.38999938964844,129.27999877929688,129.27999877929688,85302,0.0,0.0
2024-12-12 11:48:00-05:00,129.3199005126953,129.36990356445312,129.25,129.2899932861328,49577,0.0,0.0
2024-12-12 11:49:00-05:00,129.27999877929688,129.52999877929688,129.25,129.49000549316406,64781,0.0,0.0
2024-12-12 11:50:00-05:00,129.52960205078125,129.58900451660156,129.4499969482422,129.47000122070312,53504,0.0,0.0
2024-12-12 11:51:00-05:00,129.44810485839844,129.58999633789062,129.44810485839844,129.52999877929688,50186,0.0,0.0
2024-12-12 11:52:00-05:00,129.52999877929688,129.53990173339844,129.35009765625,129.40969848632812,33757,0.0,0.0
2024-12-12 11:53:00-05:00,129.42999267578125,129.46800231933594,129.3800048828125,129.39700317382812,30135,0.0,0.0
2024-12-12 11:54:00-05:00,129.39999389648438,129.4698944091797,129.3800048828125,129.3845977783203,29534,0.0,0.0
2024-12-12 11:55:00-05:00,129.39500427246094,129.44000244140625,129.2938995361328,129.389892578125,41488,0.0,0.0
2024-12-12 11:56:00-05:00,129.35499572753906,129.39990234375,129.3000030517578,129.36520385742188,26602,0.0,0.0
2024-12-12 11:57:00-05:00,129.3751983642578,129.41000366210938,129.3699951171875,129.37010192871094,23768,0.0,0.0
2024-12-12 11:58:00-05:00,129.3800048828125,129.3800048828125,129.22000122070312,129.2449951171875,53602,0.0,0.0
2024-12-12 11:59:00-05:00,129.2449951171875,129.2899932861328,129.22000122070312,129.22000122070312,45394,0.0,0.0
2024-12-12 12:00:00-05:00,129.1999969482422,129.22000122070312,129.07000732421875,129.15350341796875,91771,0.0,0.0
2024-12-12 12:01:00-05:00,129.15049743652344,129.1898956298828,129.1199951171875,129.1201934814453,41148,0.0,0.0
2024-12-12 12:02:00-05:00,129.1199951171875,129.3699951171875,129.11000061035156,129.33999633789062,82264,0.0,0.0
2024-12-12 12:03:00-05:00,129.3350067138672,129.4799041748047,129.32000732421875,129.45620727539062,69725,0.0,0.0
2024-12-12 12:04:00-05:00,129.44000244140625,129.53919982910156,129.44000244140625,129.52000427246094,57717,0.0,0.0
2024-12-12 12:05:00-05:00,129.52999877929688,129.6300048828125,129.43060302734375,129.43060302734375,76744,0.0,0.0
2024-12-12 12:06:00-05:00,129.44000244140625,129.57989501953125,129.44000244140625,129.57000732421875,32966,0.0,0.0
2024-12-12 12:07:00-05:00,129.57000732421875,129.69000244140625,129.55999755859375,129.6497039794922,76433,0.0,0.0
2024-12-12 12:08:00-05:00,129.64979553222656,129.7012939453125,129.61419677734375,129.7012939453125,37121,0.0,0.0
2024-12-12 12:09:00-05:00,129.69000244140625,129.7198944091797,129.65679931640625,129.66000366210938,41900,0.0,0.0
2024-12-12 12:10:00-05:00,129.6699981689453,129.6699981689453,129.57000732421875,129.57000732421875,41967,0.0,0.0
2024-12-12 12:11:00-05:00,129.5749969482422,129.69000244140625,129.55630493164062,129.69000244140625,38090,0.0,0.0
2024-12-12 12:12:00-05:00,129.6750030517578,129.6999053955078,129.63999938964844,129.6750030517578,24135,0.0,0.0
2024-12-12 12:13:00-05:00,129.69000244140625,129.78990173339844,129.69000244140625,129.76499938964844,64789,0.0,0.0
2024-12-12 12:14:00-05:00,129.77000427246094,129.79989624023438,129.6501007080078,129.6649932861328,45098,0.0,0.0
2024-12-12 12:15:00-05:00,129.67999267578125,129.72000122070312,129.63999938964844,129.66000366210938,31004,0.0,0.0
2024-12-12 12:16:00-05:00,129.66000366210938,129.7675018310547,129.6501007080078,129.7675018310547,51349,0.0,0.0
2024-12-12 12:17:00-05:00,129.77000427246094,129.8199005126953,129.75070190429688,129.77999877929688,35580,0.0,0.0
2024-12-12 12:18:00-05:00,129.79550170898438,129.79550170898438,129.7100067138672,129.72999572753906,37278,0.0,0.0
2024-12-12 12:19:00-05:00,129.710205078125,129.72999572753906,129.60169982910156,129.610107421875,43588,0.0,0.0
2024-12-12 12:20:00-05:00,129.64700317382812,129.7843017578125,129.6320037841797,129.7843017578125,22931,0.0,0.0
2024-12-12 12:21:00-05:00,129.77999877929688,129.7899932861328,129.75790405273438,129.77999877929688,22623,0.0,0.0
2024-12-12 12:22:00-05:00,129.7725067138672,129.86000061035156,129.77000427246094,129.86000061035156,33268,0.0,0.0
2024-12-12 12:23:00-05:00,129.86000061035156,129.8800048828125,129.83999633789062,129.86000061035156,37422,0.0,0.0
2024-12-12 12:24:00-05:00,129.85000610351562,129.92999267578125,129.84609985351562,129.9199981689453,62852,0.0,0.0
2024-12-12 12:25:00-05:00,129.9199981689453,130.0,129.860107421875,129.99049377441406,66470,0.0,0.0
2024-12-12 12:26:00-05:00,130.0,130.08999633789062,129.99000549316406,130.01370239257812,58496,0.0,0.0
2024-12-12 12:27:00-05:00,130.02000427246094,130.0399932861328,129.94000244140625,129.9499969482422,29480,0.0,0.0
2024-12-12 12:28:00-05:00,129.9429931640625,130.02000427246094,129.92759704589844,130.00840759277344,32129,0.0,0.0
2024-12-12 12:29:00-05:00,130.00999450683594,130.085693359375,129.97999572753906,129.99000549316406,59477,0.0,0.0
2024-12-12 12:30:00-05:00,129.98500061035156,130.00010681152344,129.89999389648438,130.00010681152344,26857,0.0,0.0
2024-12-12 12:31:00-05:00,130.0,130.00999450683594,129.90289306640625,129.9600067138672,29133,0.0,0.0
2024-12-12 12:32:00-05:00,129.9499969482422,129.9600067138672,129.8300018310547,129.8697052001953,39549,0.0,0.0
2024-12-12 12:33:00-05:00,129.8665008544922,129.9600067138672,129.84530639648438,129.9499969482422,37216,0.0,0.0
2024-12-12 12:34:00-05:00,129.9550018310547,129.9600067138672,129.8699951171875,129.91000366210938,29747,0.0,0.0
2024-12-12 12:35:00-05:00,129.89999389648438,129.9040069580078,129.8386993408203,129.85000610351562,17796,0.0,0.0
2024-12-12 12:36:00-05:00,129.835205078125,129.85479736328125,129.80999755859375,129.8300018310547,34809,0.0,0.0
2024-12-12 12:37:00-05:00,129.8249969482422,129.86990356445312,129.77169799804688,129.8000030517578,43690,0.0,0.0
2024-12-12 12:38:00-05:00,129.80499267578125,129.9250030517578,129.7899932861328,129.91140747070312,35782,0.0,0.0
2024-12-12 12:39:00-05:00,129.91000366210938,129.92999267578125,129.84779357910156,129.89999389648438,20160,0.0,0.0
2024-12-12 12:40:00-05:00,129.89219665527344,129.97999572753906,129.89219665527344,129.97720336914062,25875,0.0,0.0
2024-12-12 12:41:00-05:00,129.97999572753906,129.98260498046875,129.83999633789062,129.86219787597656,531995,0.0,0.0
2024-12-12 12:42:00-05:00,129.8699951171875,129.92999267578125,129.83999633789062,129.91009521484375,28573,0.0,0.0
2024-12-12 12:43:00-05:00,129.9156951904297,129.99000549316406,129.9156951904297,129.9199981689453,30904,0.0,0.0
2024-12-12 12:44:00-05:00,129.97000122070312,129.9864959716797,129.93240356445312,129.98500061035156,20899,0.0,0.0
2024-12-12 12:45:00-05:00,130.0,130.0399932861328,129.95010375976562,130.0,52354,0.0,0.0
2024-12-12 12:46:00-05:00,130.0050048828125,130.02999877929688,129.97000122070312,130.01499938964844,29481,0.0,0.0
2024-12-12 12:47:00-05:00,130.0084991455078,130.0500030517578,129.97000122070312,130.00999450683594,33775,0.0,0.0
2024-12-12 12:48:00-05:00,130.02000427246094,130.0998992919922,130.02000427246094,130.0998992919922,64316,0.0,0.0
2024-12-12 12:49:00-05:00,130.07870483398438,130.13999938964844,130.06500244140625,130.09500122070312,45076,0.0,0.0
2024-12-12 12:50:00-05:00,130.09500122070312,130.13270568847656,130.0500030517578,130.1199951171875,31417,0.0,0.0
2024-12-12 12:51:00-05:00,130.11000061035156,130.25,130.10000610351562,130.2301025390625,92594,0.0,0.0
2024-12-12 12:52:00-05:00,130.24000549316406,130.2899932861328,130.22999572753906,130.25999450683594,28880,0.0,0.0
2024-12-12 12:53:00-05:00,130.2633056640625,130.27000427246094,130.20010375976562,130.2100067138672,41878,0.0,0.0
2024-12-12 12:54:00-05:00,130.2100067138672,130.3300018310547,130.20010375976562,130.29519653320312,36830,0.0,0.0
2024-12-12 12:55:00-05:00,130.2899932861328,130.3704071044922,130.27340698242188,130.3699951171875,49559,0.0,0.0
2024-12-12 12:56:00-05:00,130.3699951171875,130.41000366210938,130.35000610351562,130.35499572753906,56816,0.0,0.0
2024-12-12 12:57:00-05:00,130.34190368652344,130.44000244140625,130.33999633789062,130.39999389648438,55092,0.0,0.0
2024-12-12 12:58:00-05:00,130.4022979736328,130.4199981689453,130.30999755859375,130.33999633789062,25052,0.0,0.0
2024-12-12 12:59:00-05:00,130.33999633789062,130.38999938964844,130.32000732421875,130.36000061035156,24746,0.0,0.0
2024-12-12 13:00:00-05:00,130.36000061035156,130.39990234375,130.2899932861328,130.37010192871094,51889,0.0,0.0
2024-12-12 13:01:00-05:00,130.37469482421875,130.37469482421875,130.25,130.25010681152344,35988,0.0,0.0
2024-12-12 13:02:00-05:00,130.25650024414062,130.27000427246094,130.2100067138672,130.2436981201172,22815,0.0,0.0
2024-12-12 13:03:00-05:00,130.25,130.55999755859375,130.25,130.5,96556,0.0,0.0
2024-12-12 13:04:00-05:00,130.52000427246094,130.52999877929688,130.4499969482422,130.47000122070312,29709,0.0,0.0
2024-12-12 13:05:00-05:00,130.47500610351562,130.47970581054688,130.3300018310547,130.36000061035156,48063,0.0,0.0
2024-12-12 13:06:00-05:00,130.3946990966797,130.3946990966797,130.21009826660156,130.24000549316406,96002,0.0,0.0
2024-12-12 13:07:00-05:00,130.24429321289062,130.31179809570312,130.2041015625,130.28359985351562,35978,0.0,0.0
2024-12-12 13:08:00-05:00,130.28750610351562,130.33999633789062,130.25,130.3300018310547,28316,0.0,0.0
2024-12-12 13:09:00-05:00,130.30999755859375,130.44000244140625,130.3000030517578,130.39010620117188,55991,0.0,0.0
2024-12-12 13:10:00-05:00,130.41000366210938,130.4499969482422,130.4001007080078,130.41250610351562,14457,0.0,0.0
2024-12-12 13:11:00-05:00,130.4199981689453,130.43499755859375,130.2310028076172,130.24000549316406,39320,0.0,0.0
2024-12-12 13:12:00-05:00,130.24000549316406,130.24000549316406,130.1199951171875,130.16000366210938,57914,0.0,0.0
2024-12-12 13:13:00-05:00,130.16000366210938,130.1992950439453,130.10000610351562,130.1699981689453,29892,0.0,0.0
2024-12-12 13:14:00-05:00,130.1649932861328,130.16990661621094,130.11000061035156,130.1501007080078,28252,0.0,0.0
2024-12-12 13:15:00-05:00,130.16000366210938,130.1699981689453,130.10009765625,130.16990661621094,18047,0.0,0.0
2024-12-12 13:16:00-05:00,130.15499877929688,130.19500732421875,130.11000061035156,130.17999267578125,38378,0.0,0.0
2024-12-12 13:17:00-05:00,130.19000244140625,130.1999053955078,130.08999633789062,130.13999938964844,37836,0.0,0.0
2024-12-12 13:18:00-05:00,130.1322021484375,130.17999267578125,130.12010192871094,130.1649932861328,33036,0.0,0.0
2024-12-12 13:19:00-05:00,130.16000366210938,130.17999267578125,130.13999938964844,130.1750030517578,17012,0.0,0.0
2024-12-12 13:20:00-05:00,130.1750030517578,130.1750030517578,130.0800018310547,130.1063995361328,29326,0.0,0.0
2024-12-12 13:21:00-05:00,130.08999633789062,130.1300048828125,130.01010131835938,130.01499938964844,35453,0.0,0.0
2024-12-12 13:22:00-05:00,130.00999450683594,130.0998992919922,130.0,130.00999450683594,70539,0.0,0.0
2024-12-12 13:23:00-05:00,130.0196075439453,130.0998992919922,130.0,130.07000732421875,28645,0.0,0.0
2024-12-12 13:24:00-05:00,130.07000732421875,130.1300048828125,130.06089782714844,130.11990356445312,21926,0.0,0.0
2024-12-12 13:25:00-05:00,130.12989807128906,130.16000366210938,130.07000732421875,130.09719848632812,33029,0.0,0.0
2024-12-12 13:26:00-05:00,130.08999633789062,130.15240478515625,130.07460021972656,130.13780212402344,17002,0.0,0.0
2024-12-12 13:27:00-05:00,130.13999938964844,130.35000610351562,130.13999938964844,130.32000732421875,46352,0.0,0.0
2024-12-12 13:28:00-05:00,130.35000610351562,130.35800170898438,130.27000427246094,130.2958984375,28846,0.0,0.0
2024-12-12 13:29:00-05:00,130.2700958251953,130.3000030517578,130.2100067138672,130.27000427246094,24668,0.0,0.0
2024-12-12 13:30:00-05:00,130.26499938964844,130.32989501953125,130.25010681152344,130.32989501953125,18380,0.0,0.0
2024-12-12 13:31:00-05:00,130.2899932861328,130.35499572753906,130.2899932861328,130.35000610351562,33056,0.0,0.0
2024-12-12 13:32:00-05:00,130.35000610351562,130.3800048828125,130.29010009765625,130.30999755859375,51635,0.0,0.0
2024-12-12 13:33:00-05:00,130.32009887695312,130.38119506835938,130.2899932861328,130.33999633789062,32870,0.0,0.0
2024-12-12 13:34:00-05:00,130.32000732421875,130.36990356445312,130.30999755859375,130.30999755859375,27026,0.0,0.0
2024-12-12 13:35:00-05:00,130.32369995117188,130.32369995117188,130.15719604492188,130.2100067138672,65994,0.0,0.0
2024-12-12 13:36:00-05:00,130.19700622558594,130.389892578125,130.18130493164062,130.33999633789062,66075,0.0,0.0
2024-12-12 13:37:00-05:00,130.3300018310547,130.39059448242188,130.30999755859375,130.38999938964844,29532,0.0,0.0
2024-12-12 13:38:00-05:00,130.38079833984375,130.38999938964844,130.2100067138672,130.22000122070312,42140,0.0,0.0
2024-12-12 13:39:00-05:00,130.2449951171875,130.3300018310547,130.22999572753906,130.32989501953125,24673,0.0,0.0
2024-12-12 13:40:00-05:00,130.30999755859375,130.39990234375,130.3000030517578,130.3647003173828,28417,0.0,0.0
2024-12-12 13:41:00-05:00,130.360107421875,130.38499450683594,130.31350708007812,130.32159423828125,20973,0.0,0.0
2024-12-12 13:42:00-05:00,130.3249969482422,130.36669921875,130.19749450683594,130.22000122070312,39306,0.0,0.0
2024-12-12 13:43:00-05:00,130.2100067138672,130.2299041748047,130.09039306640625,130.1199951171875,53557,0.0,0.0
2024-12-12 13:44:00-05:00,130.1300048828125,130.19979858398438,130.0709991455078,130.15499877929688,42378,0.0,0.0
2024-12-12 13:45:00-05:00,130.1436004638672,130.1436004638672,130.0,130.02999877929688,53305,0.0,0.0
2024-12-12 13:46:00-05:00,130.018798828125,130.06129455566406,130.0,130.02999877929688,46819,0.0,0.0
2024-12-12 13:47:00-05:00,130.02000427246094,130.14999389648438,129.99000549316406,130.0800018310547,32938,0.0,0.0
2024-12-12 13:48:00-05:00,130.0800018310547,130.10000610351562,130.0399932861328,130.0850067138672,15442,0.0,0.0
2024-12-12 13:49:00-05:00,130.10000610351562,130.24000549316406,130.10000610351562,130.2346954345703,41276,0.0,0.0
2024-12-12 13:50:00-05:00,130.2169952392578,130.2698974609375,130.16000366210938,130.1636962890625,59458,0.0,0.0
2024-12-12 13:51:00-05:00,130.1750030517578,130.1999969482422,130.13009643554688,130.17999267578125,30009,0.0,0.0
2024-12-12 13:52:00-05:00,130.17999267578125,130.17999267578125,130.0500030517578,130.07000732421875,26484,0.0,0.0
2024-12-12 13:53:00-05:00,130.0850067138672,130.14999389648438,130.02000427246094,130.02999877929688,32022,0.0,0.0
2024-12-12 13:54:00-05:00,130.00999450683594,130.02000427246094,129.9499969482422,129.96299743652344,41401,0.0,0.0
2024-12-12 13:55:00-05:00,129.9600067138672,129.9600067138672,129.86000061035156,129.90440368652344,55415,0.0,0.0
2024-12-12 13:56:00-05:00,129.89999389648438,129.91000366210938,129.8300018310547,129.85499572753906,29549,0.0,0.0
2024-12-12 13:57:00-05:00,129.8509063720703,129.97999572753906,129.8509063720703,129.97999572753906,40812,0.0,0.0
2024-12-12 13:58:00-05:00,129.96229553222656,129.97000122070312,129.88009643554688,129.9199981689453,26895,0.0,0.0
2024-12-12 13:59:00-05:00,129.91000366210938,130.0,129.89999389648438,129.9600067138672,25348,0.0,0.0
2024-12-12 14:00:00-05:00,129.9600067138672,129.97000122070312,129.82000732421875,129.9134063720703,75606,0.0,0.0
2024-12-12 14:01:00-05:00,129.9499969482422,130.0,129.9364013671875,129.9600067138672,44303,0.0,0.0
2024-12-12 14:02:00-05:00,129.97999572753906,130.08999633789062,129.97549438476562,130.08999633789062,36501,0.0,0.0
2024-12-12 14:03:00-05:00,130.07000732421875,130.14999389648438,130.0659942626953,130.1300048828125,95373,0.0,0.0
2024-12-12 14:04:00-05:00,130.125,130.23500061035156,130.07009887695312,130.2220001220703,56563,0.0,0.0
2024-12-12 14:05:00-05:00,130.23500061035156,130.3699951171875,130.1699981689453,130.36000061035156,77446,0.0,0.0
2024-12-12 14:06:00-05:00,130.36099243164062,130.43629455566406,130.30999755859375,130.30999755859375,54868,0.0,0.0
2024-12-12 14:07:00-05:00,130.30999755859375,130.375,130.25999450683594,130.28500366210938,71216,0.0,0.0
2024-12-12 14:08:00-05:00,130.29989624023438,130.42999267578125,130.29989624023438,130.4246063232422,38780,0.0,0.0
2024-12-12 14:09:00-05:00,130.42250061035156,130.6199951171875,130.42250061035156,130.60369873046875,102930,0.0,0.0
2024-12-12 14:10:00-05:00,130.60980224609375,131.19000244140625,130.560302734375,130.97999572753906,277021,0.0,0.0
2024-12-12 14:11:00-05:00,130.99000549316406,131.74989318847656,130.99000549316406,131.5406036376953,335217,0.0,0.0
2024-12-12 14:12:00-05:00,131.5399932861328,131.83999633789062,131.23060607910156,131.25999450683594,279643,0.0,0.0
2024-12-12 14:13:00-05:00,131.27589416503906,131.42999267578125,130.83999633789062,130.9445037841797,182341,0.0,0.0
2024-12-12 14:14:00-05:00,130.9600067138672,131.85000610351562,130.9250030517578,131.81100463867188,273698,0.0,0.0
2024-12-12 14:15:00-05:00,131.8000030517578,131.97999572753906,131.77000427246094,131.8699951171875,118180,0.0,0.0
2024-12-12 14:16:00-05:00,131.44000244140625,131.4600067138672,130.94000244140625,130.94000244140625,476660,0.0,0.0
2024-12-12 14:17:00-05:00,130.98989868164062,131.2899932861328,130.94000244140625,131.125,139020,0.0,0.0
2024-12-12 14:18:00-05:00,131.1300048828125,131.3000030517578,131.10000610351562,131.12989807128906,79268,0.0,0.0
2024-12-12 14:19:00-05:00,131.1074981689453,131.1199951171875,130.58999633789062,130.67999267578125,271312,0.0,0.0
2024-12-12 14:20:00-05:00,130.6300048828125,131.0800018310547,130.5500030517578,130.85000610351562,138034,0.0,0.0
2024-12-12 14:21:00-05:00,130.889892578125,131.0800018310547,130.7100067138672,130.82000732421875,82801,0.0,0.0
2024-12-12 14:22:00-05:00,130.88999938964844,131.05999755859375,130.82000732421875,130.94000244140625,73366,0.0,0.0
2024-12-12 14:23:00-05:00,130.97000122070312,131.25799560546875,130.94000244140625,131.22000122070312,113905,0.0,0.0
2024-12-12 14:24:00-05:00,131.1999969482422,131.2100067138672,131.0634002685547,131.0634002685547,77120,0.0,0.0
2024-12-12 14:25:00-05:00,131.0601043701172,131.375,131.0500030517578,131.375,109175,0.0,0.0
2024-12-12 14:26:00-05:00,131.3721923828125,131.39999389648438,131.1905975341797,131.30999755859375,111100,0.0,0.0
2024-12-12 14:27:00-05:00,131.32000732421875,131.3343048095703,131.0500946044922,131.1300048828125,107825,0.0,0.0
2024-12-12 14:28:00-05:00,131.13600158691406,131.25999450683594,131.0500030517578,131.08819580078125,82646,0.0,0.0
2024-12-12 14:29:00-05:00,131.11659240722656,131.1300048828125,130.97000122070312,130.99000549316406,70216,0.0,0.0
2024-12-12 14:30:00-05:00,130.9949951171875,131.02000427246094,130.80999755859375,131.02000427246094,79390,0.0,0.0
2024-12-12 14:31:00-05:00,131.02000427246094,131.0399932861328,130.80999755859375,130.8105926513672,55199,0.0,0.0
2024-12-12 14:32:00-05:00,130.81500244140625,130.86000061035156,130.72999572753906,130.78269958496094,62971,0.0,0.0
2024-12-12 14:33:00-05:00,130.81289672851562,130.82000732421875,130.74009704589844,130.82000732421875,36463,0.0,0.0
2024-12-12 14:34:00-05:00,130.86000061035156,131.01499938964844,130.85000610351562,130.9499969482422,82673,0.0,0.0
2024-12-12 14:35:00-05:00,130.93820190429688,130.95989990234375,130.8300018310547,130.88999938964844,40596,0.0,0.0
2024-12-12 14:36:00-05:00,130.91000366210938,131.08990478515625,130.88999938964844,130.93609619140625,39577,0.0,0.0
2024-12-12 14:37:00-05:00,130.9250030517578,130.97999572753906,130.7899932861328,130.94979858398438,45190,0.0,0.0
2024-12-12 14:38:00-05:00,130.97000122070312,131.09320068359375,130.95469665527344,131.0,32554,0.0,0.0
2024-12-12 14:39:00-05:00,131.00010681152344,131.14999389648438,130.94009399414062,131.08009338378906,53047,0.0,0.0
2024-12-12 14:40:00-05:00,131.1300048828125,131.1300048828125,131.02000427246094,131.06500244140625,31146,0.0,0.0
2024-12-12 14:41:00-05:00,131.08990478515625,131.22250366210938,131.02059936523438,131.0399932861328,60140,0.0,0.0
2024-12-12 14:42:00-05:00,131.03050231933594,131.10000610351562,130.9113006591797,130.9499969482422,50533,0.0,0.0
2024-12-12 14:43:00-05:00,130.94000244140625,130.97850036621094,130.85000610351562,130.91000366210938,39536,0.0,0.0
2024-12-12 14:44:00-05:00,130.87010192871094,130.99749755859375,130.87010192871094,130.96499633789062,34218,0.0,0.0
2024-12-12 14:45:00-05:00,130.94500732421875,131.0500030517578,130.9250030517578,130.9949951171875,30726,0.0,0.0
2024-12-12 14:46:00-05:00,131.02999877929688,131.22000122070312,131.0247039794922,131.22000122070312,51931,0.0,0.0
2024-12-12 14:47:00-05:00,131.22000122070312,131.22999572753906,131.11000061035156,131.1999969482422,34887,0.0,0.0
2024-12-12 14:48:00-05:00,131.2100067138672,131.2550048828125,131.1134033203125,131.1134033203125,37118,0.0,0.0
2024-12-12 14:49:00-05:00,131.11500549316406,131.16000366210938,131.0800018310547,131.13499450683594,25050,0.0,0.0
2024-12-12 14:50:00-05:00,131.1300048828125,131.24009704589844,131.10000610351562,131.16000366210938,52111,0.0,0.0
2024-12-12 14:51:00-05:00,131.13499450683594,131.24000549316406,131.08999633789062,131.13999938964844,34515,0.0,0.0
2024-12-12 14:52:00-05:00,131.13999938964844,131.17990112304688,131.02000427246094,131.04690551757812,39993,0.0,0.0
2024-12-12 14:53:00-05:00,131.0500030517578,131.07470703125,131.02000427246094,131.02000427246094,34561,0.0,0.0
2024-12-12 14:54:00-05:00,131.02999877929688,131.07000732421875,130.93499755859375,130.93499755859375,44880,0.0,0.0
2024-12-12 14:55:00-05:00,130.93780517578125,131.16000366210938,130.91009521484375,131.16000366210938,43681,0.0,0.0
2024-12-12 14:56:00-05:00,131.16000366210938,131.19000244140625,131.0749969482422,131.13499450683594,36753,0.0,0.0
2024-12-12 14:57:00-05:00,131.1490020751953,131.16000366210938,131.02999877929688,131.0449981689453,42819,0.0,0.0
2024-12-12 14:58:00-05:00,131.02999877929688,131.07000732421875,130.97999572753906,131.00709533691406,36539,0.0,0.0
2024-12-12 14:59:00-05:00,131.01499938964844,131.1199951171875,131.0084991455078,131.09100341796875,26309,0.0,0.0
2024-12-12 15:00:00-05:00,131.11000061035156,131.1699981689453,131.04559326171875,131.05999755859375,44673,0.0,0.0
2024-12-12 15:01:00-05:00,131.0417022705078,131.05499267578125,130.92050170898438,130.97999572753906,38691,0.0,0.0
2024-12-12 15:02:00-05:00,130.97000122070312,130.99000549316406,130.9199981689453,130.99000549316406,27959,0.0,0.0
2024-12-12 15:03:00-05:00,130.98500061035156,131.0500030517578,130.92019653320312,131.0399932861328,29450,0.0,0.0
2024-12-12 15:04:00-05:00,131.0395965576172,131.19000244140625,131.0395965576172,131.1840057373047,58576,0.0,0.0
2024-12-12 15:05:00-05:00,131.172607421875,131.32000732421875,131.1699981689453,131.30999755859375,92978,0.0,0.0
2024-12-12 15:06:00-05:00,131.3300018310547,131.3699951171875,131.2100067138672,131.360107421875,79703,0.0,0.0
2024-12-12 15:07:00-05:00,131.3699951171875,131.44000244140625,131.36000061035156,131.3800048828125,57095,0.0,0.0
2024-12-12 15:08:00-05:00,131.38499450683594,131.4499969482422,131.33999633789062,131.35060119628906,56448,0.0,0.0
2024-12-12 15:09:00-05:00,131.34170532226562,131.34190368652344,131.13999938964844,131.13999938964844,137068,0.0,0.0
2024-12-12 15:10:00-05:00,131.16000366210938,131.24989318847656,131.10000610351562,131.24989318847656,51296,0.0,0.0
2024-12-12 15:11:00-05:00,131.23500061035156,131.25,130.99000549316406,131.0,77782,0.0,0.0
2024-12-12 15:12:00-05:00,130.97999572753906,131.0500030517578,130.94000244140625,130.9582977294922,55503,0.0,0.0
2024-12-12 15:13:00-05:00,130.94949340820312,130.99000549316406,130.83999633789062,130.9600067138672,62990,0.0,0.0
2024-12-12 15:14:00-05:00,130.97999572753906,130.99000549316406,130.85000610351562,130.9199981689453,51091,0.0,0.0
2024-12-12 15:15:00-05:00,130.94000244140625,130.99989318847656,130.92999267578125,130.95480346679688,31475,0.0,0.0
2024-12-12 15:16:00-05:00,130.96499633789062,130.97999572753906,130.89999389648438,130.9499969482422,40663,0.0,0.0
2024-12-12 15:17:00-05:00,130.9499969482422,131.02999877929688,130.89999389648438,131.00010681152344,41120,0.0,0.0
2024-12-12 15:18:00-05:00,130.97999572753906,130.97999572753906,130.8852996826172,130.92999267578125,54824,0.0,0.0
2024-12-12 15:19:00-05:00,130.92999267578125,130.9550018310547,130.914794921875,130.93820190429688,30822,0.0,0.0
2024-12-12 15:20:00-05:00,130.94000244140625,130.96499633789062,130.88999938964844,130.92990112304688,42066,0.0,0.0
2024-12-12 15:21:00-05:00,130.8800048828125,130.88499450683594,130.75,130.78500366210938,73425,0.0,0.0
2024-12-12 15:22:00-05:00,130.77999877929688,130.80999755859375,130.75999450683594,130.7725067138672,58561,0.0,0.0
2024-12-12 15:23:00-05:00,130.7781982421875,130.82000732421875,130.74000549316406,130.81500244140625,51446,0.0,0.0
2024-12-12 15:24:00-05:00,130.80999755859375,130.80999755859375,130.7617950439453,130.7711944580078,41005,0.0,0.0
2024-12-12 15:25:00-05:00,130.77999877929688,130.89999389648438,130.75999450683594,130.8800048828125,47487,0.0,0.0
2024-12-12 15:26:00-05:00,130.8800048828125,130.8800048828125,130.77999877929688,130.82009887695312,23830,0.0,0.0
2024-12-12 15:27:00-05:00,130.81500244140625,130.85000610351562,130.79209899902344,130.8300018310547,42668,0.0,0.0
2024-12-12 15:28:00-05:00,130.8300018310547,130.83889770507812,130.79010009765625,130.80999755859375,26552,0.0,0.0
2024-12-12 15:29:00-05:00,130.7949981689453,130.80360412597656,130.6300048828125,130.65499877929688,57450,0.0,0.0
2024-12-12 15:30:00-05:00,130.6699981689453,130.839599609375,130.6699981689453,130.822998046875,72214,0.0,0.0
2024-12-12 15:31:00-05:00,130.8300018310547,130.92999267578125,130.82000732421875,130.8498992919922,52985,0.0,0.0
2024-12-12 15:32:00-05:00,130.8300018310547,130.89700317382812,130.7700958251953,130.86180114746094,75754,0.0,0.0
2024-12-12 15:33:00-05:00,130.8699951171875,130.8800048828125,130.7949981689453,130.82000732421875,25501,0.0,0.0
2024-12-12 15:34:00-05:00,130.8300018310547,130.88499450683594,130.7100067138672,130.82000732421875,62206,0.0,0.0
2024-12-12 15:35:00-05:00,130.82000732421875,130.875,130.75039672851562,130.8000030517578,29330,0.0,0.0
2024-12-12 15:36:00-05:00,130.7899932861328,130.89999389648438,130.77999877929688,130.85940551757812,38017,0.0,0.0
2024-12-12 15:37:00-05:00,130.85659790039062,130.9199981689453,130.8314971923828,130.88009643554688,35807,0.0,0.0
2024-12-12 15:38:00-05:00,130.86000061035156,130.875,130.7700958251953,130.83990478515625,43532,0.0,0.0
2024-12-12 15:39:00-05:00,130.82330322265625,130.86990356445312,130.60499572753906,130.60499572753906,64224,0.0,0.0
2024-12-12 15:40:00-05:00,130.61000061035156,130.6199951171875,130.36000061035156,130.41000366210938,140807,0.0,0.0
2024-12-12 15:41:00-05:00,130.3946990966797,130.42999267578125,130.32009887695312,130.33999633789062,84917,0.0,0.0
2024-12-12 15:42:00-05:00,130.35000610351562,130.4398956298828,130.3303985595703,130.41259765625,56515,0.0,0.0
2024-12-12 15:43:00-05:00,130.4199981689453,130.5399932861328,130.41290283203125,130.51759338378906,85587,0.0,0.0
2024-12-12 15:44:00-05:00,130.52000427246094,130.63999938964844,130.51870727539062,130.61419677734375,51514,0.0,0.0
2024-12-12 15:45:00-05:00,130.6199951171875,130.7010040283203,130.61019897460938,130.6999969482422,54506,0.0,0.0
2024-12-12 15:46:00-05:00,130.7050018310547,130.83999633789062,130.69009399414062,130.83999633789062,62805,0.0,0.0
2024-12-12 15:47:00-05:00,130.8325958251953,130.9499969482422,130.8249969482422,130.94700622558594,97207,0.0,0.0
2024-12-12 15:48:00-05:00,130.94000244140625,130.9499969482422,130.87010192871094,130.90499877929688,64605,0.0,0.0
2024-12-12 15:49:00-05:00,130.90499877929688,130.91000366210938,130.82330322265625,130.82899475097656,49162,0.0,0.0
2024-12-12 15:50:00-05:00,130.8300018310547,130.9499969482422,130.8300018310547,130.85470581054688,87434,0.0,0.0
2024-12-12 15:51:00-05:00,130.85000610351562,130.8699951171875,130.72000122070312,130.72999572753906,67442,0.0,0.0
2024-12-12 15:52:00-05:00,130.74000549316406,130.8000030517578,130.6699981689453,130.70469665527344,75985,0.0,0.0
2024-12-12 15:53:00-05:00,130.7100067138672,130.74000549316406,130.6300048828125,130.6300048828125,62158,0.0,0.0
2024-12-12 15:54:00-05:00,130.6300048828125,130.7100067138672,130.52099609375,130.5500030517578,105217,0.0,0.0
2024-12-12 15:55:00-05:00,130.52999877929688,130.52999877929688,130.33009338378906,130.40499877929688,203020,0.0,0.0
2024-12-12 15:56:00-05:00,130.41000366210938,130.64990234375,130.39500427246094,130.6313018798828,96176,0.0,0.0
2024-12-12 15:57:00-05:00,130.6300048828125,130.70289611816406,130.58999633789062,130.66009521484375,124192,0.0,0.0
2024-12-12 15:58:00-05:00,130.6699981689453,130.75999450683594,130.64999389648438,130.72999572753906,159661,0.0,0.0
2024-12-12 15:59:00-05:00,130.74000549316406,130.75,130.59500122070312,130.6199951171875,351958,0.0,0.0
2024-12-12 16:00:00-05:00,130.6,130.94,130.6,130.757,1629926,0.0,0.0
2024-12-12 16:01:00-05:00,130.6,130.85,130.52,130.6,0,0.0,0.0
2024-12-12 16:02:00-05:00,130.52,130.6,130.51,130.562,0,0.0,0.0
2024-12-12 16:03:00-05:00,130.6,138.35,130.5,130.6,0,0.0,0.0
2024-12-12 16:04:00-05:00,130.6,130.6,130.5,130.6,0,0.0,0.0
2024-12-12 16:05:00-05:00,130.58,130.6,130.4,130.6,0,0.0,0.0
2024-12-12 16:06:00-05:00,130.6,130.6,130.4,130.53,0,0.0,0.0
2024-12-12 16:07:00-05:00,130.53,130.6,130.41,130.43,0,0.0,0.0
2024-12-12 16:08:00-05:00,130.43,130.55,130.43,130.54,0,0.0,0.0
2024-12-12 16:09:00-05:00,130.54,130.57,130.43,130.5,0,0.0,0.0
2024-12-12 16:10:00-05:00,130.46,130.57,130.44,130.5,0,0.0,0.0
2024-12-12 16:11:00-05:00,130.5,130.5,130.43,130.465,0,0.0,0.0
2024-12-12 16:12:00-05:00,130.5,130.5,130.43,130.465,0,0.0,0.0
2024-12-12 16:13:00-05:00,130.48,130.6,130.48,130.54,0,0.0,0.0
2024-12-12 16:14:00-05:00,130.51,130.57,130.51,130.54,0,0.0,0.0
2024-12-12 16:15:00-05:00,130.52,130.89,130.51,130.61,0,0.0,0.0
2024-12-12 16:16:00-05:00,130.87,130.87,130.4627,130.68,0,0.0,0.0
2024-12-12 16:17:00-05:00,130.78,130.89,130.59,130.8708,0,0.0,0.0
2024-12-12 16:18:00-05:00,130.83,130.89,130.7,130.7015,0,0.0,0.0
2024-12-12 16:19:00-05:00,130.89,130.89,130.7,130.88,0,0.0,0.0
2024-12-12 16:20:00-05:00,130.88,130.89,130.7002,130.84,0,0.0,0.0
2024-12-12 16:21:00-05:00,130.84,131.0,130.8,130.8001,0,0.0,0.0
2024-12-12 16:22:00-05:00,130.87,130.9328,130.8,130.85,0,0.0,0.0
2024-12-12 16:23:00-05:00,130.85,131.02,130.8,130.93,0,0.0,0.0
2024-12-12 16:24:00-05:00,130.98,131.0,130.92,130.965,0,0.0,0.0
2024-12-12 16:25:00-05:00,130.99,131.15,130.92,131.15,0,0.0,0.0
2024-12-12 16:26:00-05:00,131.15,131.189,131.05,131.09,0,0.0,0.0
2024-12-12 16:27:00-05:00,131.0999,131.1,131.0013,131.1,0,0.0,0.0
2024-12-12 16:28:00-05:00,131.065,131.1,131.03,131.1,0,0.0,0.0
2024-12-12 16:29:00-05:00,131.05,131.1,130.89,131.1,0,0.0,0.0
2024-12-12 16:30:00-05:00,131.0,131.08,130.91,131.0,0,0.0,0.0
2024-12-12 16:31:00-05:00,131.08,131.08,130.86,130.9,0,0.0,0.0
2024-12-12 16:32:00-05:00,130.94,131.07,130.82,130.89,0,0.0,0.0
2024-12-12 16:33:00-05:00,130.91,130.95,130.81,130.9,0,0.0,0.0
2024-12-12 16:34:00-05:00,130.94,131.05,130.87,130.87,0,0.0,0.0
2024-12-12 16:35:00-05:00,130.915,130.955,130.8,130.8,0,0.0,0.0
2024-12-12 16:36:00-05:00,130.85,130.85,130.71,130.76,0,0.0,0.0
2024-12-12 16:37:00-05:00,130.775,130.8,130.75,130.79,0,0.0,0.0
2024-12-12 16:38:00-05:00,130.7501,130.8,130.69,130.69,0,0.0,0.0
2024-12-12 16:39:00-05:00,130.6884,130.6884,130.6,130.67,0,0.0,0.0
2024-12-12 16:40:00-05:00,130.67,130.79,130.6604,130.79,0,0.0,0.0
2024-12-12 16:41:00-05:00,130.78,130.78,130.72,130.75,0,0.0,0.0
2024-12-12 16:42:00-05:00,130.73,130.74,130.6,130.6,0,0.0,0.0
2024-12-12 16:43:00-05:00,130.73,130.73,130.6,130.67,0,0.0,0.0
2024-12-12 16:44:00-05:00,130.73,130.73,130.61,130.61,0,0.0,0.0
2024-12-12 16:45:00-05:00,130.6525,130.73,130.61,130.7,0,0.0,0.0
2024-12-12 16:46:00-05:00,130.655,130.655,130.51,130.51,0,0.0,0.0
2024-12-12 16:47:00-05:00,130.6,130.6,130.5103,130.52,0,0.0,0.0
2024-12-12 16:48:00-05:00,130.56,130.6,130.51,130.59,0,0.0,0.0
2024-12-12 16:49:00-05:00,130.55,130.69,130.51,130.64,0,0.0,0.0
2024-12-12 16:50:00-05:00,130.66,130.69,130.57,130.57,0,0.0,0.0
2024-12-12 16:51:00-05:00,130.65,130.69,130.6,130.69,0,0.0,0.0
2024-12-12 16:52:00-05:00,130.6,130.69,130.6,130.65,0,0.0,0.0
2024-12-12 16:53:00-05:00,130.57,130.65,130.52,130.55,0,0.0,0.0
2024-12-12 16:54:00-05:00,130.5111,130.6,130.51,130.6,0,0.0,0.0
2024-12-12 16:55:00-05:00,130.65,130.69,130.57,130.57,0,0.0,0.0
2024-12-12 16:56:00-05:00,130.65,130.6678,130.5612,130.6,0,0.0,0.0
2024-12-12 16:57:00-05:00,130.65,130.68,130.56,130.65,0,0.0,0.0
2024-12-12 16:58:00-05:00,130.6776,130.68,130.56,130.56,0,0.0,0.0
2024-12-12 16:59:00-05:00,130.68,130.68,130.6,130.6,0,0.0,0.0
2024-12-12 17:00:00-05:00,130.68,130.68,130.56,130.56,0,0.0,0.0
2024-12-12 17:01:00-05:00,130.56,130.68,130.56,130.56,0,0.0,0.0
2024-12-12 17:02:00-05:00,130.56,130.68,130.56,130.68,0,0.0,0.0
2024-12-12 17:03:00-05:00,130.55,130.55,130.4,130.53,0,0.0,0.0
2024-12-12 17:04:00-05:00,130.53,130.6,130.45,130.45,0,0.0,0.0
2024-12-12 17:05:00-05:00,130.45,130.53,130.44,130.4501,0,0.0,0.0
2024-12-12 17:06:00-05:00,130.5,136.6493,130.44,130.5299,0,0.0,0.0
2024-12-12 17:07:00-05:00,130.53,130.53,130.48,130.505,0,0.0,0.0
2024-12-12 17:08:00-05:00,130.4905,130.605,130.49,130.54,0,0.0,0.0
2024-12-12 17:09:00-05:00,130.53,130.68,130.53,130.68,0,0.0,0.0
2024-12-12 17:10:00-05:00,130.6,130.68,130.53,130.6,0,0.0,0.0
2024-12-12 17:11:00-05:00,130.68,130.68,130.5301,130.5301,0,0.0,0.0
2024-12-12 17:12:00-05:00,130.68,130.68,130.53,130.58,0,0.0,0.0
2024-12-12 17:13:00-05:00,130.5799,130.68,130.53,130.59,0,0.0,0.0
2024-12-12 17:14:00-05:00,130.68,130.68,130.53,130.68,0,0.0,0.0
2024-12-12 17:15:00-05:00,130.58,130.81,130.58,130.81,0,0.0,0.0
2024-12-12 17:16:00-05:00,130.81,130.81,130.6,130.8045,0,0.0,0.0
2024-12-12 17:17:00-05:00,130.8,130.8,130.6,130.79,0,0.0,0.0
2024-12-12 17:18:00-05:00,130.79,130.85,130.61,130.8482,0,0.0,0.0
2024-12-12 17:19:00-05:00,130.73,130.85,130.69,130.84,0,0.0,0.0
2024-12-12 17:20:00-05:00,130.8385,130.97,130.8,130.97,0,0.0,0.0
2024-12-12 17:21:00-05:00,130.86,130.95,130.79,130.95,0,0.0,0.0
2024-12-12 17:22:00-05:00,130.8444,130.95,130.69,130.69,0,0.0,0.0
2024-12-12 17:23:00-05:00,130.95,131.04,130.72,131.04,0,0.0,0.0
2024-12-12 17:24:00-05:00,130.9999,131.04,130.9,131.0,0,0.0,0.0
2024-12-12 17:25:00-05:00,130.99,131.05,130.88,131.04,0,0.0,0.0
2024-12-12 17:26:00-05:00,131.04,131.06,130.8,131.04,0,0.0,0.0
2024-12-12 17:27:00-05:00,130.99,131.02,130.82,130.905,0,0.0,0.0
2024-12-12 17:28:00-05:00,130.95,131.03,130.85,131.02,0,0.0,0.0
2024-12-12 17:29:00-05:00,131.012,131.03,130.82,130.9,0,0.0,0.0
2024-12-12 17:30:00-05:00,131.03,131.03,130.86,130.8801,0,0.0,0.0
2024-12-12 17:31:00-05:00,130.99,130.99,130.88,130.88,0,0.0,0.0
2024-12-12 17:32:00-05:00,130.98,130.99,130.9202,130.98,0,0.0,0.0
2024-12-12 17:33:00-05:00,130.99,131.05,130.95,130.95,0,0.0,0.0
2024-12-12 17:34:00-05:00,131.05,131.05,130.98,131.0001,0,0.0,0.0
2024-12-12 17:35:00-05:00,131.08,131.08,130.98,131.08,0,0.0,0.0
2024-12-12 17:36:00-05:00,131.08,131.1,130.98,131.1,0,0.0,0.0
2024-12-12 17:37:00-05:00,131.095,131.12,131.0874,131.0874,0,0.0,0.0
2024-12-12 17:38:00-05:00,131.15,131.24,131.1,131.24,0,0.0,0.0
2024-12-12 17:39:00-05:00,131.2,131.3,131.19,131.28,0,0.0,0.0
2024-12-12 17:40:00-05:00,131.28,131.3,131.22,131.25,0,0.0,0.0
2024-12-12 17:41:00-05:00,131.25,131.42,131.2202,131.37,0,0.0,0.0
2024-12-12 17:42:00-05:00,131.34,131.38,131.3,131.31,0,0.0,0.0
2024-12-12 17:43:00-05:00,131.31,131.37,131.3,131.34,0,0.0,0.0
2024-12-12 17:44:00-05:00,131.3699,131.4,131.3,131.32,0,0.0,0.0
2024-12-12 17:45:00-05:00,131.35,131.45,131.3,131.31,0,0.0,0.0
2024-12-12 17:46:00-05:00,131.37,131.47,131.3,131.47,0,0.0,0.0
2024-12-12 17:47:00-05:00,131.45,131.46,131.31,131.4001,0,0.0,0.0
2024-12-12 17:48:00-05:00,131.46,131.56,131.4001,131.53,0,0.0,0.0
2024-12-12 17:49:00-05:00,131.53,131.56,131.5,131.5,0,0.0,0.0
2024-12-12 17:50:00-05:00,131.56,131.56,131.3,131.3,0,0.0,0.0
2024-12-12 17:51:00-05:00,131.41,131.59,131.3,131.476,0,0.0,0.0
2024-12-12 17:52:00-05:00,131.37,131.48,131.37,131.48,0,0.0,0.0
2024-12-12 17:53:00-05:00,131.39,131.62,131.33,131.56,0,0.0,0.0
2024-12-12 17:54:00-05:00,131.5,131.6,131.5,131.545,0,0.0,0.0
2024-12-12 17:55:00-05:00,131.55,131.62,131.5,131.62,0,0.0,0.0
2024-12-12 17:56:00-05:00,131.56,131.63,131.56,131.62,0,0.0,0.0
2024-12-12 17:57:00-05:00,131.62,131.66,131.5,131.66,0,0.0,0.0
2024-12-12 17:58:00-05:00,131.65,131.7,131.62,131.69,0,0.0,0.0
2024-12-12 17:59:00-05:00,131.7,131.9,131.69,131.83,0,0.0,0.0
2024-12-12 18:00:00-05:00,131.75,131.87,131.6,131.61,0,0.0,0.0
2024-12-12 18:01:00-05:00,131.61,131.8,131.6,131.705,0,0.0,0.0
2024-12-12 18:02:00-05:00,131.61,131.8,131.6,131.65,0,0.0,0.0
2024-12-12 18:03:00-05:00,131.61,131.7,131.6,131.6501,0,0.0,0.0
2024-12-12 18:04:00-05:00,131.7,131.7,131.6,131.7,0,0.0,0.0
2024-12-12 18:05:00-05:00,131.63,131.75,131.63,131.75,0,0.0,0.0
2024-12-12 18:06:00-05:00,131.71,131.74,131.61,131.61,0,0.0,0.0
2024-12-12 18:07:00-05:00,131.6198,131.655,131.58,131.62,0,0.0,0.0
2024-12-12 18:08:00-05:00,131.62,131.65,131.58,131.6,0,0.0,0.0
2024-12-12 18:09:00-05:00,131.6,131.6,131.52,131.53,0,0.0,0.0
2024-12-12 18:10:00-05:00,131.55,131.6,131.52,131.55,0,0.0,0.0
2024-12-12 18:11:00-05:00,131.55,131.57,131.52,131.57,0,0.0,0.0
2024-12-12 18:12:00-05:00,131.57,131.57,131.5,131.52,0,0.0,0.0
2024-12-12 18:13:00-05:00,131.5,131.55,131.5,131.52,0,0.0,0.0
2024-12-12 18:14:00-05:00,131.5199,131.598,130.6,131.53,0,0.0,0.0
2024-12-12 18:15:00-05:00,131.53,131.61,131.5,131.6,0,0.0,0.0
2024-12-12 18:16:00-05:00,131.6,131.7,131.6,131.6695,0,0.0,0.0
2024-12-12 18:17:00-05:00,131.68,131.68,131.6,131.635,0,0.0,0.0
2024-12-12 18:18:00-05:00,131.6,131.68,131.6,131.68,0,0.0,0.0
2024-12-12 18:19:00-05:00,131.67,131.68,131.6,131.6,0,0.0,0.0
2024-12-12 18:20:00-05:00,131.625,131.67,131.62,131.65,0,0.0,0.0
2024-12-12 18:21:00-05:00,131.64,131.67,131.6,131.6,0,0.0,0.0
2024-12-12 18:22:00-05:00,131.62,131.62,131.55,131.6,0,0.0,0.0
2024-12-12 18:23:00-05:00,131.62,131.62,131.55,131.62,0,0.0,0.0
2024-12-12 18:24:00-05:00,131.55,131.62,131.5,131.5,0,0.0,0.0
2024-12-12 18:25:00-05:00,131.55,131.64,131.53,131.63,0,0.0,0.0
2024-12-12 18:26:00-05:00,131.63,131.65,131.6,131.6,0,0.0,0.0
2024-12-12 18:27:00-05:00,131.6,131.6,131.52,131.6,0,0.0,0.0
2024-12-12 18:28:00-05:00,131.56,131.6,131.52,131.5206,0,0.0,0.0
2024-12-12 18:29:00-05:00,131.52,131.6,131.51,131.5999,0,0.0,0.0
2024-12-12 18:30:00-05:00,131.6,131.6,131.51,131.565,0,0.0,0.0
2024-12-12 18:31:00-05:00,131.6,131.6,131.51,131.55,0,0.0,0.0
2024-12-12 18:32:00-05:00,131.55,131.55,131.51,131.51,0,0.0,0.0
2024-12-12 18:33:00-05:00,131.53,131.58,131.51,131.58,0,0.0,0.0
2024-12-12 18:34:00-05:00,131.51,131.58,131.5,131.53,0,0.0,0.0
2024-12-12 18:35:00-05:00,131.55,131.58,131.46,131.58,0,0.0,0.0
2024-12-12 18:36:00-05:00,131.58,131.58,131.46,131.5,0,0.0,0.0
2024-12-12 18:37:00-05:00,131.4999,131.5,131.46,131.5,0,0.0,0.0
2024-12-12 18:38:00-05:00,131.48,131.5,131.46,131.5,0,0.0,0.0
2024-12-12 18:39:00-05:00,131.49,131.5,131.4,131.45,0,0.0,0.0
2024-12-12 18:40:00-05:00,131.5,131.5,131.4,131.5,0,0.0,0.0
2024-12-12 18:41:00-05:00,131.47,131.49,131.38,131.41,0,0.0,0.0
2024-12-12 18:42:00-05:00,131.37,131.45,131.37,131.4499,0,0.0,0.0
2024-12-12 18:43:00-05:00,131.45,131.58,131.41,131.5,0,0.0,0.0
2024-12-12 18:44:00-05:00,131.5,131.5501,131.41,131.5,0,0.0,0.0
2024-12-12 18:45:00-05:00,131.6,131.6,131.5,131.6,0,0.0,0.0
2024-12-12 18:46:00-05:00,131.6,131.6,131.5,131.55,0,0.0,0.0
2024-12-12 18:47:00-05:00,131.6,131.6,131.55,131.6,0,0.0,0.0
2024-12-12 18:48:00-05:00,131.6,131.6,131.55,131.5996,0,0.0,0.0
2024-12-12 18:49:00-05:00,131.6,131.6,131.55,131.575,0,0.0,0.0
2024-12-12 18:50:00-05:00,131.6,131.67,131.55,131.66,0,0.0,0.0
2024-12-12 18:51:00-05:00,131.65,131.67,131.5501,131.5501,0,0.0,0.0
2024-12-12 18:52:00-05:00,131.62,131.67,131.57,131.67,0,0.0,0.0
2024-12-12 18:53:00-05:00,131.57,131.67,131.57,131.6399,0,0.0,0.0
2024-12-12 18:54:00-05:00,131.64,131.67,131.57,131.64,0,0.0,0.0
2024-12-12 18:55:00-05:00,131.64,131.64,131.6,131.6,0,0.0,0.0
2024-12-12 18:56:00-05:00,131.63,131.63,131.59,131.59,0,0.0,0.0
2024-12-12 18:57:00-05:00,131.6,131.67,131.57,131.67,0,0.0,0.0
2024-12-12 18:58:00-05:00,131.6,131.67,131.555,131.6097,0,0.0,0.0
2024-12-12 18:59:00-05:00,131.625,131.63,131.625,131.63,0,0.0,0.0
2024-12-12 19:00:00-05:00,131.61,131.65,131.55,131.65,0,0.0,0.0
2024-12-12 19:01:00-05:00,131.58,131.66,131.5504,131.5504,0,0.0,0.0
2024-12-12 19:02:00-05:00,131.595,131.64,131.595,131.64,0,0.0,0.0
2024-12-12 19:03:00-05:00,131.62,131.64,131.59,131.64,0,0.0,0.0
2024-12-12 19:04:00-05:00,131.65,131.68,131.64,131.64,0,0.0,0.0
2024-12-12 19:05:00-05:00,131.6695,131.69,131.64,131.68,0,0.0,0.0
2024-12-12 19:06:00-05:00,131.645,131.68,131.59,131.62,0,0.0,0.0
2024-12-12 19:07:00-05:00,131.7,131.7,131.62,131.68,0,0.0,0.0
2024-12-12 19:08:00-05:00,131.67,131.7,131.6,131.7,0,0.0,0.0
2024-12-12 19:09:00-05:00,131.65,131.7,131.65,131.7,0,0.0,0.0
2024-12-12 19:10:00-05:00,131.68,131.7,131.65,131.69,0,0.0,0.0
2024-12-12 19:11:00-05:00,131.69,131.7,131.6701,131.69,0,0.0,0.0
2024-12-12 19:12:00-05:00,131.6899,131.74,131.68,131.72,0,0.0,0.0
2024-12-12 19:13:00-05:00,131.75,131.82,131.725,131.7989,0,0.0,0.0
2024-12-12 19:14:00-05:00,131.785,131.83,131.785,131.8,0,0.0,0.0
2024-12-12 19:15:00-05:00,131.82,131.87,131.815,131.84,0,0.0,0.0
2024-12-12 19:16:00-05:00,131.9,131.94,131.8,131.94,0,0.0,0.0
2024-12-12 19:17:00-05:00,131.94,131.94,131.8,131.81,0,0.0,0.0
2024-12-12 19:18:00-05:00,131.89,131.8999,131.81,131.8999,0,0.0,0.0
2024-12-12 19:19:00-05:00,131.9,131.94,131.8,131.875,0,0.0,0.0
2024-12-12 19:20:00-05:00,131.875,131.95,131.8,131.9499,0,0.0,0.0
2024-12-12 19:21:00-05:00,131.94,131.94,131.9,131.9,0,0.0,0.0
2024-12-12 19:22:00-05:00,131.92,131.92,131.8294,131.92,0,0.0,0.0
2024-12-12 19:23:00-05:00,131.92,131.92,131.82,131.86,0,0.0,0.0
2024-12-12 19:24:00-05:00,131.91,131.92,131.9,131.9,0,0.0,0.0
2024-12-12 19:25:00-05:00,131.9,131.95,131.81,131.94,0,0.0,0.0
2024-12-12 19:26:22-05:00,131.895,131.895,131.895,131.895,0,0.0,0.0
