time,Open,High,Low,Close,Volume,Dividends,Stock Splits
2024-12-04 04:00:00-05:00,142.91,143.0,142.91,142.95,0,0.0,0.0
2024-12-04 04:01:00-05:00,143.03,143.05,143.0,143.04,0,0.0,0.0
2024-12-04 04:02:00-05:00,142.95,142.95,142.95,142.95,0,0.0,0.0
2024-12-04 04:03:00-05:00,142.93,143.01,142.89,142.91,0,0.0,0.0
2024-12-04 04:04:00-05:00,142.92,142.95,142.89,142.89,0,0.0,0.0
2024-12-04 04:06:00-05:00,142.89,142.95,142.89,142.93,0,0.0,0.0
2024-12-04 04:08:00-05:00,142.92,142.92,142.84,142.84,0,0.0,0.0
2024-12-04 04:09:00-05:00,142.84,142.88,142.8,142.8,0,0.0,0.0
2024-12-04 04:10:00-05:00,142.9,142.9,142.9,142.9,0,0.0,0.0
2024-12-04 04:11:00-05:00,142.94,142.94,142.88,142.88,0,0.0,0.0
2024-12-04 04:12:00-05:00,142.86,142.86,142.86,142.86,0,0.0,0.0
2024-12-04 04:13:00-05:00,142.94,142.95,142.94,142.95,0,0.0,0.0
2024-12-04 04:14:00-05:00,142.99,143.12,142.99,143.12,0,0.0,0.0
2024-12-04 04:15:00-05:00,143.16,143.16,143.16,143.16,0,0.0,0.0
2024-12-04 04:16:00-05:00,143.29,143.29,143.29,143.29,0,0.0,0.0
2024-12-04 04:17:00-05:00,143.29,143.29,143.29,143.29,0,0.0,0.0
2024-12-04 04:19:00-05:00,143.25,143.25,143.25,143.25,0,0.0,0.0
2024-12-04 04:21:00-05:00,143.23,143.23,143.17,143.22,0,0.0,0.0
2024-12-04 04:22:00-05:00,143.21,143.27,143.21,143.27,0,0.0,0.0
2024-12-04 04:23:00-05:00,143.29,143.3,143.27,143.27,0,0.0,0.0
2024-12-04 04:24:00-05:00,143.3,143.3,143.3,143.3,0,0.0,0.0
2024-12-04 04:25:00-05:00,143.37,143.39,143.35,143.35,0,0.0,0.0
2024-12-04 04:26:00-05:00,143.37,143.37,143.37,143.37,0,0.0,0.0
2024-12-04 04:27:00-05:00,143.37,143.51,143.37,143.5,0,0.0,0.0
2024-12-04 04:28:00-05:00,143.47,143.47,143.47,143.47,0,0.0,0.0
2024-12-04 04:29:00-05:00,143.47,143.47,143.45,143.45,0,0.0,0.0
2024-12-04 04:30:00-05:00,143.37,143.38,143.36,143.38,0,0.0,0.0
2024-12-04 04:31:00-05:00,143.48,143.57,143.42,143.42,0,0.0,0.0
2024-12-04 04:32:00-05:00,143.49,143.58,143.49,143.5,0,0.0,0.0
2024-12-04 04:34:00-05:00,143.44,143.44,143.42,143.42,0,0.0,0.0
2024-12-04 04:35:00-05:00,143.43,143.44,143.36,143.38,0,0.0,0.0
2024-12-04 04:36:00-05:00,143.35,143.4,143.35,143.4,0,0.0,0.0
2024-12-04 04:37:00-05:00,143.4,143.4,143.4,143.4,0,0.0,0.0
2024-12-04 04:38:00-05:00,143.43,143.43,143.25,143.34,0,0.0,0.0
2024-12-04 04:39:00-05:00,143.32,143.32,143.29,143.29,0,0.0,0.0
2024-12-04 04:40:00-05:00,143.29,143.29,143.29,143.29,0,0.0,0.0
2024-12-04 04:41:00-05:00,143.32,143.35,143.32,143.35,0,0.0,0.0
2024-12-04 04:43:00-05:00,143.46,143.46,143.46,143.46,0,0.0,0.0
2024-12-04 04:44:00-05:00,143.46,143.46,143.46,143.46,0,0.0,0.0
2024-12-04 04:45:00-05:00,143.45,143.45,143.45,143.45,0,0.0,0.0
2024-12-04 04:46:00-05:00,143.46,143.46,143.46,143.46,0,0.0,0.0
2024-12-04 04:47:00-05:00,143.46,143.46,143.46,143.46,0,0.0,0.0
2024-12-04 04:50:00-05:00,143.45,143.45,143.45,143.45,0,0.0,0.0
2024-12-04 04:51:00-05:00,143.47,143.48,143.47,143.48,0,0.0,0.0
2024-12-04 04:52:00-05:00,143.44,143.46,143.41,143.46,0,0.0,0.0
2024-12-04 04:53:00-05:00,143.46,143.49,143.46,143.49,0,0.0,0.0
2024-12-04 04:59:00-05:00,143.45,143.5,143.45,143.5,0,0.0,0.0
2024-12-04 05:00:00-05:00,143.52,143.59,143.52,143.52,0,0.0,0.0
2024-12-04 05:03:00-05:00,143.52,143.52,143.52,143.52,0,0.0,0.0
2024-12-04 05:06:00-05:00,143.55,143.55,143.51,143.51,0,0.0,0.0
2024-12-04 05:07:00-05:00,143.59,143.59,143.59,143.59,0,0.0,0.0
2024-12-04 05:08:00-05:00,143.56,143.56,143.56,143.56,0,0.0,0.0
2024-12-04 05:11:00-05:00,143.61,143.72,143.5,143.5,0,0.0,0.0
2024-12-04 05:13:00-05:00,143.51,143.54,143.45,143.46,0,0.0,0.0
2024-12-04 05:14:00-05:00,143.46,143.46,143.46,143.46,0,0.0,0.0
2024-12-04 05:15:00-05:00,143.47,143.5,143.46,143.46,0,0.0,0.0
2024-12-04 05:16:00-05:00,143.53,143.53,143.49,143.49,0,0.0,0.0
2024-12-04 05:17:00-05:00,143.49,143.49,143.49,143.49,0,0.0,0.0
2024-12-04 05:18:00-05:00,143.45,143.45,143.45,143.45,0,0.0,0.0
2024-12-04 05:19:00-05:00,143.41,143.41,143.41,143.41,0,0.0,0.0
2024-12-04 05:21:00-05:00,143.4,143.4,143.4,143.4,0,0.0,0.0
2024-12-04 05:23:00-05:00,143.37,143.4,143.37,143.4,0,0.0,0.0
2024-12-04 05:24:00-05:00,143.4,143.4,143.4,143.4,0,0.0,0.0
2024-12-04 05:25:00-05:00,143.38,143.5,143.38,143.5,0,0.0,0.0
2024-12-04 05:26:00-05:00,143.41,143.49,143.41,143.49,0,0.0,0.0
2024-12-04 05:27:00-05:00,143.49,143.5,143.47,143.5,0,0.0,0.0
2024-12-04 05:28:00-05:00,143.47,143.47,143.47,143.47,0,0.0,0.0
2024-12-04 05:29:00-05:00,143.56,143.56,143.49,143.49,0,0.0,0.0
2024-12-04 05:32:00-05:00,143.58,143.58,143.52,143.52,0,0.0,0.0
2024-12-04 05:34:00-05:00,143.53,143.6,143.53,143.6,0,0.0,0.0
2024-12-04 05:35:00-05:00,143.54,143.54,143.51,143.51,0,0.0,0.0
2024-12-04 05:38:00-05:00,143.59,143.59,143.56,143.56,0,0.0,0.0
2024-12-04 05:40:00-05:00,143.58,143.58,143.58,143.58,0,0.0,0.0
2024-12-04 05:41:00-05:00,143.64,143.64,143.64,143.64,0,0.0,0.0
2024-12-04 05:44:00-05:00,143.65,143.65,143.65,143.65,0,0.0,0.0
2024-12-04 05:45:00-05:00,143.65,143.65,143.64,143.64,0,0.0,0.0
2024-12-04 05:47:00-05:00,143.64,143.64,143.64,143.64,0,0.0,0.0
2024-12-04 05:48:00-05:00,143.65,143.65,143.6,143.6,0,0.0,0.0
2024-12-04 05:49:00-05:00,143.6,143.6,143.6,143.6,0,0.0,0.0
2024-12-04 05:52:00-05:00,143.6,143.6,143.58,143.58,0,0.0,0.0
2024-12-04 05:53:00-05:00,143.55,143.55,143.54,143.55,0,0.0,0.0
2024-12-04 05:54:00-05:00,143.62,143.63,143.6,143.62,0,0.0,0.0
2024-12-04 05:55:00-05:00,143.63,143.65,143.62,143.62,0,0.0,0.0
2024-12-04 05:56:00-05:00,143.63,143.63,143.63,143.63,0,0.0,0.0
2024-12-04 05:57:00-05:00,143.62,143.62,143.62,143.62,0,0.0,0.0
2024-12-04 06:01:00-05:00,143.54,143.54,143.53,143.54,0,0.0,0.0
2024-12-04 06:02:00-05:00,143.6,143.62,143.55,143.62,0,0.0,0.0
2024-12-04 06:03:00-05:00,143.61,143.61,143.61,143.61,0,0.0,0.0
2024-12-04 06:04:00-05:00,143.61,143.62,143.61,143.62,0,0.0,0.0
2024-12-04 06:06:00-05:00,143.62,143.62,143.62,143.62,0,0.0,0.0
2024-12-04 06:07:00-05:00,143.62,143.68,143.62,143.68,0,0.0,0.0
2024-12-04 06:09:00-05:00,143.68,143.68,143.62,143.62,0,0.0,0.0
2024-12-04 06:10:00-05:00,143.66,143.66,143.62,143.62,0,0.0,0.0
2024-12-04 06:11:00-05:00,143.6,143.6,143.6,143.6,0,0.0,0.0
2024-12-04 06:13:00-05:00,143.62,143.62,143.62,143.62,0,0.0,0.0
2024-12-04 06:15:00-05:00,143.6,143.62,143.6,143.62,0,0.0,0.0
2024-12-04 06:16:00-05:00,143.62,143.62,143.62,143.62,0,0.0,0.0
2024-12-04 06:18:00-05:00,143.58,143.58,143.58,143.58,0,0.0,0.0
2024-12-04 06:19:00-05:00,143.6,143.6,143.6,143.6,0,0.0,0.0
2024-12-04 06:21:00-05:00,143.6,143.6,143.6,143.6,0,0.0,0.0
2024-12-04 06:22:00-05:00,143.59,143.59,143.59,143.59,0,0.0,0.0
2024-12-04 06:23:00-05:00,143.58,143.58,143.58,143.58,0,0.0,0.0
2024-12-04 06:24:00-05:00,143.58,143.58,143.58,143.58,0,0.0,0.0
2024-12-04 06:25:00-05:00,143.58,143.6,143.58,143.6,0,0.0,0.0
2024-12-04 06:28:00-05:00,143.57,143.6,143.57,143.6,0,0.0,0.0
2024-12-04 06:29:00-05:00,143.59,143.64,143.59,143.64,0,0.0,0.0
2024-12-04 06:30:00-05:00,143.63,143.63,143.6,143.6,0,0.0,0.0
2024-12-04 06:31:00-05:00,143.62,143.63,143.62,143.63,0,0.0,0.0
2024-12-04 06:33:00-05:00,143.67,143.75,143.67,143.75,0,0.0,0.0
2024-12-04 06:34:00-05:00,143.7,143.7,143.7,143.7,0,0.0,0.0
2024-12-04 06:35:00-05:00,143.71,143.71,143.66,143.71,0,0.0,0.0
2024-12-04 06:36:00-05:00,143.74,143.75,143.74,143.75,0,0.0,0.0
2024-12-04 06:37:00-05:00,143.75,143.75,143.71,143.71,0,0.0,0.0
2024-12-04 06:38:00-05:00,143.71,143.71,143.71,143.71,0,0.0,0.0
2024-12-04 06:39:00-05:00,143.71,143.71,143.71,143.71,0,0.0,0.0
2024-12-04 06:40:00-05:00,143.69,143.69,143.69,143.69,0,0.0,0.0
2024-12-04 06:41:00-05:00,143.69,143.69,143.69,143.69,0,0.0,0.0
2024-12-04 06:42:00-05:00,143.73,143.73,143.71,143.71,0,0.0,0.0
2024-12-04 06:43:00-05:00,143.75,143.75,143.72,143.72,0,0.0,0.0
2024-12-04 06:44:00-05:00,143.72,143.72,143.72,143.72,0,0.0,0.0
2024-12-04 06:45:00-05:00,143.72,143.72,143.72,143.72,0,0.0,0.0
2024-12-04 06:46:00-05:00,143.68,143.72,143.68,143.72,0,0.0,0.0
2024-12-04 06:48:00-05:00,143.74,143.74,143.74,143.74,0,0.0,0.0
2024-12-04 06:49:00-05:00,143.74,143.74,143.7,143.7,0,0.0,0.0
2024-12-04 06:50:00-05:00,143.7,143.76,143.7,143.76,0,0.0,0.0
2024-12-04 06:51:00-05:00,143.84,143.94,143.84,143.86,0,0.0,0.0
2024-12-04 06:52:00-05:00,143.76,143.76,143.62,143.75,0,0.0,0.0
2024-12-04 06:53:00-05:00,143.85,143.87,143.84,143.87,0,0.0,0.0
2024-12-04 06:54:00-05:00,143.86,143.86,143.86,143.86,0,0.0,0.0
2024-12-04 06:57:00-05:00,143.82,143.88,143.79,143.79,0,0.0,0.0
2024-12-04 06:59:00-05:00,143.88,143.95,143.86,143.86,0,0.0,0.0
2024-12-04 07:00:00-05:00,143.68,143.7,143.6,143.7,0,0.0,0.0
2024-12-04 07:01:00-05:00,143.7,143.75,143.66,143.75,0,0.0,0.0
2024-12-04 07:02:00-05:00,143.76,143.9,143.76,143.89,0,0.0,0.0
2024-12-04 07:03:00-05:00,143.86,143.88,143.86,143.86,0,0.0,0.0
2024-12-04 07:04:00-05:00,143.88,143.88,143.81,143.87,0,0.0,0.0
2024-12-04 07:05:00-05:00,143.81,143.81,143.76,143.76,0,0.0,0.0
2024-12-04 07:06:00-05:00,143.76,143.79,143.76,143.79,0,0.0,0.0
2024-12-04 07:07:00-05:00,143.78,143.81,143.78,143.78,0,0.0,0.0
2024-12-04 07:08:00-05:00,143.76,143.76,143.74,143.76,0,0.0,0.0
2024-12-04 07:09:00-05:00,143.7,143.7,143.7,143.7,0,0.0,0.0
2024-12-04 07:10:00-05:00,143.62,143.62,143.55,143.6,0,0.0,0.0
2024-12-04 07:11:00-05:00,143.57,143.57,143.57,143.57,0,0.0,0.0
2024-12-04 07:12:00-05:00,143.62,143.64,143.62,143.64,0,0.0,0.0
2024-12-04 07:13:00-05:00,143.61,143.61,143.6,143.6,0,0.0,0.0
2024-12-04 07:14:00-05:00,143.6,143.6,143.6,143.6,0,0.0,0.0
2024-12-04 07:15:00-05:00,143.62,143.66,143.61,143.61,0,0.0,0.0
2024-12-04 07:17:00-05:00,143.64,143.66,143.64,143.66,0,0.0,0.0
2024-12-04 07:18:00-05:00,143.65,143.65,143.63,143.63,0,0.0,0.0
2024-12-04 07:19:00-05:00,143.61,143.61,143.61,143.61,0,0.0,0.0
2024-12-04 07:20:00-05:00,143.54,143.54,143.52,143.52,0,0.0,0.0
2024-12-04 07:21:00-05:00,143.51,143.51,143.5,143.5,0,0.0,0.0
2024-12-04 07:22:00-05:00,143.48,143.48,143.47,143.47,0,0.0,0.0
2024-12-04 07:23:00-05:00,143.45,143.45,143.44,143.44,0,0.0,0.0
2024-12-04 07:24:00-05:00,143.45,143.47,143.43,143.43,0,0.0,0.0
2024-12-04 07:25:00-05:00,143.46,143.5,143.46,143.5,0,0.0,0.0
2024-12-04 07:27:00-05:00,143.55,143.55,143.55,143.55,0,0.0,0.0
2024-12-04 07:28:00-05:00,143.48,143.51,143.48,143.51,0,0.0,0.0
2024-12-04 07:29:00-05:00,143.48,143.48,143.46,143.46,0,0.0,0.0
2024-12-04 07:30:00-05:00,143.51,143.51,143.51,143.51,0,0.0,0.0
2024-12-04 07:31:00-05:00,143.55,143.599,143.55,143.599,0,0.0,0.0
2024-12-04 07:32:00-05:00,143.6,143.6,143.6,143.6,0,0.0,0.0
2024-12-04 07:33:00-05:00,143.66,143.66,143.66,143.66,0,0.0,0.0
2024-12-04 07:34:00-05:00,143.68,143.71,143.66,143.66,0,0.0,0.0
2024-12-04 07:35:00-05:00,143.69,143.69,143.64,143.64,0,0.0,0.0
2024-12-04 07:36:00-05:00,143.64,143.64,143.63,143.63,0,0.0,0.0
2024-12-04 07:37:00-05:00,143.63,143.64,143.63,143.64,0,0.0,0.0
2024-12-04 07:38:00-05:00,143.65,143.65,143.6,143.61,0,0.0,0.0
2024-12-04 07:39:00-05:00,143.56,143.58,143.56,143.58,0,0.0,0.0
2024-12-04 07:40:00-05:00,143.55,143.55,143.55,143.55,0,0.0,0.0
2024-12-04 07:41:00-05:00,143.46,143.56,143.44,143.56,0,0.0,0.0
2024-12-04 07:42:00-05:00,143.56,143.56,143.51,143.56,0,0.0,0.0
2024-12-04 07:45:00-05:00,143.6,143.6,143.6,143.6,0,0.0,0.0
2024-12-04 07:46:00-05:00,143.61,143.61,143.61,143.61,0,0.0,0.0
2024-12-04 07:47:00-05:00,143.61,143.61,143.61,143.61,0,0.0,0.0
2024-12-04 07:48:00-05:00,143.64,143.65,143.64,143.65,0,0.0,0.0
2024-12-04 07:49:00-05:00,143.66,143.66,143.66,143.66,0,0.0,0.0
2024-12-04 07:50:00-05:00,143.65,143.65,143.5,143.52,0,0.0,0.0
2024-12-04 07:52:00-05:00,143.55,143.55,143.55,143.55,0,0.0,0.0
2024-12-04 07:53:00-05:00,143.55,143.55,143.55,143.55,0,0.0,0.0
2024-12-04 07:54:00-05:00,143.54,143.54,143.54,143.54,0,0.0,0.0
2024-12-04 07:55:00-05:00,143.59,143.64,143.59,143.61,0,0.0,0.0
2024-12-04 07:56:00-05:00,143.63,143.64,143.55,143.55,0,0.0,0.0
2024-12-04 07:57:00-05:00,143.56,143.59,143.52,143.58,0,0.0,0.0
2024-12-04 07:59:00-05:00,143.52,143.52,143.52,143.52,0,0.0,0.0
2024-12-04 08:00:00-05:00,143.75,143.9178,142.8,143.43,0,0.0,0.0
2024-12-04 08:01:00-05:00,143.65,143.875,142.78,143.4383,0,0.0,0.0
2024-12-04 08:02:00-05:00,143.43,143.55,143.38,143.38,0,0.0,0.0
2024-12-04 08:03:00-05:00,143.42,143.46,143.4,143.45,0,0.0,0.0
2024-12-04 08:04:00-05:00,143.46,143.5,141.626,143.46,0,0.0,0.0
2024-12-04 08:05:00-05:00,141.98,143.46,141.98,143.4,0,0.0,0.0
2024-12-04 08:06:00-05:00,143.35,143.46,143.35,143.44,0,0.0,0.0
2024-12-04 08:07:00-05:00,143.46,143.46,143.35,143.4,0,0.0,0.0
2024-12-04 08:08:00-05:00,143.46,143.46,143.35,143.35,0,0.0,0.0
2024-12-04 08:09:00-05:00,143.42,143.46,143.35,143.39,0,0.0,0.0
2024-12-04 08:10:00-05:00,143.405,143.46,143.4,143.4,0,0.0,0.0
2024-12-04 08:11:00-05:00,143.44,143.46,143.4071,143.46,0,0.0,0.0
2024-12-04 08:12:00-05:00,143.41,143.45,143.4,143.4,0,0.0,0.0
2024-12-04 08:13:00-05:00,143.43,143.45,143.4,143.45,0,0.0,0.0
2024-12-04 08:14:00-05:00,143.42,143.5,143.42,143.5,0,0.0,0.0
2024-12-04 08:15:00-05:00,143.5,143.5,143.46,143.5,0,0.0,0.0
2024-12-04 08:16:00-05:00,143.55,143.598,143.505,143.52,0,0.0,0.0
2024-12-04 08:17:00-05:00,143.58,143.58,143.54,143.54,0,0.0,0.0
2024-12-04 08:18:00-05:00,143.54,143.58,143.5,143.5,0,0.0,0.0
2024-12-04 08:19:00-05:00,143.5782,143.58,143.48,143.55,0,0.0,0.0
2024-12-04 08:20:00-05:00,143.53,143.57,143.5,143.51,0,0.0,0.0
2024-12-04 08:21:00-05:00,143.5,143.58,143.5,143.5017,0,0.0,0.0
2024-12-04 08:22:00-05:00,143.59,143.69,143.55,143.625,0,0.0,0.0
2024-12-04 08:23:00-05:00,143.6,143.65,143.5511,143.62,0,0.0,0.0
2024-12-04 08:24:00-05:00,143.62,143.65,143.55,143.6497,0,0.0,0.0
2024-12-04 08:25:00-05:00,143.6,143.62,143.55,143.575,0,0.0,0.0
2024-12-04 08:26:00-05:00,143.6,143.6,143.55,143.6,0,0.0,0.0
2024-12-04 08:27:00-05:00,143.6,143.65,143.59,143.62,0,0.0,0.0
2024-12-04 08:28:00-05:00,143.62,143.62,143.5,143.59,0,0.0,0.0
2024-12-04 08:29:00-05:00,143.525,143.58,143.5,143.53,0,0.0,0.0
2024-12-04 08:30:00-05:00,143.55,143.55,143.4403,143.465,0,0.0,0.0
2024-12-04 08:31:00-05:00,143.43,143.55,143.43,143.49,0,0.0,0.0
2024-12-04 08:32:00-05:00,143.49,143.55,143.43,143.55,0,0.0,0.0
2024-12-04 08:33:00-05:00,143.4999,143.4999,143.35,143.4,0,0.0,0.0
2024-12-04 08:34:00-05:00,143.4,143.48,143.35,143.35,0,0.0,0.0
2024-12-04 08:35:00-05:00,143.48,143.48,143.35,143.48,0,0.0,0.0
2024-12-04 08:36:00-05:00,143.48,143.48,143.35,143.4499,0,0.0,0.0
2024-12-04 08:37:00-05:00,143.4,143.4,143.31,143.4,0,0.0,0.0
2024-12-04 08:38:00-05:00,143.35,143.5,143.3,143.5,0,0.0,0.0
2024-12-04 08:39:00-05:00,143.55,143.55,143.33,143.39,0,0.0,0.0
2024-12-04 08:40:00-05:00,143.41,143.5,143.41,143.48,0,0.0,0.0
2024-12-04 08:41:00-05:00,143.44,143.52,143.3,143.47,0,0.0,0.0
2024-12-04 08:42:00-05:00,143.44,143.5,143.38,143.435,0,0.0,0.0
2024-12-04 08:43:00-05:00,143.41,143.52,143.41,143.45,0,0.0,0.0
2024-12-04 08:44:00-05:00,143.5,143.55,143.5,143.5475,0,0.0,0.0
2024-12-04 08:45:00-05:00,143.55,143.55,143.5,143.525,0,0.0,0.0
2024-12-04 08:46:00-05:00,143.53,143.55,143.45,143.54,0,0.0,0.0
2024-12-04 08:47:00-05:00,143.45,143.55,143.45,143.52,0,0.0,0.0
2024-12-04 08:48:00-05:00,143.55,143.58,143.51,143.56,0,0.0,0.0
2024-12-04 08:49:00-05:00,143.56,143.59,143.485,143.56,0,0.0,0.0
2024-12-04 08:50:00-05:00,143.55,143.55,143.38,143.45,0,0.0,0.0
2024-12-04 08:51:00-05:00,143.465,143.51,143.45,143.5,0,0.0,0.0
2024-12-04 08:52:00-05:00,143.4999,143.56,143.46,143.46,0,0.0,0.0
2024-12-04 08:53:00-05:00,143.46,143.56,143.45,143.5,0,0.0,0.0
2024-12-04 08:54:00-05:00,143.52,143.58,143.5,143.5001,0,0.0,0.0
2024-12-04 08:55:00-05:00,143.5705,143.58,143.5,143.58,0,0.0,0.0
2024-12-04 08:56:00-05:00,143.55,143.56,143.5,143.55,0,0.0,0.0
2024-12-04 08:57:00-05:00,143.55,143.65,143.55,143.61,0,0.0,0.0
2024-12-04 08:58:00-05:00,143.63,143.65,143.57,143.57,0,0.0,0.0
2024-12-04 08:59:00-05:00,143.61,143.65,143.57,143.61,0,0.0,0.0
2024-12-04 09:00:00-05:00,143.62,143.65,143.6,143.61,0,0.0,0.0
2024-12-04 09:01:00-05:00,143.6,143.67,143.57,143.62,0,0.0,0.0
2024-12-04 09:02:00-05:00,143.61,143.67,143.59,143.62,0,0.0,0.0
2024-12-04 09:03:00-05:00,143.57,143.67,143.53,143.53,0,0.0,0.0
2024-12-04 09:04:00-05:00,143.56,143.64,143.49,143.6,0,0.0,0.0
2024-12-04 09:05:00-05:00,143.65,143.65,143.536,143.555,0,0.0,0.0
2024-12-04 09:06:00-05:00,143.55,143.64,143.55,143.55,0,0.0,0.0
2024-12-04 09:07:00-05:00,143.63,143.63,143.55,143.5501,0,0.0,0.0
2024-12-04 09:08:00-05:00,143.575,143.6,143.55,143.55,0,0.0,0.0
2024-12-04 09:09:00-05:00,143.54,143.55,143.53,143.55,0,0.0,0.0
2024-12-04 09:10:00-05:00,143.5324,143.58,143.5,143.5,0,0.0,0.0
2024-12-04 09:11:00-05:00,143.5036,143.5444,143.5,143.52,0,0.0,0.0
2024-12-04 09:12:00-05:00,143.54,143.6,143.5,143.6,0,0.0,0.0
2024-12-04 09:13:00-05:00,143.58,143.65,143.51,143.625,0,0.0,0.0
2024-12-04 09:14:00-05:00,143.64,143.73,143.6114,143.67,0,0.0,0.0
2024-12-04 09:15:00-05:00,143.65,143.73,143.5999,143.5999,0,0.0,0.0
2024-12-04 09:16:00-05:00,143.57,143.67,143.5,143.5101,0,0.0,0.0
2024-12-04 09:17:00-05:00,143.656,143.656,143.5,143.525,0,0.0,0.0
2024-12-04 09:18:00-05:00,143.5,143.62,143.45,143.51,0,0.0,0.0
2024-12-04 09:19:00-05:00,143.5028,143.51,143.38,143.39,0,0.0,0.0
2024-12-04 09:20:00-05:00,143.39,143.39,143.25,143.25,0,0.0,0.0
2024-12-04 09:21:00-05:00,143.29,143.29,143.15,143.2493,0,0.0,0.0
2024-12-04 09:22:00-05:00,143.18,143.28,143.08,143.2,0,0.0,0.0
2024-12-04 09:23:00-05:00,143.24,143.29,143.08,143.2,0,0.0,0.0
2024-12-04 09:24:00-05:00,143.1,143.3,143.08,143.175,0,0.0,0.0
2024-12-04 09:25:00-05:00,143.24,143.24,143.06,143.08,0,0.0,0.0
2024-12-04 09:26:00-05:00,143.08,143.2,143.07,143.19,0,0.0,0.0
2024-12-04 09:27:00-05:00,143.11,143.18,142.86,143.0,0,0.0,0.0
2024-12-04 09:28:00-05:00,142.91,143.04,142.8209,143.0,0,0.0,0.0
2024-12-04 09:29:00-05:00,142.935,143.0121,142.93,142.93,0,0.0,0.0
2024-12-04 09:30:00-05:00,142.87969970703125,143.39999389648438,142.77999877929688,143.30990600585938,1032075,0.0,0.0
2024-12-04 09:31:00-05:00,143.22500610351562,143.27999877929688,142.4001007080078,142.5800018310547,195816,0.0,0.0
2024-12-04 09:32:00-05:00,142.552001953125,142.6199951171875,142.13999938964844,142.2801055908203,162261,0.0,0.0
2024-12-04 09:33:00-05:00,142.31500244140625,142.72000122070312,142.2550048828125,142.68980407714844,164003,0.0,0.0
2024-12-04 09:34:00-05:00,142.7042999267578,142.7042999267578,142.16000366210938,142.46609497070312,111318,0.0,0.0
2024-12-04 09:35:00-05:00,142.47000122070312,142.6300048828125,142.27999877929688,142.61000061035156,131595,0.0,0.0
2024-12-04 09:36:00-05:00,142.60000610351562,142.7989959716797,142.5081024169922,142.6717071533203,166302,0.0,0.0
2024-12-04 09:37:00-05:00,142.64500427246094,142.64500427246094,142.2949981689453,142.39599609375,151430,0.0,0.0
2024-12-04 09:38:00-05:00,142.38600158691406,142.4674072265625,141.97999572753906,142.1300048828125,191453,0.0,0.0
2024-12-04 09:39:00-05:00,142.14370727539062,142.14999389648438,141.72000122070312,141.80999755859375,185772,0.0,0.0
2024-12-04 09:40:00-05:00,141.83120727539062,141.97999572753906,141.74000549316406,141.89999389648438,98387,0.0,0.0
2024-12-04 09:41:00-05:00,141.8802947998047,142.09359741210938,141.83999633789062,142.07000732421875,123349,0.0,0.0
2024-12-04 09:42:00-05:00,142.08450317382812,142.3199005126953,142.0749053955078,142.1999969482422,95132,0.0,0.0
2024-12-04 09:43:00-05:00,142.1947021484375,142.5,142.17799377441406,142.4927978515625,93010,0.0,0.0
2024-12-04 09:44:00-05:00,142.4716033935547,142.57000732421875,142.29029846191406,142.55999755859375,85310,0.0,0.0
2024-12-04 09:45:00-05:00,142.38040161132812,142.38040161132812,142.38040161132812,142.38040161132812,137989,0.0,0.0
2024-12-04 09:46:00-05:00,142.375,142.51010131835938,142.25030517578125,142.48500061035156,87416,0.0,0.0
2024-12-04 09:47:00-05:00,142.4864959716797,142.89439392089844,142.4864959716797,142.8800048828125,116629,0.0,0.0
2024-12-04 09:48:00-05:00,142.8699951171875,142.97999572753906,142.73899841308594,142.76400756835938,136806,0.0,0.0
2024-12-04 09:49:00-05:00,142.7740936279297,142.77999877929688,142.5,142.72999572753906,80062,0.0,0.0
2024-12-04 09:50:00-05:00,142.74000549316406,142.91940307617188,142.69000244140625,142.77000427246094,76573,0.0,0.0
2024-12-04 09:51:00-05:00,142.74159240722656,142.77000427246094,142.5601043701172,142.6699981689453,66306,0.0,0.0
2024-12-04 09:52:00-05:00,142.67999267578125,142.6992950439453,142.5500030517578,142.64999389648438,46367,0.0,0.0
2024-12-04 09:53:00-05:00,142.61000061035156,142.6136932373047,142.25999450683594,142.2899932861328,83609,0.0,0.0
2024-12-04 09:54:00-05:00,142.3000030517578,142.4499053955078,142.13009643554688,142.1750030517578,88435,0.0,0.0
2024-12-04 09:55:00-05:00,142.17999267578125,142.19000244140625,142.0399932861328,142.10000610351562,101196,0.0,0.0
2024-12-04 09:56:00-05:00,142.07000732421875,142.11000061035156,141.860107421875,141.9600067138672,123768,0.0,0.0
2024-12-04 09:57:00-05:00,141.97000122070312,141.97500610351562,141.81500244140625,141.89500427246094,72534,0.0,0.0
2024-12-04 09:58:00-05:00,141.88999938964844,141.91000366210938,141.55999755859375,141.6300048828125,153256,0.0,0.0
2024-12-04 09:59:00-05:00,141.6300048828125,141.83999633789062,141.6199951171875,141.82000732421875,102490,0.0,0.0
2024-12-04 10:00:00-05:00,141.77000427246094,141.77999877929688,141.27000427246094,141.33999633789062,174959,0.0,0.0
2024-12-04 10:01:00-05:00,141.33059692382812,141.47999572753906,141.1999969482422,141.3300018310547,176043,0.0,0.0
2024-12-04 10:02:00-05:00,141.32290649414062,141.61000061035156,141.27040100097656,141.61000061035156,94303,0.0,0.0
2024-12-04 10:03:00-05:00,141.6199951171875,141.82000732421875,141.58999633789062,141.78500366210938,105424,0.0,0.0
2024-12-04 10:04:00-05:00,141.75999450683594,141.83999633789062,141.66299438476562,141.7100067138672,70279,0.0,0.0
2024-12-04 10:05:00-05:00,141.72999572753906,141.889892578125,141.6199951171875,141.74000549316406,83031,0.0,0.0
2024-12-04 10:06:00-05:00,141.78990173339844,141.7899932861328,141.64999389648438,141.64999389648438,54225,0.0,0.0
2024-12-04 10:07:00-05:00,141.61000061035156,141.7698974609375,141.50999450683594,141.75,91946,0.0,0.0
2024-12-04 10:08:00-05:00,141.75,141.92999267578125,141.70010375976562,141.82000732421875,68870,0.0,0.0
2024-12-04 10:09:00-05:00,141.8300018310547,141.8300018310547,141.66000366210938,141.69459533691406,60688,0.0,0.0
2024-12-04 10:10:00-05:00,141.6916961669922,141.97000122070312,141.67999267578125,141.75,101784,0.0,0.0
2024-12-04 10:11:00-05:00,141.73199462890625,141.97999572753906,141.72500610351562,141.89500427246094,79621,0.0,0.0
2024-12-04 10:12:00-05:00,141.90390014648438,142.00799560546875,141.82000732421875,141.8300018310547,102503,0.0,0.0
2024-12-04 10:13:00-05:00,141.8000030517578,141.8800048828125,141.7899932861328,141.8800048828125,71670,0.0,0.0
2024-12-04 10:14:00-05:00,141.875,141.91879272460938,141.6114044189453,141.63999938964844,103943,0.0,0.0
2024-12-04 10:15:00-05:00,141.64990234375,141.75999450683594,141.25999450683594,141.2949981689453,177830,0.0,0.0
2024-12-04 10:16:00-05:00,141.3000030517578,141.39999389648438,141.25010681152344,141.39999389648438,113460,0.0,0.0
2024-12-04 10:17:00-05:00,141.39500427246094,141.80990600585938,141.36199951171875,141.69000244140625,113430,0.0,0.0
2024-12-04 10:18:00-05:00,141.66000366210938,141.79989624023438,141.61599731445312,141.73500061035156,96588,0.0,0.0
2024-12-04 10:19:00-05:00,141.72999572753906,141.80999755859375,141.69000244140625,141.73500061035156,71809,0.0,0.0
2024-12-04 10:20:00-05:00,141.73500061035156,141.85989379882812,141.64999389648438,141.75,80433,0.0,0.0
2024-12-04 10:21:00-05:00,141.73500061035156,141.89990234375,141.72999572753906,141.89990234375,55492,0.0,0.0
2024-12-04 10:22:00-05:00,141.86500549316406,141.91000366210938,141.75,141.80499267578125,92396,0.0,0.0
2024-12-04 10:23:00-05:00,141.81500244140625,141.88999938964844,141.6790008544922,141.74000549316406,59415,0.0,0.0
2024-12-04 10:24:00-05:00,141.74000549316406,141.7899932861328,141.4499969482422,141.5500030517578,78377,0.0,0.0
2024-12-04 10:25:00-05:00,141.5500030517578,141.72000122070312,141.54559326171875,141.6800994873047,57419,0.0,0.0
2024-12-04 10:26:00-05:00,141.72000122070312,141.75,141.66000366210938,141.72000122070312,31010,0.0,0.0
2024-12-04 10:27:00-05:00,141.6999969482422,141.8300018310547,141.62010192871094,141.639892578125,63503,0.0,0.0
2024-12-04 10:28:00-05:00,141.61500549316406,141.66000366210938,141.52000427246094,141.5749969482422,44364,0.0,0.0
2024-12-04 10:29:00-05:00,141.58999633789062,141.69000244140625,141.4801025390625,141.53500366210938,54142,0.0,0.0
2024-12-04 10:30:00-05:00,141.5399932861328,141.55279541015625,141.33999633789062,141.3800048828125,84149,0.0,0.0
2024-12-04 10:31:00-05:00,141.3800048828125,141.58999633789062,141.35000610351562,141.58999633789062,66009,0.0,0.0
2024-12-04 10:32:00-05:00,141.59500122070312,141.86990356445312,141.58999633789062,141.8300018310547,81814,0.0,0.0
2024-12-04 10:33:00-05:00,141.81080627441406,141.92990112304688,141.79029846191406,141.83999633789062,71432,0.0,0.0
2024-12-04 10:34:00-05:00,141.8699951171875,142.0198974609375,141.82949829101562,141.97999572753906,75913,0.0,0.0
2024-12-04 10:35:00-05:00,141.99989318847656,142.11000061035156,141.96499633789062,142.07000732421875,69826,0.0,0.0
2024-12-04 10:36:00-05:00,142.0500030517578,142.17999267578125,142.0500030517578,142.0800018310547,66768,0.0,0.0
2024-12-04 10:37:00-05:00,142.0904998779297,142.22000122070312,142.07000732421875,142.15499877929688,76952,0.0,0.0
2024-12-04 10:38:00-05:00,142.14999389648438,142.18919372558594,142.10000610351562,142.1699981689453,55752,0.0,0.0
2024-12-04 10:39:00-05:00,142.16000366210938,142.24839782714844,141.92999267578125,141.94500732421875,102304,0.0,0.0
2024-12-04 10:40:00-05:00,141.94000244140625,142.1038055419922,141.77200317382812,141.83999633789062,88821,0.0,0.0
2024-12-04 10:41:00-05:00,141.85000610351562,142.0126953125,141.82029724121094,141.91000366210938,53737,0.0,0.0
2024-12-04 10:42:00-05:00,141.9149932861328,141.91720581054688,141.7100067138672,141.72970581054688,65547,0.0,0.0
2024-12-04 10:43:00-05:00,141.7100067138672,141.7799072265625,141.67999267578125,141.75,49586,0.0,0.0
2024-12-04 10:44:00-05:00,141.75,141.77000427246094,141.63999938964844,141.7353973388672,55270,0.0,0.0
2024-12-04 10:45:00-05:00,141.72500610351562,141.8699951171875,141.72500610351562,141.8000030517578,88971,0.0,0.0
2024-12-04 10:46:00-05:00,141.8090057373047,141.89999389648438,141.8090057373047,141.8249969482422,40139,0.0,0.0
2024-12-04 10:47:00-05:00,141.83419799804688,141.87989807128906,141.4499969482422,141.5803985595703,93839,0.0,0.0
2024-12-04 10:48:00-05:00,141.6396942138672,141.6396942138672,141.47239685058594,141.55999755859375,50436,0.0,0.0
2024-12-04 10:49:00-05:00,141.58250427246094,141.58990478515625,141.42010498046875,141.5301055908203,59951,0.0,0.0
2024-12-04 10:50:00-05:00,141.5749969482422,141.67999267578125,141.5,141.66000366210938,66787,0.0,0.0
2024-12-04 10:51:00-05:00,141.66000366210938,141.77999877929688,141.61500549316406,141.72999572753906,39020,0.0,0.0
2024-12-04 10:52:00-05:00,141.70089721679688,141.97950744628906,141.67999267578125,141.97250366210938,57019,0.0,0.0
2024-12-04 10:53:00-05:00,141.9600067138672,141.97999572753906,141.91000366210938,141.94500732421875,45695,0.0,0.0
2024-12-04 10:54:00-05:00,141.9300994873047,142.00999450683594,141.9001007080078,141.9550018310547,75007,0.0,0.0
2024-12-04 10:55:00-05:00,141.94000244140625,141.9600067138672,141.80520629882812,141.8699951171875,57513,0.0,0.0
2024-12-04 10:56:00-05:00,141.86990356445312,141.8699951171875,141.6999969482422,141.72000122070312,40427,0.0,0.0
2024-12-04 10:57:00-05:00,141.72000122070312,141.9600067138672,141.70010375976562,141.92990112304688,40380,0.0,0.0
2024-12-04 10:58:00-05:00,141.91619873046875,141.99989318847656,141.85000610351562,141.88330078125,51082,0.0,0.0
2024-12-04 10:59:00-05:00,141.88999938964844,141.9600067138672,141.77000427246094,141.77000427246094,25558,0.0,0.0
2024-12-04 11:00:00-05:00,141.77420043945312,141.96499633789062,141.72000122070312,141.94500732421875,60120,0.0,0.0
2024-12-04 11:01:00-05:00,141.9272003173828,142.0500030517578,141.87010192871094,141.87010192871094,56901,0.0,0.0
2024-12-04 11:02:00-05:00,141.88999938964844,141.9499969482422,141.77999877929688,141.82919311523438,72547,0.0,0.0
2024-12-04 11:03:00-05:00,141.8300018310547,142.00999450683594,141.8300018310547,141.99000549316406,47522,0.0,0.0
2024-12-04 11:04:00-05:00,141.97019958496094,142.02999877929688,141.94119262695312,141.98330688476562,44772,0.0,0.0
2024-12-04 11:05:00-05:00,141.97000122070312,142.16000366210938,141.93719482421875,142.14999389648438,77336,0.0,0.0
2024-12-04 11:06:00-05:00,142.14999389648438,142.25,142.1204071044922,142.18960571289062,73187,0.0,0.0
2024-12-04 11:07:00-05:00,142.20339965820312,142.22999572753906,142.14999389648438,142.1739044189453,68066,0.0,0.0
2024-12-04 11:08:00-05:00,142.17539978027344,142.17539978027344,142.10000610351562,142.10009765625,47107,0.0,0.0
2024-12-04 11:09:00-05:00,142.110107421875,142.110107421875,142.05499267578125,142.0800018310547,24604,0.0,0.0
2024-12-04 11:10:00-05:00,142.07000732421875,142.10000610351562,141.91009521484375,141.96279907226562,94622,0.0,0.0
2024-12-04 11:11:00-05:00,141.9611053466797,142.0,141.91009521484375,141.9600067138672,36776,0.0,0.0
2024-12-04 11:12:00-05:00,141.9600067138672,142.1199951171875,141.9600067138672,142.08990478515625,36415,0.0,0.0
2024-12-04 11:13:00-05:00,142.08999633789062,142.12989807128906,142.06019592285156,142.12989807128906,29116,0.0,0.0
2024-12-04 11:14:00-05:00,142.1280059814453,142.13999938964844,142.06039428710938,142.06039428710938,41069,0.0,0.0
2024-12-04 11:15:00-05:00,142.05909729003906,142.06239318847656,141.94000244140625,141.9600067138672,36732,0.0,0.0
2024-12-04 11:16:00-05:00,141.9600067138672,142.014404296875,141.86000061035156,141.91990661621094,50761,0.0,0.0
2024-12-04 11:17:00-05:00,141.9199981689453,141.99000549316406,141.875,141.9600067138672,47602,0.0,0.0
2024-12-04 11:18:00-05:00,141.97410583496094,142.0500030517578,141.9530029296875,142.02999877929688,32638,0.0,0.0
2024-12-04 11:19:00-05:00,142.04559326171875,142.10000610351562,142.02999877929688,142.07000732421875,43381,0.0,0.0
2024-12-04 11:20:00-05:00,142.08999633789062,142.17999267578125,142.08999633789062,142.1134033203125,39721,0.0,0.0
2024-12-04 11:21:00-05:00,142.11819458007812,142.19000244140625,142.0399932861328,142.14010620117188,36611,0.0,0.0
2024-12-04 11:22:00-05:00,142.16799926757812,142.2476043701172,142.14999389648438,142.2200927734375,42456,0.0,0.0
2024-12-04 11:23:00-05:00,142.24000549316406,142.3300018310547,142.1999969482422,142.20640563964844,59330,0.0,0.0
2024-12-04 11:24:00-05:00,142.25,142.34280395507812,142.210693359375,142.3000030517578,49137,0.0,0.0
2024-12-04 11:25:00-05:00,142.306396484375,142.33990478515625,142.2100067138672,142.2899932861328,45884,0.0,0.0
2024-12-04 11:26:00-05:00,142.2899932861328,142.3300018310547,142.25999450683594,142.29119873046875,25720,0.0,0.0
2024-12-04 11:27:00-05:00,142.3000030517578,142.33999633789062,142.22999572753906,142.2633056640625,39521,0.0,0.0
2024-12-04 11:28:00-05:00,142.24000549316406,142.2799072265625,142.2100067138672,142.22500610351562,38409,0.0,0.0
2024-12-04 11:29:00-05:00,142.24000549316406,142.27000427246094,142.10000610351562,142.1457977294922,42557,0.0,0.0
2024-12-04 11:30:00-05:00,142.14999389648438,142.21249389648438,142.11300659179688,142.19000244140625,46286,0.0,0.0
2024-12-04 11:31:00-05:00,142.1999969482422,142.2100067138672,142.13999938964844,142.1461944580078,33636,0.0,0.0
2024-12-04 11:32:00-05:00,142.14500427246094,142.2238006591797,142.10000610351562,142.1199951171875,27166,0.0,0.0
2024-12-04 11:33:00-05:00,142.13499450683594,142.2050018310547,142.1199951171875,142.19000244140625,26109,0.0,0.0
2024-12-04 11:34:00-05:00,142.17999267578125,142.23199462890625,142.02000427246094,142.19500732421875,47019,0.0,0.0
2024-12-04 11:35:00-05:00,142.16000366210938,142.3000030517578,142.16000366210938,142.2899932861328,44641,0.0,0.0
2024-12-04 11:36:00-05:00,142.2823944091797,142.48440551757812,142.27999877929688,142.35000610351562,74855,0.0,0.0
2024-12-04 11:37:00-05:00,142.360107421875,142.39999389648438,142.1199951171875,142.14500427246094,56253,0.0,0.0
2024-12-04 11:38:00-05:00,142.16000366210938,142.1699981689453,141.92999267578125,141.9698944091797,92956,0.0,0.0
2024-12-04 11:39:00-05:00,141.95559692382812,142.02000427246094,141.91000366210938,142.02000427246094,50374,0.0,0.0
2024-12-04 11:40:00-05:00,142.00010681152344,142.0998992919922,142.0,142.0399932861328,72478,0.0,0.0
2024-12-04 11:41:00-05:00,142.04969787597656,142.1300048828125,142.0,142.1300048828125,38805,0.0,0.0
2024-12-04 11:42:00-05:00,142.110107421875,142.19000244140625,142.09210205078125,142.1649932861328,34005,0.0,0.0
2024-12-04 11:43:00-05:00,142.1649932861328,142.1999969482422,142.09010314941406,142.1300048828125,25299,0.0,0.0
2024-12-04 11:44:00-05:00,142.13009643554688,142.1999969482422,142.110107421875,142.19000244140625,25408,0.0,0.0
2024-12-04 11:45:00-05:00,142.19000244140625,142.30999755859375,142.16000366210938,142.26010131835938,56511,0.0,0.0
2024-12-04 11:46:00-05:00,142.27999877929688,142.29949951171875,142.15139770507812,142.27000427246094,24839,0.0,0.0
2024-12-04 11:47:00-05:00,142.2949981689453,142.35000610351562,142.21499633789062,142.22999572753906,34081,0.0,0.0
2024-12-04 11:48:00-05:00,142.22000122070312,142.30999755859375,142.18739318847656,142.3000030517578,40999,0.0,0.0
2024-12-04 11:49:00-05:00,142.30999755859375,142.3699951171875,142.30499267578125,142.3350067138672,50610,0.0,0.0
2024-12-04 11:50:00-05:00,142.32000732421875,142.36000061035156,142.28199768066406,142.36000061035156,54283,0.0,0.0
2024-12-04 11:51:00-05:00,142.3249969482422,142.35499572753906,142.25,142.2700958251953,41825,0.0,0.0
2024-12-04 11:52:00-05:00,142.2949981689453,142.30999755859375,142.25999450683594,142.29600524902344,23107,0.0,0.0
2024-12-04 11:53:00-05:00,142.27999877929688,142.3300018310547,142.25999450683594,142.31500244140625,17674,0.0,0.0
2024-12-04 11:54:00-05:00,142.3227996826172,142.47000122070312,142.32000732421875,142.4600067138672,40577,0.0,0.0
2024-12-04 11:55:00-05:00,142.4698944091797,142.5,142.42999267578125,142.47999572753906,38758,0.0,0.0
2024-12-04 11:56:00-05:00,142.45010375976562,142.52000427246094,142.4196014404297,142.50999450683594,52476,0.0,0.0
2024-12-04 11:57:00-05:00,142.51589965820312,142.55850219726562,142.4801025390625,142.49000549316406,46423,0.0,0.0
2024-12-04 11:58:00-05:00,142.4947052001953,142.4947052001953,142.4199981689453,142.44009399414062,30364,0.0,0.0
2024-12-04 11:59:00-05:00,142.42999267578125,142.44439697265625,142.2801055908203,142.3350067138672,44901,0.0,0.0
2024-12-04 12:00:00-05:00,142.33999633789062,142.38999938964844,142.30999755859375,142.30999755859375,31027,0.0,0.0
2024-12-04 12:01:00-05:00,142.32249450683594,142.41990661621094,142.30999755859375,142.39999389648438,36432,0.0,0.0
2024-12-04 12:02:00-05:00,142.41639709472656,142.44000244140625,142.39999389648438,142.39999389648438,35910,0.0,0.0
2024-12-04 12:03:00-05:00,142.40499877929688,142.41310119628906,142.25999450683594,142.2700958251953,42292,0.0,0.0
2024-12-04 12:04:00-05:00,142.27000427246094,142.30999755859375,142.25,142.27000427246094,50696,0.0,0.0
2024-12-04 12:05:00-05:00,142.27000427246094,142.3000030517578,142.2100067138672,142.2899932861328,40823,0.0,0.0
2024-12-04 12:06:00-05:00,142.2899932861328,142.3800048828125,142.24009704589844,142.26080322265625,36025,0.0,0.0
2024-12-04 12:07:00-05:00,142.25,142.27059936523438,142.17999267578125,142.22560119628906,36692,0.0,0.0
2024-12-04 12:08:00-05:00,142.25,142.3845977783203,142.25,142.2899932861328,41445,0.0,0.0
2024-12-04 12:09:00-05:00,142.30160522460938,142.36000061035156,142.27000427246094,142.34970092773438,37693,0.0,0.0
2024-12-04 12:10:00-05:00,142.3300018310547,142.49000549316406,142.32000732421875,142.45989990234375,41589,0.0,0.0
2024-12-04 12:11:00-05:00,142.44000244140625,142.639892578125,142.4149932861328,142.6199951171875,84514,0.0,0.0
2024-12-04 12:12:00-05:00,142.60000610351562,142.63999938964844,142.52999877929688,142.60009765625,43730,0.0,0.0
2024-12-04 12:13:00-05:00,142.625,142.67999267578125,142.58270263671875,142.67999267578125,42496,0.0,0.0
2024-12-04 12:14:00-05:00,142.67999267578125,142.72000122070312,142.6199951171875,142.64039611816406,86374,0.0,0.0
2024-12-04 12:15:00-05:00,142.64999389648438,142.75,142.64010620117188,142.75,34200,0.0,0.0
2024-12-04 12:16:00-05:00,142.74000549316406,142.77000427246094,142.6699981689453,142.6938018798828,40525,0.0,0.0
2024-12-04 12:17:00-05:00,142.68499755859375,142.6999969482422,142.6300048828125,142.64999389648438,38024,0.0,0.0
2024-12-04 12:18:00-05:00,142.64999389648438,142.6999969482422,142.63999938964844,142.67999267578125,27011,0.0,0.0
2024-12-04 12:19:00-05:00,142.69000244140625,142.75,142.67010498046875,142.75,24620,0.0,0.0
2024-12-04 12:20:00-05:00,142.74000549316406,142.80999755859375,142.73019409179688,142.80360412597656,58687,0.0,0.0
2024-12-04 12:21:00-05:00,142.80499267578125,142.94830322265625,142.6678009033203,142.82760620117188,106144,0.0,0.0
2024-12-04 12:22:00-05:00,142.82000732421875,142.8946990966797,142.7899932861328,142.88980102539062,48413,0.0,0.0
2024-12-04 12:23:00-05:00,142.86459350585938,142.88999938964844,142.8341064453125,142.8341064453125,21432,0.0,0.0
2024-12-04 12:24:00-05:00,142.8300018310547,143.00999450683594,142.8101043701172,142.97999572753906,107066,0.0,0.0
2024-12-04 12:25:00-05:00,142.97999572753906,143.02999877929688,142.86000061035156,142.88999938964844,78568,0.0,0.0
2024-12-04 12:26:00-05:00,142.89999389648438,142.98919677734375,142.88999938964844,142.97000122070312,45491,0.0,0.0
2024-12-04 12:27:00-05:00,142.9499969482422,142.97999572753906,142.91009521484375,142.9499969482422,50081,0.0,0.0
2024-12-04 12:28:00-05:00,142.9499969482422,142.96499633789062,142.83999633789062,142.84100341796875,25645,0.0,0.0
2024-12-04 12:29:00-05:00,142.85499572753906,142.86349487304688,142.6999969482422,142.7100067138672,40217,0.0,0.0
2024-12-04 12:30:00-05:00,142.72000122070312,142.72000122070312,142.6020050048828,142.6750946044922,54446,0.0,0.0
2024-12-04 12:31:00-05:00,142.65899658203125,142.67990112304688,142.52999877929688,142.55979919433594,50000,0.0,0.0
2024-12-04 12:32:00-05:00,142.55999755859375,142.61410522460938,142.49000549316406,142.57000732421875,54753,0.0,0.0
2024-12-04 12:33:00-05:00,142.58999633789062,142.6107940673828,142.51429748535156,142.6107940673828,21059,0.0,0.0
2024-12-04 12:34:00-05:00,142.61500549316406,142.69000244140625,142.610107421875,142.6501007080078,39173,0.0,0.0
2024-12-04 12:35:00-05:00,142.64999389648438,142.72000122070312,142.6136932373047,142.6136932373047,28430,0.0,0.0
2024-12-04 12:36:00-05:00,142.63999938964844,142.7198944091797,142.63999938964844,142.685302734375,14934,0.0,0.0
2024-12-04 12:37:00-05:00,142.7100067138672,142.78750610351562,142.67999267578125,142.77000427246094,38277,0.0,0.0
2024-12-04 12:38:00-05:00,142.77999877929688,142.7899932861328,142.7382049560547,142.7449951171875,21708,0.0,0.0
2024-12-04 12:39:00-05:00,142.77999877929688,142.88999938964844,142.77999877929688,142.8300018310547,30215,0.0,0.0
2024-12-04 12:40:00-05:00,142.80999755859375,142.89999389648438,142.80999755859375,142.8300018310547,40261,0.0,0.0
2024-12-04 12:41:00-05:00,142.85000610351562,142.85000610351562,142.8000030517578,142.82000732421875,21931,0.0,0.0
2024-12-04 12:42:00-05:00,142.83990478515625,142.8430938720703,142.72000122070312,142.8350067138672,32883,0.0,0.0
2024-12-04 12:43:00-05:00,142.83680725097656,142.87989807128906,142.8300018310547,142.87989807128906,14619,0.0,0.0
2024-12-04 12:44:00-05:00,142.84010314941406,142.88510131835938,142.83999633789062,142.8778076171875,14731,0.0,0.0
2024-12-04 12:45:00-05:00,142.88980102539062,142.88980102539062,142.79949951171875,142.83999633789062,15659,0.0,0.0
2024-12-04 12:46:00-05:00,142.82460021972656,142.83999633789062,142.77999877929688,142.8300018310547,11069,0.0,0.0
2024-12-04 12:47:00-05:00,142.82000732421875,142.8300018310547,142.75,142.77000427246094,17195,0.0,0.0
2024-12-04 12:48:00-05:00,142.7698974609375,142.77000427246094,142.5207977294922,142.57049560546875,69324,0.0,0.0
2024-12-04 12:49:00-05:00,142.5749969482422,142.6697998046875,142.560302734375,142.63999938964844,34444,0.0,0.0
2024-12-04 12:50:00-05:00,142.63999938964844,142.6898956298828,142.57009887695312,142.64430236816406,29721,0.0,0.0
2024-12-04 12:51:00-05:00,142.65499877929688,142.66000366210938,142.57000732421875,142.57000732421875,17744,0.0,0.0
2024-12-04 12:52:00-05:00,142.58999633789062,142.6199951171875,142.53500366210938,142.5998992919922,31682,0.0,0.0
2024-12-04 12:53:00-05:00,142.5800018310547,142.63999938964844,142.5800018310547,142.61500549316406,22129,0.0,0.0
2024-12-04 12:54:00-05:00,142.62100219726562,142.68409729003906,142.61000061035156,142.66000366210938,14261,0.0,0.0
2024-12-04 12:55:00-05:00,142.6699981689453,142.6699981689453,142.61000061035156,142.66000366210938,20038,0.0,0.0
2024-12-04 12:56:00-05:00,142.66200256347656,142.9199981689453,142.66200256347656,142.90499877929688,100683,0.0,0.0
2024-12-04 12:57:00-05:00,142.88999938964844,142.93980407714844,142.74989318847656,142.74989318847656,41221,0.0,0.0
2024-12-04 12:58:00-05:00,142.73500061035156,142.82989501953125,142.72940063476562,142.79379272460938,17259,0.0,0.0
2024-12-04 12:59:00-05:00,142.7899932861328,142.89990234375,142.77999877929688,142.85040283203125,21096,0.0,0.0
2024-12-04 13:00:00-05:00,142.8406982421875,142.84219360351562,142.77000427246094,142.77000427246094,16196,0.0,0.0
2024-12-04 13:01:00-05:00,142.77499389648438,142.82000732421875,142.77000427246094,142.7949981689453,20795,0.0,0.0
2024-12-04 13:02:00-05:00,142.79310607910156,142.83999633789062,142.7707061767578,142.82000732421875,19168,0.0,0.0
2024-12-04 13:03:00-05:00,142.85000610351562,142.9199981689453,142.8300018310547,142.84500122070312,48998,0.0,0.0
2024-12-04 13:04:00-05:00,142.82000732421875,142.88999938964844,142.82000732421875,142.851806640625,19304,0.0,0.0
2024-12-04 13:05:00-05:00,142.85000610351562,142.94000244140625,142.8249969482422,142.88999938964844,29124,0.0,0.0
2024-12-04 13:06:00-05:00,142.89500427246094,142.95989990234375,142.89010620117188,142.91099548339844,35981,0.0,0.0
2024-12-04 13:07:00-05:00,142.90499877929688,142.9600067138672,142.88999938964844,142.9499969482422,21184,0.0,0.0
2024-12-04 13:08:00-05:00,142.9600067138672,143.0399932861328,142.9199981689453,143.02000427246094,57365,0.0,0.0
2024-12-04 13:09:00-05:00,143.02999877929688,143.08999633789062,143.00999450683594,143.02999877929688,308950,0.0,0.0
2024-12-04 13:10:00-05:00,143.02000427246094,143.06320190429688,142.97999572753906,143.0399932861328,33971,0.0,0.0
2024-12-04 13:11:00-05:00,143.05870056152344,143.13800048828125,143.04010009765625,143.0906982421875,67724,0.0,0.0
2024-12-04 13:12:00-05:00,143.09840393066406,143.2364044189453,143.08999633789062,143.1999969482422,49589,0.0,0.0
2024-12-04 13:13:00-05:00,143.19500732421875,143.19500732421875,143.05999755859375,143.11000061035156,40161,0.0,0.0
2024-12-04 13:14:00-05:00,143.11000061035156,143.1199951171875,143.02000427246094,143.11000061035156,41751,0.0,0.0
2024-12-04 13:15:00-05:00,143.10000610351562,143.10499572753906,143.00999450683594,143.03500366210938,22571,0.0,0.0
2024-12-04 13:16:00-05:00,143.0399932861328,143.08999633789062,142.97999572753906,142.97999572753906,31049,0.0,0.0
2024-12-04 13:17:00-05:00,142.97500610351562,142.9822998046875,142.88999938964844,142.90499877929688,23102,0.0,0.0
2024-12-04 13:18:00-05:00,142.9199981689453,142.9199981689453,142.77999877929688,142.83999633789062,43173,0.0,0.0
2024-12-04 13:19:00-05:00,142.8509063720703,142.8509063720703,142.7803955078125,142.82000732421875,41739,0.0,0.0
2024-12-04 13:20:00-05:00,142.83990478515625,142.85989379882812,142.81500244140625,142.8321990966797,19638,0.0,0.0
2024-12-04 13:21:00-05:00,142.85000610351562,142.9600067138672,142.85000610351562,142.9488983154297,34328,0.0,0.0
2024-12-04 13:22:00-05:00,142.9499969482422,142.99989318847656,142.8800048828125,142.8800048828125,27308,0.0,0.0
2024-12-04 13:23:00-05:00,142.86000061035156,142.91000366210938,142.85009765625,142.87100219726562,26727,0.0,0.0
2024-12-04 13:24:00-05:00,142.89999389648438,142.99000549316406,142.89999389648438,142.92999267578125,26410,0.0,0.0
2024-12-04 13:25:00-05:00,142.9600067138672,143.0,142.92999267578125,142.97000122070312,21279,0.0,0.0
2024-12-04 13:26:00-05:00,142.97500610351562,142.97909545898438,142.7949981689453,142.7949981689453,46104,0.0,0.0
2024-12-04 13:27:00-05:00,142.7899932861328,142.90989685058594,142.75439453125,142.86000061035156,26089,0.0,0.0
2024-12-04 13:28:00-05:00,142.8800048828125,142.89999389648438,142.8300018310547,142.8780059814453,33112,0.0,0.0
2024-12-04 13:29:00-05:00,142.86000061035156,142.88299560546875,142.7899932861328,142.80499267578125,23683,0.0,0.0
2024-12-04 13:30:00-05:00,142.79010009765625,142.8679962158203,142.71409606933594,142.8000030517578,28639,0.0,0.0
2024-12-04 13:31:00-05:00,142.7899932861328,142.81869506835938,142.77000427246094,142.78860473632812,26394,0.0,0.0
2024-12-04 13:32:00-05:00,142.78050231933594,142.89999389648438,142.72000122070312,142.72999572753906,22587,0.0,0.0
2024-12-04 13:33:00-05:00,142.6999969482422,142.7198944091797,142.63999938964844,142.7050018310547,29678,0.0,0.0
2024-12-04 13:34:00-05:00,142.7050018310547,142.77000427246094,142.70370483398438,142.74380493164062,18550,0.0,0.0
2024-12-04 13:35:00-05:00,142.75999450683594,142.8300018310547,142.74000549316406,142.7449951171875,24710,0.0,0.0
2024-12-04 13:36:00-05:00,142.75,142.75,142.57000732421875,142.7100067138672,40615,0.0,0.0
2024-12-04 13:37:00-05:00,142.71580505371094,142.75999450683594,142.625,142.625,18401,0.0,0.0
2024-12-04 13:38:00-05:00,142.64990234375,142.64990234375,142.5500030517578,142.61019897460938,28952,0.0,0.0
2024-12-04 13:39:00-05:00,142.6300048828125,142.7301025390625,142.6060028076172,142.72000122070312,122380,0.0,0.0
2024-12-04 13:40:00-05:00,142.72120666503906,142.77999877929688,142.7100067138672,142.77430725097656,26898,0.0,0.0
2024-12-04 13:41:00-05:00,142.77999877929688,142.7899932861328,142.72000122070312,142.76829528808594,15021,0.0,0.0
2024-12-04 13:42:00-05:00,142.78500366210938,142.85000610351562,142.75999450683594,142.77000427246094,25636,0.0,0.0
2024-12-04 13:43:00-05:00,142.75999450683594,142.76800537109375,142.7135009765625,142.76400756835938,15922,0.0,0.0
2024-12-04 13:44:00-05:00,142.75390625,142.89999389648438,142.7449951171875,142.8800048828125,38032,0.0,0.0
2024-12-04 13:45:00-05:00,142.8699951171875,142.9199981689453,142.85009765625,142.89999389648438,20552,0.0,0.0
2024-12-04 13:46:00-05:00,142.87010192871094,142.87989807128906,142.81419372558594,142.82789611816406,24975,0.0,0.0
2024-12-04 13:47:00-05:00,142.78419494628906,142.8300018310547,142.75999450683594,142.7978973388672,30800,0.0,0.0
2024-12-04 13:48:00-05:00,142.7899932861328,142.8699951171875,142.75999450683594,142.86000061035156,30327,0.0,0.0
2024-12-04 13:49:00-05:00,142.85000610351562,142.9199981689453,142.83999633789062,142.88009643554688,40374,0.0,0.0
2024-12-04 13:50:00-05:00,142.89999389648438,142.9199981689453,142.86000061035156,142.86000061035156,53948,0.0,0.0
2024-12-04 13:51:00-05:00,142.8350067138672,142.8957977294922,142.8000946044922,142.89219665527344,16422,0.0,0.0
2024-12-04 13:52:00-05:00,142.88999938964844,142.9199981689453,142.85000610351562,142.9199981689453,25495,0.0,0.0
2024-12-04 13:53:00-05:00,142.91000366210938,143.04989624023438,142.89999389648438,143.00210571289062,63731,0.0,0.0
2024-12-04 13:54:00-05:00,143.00999450683594,143.04330444335938,142.97000122070312,143.0299072265625,25860,0.0,0.0
2024-12-04 13:55:00-05:00,143.00999450683594,143.02499389648438,143.0,143.01010131835938,20511,0.0,0.0
2024-12-04 13:56:00-05:00,143.02000427246094,143.1999969482422,143.02000427246094,143.16000366210938,81839,0.0,0.0
2024-12-04 13:57:00-05:00,143.14500427246094,143.1999969482422,143.14500427246094,143.17999267578125,35208,0.0,0.0
2024-12-04 13:58:00-05:00,143.1699981689453,143.1999969482422,143.14999389648438,143.16940307617188,34104,0.0,0.0
2024-12-04 13:59:00-05:00,143.17999267578125,143.1800994873047,143.0399932861328,143.0399932861328,34847,0.0,0.0
2024-12-04 14:00:00-05:00,143.02000427246094,143.1343994140625,142.96499633789062,143.0500030517578,58440,0.0,0.0
2024-12-04 14:01:00-05:00,143.06500244140625,143.17999267578125,143.0301055908203,143.1699981689453,34826,0.0,0.0
2024-12-04 14:02:00-05:00,143.1699981689453,143.25,143.13999938964844,143.22500610351562,59798,0.0,0.0
2024-12-04 14:03:00-05:00,143.22999572753906,143.33999633789062,143.22500610351562,143.30990600585938,106236,0.0,0.0
2024-12-04 14:04:00-05:00,143.30499267578125,143.38999938964844,143.22000122070312,143.35000610351562,64081,0.0,0.0
2024-12-04 14:05:00-05:00,143.36000061035156,143.44000244140625,143.2899932861328,143.32009887695312,103258,0.0,0.0
2024-12-04 14:06:00-05:00,143.32000732421875,143.35000610351562,143.27999877929688,143.3000946044922,48923,0.0,0.0
2024-12-04 14:07:00-05:00,143.30999755859375,143.35000610351562,143.27999877929688,143.32000732421875,33388,0.0,0.0
2024-12-04 14:08:00-05:00,143.32000732421875,143.37939453125,143.32000732421875,143.36000061035156,25952,0.0,0.0
2024-12-04 14:09:00-05:00,143.34500122070312,143.4355010986328,143.33009338378906,143.39999389648438,47165,0.0,0.0
2024-12-04 14:10:00-05:00,143.41000366210938,143.47999572753906,143.41000366210938,143.44000244140625,35103,0.0,0.0
2024-12-04 14:11:00-05:00,143.44960021972656,143.47610473632812,143.30999755859375,143.32000732421875,50211,0.0,0.0
2024-12-04 14:12:00-05:00,143.3300018310547,143.34449768066406,143.2301025390625,143.2449951171875,54203,0.0,0.0
2024-12-04 14:13:00-05:00,143.24200439453125,143.30499267578125,143.16000366210938,143.27000427246094,70984,0.0,0.0
2024-12-04 14:14:00-05:00,143.27999877929688,143.42999267578125,143.26499938964844,143.41050720214844,47152,0.0,0.0
2024-12-04 14:15:00-05:00,143.42999267578125,143.53399658203125,143.42649841308594,143.52000427246094,83225,0.0,0.0
2024-12-04 14:16:00-05:00,143.50999450683594,143.52000427246094,143.36000061035156,143.39999389648438,43249,0.0,0.0
2024-12-04 14:17:00-05:00,143.39930725097656,143.4499969482422,143.3800048828125,143.41000366210938,29261,0.0,0.0
2024-12-04 14:18:00-05:00,143.4199981689453,143.4199981689453,143.3699951171875,143.3800048828125,29899,0.0,0.0
2024-12-04 14:19:00-05:00,143.38999938964844,143.41000366210938,143.3300018310547,143.3737030029297,24252,0.0,0.0
2024-12-04 14:20:00-05:00,143.38800048828125,143.43240356445312,143.33999633789062,143.39210510253906,22447,0.0,0.0
2024-12-04 14:21:00-05:00,143.38499450683594,143.42999267578125,143.27999877929688,143.31500244140625,36314,0.0,0.0
2024-12-04 14:22:00-05:00,143.32000732421875,143.3699951171875,143.28759765625,143.3300018310547,25914,0.0,0.0
2024-12-04 14:23:00-05:00,143.3300018310547,143.40989685058594,143.32000732421875,143.347900390625,27876,0.0,0.0
2024-12-04 14:24:00-05:00,143.36000061035156,143.3699951171875,143.3000030517578,143.3300018310547,16758,0.0,0.0
2024-12-04 14:25:00-05:00,143.3300018310547,143.35000610351562,143.27999877929688,143.3199005126953,46263,0.0,0.0
2024-12-04 14:26:00-05:00,143.31500244140625,143.32000732421875,143.17039489746094,143.22500610351562,73135,0.0,0.0
2024-12-04 14:27:00-05:00,143.22999572753906,143.2698974609375,143.1800994873047,143.21090698242188,26767,0.0,0.0
2024-12-04 14:28:00-05:00,143.22000122070312,143.25,143.18080139160156,143.22000122070312,23958,0.0,0.0
2024-12-04 14:29:00-05:00,143.25,143.25880432128906,143.18499755859375,143.2073974609375,23523,0.0,0.0
2024-12-04 14:30:00-05:00,143.18319702148438,143.1999969482422,143.0800018310547,143.14999389648438,64273,0.0,0.0
2024-12-04 14:31:00-05:00,143.14999389648438,143.1999969482422,143.14999389648438,143.19189453125,19324,0.0,0.0
2024-12-04 14:32:00-05:00,143.1699981689453,143.24989318847656,143.16000366210938,143.23500061035156,40865,0.0,0.0
2024-12-04 14:33:00-05:00,143.20010375976562,143.2606964111328,143.19500732421875,143.1999969482422,40127,0.0,0.0
2024-12-04 14:34:00-05:00,143.19000244140625,143.22999572753906,143.1699981689453,143.1999969482422,25075,0.0,0.0
2024-12-04 14:35:00-05:00,143.21009826660156,143.2799072265625,143.21009826660156,143.27000427246094,23671,0.0,0.0
2024-12-04 14:36:00-05:00,143.2790069580078,143.33999633789062,143.24009704589844,143.33380126953125,47603,0.0,0.0
2024-12-04 14:37:00-05:00,143.3350067138672,143.44000244140625,143.3300018310547,143.3800048828125,40539,0.0,0.0
2024-12-04 14:38:00-05:00,143.36000061035156,143.3740997314453,143.25999450683594,143.26499938964844,31201,0.0,0.0
2024-12-04 14:39:00-05:00,143.27000427246094,143.32989501953125,143.25999450683594,143.28599548339844,22731,0.0,0.0
2024-12-04 14:40:00-05:00,143.2899932861328,143.3242950439453,143.22000122070312,143.22000122070312,41861,0.0,0.0
2024-12-04 14:41:00-05:00,143.2449951171875,143.30999755859375,143.2449951171875,143.25,17075,0.0,0.0
2024-12-04 14:42:00-05:00,143.25999450683594,143.2646942138672,143.17999267578125,143.24000549316406,43933,0.0,0.0
2024-12-04 14:43:00-05:00,143.23500061035156,143.2554931640625,143.15029907226562,143.1999969482422,19481,0.0,0.0
2024-12-04 14:44:00-05:00,143.18499755859375,143.22999572753906,143.1781005859375,143.2100067138672,19004,0.0,0.0
2024-12-04 14:45:00-05:00,143.1999969482422,143.22129821777344,143.1199951171875,143.1199951171875,21261,0.0,0.0
2024-12-04 14:46:00-05:00,143.11819458007812,143.13999938964844,143.07760620117188,143.1199951171875,29262,0.0,0.0
2024-12-04 14:47:00-05:00,143.1300048828125,143.1999969482422,143.125,143.1479034423828,21250,0.0,0.0
2024-12-04 14:48:00-05:00,143.13499450683594,143.1497039794922,143.05499267578125,143.0800018310547,28104,0.0,0.0
2024-12-04 14:49:00-05:00,143.0850067138672,143.13999938964844,143.0850067138672,143.13999938964844,17923,0.0,0.0
2024-12-04 14:50:00-05:00,143.13499450683594,143.14500427246094,143.05999755859375,143.13999938964844,37363,0.0,0.0
2024-12-04 14:51:00-05:00,143.13499450683594,143.22999572753906,143.13499450683594,143.20359802246094,28281,0.0,0.0
2024-12-04 14:52:00-05:00,143.1999969482422,143.24000549316406,143.14540100097656,143.17990112304688,32889,0.0,0.0
2024-12-04 14:53:00-05:00,143.17999267578125,143.18190002441406,143.10009765625,143.1300048828125,28130,0.0,0.0
2024-12-04 14:54:00-05:00,143.11599731445312,143.16549682617188,143.11599731445312,143.13369750976562,19188,0.0,0.0
2024-12-04 14:55:00-05:00,143.14930725097656,143.19000244140625,143.1002960205078,143.19000244140625,14696,0.0,0.0
2024-12-04 14:56:00-05:00,143.19500732421875,143.1999969482422,143.11000061035156,143.14999389648438,20273,0.0,0.0
2024-12-04 14:57:00-05:00,143.14390563964844,143.22000122070312,143.14390563964844,143.2100067138672,32878,0.0,0.0
2024-12-04 14:58:00-05:00,143.2100067138672,143.26019287109375,143.19009399414062,143.25999450683594,24057,0.0,0.0
2024-12-04 14:59:00-05:00,143.2550048828125,143.2550048828125,143.19000244140625,143.19000244140625,13247,0.0,0.0
2024-12-04 15:00:00-05:00,143.2052001953125,143.2100067138672,143.16000366210938,143.20399475097656,27974,0.0,0.0
2024-12-04 15:01:00-05:00,143.2100067138672,143.24000549316406,143.16000366210938,143.24000549316406,21238,0.0,0.0
2024-12-04 15:02:00-05:00,143.22000122070312,143.2324981689453,143.14999389648438,143.1999969482422,17339,0.0,0.0
2024-12-04 15:03:00-05:00,143.1999969482422,143.30999755859375,143.17999267578125,143.2760009765625,37656,0.0,0.0
2024-12-04 15:04:00-05:00,143.3054962158203,143.3800048828125,143.27999877929688,143.35000610351562,53034,0.0,0.0
2024-12-04 15:05:00-05:00,143.35020446777344,143.3800048828125,143.26019287109375,143.35000610351562,60481,0.0,0.0
2024-12-04 15:06:00-05:00,143.35000610351562,143.42990112304688,143.30360412597656,143.3177032470703,39620,0.0,0.0
2024-12-04 15:07:00-05:00,143.30999755859375,143.32000732421875,143.25489807128906,143.32000732421875,23667,0.0,0.0
2024-12-04 15:08:00-05:00,143.30999755859375,143.3498992919922,143.27000427246094,143.27000427246094,17498,0.0,0.0
2024-12-04 15:09:00-05:00,143.2899932861328,143.31460571289062,143.2899932861328,143.30999755859375,8664,0.0,0.0
2024-12-04 15:10:00-05:00,143.32000732421875,143.33990478515625,143.2700958251953,143.2899932861328,17814,0.0,0.0
2024-12-04 15:11:00-05:00,143.29989624023438,143.3000030517578,143.22000122070312,143.27999877929688,29268,0.0,0.0
2024-12-04 15:12:00-05:00,143.27999877929688,143.42999267578125,143.26950073242188,143.39999389648438,35131,0.0,0.0
2024-12-04 15:13:00-05:00,143.38999938964844,143.4199981689453,143.27999877929688,143.32000732421875,25354,0.0,0.0
2024-12-04 15:14:00-05:00,143.3072052001953,143.3699951171875,143.3072052001953,143.36500549316406,20128,0.0,0.0
2024-12-04 15:15:00-05:00,143.35000610351562,143.42999267578125,143.35000610351562,143.40750122070312,44834,0.0,0.0
2024-12-04 15:16:00-05:00,143.4154052734375,143.41990661621094,143.33999633789062,143.3677978515625,27600,0.0,0.0
2024-12-04 15:17:00-05:00,143.3677978515625,143.39999389648438,143.36000061035156,143.36000061035156,20073,0.0,0.0
2024-12-04 15:18:00-05:00,143.36000061035156,143.447998046875,143.33999633789062,143.4420928955078,33533,0.0,0.0
2024-12-04 15:19:00-05:00,143.44180297851562,143.47999572753906,143.4199981689453,143.4600067138672,54611,0.0,0.0
2024-12-04 15:20:00-05:00,143.4600067138672,143.4600067138672,143.38690185546875,143.43499755859375,33261,0.0,0.0
2024-12-04 15:21:00-05:00,143.4600067138672,143.5800018310547,143.45350646972656,143.5749969482422,87841,0.0,0.0
2024-12-04 15:22:00-05:00,143.57000732421875,143.57000732421875,143.4300994873047,143.47109985351562,82125,0.0,0.0
2024-12-04 15:23:00-05:00,143.4853057861328,143.5399932861328,143.47000122070312,143.49000549316406,47000,0.0,0.0
2024-12-04 15:24:00-05:00,143.49000549316406,143.5050048828125,143.41009521484375,143.42999267578125,43951,0.0,0.0
2024-12-04 15:25:00-05:00,143.42520141601562,143.52000427246094,143.42520141601562,143.52000427246094,27492,0.0,0.0
2024-12-04 15:26:00-05:00,143.52000427246094,143.52999877929688,143.45480346679688,143.47999572753906,49094,0.0,0.0
2024-12-04 15:27:00-05:00,143.47999572753906,143.50999450683594,143.4499969482422,143.48500061035156,27841,0.0,0.0
2024-12-04 15:28:00-05:00,143.47000122070312,143.5,143.4040069580078,143.5,32326,0.0,0.0
2024-12-04 15:29:00-05:00,143.49270629882812,143.5500030517578,143.4499969482422,143.47000122070312,55573,0.0,0.0
2024-12-04 15:30:00-05:00,143.4600067138672,143.5399932861328,143.4499969482422,143.50999450683594,45010,0.0,0.0
2024-12-04 15:31:00-05:00,143.49000549316406,143.52000427246094,143.42999267578125,143.47000122070312,32652,0.0,0.0
2024-12-04 15:32:00-05:00,143.5,143.63499450683594,143.5,143.63499450683594,75182,0.0,0.0
2024-12-04 15:33:00-05:00,143.6300048828125,143.7899932861328,143.5800018310547,143.7899932861328,100151,0.0,0.0
2024-12-04 15:34:00-05:00,143.7949981689453,143.8699951171875,143.7949981689453,143.8249969482422,73502,0.0,0.0
2024-12-04 15:35:00-05:00,143.8302001953125,143.85879516601562,143.82000732421875,143.8300018310547,47566,0.0,0.0
2024-12-04 15:36:00-05:00,143.8300018310547,143.91000366210938,143.82000732421875,143.9040069580078,70648,0.0,0.0
2024-12-04 15:37:00-05:00,143.89999389648438,143.9199981689453,143.79010009765625,143.80999755859375,74976,0.0,0.0
2024-12-04 15:38:00-05:00,143.80999755859375,143.82000732421875,143.7550048828125,143.7949981689453,48352,0.0,0.0
2024-12-04 15:39:00-05:00,143.7899932861328,143.8300018310547,143.71690368652344,143.75,60047,0.0,0.0
2024-12-04 15:40:00-05:00,143.75,143.8000030517578,143.72959899902344,143.77999877929688,48203,0.0,0.0
2024-12-04 15:41:00-05:00,143.77890014648438,143.7899932861328,143.7200927734375,143.75999450683594,44498,0.0,0.0
2024-12-04 15:42:00-05:00,143.75,143.8000030517578,143.74000549316406,143.7899932861328,48635,0.0,0.0
2024-12-04 15:43:00-05:00,143.78900146484375,143.88999938964844,143.77000427246094,143.88999938964844,113884,0.0,0.0
2024-12-04 15:44:00-05:00,143.89849853515625,143.97000122070312,143.88999938964844,143.9499969482422,53208,0.0,0.0
2024-12-04 15:45:00-05:00,143.94000244140625,144.02999877929688,143.86000061035156,143.86959838867188,137031,0.0,0.0
2024-12-04 15:46:00-05:00,143.8699951171875,143.8800048828125,143.6699981689453,143.77999877929688,71361,0.0,0.0
2024-12-04 15:47:00-05:00,143.77999877929688,143.91000366210938,143.77999877929688,143.91000366210938,35544,0.0,0.0
2024-12-04 15:48:00-05:00,143.91000366210938,143.97000122070312,143.89630126953125,143.96429443359375,37090,0.0,0.0
2024-12-04 15:49:00-05:00,143.97000122070312,144.02000427246094,143.93040466308594,144.00999450683594,73751,0.0,0.0
2024-12-04 15:50:00-05:00,144.02000427246094,144.10000610351562,143.82000732421875,144.0749969482422,117176,0.0,0.0
2024-12-04 15:51:00-05:00,144.08999633789062,144.1199951171875,143.83999633789062,143.86500549316406,106525,0.0,0.0
2024-12-04 15:52:00-05:00,143.85000610351562,143.91000366210938,143.82000732421875,143.8336944580078,84481,0.0,0.0
2024-12-04 15:53:00-05:00,143.80999755859375,143.8350067138672,143.75999450683594,143.81959533691406,66165,0.0,0.0
2024-12-04 15:54:00-05:00,143.82000732421875,143.82000732421875,143.64999389648438,143.72999572753906,107756,0.0,0.0
2024-12-04 15:55:00-05:00,143.69000244140625,144.10000610351562,143.69000244140625,144.0,189498,0.0,0.0
2024-12-04 15:56:00-05:00,144.0050048828125,144.02999877929688,143.88999938964844,143.92630004882812,111658,0.0,0.0
2024-12-04 15:57:00-05:00,143.92660522460938,143.9600067138672,143.86289978027344,143.91819763183594,109187,0.0,0.0
2024-12-04 15:58:00-05:00,143.89999389648438,143.9499969482422,143.8800048828125,143.94000244140625,114502,0.0,0.0
2024-12-04 15:59:00-05:00,143.92999267578125,144.05999755859375,143.91000366210938,144.05999755859375,331575,0.0,0.0
2024-12-04 16:00:00-05:00,144.06,144.0695,143.9,143.99,2411891,0.0,0.0
2024-12-04 16:01:00-05:00,143.99,144.01,143.87,143.99,0,0.0,0.0
2024-12-04 16:02:00-05:00,143.88,143.99,143.83,143.98,0,0.0,0.0
2024-12-04 16:03:00-05:00,143.98,143.99,143.8,143.85,0,0.0,0.0
2024-12-04 16:04:00-05:00,143.885,143.97,143.8,143.92,0,0.0,0.0
2024-12-04 16:05:00-05:00,143.99,143.99,143.85,143.94,0,0.0,0.0
2024-12-04 16:06:00-05:00,143.86,143.99,143.7,143.99,0,0.0,0.0
2024-12-04 16:07:00-05:00,143.75,143.99,143.28,143.99,0,0.0,0.0
2024-12-04 16:08:00-05:00,143.7499,143.99,143.72,143.79,0,0.0,0.0
2024-12-04 16:09:00-05:00,143.8,143.8,143.75,143.75,0,0.0,0.0
2024-12-04 16:10:00-05:00,143.76,143.99,143.7,143.7,0,0.0,0.0
2024-12-04 16:11:00-05:00,143.7,143.75,143.56,143.7,0,0.0,0.0
2024-12-04 16:12:00-05:00,143.685,143.75,143.62,143.67,0,0.0,0.0
2024-12-04 16:13:00-05:00,143.68,143.75,143.6,143.7,0,0.0,0.0
2024-12-04 16:14:00-05:00,143.7,143.7,143.61,143.65,0,0.0,0.0
2024-12-04 16:15:00-05:00,143.99,143.99,143.62,143.63,0,0.0,0.0
2024-12-04 16:16:00-05:00,143.62,143.67,143.6,143.62,0,0.0,0.0
2024-12-04 16:17:00-05:00,143.67,143.99,143.62,143.99,0,0.0,0.0
2024-12-04 16:18:00-05:00,143.66,143.67,143.56,143.6,0,0.0,0.0
2024-12-04 16:19:00-05:00,143.56,143.66,143.55,143.58,0,0.0,0.0
2024-12-04 16:20:00-05:00,143.67,143.99,143.6,143.61,0,0.0,0.0
2024-12-04 16:21:00-05:00,143.63,143.66,143.61,143.62,0,0.0,0.0
2024-12-04 16:22:00-05:00,143.66,143.66,143.61,143.659,0,0.0,0.0
2024-12-04 16:23:00-05:00,143.65,143.67,143.61,143.6693,0,0.0,0.0
2024-12-04 16:24:00-05:00,143.63,143.67,143.61,143.67,0,0.0,0.0
2024-12-04 16:25:00-05:00,143.61,143.6799,143.61,143.6799,0,0.0,0.0
2024-12-04 16:26:00-05:00,143.65,143.69,143.62,143.66,0,0.0,0.0
2024-12-04 16:27:00-05:00,143.69,143.69,143.63,143.65,0,0.0,0.0
2024-12-04 16:28:00-05:00,143.65,143.69,143.65,143.6604,0,0.0,0.0
2024-12-04 16:29:00-05:00,143.67,143.67,143.61,143.62,0,0.0,0.0
2024-12-04 16:30:00-05:00,143.62,143.62,143.55,143.55,0,0.0,0.0
2024-12-04 16:31:00-05:00,143.62,143.62,143.5,143.5,0,0.0,0.0
2024-12-04 16:32:00-05:00,143.5,143.64,143.45,143.5001,0,0.0,0.0
2024-12-04 16:33:00-05:00,143.5,143.63,143.5,143.51,0,0.0,0.0
2024-12-04 16:34:00-05:00,143.57,143.57,143.5,143.57,0,0.0,0.0
2024-12-04 16:35:00-05:00,143.51,143.5699,143.5001,143.53,0,0.0,0.0
2024-12-04 16:36:00-05:00,143.53,143.99,143.52,143.52,0,0.0,0.0
2024-12-04 16:37:00-05:00,143.53,143.57,143.5299,143.5693,0,0.0,0.0
2024-12-04 16:38:00-05:00,143.57,143.61,143.53,143.61,0,0.0,0.0
2024-12-04 16:39:00-05:00,143.57,143.61,143.54,143.57,0,0.0,0.0
2024-12-04 16:40:00-05:00,143.61,143.61,143.57,143.57,0,0.0,0.0
2024-12-04 16:41:00-05:00,143.54,143.57,143.51,143.53,0,0.0,0.0
2024-12-04 16:42:00-05:00,143.53,143.55,143.45,143.55,0,0.0,0.0
2024-12-04 16:43:00-05:00,143.5,143.57,143.45,143.57,0,0.0,0.0
2024-12-04 16:44:00-05:00,143.51,143.52,143.485,143.5193,0,0.0,0.0
2024-12-04 16:45:00-05:00,143.47,143.5,143.47,143.47,0,0.0,0.0
2024-12-04 16:46:00-05:00,143.47,143.49,143.47,143.475,0,0.0,0.0
2024-12-04 16:47:00-05:00,143.48,143.48,143.47,143.4799,0,0.0,0.0
2024-12-04 16:48:00-05:00,143.47,143.99,143.435,143.4593,0,0.0,0.0
2024-12-04 16:49:00-05:00,143.45,143.46,143.41,143.41,0,0.0,0.0
2024-12-04 16:50:00-05:00,143.415,143.42,143.31,143.37,0,0.0,0.0
2024-12-04 16:51:00-05:00,143.39,143.4,143.31,143.32,0,0.0,0.0
2024-12-04 16:52:00-05:00,143.38,143.4,143.37,143.4,0,0.0,0.0
2024-12-04 16:53:00-05:00,143.45,143.45,143.41,143.44,0,0.0,0.0
2024-12-04 16:54:00-05:00,143.4399,143.44,143.35,143.355,0,0.0,0.0
2024-12-04 16:55:00-05:00,143.34,143.39,143.34,143.36,0,0.0,0.0
2024-12-04 16:56:00-05:00,143.39,143.39,143.33,143.39,0,0.0,0.0
2024-12-04 16:57:00-05:00,143.38,143.46,143.38,143.42,0,0.0,0.0
2024-12-04 16:58:00-05:00,143.52,143.54,143.515,143.52,0,0.0,0.0
2024-12-04 16:59:00-05:00,143.54,143.68,143.54,143.56,0,0.0,0.0
2024-12-04 17:00:00-05:00,143.56,143.61,143.56,143.585,0,0.0,0.0
2024-12-04 17:01:00-05:00,143.6,143.62,143.56,143.59,0,0.0,0.0
2024-12-04 17:02:00-05:00,143.575,143.6,143.55,143.55,0,0.0,0.0
2024-12-04 17:03:00-05:00,143.6,143.6,143.51,143.51,0,0.0,0.0
2024-12-04 17:04:00-05:00,143.57,143.57,143.55,143.57,0,0.0,0.0
2024-12-04 17:05:00-05:00,143.56,143.6,143.5406,143.55,0,0.0,0.0
2024-12-04 17:06:00-05:00,143.55,143.6,143.55,143.6,0,0.0,0.0
2024-12-04 17:07:00-05:00,143.5991,143.6,143.56,143.58,0,0.0,0.0
2024-12-04 17:08:00-05:00,143.6,143.6,143.56,143.56,0,0.0,0.0
2024-12-04 17:09:00-05:00,143.58,143.6,143.57,143.57,0,0.0,0.0
2024-12-04 17:10:00-05:00,143.5996,143.6,143.575,143.5999,0,0.0,0.0
2024-12-04 17:11:00-05:00,143.575,143.6,143.55,143.575,0,0.0,0.0
2024-12-04 17:12:00-05:00,143.6,143.6,143.55,143.55,0,0.0,0.0
2024-12-04 17:13:00-05:00,143.6,143.6,143.55,143.55,0,0.0,0.0
2024-12-04 17:14:00-05:00,143.6,143.6,143.55,143.6,0,0.0,0.0
2024-12-04 17:15:00-05:00,143.5501,143.6,143.51,143.51,0,0.0,0.0
2024-12-04 17:16:00-05:00,143.51,143.52,143.41,143.5,0,0.0,0.0
2024-12-04 17:17:00-05:00,143.52,143.99,143.5192,143.99,0,0.0,0.0
2024-12-04 17:18:00-05:00,143.52,143.6,143.5016,143.55,0,0.0,0.0
2024-12-04 17:19:00-05:00,143.53,143.6,143.53,143.5993,0,0.0,0.0
2024-12-04 17:20:00-05:00,143.6,143.6,143.54,143.55,0,0.0,0.0
2024-12-04 17:21:00-05:00,143.56,143.59,143.56,143.59,0,0.0,0.0
2024-12-04 17:22:00-05:00,143.59,143.6,143.575,143.6,0,0.0,0.0
2024-12-04 17:23:00-05:00,143.595,143.6,143.595,143.6,0,0.0,0.0
2024-12-04 17:24:00-05:00,143.6,143.6,134.2247,143.5997,0,0.0,0.0
2024-12-04 17:25:00-05:00,143.6,152.56,143.55,143.55,0,0.0,0.0
2024-12-04 17:26:00-05:00,143.55,143.58,143.5019,143.56,0,0.0,0.0
2024-12-04 17:27:00-05:00,143.5699,143.5699,143.525,143.5497,0,0.0,0.0
2024-12-04 17:28:00-05:00,143.55,143.55,143.525,143.54,0,0.0,0.0
2024-12-04 17:29:00-05:00,143.54,143.57,143.51,143.51,0,0.0,0.0
2024-12-04 17:30:00-05:00,143.56,143.6,143.54,143.555,0,0.0,0.0
2024-12-04 17:31:00-05:00,143.51,143.5776,143.51,143.555,0,0.0,0.0
2024-12-04 17:32:00-05:00,143.55,143.6,143.54,143.54,0,0.0,0.0
2024-12-04 17:33:00-05:00,143.51,143.6,143.51,143.6,0,0.0,0.0
2024-12-04 17:34:00-05:00,143.6,143.6,143.51,143.555,0,0.0,0.0
2024-12-04 17:35:00-05:00,143.59,143.59,143.51,143.5557,0,0.0,0.0
2024-12-04 17:36:00-05:00,143.53,143.58,143.53,143.5526,0,0.0,0.0
2024-12-04 17:37:00-05:00,143.51,143.56,143.51,143.545,0,0.0,0.0
2024-12-04 17:38:00-05:00,143.545,143.58,143.51,143.58,0,0.0,0.0
2024-12-04 17:39:00-05:00,143.51,143.58,143.5,143.54,0,0.0,0.0
2024-12-04 17:40:00-05:00,143.5383,143.54,143.5,143.54,0,0.0,0.0
2024-12-04 17:41:00-05:00,143.54,143.54,143.52,143.52,0,0.0,0.0
2024-12-04 17:42:00-05:00,143.53,143.58,143.5,143.54,0,0.0,0.0
2024-12-04 17:43:00-05:00,143.58,143.58,143.5,143.55,0,0.0,0.0
2024-12-04 17:44:00-05:00,143.5799,143.58,143.55,143.58,0,0.0,0.0
2024-12-04 17:45:00-05:00,143.58,143.58,143.52,143.55,0,0.0,0.0
2024-12-04 17:46:00-05:00,143.58,143.99,143.55,143.99,0,0.0,0.0
2024-12-04 17:47:00-05:00,143.52,143.58,143.52,143.58,0,0.0,0.0
2024-12-04 17:48:00-05:00,143.58,143.58,143.52,143.57,0,0.0,0.0
2024-12-04 17:49:00-05:00,143.58,143.58,143.5201,143.5208,0,0.0,0.0
2024-12-04 17:50:00-05:00,143.55,143.57,143.52,143.57,0,0.0,0.0
2024-12-04 17:51:00-05:00,143.5215,143.565,143.5215,143.565,0,0.0,0.0
2024-12-04 17:52:00-05:00,143.55,143.58,143.55,143.565,0,0.0,0.0
2024-12-04 17:53:00-05:00,143.55,143.55,143.55,143.55,0,0.0,0.0
2024-12-04 17:54:00-05:00,143.55,143.5799,143.55,143.5798,0,0.0,0.0
2024-12-04 17:55:00-05:00,143.5501,143.58,143.55,143.58,0,0.0,0.0
2024-12-04 17:56:00-05:00,143.56,143.58,143.54,143.55,0,0.0,0.0
2024-12-04 17:57:00-05:00,143.5494,143.55,143.53,143.53,0,0.0,0.0
2024-12-04 17:58:00-05:00,143.52,143.55,143.52,143.535,0,0.0,0.0
2024-12-04 17:59:00-05:00,143.52,143.52,143.51,143.51,0,0.0,0.0
2024-12-04 18:00:00-05:00,143.5001,143.52,143.5,143.52,0,0.0,0.0
2024-12-04 18:01:00-05:00,143.51,143.52,143.5,143.52,0,0.0,0.0
2024-12-04 18:02:00-05:00,143.515,143.52,143.515,143.52,0,0.0,0.0
2024-12-04 18:03:00-05:00,143.51,143.52,143.5,143.5112,0,0.0,0.0
2024-12-04 18:04:00-05:00,143.52,143.52,143.505,143.505,0,0.0,0.0
2024-12-04 18:05:00-05:00,143.455,143.455,143.455,143.455,0,0.0,0.0
2024-12-04 18:06:00-05:00,143.51,143.51,143.43,143.47,0,0.0,0.0
2024-12-04 18:07:00-05:00,143.51,143.51,143.43,143.51,0,0.0,0.0
2024-12-04 18:08:00-05:00,143.47,143.48,143.47,143.48,0,0.0,0.0
2024-12-04 18:09:00-05:00,143.5,143.5,143.43,143.47,0,0.0,0.0
2024-12-04 18:10:00-05:00,143.5,143.51,143.47,143.51,0,0.0,0.0
2024-12-04 18:11:00-05:00,143.475,143.51,143.43,143.48,0,0.0,0.0
2024-12-04 18:12:00-05:00,143.4799,143.505,143.43,143.505,0,0.0,0.0
2024-12-04 18:13:00-05:00,143.43,143.505,143.43,143.45,0,0.0,0.0
2024-12-04 18:14:00-05:00,143.47,143.58,143.47,143.505,0,0.0,0.0
2024-12-04 18:15:00-05:00,143.54,143.5788,143.43,143.5788,0,0.0,0.0
2024-12-04 18:16:00-05:00,143.58,143.58,143.54,143.58,0,0.0,0.0
2024-12-04 18:17:00-05:00,143.58,143.58,143.58,143.58,0,0.0,0.0
2024-12-04 18:18:00-05:00,143.58,143.59,143.58,143.58,0,0.0,0.0
2024-12-04 18:19:00-05:00,143.59,143.59,143.545,143.57,0,0.0,0.0
2024-12-04 18:20:00-05:00,143.57,143.59,143.545,143.545,0,0.0,0.0
2024-12-04 18:21:00-05:00,143.59,143.59,143.545,143.59,0,0.0,0.0
2024-12-04 18:22:00-05:00,143.52,143.55,143.52,143.55,0,0.0,0.0
2024-12-04 18:23:00-05:00,143.55,143.59,143.54,143.545,0,0.0,0.0
2024-12-04 18:24:00-05:00,143.59,143.59,143.545,143.545,0,0.0,0.0
2024-12-04 18:25:00-05:00,143.5888,143.5888,143.5,143.5,0,0.0,0.0
2024-12-04 18:26:00-05:00,143.52,143.59,143.5,143.59,0,0.0,0.0
2024-12-04 18:27:00-05:00,143.59,143.59,143.5,143.5499,0,0.0,0.0
2024-12-04 18:28:00-05:00,143.55,143.55,143.525,143.55,0,0.0,0.0
2024-12-04 18:29:00-05:00,143.5,143.55,143.5,143.549,0,0.0,0.0
2024-12-04 18:30:00-05:00,143.55,143.6,143.5,143.59,0,0.0,0.0
2024-12-04 18:31:00-05:00,143.59,143.6,143.56,143.59,0,0.0,0.0
2024-12-04 18:32:00-05:00,143.6,143.6,143.5,143.5,0,0.0,0.0
2024-12-04 18:33:00-05:00,143.5117,143.6,143.51,143.56,0,0.0,0.0
2024-12-04 18:34:00-05:00,143.56,143.56,143.5,143.5,0,0.0,0.0
2024-12-04 18:35:00-05:00,143.62,143.62,143.5,143.56,0,0.0,0.0
2024-12-04 18:36:00-05:00,143.61,143.61,143.5,143.61,0,0.0,0.0
2024-12-04 18:37:00-05:00,143.5,143.6,143.5,143.52,0,0.0,0.0
2024-12-04 18:38:00-05:00,143.56,143.56,143.55,143.5501,0,0.0,0.0
2024-12-04 18:39:00-05:00,143.51,143.6,143.5,143.6,0,0.0,0.0
2024-12-04 18:40:00-05:00,143.55,143.6,143.5,143.5,0,0.0,0.0
2024-12-04 18:41:00-05:00,143.515,143.55,143.49,143.49,0,0.0,0.0
2024-12-04 18:42:00-05:00,143.51,143.55,143.43,143.55,0,0.0,0.0
2024-12-04 18:43:00-05:00,143.547,143.55,143.45,143.45,0,0.0,0.0
2024-12-04 18:44:00-05:00,143.55,143.55,143.45,143.51,0,0.0,0.0
2024-12-04 18:45:00-05:00,143.45,143.5,143.45,143.5,0,0.0,0.0
2024-12-04 18:46:00-05:00,143.53,143.55,143.48,143.5087,0,0.0,0.0
2024-12-04 18:47:00-05:00,143.51,143.51,143.48,143.51,0,0.0,0.0
2024-12-04 18:48:00-05:00,143.51,143.53,143.51,143.5101,0,0.0,0.0
2024-12-04 18:49:00-05:00,143.5101,143.54,143.51,143.54,0,0.0,0.0
2024-12-04 18:50:00-05:00,143.54,143.54,143.5,143.525,0,0.0,0.0
2024-12-04 18:51:00-05:00,143.53,143.53,143.53,143.53,0,0.0,0.0
2024-12-04 18:52:00-05:00,143.525,143.525,143.5,143.5,0,0.0,0.0
2024-12-04 18:53:00-05:00,143.5,143.55,143.5,143.5119,0,0.0,0.0
2024-12-04 18:54:00-05:00,143.55,143.55,143.5,143.5,0,0.0,0.0
2024-12-04 18:55:00-05:00,143.4998,143.5,143.45,143.45,0,0.0,0.0
2024-12-04 18:56:00-05:00,143.48,143.48,143.45,143.475,0,0.0,0.0
2024-12-04 18:57:00-05:00,143.49,143.5,143.47,143.47,0,0.0,0.0
2024-12-04 18:58:00-05:00,143.47,143.5,143.47,143.47,0,0.0,0.0
2024-12-04 18:59:00-05:00,143.4997,143.5008,143.45,143.5008,0,0.0,0.0
2024-12-04 19:00:00-05:00,143.55,143.6,143.497,143.5,0,0.0,0.0
2024-12-04 19:01:00-05:00,143.5,143.5,143.5,143.5,0,0.0,0.0
2024-12-04 19:02:00-05:00,143.5,143.5,143.5,143.5,0,0.0,0.0
2024-12-04 19:03:00-05:00,143.508,143.55,143.45,143.48,0,0.0,0.0
2024-12-04 19:04:00-05:00,143.475,143.5,143.45,143.4801,0,0.0,0.0
2024-12-04 19:05:00-05:00,143.475,143.5,143.45,143.45,0,0.0,0.0
2024-12-04 19:06:00-05:00,143.4987,143.5,143.47,143.475,0,0.0,0.0
2024-12-04 19:07:00-05:00,143.475,143.5,143.45,143.5,0,0.0,0.0
2024-12-04 19:08:00-05:00,143.45,143.45,143.45,143.45,0,0.0,0.0
2024-12-04 19:09:00-05:00,143.495,143.5,143.45,143.45,0,0.0,0.0
2024-12-04 19:10:00-05:00,143.55,143.55,143.46,143.55,0,0.0,0.0
2024-12-04 19:11:00-05:00,143.55,143.55,143.45,143.55,0,0.0,0.0
2024-12-04 19:12:00-05:00,143.55,143.55,143.48,143.5,0,0.0,0.0
2024-12-04 19:13:00-05:00,143.46,143.5104,143.46,143.5104,0,0.0,0.0
2024-12-04 19:14:00-05:00,143.5495,143.5495,143.5,143.51,0,0.0,0.0
2024-12-04 19:15:00-05:00,143.55,143.55,143.45,143.45,0,0.0,0.0
2024-12-04 19:16:00-05:00,143.52,143.55,143.45,143.505,0,0.0,0.0
2024-12-04 19:17:00-05:00,143.55,143.55,143.46,143.46,0,0.0,0.0
2024-12-04 19:18:00-05:00,143.47,143.47,143.425,143.43,0,0.0,0.0
2024-12-04 19:19:00-05:00,143.41,143.47,143.41,143.435,0,0.0,0.0
2024-12-04 19:20:00-05:00,143.435,143.47,143.435,143.47,0,0.0,0.0
2024-12-04 19:21:00-05:00,143.47,143.47,143.445,143.445,0,0.0,0.0
2024-12-04 19:22:00-05:00,143.45,143.47,143.44,143.44,0,0.0,0.0
2024-12-04 19:23:00-05:00,143.41,143.47,143.41,143.41,0,0.0,0.0
2024-12-04 19:24:00-05:00,143.44,143.47,143.43,143.4699,0,0.0,0.0
2024-12-04 19:25:00-05:00,143.41,143.47,143.41,143.47,0,0.0,0.0
2024-12-04 19:26:00-05:00,143.44,143.47,143.44,143.47,0,0.0,0.0
2024-12-04 19:27:00-05:00,143.46,143.47,143.46,143.47,0,0.0,0.0
2024-12-04 19:28:00-05:00,143.44,143.47,143.43,143.47,0,0.0,0.0
2024-12-04 19:29:00-05:00,143.45,143.45,143.43,143.43,0,0.0,0.0
2024-12-04 19:30:00-05:00,143.45,143.47,143.45,143.47,0,0.0,0.0
2024-12-04 19:31:00-05:00,143.46,143.47,143.43,143.43,0,0.0,0.0
2024-12-04 19:32:00-05:00,143.45,143.47,143.4049,143.47,0,0.0,0.0
2024-12-04 19:33:00-05:00,143.435,143.4399,143.4,143.4399,0,0.0,0.0
2024-12-04 19:34:00-05:00,143.42,143.4699,143.4,143.4013,0,0.0,0.0
2024-12-04 19:35:00-05:00,143.44,143.44,143.4,143.44,0,0.0,0.0
2024-12-04 19:36:00-05:00,143.4,143.47,143.4,143.45,0,0.0,0.0
2024-12-04 19:37:04-05:00,143.425,143.425,143.425,143.425,0,0.0,0.0
