time,Open,High,Low,Close,Volume,Dividends,Stock Splits
2024-12-03 04:00:00-05:00,142.42,142.98,142.42,142.98,0,0.0,0.0
2024-12-03 04:01:00-05:00,143.0,143.0,142.84,142.9,0,0.0,0.0
2024-12-03 04:02:00-05:00,142.85,142.86,142.79,142.79,0,0.0,0.0
2024-12-03 04:03:00-05:00,142.94,142.94,142.91,142.91,0,0.0,0.0
2024-12-03 04:04:00-05:00,142.98,142.99,142.95,142.99,0,0.0,0.0
2024-12-03 04:05:00-05:00,142.91,142.98,142.9,142.9,0,0.0,0.0
2024-12-03 04:07:00-05:00,142.95,142.95,142.86,142.86,0,0.0,0.0
2024-12-03 04:08:00-05:00,142.84,142.84,142.83,142.83,0,0.0,0.0
2024-12-03 04:09:00-05:00,142.8,142.89,142.69,142.89,0,0.0,0.0
2024-12-03 04:10:00-05:00,142.83,142.97,142.83,142.88,0,0.0,0.0
2024-12-03 04:11:00-05:00,142.88,142.96,142.88,142.94,0,0.0,0.0
2024-12-03 04:12:00-05:00,142.87,142.87,142.87,142.87,0,0.0,0.0
2024-12-03 04:13:00-05:00,142.8,142.8,142.8,142.8,0,0.0,0.0
2024-12-03 04:14:00-05:00,142.82,142.82,142.77,142.77,0,0.0,0.0
2024-12-03 04:16:00-05:00,142.82,142.82,142.74,142.77,0,0.0,0.0
2024-12-03 04:17:00-05:00,142.77,142.77,142.77,142.77,0,0.0,0.0
2024-12-03 04:18:00-05:00,142.84,142.85,142.84,142.85,0,0.0,0.0
2024-12-03 04:25:00-05:00,142.98,142.98,142.98,142.98,0,0.0,0.0
2024-12-03 04:26:00-05:00,142.99,142.99,142.96,142.96,0,0.0,0.0
2024-12-03 04:27:00-05:00,142.91,143.0,142.87,142.97,0,0.0,0.0
2024-12-03 04:28:00-05:00,142.93,142.93,142.88,142.88,0,0.0,0.0
2024-12-03 04:30:00-05:00,142.92,142.92,142.92,142.92,0,0.0,0.0
2024-12-03 04:31:00-05:00,142.88,142.9,142.87,142.9,0,0.0,0.0
2024-12-03 04:32:00-05:00,143.0,143.0,143.0,143.0,0,0.0,0.0
2024-12-03 04:33:00-05:00,143.0,143.0,143.0,143.0,0,0.0,0.0
2024-12-03 04:34:00-05:00,143.0,143.04,142.99,143.04,0,0.0,0.0
2024-12-03 04:36:00-05:00,143.07,143.07,143.07,143.07,0,0.0,0.0
2024-12-03 04:37:00-05:00,143.1,143.1,143.1,143.1,0,0.0,0.0
2024-12-03 04:38:00-05:00,143.15,143.15,143.15,143.15,0,0.0,0.0
2024-12-03 04:39:00-05:00,143.15,143.15,143.12,143.12,0,0.0,0.0
2024-12-03 04:40:00-05:00,143.12,143.18,143.11,143.18,0,0.0,0.0
2024-12-03 04:41:00-05:00,143.18,143.18,143.18,143.18,0,0.0,0.0
2024-12-03 04:42:00-05:00,143.18,143.3,143.18,143.3,0,0.0,0.0
2024-12-03 04:43:00-05:00,143.3,143.34,143.28,143.28,0,0.0,0.0
2024-12-03 04:44:00-05:00,143.29,143.32,143.29,143.32,0,0.0,0.0
2024-12-03 04:45:00-05:00,143.33,143.37,143.32,143.37,0,0.0,0.0
2024-12-03 04:46:00-05:00,143.37,143.37,143.36,143.37,0,0.0,0.0
2024-12-03 04:47:00-05:00,143.44,143.47,143.44,143.46,0,0.0,0.0
2024-12-03 04:48:00-05:00,143.39,143.43,143.39,143.43,0,0.0,0.0
2024-12-03 04:49:00-05:00,143.43,143.43,143.37,143.37,0,0.0,0.0
2024-12-03 04:50:00-05:00,143.3,143.3,143.24,143.24,0,0.0,0.0
2024-12-03 04:51:00-05:00,143.24,143.29,143.2,143.29,0,0.0,0.0
2024-12-03 04:52:00-05:00,143.28,143.35,143.28,143.34,0,0.0,0.0
2024-12-03 04:53:00-05:00,143.32,143.32,143.26,143.32,0,0.0,0.0
2024-12-03 04:55:00-05:00,143.27,143.27,143.27,143.27,0,0.0,0.0
2024-12-03 04:57:00-05:00,143.25,143.25,143.25,143.25,0,0.0,0.0
2024-12-03 04:58:00-05:00,143.18,143.21,143.18,143.21,0,0.0,0.0
2024-12-03 04:59:00-05:00,143.15,143.21,143.15,143.21,0,0.0,0.0
2024-12-03 05:00:00-05:00,143.25,143.25,143.18,143.18,0,0.0,0.0
2024-12-03 05:01:00-05:00,143.18,143.18,143.0,143.1,0,0.0,0.0
2024-12-03 05:02:00-05:00,143.1,143.1,143.1,143.1,0,0.0,0.0
2024-12-03 05:03:00-05:00,143.1,143.35,143.1,143.22,0,0.0,0.0
2024-12-03 05:07:00-05:00,143.35,143.39,143.35,143.38,0,0.0,0.0
2024-12-03 05:08:00-05:00,143.4,143.4,143.38,143.38,0,0.0,0.0
2024-12-03 05:09:00-05:00,143.39,143.4,143.38,143.38,0,0.0,0.0
2024-12-03 05:10:00-05:00,143.38,143.4,143.38,143.4,0,0.0,0.0
2024-12-03 05:11:00-05:00,143.4,143.44,143.38,143.38,0,0.0,0.0
2024-12-03 05:12:00-05:00,143.39,143.39,143.37,143.37,0,0.0,0.0
2024-12-03 05:13:00-05:00,143.37,143.37,143.37,143.37,0,0.0,0.0
2024-12-03 05:14:00-05:00,143.44,143.45,143.42,143.42,0,0.0,0.0
2024-12-03 05:15:00-05:00,143.45,143.61,143.45,143.61,0,0.0,0.0
2024-12-03 05:16:00-05:00,143.58,143.6,143.58,143.6,0,0.0,0.0
2024-12-03 05:18:00-05:00,143.65,143.65,143.57,143.63,0,0.0,0.0
2024-12-03 05:19:00-05:00,143.6,143.69,143.6,143.69,0,0.0,0.0
2024-12-03 05:20:00-05:00,143.69,143.69,143.63,143.63,0,0.0,0.0
2024-12-03 05:21:00-05:00,143.69,143.7,143.65,143.69,0,0.0,0.0
2024-12-03 05:22:00-05:00,143.62,143.62,143.62,143.62,0,0.0,0.0
2024-12-03 05:23:00-05:00,143.69,143.71,143.69,143.69,0,0.0,0.0
2024-12-03 05:24:00-05:00,143.69,143.72,143.69,143.72,0,0.0,0.0
2024-12-03 05:25:00-05:00,143.75,143.75,143.68,143.72,0,0.0,0.0
2024-12-03 05:26:00-05:00,143.74,143.74,143.7,143.7,0,0.0,0.0
2024-12-03 05:27:00-05:00,143.68,143.72,143.68,143.72,0,0.0,0.0
2024-12-03 05:28:00-05:00,143.69,143.72,143.68,143.72,0,0.0,0.0
2024-12-03 05:29:00-05:00,143.68,143.68,143.62,143.68,0,0.0,0.0
2024-12-03 05:30:00-05:00,143.64,143.66,143.64,143.65,0,0.0,0.0
2024-12-03 05:31:00-05:00,143.65,143.66,143.65,143.66,0,0.0,0.0
2024-12-03 05:33:00-05:00,143.66,143.69,143.66,143.69,0,0.0,0.0
2024-12-03 05:34:00-05:00,143.74,143.74,143.7,143.72,0,0.0,0.0
2024-12-03 05:35:00-05:00,143.72,143.72,143.72,143.72,0,0.0,0.0
2024-12-03 05:36:00-05:00,143.7,143.72,143.7,143.72,0,0.0,0.0
2024-12-03 05:37:00-05:00,143.73,143.73,143.73,143.73,0,0.0,0.0
2024-12-03 05:38:00-05:00,143.61,143.61,143.5,143.5,0,0.0,0.0
2024-12-03 05:39:00-05:00,143.53,143.57,143.51,143.57,0,0.0,0.0
2024-12-03 05:40:00-05:00,143.65,143.65,143.65,143.65,0,0.0,0.0
2024-12-03 05:42:00-05:00,143.68,143.68,143.68,143.68,0,0.0,0.0
2024-12-03 05:43:00-05:00,143.72,143.73,143.69,143.69,0,0.0,0.0
2024-12-03 05:44:00-05:00,143.69,143.73,143.65,143.65,0,0.0,0.0
2024-12-03 05:45:00-05:00,143.7,143.7,143.67,143.67,0,0.0,0.0
2024-12-03 05:46:00-05:00,143.67,143.7,143.67,143.7,0,0.0,0.0
2024-12-03 05:47:00-05:00,143.75,143.78,143.74,143.75,0,0.0,0.0
2024-12-03 05:48:00-05:00,143.72,143.78,143.72,143.78,0,0.0,0.0
2024-12-03 05:49:00-05:00,143.75,143.76,143.75,143.76,0,0.0,0.0
2024-12-03 05:50:00-05:00,143.7,143.7,143.7,143.7,0,0.0,0.0
2024-12-03 05:51:00-05:00,143.73,143.77,143.73,143.77,0,0.0,0.0
2024-12-03 05:52:00-05:00,143.73,143.73,143.73,143.73,0,0.0,0.0
2024-12-03 05:53:00-05:00,143.73,143.73,143.73,143.73,0,0.0,0.0
2024-12-03 05:54:00-05:00,143.7,143.7,143.67,143.67,0,0.0,0.0
2024-12-03 05:55:00-05:00,143.67,143.67,143.63,143.63,0,0.0,0.0
2024-12-03 05:56:00-05:00,143.6,143.6,143.6,143.6,0,0.0,0.0
2024-12-03 05:57:00-05:00,143.58,143.64,143.58,143.64,0,0.0,0.0
2024-12-03 05:58:00-05:00,143.58,143.62,143.53,143.61,0,0.0,0.0
2024-12-03 05:59:00-05:00,143.6,143.6,143.54,143.54,0,0.0,0.0
2024-12-03 06:00:00-05:00,143.54,143.54,143.54,143.54,0,0.0,0.0
2024-12-03 06:01:00-05:00,143.5,143.5,143.41,143.45,0,0.0,0.0
2024-12-03 06:02:00-05:00,143.42,143.42,143.42,143.42,0,0.0,0.0
2024-12-03 06:03:00-05:00,143.45,143.45,143.3,143.43,0,0.0,0.0
2024-12-03 06:04:00-05:00,143.3,143.39,143.3,143.3,0,0.0,0.0
2024-12-03 06:05:00-05:00,143.3,143.3,143.24,143.3,0,0.0,0.0
2024-12-03 06:06:00-05:00,143.35,143.42,143.35,143.42,0,0.0,0.0
2024-12-03 06:07:00-05:00,143.38,143.44,143.38,143.39,0,0.0,0.0
2024-12-03 06:08:00-05:00,143.39,143.4,143.36,143.4,0,0.0,0.0
2024-12-03 06:09:00-05:00,143.39,143.39,143.37,143.37,0,0.0,0.0
2024-12-03 06:10:00-05:00,143.3,143.33,143.27,143.33,0,0.0,0.0
2024-12-03 06:11:00-05:00,143.35,143.35,143.35,143.35,0,0.0,0.0
2024-12-03 06:12:00-05:00,143.35,143.35,143.35,143.35,0,0.0,0.0
2024-12-03 06:13:00-05:00,143.34,143.34,143.33,143.33,0,0.0,0.0
2024-12-03 06:14:00-05:00,143.33,143.33,143.27,143.27,0,0.0,0.0
2024-12-03 06:15:00-05:00,143.25,143.35,143.24,143.25,0,0.0,0.0
2024-12-03 06:16:00-05:00,143.34,143.42,143.34,143.42,0,0.0,0.0
2024-12-03 06:17:00-05:00,143.48,143.53,143.48,143.53,0,0.0,0.0
2024-12-03 06:18:00-05:00,143.52,143.52,143.5,143.52,0,0.0,0.0
2024-12-03 06:19:00-05:00,143.58,143.61,143.58,143.61,0,0.0,0.0
2024-12-03 06:20:00-05:00,143.65,143.65,143.6,143.6,0,0.0,0.0
2024-12-03 06:21:00-05:00,143.62,143.64,143.6,143.6,0,0.0,0.0
2024-12-03 06:22:00-05:00,143.54,143.54,143.54,143.54,0,0.0,0.0
2024-12-03 06:24:00-05:00,143.6,143.62,143.58,143.62,0,0.0,0.0
2024-12-03 06:25:00-05:00,143.56,143.56,143.54,143.54,0,0.0,0.0
2024-12-03 06:26:00-05:00,143.5,143.5,143.48,143.5,0,0.0,0.0
2024-12-03 06:27:00-05:00,143.4,143.46,143.4,143.46,0,0.0,0.0
2024-12-03 06:28:00-05:00,143.37,143.46,143.36,143.4,0,0.0,0.0
2024-12-03 06:29:00-05:00,143.47,143.47,143.47,143.47,0,0.0,0.0
2024-12-03 06:30:00-05:00,143.47,143.5,143.47,143.5,0,0.0,0.0
2024-12-03 06:31:00-05:00,143.52,143.52,143.52,143.52,0,0.0,0.0
2024-12-03 06:32:00-05:00,143.46,143.46,143.45,143.45,0,0.0,0.0
2024-12-03 06:33:00-05:00,143.44,143.44,143.44,143.44,0,0.0,0.0
2024-12-03 06:34:00-05:00,143.44,143.44,143.44,143.44,0,0.0,0.0
2024-12-03 06:36:00-05:00,143.45,143.45,143.45,143.45,0,0.0,0.0
2024-12-03 06:38:00-05:00,143.5,143.58,143.5,143.58,0,0.0,0.0
2024-12-03 06:39:00-05:00,143.58,143.64,143.58,143.64,0,0.0,0.0
2024-12-03 06:40:00-05:00,143.62,143.62,143.62,143.62,0,0.0,0.0
2024-12-03 06:41:00-05:00,143.54,143.54,143.54,143.54,0,0.0,0.0
2024-12-03 06:42:00-05:00,143.54,143.54,143.5,143.5,0,0.0,0.0
2024-12-03 06:43:00-05:00,143.5,143.5,143.49,143.5,0,0.0,0.0
2024-12-03 06:44:00-05:00,143.55,143.55,143.55,143.55,0,0.0,0.0
2024-12-03 06:47:00-05:00,143.52,143.6,143.52,143.6,0,0.0,0.0
2024-12-03 06:49:00-05:00,143.64,143.68,143.64,143.68,0,0.0,0.0
2024-12-03 06:50:00-05:00,143.7,143.7,143.7,143.7,0,0.0,0.0
2024-12-03 06:51:00-05:00,143.61,143.74,143.61,143.72,0,0.0,0.0
2024-12-03 06:52:00-05:00,143.68,143.7,143.63,143.63,0,0.0,0.0
2024-12-03 06:54:00-05:00,143.69,143.7,143.69,143.7,0,0.0,0.0
2024-12-03 06:55:00-05:00,143.69,143.71,143.68,143.71,0,0.0,0.0
2024-12-03 06:56:00-05:00,143.7,143.74,143.7,143.72,0,0.0,0.0
2024-12-03 06:57:00-05:00,143.7,143.79,143.69,143.78,0,0.0,0.0
2024-12-03 06:58:00-05:00,143.72,143.72,143.65,143.65,0,0.0,0.0
2024-12-03 06:59:00-05:00,143.61,143.67,143.61,143.63,0,0.0,0.0
2024-12-03 07:00:00-05:00,143.63,143.72,143.45,143.45,0,0.0,0.0
2024-12-03 07:01:00-05:00,143.42,143.45,143.26,143.42,0,0.0,0.0
2024-12-03 07:02:00-05:00,143.31,143.49,143.3,143.41,0,0.0,0.0
2024-12-03 07:03:00-05:00,143.39,143.5,143.36,143.46,0,0.0,0.0
2024-12-03 07:04:00-05:00,143.509,143.509,143.509,143.509,0,0.0,0.0
2024-12-03 07:05:00-05:00,143.6,143.6,143.6,143.6,0,0.0,0.0
2024-12-03 07:06:00-05:00,143.63,143.63,143.63,143.63,0,0.0,0.0
2024-12-03 07:07:00-05:00,143.66,143.66,143.66,143.66,0,0.0,0.0
2024-12-03 07:08:00-05:00,143.68,143.68,143.42,143.42,0,0.0,0.0
2024-12-03 07:09:00-05:00,143.45,143.5,143.44,143.5,0,0.0,0.0
2024-12-03 07:10:00-05:00,143.59,143.59,143.59,143.59,0,0.0,0.0
2024-12-03 07:11:00-05:00,143.5,143.5,143.5,143.5,0,0.0,0.0
2024-12-03 07:12:00-05:00,143.44,143.46,143.36,143.36,0,0.0,0.0
2024-12-03 07:13:00-05:00,143.42,143.42,143.42,143.42,0,0.0,0.0
2024-12-03 07:14:00-05:00,143.48,143.48,143.36,143.36,0,0.0,0.0
2024-12-03 07:15:00-05:00,143.36,143.36,143.25,143.27,0,0.0,0.0
2024-12-03 07:16:00-05:00,143.29,143.29,143.29,143.29,0,0.0,0.0
2024-12-03 07:18:00-05:00,143.41,143.45,143.41,143.45,0,0.0,0.0
2024-12-03 07:19:00-05:00,143.45,143.48,143.4,143.4,0,0.0,0.0
2024-12-03 07:20:00-05:00,143.42,143.42,143.4,143.4,0,0.0,0.0
2024-12-03 07:21:00-05:00,143.49,143.49,143.48,143.48,0,0.0,0.0
2024-12-03 07:22:00-05:00,143.49,143.5,143.49,143.5,0,0.0,0.0
2024-12-03 07:23:00-05:00,143.53,143.65,143.53,143.65,0,0.0,0.0
2024-12-03 07:24:00-05:00,143.62,143.65,143.62,143.62,0,0.0,0.0
2024-12-03 07:25:00-05:00,143.66,143.66,143.63,143.63,0,0.0,0.0
2024-12-03 07:27:00-05:00,143.61,143.8,143.61,143.68,0,0.0,0.0
2024-12-03 07:28:00-05:00,143.66,143.73,143.66,143.73,0,0.0,0.0
2024-12-03 07:29:00-05:00,143.68,143.68,143.65,143.68,0,0.0,0.0
2024-12-03 07:30:00-05:00,143.69,143.73,143.69,143.72,0,0.0,0.0
2024-12-03 07:31:00-05:00,143.79,143.79,143.78,143.78,0,0.0,0.0
2024-12-03 07:32:00-05:00,143.73,143.74,143.7,143.72,0,0.0,0.0
2024-12-03 07:33:00-05:00,143.77,143.78,143.75,143.75,0,0.0,0.0
2024-12-03 07:34:00-05:00,143.75,143.76,143.75,143.76,0,0.0,0.0
2024-12-03 07:35:00-05:00,143.67,143.74,143.67,143.74,0,0.0,0.0
2024-12-03 07:36:00-05:00,143.69,143.69,143.64,143.64,0,0.0,0.0
2024-12-03 07:37:00-05:00,143.65,143.69,143.64,143.69,0,0.0,0.0
2024-12-03 07:38:00-05:00,143.68,143.709,143.68,143.709,0,0.0,0.0
2024-12-03 07:39:00-05:00,143.709,143.73,143.709,143.73,0,0.0,0.0
2024-12-03 07:40:00-05:00,143.739,143.74,143.739,143.739,0,0.0,0.0
2024-12-03 07:41:00-05:00,143.739,143.739,143.68,143.68,0,0.0,0.0
2024-12-03 07:42:00-05:00,143.73,143.75,143.72,143.73,0,0.0,0.0
2024-12-03 07:43:00-05:00,143.73,143.76,143.73,143.75,0,0.0,0.0
2024-12-03 07:44:00-05:00,143.73,143.73,143.73,143.73,0,0.0,0.0
2024-12-03 07:45:00-05:00,143.71,143.71,143.68,143.68,0,0.0,0.0
2024-12-03 07:46:00-05:00,143.68,143.68,143.68,143.68,0,0.0,0.0
2024-12-03 07:47:00-05:00,143.73,143.73,143.68,143.68,0,0.0,0.0
2024-12-03 07:48:00-05:00,143.69,143.69,143.68,143.68,0,0.0,0.0
2024-12-03 07:49:00-05:00,143.73,143.73,143.7,143.72,0,0.0,0.0
2024-12-03 07:50:00-05:00,143.75,143.81,143.75,143.76,0,0.0,0.0
2024-12-03 07:51:00-05:00,143.78,143.78,143.78,143.78,0,0.0,0.0
2024-12-03 07:52:00-05:00,143.79,143.79,143.79,143.79,0,0.0,0.0
2024-12-03 07:53:00-05:00,143.85,143.97,143.85,143.97,0,0.0,0.0
2024-12-03 07:54:00-05:00,143.9,143.92,143.9,143.9,0,0.0,0.0
2024-12-03 07:55:00-05:00,143.9,143.9,143.9,143.9,0,0.0,0.0
2024-12-03 07:56:00-05:00,143.97,143.97,143.91,143.92,0,0.0,0.0
2024-12-03 07:57:00-05:00,143.96,143.99,143.92,143.97,0,0.0,0.0
2024-12-03 07:58:00-05:00,143.99,143.99,143.97,143.97,0,0.0,0.0
2024-12-03 07:59:00-05:00,143.97,144.0,143.96,143.96,0,0.0,0.0
2024-12-03 08:00:00-05:00,143.56,144.0,142.7,143.48,0,0.0,0.0
2024-12-03 08:01:00-05:00,143.775,143.995,141.705,141.705,0,0.0,0.0
2024-12-03 08:02:00-05:00,143.93,143.96,143.9,143.9,0,0.0,0.0
2024-12-03 08:03:00-05:00,143.96,143.96,143.9,143.902,0,0.0,0.0
2024-12-03 08:04:00-05:00,143.9012,143.95,143.86,143.9,0,0.0,0.0
2024-12-03 08:05:00-05:00,143.9,143.95,142.06,143.95,0,0.0,0.0
2024-12-03 08:06:00-05:00,143.95,143.95,143.86,143.925,0,0.0,0.0
2024-12-03 08:07:00-05:00,143.9496,143.9496,143.9,143.9,0,0.0,0.0
2024-12-03 08:08:00-05:00,143.9,143.95,143.9,143.95,0,0.0,0.0
2024-12-03 08:09:00-05:00,143.935,143.96,143.93,143.9501,0,0.0,0.0
2024-12-03 08:10:00-05:00,143.95,143.96,143.9,143.93,0,0.0,0.0
2024-12-03 08:11:00-05:00,143.95,143.95,143.91,143.9452,0,0.0,0.0
2024-12-03 08:12:00-05:00,143.94,143.95,143.9,143.925,0,0.0,0.0
2024-12-03 08:13:00-05:00,143.9,143.95,143.9,143.93,0,0.0,0.0
2024-12-03 08:14:00-05:00,143.93,143.93,143.86,143.92,0,0.0,0.0
2024-12-03 08:15:00-05:00,143.89,143.92,143.86,143.9,0,0.0,0.0
2024-12-03 08:16:00-05:00,143.92,143.95,143.87,143.93,0,0.0,0.0
2024-12-03 08:17:00-05:00,143.906,143.95,143.835,143.835,0,0.0,0.0
2024-12-03 08:18:00-05:00,143.86,143.88,143.82,143.88,0,0.0,0.0
2024-12-03 08:19:00-05:00,143.88,143.9,143.82,143.89,0,0.0,0.0
2024-12-03 08:20:00-05:00,143.89,143.89,143.73,143.7999,0,0.0,0.0
2024-12-03 08:21:00-05:00,143.7518,143.845,143.75,143.845,0,0.0,0.0
2024-12-03 08:22:00-05:00,143.8,143.85,143.76,143.81,0,0.0,0.0
2024-12-03 08:23:00-05:00,143.82,143.82,143.76,143.8,0,0.0,0.0
2024-12-03 08:24:00-05:00,143.82,143.82,143.75,143.75,0,0.0,0.0
2024-12-03 08:25:00-05:00,143.75,143.82,143.75,143.82,0,0.0,0.0
2024-12-03 08:26:00-05:00,143.8,143.89,143.8,143.85,0,0.0,0.0
2024-12-03 08:27:00-05:00,143.85,143.89,143.845,143.89,0,0.0,0.0
2024-12-03 08:28:00-05:00,143.845,143.89,143.8,143.84,0,0.0,0.0
2024-12-03 08:29:00-05:00,143.85,143.89,143.8001,143.84,0,0.0,0.0
2024-12-03 08:30:00-05:00,143.84,143.89,143.77,143.77,0,0.0,0.0
2024-12-03 08:31:00-05:00,143.78,143.88,143.75,143.88,0,0.0,0.0
2024-12-03 08:32:00-05:00,143.8557,143.8557,143.75,143.775,0,0.0,0.0
2024-12-03 08:33:00-05:00,143.78,143.8,143.75,143.76,0,0.0,0.0
2024-12-03 08:34:00-05:00,143.79,143.84,143.75,143.825,0,0.0,0.0
2024-12-03 08:35:00-05:00,143.86,143.9,143.85,143.875,0,0.0,0.0
2024-12-03 08:36:00-05:00,143.9,143.91,143.875,143.9,0,0.0,0.0
2024-12-03 08:37:00-05:00,143.88,143.9,143.85,143.9,0,0.0,0.0
2024-12-03 08:38:00-05:00,143.8997,143.9,143.8305,143.855,0,0.0,0.0
2024-12-03 08:39:00-05:00,143.88,143.88,143.8,143.8264,0,0.0,0.0
2024-12-03 08:40:00-05:00,143.83,143.83,143.79,143.83,0,0.0,0.0
2024-12-03 08:41:00-05:00,143.83,143.83,143.7595,143.8,0,0.0,0.0
2024-12-03 08:42:00-05:00,143.7967,143.85,143.79,143.79,0,0.0,0.0
2024-12-03 08:43:00-05:00,143.83,143.9,143.83,143.84,0,0.0,0.0
2024-12-03 08:44:00-05:00,143.855,143.95,143.855,143.935,0,0.0,0.0
2024-12-03 08:45:00-05:00,143.9395,143.95,143.92,143.92,0,0.0,0.0
2024-12-03 08:46:00-05:00,143.95,143.95,143.895,143.9497,0,0.0,0.0
2024-12-03 08:47:00-05:00,143.95,144.0,143.95,143.97,0,0.0,0.0
2024-12-03 08:48:00-05:00,143.97,144.1,143.95,144.065,0,0.0,0.0
2024-12-03 08:49:00-05:00,144.065,144.1404,144.05,144.09,0,0.0,0.0
2024-12-03 08:50:00-05:00,144.09,144.19,144.05,144.17,0,0.0,0.0
2024-12-03 08:51:00-05:00,144.17,144.19,144.01,144.1,0,0.0,0.0
2024-12-03 08:52:00-05:00,144.1,144.19,144.065,144.18,0,0.0,0.0
2024-12-03 08:53:00-05:00,144.19,144.2,144.02,144.13,0,0.0,0.0
2024-12-03 08:54:00-05:00,144.18,144.22,144.03,144.1,0,0.0,0.0
2024-12-03 08:55:00-05:00,144.12,144.12,144.02,144.02,0,0.0,0.0
2024-12-03 08:56:00-05:00,144.02,144.15,144.02,144.15,0,0.0,0.0
2024-12-03 08:57:00-05:00,144.12,144.12,144.02,144.02,0,0.0,0.0
2024-12-03 08:58:00-05:00,144.0,144.0,143.89,143.9045,0,0.0,0.0
2024-12-03 08:59:00-05:00,143.93,143.95,143.85,143.86,0,0.0,0.0
2024-12-03 09:00:00-05:00,143.8679,143.93,143.67,143.71,0,0.0,0.0
2024-12-03 09:01:00-05:00,143.73,143.9,143.7,143.82,0,0.0,0.0
2024-12-03 09:02:00-05:00,143.86,143.91,143.79,143.8071,0,0.0,0.0
2024-12-03 09:03:00-05:00,143.84,143.84,143.42,143.45,0,0.0,0.0
2024-12-03 09:04:00-05:00,143.42,143.5971,143.42,143.5,0,0.0,0.0
2024-12-03 09:05:00-05:00,143.45,143.54,143.1,143.105,0,0.0,0.0
2024-12-03 09:06:00-05:00,143.1982,143.1982,142.8,142.8,0,0.0,0.0
2024-12-03 09:07:00-05:00,142.86,142.86,142.6,142.64,0,0.0,0.0
2024-12-03 09:08:00-05:00,142.59,142.86,142.59,142.86,0,0.0,0.0
2024-12-03 09:09:00-05:00,142.6528,142.92,142.6528,142.9,0,0.0,0.0
2024-12-03 09:10:00-05:00,142.82,143.04,142.82,143.0,0,0.0,0.0
2024-12-03 09:11:00-05:00,143.04,143.2964,143.0001,143.25,0,0.0,0.0
2024-12-03 09:12:00-05:00,143.2882,143.3,143.0,143.01,0,0.0,0.0
2024-12-03 09:13:00-05:00,143.1,143.25,143.0026,143.24,0,0.0,0.0
2024-12-03 09:14:00-05:00,143.13,143.2099,142.99,142.99,0,0.0,0.0
2024-12-03 09:15:00-05:00,142.96,143.09,142.49,142.8,0,0.0,0.0
2024-12-03 09:16:00-05:00,142.8001,142.89,142.75,142.76,0,0.0,0.0
2024-12-03 09:17:00-05:00,142.76,142.99,142.76,142.9283,0,0.0,0.0
2024-12-03 09:18:00-05:00,142.99,143.25,142.92,143.02,0,0.0,0.0
2024-12-03 09:19:00-05:00,143.02,143.3087,143.02,143.28,0,0.0,0.0
2024-12-03 09:20:00-05:00,143.2,143.28,143.03,143.11,0,0.0,0.0
2024-12-03 09:21:00-05:00,143.19,143.272,143.0,143.272,0,0.0,0.0
2024-12-03 09:22:00-05:00,143.27,143.4822,143.08,143.11,0,0.0,0.0
2024-12-03 09:23:00-05:00,143.16,143.3714,143.16,143.1672,0,0.0,0.0
2024-12-03 09:24:00-05:00,143.16,143.23,143.01,143.16,0,0.0,0.0
2024-12-03 09:25:00-05:00,143.22,143.38,143.12,143.25,0,0.0,0.0
2024-12-03 09:26:00-05:00,143.3,143.37,140.17,140.17,0,0.0,0.0
2024-12-03 09:27:00-05:00,143.325,143.35,137.93,143.01,0,0.0,0.0
2024-12-03 09:28:00-05:00,142.9,142.9,142.52,142.6801,0,0.0,0.0
2024-12-03 09:29:00-05:00,142.79,142.8599,142.5,142.5,0,0.0,0.0
2024-12-03 09:30:00-05:00,142.6999053955078,142.6999969482422,141.64999389648438,141.6967010498047,1889528,0.0,0.0
2024-12-03 09:31:00-05:00,141.7100067138672,142.10000610351562,141.22999572753906,142.0,237068,0.0,0.0
2024-12-03 09:32:00-05:00,141.98789978027344,142.3300018310547,141.91909790039062,142.3101043701172,172362,0.0,0.0
2024-12-03 09:33:00-05:00,142.25999450683594,142.7274932861328,142.1199951171875,142.56239318847656,237452,0.0,0.0
2024-12-03 09:34:00-05:00,142.54539489746094,143.31329345703125,142.52000427246094,143.19000244140625,336579,0.0,0.0
2024-12-03 09:35:00-05:00,143.22999572753906,143.44949340820312,143.07009887695312,143.14999389648438,197001,0.0,0.0
2024-12-03 09:36:00-05:00,143.1199951171875,143.14999389648438,142.1999969482422,142.2799072265625,246310,0.0,0.0
2024-12-03 09:37:00-05:00,142.2799072265625,142.4499969482422,141.85150146484375,141.88999938964844,167131,0.0,0.0
2024-12-03 09:38:00-05:00,141.88279724121094,142.24830627441406,141.85000610351562,142.11880493164062,141602,0.0,0.0
2024-12-03 09:39:00-05:00,142.09010314941406,142.5800018310547,142.07009887695312,142.39500427246094,145789,0.0,0.0
2024-12-03 09:40:00-05:00,142.39500427246094,142.71929931640625,142.0,142.06500244140625,169283,0.0,0.0
2024-12-03 09:41:00-05:00,142.07000732421875,142.25990295410156,141.89999389648438,142.0500030517578,130089,0.0,0.0
2024-12-03 09:42:00-05:00,142.07000732421875,142.3000030517578,141.72000122070312,141.74600219726562,148096,0.0,0.0
2024-12-03 09:43:00-05:00,141.6999969482422,142.08999633789062,141.69000244140625,141.9799041748047,115525,0.0,0.0
2024-12-03 09:44:00-05:00,141.91000366210938,142.3000030517578,141.91000366210938,142.28990173339844,171980,0.0,0.0
2024-12-03 09:45:00-05:00,142.29080200195312,142.44000244140625,142.20010375976562,142.4248046875,101919,0.0,0.0
2024-12-03 09:46:00-05:00,142.44000244140625,142.44000244140625,142.02999877929688,142.13150024414062,79214,0.0,0.0
2024-12-03 09:47:00-05:00,142.139404296875,142.139404296875,141.70849609375,141.81410217285156,114814,0.0,0.0
2024-12-03 09:48:00-05:00,141.85499572753906,142.07440185546875,141.7899932861328,142.00010681152344,79387,0.0,0.0
2024-12-03 09:49:00-05:00,141.9949951171875,142.1999053955078,141.89999389648438,142.14999389648438,75662,0.0,0.0
2024-12-03 09:50:00-05:00,142.14999389648438,142.44000244140625,142.10000610351562,142.34500122070312,199721,0.0,0.0
2024-12-03 09:51:00-05:00,142.3699951171875,142.52000427246094,142.1699981689453,142.2449951171875,109438,0.0,0.0
2024-12-03 09:52:00-05:00,142.1999969482422,142.2100067138672,141.98080444335938,142.03500366210938,94986,0.0,0.0
2024-12-03 09:53:00-05:00,142.0399932861328,142.48350524902344,142.0399932861328,142.38160705566406,72484,0.0,0.0
2024-12-03 09:54:00-05:00,142.375,142.41879272460938,142.24099731445312,142.3000030517578,50280,0.0,0.0
2024-12-03 09:55:00-05:00,142.32000732421875,142.39999389648438,142.24000549316406,142.35000610351562,46300,0.0,0.0
2024-12-03 09:56:00-05:00,142.35499572753906,142.35989379882812,142.07000732421875,142.11000061035156,58052,0.0,0.0
2024-12-03 09:57:00-05:00,142.09219360351562,142.13479614257812,141.8699951171875,141.88999938964844,72720,0.0,0.0
2024-12-03 09:58:00-05:00,141.8699951171875,141.97999572753906,141.82009887695312,141.8800048828125,64610,0.0,0.0
2024-12-03 09:59:00-05:00,141.89999389648438,142.0500030517578,141.85000610351562,142.0399932861328,70843,0.0,0.0
2024-12-03 10:00:00-05:00,142.02999877929688,142.02999877929688,141.75729370117188,141.8300018310547,75235,0.0,0.0
2024-12-03 10:01:00-05:00,141.8300018310547,141.92999267578125,141.7550048828125,141.85650634765625,77519,0.0,0.0
2024-12-03 10:02:00-05:00,141.86590576171875,142.12789916992188,141.79559326171875,142.03500366210938,60319,0.0,0.0
2024-12-03 10:03:00-05:00,142.02000427246094,142.02000427246094,141.52999877929688,141.58999633789062,130256,0.0,0.0
2024-12-03 10:04:00-05:00,141.60879516601562,141.8800048828125,141.60000610351562,141.80999755859375,61545,0.0,0.0
2024-12-03 10:05:00-05:00,141.85000610351562,142.24000549316406,141.85000610351562,142.24000549316406,122787,0.0,0.0
2024-12-03 10:06:00-05:00,142.25379943847656,142.5800018310547,142.25,142.52999877929688,232191,0.0,0.0
2024-12-03 10:07:00-05:00,142.52999877929688,142.5615997314453,142.3000030517578,142.32000732421875,129625,0.0,0.0
2024-12-03 10:08:00-05:00,142.32000732421875,142.33999633789062,141.96499633789062,141.96499633789062,78386,0.0,0.0
2024-12-03 10:09:00-05:00,141.968994140625,142.02999877929688,141.6999969482422,141.8300018310547,90029,0.0,0.0
2024-12-03 10:10:00-05:00,141.8300018310547,141.9499969482422,141.7100067138672,141.90859985351562,69569,0.0,0.0
2024-12-03 10:11:00-05:00,141.8800048828125,142.02000427246094,141.76629638671875,142.02000427246094,59373,0.0,0.0
2024-12-03 10:12:00-05:00,142.01699829101562,142.01730346679688,141.66180419921875,141.67999267578125,62517,0.0,0.0
2024-12-03 10:13:00-05:00,141.67999267578125,141.7100067138672,141.39999389648438,141.4949951171875,161173,0.0,0.0
2024-12-03 10:14:00-05:00,141.4949951171875,141.61000061035156,141.47509765625,141.5500030517578,78327,0.0,0.0
2024-12-03 10:15:00-05:00,141.52999877929688,141.74000549316406,141.47999572753906,141.6699981689453,84307,0.0,0.0
2024-12-03 10:16:00-05:00,141.6699981689453,141.80990600585938,141.64999389648438,141.7550048828125,71230,0.0,0.0
2024-12-03 10:17:00-05:00,141.77000427246094,141.7899932861328,141.57000732421875,141.6199951171875,119887,0.0,0.0
2024-12-03 10:18:00-05:00,141.61459350585938,141.7899932861328,141.58999633789062,141.76499938964844,48199,0.0,0.0
2024-12-03 10:19:00-05:00,141.76400756835938,141.77000427246094,141.6501007080078,141.7100067138672,42841,0.0,0.0
2024-12-03 10:20:00-05:00,141.72000122070312,141.72000122070312,141.4499969482422,141.6699981689453,78179,0.0,0.0
2024-12-03 10:21:00-05:00,141.6999969482422,141.96620178222656,141.69000244140625,141.85000610351562,102668,0.0,0.0
2024-12-03 10:22:00-05:00,141.8446044921875,142.0500030517578,141.81280517578125,141.9239044189453,92893,0.0,0.0
2024-12-03 10:23:00-05:00,141.94000244140625,142.00999450683594,141.81500244140625,141.81500244140625,46575,0.0,0.0
2024-12-03 10:24:00-05:00,141.82000732421875,141.9398956298828,141.72999572753906,141.80999755859375,62511,0.0,0.0
2024-12-03 10:25:00-05:00,141.83990478515625,141.89999389648438,141.76499938964844,141.86000061035156,45350,0.0,0.0
2024-12-03 10:26:00-05:00,141.88499450683594,141.92999267578125,141.63999938964844,141.7198944091797,56071,0.0,0.0
2024-12-03 10:27:00-05:00,141.75,141.75,141.4499969482422,141.67999267578125,84762,0.0,0.0
2024-12-03 10:28:00-05:00,141.6999969482422,141.7100067138672,141.58290100097656,141.6300048828125,38158,0.0,0.0
2024-12-03 10:29:00-05:00,141.6199951171875,141.6699981689453,141.52999877929688,141.57000732421875,49196,0.0,0.0
2024-12-03 10:30:00-05:00,141.5800018310547,141.77000427246094,141.5800018310547,141.7050018310547,49176,0.0,0.0
2024-12-03 10:31:00-05:00,141.6750030517578,141.8800048828125,141.63999938964844,141.87030029296875,58204,0.0,0.0
2024-12-03 10:32:00-05:00,141.8800048828125,141.94000244140625,141.74000549316406,141.7480926513672,56878,0.0,0.0
2024-12-03 10:33:00-05:00,141.74989318847656,141.84829711914062,141.7100067138672,141.7700958251953,37212,0.0,0.0
2024-12-03 10:34:00-05:00,141.8000030517578,141.906005859375,141.75,141.8000030517578,56419,0.0,0.0
2024-12-03 10:35:00-05:00,141.80909729003906,141.97250366210938,141.80250549316406,141.94500732421875,52711,0.0,0.0
2024-12-03 10:36:00-05:00,141.92999267578125,141.97000122070312,141.80999755859375,141.82479858398438,75574,0.0,0.0
2024-12-03 10:37:00-05:00,141.81900024414062,141.81900024414062,141.5800018310547,141.6759033203125,56590,0.0,0.0
2024-12-03 10:38:00-05:00,141.6802978515625,141.83970642089844,141.6802978515625,141.72000122070312,31251,0.0,0.0
2024-12-03 10:39:00-05:00,141.7100067138672,141.72000122070312,141.6199951171875,141.6262969970703,30637,0.0,0.0
2024-12-03 10:40:00-05:00,141.62139892578125,141.64500427246094,141.33090209960938,141.35000610351562,86288,0.0,0.0
2024-12-03 10:41:00-05:00,141.3498992919922,141.39990234375,141.14500427246094,141.27000427246094,118051,0.0,0.0
2024-12-03 10:42:00-05:00,141.27000427246094,141.3199005126953,141.19009399414062,141.2700958251953,46637,0.0,0.0
2024-12-03 10:43:00-05:00,141.26600646972656,141.28460693359375,141.08009338378906,141.22999572753906,61145,0.0,0.0
2024-12-03 10:44:00-05:00,141.21499633789062,141.24000549316406,141.13009643554688,141.14999389648438,39042,0.0,0.0
2024-12-03 10:45:00-05:00,141.14500427246094,141.27999877929688,141.14500427246094,141.21029663085938,62576,0.0,0.0
2024-12-03 10:46:00-05:00,141.22000122070312,141.42630004882812,141.22000122070312,141.2899932861328,50215,0.0,0.0
2024-12-03 10:47:00-05:00,141.28219604492188,141.28219604492188,141.17999267578125,141.24000549316406,40725,0.0,0.0
2024-12-03 10:48:00-05:00,141.2447052001953,141.42999267578125,141.19000244140625,141.3000030517578,54663,0.0,0.0
2024-12-03 10:49:00-05:00,141.2899932861328,141.58999633789062,141.2899932861328,141.5500030517578,58392,0.0,0.0
2024-12-03 10:50:00-05:00,141.5399932861328,141.67750549316406,141.5399932861328,141.66000366210938,50848,0.0,0.0
2024-12-03 10:51:00-05:00,141.6699981689453,141.70989990234375,141.4700927734375,141.49960327148438,48962,0.0,0.0
2024-12-03 10:52:00-05:00,141.42999267578125,141.4600067138672,141.33009338378906,141.4152069091797,30937,0.0,0.0
2024-12-03 10:53:00-05:00,141.3800048828125,141.4459991455078,141.35000610351562,141.39999389648438,26968,0.0,0.0
2024-12-03 10:54:00-05:00,141.39999389648438,141.49989318847656,141.3000030517578,141.47500610351562,67119,0.0,0.0
2024-12-03 10:55:00-05:00,141.47500610351562,141.53990173339844,141.3000030517578,141.30520629882812,41706,0.0,0.0
2024-12-03 10:56:00-05:00,141.3000030517578,141.5,141.27000427246094,141.5,34775,0.0,0.0
2024-12-03 10:57:00-05:00,141.49000549316406,141.55990600585938,141.3939971923828,141.3939971923828,30135,0.0,0.0
2024-12-03 10:58:00-05:00,141.41990661621094,141.83999633789062,141.3800048828125,141.77000427246094,148316,0.0,0.0
2024-12-03 10:59:00-05:00,141.8000030517578,141.9499969482422,141.77000427246094,141.8800048828125,105014,0.0,0.0
2024-12-03 11:00:00-05:00,141.89999389648438,142.0,141.781494140625,141.99130249023438,144666,0.0,0.0
2024-12-03 11:01:00-05:00,141.99009704589844,142.02999877929688,141.83999633789062,141.91000366210938,101114,0.0,0.0
2024-12-03 11:02:00-05:00,141.9199981689453,141.95989990234375,141.8052978515625,141.85009765625,41879,0.0,0.0
2024-12-03 11:03:00-05:00,141.85000610351562,141.9600067138672,141.80999755859375,141.9499969482422,34110,0.0,0.0
2024-12-03 11:04:00-05:00,141.94009399414062,142.0500030517578,141.93760681152344,141.97999572753906,46074,0.0,0.0
2024-12-03 11:05:00-05:00,141.9499969482422,142.0,141.86019897460938,141.99000549316406,31198,0.0,0.0
2024-12-03 11:06:00-05:00,141.97999572753906,142.0399932861328,141.9499969482422,142.02999877929688,55291,0.0,0.0
2024-12-03 11:07:00-05:00,142.0399932861328,142.07000732421875,141.91000366210938,142.02499389648438,53670,0.0,0.0
2024-12-03 11:08:00-05:00,142.0,142.02999877929688,141.8699951171875,141.94000244140625,44369,0.0,0.0
2024-12-03 11:09:00-05:00,141.94000244140625,142.10000610351562,141.94000244140625,142.02999877929688,53506,0.0,0.0
2024-12-03 11:10:00-05:00,142.05380249023438,142.15069580078125,141.9499969482422,141.97459411621094,61295,0.0,0.0
2024-12-03 11:11:00-05:00,141.9564971923828,142.06260681152344,141.9320068359375,142.06260681152344,45740,0.0,0.0
2024-12-03 11:12:00-05:00,142.05780029296875,142.05780029296875,141.82000732421875,141.92779541015625,57277,0.0,0.0
2024-12-03 11:13:00-05:00,141.9600067138672,142.0,141.75,141.75010681152344,42573,0.0,0.0
2024-12-03 11:14:00-05:00,141.75999450683594,142.0,141.72000122070312,141.99009704589844,53704,0.0,0.0
2024-12-03 11:15:00-05:00,141.99000549316406,142.0,141.75,141.77749633789062,35567,0.0,0.0
2024-12-03 11:16:00-05:00,141.77000427246094,141.8699951171875,141.74000549316406,141.83680725097656,32915,0.0,0.0
2024-12-03 11:17:00-05:00,141.8300018310547,142.00999450683594,141.8300018310547,142.00999450683594,32820,0.0,0.0
2024-12-03 11:18:00-05:00,142.02749633789062,142.03460693359375,141.97999572753906,141.9951934814453,19063,0.0,0.0
2024-12-03 11:19:00-05:00,142.0,142.01759338378906,141.91000366210938,142.00999450683594,49217,0.0,0.0
2024-12-03 11:20:00-05:00,142.0,142.1199951171875,141.960205078125,141.99000549316406,35211,0.0,0.0
2024-12-03 11:21:00-05:00,142.0050048828125,142.22000122070312,142.0050048828125,142.1501007080078,68347,0.0,0.0
2024-12-03 11:22:00-05:00,142.15679931640625,142.1898956298828,142.11000061035156,142.13009643554688,38921,0.0,0.0
2024-12-03 11:23:00-05:00,142.14500427246094,142.3800048828125,142.14010620117188,142.25999450683594,100367,0.0,0.0
2024-12-03 11:24:00-05:00,142.25010681152344,142.3800048828125,142.22140502929688,142.3300018310547,53768,0.0,0.0
2024-12-03 11:25:00-05:00,142.3350067138672,142.42999267578125,142.20889282226562,142.32000732421875,62761,0.0,0.0
2024-12-03 11:26:00-05:00,142.2949981689453,142.4499053955078,142.2899932861328,142.38510131835938,55144,0.0,0.0
2024-12-03 11:27:00-05:00,142.39999389648438,142.47000122070312,142.38009643554688,142.4600067138672,63982,0.0,0.0
2024-12-03 11:28:00-05:00,142.47000122070312,142.50999450683594,142.38999938964844,142.44529724121094,59298,0.0,0.0
2024-12-03 11:29:00-05:00,142.4449005126953,142.5399932861328,142.42999267578125,142.47999572753906,60299,0.0,0.0
2024-12-03 11:30:00-05:00,142.4600067138672,142.5800018310547,142.4499969482422,142.5749969482422,70179,0.0,0.0
2024-12-03 11:31:00-05:00,142.58509826660156,142.58999633789062,142.4199981689453,142.4261932373047,39821,0.0,0.0
2024-12-03 11:32:00-05:00,142.3800048828125,142.41000366210938,142.2100067138672,142.2100067138672,64639,0.0,0.0
2024-12-03 11:33:00-05:00,142.20989990234375,142.27960205078125,142.13999938964844,142.14999389648438,45886,0.0,0.0
2024-12-03 11:34:00-05:00,142.1300048828125,142.23989868164062,142.10000610351562,142.17999267578125,67405,0.0,0.0
2024-12-03 11:35:00-05:00,142.1699981689453,142.1999969482422,141.96009826660156,141.97999572753906,54531,0.0,0.0
2024-12-03 11:36:00-05:00,141.98500061035156,142.06399536132812,141.9550018310547,142.04629516601562,29094,0.0,0.0
2024-12-03 11:37:00-05:00,142.04330444335938,142.04330444335938,141.8300018310547,141.8699951171875,41818,0.0,0.0
2024-12-03 11:38:00-05:00,141.875,141.97000122070312,141.875,141.9600067138672,31207,0.0,0.0
2024-12-03 11:39:00-05:00,141.9752960205078,142.0498046875,141.94500732421875,142.03790283203125,23321,0.0,0.0
2024-12-03 11:40:00-05:00,142.0500030517578,142.139892578125,142.00750732421875,142.02999877929688,41461,0.0,0.0
2024-12-03 11:41:00-05:00,142.0449981689453,142.1999969482422,142.0449981689453,142.1999969482422,23189,0.0,0.0
2024-12-03 11:42:00-05:00,142.18499755859375,142.2050018310547,142.0760040283203,142.1199951171875,31215,0.0,0.0
2024-12-03 11:43:00-05:00,142.11000061035156,142.25999450683594,142.10499572753906,142.1602020263672,45421,0.0,0.0
2024-12-03 11:44:00-05:00,142.1699981689453,142.1699981689453,142.08999633789062,142.11239624023438,20354,0.0,0.0
2024-12-03 11:45:00-05:00,142.12130737304688,142.1999969482422,142.12130737304688,142.19000244140625,13207,0.0,0.0
2024-12-03 11:46:00-05:00,142.1938018798828,142.25999450683594,142.14999389648438,142.14999389648438,28503,0.0,0.0
2024-12-03 11:47:00-05:00,142.14999389648438,142.17999267578125,142.08999633789062,142.13999938964844,27005,0.0,0.0
2024-12-03 11:48:00-05:00,142.14999389648438,142.33999633789062,142.1199951171875,142.27850341796875,59861,0.0,0.0
2024-12-03 11:49:00-05:00,142.27999877929688,142.39999389648438,142.25999450683594,142.3699951171875,27237,0.0,0.0
2024-12-03 11:50:00-05:00,142.39590454101562,142.39590454101562,142.3000030517578,142.3000946044922,21472,0.0,0.0
2024-12-03 11:51:00-05:00,142.30999755859375,142.36000061035156,142.22999572753906,142.32000732421875,29744,0.0,0.0
2024-12-03 11:52:00-05:00,142.30999755859375,142.36000061035156,142.29010009765625,142.32000732421875,24231,0.0,0.0
2024-12-03 11:53:00-05:00,142.3300018310547,142.47999572753906,142.3101043701172,142.410400390625,32396,0.0,0.0
2024-12-03 11:54:00-05:00,142.41000366210938,142.48989868164062,142.37010192871094,142.47850036621094,30592,0.0,0.0
2024-12-03 11:55:00-05:00,142.49000549316406,142.52000427246094,142.35899353027344,142.35899353027344,65464,0.0,0.0
2024-12-03 11:56:00-05:00,142.35009765625,142.40199279785156,142.2301025390625,142.2899932861328,42471,0.0,0.0
2024-12-03 11:57:00-05:00,142.30499267578125,142.35000610351562,142.22999572753906,142.24000549316406,13483,0.0,0.0
2024-12-03 11:58:00-05:00,142.24000549316406,142.25,142.1300048828125,142.17660522460938,28914,0.0,0.0
2024-12-03 11:59:00-05:00,142.16990661621094,142.19000244140625,142.0601043701172,142.07220458984375,38260,0.0,0.0
2024-12-03 12:00:00-05:00,142.07000732421875,142.16000366210938,142.02999877929688,142.07009887695312,32305,0.0,0.0
2024-12-03 12:01:00-05:00,142.0749969482422,142.19000244140625,142.0749969482422,142.17999267578125,18879,0.0,0.0
2024-12-03 12:02:00-05:00,142.17999267578125,142.25990295410156,142.1750030517578,142.18409729003906,31581,0.0,0.0
2024-12-03 12:03:00-05:00,142.19630432128906,142.35000610351562,142.1905975341797,142.3199005126953,32276,0.0,0.0
2024-12-03 12:04:00-05:00,142.28500366210938,142.33999633789062,142.24009704589844,142.3000030517578,18576,0.0,0.0
2024-12-03 12:05:00-05:00,142.2899932861328,142.3070068359375,142.1656951904297,142.1999053955078,21038,0.0,0.0
2024-12-03 12:06:00-05:00,142.14999389648438,142.14999389648438,142.0,142.02000427246094,30434,0.0,0.0
2024-12-03 12:07:00-05:00,142.02000427246094,142.1199951171875,142.0,142.02499389648438,32123,0.0,0.0
2024-12-03 12:08:00-05:00,142.01019287109375,142.10000610351562,142.0,142.02999877929688,16963,0.0,0.0
2024-12-03 12:09:00-05:00,142.02499389648438,142.07000732421875,142.00999450683594,142.00999450683594,25169,0.0,0.0
2024-12-03 12:10:00-05:00,142.00790405273438,142.0800018310547,141.9958038330078,142.02000427246094,18609,0.0,0.0
2024-12-03 12:11:00-05:00,142.00999450683594,142.00999450683594,141.92709350585938,141.97999572753906,39366,0.0,0.0
2024-12-03 12:12:00-05:00,141.9600067138672,142.1696014404297,141.9600067138672,142.10499572753906,29759,0.0,0.0
2024-12-03 12:13:00-05:00,142.11399841308594,142.11399841308594,141.97000122070312,141.97000122070312,34250,0.0,0.0
2024-12-03 12:14:00-05:00,141.97500610351562,142.0399932861328,141.97000122070312,142.0,27417,0.0,0.0
2024-12-03 12:15:00-05:00,142.02000427246094,142.17999267578125,142.02000427246094,142.15499877929688,32101,0.0,0.0
2024-12-03 12:16:00-05:00,142.16600036621094,142.1699981689453,142.0500030517578,142.1199951171875,22162,0.0,0.0
2024-12-03 12:17:00-05:00,142.10000610351562,142.1999053955078,142.04049682617188,142.04600524902344,39813,0.0,0.0
2024-12-03 12:18:00-05:00,142.05999755859375,142.11500549316406,142.0399932861328,142.110107421875,13509,0.0,0.0
2024-12-03 12:19:00-05:00,142.1300048828125,142.30990600585938,142.1300048828125,142.1699981689453,101676,0.0,0.0
2024-12-03 12:20:00-05:00,142.1309051513672,142.22000122070312,142.1300048828125,142.16050720214844,36353,0.0,0.0
2024-12-03 12:21:00-05:00,142.1551055908203,142.16000366210938,142.02999877929688,142.0493927001953,20658,0.0,0.0
2024-12-03 12:22:00-05:00,142.0303955078125,142.125,142.0303955078125,142.09500122070312,30031,0.0,0.0
2024-12-03 12:23:00-05:00,142.09500122070312,142.11000061035156,142.02000427246094,142.02000427246094,23013,0.0,0.0
2024-12-03 12:24:00-05:00,142.0,142.0399932861328,141.92999267578125,141.94000244140625,32418,0.0,0.0
2024-12-03 12:25:00-05:00,141.93710327148438,141.97000122070312,141.87010192871094,141.89599609375,34162,0.0,0.0
2024-12-03 12:26:00-05:00,141.8782958984375,141.89990234375,141.86000061035156,141.875,36860,0.0,0.0
2024-12-03 12:27:00-05:00,141.8800048828125,141.8800048828125,141.75,141.7899932861328,35330,0.0,0.0
2024-12-03 12:28:00-05:00,141.7884063720703,141.8498992919922,141.75010681152344,141.77000427246094,31279,0.0,0.0
2024-12-03 12:29:00-05:00,141.75999450683594,141.75999450683594,141.70010375976562,141.70010375976562,23161,0.0,0.0
2024-12-03 12:30:00-05:00,141.7050018310547,141.75950622558594,141.64999389648438,141.6649932861328,62049,0.0,0.0
2024-12-03 12:31:00-05:00,141.6761016845703,141.6938934326172,141.60000610351562,141.61000061035156,58158,0.0,0.0
2024-12-03 12:32:00-05:00,141.6199951171875,141.66990661621094,141.5749969482422,141.63999938964844,45449,0.0,0.0
2024-12-03 12:33:00-05:00,141.64199829101562,141.64999389648438,141.5399932861328,141.6300048828125,30298,0.0,0.0
2024-12-03 12:34:00-05:00,141.627197265625,141.6999969482422,141.627197265625,141.64830017089844,34050,0.0,0.0
2024-12-03 12:35:00-05:00,141.64999389648438,141.66749572753906,141.47000122070312,141.47500610351562,62305,0.0,0.0
2024-12-03 12:36:00-05:00,141.5,141.6168975830078,141.47999572753906,141.61000061035156,47281,0.0,0.0
2024-12-03 12:37:00-05:00,141.61000061035156,141.639892578125,141.5449981689453,141.5449981689453,25443,0.0,0.0
2024-12-03 12:38:00-05:00,141.55999755859375,141.639892578125,141.52000427246094,141.639892578125,21459,0.0,0.0
2024-12-03 12:39:00-05:00,141.639892578125,141.73989868164062,141.62010192871094,141.73989868164062,34120,0.0,0.0
2024-12-03 12:40:00-05:00,141.75,141.77999877929688,141.69000244140625,141.71710205078125,27958,0.0,0.0
2024-12-03 12:41:00-05:00,141.7050018310547,141.75999450683594,141.69400024414062,141.75999450683594,14969,0.0,0.0
2024-12-03 12:42:00-05:00,141.75999450683594,141.88999938964844,141.75999450683594,141.86839294433594,30209,0.0,0.0
2024-12-03 12:43:00-05:00,141.86000061035156,141.8800048828125,141.8105010986328,141.8249969482422,26960,0.0,0.0
2024-12-03 12:44:00-05:00,141.8291015625,141.8699951171875,141.8000030517578,141.84449768066406,15227,0.0,0.0
2024-12-03 12:45:00-05:00,141.83999633789062,141.89999389648438,141.82000732421875,141.89999389648438,23717,0.0,0.0
2024-12-03 12:46:00-05:00,141.9001007080078,141.9600067138672,141.8831024169922,141.9600067138672,26210,0.0,0.0
2024-12-03 12:47:00-05:00,141.97000122070312,141.99989318847656,141.9499969482422,141.97000122070312,21488,0.0,0.0
2024-12-03 12:48:00-05:00,141.9864044189453,142.02499389648438,141.96499633789062,141.99949645996094,26104,0.0,0.0
2024-12-03 12:49:00-05:00,141.97999572753906,142.0399932861328,141.97019958496094,142.02960205078125,11774,0.0,0.0
2024-12-03 12:50:00-05:00,142.02000427246094,142.0800018310547,141.92999267578125,141.96499633789062,26009,0.0,0.0
2024-12-03 12:51:00-05:00,141.9604949951172,142.04640197753906,141.96009826660156,142.02999877929688,19545,0.0,0.0
2024-12-03 12:52:00-05:00,142.0399932861328,142.05999755859375,142.02000427246094,142.0399932861328,10095,0.0,0.0
2024-12-03 12:53:00-05:00,142.06640625,142.09979248046875,142.02999877929688,142.05999755859375,18810,0.0,0.0
2024-12-03 12:54:00-05:00,142.05990600585938,142.11000061035156,142.0500030517578,142.11000061035156,34071,0.0,0.0
2024-12-03 12:55:00-05:00,142.1186065673828,142.14889526367188,142.07000732421875,142.1446075439453,30280,0.0,0.0
2024-12-03 12:56:00-05:00,142.13499450683594,142.16000366210938,142.0823974609375,142.13999938964844,26146,0.0,0.0
2024-12-03 12:57:00-05:00,142.13999938964844,142.1999969482422,142.13999938964844,142.1649932861328,18494,0.0,0.0
2024-12-03 12:58:00-05:00,142.16000366210938,142.1999969482422,142.1300048828125,142.18649291992188,33360,0.0,0.0
2024-12-03 12:59:00-05:00,142.13999938964844,142.1898956298828,142.139892578125,142.139892578125,26762,0.0,0.0
2024-12-03 13:00:00-05:00,142.1199951171875,142.1199951171875,142.0399932861328,142.04209899902344,25222,0.0,0.0
2024-12-03 13:01:00-05:00,142.05499267578125,142.11000061035156,142.0500030517578,142.08639526367188,18202,0.0,0.0
2024-12-03 13:02:00-05:00,142.08999633789062,142.14999389648438,142.0850067138672,142.1490020751953,15297,0.0,0.0
2024-12-03 13:03:00-05:00,142.14999389648438,142.22000122070312,142.05999755859375,142.1999969482422,43890,0.0,0.0
2024-12-03 13:04:00-05:00,142.20010375976562,142.2180938720703,142.16000366210938,142.19009399414062,13348,0.0,0.0
2024-12-03 13:05:00-05:00,142.19500732421875,142.19500732421875,142.07440185546875,142.125,20764,0.0,0.0
2024-12-03 13:06:00-05:00,142.1300048828125,142.17999267578125,142.1300048828125,142.13999938964844,9608,0.0,0.0
2024-12-03 13:07:00-05:00,142.14999389648438,142.22999572753906,142.14999389648438,142.21249389648438,23893,0.0,0.0
2024-12-03 13:08:00-05:00,142.20550537109375,142.2480926513672,142.20010375976562,142.22000122070312,31922,0.0,0.0
2024-12-03 13:09:00-05:00,142.23500061035156,142.27499389648438,142.22000122070312,142.25,27543,0.0,0.0
2024-12-03 13:10:00-05:00,142.25,142.28990173339844,142.14999389648438,142.17359924316406,34155,0.0,0.0
2024-12-03 13:11:00-05:00,142.1999969482422,142.25999450683594,142.1219940185547,142.14210510253906,25747,0.0,0.0
2024-12-03 13:12:00-05:00,142.1428985595703,142.17999267578125,142.1407928466797,142.164306640625,9624,0.0,0.0
2024-12-03 13:13:00-05:00,142.1699981689453,142.27000427246094,142.1699981689453,142.24000549316406,24193,0.0,0.0
2024-12-03 13:14:00-05:00,142.2467041015625,142.35989379882812,142.2200927734375,142.32009887695312,32439,0.0,0.0
2024-12-03 13:15:00-05:00,142.32009887695312,142.3300018310547,142.1898956298828,142.22000122070312,25545,0.0,0.0
2024-12-03 13:16:00-05:00,142.2100067138672,142.2259063720703,142.1300048828125,142.1699981689453,19583,0.0,0.0
2024-12-03 13:17:00-05:00,142.17999267578125,142.2100067138672,142.13999938964844,142.1649932861328,23468,0.0,0.0
2024-12-03 13:18:00-05:00,142.16000366210938,142.17999267578125,142.02000427246094,142.0800018310547,42977,0.0,0.0
2024-12-03 13:19:00-05:00,142.0800018310547,142.1300048828125,142.0565948486328,142.05999755859375,21403,0.0,0.0
2024-12-03 13:20:00-05:00,142.10000610351562,142.25999450683594,142.10000610351562,142.25999450683594,30869,0.0,0.0
2024-12-03 13:21:00-05:00,142.25,142.25999450683594,142.18789672851562,142.18789672851562,11629,0.0,0.0
2024-12-03 13:22:00-05:00,142.1920928955078,142.24000549316406,142.13499450683594,142.13999938964844,12365,0.0,0.0
2024-12-03 13:23:00-05:00,142.13999938964844,142.1634063720703,142.1199951171875,142.1199951171875,10423,0.0,0.0
2024-12-03 13:24:00-05:00,142.12600708007812,142.16000366210938,142.10000610351562,142.16000366210938,21865,0.0,0.0
2024-12-03 13:25:00-05:00,142.15499877929688,142.3300018310547,142.1446990966797,142.31500244140625,28097,0.0,0.0
2024-12-03 13:26:00-05:00,142.32000732421875,142.3300018310547,142.2100067138672,142.22000122070312,23999,0.0,0.0
2024-12-03 13:27:00-05:00,142.22500610351562,142.2899932861328,142.22500610351562,142.2899932861328,14971,0.0,0.0
2024-12-03 13:28:00-05:00,142.27999877929688,142.27999877929688,142.17820739746094,142.20010375976562,17770,0.0,0.0
2024-12-03 13:29:00-05:00,142.23350524902344,142.23500061035156,142.10000610351562,142.10000610351562,14878,0.0,0.0
2024-12-03 13:30:00-05:00,142.08999633789062,142.14810180664062,142.0500030517578,142.1199951171875,16063,0.0,0.0
2024-12-03 13:31:00-05:00,142.1300048828125,142.1929931640625,142.1300048828125,142.14999389648438,18048,0.0,0.0
2024-12-03 13:32:00-05:00,142.14999389648438,142.1699981689453,142.1300048828125,142.1699981689453,18661,0.0,0.0
2024-12-03 13:33:00-05:00,142.1533966064453,142.15499877929688,142.1324005126953,142.15499877929688,7800,0.0,0.0
2024-12-03 13:34:00-05:00,142.1501007080078,142.15029907226562,141.8699951171875,141.8813934326172,75038,0.0,0.0
2024-12-03 13:35:00-05:00,141.88999938964844,141.8997039794922,141.82000732421875,141.82000732421875,41545,0.0,0.0
2024-12-03 13:36:00-05:00,141.8000030517578,141.94479370117188,141.8000030517578,141.94479370117188,35607,0.0,0.0
2024-12-03 13:37:00-05:00,141.93649291992188,141.93649291992188,141.8249969482422,141.8350067138672,28132,0.0,0.0
2024-12-03 13:38:00-05:00,141.84840393066406,141.84840393066406,141.72850036621094,141.77000427246094,48916,0.0,0.0
2024-12-03 13:39:00-05:00,141.77499389648438,141.8000030517578,141.73500061035156,141.8000030517578,18772,0.0,0.0
2024-12-03 13:40:00-05:00,141.7899932861328,141.83970642089844,141.74000549316406,141.80999755859375,25377,0.0,0.0
2024-12-03 13:41:00-05:00,141.81500244140625,141.82009887695312,141.75999450683594,141.77999877929688,18965,0.0,0.0
2024-12-03 13:42:00-05:00,141.75999450683594,141.8000030517578,141.72999572753906,141.75,15543,0.0,0.0
2024-12-03 13:43:00-05:00,141.75,141.75999450683594,141.7200927734375,141.7449951171875,22548,0.0,0.0
2024-12-03 13:44:00-05:00,141.7440948486328,141.75,141.7100067138672,141.72000122070312,13706,0.0,0.0
2024-12-03 13:45:00-05:00,141.7288055419922,141.7362060546875,141.63999938964844,141.72959899902344,65272,0.0,0.0
2024-12-03 13:46:00-05:00,141.72000122070312,141.74000549316406,141.66000366210938,141.6649932861328,33548,0.0,0.0
2024-12-03 13:47:00-05:00,141.63999938964844,141.67999267578125,141.6300048828125,141.67999267578125,21989,0.0,0.0
2024-12-03 13:48:00-05:00,141.6699981689453,141.72999572753906,141.65750122070312,141.71499633789062,23591,0.0,0.0
2024-12-03 13:49:00-05:00,141.71859741210938,141.7299041748047,141.67999267578125,141.6999969482422,24275,0.0,0.0
2024-12-03 13:50:00-05:00,141.70880126953125,141.8800048828125,141.70880126953125,141.8699951171875,51862,0.0,0.0
2024-12-03 13:51:00-05:00,141.8699951171875,141.89999389648438,141.85890197753906,141.88499450683594,34341,0.0,0.0
2024-12-03 13:52:00-05:00,141.88999938964844,141.927001953125,141.8699951171875,141.927001953125,25074,0.0,0.0
2024-12-03 13:53:00-05:00,141.9250030517578,141.92999267578125,141.88009643554688,141.91000366210938,18145,0.0,0.0
2024-12-03 13:54:00-05:00,141.9149932861328,141.9600067138672,141.89999389648438,141.95750427246094,30848,0.0,0.0
2024-12-03 13:55:00-05:00,141.97000122070312,142.02000427246094,141.9261932373047,141.9322967529297,23101,0.0,0.0
2024-12-03 13:56:00-05:00,141.89590454101562,141.9600067138672,141.8699951171875,141.95689392089844,16175,0.0,0.0
2024-12-03 13:57:00-05:00,141.9199981689453,141.9199981689453,141.8000030517578,141.86300659179688,26538,0.0,0.0
2024-12-03 13:58:00-05:00,141.8800048828125,141.88499450683594,141.82000732421875,141.8350067138672,15639,0.0,0.0
2024-12-03 13:59:00-05:00,141.83920288085938,141.914794921875,141.8000030517578,141.8699951171875,21814,0.0,0.0
2024-12-03 14:00:00-05:00,141.875,141.93719482421875,141.82000732421875,141.83999633789062,15100,0.0,0.0
2024-12-03 14:01:00-05:00,141.82000732421875,141.8300018310547,141.74000549316406,141.75999450683594,21024,0.0,0.0
2024-12-03 14:02:00-05:00,141.76499938964844,141.77999877929688,141.74000549316406,141.75,10460,0.0,0.0
2024-12-03 14:03:00-05:00,141.75999450683594,141.84080505371094,141.75,141.80999755859375,21184,0.0,0.0
2024-12-03 14:04:00-05:00,141.82000732421875,141.85000610351562,141.7899932861328,141.7902069091797,14852,0.0,0.0
2024-12-03 14:05:00-05:00,141.8000030517578,141.82000732421875,141.75340270996094,141.7949981689453,12679,0.0,0.0
2024-12-03 14:06:00-05:00,141.7899932861328,141.82179260253906,141.69000244140625,141.7104034423828,23450,0.0,0.0
2024-12-03 14:07:00-05:00,141.7100067138672,141.74000549316406,141.6999969482422,141.7053985595703,13317,0.0,0.0
2024-12-03 14:08:00-05:00,141.72000122070312,141.73980712890625,141.69000244140625,141.72999572753906,16382,0.0,0.0
2024-12-03 14:09:00-05:00,141.7200927734375,141.77999877929688,141.7100067138672,141.77000427246094,16105,0.0,0.0
2024-12-03 14:10:00-05:00,141.75,141.77999877929688,141.6999969482422,141.72000122070312,23967,0.0,0.0
2024-12-03 14:11:00-05:00,141.72000122070312,141.74989318847656,141.7100067138672,141.74000549316406,18525,0.0,0.0
2024-12-03 14:12:00-05:00,141.739501953125,141.75,141.71949768066406,141.72000122070312,18333,0.0,0.0
2024-12-03 14:13:00-05:00,141.72000122070312,141.72999572753906,141.6999969482422,141.7100067138672,14801,0.0,0.0
2024-12-03 14:14:00-05:00,141.71609497070312,141.72999572753906,141.66009521484375,141.69000244140625,21386,0.0,0.0
2024-12-03 14:15:00-05:00,141.6907958984375,141.72000122070312,141.6649932861328,141.69000244140625,16036,0.0,0.0
2024-12-03 14:16:00-05:00,141.68490600585938,141.77999877929688,141.67080688476562,141.77999877929688,26853,0.0,0.0
2024-12-03 14:17:00-05:00,141.77259826660156,141.7899932861328,141.75,141.77810668945312,17144,0.0,0.0
2024-12-03 14:18:00-05:00,141.78750610351562,141.97000122070312,141.78750610351562,141.9600067138672,33012,0.0,0.0
2024-12-03 14:19:00-05:00,141.9499969482422,141.97000122070312,141.86099243164062,141.875,18441,0.0,0.0
2024-12-03 14:20:00-05:00,141.86199951171875,141.9199981689453,141.86000061035156,141.91000366210938,23479,0.0,0.0
2024-12-03 14:21:00-05:00,141.91990661621094,141.91990661621094,141.8350067138672,141.83999633789062,18682,0.0,0.0
2024-12-03 14:22:00-05:00,141.8621063232422,141.8800048828125,141.83990478515625,141.86500549316406,14683,0.0,0.0
2024-12-03 14:23:00-05:00,141.87899780273438,141.91000366210938,141.86000061035156,141.89999389648438,11268,0.0,0.0
2024-12-03 14:24:00-05:00,141.89999389648438,141.90220642089844,141.8699951171875,141.87939453125,12326,0.0,0.0
2024-12-03 14:25:00-05:00,141.8800048828125,141.92640686035156,141.8800048828125,141.88409423828125,13440,0.0,0.0
2024-12-03 14:26:00-05:00,141.89120483398438,141.89990234375,141.84100341796875,141.8699951171875,21707,0.0,0.0
2024-12-03 14:27:00-05:00,141.86199951171875,141.8800048828125,141.79029846191406,141.80499267578125,17695,0.0,0.0
2024-12-03 14:28:00-05:00,141.80999755859375,141.8800048828125,141.8000030517578,141.82000732421875,16840,0.0,0.0
2024-12-03 14:29:00-05:00,141.81619262695312,141.8647003173828,141.8000030517578,141.85499572753906,16387,0.0,0.0
2024-12-03 14:30:00-05:00,141.86000061035156,141.9593963623047,141.86000061035156,141.92999267578125,28084,0.0,0.0
2024-12-03 14:31:00-05:00,141.92999267578125,141.92999267578125,141.8800048828125,141.92999267578125,30625,0.0,0.0
2024-12-03 14:32:00-05:00,141.92999267578125,141.9499969482422,141.89999389648438,141.91099548339844,14856,0.0,0.0
2024-12-03 14:33:00-05:00,141.9156036376953,142.02000427246094,141.91299438476562,141.97000122070312,42184,0.0,0.0
2024-12-03 14:34:00-05:00,141.9600067138672,141.9799041748047,141.91000366210938,141.95660400390625,29956,0.0,0.0
2024-12-03 14:35:00-05:00,141.9300994873047,141.97000122070312,141.89999389648438,141.92999267578125,19480,0.0,0.0
2024-12-03 14:36:00-05:00,141.9001007080078,141.94000244140625,141.8928985595703,141.9199981689453,19638,0.0,0.0
2024-12-03 14:37:00-05:00,141.92190551757812,142.02999877929688,141.9199981689453,142.02999877929688,26083,0.0,0.0
2024-12-03 14:38:00-05:00,142.05999755859375,142.1199951171875,142.05999755859375,142.0998992919922,32083,0.0,0.0
2024-12-03 14:39:00-05:00,142.10000610351562,142.1300048828125,142.0200958251953,142.03799438476562,35650,0.0,0.0
2024-12-03 14:40:00-05:00,142.02859497070312,142.0399932861328,141.9499969482422,142.00999450683594,38444,0.0,0.0
2024-12-03 14:41:00-05:00,142.00999450683594,142.06500244140625,142.0,142.05999755859375,26752,0.0,0.0
2024-12-03 14:42:00-05:00,142.0800018310547,142.0800018310547,142.0,142.00999450683594,14201,0.0,0.0
2024-12-03 14:43:00-05:00,142.00999450683594,142.00999450683594,141.94960021972656,141.9600067138672,33716,0.0,0.0
2024-12-03 14:44:00-05:00,141.97000122070312,142.0399932861328,141.97000122070312,142.03500366210938,20881,0.0,0.0
2024-12-03 14:45:00-05:00,142.0200958251953,142.08999633789062,142.02000427246094,142.0377960205078,27996,0.0,0.0
2024-12-03 14:46:00-05:00,142.02000427246094,142.02000427246094,141.9600067138672,141.97650146484375,16828,0.0,0.0
2024-12-03 14:47:00-05:00,141.98500061035156,142.11219787597656,141.9738006591797,142.10719299316406,26199,0.0,0.0
2024-12-03 14:48:00-05:00,142.10789489746094,142.13999938964844,142.0800018310547,142.08999633789062,35520,0.0,0.0
2024-12-03 14:49:00-05:00,142.08999633789062,142.13999938964844,142.0800018310547,142.11000061035156,16457,0.0,0.0
2024-12-03 14:50:00-05:00,142.11000061035156,142.1331024169922,142.06500244140625,142.06500244140625,20404,0.0,0.0
2024-12-03 14:51:00-05:00,142.07000732421875,142.08999633789062,142.02000427246094,142.03509521484375,30087,0.0,0.0
2024-12-03 14:52:00-05:00,142.0399932861328,142.04989624023438,141.99000549316406,142.01649475097656,20066,0.0,0.0
2024-12-03 14:53:00-05:00,142.01499938964844,142.08999633789062,142.0,142.0399932861328,21542,0.0,0.0
2024-12-03 14:54:00-05:00,142.02499389648438,142.03500366210938,142.00999450683594,142.01809692382812,14580,0.0,0.0
2024-12-03 14:55:00-05:00,142.0,142.00999450683594,141.83009338378906,141.86000061035156,42949,0.0,0.0
2024-12-03 14:56:00-05:00,141.86000061035156,141.8699951171875,141.7200927734375,141.77000427246094,49741,0.0,0.0
2024-12-03 14:57:00-05:00,141.78990173339844,141.80999755859375,141.76499938964844,141.7899932861328,30965,0.0,0.0
2024-12-03 14:58:00-05:00,141.8000030517578,141.82000732421875,141.75819396972656,141.7700958251953,25408,0.0,0.0
2024-12-03 14:59:00-05:00,141.75,141.80499267578125,141.74000549316406,141.8000030517578,25871,0.0,0.0
2024-12-03 15:00:00-05:00,141.80499267578125,141.92880249023438,141.80059814453125,141.8350067138672,28685,0.0,0.0
2024-12-03 15:01:00-05:00,141.84100341796875,141.85000610351562,141.81500244140625,141.82000732421875,17153,0.0,0.0
2024-12-03 15:02:00-05:00,141.8249969482422,141.91000366210938,141.8000030517578,141.82000732421875,33679,0.0,0.0
2024-12-03 15:03:00-05:00,141.8000030517578,141.82000732421875,141.77000427246094,141.80999755859375,23214,0.0,0.0
2024-12-03 15:04:00-05:00,141.80999755859375,141.80999755859375,141.74000549316406,141.77499389648438,26313,0.0,0.0
2024-12-03 15:05:00-05:00,141.7519073486328,141.7899932861328,141.72000122070312,141.73500061035156,27523,0.0,0.0
2024-12-03 15:06:00-05:00,141.73500061035156,141.8699951171875,141.7008056640625,141.7949981689453,53075,0.0,0.0
2024-12-03 15:07:00-05:00,141.7947998046875,141.89990234375,141.78500366210938,141.8699951171875,39892,0.0,0.0
2024-12-03 15:08:00-05:00,141.8800048828125,141.92999267578125,141.875,141.9199981689453,26499,0.0,0.0
2024-12-03 15:09:00-05:00,141.92529296875,141.9499969482422,141.84010314941406,141.87179565429688,37454,0.0,0.0
2024-12-03 15:10:00-05:00,141.85000610351562,141.8759002685547,141.8000946044922,141.85000610351562,24542,0.0,0.0
2024-12-03 15:11:00-05:00,141.8350067138672,141.9199981689453,141.82000732421875,141.875,31464,0.0,0.0
2024-12-03 15:12:00-05:00,141.89500427246094,141.94000244140625,141.87469482421875,141.92820739746094,20827,0.0,0.0
2024-12-03 15:13:00-05:00,141.92999267578125,141.99000549316406,141.8800048828125,141.99000549316406,30333,0.0,0.0
2024-12-03 15:14:00-05:00,141.98500061035156,142.0399932861328,141.97000122070312,141.9801025390625,40754,0.0,0.0
2024-12-03 15:15:00-05:00,141.99000549316406,142.0800018310547,141.92999267578125,142.07000732421875,36445,0.0,0.0
2024-12-03 15:16:00-05:00,142.06500244140625,142.13800048828125,142.05369567871094,142.09500122070312,35967,0.0,0.0
2024-12-03 15:17:00-05:00,142.09500122070312,142.11000061035156,142.0200958251953,142.0200958251953,27155,0.0,0.0
2024-12-03 15:18:00-05:00,142.02459716796875,142.05999755859375,141.97000122070312,142.02999877929688,24585,0.0,0.0
2024-12-03 15:19:00-05:00,142.00999450683594,142.02999877929688,141.96560668945312,141.9976043701172,30666,0.0,0.0
2024-12-03 15:20:00-05:00,142.0,142.10000610351562,142.0,142.10000610351562,23493,0.0,0.0
2024-12-03 15:21:00-05:00,142.08810424804688,142.1199951171875,142.05349731445312,142.10000610351562,26606,0.0,0.0
2024-12-03 15:22:00-05:00,142.08999633789062,142.11000061035156,141.8800048828125,141.91319274902344,54891,0.0,0.0
2024-12-03 15:23:00-05:00,141.9499053955078,142.0164031982422,141.94000244140625,141.94000244140625,47395,0.0,0.0
2024-12-03 15:24:00-05:00,141.91009521484375,142.04989624023438,141.91009521484375,142.0449981689453,32555,0.0,0.0
2024-12-03 15:25:00-05:00,142.0500030517578,142.08999633789062,142.02000427246094,142.02960205078125,36436,0.0,0.0
2024-12-03 15:26:00-05:00,142.0399932861328,142.0500030517578,141.91009521484375,141.9600067138672,44503,0.0,0.0
2024-12-03 15:27:00-05:00,141.97000122070312,142.00540161132812,141.9550018310547,141.97999572753906,48875,0.0,0.0
2024-12-03 15:28:00-05:00,141.97999572753906,142.0,141.95599365234375,141.97999572753906,30316,0.0,0.0
2024-12-03 15:29:00-05:00,142.0,142.0299072265625,141.89999389648438,141.91250610351562,31143,0.0,0.0
2024-12-03 15:30:00-05:00,141.9138946533203,141.9803924560547,141.8800048828125,141.9499969482422,38580,0.0,0.0
2024-12-03 15:31:00-05:00,141.9499969482422,141.9600067138672,141.9001007080078,141.9250030517578,27496,0.0,0.0
2024-12-03 15:32:00-05:00,141.9250030517578,141.95989990234375,141.88999938964844,141.9199981689453,28183,0.0,0.0
2024-12-03 15:33:00-05:00,141.91000366210938,141.94000244140625,141.88999938964844,141.88999938964844,22947,0.0,0.0
2024-12-03 15:34:00-05:00,141.88900756835938,141.92999267578125,141.7899932861328,141.80499267578125,36373,0.0,0.0
2024-12-03 15:35:00-05:00,141.80990600585938,141.8800048828125,141.80990600585938,141.84959411621094,31340,0.0,0.0
2024-12-03 15:36:00-05:00,141.83999633789062,141.85000610351562,141.77000427246094,141.85000610351562,36693,0.0,0.0
2024-12-03 15:37:00-05:00,141.85000610351562,141.85360717773438,141.77999877929688,141.8300018310547,19297,0.0,0.0
2024-12-03 15:38:00-05:00,141.8300018310547,141.84500122070312,141.77999877929688,141.78500366210938,18714,0.0,0.0
2024-12-03 15:39:00-05:00,141.78500366210938,141.8300018310547,141.75999450683594,141.77000427246094,42590,0.0,0.0
2024-12-03 15:40:00-05:00,141.77000427246094,141.8278045654297,141.75999450683594,141.82000732421875,27083,0.0,0.0
2024-12-03 15:41:00-05:00,141.82000732421875,141.8800048828125,141.80999755859375,141.85000610351562,45163,0.0,0.0
2024-12-03 15:42:00-05:00,141.84010314941406,141.90370178222656,141.84010314941406,141.8800048828125,32907,0.0,0.0
2024-12-03 15:43:00-05:00,141.88999938964844,141.91000366210938,141.781005859375,141.7899932861328,34074,0.0,0.0
2024-12-03 15:44:00-05:00,141.80999755859375,141.92999267578125,141.75,141.9199981689453,47607,0.0,0.0
2024-12-03 15:45:00-05:00,141.9149932861328,141.9499969482422,141.875,141.9199981689453,30144,0.0,0.0
2024-12-03 15:46:00-05:00,141.89999389648438,141.89999389648438,141.75320434570312,141.86000061035156,39610,0.0,0.0
2024-12-03 15:47:00-05:00,141.85000610351562,141.86000061035156,141.7899932861328,141.82000732421875,39506,0.0,0.0
2024-12-03 15:48:00-05:00,141.80999755859375,141.89999389648438,141.7899932861328,141.88999938964844,31587,0.0,0.0
2024-12-03 15:49:00-05:00,141.88009643554688,141.9149932861328,141.8699951171875,141.8800048828125,33714,0.0,0.0
2024-12-03 15:50:00-05:00,141.88999938964844,141.92999267578125,141.82009887695312,141.92039489746094,51849,0.0,0.0
2024-12-03 15:51:00-05:00,141.91000366210938,141.9199981689453,141.84500122070312,141.88999938964844,55255,0.0,0.0
2024-12-03 15:52:00-05:00,141.8800048828125,141.88999938964844,141.72219848632812,141.74000549316406,71709,0.0,0.0
2024-12-03 15:53:00-05:00,141.74000549316406,141.74989318847656,141.60000610351562,141.66000366210938,94576,0.0,0.0
2024-12-03 15:54:00-05:00,141.6699981689453,141.77999877929688,141.6199951171875,141.72000122070312,74638,0.0,0.0
2024-12-03 15:55:00-05:00,141.74000549316406,141.8699951171875,141.6699981689453,141.85000610351562,75589,0.0,0.0
2024-12-03 15:56:00-05:00,141.85000610351562,141.99000549316406,141.84010314941406,141.97000122070312,78159,0.0,0.0
2024-12-03 15:57:00-05:00,141.96499633789062,142.00999450683594,141.9199981689453,142.0050048828125,82529,0.0,0.0
2024-12-03 15:58:00-05:00,142.00999450683594,142.02000427246094,141.95399475097656,142.00999450683594,83109,0.0,0.0
2024-12-03 15:59:00-05:00,142.01499938964844,142.0500030517578,141.92999267578125,142.0,221070,0.0,0.0
2024-12-03 16:00:00-05:00,141.98,142.06,141.93,142.019,1426253,0.0,0.0
2024-12-03 16:01:00-05:00,141.96,142.02,141.95,141.95,0,0.0,0.0
2024-12-03 16:02:00-05:00,141.95,141.98,141.865,141.98,0,0.0,0.0
2024-12-03 16:03:00-05:00,141.98,141.98,141.8,141.865,0,0.0,0.0
2024-12-03 16:04:00-05:00,141.85,141.89,141.8,141.8019,0,0.0,0.0
2024-12-03 16:05:00-05:00,141.89,142.1499,141.8,142.1499,0,0.0,0.0
2024-12-03 16:06:00-05:00,142.14,142.22,142.13,142.2199,0,0.0,0.0
2024-12-03 16:07:00-05:00,142.22,142.22,142.1206,142.19,0,0.0,0.0
2024-12-03 16:08:00-05:00,142.16,142.23,142.16,142.2296,0,0.0,0.0
2024-12-03 16:09:00-05:00,142.2289,142.23,141.98,141.98,0,0.0,0.0
2024-12-03 16:10:00-05:00,142.13,142.1788,142.01,142.1,0,0.0,0.0
2024-12-03 16:11:00-05:00,142.1,142.1494,142.02,142.02,0,0.0,0.0
2024-12-03 16:12:00-05:00,142.02,142.1,142.02,142.08,0,0.0,0.0
2024-12-03 16:13:00-05:00,142.02,142.09,142.02,142.07,0,0.0,0.0
2024-12-03 16:14:00-05:00,142.09,142.1,142.04,142.07,0,0.0,0.0
2024-12-03 16:15:00-05:00,142.08,142.15,141.98,142.14,0,0.0,0.0
2024-12-03 16:16:00-05:00,142.12,142.15,142.0997,142.15,0,0.0,0.0
2024-12-03 16:17:00-05:00,142.13,142.19,142.06,142.1396,0,0.0,0.0
2024-12-03 16:18:00-05:00,142.1,142.15,142.07,142.15,0,0.0,0.0
2024-12-03 16:19:00-05:00,142.11,142.2,142.11,142.12,0,0.0,0.0
2024-12-03 16:20:00-05:00,142.12,142.17,142.11,142.17,0,0.0,0.0
2024-12-03 16:21:00-05:00,142.17,142.21,142.11,142.14,0,0.0,0.0
2024-12-03 16:22:00-05:00,142.2,142.2,142.12,142.2,0,0.0,0.0
2024-12-03 16:23:00-05:00,142.16,142.2092,142.14,142.2092,0,0.0,0.0
2024-12-03 16:24:00-05:00,142.16,142.2,142.16,142.16,0,0.0,0.0
2024-12-03 16:25:00-05:00,142.1986,142.32,142.17,142.28,0,0.0,0.0
2024-12-03 16:26:00-05:00,142.28,142.32,142.21,142.32,0,0.0,0.0
2024-12-03 16:27:00-05:00,142.18,142.32,142.18,142.28,0,0.0,0.0
2024-12-03 16:28:00-05:00,142.31,142.4,142.21,142.359,0,0.0,0.0
2024-12-03 16:29:00-05:00,142.38,142.4,142.2,142.3,0,0.0,0.0
2024-12-03 16:30:00-05:00,142.4,142.4,142.2,142.4,0,0.0,0.0
2024-12-03 16:31:00-05:00,142.204,142.39,142.204,142.3,0,0.0,0.0
2024-12-03 16:32:00-05:00,142.35,142.39,141.98,142.36,0,0.0,0.0
2024-12-03 16:33:00-05:00,142.3886,142.39,141.98,142.3,0,0.0,0.0
2024-12-03 16:34:00-05:00,142.36,142.36,141.98,141.98,0,0.0,0.0
2024-12-03 16:35:00-05:00,142.33,142.35,142.25,142.25,0,0.0,0.0
2024-12-03 16:36:00-05:00,142.25,142.3,142.2,142.2999,0,0.0,0.0
2024-12-03 16:37:00-05:00,142.28,142.3,142.21,142.21,0,0.0,0.0
2024-12-03 16:38:00-05:00,142.26,142.28,142.22,142.27,0,0.0,0.0
2024-12-03 16:39:00-05:00,142.24,142.28,142.24,142.26,0,0.0,0.0
2024-12-03 16:40:00-05:00,142.27,142.28,142.24,142.26,0,0.0,0.0
2024-12-03 16:41:00-05:00,142.26,142.28,142.242,142.26,0,0.0,0.0
2024-12-03 16:42:00-05:00,142.27,142.28,142.26,142.27,0,0.0,0.0
2024-12-03 16:43:00-05:00,142.29,142.34,142.26,142.34,0,0.0,0.0
2024-12-03 16:44:00-05:00,142.2603,142.34,142.26,142.34,0,0.0,0.0
2024-12-03 16:45:00-05:00,142.34,142.34,141.98,142.2411,0,0.0,0.0
2024-12-03 16:46:00-05:00,142.34,142.34,142.24,142.27,0,0.0,0.0
2024-12-03 16:47:00-05:00,142.29,142.29,142.24,142.24,0,0.0,0.0
2024-12-03 16:48:00-05:00,142.29,142.3,142.25,142.26,0,0.0,0.0
2024-12-03 16:49:00-05:00,142.285,142.34,142.285,142.31,0,0.0,0.0
2024-12-03 16:50:00-05:00,142.3392,142.34,142.3,142.3115,0,0.0,0.0
2024-12-03 16:51:00-05:00,142.35,142.3788,142.34,142.355,0,0.0,0.0
2024-12-03 16:52:00-05:00,142.355,142.37,134.5318,142.33,0,0.0,0.0
2024-12-03 16:53:00-05:00,142.335,142.36,142.31,142.36,0,0.0,0.0
2024-12-03 16:54:00-05:00,142.36,142.37,142.31,142.3694,0,0.0,0.0
2024-12-03 16:55:00-05:00,142.31,142.37,134.7589,142.35,0,0.0,0.0
2024-12-03 16:56:00-05:00,142.35,142.38,142.33,142.37,0,0.0,0.0
2024-12-03 16:57:00-05:00,142.355,142.38,142.355,142.355,0,0.0,0.0
2024-12-03 16:58:00-05:00,142.3792,142.42,142.3491,142.3491,0,0.0,0.0
2024-12-03 16:59:00-05:00,142.44,142.44,142.33,142.44,0,0.0,0.0
2024-12-03 17:00:00-05:00,142.38,142.44,134.7589,134.7589,0,0.0,0.0
2024-12-03 17:01:00-05:00,142.42,142.44,142.38,142.38,0,0.0,0.0
2024-12-03 17:02:00-05:00,142.38,142.38,134.0053,142.37,0,0.0,0.0
2024-12-03 17:03:00-05:00,142.385,150.2674,134.5318,134.5318,0,0.0,0.0
2024-12-03 17:04:00-05:00,142.33,146.4663,142.33,142.395,0,0.0,0.0
2024-12-03 17:05:00-05:00,142.39,142.41,142.38,142.38,0,0.0,0.0
2024-12-03 17:06:00-05:00,142.33,142.41,142.33,142.4,0,0.0,0.0
2024-12-03 17:07:00-05:00,142.41,142.41,142.33,142.4,0,0.0,0.0
2024-12-03 17:08:00-05:00,142.33,142.33,142.2501,142.29,0,0.0,0.0
2024-12-03 17:09:00-05:00,142.29,142.295,142.25,142.26,0,0.0,0.0
2024-12-03 17:10:00-05:00,142.22,142.24,142.22,142.23,0,0.0,0.0
2024-12-03 17:11:00-05:00,142.2506,142.33,142.25,142.33,0,0.0,0.0
2024-12-03 17:12:00-05:00,142.25,142.33,142.23,142.33,0,0.0,0.0
2024-12-03 17:13:00-05:00,142.22,142.33,142.22,142.26,0,0.0,0.0
2024-12-03 17:14:00-05:00,142.22,142.2599,142.21,142.21,0,0.0,0.0
2024-12-03 17:15:43-05:00,142.188,142.188,142.188,142.188,0,0.0,0.0
