time,Open,High,Low,Close,Volume,Dividends,Stock Splits
2024-11-29 04:00:00-05:00,137.61,137.62,137.57,137.62,0,0.0,0.0
2024-11-29 04:01:00-05:00,137.63,137.63,137.62,137.62,0,0.0,0.0
2024-11-29 04:02:00-05:00,137.63,137.63,137.6,137.6,0,0.0,0.0
2024-11-29 04:03:00-05:00,137.62,137.63,137.46,137.52,0,0.0,0.0
2024-11-29 04:04:00-05:00,137.52,137.52,137.44,137.45,0,0.0,0.0
2024-11-29 04:05:00-05:00,137.36,137.4,137.29,137.29,0,0.0,0.0
2024-11-29 04:06:00-05:00,137.41,137.41,137.2,137.26,0,0.0,0.0
2024-11-29 04:07:00-05:00,137.26,137.26,137.26,137.26,0,0.0,0.0
2024-11-29 04:08:00-05:00,137.3,137.3,137.2,137.28,0,0.0,0.0
2024-11-29 04:09:00-05:00,137.38,137.38,137.27,137.27,0,0.0,0.0
2024-11-29 04:10:00-05:00,137.32,137.32,137.19,137.2,0,0.0,0.0
2024-11-29 04:12:00-05:00,137.18,137.18,137.18,137.18,0,0.0,0.0
2024-11-29 04:13:00-05:00,137.2,137.2,137.2,137.2,0,0.0,0.0
2024-11-29 04:14:00-05:00,137.22,137.29,137.19,137.22,0,0.0,0.0
2024-11-29 04:17:00-05:00,137.2,137.2,137.2,137.2,0,0.0,0.0
2024-11-29 04:18:00-05:00,137.22,137.23,137.2,137.23,0,0.0,0.0
2024-11-29 04:20:00-05:00,137.28,137.29,137.28,137.29,0,0.0,0.0
2024-11-29 04:21:00-05:00,137.3,137.38,137.3,137.38,0,0.0,0.0
2024-11-29 04:22:00-05:00,137.4,137.4,137.4,137.4,0,0.0,0.0
2024-11-29 04:24:00-05:00,137.64,137.64,137.62,137.62,0,0.0,0.0
2024-11-29 04:25:00-05:00,137.58,137.58,137.58,137.58,0,0.0,0.0
2024-11-29 04:27:00-05:00,137.57,137.57,137.53,137.53,0,0.0,0.0
2024-11-29 04:28:00-05:00,137.6,137.6,137.6,137.6,0,0.0,0.0
2024-11-29 04:29:00-05:00,137.66,137.66,137.66,137.66,0,0.0,0.0
2024-11-29 04:30:00-05:00,137.61,137.63,137.61,137.63,0,0.0,0.0
2024-11-29 04:31:00-05:00,137.62,137.62,137.62,137.62,0,0.0,0.0
2024-11-29 04:34:00-05:00,137.5,137.5,137.5,137.5,0,0.0,0.0
2024-11-29 04:35:00-05:00,137.51,137.53,137.46,137.53,0,0.0,0.0
2024-11-29 04:36:00-05:00,137.59,137.59,137.53,137.58,0,0.0,0.0
2024-11-29 04:37:00-05:00,137.58,137.59,137.58,137.59,0,0.0,0.0
2024-11-29 04:38:00-05:00,137.57,137.57,137.57,137.57,0,0.0,0.0
2024-11-29 04:39:00-05:00,137.61,137.61,137.6,137.6,0,0.0,0.0
2024-11-29 04:40:00-05:00,137.6,137.63,137.57,137.61,0,0.0,0.0
2024-11-29 04:42:00-05:00,137.63,137.63,137.51,137.51,0,0.0,0.0
2024-11-29 04:43:00-05:00,137.6,137.6,137.6,137.6,0,0.0,0.0
2024-11-29 04:44:00-05:00,137.59,137.59,137.5,137.5,0,0.0,0.0
2024-11-29 04:46:00-05:00,137.51,137.55,137.51,137.55,0,0.0,0.0
2024-11-29 04:48:00-05:00,137.6,137.6,137.57,137.6,0,0.0,0.0
2024-11-29 04:49:00-05:00,137.53,137.53,137.5,137.51,0,0.0,0.0
2024-11-29 04:56:00-05:00,137.46,137.5,137.46,137.5,0,0.0,0.0
2024-11-29 04:57:00-05:00,137.52,137.54,137.52,137.54,0,0.0,0.0
2024-11-29 04:58:00-05:00,137.57,137.59,137.57,137.58,0,0.0,0.0
2024-11-29 04:59:00-05:00,137.55,137.55,137.54,137.54,0,0.0,0.0
2024-11-29 05:02:00-05:00,137.56,137.56,137.52,137.52,0,0.0,0.0
2024-11-29 05:05:00-05:00,137.55,137.55,137.55,137.55,0,0.0,0.0
2024-11-29 05:08:00-05:00,137.51,137.51,137.51,137.51,0,0.0,0.0
2024-11-29 05:09:00-05:00,137.54,137.55,137.54,137.55,0,0.0,0.0
2024-11-29 05:10:00-05:00,137.5,137.55,137.5,137.5,0,0.0,0.0
2024-11-29 05:11:00-05:00,137.54,137.58,137.54,137.58,0,0.0,0.0
2024-11-29 05:12:00-05:00,137.58,137.58,137.58,137.58,0,0.0,0.0
2024-11-29 05:13:00-05:00,137.6,137.6,137.6,137.6,0,0.0,0.0
2024-11-29 05:14:00-05:00,137.6,137.6,137.6,137.6,0,0.0,0.0
2024-11-29 05:15:00-05:00,137.59,137.59,137.59,137.59,0,0.0,0.0
2024-11-29 05:16:00-05:00,137.5,137.5,137.49,137.49,0,0.0,0.0
2024-11-29 05:17:00-05:00,137.56,137.56,137.56,137.56,0,0.0,0.0
2024-11-29 05:19:00-05:00,137.6,137.6,137.58,137.58,0,0.0,0.0
2024-11-29 05:20:00-05:00,137.57,137.6,137.57,137.6,0,0.0,0.0
2024-11-29 05:21:00-05:00,137.62,137.62,137.62,137.62,0,0.0,0.0
2024-11-29 05:22:00-05:00,137.62,137.62,137.62,137.62,0,0.0,0.0
2024-11-29 05:23:00-05:00,137.62,137.62,137.54,137.59,0,0.0,0.0
2024-11-29 05:25:00-05:00,137.55,137.58,137.55,137.58,0,0.0,0.0
2024-11-29 05:26:00-05:00,137.48,137.48,137.48,137.48,0,0.0,0.0
2024-11-29 05:32:00-05:00,137.55,137.55,137.55,137.55,0,0.0,0.0
2024-11-29 05:35:00-05:00,137.54,137.54,137.54,137.54,0,0.0,0.0
2024-11-29 05:36:00-05:00,137.56,137.59,137.56,137.59,0,0.0,0.0
2024-11-29 05:37:00-05:00,137.59,137.6,137.56,137.56,0,0.0,0.0
2024-11-29 05:38:00-05:00,137.54,137.54,137.44,137.49,0,0.0,0.0
2024-11-29 05:39:00-05:00,137.47,137.47,137.47,137.47,0,0.0,0.0
2024-11-29 05:40:00-05:00,137.41,137.41,137.41,137.41,0,0.0,0.0
2024-11-29 05:42:00-05:00,137.47,137.47,137.47,137.47,0,0.0,0.0
2024-11-29 05:45:00-05:00,137.54,137.54,137.54,137.54,0,0.0,0.0
2024-11-29 05:47:00-05:00,137.47,137.48,137.46,137.46,0,0.0,0.0
2024-11-29 05:48:00-05:00,137.55,137.55,137.55,137.55,0,0.0,0.0
2024-11-29 05:49:00-05:00,137.59,137.59,137.59,137.59,0,0.0,0.0
2024-11-29 05:50:00-05:00,137.57,137.57,137.57,137.57,0,0.0,0.0
2024-11-29 05:54:00-05:00,137.6,137.6,137.45,137.45,0,0.0,0.0
2024-11-29 05:57:00-05:00,137.55,137.55,137.55,137.55,0,0.0,0.0
2024-11-29 05:58:00-05:00,137.55,137.55,137.55,137.55,0,0.0,0.0
2024-11-29 05:59:00-05:00,137.54,137.54,137.54,137.54,0,0.0,0.0
2024-11-29 06:01:00-05:00,137.48,137.48,137.48,137.48,0,0.0,0.0
2024-11-29 06:04:00-05:00,137.45,137.45,137.45,137.45,0,0.0,0.0
2024-11-29 06:06:00-05:00,137.45,137.45,137.45,137.45,0,0.0,0.0
2024-11-29 06:07:00-05:00,137.4,137.4,137.37,137.37,0,0.0,0.0
2024-11-29 06:08:00-05:00,137.35,137.35,137.35,137.35,0,0.0,0.0
2024-11-29 06:09:00-05:00,137.53,137.53,137.53,137.53,0,0.0,0.0
2024-11-29 06:10:00-05:00,137.47,137.53,137.47,137.53,0,0.0,0.0
2024-11-29 06:11:00-05:00,137.55,137.55,137.55,137.55,0,0.0,0.0
2024-11-29 06:15:00-05:00,137.53,137.53,137.53,137.53,0,0.0,0.0
2024-11-29 06:17:00-05:00,137.53,137.53,137.53,137.53,0,0.0,0.0
2024-11-29 06:18:00-05:00,137.55,137.55,137.55,137.55,0,0.0,0.0
2024-11-29 06:19:00-05:00,137.55,137.56,137.55,137.56,0,0.0,0.0
2024-11-29 06:21:00-05:00,137.55,137.55,137.55,137.55,0,0.0,0.0
2024-11-29 06:23:00-05:00,137.59,137.59,137.59,137.59,0,0.0,0.0
2024-11-29 06:27:00-05:00,137.59,137.59,137.59,137.59,0,0.0,0.0
2024-11-29 06:30:00-05:00,137.63,137.7,137.63,137.7,0,0.0,0.0
2024-11-29 06:33:00-05:00,137.8,137.8,137.8,137.8,0,0.0,0.0
2024-11-29 06:35:00-05:00,137.78,137.78,137.75,137.75,0,0.0,0.0
2024-11-29 06:42:00-05:00,137.69,137.69,137.69,137.69,0,0.0,0.0
2024-11-29 06:43:00-05:00,137.7,137.71,137.66,137.66,0,0.0,0.0
2024-11-29 06:44:00-05:00,137.63,137.63,137.63,137.63,0,0.0,0.0
2024-11-29 06:45:00-05:00,137.7,137.7,137.7,137.7,0,0.0,0.0
2024-11-29 06:46:00-05:00,137.72,137.72,137.72,137.72,0,0.0,0.0
2024-11-29 06:47:00-05:00,137.66,137.66,137.66,137.66,0,0.0,0.0
2024-11-29 06:48:00-05:00,137.7,137.7,137.7,137.7,0,0.0,0.0
2024-11-29 06:50:00-05:00,137.7,137.7,137.7,137.7,0,0.0,0.0
2024-11-29 06:53:00-05:00,137.7,137.7,137.7,137.7,0,0.0,0.0
2024-11-29 06:54:00-05:00,137.64,137.64,137.64,137.64,0,0.0,0.0
2024-11-29 06:55:00-05:00,137.62,137.62,137.62,137.62,0,0.0,0.0
2024-11-29 06:56:00-05:00,137.68,137.68,137.67,137.67,0,0.0,0.0
2024-11-29 06:57:00-05:00,137.7,137.7,137.7,137.7,0,0.0,0.0
2024-11-29 06:58:00-05:00,137.7,137.71,137.7,137.71,0,0.0,0.0
2024-11-29 07:00:00-05:00,137.66,137.73,137.55,137.58,0,0.0,0.0
2024-11-29 07:01:00-05:00,137.61,137.64,137.61,137.64,0,0.0,0.0
2024-11-29 07:03:00-05:00,137.51,137.51,137.51,137.51,0,0.0,0.0
2024-11-29 07:04:00-05:00,137.54,137.54,137.5,137.5,0,0.0,0.0
2024-11-29 07:05:00-05:00,137.51,137.51,137.51,137.51,0,0.0,0.0
2024-11-29 07:07:00-05:00,137.46,137.51,137.45,137.45,0,0.0,0.0
2024-11-29 07:08:00-05:00,137.45,137.45,137.41,137.41,0,0.0,0.0
2024-11-29 07:10:00-05:00,137.46,137.46,137.42,137.45,0,0.0,0.0
2024-11-29 07:11:00-05:00,137.45,137.45,137.45,137.45,0,0.0,0.0
2024-11-29 07:12:00-05:00,137.41,137.46,137.4,137.46,0,0.0,0.0
2024-11-29 07:13:00-05:00,137.45,137.46,137.43,137.43,0,0.0,0.0
2024-11-29 07:14:00-05:00,137.44,137.44,137.44,137.44,0,0.0,0.0
2024-11-29 07:15:00-05:00,137.53,137.54,137.53,137.54,0,0.0,0.0
2024-11-29 07:17:00-05:00,137.59,137.59,137.59,137.59,0,0.0,0.0
2024-11-29 07:18:00-05:00,137.54,137.54,137.5,137.5,0,0.0,0.0
2024-11-29 07:19:00-05:00,137.52,137.52,137.45,137.51,0,0.0,0.0
2024-11-29 07:22:00-05:00,137.5,137.5,137.5,137.5,0,0.0,0.0
2024-11-29 07:23:00-05:00,137.59,137.6,137.59,137.6,0,0.0,0.0
2024-11-29 07:24:00-05:00,137.62,137.63,137.62,137.63,0,0.0,0.0
2024-11-29 07:25:00-05:00,137.65,137.65,137.64,137.64,0,0.0,0.0
2024-11-29 07:26:00-05:00,137.69,137.69,137.69,137.69,0,0.0,0.0
2024-11-29 07:27:00-05:00,137.68,137.68,137.65,137.65,0,0.0,0.0
2024-11-29 07:28:00-05:00,137.67,137.69,137.67,137.69,0,0.0,0.0
2024-11-29 07:29:00-05:00,137.69,137.69,137.63,137.63,0,0.0,0.0
2024-11-29 07:30:00-05:00,137.63,137.64,137.63,137.64,0,0.0,0.0
2024-11-29 07:31:00-05:00,137.6,137.64,137.6,137.63,0,0.0,0.0
2024-11-29 07:32:00-05:00,137.64,137.64,137.64,137.64,0,0.0,0.0
2024-11-29 07:34:00-05:00,137.63,137.63,137.63,137.63,0,0.0,0.0
2024-11-29 07:35:00-05:00,137.62,137.62,137.62,137.62,0,0.0,0.0
2024-11-29 07:36:00-05:00,137.62,137.62,137.62,137.62,0,0.0,0.0
2024-11-29 07:37:00-05:00,137.6,137.6,137.57,137.58,0,0.0,0.0
2024-11-29 07:38:00-05:00,137.58,137.6,137.53,137.53,0,0.0,0.0
2024-11-29 07:39:00-05:00,137.59,137.59,137.57,137.57,0,0.0,0.0
2024-11-29 07:40:00-05:00,137.53,137.53,137.44,137.44,0,0.0,0.0
2024-11-29 07:42:00-05:00,137.41,137.42,137.41,137.42,0,0.0,0.0
2024-11-29 07:43:00-05:00,137.36,137.36,137.35,137.36,0,0.0,0.0
2024-11-29 07:44:00-05:00,137.35,137.38,137.35,137.35,0,0.0,0.0
2024-11-29 07:45:00-05:00,137.35,137.37,137.35,137.37,0,0.0,0.0
2024-11-29 07:46:00-05:00,137.39,137.39,137.35,137.37,0,0.0,0.0
2024-11-29 07:47:00-05:00,137.4,137.4,137.4,137.4,0,0.0,0.0
2024-11-29 07:48:00-05:00,137.36,137.4,137.36,137.4,0,0.0,0.0
2024-11-29 07:49:00-05:00,137.39,137.39,137.38,137.38,0,0.0,0.0
2024-11-29 07:50:00-05:00,137.35,137.35,137.35,137.35,0,0.0,0.0
2024-11-29 07:51:00-05:00,137.35,137.35,137.35,137.35,0,0.0,0.0
2024-11-29 07:52:00-05:00,137.46,137.46,137.45,137.45,0,0.0,0.0
2024-11-29 07:53:00-05:00,137.49,137.5,137.46,137.46,0,0.0,0.0
2024-11-29 07:56:00-05:00,137.49,137.55,137.48,137.55,0,0.0,0.0
2024-11-29 07:58:00-05:00,137.53,137.53,137.47,137.5,0,0.0,0.0
2024-11-29 07:59:00-05:00,137.46,137.48,137.46,137.48,0,0.0,0.0
2024-11-29 08:00:00-05:00,137.5342,137.8,137.1107,137.39,0,0.0,0.0
2024-11-29 08:01:00-05:00,137.4,138.02,137.34,137.405,0,0.0,0.0
2024-11-29 08:02:00-05:00,137.4,137.47,137.36,137.47,0,0.0,0.0
2024-11-29 08:03:00-05:00,137.4,137.47,137.33,137.3345,0,0.0,0.0
2024-11-29 08:04:00-05:00,137.42,137.488,137.395,137.395,0,0.0,0.0
2024-11-29 08:05:00-05:00,136.24,137.5,136.24,137.44,0,0.0,0.0
2024-11-29 08:06:00-05:00,137.45,137.5,137.4,137.4,0,0.0,0.0
2024-11-29 08:07:00-05:00,137.49,137.55,137.45,137.5,0,0.0,0.0
2024-11-29 08:08:00-05:00,137.58,137.58,137.5,137.55,0,0.0,0.0
2024-11-29 08:09:00-05:00,137.5597,137.58,137.52,137.572,0,0.0,0.0
2024-11-29 08:10:00-05:00,137.54,137.6299,137.54,137.6299,0,0.0,0.0
2024-11-29 08:11:00-05:00,137.52,137.63,137.52,137.63,0,0.0,0.0
2024-11-29 08:12:00-05:00,137.63,137.63,137.52,137.63,0,0.0,0.0
2024-11-29 08:13:00-05:00,137.63,137.63,137.56,137.6,0,0.0,0.0
2024-11-29 08:14:00-05:00,137.6,137.622,135.9,137.622,0,0.0,0.0
2024-11-29 08:15:00-05:00,137.63,137.63,137.52,137.56,0,0.0,0.0
2024-11-29 08:16:00-05:00,137.565,137.6,137.4392,137.6,0,0.0,0.0
2024-11-29 08:17:00-05:00,137.4301,137.6,137.4001,137.51,0,0.0,0.0
2024-11-29 08:18:00-05:00,137.43,137.51,137.4,137.45,0,0.0,0.0
2024-11-29 08:19:00-05:00,137.45,137.45,137.3935,137.4,0,0.0,0.0
2024-11-29 08:20:00-05:00,137.38,137.45,137.38,137.45,0,0.0,0.0
2024-11-29 08:21:00-05:00,137.45,137.45,137.38,137.3802,0,0.0,0.0
2024-11-29 08:22:00-05:00,137.4,137.445,137.38,137.445,0,0.0,0.0
2024-11-29 08:23:00-05:00,137.44,137.5,137.4103,137.5,0,0.0,0.0
2024-11-29 08:24:00-05:00,137.45,137.5,137.38,137.44,0,0.0,0.0
2024-11-29 08:25:00-05:00,137.38,137.4988,137.38,137.44,0,0.0,0.0
2024-11-29 08:26:00-05:00,137.415,137.415,137.34,137.34,0,0.0,0.0
2024-11-29 08:27:00-05:00,137.42,137.447,137.34,137.41,0,0.0,0.0
2024-11-29 08:28:00-05:00,137.3733,137.45,137.34,137.41,0,0.0,0.0
2024-11-29 08:29:00-05:00,137.4499,137.63,137.39,137.63,0,0.0,0.0
2024-11-29 08:30:00-05:00,137.45,137.54,137.4,137.54,0,0.0,0.0
2024-11-29 08:31:00-05:00,137.42,137.54,137.34,137.34,0,0.0,0.0
2024-11-29 08:32:00-05:00,137.4,137.48,137.27,137.479,0,0.0,0.0
2024-11-29 08:33:00-05:00,137.465,137.49,137.29,137.36,0,0.0,0.0
2024-11-29 08:34:00-05:00,137.44,137.49,137.28,137.49,0,0.0,0.0
2024-11-29 08:35:00-05:00,137.28,137.49,137.28,137.39,0,0.0,0.0
2024-11-29 08:36:00-05:00,137.43,137.43,137.25,137.3,0,0.0,0.0
2024-11-29 08:37:00-05:00,137.25,137.48,137.25,137.33,0,0.0,0.0
2024-11-29 08:38:00-05:00,137.3,137.47,137.3,137.36,0,0.0,0.0
2024-11-29 08:39:00-05:00,137.47,137.49,137.36,137.4001,0,0.0,0.0
2024-11-29 08:40:00-05:00,137.4,137.49,137.4,137.42,0,0.0,0.0
2024-11-29 08:41:00-05:00,137.44,137.49,137.4,137.44,0,0.0,0.0
2024-11-29 08:42:00-05:00,137.44,137.44,137.27,137.27,0,0.0,0.0
2024-11-29 08:43:00-05:00,137.3,137.355,137.2,137.2,0,0.0,0.0
2024-11-29 08:44:00-05:00,137.15,137.2381,137.0,137.085,0,0.0,0.0
2024-11-29 08:45:00-05:00,137.085,137.17,137.0047,137.045,0,0.0,0.0
2024-11-29 08:46:00-05:00,137.14,137.21,137.1,137.11,0,0.0,0.0
2024-11-29 08:47:00-05:00,137.18,137.21,137.01,137.15,0,0.0,0.0
2024-11-29 08:48:00-05:00,137.2,137.2,137.03,137.13,0,0.0,0.0
2024-11-29 08:49:00-05:00,137.1305,137.2,137.0753,137.16,0,0.0,0.0
2024-11-29 08:50:00-05:00,137.15,137.2,137.07,137.2,0,0.0,0.0
2024-11-29 08:51:00-05:00,137.33,137.34,137.23,137.34,0,0.0,0.0
2024-11-29 08:52:00-05:00,137.3399,137.34,137.148,137.33,0,0.0,0.0
2024-11-29 08:53:00-05:00,137.34,137.34,137.23,137.32,0,0.0,0.0
2024-11-29 08:54:00-05:00,137.24,137.32,137.12,137.23,0,0.0,0.0
2024-11-29 08:55:00-05:00,137.2127,137.25,137.1,137.25,0,0.0,0.0
2024-11-29 08:56:00-05:00,137.3,137.32,137.11,137.25,0,0.0,0.0
2024-11-29 08:57:00-05:00,137.235,137.32,137.15,137.32,0,0.0,0.0
2024-11-29 08:58:00-05:00,137.235,137.32,137.15,137.25,0,0.0,0.0
2024-11-29 08:59:00-05:00,137.32,137.42,137.19,137.26,0,0.0,0.0
2024-11-29 09:00:00-05:00,137.32,137.42,137.26,137.26,0,0.0,0.0
2024-11-29 09:01:00-05:00,137.32,137.39,137.26,137.3001,0,0.0,0.0
2024-11-29 09:02:00-05:00,137.35,137.39,137.3,137.39,0,0.0,0.0
2024-11-29 09:03:00-05:00,137.39,137.39,137.35,137.36,0,0.0,0.0
2024-11-29 09:04:00-05:00,137.39,137.39,137.3,137.39,0,0.0,0.0
2024-11-29 09:05:00-05:00,137.39,137.49,137.3,137.42,0,0.0,0.0
2024-11-29 09:06:00-05:00,137.49,137.49,137.32,137.39,0,0.0,0.0
2024-11-29 09:07:00-05:00,137.39,137.39,137.305,137.305,0,0.0,0.0
2024-11-29 09:08:00-05:00,137.3,137.39,137.3,137.39,0,0.0,0.0
2024-11-29 09:09:00-05:00,137.39,137.39,137.2974,137.2974,0,0.0,0.0
2024-11-29 09:10:00-05:00,137.39,137.47,137.26,137.375,0,0.0,0.0
2024-11-29 09:11:00-05:00,137.37,137.47,137.27,137.4,0,0.0,0.0
2024-11-29 09:12:00-05:00,137.34,137.37,137.29,137.3643,0,0.0,0.0
2024-11-29 09:13:00-05:00,137.41,137.41,137.35,137.4,0,0.0,0.0
2024-11-29 09:14:00-05:00,137.43,137.47,137.27,137.27,0,0.0,0.0
2024-11-29 09:15:00-05:00,137.2801,137.44,137.2801,137.34,0,0.0,0.0
2024-11-29 09:16:00-05:00,137.4,137.41,137.34,137.37,0,0.0,0.0
2024-11-29 09:17:00-05:00,137.44,137.47,137.41,137.45,0,0.0,0.0
2024-11-29 09:18:00-05:00,137.42,137.45,137.41,137.425,0,0.0,0.0
2024-11-29 09:19:00-05:00,137.424,137.4699,137.42,137.4205,0,0.0,0.0
2024-11-29 09:20:00-05:00,137.47,137.47,137.42,137.43,0,0.0,0.0
2024-11-29 09:21:00-05:00,137.42,137.44,137.4,137.4,0,0.0,0.0
2024-11-29 09:22:00-05:00,137.3999,137.4,137.35,137.35,0,0.0,0.0
2024-11-29 09:23:00-05:00,137.34,137.34,134.885,137.33,0,0.0,0.0
2024-11-29 09:24:00-05:00,137.32,137.42,137.27,137.33,0,0.0,0.0
2024-11-29 09:25:00-05:00,137.29,137.29,137.0,137.19,0,0.0,0.0
2024-11-29 09:26:00-05:00,137.19,137.24,136.95,137.16,0,0.0,0.0
2024-11-29 09:27:00-05:00,136.99,137.19,136.36,136.5714,0,0.0,0.0
2024-11-29 09:28:00-05:00,136.37,136.47,136.25,136.29,0,0.0,0.0
2024-11-29 09:29:00-05:00,136.31,136.37,136.24,136.24,0,0.0,0.0
2024-11-29 09:30:00-05:00,136.30999755859375,136.39999389648438,135.77999877929688,135.7899932861328,909472,0.0,0.0
2024-11-29 09:31:00-05:00,135.79010009765625,136.7698974609375,135.79010009765625,136.60049438476562,158960,0.0,0.0
2024-11-29 09:32:00-05:00,136.63999938964844,136.66470336914062,135.9615020751953,136.3249969482422,109922,0.0,0.0
2024-11-29 09:33:00-05:00,136.32110595703125,136.77000427246094,136.25999450683594,136.73500061035156,94120,0.0,0.0
2024-11-29 09:34:00-05:00,136.72000122070312,136.74989318847656,136.44000244140625,136.6699981689453,101975,0.0,0.0
2024-11-29 09:35:00-05:00,136.61000061035156,136.86000061035156,136.42999267578125,136.83990478515625,91003,0.0,0.0
2024-11-29 09:36:00-05:00,136.8383026123047,137.0500030517578,136.6199951171875,137.00979614257812,139862,0.0,0.0
2024-11-29 09:37:00-05:00,136.97999572753906,137.13999938964844,136.80999755859375,137.08999633789062,142250,0.0,0.0
2024-11-29 09:38:00-05:00,137.05999755859375,137.2050018310547,136.72999572753906,136.82989501953125,99893,0.0,0.0
2024-11-29 09:39:00-05:00,136.7801055908203,136.9875030517578,136.6887969970703,136.8800048828125,103433,0.0,0.0
2024-11-29 09:40:00-05:00,136.90499877929688,136.97999572753906,136.68499755859375,136.75,72470,0.0,0.0
2024-11-29 09:41:00-05:00,136.72999572753906,137.02000427246094,136.72999572753906,136.9199981689453,103269,0.0,0.0
2024-11-29 09:42:00-05:00,136.9001007080078,136.96499633789062,136.75320434570312,136.85499572753906,49079,0.0,0.0
2024-11-29 09:43:00-05:00,136.83580017089844,136.99000549316406,136.6999969482422,136.94500732421875,58096,0.0,0.0
2024-11-29 09:44:00-05:00,136.9600067138672,137.0959930419922,136.86000061035156,137.05999755859375,68747,0.0,0.0
2024-11-29 09:45:00-05:00,137.0399932861328,137.10000610351562,136.80999755859375,137.0399932861328,161480,0.0,0.0
2024-11-29 09:46:00-05:00,137.0399932861328,137.35000610351562,137.0200958251953,137.2899932861328,117705,0.0,0.0
2024-11-29 09:47:00-05:00,137.2899932861328,137.4398956298828,137.17999267578125,137.3000030517578,113448,0.0,0.0
2024-11-29 09:48:00-05:00,137.3300018310547,137.5,137.1199951171875,137.15499877929688,98500,0.0,0.0
2024-11-29 09:49:00-05:00,137.16000366210938,137.1699981689453,136.93260192871094,136.9783935546875,90924,0.0,0.0
2024-11-29 09:50:00-05:00,136.97999572753906,137.14990234375,136.9300994873047,137.02000427246094,100727,0.0,0.0
2024-11-29 09:51:00-05:00,137.02999877929688,137.29910278320312,137.02000427246094,137.2191925048828,76389,0.0,0.0
2024-11-29 09:52:00-05:00,137.20010375976562,137.63999938964844,137.1300048828125,137.63999938964844,100090,0.0,0.0
2024-11-29 09:53:00-05:00,137.6300048828125,137.75,137.3300018310547,137.5500030517578,127724,0.0,0.0
2024-11-29 09:54:00-05:00,137.5496063232422,137.8000030517578,137.52000427246094,137.8000030517578,132791,0.0,0.0
2024-11-29 09:55:00-05:00,137.77999877929688,137.92999267578125,137.75,137.80499267578125,88772,0.0,0.0
2024-11-29 09:56:00-05:00,137.82040405273438,138.0500030517578,137.789306640625,137.9600067138672,180538,0.0,0.0
2024-11-29 09:57:00-05:00,137.947998046875,138.11000061035156,137.92999267578125,138.0399932861328,91284,0.0,0.0
2024-11-29 09:58:00-05:00,138.0,138.1999969482422,137.9600067138672,138.1781005859375,94487,0.0,0.0
2024-11-29 09:59:00-05:00,138.19000244140625,138.35000610351562,138.19000244140625,138.30999755859375,146549,0.0,0.0
2024-11-29 10:00:00-05:00,138.31500244140625,138.3697052001953,138.10000610351562,138.25,131656,0.0,0.0
2024-11-29 10:01:00-05:00,138.2487030029297,138.30999755859375,138.05999755859375,138.0814971923828,141441,0.0,0.0
2024-11-29 10:02:00-05:00,138.10000610351562,138.14999389648438,137.88999938964844,138.0800018310547,112292,0.0,0.0
2024-11-29 10:03:00-05:00,138.09500122070312,138.2899932861328,138.0625,138.13600158691406,85325,0.0,0.0
2024-11-29 10:04:00-05:00,138.11000061035156,138.24989318847656,138.07020568847656,138.2165985107422,62451,0.0,0.0
2024-11-29 10:05:00-05:00,138.1938934326172,138.35000610351562,138.16000366210938,138.26499938964844,86531,0.0,0.0
2024-11-29 10:06:00-05:00,138.25999450683594,138.41000366210938,138.22999572753906,138.3300018310547,83011,0.0,0.0
2024-11-29 10:07:00-05:00,138.33999633789062,138.33999633789062,138.1699981689453,138.2899932861328,82161,0.0,0.0
2024-11-29 10:08:00-05:00,138.27999877929688,138.44000244140625,138.27999877929688,138.41000366210938,88467,0.0,0.0
2024-11-29 10:09:00-05:00,138.4154052734375,138.45640563964844,138.22999572753906,138.36000061035156,100555,0.0,0.0
2024-11-29 10:10:00-05:00,138.36000061035156,138.3699951171875,138.16000366210938,138.1699981689453,109472,0.0,0.0
2024-11-29 10:11:00-05:00,138.16000366210938,138.4600067138672,138.13999938964844,138.3300018310547,109433,0.0,0.0
2024-11-29 10:12:00-05:00,138.33999633789062,138.52499389648438,138.3300018310547,138.44000244140625,107631,0.0,0.0
2024-11-29 10:13:00-05:00,138.44009399414062,138.52000427246094,138.32000732421875,138.3800048828125,82803,0.0,0.0
2024-11-29 10:14:00-05:00,138.3699951171875,138.5876007080078,138.3699951171875,138.47999572753906,100872,0.0,0.0
2024-11-29 10:15:00-05:00,138.49000549316406,138.52000427246094,138.25999450683594,138.27000427246094,76894,0.0,0.0
2024-11-29 10:16:00-05:00,138.28990173339844,138.32989501953125,138.11000061035156,138.11000061035156,59490,0.0,0.0
2024-11-29 10:17:00-05:00,138.1002960205078,138.28590393066406,138.0811004638672,138.1999969482422,83552,0.0,0.0
2024-11-29 10:18:00-05:00,138.1999969482422,138.3125,138.19009399414062,138.21470642089844,50716,0.0,0.0
2024-11-29 10:19:00-05:00,138.23500061035156,138.52999877929688,138.22999572753906,138.3800048828125,81095,0.0,0.0
2024-11-29 10:20:00-05:00,138.39999389648438,138.42100524902344,138.1199951171875,138.15989685058594,103570,0.0,0.0
2024-11-29 10:21:00-05:00,138.17999267578125,138.3300018310547,138.1750030517578,138.27999877929688,41705,0.0,0.0
2024-11-29 10:22:00-05:00,138.27499389648438,138.38999938964844,138.07000732421875,138.07009887695312,59653,0.0,0.0
2024-11-29 10:23:00-05:00,138.07000732421875,138.1999969482422,138.02999877929688,138.1280975341797,46190,0.0,0.0
2024-11-29 10:24:00-05:00,138.0800018310547,138.12469482421875,137.81199645996094,137.88999938964844,135363,0.0,0.0
2024-11-29 10:25:00-05:00,137.9250030517578,137.99989318847656,137.88009643554688,137.88009643554688,34016,0.0,0.0
2024-11-29 10:26:00-05:00,137.89500427246094,137.91000366210938,137.6501007080078,137.6999969482422,91943,0.0,0.0
2024-11-29 10:27:00-05:00,137.69009399414062,137.88999938964844,137.69000244140625,137.77499389648438,46844,0.0,0.0
2024-11-29 10:28:00-05:00,137.77499389648438,137.88999938964844,137.77499389648438,137.8300018310547,48591,0.0,0.0
2024-11-29 10:29:00-05:00,137.82000732421875,137.89979553222656,137.75,137.76499938964844,42839,0.0,0.0
2024-11-29 10:30:00-05:00,137.7996063232422,137.83999633789062,137.64999389648438,137.7899932861328,69844,0.0,0.0
2024-11-29 10:31:00-05:00,137.79989624023438,137.89999389648438,137.79989624023438,137.82000732421875,38491,0.0,0.0
2024-11-29 10:32:00-05:00,137.8249969482422,138.12969970703125,137.8249969482422,138.10499572753906,96197,0.0,0.0
2024-11-29 10:33:00-05:00,138.1199951171875,138.22999572753906,138.0800018310547,138.14999389648438,71363,0.0,0.0
2024-11-29 10:34:00-05:00,138.16000366210938,138.2899932861328,138.15029907226562,138.2899932861328,47179,0.0,0.0
2024-11-29 10:35:00-05:00,138.2899932861328,138.2899932861328,138.00999450683594,138.00999450683594,48159,0.0,0.0
2024-11-29 10:36:00-05:00,138.0222930908203,138.0446014404297,137.89999389648438,138.00999450683594,52563,0.0,0.0
2024-11-29 10:37:00-05:00,138.02000427246094,138.03500366210938,137.83070373535156,137.87989807128906,36946,0.0,0.0
2024-11-29 10:38:00-05:00,137.8699951171875,138.00999450683594,137.86000061035156,137.97000122070312,47494,0.0,0.0
2024-11-29 10:39:00-05:00,137.97999572753906,137.97999572753906,137.75709533691406,137.75999450683594,46474,0.0,0.0
2024-11-29 10:40:00-05:00,137.7799072265625,137.83909606933594,137.7100067138672,137.77000427246094,34108,0.0,0.0
2024-11-29 10:41:00-05:00,137.77000427246094,138.05999755859375,137.77000427246094,138.05999755859375,74225,0.0,0.0
2024-11-29 10:42:00-05:00,138.05999755859375,138.12249755859375,137.85009765625,138.07009887695312,63924,0.0,0.0
2024-11-29 10:43:00-05:00,138.0850067138672,138.1300048828125,138.00999450683594,138.02000427246094,29197,0.0,0.0
2024-11-29 10:44:00-05:00,138.00999450683594,138.10000610351562,138.00999450683594,138.08999633789062,37262,0.0,0.0
2024-11-29 10:45:00-05:00,138.0749969482422,138.0749969482422,137.97999572753906,138.0,62740,0.0,0.0
2024-11-29 10:46:00-05:00,138.0050048828125,138.02810668945312,137.8300018310547,137.83999633789062,44006,0.0,0.0
2024-11-29 10:47:00-05:00,137.85000610351562,137.9199981689453,137.72000122070312,137.75999450683594,54067,0.0,0.0
2024-11-29 10:48:00-05:00,137.77999877929688,137.89199829101562,137.77999877929688,137.83999633789062,28943,0.0,0.0
2024-11-29 10:49:00-05:00,137.83999633789062,137.8419952392578,137.70989990234375,137.7100067138672,35592,0.0,0.0
2024-11-29 10:50:00-05:00,137.71499633789062,137.82000732421875,137.60000610351562,137.67999267578125,45143,0.0,0.0
2024-11-29 10:51:00-05:00,137.6898956298828,137.9582061767578,137.68060302734375,137.94000244140625,47314,0.0,0.0
2024-11-29 10:52:00-05:00,137.94500732421875,138.0,137.85000610351562,137.8800048828125,22749,0.0,0.0
2024-11-29 10:53:00-05:00,137.8699951171875,138.07000732421875,137.8699951171875,138.07000732421875,44234,0.0,0.0
2024-11-29 10:54:00-05:00,138.05999755859375,138.0800018310547,137.9199981689453,137.93499755859375,25870,0.0,0.0
2024-11-29 10:55:00-05:00,137.91000366210938,137.92990112304688,137.85000610351562,137.88670349121094,23102,0.0,0.0
2024-11-29 10:56:00-05:00,137.84500122070312,137.947998046875,137.84500122070312,137.94000244140625,15559,0.0,0.0
2024-11-29 10:57:00-05:00,137.9499969482422,137.96499633789062,137.82000732421875,137.92129516601562,23077,0.0,0.0
2024-11-29 10:58:00-05:00,137.90130615234375,137.91000366210938,137.82000732421875,137.83999633789062,58353,0.0,0.0
2024-11-29 10:59:00-05:00,137.85000610351562,137.89999389648438,137.75,137.8000030517578,41353,0.0,0.0
2024-11-29 11:00:00-05:00,137.8000030517578,137.83999633789062,137.76010131835938,137.7899932861328,29144,0.0,0.0
2024-11-29 11:01:00-05:00,137.77999877929688,137.99000549316406,137.77999877929688,137.86000061035156,65647,0.0,0.0
2024-11-29 11:02:00-05:00,137.8719940185547,137.97659301757812,137.85000610351562,137.9199981689453,33324,0.0,0.0
2024-11-29 11:03:00-05:00,137.92999267578125,138.0,137.89999389648438,137.89999389648438,32952,0.0,0.0
2024-11-29 11:04:00-05:00,137.92149353027344,137.92149353027344,137.77999877929688,137.85989379882812,43433,0.0,0.0
2024-11-29 11:05:00-05:00,137.8300018310547,138.1699981689453,137.77999877929688,138.1699981689453,85632,0.0,0.0
2024-11-29 11:06:00-05:00,138.13999938964844,138.16000366210938,137.89999389648438,137.89999389648438,44327,0.0,0.0
2024-11-29 11:07:00-05:00,137.91220092773438,137.94000244140625,137.8000030517578,137.9199981689453,56372,0.0,0.0
2024-11-29 11:08:00-05:00,137.92999267578125,138.0399932861328,137.88999938964844,137.97999572753906,33802,0.0,0.0
2024-11-29 11:09:00-05:00,137.99769592285156,138.02000427246094,137.91000366210938,137.9409942626953,28029,0.0,0.0
2024-11-29 11:10:00-05:00,137.9499969482422,138.0399932861328,137.77999877929688,138.01809692382812,54091,0.0,0.0
2024-11-29 11:11:00-05:00,138.0399932861328,138.17999267578125,138.03500366210938,138.13999938964844,81392,0.0,0.0
2024-11-29 11:12:00-05:00,138.14010620117188,138.19000244140625,138.13999938964844,138.17840576171875,50473,0.0,0.0
2024-11-29 11:13:00-05:00,138.1649932861328,138.2050018310547,138.0164031982422,138.1649932861328,53994,0.0,0.0
2024-11-29 11:14:00-05:00,138.1569061279297,138.1999053955078,138.0500946044922,138.13519287109375,25838,0.0,0.0
2024-11-29 11:15:00-05:00,138.1300048828125,138.14779663085938,138.07000732421875,138.11000061035156,25941,0.0,0.0
2024-11-29 11:16:00-05:00,138.0850067138672,138.08990478515625,137.97999572753906,138.03399658203125,28305,0.0,0.0
2024-11-29 11:17:00-05:00,138.05499267578125,138.05999755859375,137.83999633789062,137.85499572753906,51666,0.0,0.0
2024-11-29 11:18:00-05:00,137.875,137.91990661621094,137.8000030517578,137.83999633789062,39320,0.0,0.0
2024-11-29 11:19:00-05:00,137.85000610351562,137.90499877929688,137.8000030517578,137.8699951171875,37260,0.0,0.0
2024-11-29 11:20:00-05:00,137.8800048828125,137.97999572753906,137.8800048828125,137.89999389648438,24456,0.0,0.0
2024-11-29 11:21:00-05:00,137.88999938964844,137.91000366210938,137.8350067138672,137.86500549316406,24890,0.0,0.0
2024-11-29 11:22:00-05:00,137.88999938964844,137.95989990234375,137.86000061035156,137.9152069091797,18099,0.0,0.0
2024-11-29 11:23:00-05:00,137.89500427246094,137.94540405273438,137.8800048828125,137.92149353027344,24308,0.0,0.0
2024-11-29 11:24:00-05:00,137.94000244140625,137.99000549316406,137.85499572753906,137.86500549316406,37204,0.0,0.0
2024-11-29 11:25:00-05:00,137.8699951171875,138.08999633789062,137.82000732421875,138.08999633789062,82011,0.0,0.0
2024-11-29 11:26:00-05:00,138.0500030517578,138.0800018310547,137.77000427246094,137.8000030517578,61718,0.0,0.0
2024-11-29 11:27:00-05:00,137.8000030517578,137.8800048828125,137.75,137.82000732421875,58028,0.0,0.0
2024-11-29 11:28:00-05:00,137.8300018310547,137.91990661621094,137.8300018310547,137.91619873046875,23318,0.0,0.0
2024-11-29 11:29:00-05:00,137.9199981689453,137.9600067138672,137.86000061035156,137.8699951171875,47558,0.0,0.0
2024-11-29 11:30:00-05:00,137.86500549316406,137.914794921875,137.77020263671875,137.77499389648438,43924,0.0,0.0
2024-11-29 11:31:00-05:00,137.77999877929688,137.86000061035156,137.73500061035156,137.7899932861328,48597,0.0,0.0
2024-11-29 11:32:00-05:00,137.8000030517578,137.9600067138672,137.7899932861328,137.85499572753906,35017,0.0,0.0
2024-11-29 11:33:00-05:00,137.83999633789062,137.83999633789062,137.6999969482422,137.6999969482422,37993,0.0,0.0
2024-11-29 11:34:00-05:00,137.71499633789062,137.75,137.57000732421875,137.58999633789062,58355,0.0,0.0
2024-11-29 11:35:00-05:00,137.57000732421875,137.64999389648438,137.44000244140625,137.4499969482422,74835,0.0,0.0
2024-11-29 11:36:00-05:00,137.47000122070312,137.5,137.3000030517578,137.30140686035156,74128,0.0,0.0
2024-11-29 11:37:00-05:00,137.3300018310547,137.42599487304688,137.25,137.27999877929688,96763,0.0,0.0
2024-11-29 11:38:00-05:00,137.27000427246094,137.27999877929688,137.16000366210938,137.1999969482422,69854,0.0,0.0
2024-11-29 11:39:00-05:00,137.19500732421875,137.38999938964844,137.19500732421875,137.3699951171875,65180,0.0,0.0
2024-11-29 11:40:00-05:00,137.37879943847656,137.4499053955078,137.3699951171875,137.39999389648438,50773,0.0,0.0
2024-11-29 11:41:00-05:00,137.41000366210938,137.47000122070312,137.3800048828125,137.4199981689453,35474,0.0,0.0
2024-11-29 11:42:00-05:00,137.4481964111328,137.45970153808594,137.36000061035156,137.36000061035156,30633,0.0,0.0
2024-11-29 11:43:00-05:00,137.3699951171875,137.38499450683594,137.27999877929688,137.3000030517578,34302,0.0,0.0
2024-11-29 11:44:00-05:00,137.32000732421875,137.39669799804688,137.2801055908203,137.35499572753906,33625,0.0,0.0
2024-11-29 11:45:00-05:00,137.33999633789062,137.37939453125,137.27999877929688,137.29269409179688,25511,0.0,0.0
2024-11-29 11:46:00-05:00,137.31100463867188,137.32400512695312,137.25,137.32400512695312,63847,0.0,0.0
2024-11-29 11:47:00-05:00,137.32989501953125,137.34300231933594,137.25999450683594,137.29010009765625,108824,0.0,0.0
2024-11-29 11:48:00-05:00,137.30999755859375,137.3300018310547,137.24789428710938,137.3000030517578,43034,0.0,0.0
2024-11-29 11:49:00-05:00,137.3000030517578,137.52000427246094,137.3000030517578,137.52000427246094,77108,0.0,0.0
2024-11-29 11:50:00-05:00,137.49000549316406,137.54989624023438,137.4499969482422,137.52000427246094,46385,0.0,0.0
2024-11-29 11:51:00-05:00,137.52000427246094,137.55999755859375,137.4600067138672,137.46499633789062,31327,0.0,0.0
2024-11-29 11:52:00-05:00,137.47000122070312,137.4799041748047,137.30999755859375,137.37640380859375,35899,0.0,0.0
2024-11-29 11:53:00-05:00,137.3800048828125,137.4600067138672,137.30999755859375,137.35009765625,52992,0.0,0.0
2024-11-29 11:54:00-05:00,137.35000610351562,137.3643035888672,137.25999450683594,137.28289794921875,27228,0.0,0.0
2024-11-29 11:55:00-05:00,137.27000427246094,137.32000732421875,137.25,137.3000030517578,31025,0.0,0.0
2024-11-29 11:56:00-05:00,137.2895965576172,137.33999633789062,137.27999877929688,137.30990600585938,22437,0.0,0.0
2024-11-29 11:57:00-05:00,137.30999755859375,137.35000610351562,137.2530975341797,137.30999755859375,24968,0.0,0.0
2024-11-29 11:58:00-05:00,137.30999755859375,137.3300018310547,137.25,137.27000427246094,27830,0.0,0.0
2024-11-29 11:59:00-05:00,137.27999877929688,137.39999389648438,137.27999877929688,137.375,32708,0.0,0.0
2024-11-29 12:00:00-05:00,137.3800048828125,137.3800048828125,137.1999969482422,137.22999572753906,33824,0.0,0.0
2024-11-29 12:01:00-05:00,137.22999572753906,137.25999450683594,137.2100067138672,137.2449951171875,41046,0.0,0.0
2024-11-29 12:02:00-05:00,137.24000549316406,137.2899932861328,137.2100067138672,137.25999450683594,24236,0.0,0.0
2024-11-29 12:03:00-05:00,137.27499389648438,137.41990661621094,137.27499389648438,137.27499389648438,34895,0.0,0.0
2024-11-29 12:04:00-05:00,137.27999877929688,137.38999938964844,137.25999450683594,137.3258056640625,18845,0.0,0.0
2024-11-29 12:05:00-05:00,137.32989501953125,137.35000610351562,137.27499389648438,137.3000030517578,21912,0.0,0.0
2024-11-29 12:06:00-05:00,137.2899932861328,137.2899932861328,137.2100067138672,137.22000122070312,20545,0.0,0.0
2024-11-29 12:07:00-05:00,137.22999572753906,137.23500061035156,137.1999969482422,137.2198944091797,26998,0.0,0.0
2024-11-29 12:08:00-05:00,137.21099853515625,137.24000549316406,137.15199279785156,137.22999572753906,42041,0.0,0.0
2024-11-29 12:09:00-05:00,137.23500061035156,137.27999877929688,137.1999969482422,137.2100067138672,24195,0.0,0.0
2024-11-29 12:10:00-05:00,137.2198028564453,137.22999572753906,137.16949462890625,137.2198944091797,24407,0.0,0.0
2024-11-29 12:11:00-05:00,137.2091064453125,137.37989807128906,137.19000244140625,137.3300018310547,38047,0.0,0.0
2024-11-29 12:12:00-05:00,137.32009887695312,137.50999450683594,137.32009887695312,137.49000549316406,44005,0.0,0.0
2024-11-29 12:13:00-05:00,137.5,137.5800018310547,137.49330139160156,137.5467987060547,44936,0.0,0.0
2024-11-29 12:14:00-05:00,137.54989624023438,137.65989685058594,137.52000427246094,137.63999938964844,44554,0.0,0.0
2024-11-29 12:15:00-05:00,137.6300048828125,138.07000732421875,137.6300048828125,137.98019409179688,121552,0.0,0.0
2024-11-29 12:16:00-05:00,137.99989318847656,138.0,137.9199981689453,137.96800231933594,48658,0.0,0.0
2024-11-29 12:17:00-05:00,137.9600067138672,137.97239685058594,137.8699951171875,137.87159729003906,27707,0.0,0.0
2024-11-29 12:18:00-05:00,137.8699951171875,137.94000244140625,137.77000427246094,137.9199981689453,58958,0.0,0.0
2024-11-29 12:19:00-05:00,137.9199981689453,138.0800018310547,137.91000366210938,137.97500610351562,61656,0.0,0.0
2024-11-29 12:20:00-05:00,137.97999572753906,137.97999572753906,137.82000732421875,137.89500427246094,43248,0.0,0.0
2024-11-29 12:21:00-05:00,137.88999938964844,137.88999938964844,137.643798828125,137.8079071044922,57234,0.0,0.0
2024-11-29 12:22:00-05:00,137.7899932861328,137.82000732421875,137.74000549316406,137.75,24694,0.0,0.0
2024-11-29 12:23:00-05:00,137.73500061035156,137.74000549316406,137.66000366210938,137.69000244140625,25327,0.0,0.0
2024-11-29 12:24:00-05:00,137.69500732421875,137.73500061035156,137.61000061035156,137.63999938964844,34750,0.0,0.0
2024-11-29 12:25:00-05:00,137.65499877929688,137.83999633789062,137.65499877929688,137.83999633789062,45258,0.0,0.0
2024-11-29 12:26:00-05:00,137.8300018310547,137.83900451660156,137.6199951171875,137.6199951171875,38662,0.0,0.0
2024-11-29 12:27:00-05:00,137.6199951171875,137.66000366210938,137.5196075439453,137.5399932861328,36024,0.0,0.0
2024-11-29 12:28:00-05:00,137.52000427246094,137.5778045654297,137.47999572753906,137.47999572753906,30293,0.0,0.0
2024-11-29 12:29:00-05:00,137.47039794921875,137.55999755859375,137.42999267578125,137.42999267578125,51135,0.0,0.0
2024-11-29 12:30:00-05:00,137.43499755859375,137.50999450683594,137.39999389648438,137.4158935546875,39585,0.0,0.0
2024-11-29 12:31:00-05:00,137.42019653320312,137.47000122070312,137.41000366210938,137.4311065673828,34954,0.0,0.0
2024-11-29 12:32:00-05:00,137.4499969482422,137.49000549316406,137.44000244140625,137.47999572753906,25794,0.0,0.0
2024-11-29 12:33:00-05:00,137.49639892578125,137.5500030517578,137.4501953125,137.49000549316406,41580,0.0,0.0
2024-11-29 12:34:00-05:00,137.47999572753906,137.5699005126953,137.47000122070312,137.5500030517578,41922,0.0,0.0
2024-11-29 12:35:00-05:00,137.5500030517578,137.59500122070312,137.4499969482422,137.5500030517578,34725,0.0,0.0
2024-11-29 12:36:00-05:00,137.54769897460938,137.60000610351562,137.5,137.5800018310547,25289,0.0,0.0
2024-11-29 12:37:00-05:00,137.57000732421875,137.6300048828125,137.53610229492188,137.60670471191406,42552,0.0,0.0
2024-11-29 12:38:00-05:00,137.58999633789062,137.61000061035156,137.51010131835938,137.57000732421875,40014,0.0,0.0
2024-11-29 12:39:00-05:00,137.60989379882812,137.6300048828125,137.5800018310547,137.625,26706,0.0,0.0
2024-11-29 12:40:00-05:00,137.6300048828125,137.63999938964844,137.5800018310547,137.5800018310547,35706,0.0,0.0
2024-11-29 12:41:00-05:00,137.5800018310547,137.5800018310547,137.50790405273438,137.5399932861328,31900,0.0,0.0
2024-11-29 12:42:00-05:00,137.5500030517578,137.5500030517578,137.4600067138672,137.47999572753906,32235,0.0,0.0
2024-11-29 12:43:00-05:00,137.4801025390625,137.52000427246094,137.47000122070312,137.47999572753906,26710,0.0,0.0
2024-11-29 12:44:00-05:00,137.49000549316406,137.50990295410156,137.4199981689453,137.4499969482422,27533,0.0,0.0
2024-11-29 12:45:00-05:00,137.44000244140625,137.47900390625,137.42999267578125,137.4499969482422,29320,0.0,0.0
2024-11-29 12:46:00-05:00,137.42999267578125,137.44000244140625,137.35000610351562,137.4199981689453,71434,0.0,0.0
2024-11-29 12:47:00-05:00,137.44000244140625,137.47000122070312,137.34010314941406,137.36000061035156,40852,0.0,0.0
2024-11-29 12:48:00-05:00,137.3404998779297,137.40989685058594,137.32000732421875,137.35000610351562,26884,0.0,0.0
2024-11-29 12:49:00-05:00,137.33999633789062,137.3800048828125,137.32000732421875,137.34280395507812,31161,0.0,0.0
2024-11-29 12:50:00-05:00,137.35000610351562,137.5800018310547,137.3300018310547,137.57620239257812,94669,0.0,0.0
2024-11-29 12:51:00-05:00,137.5800018310547,137.60000610351562,137.39999389648438,137.52999877929688,64914,0.0,0.0
2024-11-29 12:52:00-05:00,137.52000427246094,137.5590057373047,137.47999572753906,137.4967041015625,47569,0.0,0.0
2024-11-29 12:53:00-05:00,137.50999450683594,137.50999450683594,137.30999755859375,137.34849548339844,55748,0.0,0.0
2024-11-29 12:54:00-05:00,137.3300018310547,137.3699951171875,137.07139587402344,137.11000061035156,82287,0.0,0.0
2024-11-29 12:55:00-05:00,137.1699981689453,137.41000366210938,137.10000610351562,137.22000122070312,100901,0.0,0.0
2024-11-29 12:56:00-05:00,137.2100067138672,137.2100067138672,137.1302032470703,137.19000244140625,70804,0.0,0.0
2024-11-29 12:57:00-05:00,137.18499755859375,137.1999969482422,137.11000061035156,137.16000366210938,87679,0.0,0.0
2024-11-29 12:58:00-05:00,137.1699981689453,137.22000122070312,137.14999389648438,137.1699981689453,110766,0.0,0.0
2024-11-29 12:59:00-05:00,137.18499755859375,137.2100067138672,137.0500030517578,137.1999969482422,231448,0.0,0.0
2024-11-29 13:00:00-05:00,137.1750030517578,137.1750030517578,137.1750030517578,137.1750030517578,2256875,0.0,0.0
2024-11-29 13:01:00-05:00,137.175,137.2,137.09,137.175,0,0.0,0.0
2024-11-29 13:02:00-05:00,137.1,137.175,137.065,137.14,0,0.0,0.0
2024-11-29 13:03:00-05:00,137.175,137.18,137.1,137.175,0,0.0,0.0
2024-11-29 13:04:00-05:00,137.1799,137.18,137.1,137.12,0,0.0,0.0
2024-11-29 13:05:00-05:00,137.1001,137.1001,137.01,137.06,0,0.0,0.0
2024-11-29 13:06:00-05:00,137.035,137.175,137.035,137.085,0,0.0,0.0
2024-11-29 13:07:00-05:00,137.085,137.12,137.06,137.1,0,0.0,0.0
2024-11-29 13:08:00-05:00,137.1,137.175,137.0804,137.09,0,0.0,0.0
2024-11-29 13:09:00-05:00,137.09,137.12,137.09,137.12,0,0.0,0.0
2024-11-29 13:10:00-05:00,137.11,137.175,137.1,137.11,0,0.0,0.0
2024-11-29 13:11:00-05:00,137.1,137.12,137.1,137.12,0,0.0,0.0
2024-11-29 13:12:00-05:00,137.12,137.14,137.1,137.13,0,0.0,0.0
2024-11-29 13:13:00-05:00,137.115,137.13,137.0999,137.0999,0,0.0,0.0
2024-11-29 13:14:00-05:00,137.075,137.1,137.05,137.1,0,0.0,0.0
2024-11-29 13:15:00-05:00,137.0981,137.175,137.05,137.12,0,0.0,0.0
2024-11-29 13:16:00-05:00,137.13,137.1399,137.1,137.1,0,0.0,0.0
2024-11-29 13:17:00-05:00,137.1,137.1,137.08,137.08,0,0.0,0.0
2024-11-29 13:18:00-05:00,137.08,137.14,137.08,137.1,0,0.0,0.0
2024-11-29 13:19:00-05:00,137.1,137.14,137.06,137.1,0,0.0,0.0
2024-11-29 13:20:00-05:00,137.1,137.1,137.0601,137.08,0,0.0,0.0
2024-11-29 13:21:00-05:00,137.08,137.1,137.08,137.1,0,0.0,0.0
2024-11-29 13:22:00-05:00,137.0992,137.115,137.0992,137.11,0,0.0,0.0
2024-11-29 13:23:00-05:00,137.11,137.14,137.11,137.1396,0,0.0,0.0
2024-11-29 13:24:00-05:00,137.14,137.14,137.115,137.115,0,0.0,0.0
2024-11-29 13:25:00-05:00,137.128,137.1299,137.1001,137.1001,0,0.0,0.0
2024-11-29 13:26:00-05:00,137.12,137.1367,137.0501,137.1,0,0.0,0.0
2024-11-29 13:27:00-05:00,137.12,137.14,137.08,137.11,0,0.0,0.0
2024-11-29 13:28:00-05:00,137.11,137.24,137.09,137.2388,0,0.0,0.0
2024-11-29 13:29:00-05:00,137.19,137.24,137.14,137.17,0,0.0,0.0
2024-11-29 13:30:00-05:00,137.23,137.23,137.15,137.17,0,0.0,0.0
2024-11-29 13:31:00-05:00,137.24,137.24,137.17,137.24,0,0.0,0.0
2024-11-29 13:32:00-05:00,137.35,137.35,137.215,137.265,0,0.0,0.0
2024-11-29 13:33:00-05:00,137.265,137.35,137.185,137.275,0,0.0,0.0
2024-11-29 13:34:00-05:00,137.21,137.3,137.21,137.23,0,0.0,0.0
2024-11-29 13:35:00-05:00,137.28,137.28,137.2,137.23,0,0.0,0.0
2024-11-29 13:36:00-05:00,137.18,137.2799,137.175,137.2797,0,0.0,0.0
2024-11-29 13:37:00-05:00,137.225,137.2591,137.225,137.225,0,0.0,0.0
2024-11-29 13:38:00-05:00,137.23,137.23,137.185,137.19,0,0.0,0.0
2024-11-29 13:39:00-05:00,137.185,137.185,137.05,137.14,0,0.0,0.0
2024-11-29 13:40:00-05:00,137.14,137.23,137.1,137.23,0,0.0,0.0
2024-11-29 13:41:00-05:00,137.165,137.2,137.05,137.165,0,0.0,0.0
2024-11-29 13:42:00-05:00,137.09,137.15,137.09,137.09,0,0.0,0.0
2024-11-29 13:43:00-05:00,137.15,137.2,137.09,137.15,0,0.0,0.0
2024-11-29 13:44:00-05:00,137.15,137.2,137.09,137.102,0,0.0,0.0
2024-11-29 13:45:00-05:00,137.15,137.15,137.05,137.105,0,0.0,0.0
2024-11-29 13:46:00-05:00,137.1002,137.11,137.07,137.11,0,0.0,0.0
2024-11-29 13:47:00-05:00,137.105,137.11,137.105,137.1097,0,0.0,0.0
2024-11-29 13:48:00-05:00,137.11,137.15,137.105,137.15,0,0.0,0.0
2024-11-29 13:49:00-05:00,137.11,137.11,137.07,137.11,0,0.0,0.0
2024-11-29 13:50:00-05:00,137.11,137.15,137.07,137.1,0,0.0,0.0
2024-11-29 13:51:00-05:00,137.07,137.11,137.05,137.11,0,0.0,0.0
2024-11-29 13:52:00-05:00,137.08,137.15,137.02,137.15,0,0.0,0.0
2024-11-29 13:53:00-05:00,137.085,137.175,137.02,137.02,0,0.0,0.0
2024-11-29 13:54:00-05:00,137.02,137.15,137.02,137.095,0,0.0,0.0
2024-11-29 13:55:00-05:00,137.04,137.1,137.02,137.085,0,0.0,0.0
2024-11-29 13:56:00-05:00,137.02,137.175,137.02,137.03,0,0.0,0.0
2024-11-29 13:57:00-05:00,137.02,137.11,137.02,137.09,0,0.0,0.0
2024-11-29 13:58:00-05:00,137.09,137.1,137.01,137.045,0,0.0,0.0
2024-11-29 13:59:00-05:00,137.045,137.085,137.0201,137.05,0,0.0,0.0
2024-11-29 14:00:00-05:00,137.085,137.085,137.0211,137.08,0,0.0,0.0
2024-11-29 14:01:00-05:00,137.08,137.09,137.02,137.0883,0,0.0,0.0
2024-11-29 14:02:00-05:00,137.055,137.09,137.055,137.055,0,0.0,0.0
2024-11-29 14:03:00-05:00,137.09,137.14,137.02,137.14,0,0.0,0.0
2024-11-29 14:04:00-05:00,137.05,137.14,137.05,137.1,0,0.0,0.0
2024-11-29 14:05:00-05:00,137.13,137.13,137.06,137.075,0,0.0,0.0
2024-11-29 14:06:00-05:00,137.11,137.11,137.02,137.08,0,0.0,0.0
2024-11-29 14:07:00-05:00,137.07,137.15,137.03,137.15,0,0.0,0.0
2024-11-29 14:08:00-05:00,137.14,137.15,137.1,137.12,0,0.0,0.0
2024-11-29 14:09:00-05:00,137.15,137.15,137.03,137.05,0,0.0,0.0
2024-11-29 14:10:00-05:00,137.15,137.15,137.1,137.15,0,0.0,0.0
2024-11-29 14:11:00-05:00,137.1482,137.15,137.05,137.08,0,0.0,0.0
2024-11-29 14:12:00-05:00,137.15,137.15,137.15,137.15,0,0.0,0.0
2024-11-29 14:13:00-05:00,137.08,137.15,137.05,137.15,0,0.0,0.0
2024-11-29 14:14:00-05:00,137.1,137.15,137.05,137.1,0,0.0,0.0
2024-11-29 14:15:00-05:00,137.1447,137.1447,137.05,137.1,0,0.0,0.0
2024-11-29 14:16:00-05:00,137.1,137.15,137.05,137.13,0,0.0,0.0
2024-11-29 14:17:00-05:00,137.1,137.15,137.1,137.15,0,0.0,0.0
2024-11-29 14:18:00-05:00,137.14,137.15,137.075,137.0999,0,0.0,0.0
2024-11-29 14:19:00-05:00,137.08,137.09,137.07,137.09,0,0.0,0.0
2024-11-29 14:20:00-05:00,137.09,137.14,137.07,137.14,0,0.0,0.0
2024-11-29 14:21:00-05:00,137.14,137.14,137.05,137.13,0,0.0,0.0
2024-11-29 14:22:00-05:00,137.14,137.14,137.095,137.13,0,0.0,0.0
2024-11-29 14:23:00-05:00,137.05,137.14,137.05,137.1001,0,0.0,0.0
2024-11-29 14:24:00-05:00,137.13,137.14,137.1,137.1005,0,0.0,0.0
2024-11-29 14:25:00-05:00,137.12,137.13,137.1001,137.11,0,0.0,0.0
2024-11-29 14:26:00-05:00,137.1,137.14,137.05,137.095,0,0.0,0.0
2024-11-29 14:27:00-05:00,137.1,137.14,137.06,137.1,0,0.0,0.0
2024-11-29 14:28:00-05:00,137.09,137.14,137.06,137.06,0,0.0,0.0
2024-11-29 14:29:00-05:00,137.1,137.13,137.1,137.11,0,0.0,0.0
2024-11-29 14:30:00-05:00,137.105,137.14,137.08,137.14,0,0.0,0.0
2024-11-29 14:31:00-05:00,137.1,137.14,137.06,137.13,0,0.0,0.0
2024-11-29 14:32:00-05:00,137.1,137.13,137.095,137.13,0,0.0,0.0
2024-11-29 14:33:00-05:00,137.1,137.1,137.095,137.095,0,0.0,0.0
2024-11-29 14:34:00-05:00,137.12,137.13,137.115,137.115,0,0.0,0.0
2024-11-29 14:35:00-05:00,137.1,137.13,137.1,137.105,0,0.0,0.0
2024-11-29 14:36:00-05:00,137.11,137.13,137.1,137.13,0,0.0,0.0
2024-11-29 14:37:00-05:00,137.1,137.13,137.05,137.11,0,0.0,0.0
2024-11-29 14:38:00-05:00,137.06,137.12,137.06,137.06,0,0.0,0.0
2024-11-29 14:39:00-05:00,137.1,137.12,137.0739,137.12,0,0.0,0.0
2024-11-29 14:40:00-05:00,137.11,137.12,137.06,137.06,0,0.0,0.0
2024-11-29 14:41:00-05:00,137.1087,137.11,137.08,137.11,0,0.0,0.0
2024-11-29 14:42:00-05:00,137.08,137.11,137.06,137.11,0,0.0,0.0
2024-11-29 14:43:00-05:00,137.1,137.1,137.06,137.085,0,0.0,0.0
2024-11-29 14:44:00-05:00,137.09,137.1,137.08,137.09,0,0.0,0.0
2024-11-29 14:45:00-05:00,137.09,137.11,137.07,137.1034,0,0.0,0.0
2024-11-29 14:46:00-05:00,137.11,137.11,137.07,137.09,0,0.0,0.0
2024-11-29 14:47:00-05:00,137.11,137.11,137.09,137.11,0,0.0,0.0
2024-11-29 14:48:00-05:00,137.11,137.11,137.08,137.08,0,0.0,0.0
2024-11-29 14:49:00-05:00,137.09,137.1,137.07,137.07,0,0.0,0.0
2024-11-29 14:50:00-05:00,137.11,137.11,137.07,137.11,0,0.0,0.0
2024-11-29 14:51:00-05:00,137.09,137.11,137.07,137.09,0,0.0,0.0
2024-11-29 14:52:00-05:00,137.11,137.11,137.07,137.07,0,0.0,0.0
2024-11-29 14:53:00-05:00,137.07,137.1,137.07,137.085,0,0.0,0.0
2024-11-29 14:54:00-05:00,137.1,137.1,137.085,137.085,0,0.0,0.0
2024-11-29 14:55:00-05:00,137.07,137.1,137.07,137.08,0,0.0,0.0
2024-11-29 14:56:00-05:00,137.095,137.11,137.095,137.1,0,0.0,0.0
2024-11-29 14:57:00-05:00,137.105,137.105,137.08,137.09,0,0.0,0.0
2024-11-29 14:58:00-05:00,137.1,137.1,137.05,137.05,0,0.0,0.0
2024-11-29 14:59:00-05:00,137.05,137.125,137.05,137.125,0,0.0,0.0
2024-11-29 15:00:00-05:00,137.1,137.15,137.07,137.15,0,0.0,0.0
2024-11-29 15:01:00-05:00,137.15,137.15,137.07,137.085,0,0.0,0.0
2024-11-29 15:02:00-05:00,137.1,137.1,137.07,137.09,0,0.0,0.0
2024-11-29 15:03:00-05:00,137.085,137.1,137.07,137.08,0,0.0,0.0
2024-11-29 15:04:00-05:00,137.09,137.1,137.07,137.095,0,0.0,0.0
2024-11-29 15:05:00-05:00,136.6493,137.11,136.6493,137.0997,0,0.0,0.0
2024-11-29 15:06:00-05:00,137.1,137.15,137.1,137.15,0,0.0,0.0
2024-11-29 15:07:00-05:00,137.1,137.13,137.1,137.11,0,0.0,0.0
2024-11-29 15:08:00-05:00,137.125,137.14,137.1,137.1221,0,0.0,0.0
2024-11-29 15:09:00-05:00,137.14,146.4746,137.1,146.4746,0,0.0,0.0
2024-11-29 15:10:00-05:00,137.12,137.14,137.1,137.11,0,0.0,0.0
2024-11-29 15:11:00-05:00,137.1,137.12,137.1,137.1,0,0.0,0.0
2024-11-29 15:12:00-05:00,137.1,146.4746,137.1,137.1,0,0.0,0.0
2024-11-29 15:13:00-05:00,137.115,137.13,137.1,137.13,0,0.0,0.0
2024-11-29 15:14:00-05:00,137.12,137.14,137.11,137.14,0,0.0,0.0
2024-11-29 15:15:00-05:00,137.14,137.14,137.1,137.14,0,0.0,0.0
2024-11-29 15:16:00-05:00,137.12,137.12,137.12,137.12,0,0.0,0.0
2024-11-29 15:17:00-05:00,137.1001,137.14,137.1,137.11,0,0.0,0.0
2024-11-29 15:18:00-05:00,137.11,137.14,137.11,137.11,0,0.0,0.0
2024-11-29 15:19:00-05:00,137.11,137.14,137.11,137.11,0,0.0,0.0
2024-11-29 15:20:00-05:00,137.1012,137.14,137.1,137.13,0,0.0,0.0
2024-11-29 15:21:00-05:00,137.12,137.14,137.1,137.12,0,0.0,0.0
2024-11-29 15:22:00-05:00,137.1,137.14,137.1,137.12,0,0.0,0.0
2024-11-29 15:23:00-05:00,137.115,141.2856,137.1,137.11,0,0.0,0.0
2024-11-29 15:24:00-05:00,135.0723,137.14,135.0723,137.12,0,0.0,0.0
2024-11-29 15:25:00-05:00,137.12,137.14,137.1,137.12,0,0.0,0.0
2024-11-29 15:26:00-05:00,137.13,137.13,137.1088,137.11,0,0.0,0.0
2024-11-29 15:27:00-05:00,137.11,137.12,137.11,137.12,0,0.0,0.0
2024-11-29 15:28:00-05:00,137.12,137.14,137.11,137.11,0,0.0,0.0
2024-11-29 15:29:00-05:00,137.12,137.1336,137.1,137.12,0,0.0,0.0
2024-11-29 15:30:00-05:00,137.11,137.14,137.11,137.14,0,0.0,0.0
2024-11-29 15:31:00-05:00,137.11,137.1399,137.09,137.1,0,0.0,0.0
2024-11-29 15:32:00-05:00,137.065,137.1068,137.03,137.0992,0,0.0,0.0
2024-11-29 15:33:00-05:00,137.085,137.1,137.03,137.05,0,0.0,0.0
2024-11-29 15:34:00-05:00,137.04,137.1,137.04,137.08,0,0.0,0.0
2024-11-29 15:35:00-05:00,137.05,137.1,137.05,137.1,0,0.0,0.0
2024-11-29 15:36:00-05:00,137.03,137.08,137.03,137.065,0,0.0,0.0
2024-11-29 15:37:00-05:00,137.065,137.1,137.065,137.1,0,0.0,0.0
2024-11-29 15:38:00-05:00,137.1,137.14,137.0401,137.0401,0,0.0,0.0
2024-11-29 15:39:00-05:00,137.04,137.14,137.04,137.14,0,0.0,0.0
2024-11-29 15:40:00-05:00,137.09,137.14,137.03,137.14,0,0.0,0.0
2024-11-29 15:41:00-05:00,137.1,137.14,137.03,137.14,0,0.0,0.0
2024-11-29 15:42:00-05:00,137.14,137.14,137.1,137.14,0,0.0,0.0
2024-11-29 15:43:00-05:00,137.085,137.14,137.03,137.0403,0,0.0,0.0
2024-11-29 15:44:00-05:00,137.085,137.085,137.03,137.085,0,0.0,0.0
2024-11-29 15:45:00-05:00,137.1,137.14,137.07,137.09,0,0.0,0.0
2024-11-29 15:46:00-05:00,137.065,137.09,137.065,137.09,0,0.0,0.0
2024-11-29 15:47:00-05:00,137.09,137.14,137.04,137.05,0,0.0,0.0
2024-11-29 15:48:00-05:00,137.095,137.14,137.08,137.08,0,0.0,0.0
2024-11-29 15:49:00-05:00,137.14,137.14,137.04,137.14,0,0.0,0.0
2024-11-29 15:50:00-05:00,137.04,137.14,137.04,137.09,0,0.0,0.0
2024-11-29 15:51:00-05:00,137.14,137.14,137.04,137.09,0,0.0,0.0
2024-11-29 15:52:00-05:00,137.09,137.14,137.04,137.08,0,0.0,0.0
2024-11-29 15:53:00-05:00,137.04,137.1,137.04,137.1,0,0.0,0.0
2024-11-29 15:54:00-05:00,137.1,137.1,137.07,137.09,0,0.0,0.0
2024-11-29 15:55:00-05:00,137.07,137.1,137.07,137.08,0,0.0,0.0
2024-11-29 15:56:00-05:00,137.08,137.14,137.03,137.085,0,0.0,0.0
2024-11-29 15:57:00-05:00,137.085,137.14,137.05,137.14,0,0.0,0.0
2024-11-29 15:58:00-05:00,137.14,137.14,137.03,137.14,0,0.0,0.0
2024-11-29 15:59:00-05:00,137.08,137.14,137.01,137.085,0,0.0,0.0
2024-11-29 16:00:00-05:00,137.08,137.08,137.03,137.04,0,0.0,0.0
2024-11-29 16:01:00-05:00,137.05,137.175,137.03,137.175,0,0.0,0.0
2024-11-29 16:02:00-05:00,137.06,137.138,137.06,137.138,0,0.0,0.0
2024-11-29 16:03:00-05:00,137.07,137.11,137.07,137.07,0,0.0,0.0
2024-11-29 16:04:00-05:00,137.07,137.32,137.03,137.24,0,0.0,0.0
2024-11-29 16:05:00-05:00,137.18,137.18,137.04,137.16,0,0.0,0.0
2024-11-29 16:06:00-05:00,137.25,137.25,137.1,137.1,0,0.0,0.0
2024-11-29 16:07:00-05:00,137.2,137.21,137.1,137.155,0,0.0,0.0
2024-11-29 16:08:00-05:00,137.21,137.21,137.16,137.2,0,0.0,0.0
2024-11-29 16:09:00-05:00,137.21,137.21,137.18,137.195,0,0.0,0.0
2024-11-29 16:10:00-05:00,137.21,137.21,137.18,137.18,0,0.0,0.0
2024-11-29 16:11:00-05:00,137.2099,137.21,137.18,137.195,0,0.0,0.0
2024-11-29 16:12:00-05:00,137.25,137.25,137.21,137.21,0,0.0,0.0
2024-11-29 16:13:00-05:00,137.25,137.25,137.18,137.19,0,0.0,0.0
2024-11-29 16:14:00-05:00,137.18,137.25,137.18,137.235,0,0.0,0.0
2024-11-29 16:15:00-05:00,137.235,137.29,137.21,137.21,0,0.0,0.0
2024-11-29 16:16:00-05:00,137.18,137.25,137.18,137.235,0,0.0,0.0
2024-11-29 16:17:00-05:00,137.22,137.235,137.22,137.235,0,0.0,0.0
2024-11-29 16:18:00-05:00,137.22,137.22,137.18,137.18,0,0.0,0.0
2024-11-29 16:19:00-05:00,137.1806,137.29,137.1806,137.235,0,0.0,0.0
2024-11-29 16:20:00-05:00,137.21,137.235,137.21,137.235,0,0.0,0.0
2024-11-29 16:21:00-05:00,137.22,137.22,137.18,137.18,0,0.0,0.0
2024-11-29 16:22:00-05:00,137.22,137.22,137.1808,137.1808,0,0.0,0.0
2024-11-29 16:23:00-05:00,137.22,137.22,137.18,137.2,0,0.0,0.0
2024-11-29 16:24:00-05:00,137.22,137.22,137.18,137.22,0,0.0,0.0
2024-11-29 16:25:00-05:00,137.22,137.22,137.12,137.17,0,0.0,0.0
2024-11-29 16:26:00-05:00,137.2,137.2,137.2,137.2,0,0.0,0.0
2024-11-29 16:27:00-05:00,137.2,137.22,137.12,137.17,0,0.0,0.0
2024-11-29 16:28:00-05:00,137.12,137.175,137.12,137.175,0,0.0,0.0
2024-11-29 16:29:00-05:00,137.2,137.2193,137.1,137.13,0,0.0,0.0
2024-11-29 16:30:00-05:00,137.1292,137.13,137.1292,137.13,0,0.0,0.0
2024-11-29 16:31:00-05:00,137.13,137.22,137.1,137.16,0,0.0,0.0
2024-11-29 16:32:00-05:00,137.1487,137.217,137.1,137.217,0,0.0,0.0
2024-11-29 16:33:00-05:00,137.22,137.22,137.15,137.22,0,0.0,0.0
2024-11-29 16:34:00-05:00,137.185,137.22,137.15,137.15,0,0.0,0.0
2024-11-29 16:35:00-05:00,137.1517,137.22,137.1517,137.185,0,0.0,0.0
2024-11-29 16:36:00-05:00,137.1504,137.22,137.15,137.22,0,0.0,0.0
2024-11-29 16:37:00-05:00,137.185,137.22,137.15,137.22,0,0.0,0.0
2024-11-29 16:38:00-05:00,137.22,137.22,137.15,137.22,0,0.0,0.0
2024-11-29 16:39:00-05:00,137.2187,137.22,137.1501,137.1501,0,0.0,0.0
2024-11-29 16:40:00-05:00,137.185,137.24,137.18,137.24,0,0.0,0.0
2024-11-29 16:41:00-05:00,137.29,137.29,137.15,137.24,0,0.0,0.0
2024-11-29 16:42:00-05:00,137.205,137.26,137.15,137.15,0,0.0,0.0
2024-11-29 16:43:00-05:00,137.26,137.26,137.23,137.25,0,0.0,0.0
2024-11-29 16:44:00-05:00,137.26,137.26,137.205,137.26,0,0.0,0.0
2024-11-29 16:45:00-05:00,137.22,137.26,137.2,137.2,0,0.0,0.0
2024-11-29 16:46:00-05:00,137.25,137.25,137.2,137.2,0,0.0,0.0
2024-11-29 16:47:00-05:00,137.26,137.26,137.26,137.26,0,0.0,0.0
2024-11-29 16:48:00-05:00,137.22,137.2499,137.2,137.2499,0,0.0,0.0
2024-11-29 16:49:00-05:00,137.1817,137.25,137.1817,137.2,0,0.0,0.0
2024-11-29 16:50:00-05:00,137.23,137.25,137.2,137.2499,0,0.0,0.0
2024-11-29 16:51:00-05:00,137.2,137.26,137.2,137.26,0,0.0,0.0
2024-11-29 16:52:00-05:00,137.23,137.2485,137.23,137.2485,0,0.0,0.0
2024-11-29 16:53:00-05:00,137.23,137.26,137.2,137.23,0,0.0,0.0
2024-11-29 16:54:00-05:00,137.2,137.26,137.2,137.23,0,0.0,0.0
2024-11-29 16:55:00-05:00,137.26,137.26,137.2,137.26,0,0.0,0.0
2024-11-29 16:56:00-05:00,137.25,137.26,137.25,137.26,0,0.0,0.0
2024-11-29 16:57:00-05:00,137.26,137.26,137.26,137.26,0,0.0,0.0
2024-11-29 16:59:00-05:00,137.26,137.26,137.25,137.26,0,0.0,0.0
