time,Open,High,Low,Close,Volume,Dividends,Stock Splits
2024-12-05 04:00:00-05:00,200.01,200.68,200.01,200.16,0,0.0,0.0
2024-12-05 04:01:00-05:00,200.38,201.76,200.38,200.59,0,0.0,0.0
2024-12-05 04:02:00-05:00,200.59,201.1,200.43,200.52,0,0.0,0.0
2024-12-05 04:03:00-05:00,200.44,200.52,200.1,200.17,0,0.0,0.0
2024-12-05 04:04:00-05:00,200.1,200.3,200.1,200.21,0,0.0,0.0
2024-12-05 04:05:00-05:00,200.17,200.3,200.16,200.16,0,0.0,0.0
2024-12-05 04:06:00-05:00,200.16,200.97,200.16,200.22,0,0.0,0.0
2024-12-05 04:07:00-05:00,200.5,200.63,200.5,200.5,0,0.0,0.0
2024-12-05 04:08:00-05:00,200.63,200.63,200.32,200.58,0,0.0,0.0
2024-12-05 04:09:00-05:00,200.51,200.74,200.5,200.74,0,0.0,0.0
2024-12-05 04:10:00-05:00,200.7,200.73,200.6,200.61,0,0.0,0.0
2024-12-05 04:11:00-05:00,200.6,200.83,200.6,200.83,0,0.0,0.0
2024-12-05 04:12:00-05:00,200.68,200.68,200.55,200.61,0,0.0,0.0
2024-12-05 04:13:00-05:00,200.64,200.64,200.59,200.59,0,0.0,0.0
2024-12-05 04:14:00-05:00,200.53,200.53,200.53,200.53,0,0.0,0.0
2024-12-05 04:15:00-05:00,200.61,200.61,200.54,200.61,0,0.0,0.0
2024-12-05 04:16:00-05:00,200.63,200.63,200.6,200.6,0,0.0,0.0
2024-12-05 04:17:00-05:00,200.65,200.65,200.65,200.65,0,0.0,0.0
2024-12-05 04:18:00-05:00,200.61,200.76,200.6,200.65,0,0.0,0.0
2024-12-05 04:19:00-05:00,200.65,200.8,200.65,200.65,0,0.0,0.0
2024-12-05 04:20:00-05:00,200.65,200.75,200.59,200.71,0,0.0,0.0
2024-12-05 04:21:00-05:00,200.6,200.6,200.6,200.6,0,0.0,0.0
2024-12-05 04:22:00-05:00,200.65,200.93,200.65,200.78,0,0.0,0.0
2024-12-05 04:23:00-05:00,200.75,200.93,200.75,200.93,0,0.0,0.0
2024-12-05 04:24:00-05:00,200.89,200.89,200.75,200.89,0,0.0,0.0
2024-12-05 04:25:00-05:00,200.76,200.9,200.73,200.73,0,0.0,0.0
2024-12-05 04:26:00-05:00,200.87,200.87,200.73,200.73,0,0.0,0.0
2024-12-05 04:27:00-05:00,200.93,200.96,200.6,200.65,0,0.0,0.0
2024-12-05 04:28:00-05:00,200.66,200.93,200.66,200.93,0,0.0,0.0
2024-12-05 04:29:00-05:00,200.79,200.93,200.78,200.93,0,0.0,0.0
2024-12-05 04:30:00-05:00,200.67,200.87,200.65,200.87,0,0.0,0.0
2024-12-05 04:31:00-05:00,200.87,200.87,200.86,200.86,0,0.0,0.0
2024-12-05 04:32:00-05:00,200.67,200.88,200.61,200.69,0,0.0,0.0
2024-12-05 04:33:00-05:00,200.88,200.88,200.68,200.83,0,0.0,0.0
2024-12-05 04:34:00-05:00,200.69,200.69,200.69,200.69,0,0.0,0.0
2024-12-05 04:35:00-05:00,200.86,200.88,200.77,200.8,0,0.0,0.0
2024-12-05 04:36:00-05:00,200.86,200.88,200.86,200.88,0,0.0,0.0
2024-12-05 04:37:00-05:00,200.87,200.87,200.71,200.71,0,0.0,0.0
2024-12-05 04:38:00-05:00,200.86,200.98,200.73,200.92,0,0.0,0.0
2024-12-05 04:39:00-05:00,200.87,200.87,200.79,200.79,0,0.0,0.0
2024-12-05 04:40:00-05:00,200.74,200.74,200.71,200.71,0,0.0,0.0
2024-12-05 04:41:00-05:00,200.75,200.89,200.56,200.7,0,0.0,0.0
2024-12-05 04:42:00-05:00,200.79,200.9,200.72,200.76,0,0.0,0.0
2024-12-05 04:43:00-05:00,200.76,200.76,200.76,200.76,0,0.0,0.0
2024-12-05 04:44:00-05:00,200.76,200.8,200.67,200.67,0,0.0,0.0
2024-12-05 04:46:00-05:00,200.65,200.7,200.65,200.7,0,0.0,0.0
2024-12-05 04:47:00-05:00,200.69,200.84,200.68,200.84,0,0.0,0.0
2024-12-05 04:48:00-05:00,200.8,200.84,200.69,200.8,0,0.0,0.0
2024-12-05 04:49:00-05:00,200.8,200.84,200.8,200.84,0,0.0,0.0
2024-12-05 04:50:00-05:00,200.84,200.87,200.84,200.87,0,0.0,0.0
2024-12-05 04:51:00-05:00,200.75,200.84,200.7,200.77,0,0.0,0.0
2024-12-05 04:52:00-05:00,200.83,200.83,200.83,200.83,0,0.0,0.0
2024-12-05 04:53:00-05:00,200.68,200.83,200.64,200.64,0,0.0,0.0
2024-12-05 04:54:00-05:00,200.57,200.83,200.57,200.83,0,0.0,0.0
2024-12-05 04:55:00-05:00,200.83,200.84,200.68,200.83,0,0.0,0.0
2024-12-05 04:58:00-05:00,200.7,200.7,200.68,200.68,0,0.0,0.0
2024-12-05 04:59:00-05:00,200.68,200.68,200.68,200.68,0,0.0,0.0
2024-12-05 05:00:00-05:00,200.68,200.75,200.63,200.63,0,0.0,0.0
2024-12-05 05:01:00-05:00,200.63,200.63,200.63,200.63,0,0.0,0.0
2024-12-05 05:02:00-05:00,200.65,200.68,200.65,200.68,0,0.0,0.0
2024-12-05 05:03:00-05:00,200.7,200.7,200.7,200.7,0,0.0,0.0
2024-12-05 05:04:00-05:00,200.7,200.74,200.68,200.74,0,0.0,0.0
2024-12-05 05:05:00-05:00,200.74,200.74,200.69,200.74,0,0.0,0.0
2024-12-05 05:06:00-05:00,200.84,200.89,200.84,200.87,0,0.0,0.0
2024-12-05 05:07:00-05:00,200.87,200.89,200.87,200.89,0,0.0,0.0
2024-12-05 05:08:00-05:00,200.89,200.89,200.87,200.87,0,0.0,0.0
2024-12-05 05:09:00-05:00,200.89,200.9,200.87,200.87,0,0.0,0.0
2024-12-05 05:10:00-05:00,200.92,200.92,200.74,200.74,0,0.0,0.0
2024-12-05 05:11:00-05:00,200.74,200.85,200.67,200.85,0,0.0,0.0
2024-12-05 05:13:00-05:00,200.85,200.85,200.55,200.63,0,0.0,0.0
2024-12-05 05:14:00-05:00,200.57,200.79,200.5,200.79,0,0.0,0.0
2024-12-05 05:15:00-05:00,200.8,200.8,200.77,200.77,0,0.0,0.0
2024-12-05 05:16:00-05:00,200.9,200.9,200.9,200.9,0,0.0,0.0
2024-12-05 05:18:00-05:00,200.71,200.71,200.71,200.71,0,0.0,0.0
2024-12-05 05:19:00-05:00,200.7,200.8,200.69,200.69,0,0.0,0.0
2024-12-05 05:20:00-05:00,200.71,200.83,200.71,200.83,0,0.0,0.0
2024-12-05 05:21:00-05:00,200.71,200.71,200.71,200.71,0,0.0,0.0
2024-12-05 05:24:00-05:00,200.72,200.82,200.72,200.72,0,0.0,0.0
2024-12-05 05:25:00-05:00,200.72,200.72,200.72,200.72,0,0.0,0.0
2024-12-05 05:26:00-05:00,200.7,200.85,200.7,200.72,0,0.0,0.0
2024-12-05 05:28:00-05:00,200.85,200.93,200.85,200.93,0,0.0,0.0
2024-12-05 05:29:00-05:00,200.9,200.9,200.9,200.9,0,0.0,0.0
2024-12-05 05:31:00-05:00,200.86,200.93,200.86,200.89,0,0.0,0.0
2024-12-05 05:32:00-05:00,200.91,200.91,200.89,200.91,0,0.0,0.0
2024-12-05 05:33:00-05:00,200.84,200.84,200.79,200.79,0,0.0,0.0
2024-12-05 05:34:00-05:00,200.86,200.89,200.86,200.89,0,0.0,0.0
2024-12-05 05:35:00-05:00,200.91,200.91,200.87,200.87,0,0.0,0.0
2024-12-05 05:36:00-05:00,200.9,200.9,200.87,200.87,0,0.0,0.0
2024-12-05 05:37:00-05:00,200.82,200.83,200.77,200.81,0,0.0,0.0
2024-12-05 05:38:00-05:00,200.82,200.82,200.82,200.82,0,0.0,0.0
2024-12-05 05:39:00-05:00,200.77,200.81,200.74,200.81,0,0.0,0.0
2024-12-05 05:40:00-05:00,200.82,200.82,200.82,200.82,0,0.0,0.0
2024-12-05 05:41:00-05:00,200.79,200.91,200.79,200.83,0,0.0,0.0
2024-12-05 05:42:00-05:00,200.82,200.91,200.81,200.89,0,0.0,0.0
2024-12-05 05:43:00-05:00,200.82,200.91,200.82,200.84,0,0.0,0.0
2024-12-05 05:44:00-05:00,200.88,200.88,200.82,200.82,0,0.0,0.0
2024-12-05 05:45:00-05:00,200.86,200.86,200.86,200.86,0,0.0,0.0
2024-12-05 05:46:00-05:00,200.86,200.86,200.86,200.86,0,0.0,0.0
2024-12-05 05:47:00-05:00,200.87,200.87,200.87,200.87,0,0.0,0.0
2024-12-05 05:48:00-05:00,200.86,200.86,200.86,200.86,0,0.0,0.0
2024-12-05 05:49:00-05:00,200.87,200.87,200.84,200.84,0,0.0,0.0
2024-12-05 05:50:00-05:00,200.77,200.81,200.7,200.7,0,0.0,0.0
2024-12-05 05:51:00-05:00,200.7,200.74,200.7,200.72,0,0.0,0.0
2024-12-05 05:52:00-05:00,200.71,200.73,200.64,200.64,0,0.0,0.0
2024-12-05 05:53:00-05:00,200.75,200.83,200.6,200.83,0,0.0,0.0
2024-12-05 05:55:00-05:00,200.82,200.85,200.73,200.73,0,0.0,0.0
2024-12-05 05:56:00-05:00,200.89,200.91,200.83,200.83,0,0.0,0.0
2024-12-05 05:57:00-05:00,200.85,200.85,200.85,200.85,0,0.0,0.0
2024-12-05 05:58:00-05:00,200.82,200.82,200.61,200.63,0,0.0,0.0
2024-12-05 05:59:00-05:00,200.81,200.82,200.8,200.8,0,0.0,0.0
2024-12-05 06:00:00-05:00,200.8,200.83,200.8,200.83,0,0.0,0.0
2024-12-05 06:01:00-05:00,200.8,200.83,200.8,200.83,0,0.0,0.0
2024-12-05 06:02:00-05:00,200.83,200.93,200.83,200.9,0,0.0,0.0
2024-12-05 06:03:00-05:00,200.95,200.95,200.9,200.9,0,0.0,0.0
2024-12-05 06:04:00-05:00,200.89,200.89,200.89,200.89,0,0.0,0.0
2024-12-05 06:06:00-05:00,200.85,200.89,200.85,200.89,0,0.0,0.0
2024-12-05 06:07:00-05:00,200.9,200.9,200.87,200.87,0,0.0,0.0
2024-12-05 06:08:00-05:00,200.87,200.87,200.86,200.86,0,0.0,0.0
2024-12-05 06:09:00-05:00,200.85,200.9,200.82,200.82,0,0.0,0.0
2024-12-05 06:10:00-05:00,200.82,200.82,200.82,200.82,0,0.0,0.0
2024-12-05 06:11:00-05:00,200.82,200.82,200.82,200.82,0,0.0,0.0
2024-12-05 06:12:00-05:00,200.82,200.82,200.82,200.82,0,0.0,0.0
2024-12-05 06:13:00-05:00,200.83,200.83,200.81,200.81,0,0.0,0.0
2024-12-05 06:14:00-05:00,200.89,200.89,200.89,200.89,0,0.0,0.0
2024-12-05 06:16:00-05:00,200.84,200.84,200.84,200.84,0,0.0,0.0
2024-12-05 06:17:00-05:00,200.83,200.94,200.8,200.8,0,0.0,0.0
2024-12-05 06:18:00-05:00,200.8,200.83,200.8,200.83,0,0.0,0.0
2024-12-05 06:19:00-05:00,200.87,200.87,200.86,200.86,0,0.0,0.0
2024-12-05 06:20:00-05:00,200.85,200.89,200.8,200.89,0,0.0,0.0
2024-12-05 06:22:00-05:00,200.89,200.89,200.89,200.89,0,0.0,0.0
2024-12-05 06:23:00-05:00,200.89,200.89,200.87,200.87,0,0.0,0.0
2024-12-05 06:24:00-05:00,200.87,200.87,200.8,200.8,0,0.0,0.0
2024-12-05 06:25:00-05:00,200.8,200.8,200.8,200.8,0,0.0,0.0
2024-12-05 06:27:00-05:00,200.81,200.87,200.8,200.87,0,0.0,0.0
2024-12-05 06:29:00-05:00,200.84,200.85,200.84,200.85,0,0.0,0.0
2024-12-05 06:30:00-05:00,200.85,200.85,200.84,200.84,0,0.0,0.0
2024-12-05 06:31:00-05:00,200.8,200.8,200.8,200.8,0,0.0,0.0
2024-12-05 06:32:00-05:00,200.84,200.84,200.83,200.83,0,0.0,0.0
2024-12-05 06:33:00-05:00,200.81,200.81,200.81,200.81,0,0.0,0.0
2024-12-05 06:34:00-05:00,200.83,200.83,200.83,200.83,0,0.0,0.0
2024-12-05 06:35:00-05:00,200.83,200.89,200.83,200.84,0,0.0,0.0
2024-12-05 06:36:00-05:00,200.8,200.8,200.8,200.8,0,0.0,0.0
2024-12-05 06:37:00-05:00,200.84,201.01,200.84,201.01,0,0.0,0.0
2024-12-05 06:38:00-05:00,201.0,201.0,200.87,200.97,0,0.0,0.0
2024-12-05 06:39:00-05:00,200.88,200.88,200.88,200.88,0,0.0,0.0
2024-12-05 06:40:00-05:00,200.99,201.0,200.92,201.0,0,0.0,0.0
2024-12-05 06:41:00-05:00,201.0,201.0,201.0,201.0,0,0.0,0.0
2024-12-05 06:42:00-05:00,200.99,201.0,200.99,201.0,0,0.0,0.0
2024-12-05 06:43:00-05:00,200.99,201.15,200.95,201.13,0,0.0,0.0
2024-12-05 06:44:00-05:00,201.13,201.4,201.04,201.4,0,0.0,0.0
2024-12-05 06:45:00-05:00,201.23,201.4,201.23,201.3,0,0.0,0.0
2024-12-05 06:46:00-05:00,201.43,201.43,201.3,201.33,0,0.0,0.0
2024-12-05 06:47:00-05:00,201.3,201.33,201.16,201.16,0,0.0,0.0
2024-12-05 06:48:00-05:00,201.32,201.33,201.11,201.11,0,0.0,0.0
2024-12-05 06:49:00-05:00,201.1,201.34,201.1,201.29,0,0.0,0.0
2024-12-05 06:51:00-05:00,201.3,201.3,201.19,201.29,0,0.0,0.0
2024-12-05 06:52:00-05:00,201.28,201.29,201.28,201.29,0,0.0,0.0
2024-12-05 06:53:00-05:00,201.19,201.37,201.19,201.35,0,0.0,0.0
2024-12-05 06:54:00-05:00,201.3,201.4,201.3,201.37,0,0.0,0.0
2024-12-05 06:55:00-05:00,201.36,201.37,201.36,201.37,0,0.0,0.0
2024-12-05 06:56:00-05:00,201.36,201.43,201.25,201.36,0,0.0,0.0
2024-12-05 06:57:00-05:00,201.26,201.39,201.26,201.39,0,0.0,0.0
2024-12-05 06:58:00-05:00,201.39,201.39,201.39,201.39,0,0.0,0.0
2024-12-05 06:59:00-05:00,201.4,201.41,201.35,201.35,0,0.0,0.0
2024-12-05 07:00:00-05:00,201.36,201.41,201.15,201.2,0,0.0,0.0
2024-12-05 07:01:00-05:00,201.31,201.31,201.15,201.21,0,0.0,0.0
2024-12-05 07:02:00-05:00,201.29,201.3,201.22,201.22,0,0.0,0.0
2024-12-05 07:03:00-05:00,201.31,201.31,201.25,201.25,0,0.0,0.0
2024-12-05 07:04:00-05:00,201.28,201.3,201.28,201.3,0,0.0,0.0
2024-12-05 07:05:00-05:00,201.31,201.34,201.31,201.34,0,0.0,0.0
2024-12-05 07:06:00-05:00,201.35,201.4,201.31,201.39,0,0.0,0.0
2024-12-05 07:07:00-05:00,201.37,201.38,201.35,201.38,0,0.0,0.0
2024-12-05 07:08:00-05:00,201.34,201.36,201.34,201.36,0,0.0,0.0
2024-12-05 07:09:00-05:00,201.36,201.36,201.35,201.35,0,0.0,0.0
2024-12-05 07:10:00-05:00,201.36,201.36,201.36,201.36,0,0.0,0.0
2024-12-05 07:11:00-05:00,201.36,201.37,201.36,201.37,0,0.0,0.0
2024-12-05 07:12:00-05:00,201.37,201.4,201.33,201.4,0,0.0,0.0
2024-12-05 07:13:00-05:00,201.4,201.4,201.4,201.4,0,0.0,0.0
2024-12-05 07:14:00-05:00,201.4,201.5,201.4,201.5,0,0.0,0.0
2024-12-05 07:15:00-05:00,201.49,201.51,201.46,201.5,0,0.0,0.0
2024-12-05 07:16:00-05:00,201.51,201.6,201.5,201.5,0,0.0,0.0
2024-12-05 07:17:00-05:00,201.5,201.51,201.42,201.5,0,0.0,0.0
2024-12-05 07:18:00-05:00,201.4,201.5,201.4,201.47,0,0.0,0.0
2024-12-05 07:19:00-05:00,201.45,201.5,201.45,201.47,0,0.0,0.0
2024-12-05 07:20:00-05:00,201.43,201.43,201.4,201.42,0,0.0,0.0
2024-12-05 07:21:00-05:00,201.47,201.49,201.43,201.49,0,0.0,0.0
2024-12-05 07:22:00-05:00,201.5,201.5,201.44,201.44,0,0.0,0.0
2024-12-05 07:23:00-05:00,201.47,201.47,201.47,201.47,0,0.0,0.0
2024-12-05 07:24:00-05:00,201.54,201.54,201.54,201.54,0,0.0,0.0
2024-12-05 07:25:00-05:00,201.53,201.54,201.5,201.5,0,0.0,0.0
2024-12-05 07:26:00-05:00,201.485,201.5,201.485,201.5,0,0.0,0.0
2024-12-05 07:27:00-05:00,201.47,201.47,201.47,201.47,0,0.0,0.0
2024-12-05 07:28:00-05:00,201.48,201.48,201.37,201.37,0,0.0,0.0
2024-12-05 07:29:00-05:00,201.37,201.4,201.35,201.38,0,0.0,0.0
2024-12-05 07:30:00-05:00,201.43,201.43,201.4,201.4,0,0.0,0.0
2024-12-05 07:31:00-05:00,201.38,201.4,201.38,201.4,0,0.0,0.0
2024-12-05 07:32:00-05:00,201.44,201.44,201.44,201.44,0,0.0,0.0
2024-12-05 07:33:00-05:00,201.4,201.4,201.4,201.4,0,0.0,0.0
2024-12-05 07:34:00-05:00,201.44,201.44,201.4,201.43,0,0.0,0.0
2024-12-05 07:35:00-05:00,201.43,201.43,201.43,201.43,0,0.0,0.0
2024-12-05 07:36:00-05:00,201.43,201.43,201.39,201.39,0,0.0,0.0
2024-12-05 07:37:00-05:00,201.42,201.43,201.42,201.43,0,0.0,0.0
2024-12-05 07:38:00-05:00,201.45,201.45,201.45,201.45,0,0.0,0.0
2024-12-05 07:39:00-05:00,201.39,201.43,201.39,201.43,0,0.0,0.0
2024-12-05 07:40:00-05:00,201.42,201.44,201.42,201.42,0,0.0,0.0
2024-12-05 07:41:00-05:00,201.41,201.45,201.41,201.45,0,0.0,0.0
2024-12-05 07:42:00-05:00,201.42,201.42,201.38,201.38,0,0.0,0.0
2024-12-05 07:43:00-05:00,201.38,201.44,201.38,201.44,0,0.0,0.0
2024-12-05 07:44:00-05:00,201.4,201.4,201.4,201.4,0,0.0,0.0
2024-12-05 07:45:00-05:00,201.44,201.44,201.4,201.4,0,0.0,0.0
2024-12-05 07:46:00-05:00,201.4,201.4,201.4,201.4,0,0.0,0.0
2024-12-05 07:47:00-05:00,201.45,201.45,201.44,201.44,0,0.0,0.0
2024-12-05 07:48:00-05:00,201.44,201.44,201.42,201.44,0,0.0,0.0
2024-12-05 07:49:00-05:00,201.4,201.43,201.4,201.43,0,0.0,0.0
2024-12-05 07:50:00-05:00,201.39,201.43,201.39,201.43,0,0.0,0.0
2024-12-05 07:51:00-05:00,201.43,201.46,201.43,201.44,0,0.0,0.0
2024-12-05 07:52:00-05:00,201.43,201.43,201.43,201.43,0,0.0,0.0
2024-12-05 07:53:00-05:00,201.44,201.44,201.43,201.43,0,0.0,0.0
2024-12-05 07:54:00-05:00,201.43,201.43,201.41,201.43,0,0.0,0.0
2024-12-05 07:55:00-05:00,201.43,201.44,201.4,201.4,0,0.0,0.0
2024-12-05 07:56:00-05:00,201.45,201.45,201.45,201.45,0,0.0,0.0
2024-12-05 07:57:00-05:00,201.43,201.45,201.43,201.45,0,0.0,0.0
2024-12-05 07:58:00-05:00,201.45,201.45,201.35,201.4,0,0.0,0.0
2024-12-05 07:59:00-05:00,201.4,201.4,201.4,201.4,0,0.0,0.0
2024-12-05 08:00:00-05:00,201.21,201.6,199.91,201.4,0,0.0,0.0
2024-12-05 08:01:00-05:00,201.34,201.34,200.2,200.31,0,0.0,0.0
2024-12-05 08:02:00-05:00,200.5,201.4,200.5,201.3,0,0.0,0.0
2024-12-05 08:03:00-05:00,201.28,201.4,201.28,201.3999,0,0.0,0.0
2024-12-05 08:04:00-05:00,201.37,201.3997,201.24,201.35,0,0.0,0.0
2024-12-05 08:05:00-05:00,201.3,201.36,201.23,201.35,0,0.0,0.0
2024-12-05 08:06:00-05:00,201.34,201.35,201.24,201.25,0,0.0,0.0
2024-12-05 08:07:00-05:00,201.29,201.4,201.29,201.3,0,0.0,0.0
2024-12-05 08:08:00-05:00,201.35,201.35,201.21,201.3,0,0.0,0.0
2024-12-05 08:09:00-05:00,201.28,201.29,201.23,201.23,0,0.0,0.0
2024-12-05 08:10:00-05:00,201.21,201.25,201.15,201.15,0,0.0,0.0
2024-12-05 08:11:00-05:00,201.23,201.34,201.23,201.26,0,0.0,0.0
2024-12-05 08:12:00-05:00,201.4,201.4,201.28,201.29,0,0.0,0.0
2024-12-05 08:13:00-05:00,201.28,201.4,201.28,201.4,0,0.0,0.0
2024-12-05 08:14:00-05:00,201.35,201.4,201.28,201.3,0,0.0,0.0
2024-12-05 08:15:00-05:00,201.35,201.35,201.3,201.33,0,0.0,0.0
2024-12-05 08:16:00-05:00,201.31,201.35,201.27,201.27,0,0.0,0.0
2024-12-05 08:17:00-05:00,201.23,201.3,201.23,201.3,0,0.0,0.0
2024-12-05 08:18:00-05:00,201.25,201.29,201.2063,201.22,0,0.0,0.0
2024-12-05 08:19:00-05:00,201.25,201.35,201.21,201.32,0,0.0,0.0
2024-12-05 08:20:00-05:00,201.3,201.4,201.2,201.4,0,0.0,0.0
2024-12-05 08:21:00-05:00,201.33,201.36,201.24,201.25,0,0.0,0.0
2024-12-05 08:22:00-05:00,201.34,201.34,201.0,201.14,0,0.0,0.0
2024-12-05 08:23:00-05:00,201.07,201.19,200.8143,200.99,0,0.0,0.0
2024-12-05 08:24:00-05:00,200.8,200.96,200.8,200.95,0,0.0,0.0
2024-12-05 08:25:00-05:00,200.94,201.0,200.9,200.99,0,0.0,0.0
2024-12-05 08:26:00-05:00,200.91,201.17,200.91,201.01,0,0.0,0.0
2024-12-05 08:27:00-05:00,201.0,201.1,201.0,201.05,0,0.0,0.0
2024-12-05 08:28:00-05:00,201.05,201.18,201.05,201.18,0,0.0,0.0
2024-12-05 08:29:00-05:00,201.2,201.25,201.12,201.2,0,0.0,0.0
2024-12-05 08:30:00-05:00,201.2,201.33,201.11,201.11,0,0.0,0.0
2024-12-05 08:31:00-05:00,201.33,201.33,201.2,201.2,0,0.0,0.0
2024-12-05 08:32:00-05:00,201.25,201.33,201.11,201.33,0,0.0,0.0
2024-12-05 08:33:00-05:00,201.28,201.32,201.25,201.32,0,0.0,0.0
2024-12-05 08:34:00-05:00,201.25,201.3,200.69,201.2,0,0.0,0.0
2024-12-05 08:35:00-05:00,201.1,201.2,201.09,201.2,0,0.0,0.0
2024-12-05 08:36:00-05:00,201.3,201.3,201.08,201.19,0,0.0,0.0
2024-12-05 08:37:00-05:00,201.05,201.24,201.05,201.24,0,0.0,0.0
2024-12-05 08:38:00-05:00,201.17,201.2,201.04,201.1,0,0.0,0.0
2024-12-05 08:39:00-05:00,201.1,201.15,201.012,201.14,0,0.0,0.0
2024-12-05 08:40:00-05:00,201.1,201.15,201.0,201.05,0,0.0,0.0
2024-12-05 08:41:00-05:00,201.05,201.05,200.9998,201.0,0,0.0,0.0
2024-12-05 08:42:00-05:00,201.15,201.15,200.9,200.911,0,0.0,0.0
2024-12-05 08:43:00-05:00,201.0,201.06,200.91,201.06,0,0.0,0.0
2024-12-05 08:44:00-05:00,200.95,201.0,200.9112,201.0,0,0.0,0.0
2024-12-05 08:45:00-05:00,200.95,201.0,200.9101,201.0,0,0.0,0.0
2024-12-05 08:46:00-05:00,200.96,201.0,200.9,200.97,0,0.0,0.0
2024-12-05 08:47:00-05:00,200.91,201.0,200.91,200.98,0,0.0,0.0
2024-12-05 08:48:00-05:00,200.98,201.0,200.9001,201.0,0,0.0,0.0
2024-12-05 08:49:00-05:00,200.93,201.0,200.93,201.0,0,0.0,0.0
2024-12-05 08:50:00-05:00,200.91,201.0,200.87,200.9,0,0.0,0.0
2024-12-05 08:51:00-05:00,200.86,200.86,200.8,200.82,0,0.0,0.0
2024-12-05 08:52:00-05:00,200.89,201.0,200.89,200.98,0,0.0,0.0
2024-12-05 08:53:00-05:00,200.98,201.0,200.8,200.8205,0,0.0,0.0
2024-12-05 08:54:00-05:00,200.94,201.0,200.8,200.94,0,0.0,0.0
2024-12-05 08:55:00-05:00,200.96,201.05,200.96,201.05,0,0.0,0.0
2024-12-05 08:56:00-05:00,201.01,201.06,200.81,201.06,0,0.0,0.0
2024-12-05 08:57:00-05:00,201.06,201.1499,201.03,201.03,0,0.0,0.0
2024-12-05 08:58:00-05:00,201.07,201.15,201.06,201.13,0,0.0,0.0
2024-12-05 08:59:00-05:00,201.09,201.15,201.01,201.05,0,0.0,0.0
2024-12-05 09:00:00-05:00,201.09,201.15,201.0045,201.01,0,0.0,0.0
2024-12-05 09:01:00-05:00,201.01,201.15,201.01,201.15,0,0.0,0.0
2024-12-05 09:02:00-05:00,201.13,201.27,201.0709,201.27,0,0.0,0.0
2024-12-05 09:03:00-05:00,201.2,201.2999,201.17,201.24,0,0.0,0.0
2024-12-05 09:04:00-05:00,201.27,201.28,201.24,201.24,0,0.0,0.0
2024-12-05 09:05:00-05:00,201.29,201.45,201.27,201.43,0,0.0,0.0
2024-12-05 09:06:00-05:00,201.39,201.45,201.35,201.45,0,0.0,0.0
2024-12-05 09:07:00-05:00,201.45,201.45,201.31,201.31,0,0.0,0.0
2024-12-05 09:08:00-05:00,201.45,201.45,201.06,201.45,0,0.0,0.0
2024-12-05 09:09:00-05:00,201.18,201.44,201.167,201.44,0,0.0,0.0
2024-12-05 09:10:00-05:00,201.0,201.44,201.0,201.44,0,0.0,0.0
2024-12-05 09:11:00-05:00,201.44,201.44,201.3,201.3,0,0.0,0.0
2024-12-05 09:12:00-05:00,201.3,201.44,201.3,201.3,0,0.0,0.0
2024-12-05 09:13:00-05:00,201.39,201.4499,201.3,201.38,0,0.0,0.0
2024-12-05 09:14:00-05:00,201.32,201.44,201.15,201.21,0,0.0,0.0
2024-12-05 09:30:00-05:00,201.25,202.00999450683594,201.25,201.59500122070312,400289,0.0,0.0
2024-12-05 09:31:00-05:00,201.58999633789062,202.5,201.50999450683594,202.26499938964844,75880,0.0,0.0
2024-12-05 09:32:00-05:00,202.32000732421875,202.82000732421875,202.1999969482422,202.77000427246094,82765,0.0,0.0
2024-12-05 09:33:00-05:00,202.7100067138672,202.8800048828125,202.39999389648438,202.8300018310547,99795,0.0,0.0
2024-12-05 09:34:00-05:00,202.8000030517578,203.0,202.3300018310547,202.6999969482422,159410,0.0,0.0
2024-12-05 09:35:00-05:00,202.4149932861328,202.94000244140625,202.36000061035156,202.8800048828125,66705,0.0,0.0
2024-12-05 09:36:00-05:00,202.8350067138672,203.0,202.60000610351562,202.91000366210938,55282,0.0,0.0
2024-12-05 09:37:00-05:00,202.93499755859375,203.0,202.52999877929688,202.6699981689453,74410,0.0,0.0
2024-12-05 09:38:00-05:00,202.6300048828125,202.72999572753906,202.4365997314453,202.6959991455078,49316,0.0,0.0
2024-12-05 09:39:00-05:00,202.6999969482422,202.74000549316406,202.2100067138672,202.30499267578125,55206,0.0,0.0
2024-12-05 09:40:00-05:00,202.30499267578125,202.57000732421875,202.17999267578125,202.57000732421875,50988,0.0,0.0
2024-12-05 09:41:00-05:00,202.58999633789062,202.6999969482422,202.3300018310547,202.39999389648438,58614,0.0,0.0
2024-12-05 09:42:00-05:00,202.3699951171875,202.52999877929688,201.91000366210938,201.9394989013672,67044,0.0,0.0
2024-12-05 09:43:00-05:00,201.92999267578125,202.0800018310547,201.61000061035156,201.8300018310547,32400,0.0,0.0
2024-12-05 09:44:00-05:00,201.86439514160156,202.05999755859375,201.75,201.98500061035156,33778,0.0,0.0
2024-12-05 09:45:00-05:00,201.99000549316406,202.02999877929688,201.86500549316406,201.89129638671875,20547,0.0,0.0
2024-12-05 09:46:00-05:00,201.8780059814453,202.0399932861328,201.6999969482422,201.8350067138672,25887,0.0,0.0
2024-12-05 09:47:00-05:00,201.8350067138672,201.94000244140625,201.74000549316406,201.8000030517578,25184,0.0,0.0
2024-12-05 09:48:00-05:00,201.77999877929688,202.0399932861328,201.77999877929688,201.9600067138672,46059,0.0,0.0
2024-12-05 09:49:00-05:00,201.97999572753906,202.33999633789062,201.89559936523438,202.2100067138672,26574,0.0,0.0
2024-12-05 09:50:00-05:00,202.1999969482422,202.25,201.81129455566406,202.0399932861328,29753,0.0,0.0
2024-12-05 09:51:00-05:00,202.02999877929688,202.07000732421875,201.72999572753906,201.77000427246094,38798,0.0,0.0
2024-12-05 09:52:00-05:00,201.80999755859375,201.81500244140625,201.33999633789062,201.3800048828125,39821,0.0,0.0
2024-12-05 09:53:00-05:00,201.3822021484375,201.4398956298828,201.25999450683594,201.3800048828125,39348,0.0,0.0
2024-12-05 09:54:00-05:00,201.3249969482422,201.39999389648438,200.91000366210938,200.96499633789062,56575,0.0,0.0
2024-12-05 09:55:00-05:00,201.0399932861328,201.08999633789062,200.75,200.97000122070312,50437,0.0,0.0
2024-12-05 09:56:00-05:00,200.99000549316406,201.11500549316406,200.97000122070312,201.0800018310547,28623,0.0,0.0
2024-12-05 09:57:00-05:00,201.07000732421875,201.19000244140625,200.9593963623047,201.1699981689453,19720,0.0,0.0
2024-12-05 09:58:00-05:00,201.1999969482422,201.32989501953125,201.08999633789062,201.14999389648438,56040,0.0,0.0
2024-12-05 09:59:00-05:00,201.14999389648438,201.16000366210938,200.77000427246094,200.85000610351562,37699,0.0,0.0
2024-12-05 10:00:00-05:00,200.86000061035156,201.13999938964844,200.8000030517578,201.0500030517578,30656,0.0,0.0
2024-12-05 10:01:00-05:00,201.07000732421875,201.47999572753906,201.07000732421875,201.42359924316406,30550,0.0,0.0
2024-12-05 10:02:00-05:00,201.4761962890625,201.8000030517578,201.38999938964844,201.44000244140625,27833,0.0,0.0
2024-12-05 10:03:00-05:00,201.37899780273438,201.4600067138672,201.27999877929688,201.3000030517578,17872,0.0,0.0
2024-12-05 10:04:00-05:00,201.27999877929688,201.4199981689453,201.1300048828125,201.24000549316406,38691,0.0,0.0
2024-12-05 10:05:00-05:00,201.17999267578125,201.1999969482422,200.92999267578125,201.10000610351562,31276,0.0,0.0
2024-12-05 10:06:00-05:00,201.10000610351562,201.25999450683594,200.97999572753906,201.08999633789062,25858,0.0,0.0
2024-12-05 10:07:00-05:00,201.13999938964844,201.67999267578125,201.10000610351562,201.67999267578125,22327,0.0,0.0
2024-12-05 10:08:00-05:00,201.65499877929688,202.0,201.65499877929688,202.0,25791,0.0,0.0
2024-12-05 10:09:00-05:00,201.97500610351562,202.02999877929688,201.77499389648438,201.80999755859375,51700,0.0,0.0
2024-12-05 10:10:00-05:00,201.77000427246094,201.77000427246094,201.5500030517578,201.64500427246094,23982,0.0,0.0
2024-12-05 10:11:00-05:00,201.64500427246094,201.77000427246094,201.4199981689453,201.44000244140625,20798,0.0,0.0
2024-12-05 10:12:00-05:00,201.4199981689453,201.55999755859375,201.38720703125,201.47999572753906,14031,0.0,0.0
2024-12-05 10:13:00-05:00,201.50999450683594,201.55990600585938,201.16099548339844,201.1999969482422,18425,0.0,0.0
2024-12-05 10:14:00-05:00,201.16000366210938,201.3000030517578,201.16000366210938,201.2899932861328,12989,0.0,0.0
2024-12-05 10:15:00-05:00,201.27999877929688,201.52999877929688,201.2100067138672,201.49000549316406,16219,0.0,0.0
2024-12-05 10:16:00-05:00,201.50999450683594,201.5301055908203,201.36500549316406,201.38999938964844,19417,0.0,0.0
2024-12-05 10:17:00-05:00,201.42999267578125,201.4499969482422,201.36000061035156,201.40499877929688,17185,0.0,0.0
2024-12-05 10:18:00-05:00,201.36000061035156,201.58560180664062,201.35000610351562,201.5131072998047,21161,0.0,0.0
2024-12-05 10:19:00-05:00,201.52000427246094,201.5677032470703,201.22630310058594,201.27999877929688,16957,0.0,0.0
2024-12-05 10:20:00-05:00,201.3000030517578,201.31959533691406,201.15499877929688,201.15499877929688,27050,0.0,0.0
2024-12-05 10:21:00-05:00,201.14999389648438,201.3800048828125,201.0800018310547,201.17750549316406,24268,0.0,0.0
2024-12-05 10:22:00-05:00,201.3800048828125,201.4199981689453,201.14999389648438,201.1999969482422,17003,0.0,0.0
2024-12-05 10:23:00-05:00,201.1999969482422,201.45989990234375,201.1999969482422,201.44000244140625,23550,0.0,0.0
2024-12-05 10:24:00-05:00,201.3800048828125,201.4600067138672,201.19949340820312,201.25999450683594,24044,0.0,0.0
2024-12-05 10:25:00-05:00,201.25999450683594,201.55999755859375,201.22000122070312,201.5500030517578,20650,0.0,0.0
2024-12-05 10:26:00-05:00,201.49009704589844,201.7100067138672,201.49009704589844,201.6300048828125,25630,0.0,0.0
2024-12-05 10:27:00-05:00,201.6300048828125,201.8800048828125,201.625,201.8000030517578,24420,0.0,0.0
2024-12-05 10:28:00-05:00,201.8300018310547,201.8699951171875,201.6999969482422,201.80999755859375,15560,0.0,0.0
2024-12-05 10:29:00-05:00,201.80999755859375,201.83999633789062,201.7301025390625,201.8000030517578,34610,0.0,0.0
2024-12-05 10:30:00-05:00,201.8300018310547,201.9600067138672,201.7375030517578,201.86000061035156,27244,0.0,0.0
2024-12-05 10:31:00-05:00,201.86000061035156,201.91000366210938,201.74000549316406,201.91000366210938,41097,0.0,0.0
2024-12-05 10:32:00-05:00,201.89500427246094,201.9600067138672,201.84500122070312,201.9149932861328,24759,0.0,0.0
2024-12-05 10:33:00-05:00,201.9499969482422,202.2899932861328,201.9499969482422,202.23500061035156,30619,0.0,0.0
2024-12-05 10:34:00-05:00,202.23500061035156,202.3000030517578,202.0500030517578,202.1199951171875,23630,0.0,0.0
2024-12-05 10:35:00-05:00,202.1699981689453,202.38999938964844,202.11000061035156,202.38999938964844,43824,0.0,0.0
2024-12-05 10:36:00-05:00,202.34500122070312,202.39999389648438,202.1991729736328,202.30499267578125,18533,0.0,0.0
2024-12-05 10:37:00-05:00,202.33999633789062,202.49000549316406,202.28680419921875,202.41000366210938,23921,0.0,0.0
2024-12-05 10:38:00-05:00,202.4600067138672,202.5590057373047,202.42999267578125,202.48680114746094,19253,0.0,0.0
2024-12-05 10:39:00-05:00,202.42999267578125,202.4499969482422,202.1999969482422,202.36000061035156,14209,0.0,0.0
2024-12-05 10:40:00-05:00,202.36000061035156,202.3800048828125,202.05999755859375,202.16000366210938,36439,0.0,0.0
2024-12-05 10:41:00-05:00,202.14999389648438,202.1999969482422,201.9801025390625,202.0500030517578,18689,0.0,0.0
2024-12-05 10:42:00-05:00,202.11000061035156,202.1199951171875,201.91000366210938,202.05999755859375,52411,0.0,0.0
2024-12-05 10:43:00-05:00,202.08999633789062,202.27000427246094,202.0399932861328,202.25999450683594,32135,0.0,0.0
2024-12-05 10:44:00-05:00,202.3000030517578,202.52000427246094,202.27000427246094,202.52000427246094,28383,0.0,0.0
2024-12-05 10:45:00-05:00,202.5399932861328,202.60000610351562,202.32000732421875,202.47999572753906,49139,0.0,0.0
2024-12-05 10:46:00-05:00,202.49000549316406,202.5500030517578,202.32009887695312,202.38999938964844,18096,0.0,0.0
2024-12-05 10:47:00-05:00,202.36000061035156,202.6199951171875,202.35000610351562,202.58999633789062,18956,0.0,0.0
2024-12-05 10:48:00-05:00,202.61990356445312,202.61990356445312,202.38999938964844,202.38999938964844,12838,0.0,0.0
2024-12-05 10:49:00-05:00,202.4499969482422,202.5399932861328,202.3000030517578,202.3000030517578,21488,0.0,0.0
2024-12-05 10:50:00-05:00,202.2899932861328,202.41000366210938,202.2100067138672,202.35499572753906,17488,0.0,0.0
2024-12-05 10:51:00-05:00,202.4199981689453,202.47000122070312,202.27999877929688,202.3800048828125,17773,0.0,0.0
2024-12-05 10:52:00-05:00,202.3800048828125,202.44000244140625,202.25999450683594,202.41000366210938,18731,0.0,0.0
2024-12-05 10:53:00-05:00,202.40750122070312,202.52000427246094,202.36000061035156,202.5,10973,0.0,0.0
2024-12-05 10:54:00-05:00,202.52999877929688,202.67999267578125,202.49000549316406,202.67999267578125,26046,0.0,0.0
2024-12-05 10:55:00-05:00,202.6699981689453,202.67999267578125,202.52999877929688,202.6300048828125,16858,0.0,0.0
2024-12-05 10:56:00-05:00,202.60000610351562,202.86500549316406,202.60000610351562,202.8050994873047,31534,0.0,0.0
2024-12-05 10:57:00-05:00,202.77000427246094,202.91000366210938,202.77000427246094,202.84500122070312,28982,0.0,0.0
2024-12-05 10:58:00-05:00,202.86000061035156,202.89999389648438,202.74000549316406,202.8300018310547,17500,0.0,0.0
2024-12-05 10:59:00-05:00,202.84860229492188,203.0,202.8000030517578,202.8699951171875,37602,0.0,0.0
2024-12-05 11:00:00-05:00,202.8800048828125,202.94000244140625,202.8699951171875,202.92999267578125,21632,0.0,0.0
2024-12-05 11:01:00-05:00,202.9499969482422,203.00999450683594,202.89990234375,202.99000549316406,48865,0.0,0.0
2024-12-05 11:02:00-05:00,203.0,203.17999267578125,202.94000244140625,203.02999877929688,65348,0.0,0.0
2024-12-05 11:03:00-05:00,203.10000610351562,203.10000610351562,202.85000610351562,203.07000732421875,46338,0.0,0.0
2024-12-05 11:04:00-05:00,203.07000732421875,203.13999938964844,203.02000427246094,203.08999633789062,21162,0.0,0.0
2024-12-05 11:05:00-05:00,203.0500030517578,203.08999633789062,202.94009399414062,203.01499938964844,22335,0.0,0.0
2024-12-05 11:06:00-05:00,203.05560302734375,203.1300048828125,203.0,203.1300048828125,23865,0.0,0.0
2024-12-05 11:07:00-05:00,203.11000061035156,203.35000610351562,203.11000061035156,203.30999755859375,31764,0.0,0.0
2024-12-05 11:08:00-05:00,203.27999877929688,203.33999633789062,203.24000549316406,203.3000030517578,18076,0.0,0.0
2024-12-05 11:09:00-05:00,203.3000030517578,203.33999633789062,203.25,203.32000732421875,14983,0.0,0.0
2024-12-05 11:10:00-05:00,203.2949981689453,203.3300018310547,203.1300048828125,203.3000030517578,19314,0.0,0.0
2024-12-05 11:11:00-05:00,203.3000030517578,203.33999633789062,203.16200256347656,203.33999633789062,17977,0.0,0.0
2024-12-05 11:12:00-05:00,203.25010681152344,203.5500030517578,203.25010681152344,203.3699951171875,47525,0.0,0.0
2024-12-05 11:13:00-05:00,203.39999389648438,203.39999389648438,203.08009338378906,203.11500549316406,16082,0.0,0.0
2024-12-05 11:14:00-05:00,203.11500549316406,203.13999938964844,202.97000122070312,203.02999877929688,26515,0.0,0.0
2024-12-05 11:15:00-05:00,203.0,203.0,202.86500549316406,202.9199981689453,17038,0.0,0.0
2024-12-05 11:16:00-05:00,202.90499877929688,203.24000549316406,202.81539916992188,203.2100067138672,14727,0.0,0.0
2024-12-05 11:17:00-05:00,203.21499633789062,203.31829833984375,203.1999969482422,203.2510986328125,10187,0.0,0.0
2024-12-05 11:18:00-05:00,203.28500366210938,203.67999267578125,203.25540161132812,203.6033935546875,30426,0.0,0.0
2024-12-05 11:19:00-05:00,203.60000610351562,203.65989685058594,203.54730224609375,203.60499572753906,20076,0.0,0.0
2024-12-05 11:20:00-05:00,203.60499572753906,203.77999877929688,203.5500030517578,203.77999877929688,30883,0.0,0.0
2024-12-05 11:21:00-05:00,203.77999877929688,203.8800048828125,203.64999389648438,203.8300018310547,24871,0.0,0.0
2024-12-05 11:22:00-05:00,203.86390686035156,203.8800048828125,203.77000427246094,203.8699951171875,19679,0.0,0.0
2024-12-05 11:23:00-05:00,203.88999938964844,203.97000122070312,203.8800048828125,203.9001007080078,26280,0.0,0.0
2024-12-05 11:24:00-05:00,203.92999267578125,204.1699981689453,203.89999389648438,204.16000366210938,53216,0.0,0.0
2024-12-05 11:25:00-05:00,204.18179321289062,204.22000122070312,204.09500122070312,204.15499877929688,28259,0.0,0.0
2024-12-05 11:26:00-05:00,204.16000366210938,204.16000366210938,203.91000366210938,204.08999633789062,31002,0.0,0.0
2024-12-05 11:27:00-05:00,204.11000061035156,204.19000244140625,204.05870056152344,204.14500427246094,21006,0.0,0.0
2024-12-05 11:28:00-05:00,204.17149353027344,204.25999450683594,204.0399932861328,204.24000549316406,18431,0.0,0.0
2024-12-05 11:29:00-05:00,204.22500610351562,204.25999450683594,204.1356964111328,204.22999572753906,25204,0.0,0.0
2024-12-05 11:30:00-05:00,204.25999450683594,204.4199981689453,204.21499633789062,204.3800048828125,28478,0.0,0.0
2024-12-05 11:31:00-05:00,204.3800048828125,204.49000549316406,204.3699951171875,204.4499969482422,28431,0.0,0.0
2024-12-05 11:32:00-05:00,204.4499969482422,204.52000427246094,204.4199981689453,204.5,41141,0.0,0.0
2024-12-05 11:33:00-05:00,204.5,204.52000427246094,204.39999389648438,204.42999267578125,31303,0.0,0.0
2024-12-05 11:34:00-05:00,204.4550018310547,204.49000549316406,204.3000946044922,204.30999755859375,42484,0.0,0.0
2024-12-05 11:35:00-05:00,204.30999755859375,204.32000732421875,203.97999572753906,204.2050018310547,60125,0.0,0.0
2024-12-05 11:36:00-05:00,204.2050018310547,204.24000549316406,204.1300048828125,204.2100067138672,22323,0.0,0.0
2024-12-05 11:37:00-05:00,204.2100067138672,204.27000427246094,204.11000061035156,204.2100067138672,25366,0.0,0.0
2024-12-05 11:38:00-05:00,204.23500061035156,204.49000549316406,204.23500061035156,204.43499755859375,22080,0.0,0.0
2024-12-05 11:39:00-05:00,204.43499755859375,204.5399932861328,204.10000610351562,204.3000030517578,54081,0.0,0.0
2024-12-05 11:40:00-05:00,204.3300018310547,204.38999938964844,204.17999267578125,204.36000061035156,27074,0.0,0.0
2024-12-05 11:41:00-05:00,204.3699951171875,204.45989990234375,204.125,204.17999267578125,50243,0.0,0.0
2024-12-05 11:42:00-05:00,204.17999267578125,204.22999572753906,203.9499969482422,204.02999877929688,31236,0.0,0.0
2024-12-05 11:43:00-05:00,204.02999877929688,204.1300048828125,203.97000122070312,204.01690673828125,26682,0.0,0.0
2024-12-05 11:44:00-05:00,204.01499938964844,204.0500030517578,203.97000122070312,204.02000427246094,16462,0.0,0.0
2024-12-05 11:45:00-05:00,203.97500610351562,204.1300048828125,203.97500610351562,204.0500030517578,13600,0.0,0.0
2024-12-05 11:46:00-05:00,204.0500030517578,204.11000061035156,204.0301055908203,204.0399932861328,11408,0.0,0.0
2024-12-05 11:47:00-05:00,204.0399932861328,204.14990234375,203.98089599609375,204.02000427246094,25736,0.0,0.0
2024-12-05 11:48:00-05:00,204.01499938964844,204.0500030517578,203.95010375976562,203.9824981689453,8888,0.0,0.0
2024-12-05 11:49:00-05:00,203.98500061035156,204.22999572753906,203.97869873046875,204.17250061035156,29930,0.0,0.0
2024-12-05 11:50:00-05:00,204.2100067138672,204.3699951171875,204.19329833984375,204.36000061035156,32652,0.0,0.0
2024-12-05 11:51:00-05:00,204.3699951171875,204.47000122070312,204.32000732421875,204.4127960205078,17158,0.0,0.0
2024-12-05 11:52:00-05:00,204.42999267578125,204.50999450683594,204.38999938964844,204.5050048828125,24474,0.0,0.0
2024-12-05 11:53:00-05:00,204.50999450683594,204.74000549316406,204.50999450683594,204.74000549316406,30757,0.0,0.0
2024-12-05 11:54:00-05:00,204.74000549316406,204.86000061035156,204.6699981689453,204.72000122070312,65861,0.0,0.0
2024-12-05 11:55:00-05:00,204.6999969482422,204.6999969482422,204.55999755859375,204.65829467773438,35535,0.0,0.0
2024-12-05 11:56:00-05:00,204.6385040283203,204.8699951171875,204.6385040283203,204.7949981689453,31918,0.0,0.0
2024-12-05 11:57:00-05:00,204.82000732421875,204.83999633789062,204.66009521484375,204.77499389648438,25121,0.0,0.0
2024-12-05 11:58:00-05:00,204.80999755859375,204.8800048828125,204.7899932861328,204.83999633789062,18413,0.0,0.0
2024-12-05 11:59:00-05:00,204.86000061035156,204.9600067138672,204.83999633789062,204.9600067138672,41627,0.0,0.0
2024-12-05 12:00:00-05:00,204.93499755859375,204.93499755859375,204.63999938964844,204.75999450683594,28654,0.0,0.0
2024-12-05 12:01:00-05:00,204.77999877929688,204.8000030517578,204.58999633789062,204.8000030517578,16128,0.0,0.0
2024-12-05 12:02:00-05:00,204.79989624023438,204.8000030517578,204.72999572753906,204.75,16530,0.0,0.0
2024-12-05 12:03:00-05:00,204.73829650878906,204.85000610351562,204.72000122070312,204.8249969482422,13617,0.0,0.0
2024-12-05 12:04:00-05:00,204.85000610351562,204.88999938964844,204.72000122070312,204.75399780273438,43737,0.0,0.0
2024-12-05 12:05:00-05:00,204.82000732421875,204.8300018310547,204.69000244140625,204.7449951171875,10477,0.0,0.0
2024-12-05 12:06:00-05:00,204.74440002441406,204.92999267578125,204.74440002441406,204.83999633789062,21045,0.0,0.0
2024-12-05 12:07:00-05:00,204.83999633789062,205.0800018310547,204.83999633789062,205.02499389648438,329987,0.0,0.0
2024-12-05 12:08:00-05:00,205.0500030517578,205.24000549316406,205.01010131835938,205.01010131835938,23908,0.0,0.0
2024-12-05 12:09:00-05:00,205.00999450683594,205.07000732421875,204.8699951171875,205.02999877929688,43083,0.0,0.0
2024-12-05 12:10:00-05:00,205.02999877929688,205.1300048828125,205.0,205.10000610351562,19989,0.0,0.0
2024-12-05 12:11:00-05:00,205.0850067138672,205.0850067138672,204.94009399414062,205.00039672851562,10946,0.0,0.0
2024-12-05 12:12:00-05:00,205.02999877929688,205.22999572753906,205.02999877929688,205.19000244140625,28074,0.0,0.0
2024-12-05 12:13:00-05:00,205.1699981689453,205.24000549316406,205.1199951171875,205.2100067138672,20367,0.0,0.0
2024-12-05 12:14:00-05:00,205.24000549316406,205.35000610351562,205.14999389648438,205.25999450683594,29615,0.0,0.0
2024-12-05 12:15:00-05:00,205.25,205.39999389648438,205.1699981689453,205.35000610351562,24967,0.0,0.0
2024-12-05 12:16:00-05:00,205.3800048828125,205.44000244140625,205.3300018310547,205.44000244140625,99461,0.0,0.0
2024-12-05 12:17:00-05:00,205.42999267578125,205.60000610351562,205.42999267578125,205.5800018310547,35602,0.0,0.0
2024-12-05 12:18:00-05:00,205.55999755859375,205.6300048828125,205.47500610351562,205.5850067138672,30238,0.0,0.0
2024-12-05 12:19:00-05:00,205.57000732421875,205.57000732421875,205.3800048828125,205.4499969482422,24867,0.0,0.0
2024-12-05 12:20:00-05:00,205.4499969482422,205.49000549316406,205.36000061035156,205.4326934814453,16104,0.0,0.0
2024-12-05 12:21:00-05:00,205.4550018310547,205.47830200195312,205.38009643554688,205.39999389648438,10636,0.0,0.0
2024-12-05 12:22:00-05:00,205.3699951171875,205.5,205.24000549316406,205.2899932861328,21413,0.0,0.0
2024-12-05 12:23:00-05:00,205.27499389648438,205.27499389648438,204.9591064453125,204.98500061035156,23613,0.0,0.0
2024-12-05 12:24:00-05:00,205.01870727539062,205.05999755859375,204.94000244140625,204.99989318847656,21281,0.0,0.0
2024-12-05 12:25:00-05:00,204.99000549316406,205.0,204.85574340820312,204.92999267578125,23942,0.0,0.0
2024-12-05 12:26:00-05:00,204.92999267578125,205.22000122070312,204.82080078125,205.19500732421875,17235,0.0,0.0
2024-12-05 12:27:00-05:00,205.16009521484375,205.27000427246094,205.14010620117188,205.22000122070312,7127,0.0,0.0
2024-12-05 12:28:00-05:00,205.25,205.3000030517578,205.19000244140625,205.2113037109375,13927,0.0,0.0
2024-12-05 12:29:00-05:00,205.2375030517578,205.2375030517578,205.16000366210938,205.2075958251953,9527,0.0,0.0
2024-12-05 12:30:00-05:00,205.22000122070312,205.3300018310547,205.14999389648438,205.32510375976562,26819,0.0,0.0
2024-12-05 12:31:00-05:00,205.30999755859375,205.30999755859375,205.17999267578125,205.1999969482422,24218,0.0,0.0
2024-12-05 12:32:00-05:00,205.24000549316406,205.2711944580078,205.1999969482422,205.25,7693,0.0,0.0
2024-12-05 12:33:00-05:00,205.2100067138672,205.25999450683594,205.1903076171875,205.23500061035156,6442,0.0,0.0
2024-12-05 12:34:00-05:00,205.24000549316406,205.4600067138672,205.2100067138672,205.43499755859375,16195,0.0,0.0
2024-12-05 12:35:00-05:00,205.4600067138672,205.5,205.4199981689453,205.4600067138672,14985,0.0,0.0
2024-12-05 12:36:00-05:00,205.466796875,205.5500030517578,205.375,205.51930236816406,20799,0.0,0.0
2024-12-05 12:37:00-05:00,205.5,205.5,205.30999755859375,205.4199981689453,11179,0.0,0.0
2024-12-05 12:38:00-05:00,205.4600067138672,205.5,205.32000732421875,205.35000610351562,13371,0.0,0.0
2024-12-05 12:39:00-05:00,205.32049560546875,205.39999389648438,205.30999755859375,205.3800048828125,15529,0.0,0.0
2024-12-05 12:40:00-05:00,205.39999389648438,205.39999389648438,205.30999755859375,205.36000061035156,9873,0.0,0.0
2024-12-05 12:41:00-05:00,205.36000061035156,205.5,205.35000610351562,205.4550018310547,216328,0.0,0.0
2024-12-05 12:42:00-05:00,205.49000549316406,205.49000549316406,205.3300018310547,205.34579467773438,12447,0.0,0.0
2024-12-05 12:43:00-05:00,205.3800048828125,205.38999938964844,205.13999938964844,205.15130615234375,28037,0.0,0.0
2024-12-05 12:44:00-05:00,205.14999389648438,205.15859985351562,205.1002960205078,205.13999938964844,11782,0.0,0.0
2024-12-05 12:45:00-05:00,205.13999938964844,205.3300018310547,205.13999938964844,205.2707061767578,27090,0.0,0.0
2024-12-05 12:46:00-05:00,205.2908935546875,205.2908935546875,205.19000244140625,205.2100067138672,17631,0.0,0.0
2024-12-05 12:47:00-05:00,205.3000030517578,205.35000610351562,205.0399932861328,205.05599975585938,16150,0.0,0.0
2024-12-05 12:48:00-05:00,205.0500030517578,205.0970001220703,204.6884002685547,204.80259704589844,39681,0.0,0.0
2024-12-05 12:49:00-05:00,204.8065948486328,204.86000061035156,204.7449951171875,204.77999877929688,12192,0.0,0.0
2024-12-05 12:50:00-05:00,204.77999877929688,204.86000061035156,204.7301025390625,204.77999877929688,11294,0.0,0.0
2024-12-05 12:51:00-05:00,204.7899932861328,204.92999267578125,204.76010131835938,204.92999267578125,10342,0.0,0.0
2024-12-05 12:52:00-05:00,204.88999938964844,204.92359924316406,204.84500122070312,204.84500122070312,8294,0.0,0.0
2024-12-05 12:53:00-05:00,204.82240295410156,204.97720336914062,204.82000732421875,204.9600067138672,11831,0.0,0.0
2024-12-05 12:54:00-05:00,204.9199981689453,204.99000549316406,204.85000610351562,204.94500732421875,7058,0.0,0.0
2024-12-05 12:55:00-05:00,204.97999572753906,204.99000549316406,204.8800048828125,204.9499969482422,11605,0.0,0.0
2024-12-05 12:56:00-05:00,204.93499755859375,204.93499755859375,204.8800048828125,204.89349365234375,7866,0.0,0.0
2024-12-05 12:57:00-05:00,204.88999938964844,204.89990234375,204.81190490722656,204.8699951171875,13622,0.0,0.0
2024-12-05 12:58:00-05:00,204.8699951171875,204.88999938964844,204.83999633789062,204.86500549316406,6653,0.0,0.0
2024-12-05 12:59:00-05:00,204.86500549316406,205.02999877929688,204.85000610351562,205.0,14140,0.0,0.0
2024-12-05 13:00:00-05:00,204.99000549316406,205.03500366210938,204.89999389648438,204.92999267578125,14737,0.0,0.0
2024-12-05 13:01:00-05:00,204.89999389648438,204.91000366210938,204.80499267578125,204.80499267578125,16871,0.0,0.0
2024-12-05 13:02:00-05:00,204.77999877929688,204.79510498046875,204.56500244140625,204.60000610351562,17377,0.0,0.0
2024-12-05 13:03:00-05:00,204.61000061035156,204.69000244140625,204.5583038330078,204.5850067138672,12481,0.0,0.0
2024-12-05 13:04:00-05:00,204.59249877929688,204.72500610351562,204.52999877929688,204.6999969482422,18146,0.0,0.0
2024-12-05 13:05:00-05:00,204.72999572753906,204.76280212402344,204.64999389648438,204.76280212402344,8791,0.0,0.0
2024-12-05 13:06:00-05:00,204.75999450683594,204.89999389648438,204.75999450683594,204.75999450683594,10125,0.0,0.0
2024-12-05 13:07:00-05:00,204.7301025390625,204.7949981689453,204.55740356445312,204.59010314941406,14112,0.0,0.0
2024-12-05 13:08:00-05:00,204.58999633789062,204.80999755859375,204.5498046875,204.77999877929688,17989,0.0,0.0
2024-12-05 13:09:00-05:00,204.7899932861328,204.7899932861328,204.68310546875,204.68389892578125,9494,0.0,0.0
2024-12-05 13:10:00-05:00,204.7050018310547,204.74989318847656,204.67999267578125,204.67999267578125,14168,0.0,0.0
2024-12-05 13:11:00-05:00,204.6699981689453,204.69000244140625,204.57000732421875,204.57000732421875,9019,0.0,0.0
2024-12-05 13:12:00-05:00,204.5998992919922,204.6699981689453,204.54010009765625,204.6699981689453,13273,0.0,0.0
2024-12-05 13:13:00-05:00,204.6699981689453,204.72999572753906,204.66000366210938,204.72999572753906,4082,0.0,0.0
2024-12-05 13:14:00-05:00,204.6999969482422,204.72000122070312,204.57000732421875,204.6999969482422,13657,0.0,0.0
2024-12-05 13:15:00-05:00,204.69000244140625,204.8350067138672,204.69000244140625,204.8350067138672,6444,0.0,0.0
2024-12-05 13:16:00-05:00,204.8350067138672,204.83999633789062,204.62010192871094,204.62010192871094,12005,0.0,0.0
2024-12-05 13:17:00-05:00,204.6649932861328,204.6649932861328,204.5399932861328,204.60000610351562,8544,0.0,0.0
2024-12-05 13:18:00-05:00,204.5399932861328,204.55999755859375,204.3000946044922,204.36500549316406,21199,0.0,0.0
2024-12-05 13:19:00-05:00,204.34500122070312,204.36000061035156,204.20010375976562,204.23460388183594,13440,0.0,0.0
2024-12-05 13:20:00-05:00,204.26499938964844,204.3697967529297,204.22999572753906,204.25999450683594,15746,0.0,0.0
2024-12-05 13:21:00-05:00,204.27999877929688,204.32000732421875,204.17999267578125,204.2899932861328,16952,0.0,0.0
2024-12-05 13:22:00-05:00,204.32989501953125,204.35000610351562,204.24009704589844,204.27999877929688,6847,0.0,0.0
2024-12-05 13:23:00-05:00,204.2899932861328,204.2899932861328,204.14999389648438,204.2299041748047,17332,0.0,0.0
2024-12-05 13:24:00-05:00,204.17999267578125,204.17999267578125,203.9281005859375,203.94000244140625,58767,0.0,0.0
2024-12-05 13:25:00-05:00,203.94000244140625,203.94000244140625,203.74000549316406,203.74009704589844,18206,0.0,0.0
2024-12-05 13:26:00-05:00,203.7548065185547,204.1199951171875,203.7548065185547,203.99220275878906,32819,0.0,0.0
2024-12-05 13:27:00-05:00,203.97999572753906,204.0699005126953,203.8800048828125,203.88999938964844,14903,0.0,0.0
2024-12-05 13:28:00-05:00,203.88999938964844,204.12989807128906,203.88999938964844,203.9927978515625,20673,0.0,0.0
2024-12-05 13:29:00-05:00,204.02499389648438,204.10000610351562,203.9600067138672,203.97999572753906,20088,0.0,0.0
2024-12-05 13:30:00-05:00,204.0,204.0,203.75,203.75999450683594,214503,0.0,0.0
2024-12-05 13:31:00-05:00,203.75999450683594,203.86000061035156,203.72999572753906,203.75999450683594,12582,0.0,0.0
2024-12-05 13:32:00-05:00,203.7989959716797,204.33389282226562,203.58999633789062,203.75999450683594,31224,0.0,0.0
2024-12-05 13:33:00-05:00,203.77000427246094,203.96969604492188,203.75999450683594,203.88999938964844,25679,0.0,0.0
2024-12-05 13:34:00-05:00,203.92999267578125,204.17999267578125,203.87010192871094,204.03988647460938,25744,0.0,0.0
2024-12-05 13:35:00-05:00,204.0720977783203,204.14990234375,203.83999633789062,204.0500030517578,20511,0.0,0.0
2024-12-05 13:36:00-05:00,204.0399932861328,204.05999755859375,203.99000549316406,204.0500030517578,3904,0.0,0.0
2024-12-05 13:37:00-05:00,204.08999633789062,204.1999053955078,204.07000732421875,204.0800018310547,20907,0.0,0.0
2024-12-05 13:38:00-05:00,204.1199951171875,204.24000549316406,204.11000061035156,204.18499755859375,7343,0.0,0.0
2024-12-05 13:39:00-05:00,204.13999938964844,204.25999450683594,204.1300048828125,204.2550048828125,7173,0.0,0.0
2024-12-05 13:40:00-05:00,204.2100067138672,204.3000030517578,204.1999969482422,204.2550048828125,6350,0.0,0.0
2024-12-05 13:41:00-05:00,204.22000122070312,204.2899932861328,204.16000366210938,204.2100067138672,6549,0.0,0.0
2024-12-05 13:42:00-05:00,204.2899932861328,204.2899932861328,204.13999938964844,204.13999938964844,16612,0.0,0.0
2024-12-05 13:43:00-05:00,204.13499450683594,204.27000427246094,204.12240600585938,204.21640014648438,6925,0.0,0.0
2024-12-05 13:44:00-05:00,204.22999572753906,204.25999450683594,204.2100067138672,204.25059509277344,4129,0.0,0.0
2024-12-05 13:45:00-05:00,204.22000122070312,204.27999877929688,204.1999969482422,204.25999450683594,8853,0.0,0.0
2024-12-05 13:46:00-05:00,204.24000549316406,204.24000549316406,204.11000061035156,204.11000061035156,9411,0.0,0.0
2024-12-05 13:47:00-05:00,204.19000244140625,204.1999969482422,204.1300048828125,204.16220092773438,5698,0.0,0.0
2024-12-05 13:48:00-05:00,204.13999938964844,204.2050018310547,204.13999938964844,204.1699981689453,8374,0.0,0.0
2024-12-05 13:49:00-05:00,204.13999938964844,204.14999389648438,204.0500030517578,204.0509033203125,11352,0.0,0.0
2024-12-05 13:50:00-05:00,204.0800018310547,204.11000061035156,203.94000244140625,204.00999450683594,13696,0.0,0.0
2024-12-05 13:51:00-05:00,204.00999450683594,204.00999450683594,203.8699951171875,203.89999389648438,10985,0.0,0.0
2024-12-05 13:52:00-05:00,203.90499877929688,203.97000122070312,203.81570434570312,203.81570434570312,9015,0.0,0.0
2024-12-05 13:53:00-05:00,203.85499572753906,203.86000061035156,203.68919372558594,203.68919372558594,8582,0.0,0.0
2024-12-05 13:54:00-05:00,203.72000122070312,203.84530639648438,203.6199951171875,203.69000244140625,21095,0.0,0.0
2024-12-05 13:55:00-05:00,203.72999572753906,203.77999877929688,203.5800018310547,203.5800018310547,15104,0.0,0.0
2024-12-05 13:56:00-05:00,203.5800018310547,203.69000244140625,203.5800018310547,203.6199951171875,7109,0.0,0.0
2024-12-05 13:57:00-05:00,203.66000366210938,203.7100067138672,203.63999938964844,203.63999938964844,9554,0.0,0.0
2024-12-05 13:58:00-05:00,203.6699981689453,204.0778045654297,203.64999389648438,203.77999877929688,20668,0.0,0.0
2024-12-05 13:59:00-05:00,203.77999877929688,203.8000030517578,203.72000122070312,203.72000122070312,7901,0.0,0.0
2024-12-05 14:00:00-05:00,203.75999450683594,203.86000061035156,203.69790649414062,203.85000610351562,17439,0.0,0.0
2024-12-05 14:01:00-05:00,203.89500427246094,203.89999389648438,203.80999755859375,203.8800048828125,7345,0.0,0.0
2024-12-05 14:02:00-05:00,203.88499450683594,203.89999389648438,203.7209930419922,203.7209930419922,8927,0.0,0.0
2024-12-05 14:03:00-05:00,203.72999572753906,203.84500122070312,203.7100067138672,203.7100067138672,10166,0.0,0.0
2024-12-05 14:04:00-05:00,203.75,203.91000366210938,203.74659729003906,203.77999877929688,9739,0.0,0.0
2024-12-05 14:05:00-05:00,203.8000030517578,203.82000732421875,203.73480224609375,203.74000549316406,8826,0.0,0.0
2024-12-05 14:06:00-05:00,203.72000122070312,203.72999572753906,203.58999633789062,203.66000366210938,10551,0.0,0.0
2024-12-05 14:07:00-05:00,203.66000366210938,203.91000366210938,203.66000366210938,203.90499877929688,9264,0.0,0.0
2024-12-05 14:08:00-05:00,203.91000366210938,204.12989807128906,203.91000366210938,204.08999633789062,16796,0.0,0.0
2024-12-05 14:09:00-05:00,204.11000061035156,204.21499633789062,204.11000061035156,204.21499633789062,4883,0.0,0.0
2024-12-05 14:10:00-05:00,204.21499633789062,204.2899932861328,204.19000244140625,204.25,7518,0.0,0.0
2024-12-05 14:11:00-05:00,204.24000549316406,204.33999633789062,204.24000549316406,204.2899932861328,10674,0.0,0.0
2024-12-05 14:12:00-05:00,204.27999877929688,204.4499969482422,204.27999877929688,204.3699951171875,13605,0.0,0.0
2024-12-05 14:13:00-05:00,204.36000061035156,204.39999389648438,204.31329345703125,204.3249969482422,9651,0.0,0.0
2024-12-05 14:14:00-05:00,204.33999633789062,204.38999938964844,204.25,204.25,21915,0.0,0.0
2024-12-05 14:15:00-05:00,204.24000549316406,204.32000732421875,204.1649932861328,204.1999969482422,51254,0.0,0.0
2024-12-05 14:16:00-05:00,204.2100067138672,204.27870178222656,204.1999969482422,204.25999450683594,7772,0.0,0.0
2024-12-05 14:17:00-05:00,204.25999450683594,204.25999450683594,204.1999969482422,204.22999572753906,4917,0.0,0.0
2024-12-05 14:18:00-05:00,204.22999572753906,204.42999267578125,204.1999969482422,204.41000366210938,36603,0.0,0.0
2024-12-05 14:19:00-05:00,204.41000366210938,204.42239379882812,204.29910278320312,204.36500549316406,18680,0.0,0.0
2024-12-05 14:20:00-05:00,204.38580322265625,204.5800018310547,204.3699951171875,204.5449981689453,14411,0.0,0.0
2024-12-05 14:21:00-05:00,204.5500030517578,204.7949981689453,204.50999450683594,204.74000549316406,15027,0.0,0.0
2024-12-05 14:22:00-05:00,204.72000122070312,204.7449951171875,204.67999267578125,204.73599243164062,16295,0.0,0.0
2024-12-05 14:23:00-05:00,204.71499633789062,204.72999572753906,204.6699981689453,204.6699981689453,6292,0.0,0.0
2024-12-05 14:24:00-05:00,204.69000244140625,204.91000366210938,204.69000244140625,204.91000366210938,19292,0.0,0.0
2024-12-05 14:25:00-05:00,204.8800048828125,204.8800048828125,204.72000122070312,204.75,17085,0.0,0.0
2024-12-05 14:26:00-05:00,204.77000427246094,204.80999755859375,204.69000244140625,204.75,14296,0.0,0.0
2024-12-05 14:27:00-05:00,204.72999572753906,204.7899932861328,204.6800994873047,204.6999969482422,8988,0.0,0.0
2024-12-05 14:28:00-05:00,204.6999969482422,204.7100067138672,204.6136016845703,204.7100067138672,9404,0.0,0.0
2024-12-05 14:29:00-05:00,204.7100067138672,204.7386932373047,204.60000610351562,204.6428985595703,13211,0.0,0.0
2024-12-05 14:30:00-05:00,204.61000061035156,204.66000366210938,204.52040100097656,204.5800018310547,25665,0.0,0.0
2024-12-05 14:31:00-05:00,204.58999633789062,204.63499450683594,204.55999755859375,204.60000610351562,12400,0.0,0.0
2024-12-05 14:32:00-05:00,204.60000610351562,204.74000549316406,204.57000732421875,204.6300048828125,32161,0.0,0.0
2024-12-05 14:33:00-05:00,204.6300048828125,204.74000549316406,204.6143035888672,204.6947021484375,5410,0.0,0.0
2024-12-05 14:34:00-05:00,204.7100067138672,204.7100067138672,204.6199951171875,204.64999389648438,7344,0.0,0.0
2024-12-05 14:35:00-05:00,204.64999389648438,204.74000549316406,204.60150146484375,204.6699981689453,18044,0.0,0.0
2024-12-05 14:36:00-05:00,204.63999938964844,204.63999938964844,204.52047729492188,204.55999755859375,15730,0.0,0.0
2024-12-05 14:37:00-05:00,204.57000732421875,204.58999633789062,204.5,204.52000427246094,6593,0.0,0.0
2024-12-05 14:38:00-05:00,204.52000427246094,204.62989807128906,204.5,204.62989807128906,21932,0.0,0.0
2024-12-05 14:39:00-05:00,204.6300048828125,204.6750030517578,204.57090759277344,204.5709991455078,9302,0.0,0.0
2024-12-05 14:40:00-05:00,204.57000732421875,204.5749969482422,204.4499969482422,204.5399932861328,10377,0.0,0.0
2024-12-05 14:41:00-05:00,204.52999877929688,204.58999633789062,204.5,204.53500366210938,15174,0.0,0.0
2024-12-05 14:42:00-05:00,204.5500030517578,204.55999755859375,204.39999389648438,204.49000549316406,16367,0.0,0.0
2024-12-05 14:43:00-05:00,204.5,204.58999633789062,204.5,204.52000427246094,12385,0.0,0.0
2024-12-05 14:44:00-05:00,204.55999755859375,204.55999755859375,204.47999572753906,204.49000549316406,6733,0.0,0.0
2024-12-05 14:45:00-05:00,204.49000549316406,204.49000549316406,204.33999633789062,204.375,27556,0.0,0.0
2024-12-05 14:46:00-05:00,204.39999389648438,204.39999389648438,204.32000732421875,204.32000732421875,6253,0.0,0.0
2024-12-05 14:47:00-05:00,204.33399963378906,204.38999938964844,204.29710388183594,204.35000610351562,10606,0.0,0.0
2024-12-05 14:48:00-05:00,204.36000061035156,204.5399932861328,204.32350158691406,204.47959899902344,9495,0.0,0.0
2024-12-05 14:49:00-05:00,204.47000122070312,204.5500030517578,204.42999267578125,204.47999572753906,11379,0.0,0.0
2024-12-05 14:50:00-05:00,204.50999450683594,204.60000610351562,204.50999450683594,204.5800018310547,10018,0.0,0.0
2024-12-05 14:51:00-05:00,204.5800018310547,204.5800018310547,204.3699951171875,204.42999267578125,34173,0.0,0.0
2024-12-05 14:52:00-05:00,204.42999267578125,204.44000244140625,204.35000610351562,204.35000610351562,5387,0.0,0.0
2024-12-05 14:53:00-05:00,204.36500549316406,204.43930053710938,204.33999633789062,204.4149932861328,23080,0.0,0.0
2024-12-05 14:54:00-05:00,204.375,204.4199981689453,204.2700958251953,204.30560302734375,13684,0.0,0.0
2024-12-05 14:55:00-05:00,204.30999755859375,204.3699951171875,204.2613983154297,204.33999633789062,4917,0.0,0.0
2024-12-05 14:56:00-05:00,204.33999633789062,204.42999267578125,204.3000030517578,204.38999938964844,8252,0.0,0.0
2024-12-05 14:57:00-05:00,204.38999938964844,204.38999938964844,204.3000030517578,204.3249969482422,8774,0.0,0.0
2024-12-05 14:58:00-05:00,204.30479431152344,204.35000610351562,204.26499938964844,204.26499938964844,9758,0.0,0.0
2024-12-05 14:59:00-05:00,204.24000549316406,204.3300018310547,204.24000549316406,204.30999755859375,11302,0.0,0.0
2024-12-05 15:00:00-05:00,204.32000732421875,204.4199981689453,204.24000549316406,204.36000061035156,14608,0.0,0.0
2024-12-05 15:01:00-05:00,204.33999633789062,204.33999633789062,204.22999572753906,204.27999877929688,9010,0.0,0.0
2024-12-05 15:02:00-05:00,204.3300018310547,204.38999938964844,204.2899932861328,204.33999633789062,12688,0.0,0.0
2024-12-05 15:03:00-05:00,204.37330627441406,204.41000366210938,204.2821044921875,204.33999633789062,18577,0.0,0.0
2024-12-05 15:04:00-05:00,204.35000610351562,204.41000366210938,204.2899932861328,204.36000061035156,12158,0.0,0.0
2024-12-05 15:05:00-05:00,204.3300018310547,204.42999267578125,204.32000732421875,204.32000732421875,23910,0.0,0.0
2024-12-05 15:06:00-05:00,204.32000732421875,204.36000061035156,204.25,204.27999877929688,17150,0.0,0.0
2024-12-05 15:07:00-05:00,204.24000549316406,204.27999877929688,204.17999267578125,204.25,6834,0.0,0.0
2024-12-05 15:08:00-05:00,204.2220001220703,204.25999450683594,204.2220001220703,204.2449951171875,3737,0.0,0.0
2024-12-05 15:09:00-05:00,204.27000427246094,204.3551025390625,204.16000366210938,204.1999969482422,26551,0.0,0.0
2024-12-05 15:10:00-05:00,204.22000122070312,204.3000030517578,204.21229553222656,204.21310424804688,12520,0.0,0.0
2024-12-05 15:11:00-05:00,204.2100067138672,204.2100067138672,204.1699981689453,204.1750030517578,9836,0.0,0.0
2024-12-05 15:12:00-05:00,204.14999389648438,204.14999389648438,203.9300994873047,203.9600067138672,12968,0.0,0.0
2024-12-05 15:13:00-05:00,203.92999267578125,204.0,203.9199981689453,203.9250030517578,11809,0.0,0.0
2024-12-05 15:14:00-05:00,203.94000244140625,204.0,203.91099548339844,204.0,7190,0.0,0.0
2024-12-05 15:15:00-05:00,203.97000122070312,204.08999633789062,203.96499633789062,204.0,12870,0.0,0.0
2024-12-05 15:16:00-05:00,204.00999450683594,204.00999450683594,203.95120239257812,203.97000122070312,9756,0.0,0.0
2024-12-05 15:17:00-05:00,203.9833984375,204.0,203.8800048828125,203.89999389648438,10410,0.0,0.0
2024-12-05 15:18:00-05:00,203.8800048828125,203.97000122070312,203.83999633789062,203.97000122070312,12612,0.0,0.0
2024-12-05 15:19:00-05:00,204.0,204.0,203.92999267578125,203.96580505371094,9985,0.0,0.0
2024-12-05 15:20:00-05:00,203.97500610351562,203.99000549316406,203.88999938964844,203.94000244140625,17302,0.0,0.0
2024-12-05 15:21:00-05:00,203.89500427246094,203.97000122070312,203.89500427246094,203.92999267578125,8649,0.0,0.0
2024-12-05 15:22:00-05:00,203.9499969482422,204.0500030517578,203.9199981689453,203.99000549316406,19549,0.0,0.0
2024-12-05 15:23:00-05:00,204.0,204.0,203.94000244140625,203.97500610351562,4669,0.0,0.0
2024-12-05 15:24:00-05:00,203.96499633789062,203.98519897460938,203.89999389648438,203.89999389648438,8770,0.0,0.0
2024-12-05 15:25:00-05:00,203.9199981689453,204.02999877929688,203.8800048828125,203.89999389648438,31954,0.0,0.0
2024-12-05 15:26:00-05:00,203.88909912109375,203.99000549316406,203.8000030517578,203.97999572753906,27371,0.0,0.0
2024-12-05 15:27:00-05:00,203.9683074951172,204.03500366210938,203.9499969482422,204.0,15871,0.0,0.0
2024-12-05 15:28:00-05:00,203.92999267578125,204.0500030517578,203.89999389648438,203.9600067138672,24536,0.0,0.0
2024-12-05 15:29:00-05:00,203.97999572753906,204.01499938964844,203.89999389648438,203.89999389648438,10001,0.0,0.0
2024-12-05 15:30:00-05:00,203.91310119628906,204.0500030517578,203.8699951171875,203.89999389648438,29917,0.0,0.0
2024-12-05 15:31:00-05:00,203.88999938964844,203.90220642089844,203.80999755859375,203.89999389648438,12804,0.0,0.0
2024-12-05 15:32:00-05:00,203.87159729003906,203.94000244140625,203.74000549316406,203.8699951171875,34393,0.0,0.0
2024-12-05 15:33:00-05:00,203.8699951171875,203.87669372558594,203.69000244140625,203.69000244140625,12515,0.0,0.0
2024-12-05 15:34:00-05:00,203.69039916992188,203.8699951171875,203.6199951171875,203.78399658203125,33544,0.0,0.0
2024-12-05 15:35:00-05:00,203.85000610351562,203.97999572753906,203.8000946044922,203.97361755371094,21171,0.0,0.0
2024-12-05 15:36:00-05:00,203.9499969482422,204.00999450683594,203.8699951171875,203.91000366210938,34210,0.0,0.0
2024-12-05 15:37:00-05:00,203.9250030517578,203.9499969482422,203.8000030517578,203.8000030517578,13315,0.0,0.0
2024-12-05 15:38:00-05:00,203.8000030517578,203.85000610351562,203.72000122070312,203.72999572753906,27163,0.0,0.0
2024-12-05 15:39:00-05:00,203.74000549316406,204.0157012939453,203.60000610351562,203.60000610351562,46540,0.0,0.0
2024-12-05 15:40:00-05:00,203.58999633789062,203.82000732421875,203.52999877929688,203.7899932861328,34578,0.0,0.0
2024-12-05 15:41:00-05:00,203.80999755859375,203.83999633789062,203.72000122070312,203.72000122070312,10773,0.0,0.0
2024-12-05 15:42:00-05:00,203.6999969482422,203.75999450683594,203.60000610351562,203.60000610351562,47321,0.0,0.0
2024-12-05 15:43:00-05:00,203.64999389648438,203.69000244140625,203.61000061035156,203.63999938964844,13888,0.0,0.0
2024-12-05 15:44:00-05:00,203.63999938964844,203.72999572753906,203.61000061035156,203.68499755859375,35813,0.0,0.0
2024-12-05 15:45:00-05:00,203.68499755859375,203.69000244140625,203.47999572753906,203.47999572753906,34410,0.0,0.0
2024-12-05 15:46:00-05:00,203.4600067138672,203.66000366210938,203.39999389648438,203.625,49507,0.0,0.0
2024-12-05 15:47:00-05:00,203.61000061035156,203.63499450683594,203.50999450683594,203.50999450683594,27789,0.0,0.0
2024-12-05 15:48:00-05:00,203.52000427246094,203.6699981689453,203.50999450683594,203.55999755859375,47643,0.0,0.0
2024-12-05 15:49:00-05:00,203.55999755859375,203.64999389648438,203.5399932861328,203.56500244140625,28888,0.0,0.0
2024-12-05 15:50:00-05:00,203.60000610351562,203.9499969482422,203.5641632080078,203.875,55151,0.0,0.0
2024-12-05 15:51:00-05:00,203.8699951171875,203.88999938964844,203.6999969482422,203.72500610351562,31980,0.0,0.0
2024-12-05 15:52:00-05:00,203.75,204.0399932861328,203.72360229492188,204.00999450683594,53559,0.0,0.0
2024-12-05 15:53:00-05:00,204.0,204.02000427246094,203.63999938964844,203.76499938964844,66141,0.0,0.0
2024-12-05 15:54:00-05:00,203.7899932861328,203.83999633789062,203.52000427246094,203.59500122070312,64373,0.0,0.0
2024-12-05 15:55:00-05:00,203.6300048828125,203.7978057861328,203.52999877929688,203.66000366210938,72799,0.0,0.0
2024-12-05 15:56:00-05:00,203.67999267578125,203.88999938964844,203.67999267578125,203.84500122070312,73417,0.0,0.0
2024-12-05 15:57:00-05:00,203.84500122070312,203.8800048828125,203.7100067138672,203.8800048828125,77066,0.0,0.0
2024-12-05 15:58:00-05:00,203.8699951171875,204.1300048828125,203.85000610351562,204.11000061035156,115838,0.0,0.0
2024-12-05 15:59:00-05:00,204.10000610351562,204.36000061035156,204.0399932861328,204.30999755859375,210424,0.0,0.0
2024-12-05 16:00:00-05:00,204.3,204.3,203.89,204.27,757972,0.0,0.0
2024-12-05 16:01:00-05:00,204.3,204.3,204.0,204.0,0,0.0,0.0
2024-12-05 16:02:00-05:00,204.3,204.3,204.02,204.02,0,0.0,0.0
2024-12-05 16:03:00-05:00,204.02,204.34,204.0,204.34,0,0.0,0.0
2024-12-05 16:04:00-05:00,204.3,204.36,204.3,204.3,0,0.0,0.0
2024-12-05 16:05:00-05:00,204.3,204.3,204.01,204.01,0,0.0,0.0
2024-12-05 16:06:00-05:00,204.01,204.11,204.01,204.11,0,0.0,0.0
2024-12-05 16:07:00-05:00,204.11,204.3,204.03,204.11,0,0.0,0.0
2024-12-05 16:08:00-05:00,204.36,204.36,204.12,204.2163,0,0.0,0.0
2024-12-05 16:09:00-05:00,204.02,204.02,204.02,204.02,0,0.0,0.0
2024-12-05 16:10:00-05:00,204.36,204.36,204.01,204.03,0,0.0,0.0
2024-12-05 16:11:00-05:00,204.05,204.05,204.01,204.05,0,0.0,0.0
2024-12-05 16:12:00-05:00,204.1675,204.36,204.01,204.06,0,0.0,0.0
2024-12-05 16:13:00-05:00,204.01,204.1,204.01,204.09,0,0.0,0.0
2024-12-05 16:14:00-05:00,204.09,204.1,204.01,204.04,0,0.0,0.0
2024-12-05 16:15:00-05:00,204.3,204.36,204.05,204.07,0,0.0,0.0
2024-12-05 16:16:00-05:00,204.05,204.3,204.05,204.1,0,0.0,0.0
2024-12-05 16:17:00-05:00,204.05,204.05,204.04,204.04,0,0.0,0.0
2024-12-05 16:18:00-05:00,204.31,204.31,204.04,204.0401,0,0.0,0.0
2024-12-05 16:19:00-05:00,204.04,204.05,203.98,204.03,0,0.0,0.0
2024-12-05 16:20:00-05:00,204.3,204.3,203.6623,203.6623,0,0.0,0.0
2024-12-05 16:21:00-05:00,203.92,203.92,203.82,203.9,0,0.0,0.0
2024-12-05 16:22:00-05:00,203.76,203.76,203.76,203.76,0,0.0,0.0
2024-12-05 16:23:00-05:00,203.77,203.85,203.76,203.76,0,0.0,0.0
2024-12-05 16:24:00-05:00,203.78,204.0,203.78,203.85,0,0.0,0.0
2024-12-05 16:25:00-05:00,204.03,204.03,203.8,203.85,0,0.0,0.0
2024-12-05 16:26:00-05:00,203.97,204.03,203.91,204.0,0,0.0,0.0
2024-12-05 16:27:00-05:00,204.0,204.0,203.9188,203.9188,0,0.0,0.0
2024-12-05 16:28:00-05:00,204.0,204.03,203.92,204.02,0,0.0,0.0
2024-12-05 16:29:00-05:00,204.0,204.02,203.92,204.0,0,0.0,0.0
2024-12-05 16:30:00-05:00,204.03,204.04,203.7601,203.7601,0,0.0,0.0
2024-12-05 16:31:00-05:00,203.92,203.94,203.76,203.89,0,0.0,0.0
2024-12-05 16:32:00-05:00,203.95,203.95,203.94,203.95,0,0.0,0.0
2024-12-05 16:33:00-05:00,203.95,203.95,203.95,203.95,0,0.0,0.0
2024-12-05 16:34:00-05:00,204.0,204.3,203.88,203.95,0,0.0,0.0
2024-12-05 16:35:00-05:00,203.95,204.0,203.88,204.0,0,0.0,0.0
2024-12-05 16:36:00-05:00,204.0,204.0,203.95,203.99,0,0.0,0.0
2024-12-05 16:37:00-05:00,203.96,203.99,203.96,203.99,0,0.0,0.0
2024-12-05 16:38:00-05:00,203.9,203.9,203.8109,203.88,0,0.0,0.0
2024-12-05 16:39:00-05:00,203.7612,203.89,203.7612,203.89,0,0.0,0.0
2024-12-05 16:40:00-05:00,203.89,203.89,203.88,203.89,0,0.0,0.0
2024-12-05 16:41:00-05:00,203.89,204.04,203.88,204.03,0,0.0,0.0
2024-12-05 16:42:00-05:00,203.984,204.0,203.98,203.9833,0,0.0,0.0
2024-12-05 16:43:00-05:00,203.98,204.3,203.98,204.3,0,0.0,0.0
2024-12-05 16:44:00-05:00,204.07,204.3,203.98,204.3,0,0.0,0.0
2024-12-05 16:45:00-05:00,204.13,204.3,203.98,204.3,0,0.0,0.0
2024-12-05 16:46:00-05:00,203.98,203.98,203.98,203.98,0,0.0,0.0
2024-12-05 16:47:00-05:00,204.13,204.13,204.0,204.0,0,0.0,0.0
2024-12-05 16:48:00-05:00,204.3,204.3,204.3,204.3,0,0.0,0.0
2024-12-05 16:49:00-05:00,204.0,204.0,204.0,204.0,0,0.0,0.0
2024-12-05 16:50:00-05:00,204.3,204.3,204.0,204.0,0,0.0,0.0
2024-12-05 16:51:00-05:00,204.02,204.3,204.0,204.02,0,0.0,0.0
2024-12-05 16:52:00-05:00,204.19,204.19,204.0,204.05,0,0.0,0.0
2024-12-05 16:53:00-05:00,203.98,203.98,203.98,203.98,0,0.0,0.0
2024-12-05 16:54:00-05:00,204.05,204.3,204.05,204.24,0,0.0,0.0
2024-12-05 16:55:00-05:00,204.11,204.11,204.11,204.11,0,0.0,0.0
2024-12-05 16:56:00-05:00,204.12,204.12,204.12,204.12,0,0.0,0.0
2024-12-05 16:57:00-05:00,204.055,204.2,203.9806,203.9806,0,0.0,0.0
2024-12-05 16:58:00-05:00,204.03,204.3,203.9813,204.2,0,0.0,0.0
2024-12-05 16:59:00-05:00,204.19,204.19,204.19,204.19,0,0.0,0.0
2024-12-05 17:00:00-05:00,204.11,204.2,204.11,204.2,0,0.0,0.0
2024-12-05 17:01:00-05:00,204.2,204.2,204.2,204.2,0,0.0,0.0
2024-12-05 17:02:00-05:00,204.19,204.22,204.0033,204.0033,0,0.0,0.0
2024-12-05 17:03:00-05:00,203.9812,204.07,203.9812,204.0,0,0.0,0.0
2024-12-05 17:04:00-05:00,204.3,204.3,204.3,204.3,0,0.0,0.0
2024-12-05 17:05:00-05:00,204.1,204.16,204.0,204.16,0,0.0,0.0
2024-12-05 17:07:00-05:00,204.1,204.274,204.1,204.274,0,0.0,0.0
2024-12-05 17:08:00-05:00,204.06,204.06,204.06,204.06,0,0.0,0.0
2024-12-05 17:09:00-05:00,204.3,204.3,204.2,204.2,0,0.0,0.0
2024-12-05 17:10:00-05:00,204.3,204.3,204.2,204.2,0,0.0,0.0
2024-12-05 17:11:00-05:00,203.98,203.98,203.98,203.98,0,0.0,0.0
2024-12-05 17:12:00-05:00,203.98,204.18,203.98,204.02,0,0.0,0.0
2024-12-05 17:13:00-05:00,204.02,204.3,203.99,204.16,0,0.0,0.0
2024-12-05 17:14:00-05:00,204.17,204.24,204.17,204.24,0,0.0,0.0
2024-12-05 17:15:00-05:00,204.24,204.24,203.9821,203.9821,0,0.0,0.0
2024-12-05 17:17:00-05:00,204.09,204.28,204.09,204.19,0,0.0,0.0
2024-12-05 17:18:00-05:00,204.2725,204.2725,204.2725,204.2725,0,0.0,0.0
2024-12-05 17:19:00-05:00,203.98,204.09,203.98,204.09,0,0.0,0.0
2024-12-05 17:20:00-05:00,203.9868,203.9868,203.9868,203.9868,0,0.0,0.0
2024-12-05 17:21:00-05:00,204.0,204.13,204.0,204.01,0,0.0,0.0
2024-12-05 17:22:00-05:00,204.0112,204.15,204.0112,204.15,0,0.0,0.0
2024-12-05 17:23:00-05:00,204.16,204.16,204.15,204.15,0,0.0,0.0
2024-12-05 17:24:00-05:00,204.17,204.17,204.16,204.17,0,0.0,0.0
2024-12-05 17:25:00-05:00,204.28,204.28,204.28,204.28,0,0.0,0.0
2024-12-05 17:26:00-05:00,204.17,204.19,204.01,204.19,0,0.0,0.0
2024-12-05 17:27:00-05:00,204.19,204.19,204.19,204.19,0,0.0,0.0
2024-12-05 17:28:00-05:00,204.16,204.16,204.0188,204.1,0,0.0,0.0
2024-12-05 17:29:00-05:00,204.1,204.1,204.0,204.0,0,0.0,0.0
2024-12-05 17:30:00-05:00,204.0,204.1,203.9933,203.9933,0,0.0,0.0
2024-12-05 17:31:00-05:00,204.0,204.3,204.0,204.3,0,0.0,0.0
2024-12-05 17:32:00-05:00,203.75,204.18,203.75,204.0,0,0.0,0.0
2024-12-05 17:33:00-05:00,204.0,204.05,204.0,204.0,0,0.0,0.0
2024-12-05 17:34:00-05:00,204.0,204.3,204.0,204.3,0,0.0,0.0
2024-12-05 17:35:00-05:00,204.0,204.0,203.98,203.98,0,0.0,0.0
2024-12-05 17:36:00-05:00,203.98,203.98,203.98,203.98,0,0.0,0.0
2024-12-05 17:37:00-05:00,203.98,203.98,203.88,203.93,0,0.0,0.0
2024-12-05 17:38:00-05:00,203.98,204.0,203.98,204.0,0,0.0,0.0
2024-12-05 17:39:00-05:00,204.0,204.0004,203.91,204.0004,0,0.0,0.0
2024-12-05 17:40:00-05:00,204.0,204.09,203.93,203.93,0,0.0,0.0
2024-12-05 17:41:00-05:00,204.1,204.1,204.06,204.06,0,0.0,0.0
2024-12-05 17:42:00-05:00,203.89,204.06,203.89,204.06,0,0.0,0.0
2024-12-05 17:43:00-05:00,203.9917,204.0,203.98,204.0,0,0.0,0.0
2024-12-05 17:44:00-05:00,203.97,203.97,203.88,203.88,0,0.0,0.0
2024-12-05 17:45:00-05:00,203.88,203.88,203.88,203.88,0,0.0,0.0
2024-12-05 17:46:00-05:00,203.8,204.0,203.8,204.0,0,0.0,0.0
2024-12-05 17:47:00-05:00,203.9,203.9,203.8,203.8,0,0.0,0.0
2024-12-05 17:48:00-05:00,203.94,203.99,203.94,203.99,0,0.0,0.0
2024-12-05 17:49:00-05:00,203.89,203.95,203.89,203.95,0,0.0,0.0
2024-12-05 17:50:00-05:00,203.88,203.94,203.88,203.88,0,0.0,0.0
2024-12-05 17:51:00-05:00,203.88,203.89,203.85,203.89,0,0.0,0.0
2024-12-05 17:52:00-05:00,203.89,204.0,203.85,203.85,0,0.0,0.0
2024-12-05 17:53:00-05:00,203.94,203.95,203.85,203.85,0,0.0,0.0
2024-12-05 17:54:00-05:00,204.0,204.0,203.85,203.85,0,0.0,0.0
2024-12-05 17:55:00-05:00,203.85,203.97,203.85,203.96,0,0.0,0.0
2024-12-05 17:56:00-05:00,203.97,203.97,203.97,203.97,0,0.0,0.0
2024-12-05 17:57:00-05:00,203.945,203.95,203.94,203.94,0,0.0,0.0
2024-12-05 17:58:00-05:00,203.94,203.94,203.94,203.94,0,0.0,0.0
2024-12-05 17:59:00-05:00,203.94,203.94,203.94,203.94,0,0.0,0.0
2024-12-05 18:00:00-05:00,203.99,203.99,203.99,203.99,0,0.0,0.0
2024-12-05 18:01:00-05:00,203.85,203.94,203.85,203.94,0,0.0,0.0
2024-12-05 18:03:00-05:00,203.94,203.94,203.88,203.94,0,0.0,0.0
2024-12-05 18:04:00-05:00,203.85,203.98,203.85,203.98,0,0.0,0.0
2024-12-05 18:05:00-05:00,203.89,203.89,203.89,203.89,0,0.0,0.0
2024-12-05 18:06:00-05:00,203.89,204.0,203.88,203.88,0,0.0,0.0
2024-12-05 18:07:00-05:00,203.88,203.89,203.88,203.89,0,0.0,0.0
2024-12-05 18:08:00-05:00,203.88,203.95,203.85,203.9,0,0.0,0.0
2024-12-05 18:09:00-05:00,203.97,203.99,203.97,203.99,0,0.0,0.0
2024-12-05 18:10:00-05:00,203.85,203.85,203.85,203.85,0,0.0,0.0
2024-12-05 18:11:00-05:00,203.99,203.99,203.89,203.99,0,0.0,0.0
2024-12-05 18:12:00-05:00,203.99,204.0,203.8035,203.8035,0,0.0,0.0
2024-12-05 18:13:00-05:00,203.93,203.99,203.8,203.88,0,0.0,0.0
2024-12-05 18:14:00-05:00,203.88,203.9,203.88,203.9,0,0.0,0.0
2024-12-05 18:16:00-05:00,203.89,203.89,203.88,203.88,0,0.0,0.0
2024-12-05 18:17:00-05:00,203.9,203.98,203.8,203.88,0,0.0,0.0
2024-12-05 18:18:00-05:00,203.88,203.99,203.88,203.99,0,0.0,0.0
2024-12-05 18:19:00-05:00,203.88,203.88,203.88,203.88,0,0.0,0.0
2024-12-05 18:20:00-05:00,203.98,203.98,203.98,203.98,0,0.0,0.0
2024-12-05 18:21:00-05:00,203.95,203.98,203.95,203.98,0,0.0,0.0
2024-12-05 18:22:00-05:00,203.89,203.9,203.75,203.9,0,0.0,0.0
2024-12-05 18:23:00-05:00,203.89,203.99,203.8,203.81,0,0.0,0.0
2024-12-05 18:25:00-05:00,203.9,203.9,203.89,203.89,0,0.0,0.0
2024-12-05 18:26:00-05:00,203.89,203.89,203.89,203.89,0,0.0,0.0
2024-12-05 18:27:00-05:00,203.8,203.9002,203.8,203.9002,0,0.0,0.0
2024-12-05 18:28:00-05:00,203.9,203.9001,203.9,203.9,0,0.0,0.0
2024-12-05 18:29:00-05:00,203.9,203.91,203.9,203.91,0,0.0,0.0
2024-12-05 18:30:00-05:00,203.98,203.99,203.91,203.99,0,0.0,0.0
2024-12-05 18:31:00-05:00,203.91,203.98,203.91,203.98,0,0.0,0.0
2024-12-05 18:33:00-05:00,203.9,203.9011,203.9,203.9011,0,0.0,0.0
2024-12-05 18:34:00-05:00,203.91,203.98,203.91,203.98,0,0.0,0.0
2024-12-05 18:35:00-05:00,203.91,203.91,203.91,203.91,0,0.0,0.0
2024-12-05 18:36:00-05:00,203.91,203.99,203.91,203.99,0,0.0,0.0
2024-12-05 18:37:00-05:00,203.91,203.99,203.91,203.99,0,0.0,0.0
2024-12-05 18:39:00-05:00,203.96,203.96,203.96,203.96,0,0.0,0.0
2024-12-05 18:40:00-05:00,203.99,203.99,203.95,203.99,0,0.0,0.0
2024-12-05 18:41:00-05:00,203.99,203.99,203.95,203.95,0,0.0,0.0
2024-12-05 18:42:00-05:00,203.96,203.96,203.95,203.95,0,0.0,0.0
2024-12-05 18:43:00-05:00,203.98,203.98,203.9,203.9,0,0.0,0.0
2024-12-05 18:44:00-05:00,203.9,203.99,203.9,203.99,0,0.0,0.0
2024-12-05 18:45:00-05:00,203.91,204.0,203.91,204.0,0,0.0,0.0
2024-12-05 18:46:00-05:00,203.91,204.0,203.9,203.9,0,0.0,0.0
2024-12-05 18:47:00-05:00,203.9,203.9,203.9,203.9,0,0.0,0.0
2024-12-05 18:48:00-05:00,203.9,203.9,203.9,203.9,0,0.0,0.0
2024-12-05 18:49:00-05:00,203.98,203.99,203.98,203.99,0,0.0,0.0
2024-12-05 18:50:00-05:00,203.99,203.99,203.99,203.99,0,0.0,0.0
2024-12-05 18:51:00-05:00,203.9,203.9,203.9,203.9,0,0.0,0.0
2024-12-05 18:52:00-05:00,203.99,203.99,203.9,203.9,0,0.0,0.0
2024-12-05 18:53:00-05:00,203.92,203.92,203.9,203.9,0,0.0,0.0
2024-12-05 18:54:00-05:00,203.93,203.93,203.8812,203.9,0,0.0,0.0
2024-12-05 18:55:00-05:00,203.88,203.9,203.88,203.88,0,0.0,0.0
2024-12-05 18:56:00-05:00,203.66,204.0,203.66,203.66,0,0.0,0.0
2024-12-05 18:57:00-05:00,203.88,203.88,203.88,203.88,0,0.0,0.0
2024-12-05 18:58:00-05:00,203.88,203.98,203.88,203.98,0,0.0,0.0
2024-12-05 18:59:00-05:00,203.99,204.1,203.99,204.0,0,0.0,0.0
2024-12-05 19:00:00-05:00,204.0,204.0,204.0,204.0,0,0.0,0.0
2024-12-05 19:01:00-05:00,204.02,204.02,204.0,204.02,0,0.0,0.0
2024-12-05 19:02:00-05:00,204.0,204.0,204.0,204.0,0,0.0,0.0
2024-12-05 19:04:00-05:00,204.01,204.01,204.0,204.01,0,0.0,0.0
2024-12-05 19:05:00-05:00,204.0,204.0,204.0,204.0,0,0.0,0.0
2024-12-05 19:08:00-05:00,203.88,203.88,203.88,203.88,0,0.0,0.0
2024-12-05 19:09:00-05:00,203.68,203.68,203.68,203.68,0,0.0,0.0
2024-12-05 19:10:00-05:00,203.88,203.88,203.88,203.88,0,0.0,0.0
2024-12-05 19:11:00-05:00,203.88,203.88,203.8,203.8,0,0.0,0.0
2024-12-05 19:13:00-05:00,203.87,203.87,203.87,203.87,0,0.0,0.0
2024-12-05 19:14:00-05:00,203.87,203.87,203.87,203.87,0,0.0,0.0
2024-12-05 19:15:00-05:00,203.76,203.88,203.76,203.76,0,0.0,0.0
2024-12-05 19:16:00-05:00,203.88,203.88,203.88,203.88,0,0.0,0.0
2024-12-05 19:17:00-05:00,203.8,203.8,203.8,203.8,0,0.0,0.0
2024-12-05 19:18:00-05:00,203.88,204.0,203.68,203.68,0,0.0,0.0
2024-12-05 19:20:00-05:00,203.76,203.76,203.68,203.68,0,0.0,0.0
2024-12-05 19:21:00-05:00,203.89,203.89,203.89,203.89,0,0.0,0.0
2024-12-05 19:22:00-05:00,203.68,203.88,203.68,203.88,0,0.0,0.0
2024-12-05 19:23:00-05:00,203.68,203.68,203.68,203.68,0,0.0,0.0
2024-12-05 19:24:00-05:00,203.77,203.79,203.77,203.79,0,0.0,0.0
2024-12-05 19:25:00-05:00,203.7987,203.88,203.7987,203.8,0,0.0,0.0
2024-12-05 19:26:00-05:00,203.97,204.0,203.76,203.99,0,0.0,0.0
2024-12-05 19:27:00-05:00,203.77,203.77,203.77,203.77,0,0.0,0.0
2024-12-05 19:28:00-05:00,203.84,203.99,203.77,203.99,0,0.0,0.0
2024-12-05 19:29:00-05:00,203.99,203.99,203.99,203.99,0,0.0,0.0
2024-12-05 19:30:00-05:00,203.98,203.99,203.97,203.99,0,0.0,0.0
2024-12-05 19:31:00-05:00,204.0,204.0,204.0,204.0,0,0.0,0.0
2024-12-05 19:33:00-05:00,203.99,203.99,203.99,203.99,0,0.0,0.0
2024-12-05 19:34:00-05:00,203.99,203.99,203.99,203.99,0,0.0,0.0
2024-12-05 19:35:00-05:00,203.99,204.0,203.99,204.0,0,0.0,0.0
2024-12-05 19:36:00-05:00,204.0,204.0,204.0,204.0,0,0.0,0.0
2024-12-05 19:37:00-05:00,203.7,203.95,203.7,203.95,0,0.0,0.0
2024-12-05 19:38:00-05:00,204.0,204.0,204.0,204.0,0,0.0,0.0
2024-12-05 19:39:00-05:00,204.0,204.0,204.0,204.0,0,0.0,0.0
2024-12-05 19:40:00-05:00,204.0,204.0,203.85,203.85,0,0.0,0.0
2024-12-05 19:41:00-05:00,203.83,203.83,203.83,203.83,0,0.0,0.0
2024-12-05 19:42:00-05:00,203.75,204.0,203.75,203.91,0,0.0,0.0
2024-12-05 19:43:00-05:00,203.99,204.0,203.99,204.0,0,0.0,0.0
2024-12-05 19:44:00-05:00,204.0,204.0,204.0,204.0,0,0.0,0.0
2024-12-05 19:45:00-05:00,204.0,204.06,203.7543,203.7543,0,0.0,0.0
2024-12-05 19:46:00-05:00,203.81,203.81,203.81,203.81,0,0.0,0.0
2024-12-05 19:47:00-05:00,204.05,204.05,204.05,204.05,0,0.0,0.0
2024-12-05 19:48:00-05:00,204.06,204.1,204.0,204.0,0,0.0,0.0
2024-12-05 19:50:00-05:00,203.75,203.75,203.75,203.75,0,0.0,0.0
2024-12-05 19:51:00-05:00,203.89,203.89,203.7912,203.7912,0,0.0,0.0
2024-12-05 19:52:00-05:00,203.88,203.88,203.79,203.83,0,0.0,0.0
2024-12-05 19:53:00-05:00,203.81,203.81,203.68,203.68,0,0.0,0.0
2024-12-05 19:54:00-05:00,203.74,204.1,203.74,203.77,0,0.0,0.0
2024-12-05 19:55:00-05:00,203.95,203.95,203.76,203.76,0,0.0,0.0
2024-12-05 19:56:00-05:00,203.77,203.99,203.77,203.9,0,0.0,0.0
2024-12-05 19:57:00-05:00,203.99,204.01,203.99,204.01,0,0.0,0.0
2024-12-05 19:58:00-05:00,204.1,204.1,203.7601,204.01,0,0.0,0.0
2024-12-05 19:59:00-05:00,204.01,204.01,203.99,204.0,0,0.0,0.0
