time,Open,High,Low,Close,Volume,Dividends,Stock Splits
2024-12-03 04:00:00-05:00,194.9,195.5,194.0,194.69,0,0.0,0.0
2024-12-03 04:01:00-05:00,194.71,194.74,194.42,194.69,0,0.0,0.0
2024-12-03 04:02:00-05:00,194.44,194.64,194.4,194.45,0,0.0,0.0
2024-12-03 04:03:00-05:00,194.64,194.8,194.4,194.49,0,0.0,0.0
2024-12-03 04:04:00-05:00,194.5,194.55,194.36,194.36,0,0.0,0.0
2024-12-03 04:05:00-05:00,194.41,194.47,194.37,194.45,0,0.0,0.0
2024-12-03 04:06:00-05:00,194.41,194.41,194.21,194.28,0,0.0,0.0
2024-12-03 04:07:00-05:00,194.35,194.4,194.2,194.33,0,0.0,0.0
2024-12-03 04:08:00-05:00,194.34,194.35,194.28,194.28,0,0.0,0.0
2024-12-03 04:09:00-05:00,194.27,194.29,194.2,194.29,0,0.0,0.0
2024-12-03 04:10:00-05:00,194.27,194.63,194.2,194.55,0,0.0,0.0
2024-12-03 04:11:00-05:00,194.51,194.55,194.3,194.55,0,0.0,0.0
2024-12-03 04:12:00-05:00,194.55,194.55,194.39,194.39,0,0.0,0.0
2024-12-03 04:13:00-05:00,194.52,194.52,194.41,194.52,0,0.0,0.0
2024-12-03 04:14:00-05:00,194.55,194.55,194.41,194.53,0,0.0,0.0
2024-12-03 04:15:00-05:00,194.55,194.55,194.47,194.55,0,0.0,0.0
2024-12-03 04:16:00-05:00,194.5,194.5,194.5,194.5,0,0.0,0.0
2024-12-03 04:17:00-05:00,194.53,194.53,194.5,194.5,0,0.0,0.0
2024-12-03 04:18:00-05:00,194.53,194.53,194.47,194.5,0,0.0,0.0
2024-12-03 04:19:00-05:00,194.49,194.49,194.49,194.49,0,0.0,0.0
2024-12-03 04:20:00-05:00,194.53,194.53,194.51,194.53,0,0.0,0.0
2024-12-03 04:21:00-05:00,194.54,194.55,194.52,194.52,0,0.0,0.0
2024-12-03 04:22:00-05:00,194.53,194.53,194.4,194.49,0,0.0,0.0
2024-12-03 04:23:00-05:00,194.51,194.52,194.51,194.51,0,0.0,0.0
2024-12-03 04:24:00-05:00,194.47,194.47,194.4,194.46,0,0.0,0.0
2024-12-03 04:25:00-05:00,194.48,194.48,194.48,194.48,0,0.0,0.0
2024-12-03 04:26:00-05:00,194.48,194.52,194.47,194.47,0,0.0,0.0
2024-12-03 04:27:00-05:00,194.52,194.54,194.5,194.54,0,0.0,0.0
2024-12-03 04:28:00-05:00,194.54,194.54,194.52,194.54,0,0.0,0.0
2024-12-03 04:29:00-05:00,194.54,194.55,194.47,194.47,0,0.0,0.0
2024-12-03 04:30:00-05:00,194.5,194.54,194.5,194.54,0,0.0,0.0
2024-12-03 04:31:00-05:00,194.5,194.55,194.48,194.5,0,0.0,0.0
2024-12-03 04:32:00-05:00,194.49,194.55,194.42,194.46,0,0.0,0.0
2024-12-03 04:33:00-05:00,194.54,194.66,194.48,194.61,0,0.0,0.0
2024-12-03 04:34:00-05:00,194.67,194.67,194.64,194.64,0,0.0,0.0
2024-12-03 04:35:00-05:00,194.68,194.77,194.61,194.75,0,0.0,0.0
2024-12-03 04:36:00-05:00,194.75,194.77,194.75,194.75,0,0.0,0.0
2024-12-03 04:37:00-05:00,194.75,194.77,194.71,194.71,0,0.0,0.0
2024-12-03 04:38:00-05:00,194.7,194.7,194.65,194.65,0,0.0,0.0
2024-12-03 04:40:00-05:00,194.55,194.7,194.52,194.7,0,0.0,0.0
2024-12-03 04:41:00-05:00,194.61,194.65,194.61,194.65,0,0.0,0.0
2024-12-03 04:42:00-05:00,194.64,194.69,194.64,194.66,0,0.0,0.0
2024-12-03 04:43:00-05:00,194.66,194.69,194.66,194.69,0,0.0,0.0
2024-12-03 04:44:00-05:00,194.67,194.67,194.65,194.65,0,0.0,0.0
2024-12-03 04:45:00-05:00,194.69,194.73,194.66,194.72,0,0.0,0.0
2024-12-03 04:46:00-05:00,194.65,194.65,194.58,194.58,0,0.0,0.0
2024-12-03 04:47:00-05:00,194.58,194.72,194.57,194.58,0,0.0,0.0
2024-12-03 04:48:00-05:00,194.59,194.59,194.48,194.48,0,0.0,0.0
2024-12-03 04:49:00-05:00,194.53,194.53,194.4,194.51,0,0.0,0.0
2024-12-03 04:50:00-05:00,194.51,194.52,194.45,194.52,0,0.0,0.0
2024-12-03 04:51:00-05:00,194.51,194.53,194.5,194.53,0,0.0,0.0
2024-12-03 04:52:00-05:00,194.51,194.51,194.5,194.51,0,0.0,0.0
2024-12-03 04:53:00-05:00,194.48,194.55,194.48,194.51,0,0.0,0.0
2024-12-03 04:54:00-05:00,194.51,194.58,194.5,194.58,0,0.0,0.0
2024-12-03 04:55:00-05:00,194.57,194.69,194.57,194.69,0,0.0,0.0
2024-12-03 04:56:00-05:00,194.69,194.71,194.65,194.65,0,0.0,0.0
2024-12-03 04:57:00-05:00,194.62,194.7,194.62,194.7,0,0.0,0.0
2024-12-03 04:58:00-05:00,194.7,194.7,194.66,194.66,0,0.0,0.0
2024-12-03 04:59:00-05:00,194.62,194.7,194.62,194.7,0,0.0,0.0
2024-12-03 05:00:00-05:00,194.72,194.8,194.7,194.76,0,0.0,0.0
2024-12-03 05:01:00-05:00,194.75,194.81,194.71,194.78,0,0.0,0.0
2024-12-03 05:02:00-05:00,194.77,194.77,194.62,194.67,0,0.0,0.0
2024-12-03 05:03:00-05:00,194.73,194.73,194.66,194.67,0,0.0,0.0
2024-12-03 05:04:00-05:00,194.65,194.67,194.63,194.67,0,0.0,0.0
2024-12-03 05:05:00-05:00,194.61,194.61,194.61,194.61,0,0.0,0.0
2024-12-03 05:08:00-05:00,194.65,194.74,194.65,194.69,0,0.0,0.0
2024-12-03 05:09:00-05:00,194.7,194.7,194.7,194.7,0,0.0,0.0
2024-12-03 05:10:00-05:00,194.73,194.76,194.73,194.76,0,0.0,0.0
2024-12-03 05:11:00-05:00,194.79,194.79,194.79,194.79,0,0.0,0.0
2024-12-03 05:12:00-05:00,194.76,194.8,194.76,194.76,0,0.0,0.0
2024-12-03 05:13:00-05:00,194.79,194.79,194.79,194.79,0,0.0,0.0
2024-12-03 05:14:00-05:00,194.79,194.85,194.79,194.84,0,0.0,0.0
2024-12-03 05:15:00-05:00,194.89,195.04,194.8,194.8,0,0.0,0.0
2024-12-03 05:16:00-05:00,194.82,194.82,194.81,194.81,0,0.0,0.0
2024-12-03 05:17:00-05:00,194.9,194.9,194.9,194.9,0,0.0,0.0
2024-12-03 05:18:00-05:00,194.9,194.9,194.82,194.82,0,0.0,0.0
2024-12-03 05:19:00-05:00,194.82,194.91,194.82,194.9,0,0.0,0.0
2024-12-03 05:20:00-05:00,194.9,194.95,194.84,194.9,0,0.0,0.0
2024-12-03 05:21:00-05:00,194.93,194.93,194.93,194.93,0,0.0,0.0
2024-12-03 05:22:00-05:00,194.82,194.83,194.79,194.79,0,0.0,0.0
2024-12-03 05:23:00-05:00,194.77,194.77,194.77,194.77,0,0.0,0.0
2024-12-03 05:24:00-05:00,194.81,194.81,194.69,194.69,0,0.0,0.0
2024-12-03 05:26:00-05:00,194.77,194.77,194.68,194.68,0,0.0,0.0
2024-12-03 05:27:00-05:00,194.68,194.77,194.68,194.77,0,0.0,0.0
2024-12-03 05:28:00-05:00,194.78,194.81,194.78,194.81,0,0.0,0.0
2024-12-03 05:29:00-05:00,194.72,194.83,194.72,194.83,0,0.0,0.0
2024-12-03 05:30:00-05:00,194.74,194.82,194.74,194.81,0,0.0,0.0
2024-12-03 05:31:00-05:00,194.76,194.79,194.71,194.79,0,0.0,0.0
2024-12-03 05:32:00-05:00,194.71,194.79,194.7,194.71,0,0.0,0.0
2024-12-03 05:33:00-05:00,194.7,194.71,194.7,194.71,0,0.0,0.0
2024-12-03 05:34:00-05:00,194.71,194.71,194.68,194.68,0,0.0,0.0
2024-12-03 05:35:00-05:00,194.68,194.78,194.68,194.78,0,0.0,0.0
2024-12-03 05:36:00-05:00,194.78,194.78,194.68,194.68,0,0.0,0.0
2024-12-03 05:37:00-05:00,194.68,194.68,194.67,194.67,0,0.0,0.0
2024-12-03 05:38:00-05:00,194.63,194.67,194.63,194.67,0,0.0,0.0
2024-12-03 05:39:00-05:00,194.7,194.7,194.68,194.68,0,0.0,0.0
2024-12-03 05:40:00-05:00,194.7,194.75,194.7,194.75,0,0.0,0.0
2024-12-03 05:41:00-05:00,194.75,194.75,194.7,194.7,0,0.0,0.0
2024-12-03 05:42:00-05:00,194.7,194.8,194.7,194.79,0,0.0,0.0
2024-12-03 05:43:00-05:00,194.8,194.85,194.79,194.79,0,0.0,0.0
2024-12-03 05:44:00-05:00,194.79,194.79,194.75,194.75,0,0.0,0.0
2024-12-03 05:45:00-05:00,194.75,194.76,194.68,194.76,0,0.0,0.0
2024-12-03 05:46:00-05:00,194.76,194.76,194.76,194.76,0,0.0,0.0
2024-12-03 05:47:00-05:00,194.79,194.81,194.75,194.79,0,0.0,0.0
2024-12-03 05:48:00-05:00,194.8,194.8,194.7,194.7,0,0.0,0.0
2024-12-03 05:49:00-05:00,194.7,194.79,194.7,194.74,0,0.0,0.0
2024-12-03 05:50:00-05:00,194.78,194.78,194.71,194.71,0,0.0,0.0
2024-12-03 05:51:00-05:00,194.68,194.78,194.68,194.78,0,0.0,0.0
2024-12-03 05:52:00-05:00,194.78,194.78,194.76,194.76,0,0.0,0.0
2024-12-03 05:53:00-05:00,194.75,194.96,194.75,194.79,0,0.0,0.0
2024-12-03 05:54:00-05:00,194.91,194.91,194.91,194.91,0,0.0,0.0
2024-12-03 05:55:00-05:00,194.8,194.8,194.79,194.79,0,0.0,0.0
2024-12-03 05:57:00-05:00,194.79,194.8,194.79,194.8,0,0.0,0.0
2024-12-03 05:58:00-05:00,194.8,194.8,194.79,194.8,0,0.0,0.0
2024-12-03 05:59:00-05:00,194.8,194.82,194.73,194.82,0,0.0,0.0
2024-12-03 06:00:00-05:00,194.85,194.85,194.7,194.7,0,0.0,0.0
2024-12-03 06:01:00-05:00,194.68,194.77,194.68,194.77,0,0.0,0.0
2024-12-03 06:03:00-05:00,194.7,194.7,194.6,194.67,0,0.0,0.0
2024-12-03 06:04:00-05:00,194.6,194.61,194.52,194.58,0,0.0,0.0
2024-12-03 06:05:00-05:00,194.59,194.6,194.59,194.6,0,0.0,0.0
2024-12-03 06:06:00-05:00,194.6,194.62,194.6,194.62,0,0.0,0.0
2024-12-03 06:07:00-05:00,194.62,194.69,194.62,194.69,0,0.0,0.0
2024-12-03 06:08:00-05:00,194.62,194.7,194.62,194.62,0,0.0,0.0
2024-12-03 06:09:00-05:00,194.74,194.74,194.62,194.62,0,0.0,0.0
2024-12-03 06:12:00-05:00,194.6,194.6,194.55,194.6,0,0.0,0.0
2024-12-03 06:13:00-05:00,194.63,194.63,194.6,194.6,0,0.0,0.0
2024-12-03 06:14:00-05:00,194.71,194.71,194.65,194.65,0,0.0,0.0
2024-12-03 06:15:00-05:00,194.65,194.66,194.52,194.52,0,0.0,0.0
2024-12-03 06:16:00-05:00,194.61,194.7,194.6,194.61,0,0.0,0.0
2024-12-03 06:17:00-05:00,194.72,194.75,194.72,194.75,0,0.0,0.0
2024-12-03 06:18:00-05:00,194.73,194.77,194.73,194.76,0,0.0,0.0
2024-12-03 06:19:00-05:00,194.73,194.73,194.73,194.73,0,0.0,0.0
2024-12-03 06:20:00-05:00,194.65,194.7,194.57,194.7,0,0.0,0.0
2024-12-03 06:21:00-05:00,194.74,194.74,194.74,194.74,0,0.0,0.0
2024-12-03 06:24:00-05:00,194.68,194.77,194.68,194.74,0,0.0,0.0
2024-12-03 06:25:00-05:00,194.77,194.77,194.65,194.77,0,0.0,0.0
2024-12-03 06:26:00-05:00,194.68,194.68,194.5,194.68,0,0.0,0.0
2024-12-03 06:27:00-05:00,194.68,194.68,194.68,194.68,0,0.0,0.0
2024-12-03 06:28:00-05:00,194.74,194.74,194.51,194.51,0,0.0,0.0
2024-12-03 06:30:00-05:00,194.65,194.7,194.65,194.68,0,0.0,0.0
2024-12-03 06:31:00-05:00,194.51,194.51,194.51,194.51,0,0.0,0.0
2024-12-03 06:32:00-05:00,194.65,194.67,194.52,194.67,0,0.0,0.0
2024-12-03 06:33:00-05:00,194.67,194.67,194.52,194.52,0,0.0,0.0
2024-12-03 06:34:00-05:00,194.64,194.64,194.64,194.64,0,0.0,0.0
2024-12-03 06:35:00-05:00,194.63,194.63,194.5,194.5,0,0.0,0.0
2024-12-03 06:36:00-05:00,194.5,194.5,194.5,194.5,0,0.0,0.0
2024-12-03 06:37:00-05:00,194.5,194.64,194.5,194.64,0,0.0,0.0
2024-12-03 06:38:00-05:00,194.64,194.64,194.51,194.51,0,0.0,0.0
2024-12-03 06:39:00-05:00,194.51,194.51,194.51,194.51,0,0.0,0.0
2024-12-03 06:40:00-05:00,194.53,194.53,194.5,194.5,0,0.0,0.0
2024-12-03 06:41:00-05:00,194.5,194.59,194.5,194.59,0,0.0,0.0
2024-12-03 06:42:00-05:00,194.63,194.63,194.5,194.5,0,0.0,0.0
2024-12-03 06:43:00-05:00,194.51,194.51,194.51,194.51,0,0.0,0.0
2024-12-03 06:44:00-05:00,194.51,194.65,194.5,194.64,0,0.0,0.0
2024-12-03 06:45:00-05:00,194.52,194.54,194.5,194.5,0,0.0,0.0
2024-12-03 06:46:00-05:00,194.51,194.52,194.51,194.52,0,0.0,0.0
2024-12-03 06:47:00-05:00,194.51,194.67,194.51,194.67,0,0.0,0.0
2024-12-03 06:49:00-05:00,194.55,194.55,194.53,194.53,0,0.0,0.0
2024-12-03 06:50:00-05:00,194.68,194.74,194.67,194.67,0,0.0,0.0
2024-12-03 06:51:00-05:00,194.62,194.62,194.56,194.56,0,0.0,0.0
2024-12-03 06:52:00-05:00,194.56,194.74,194.56,194.64,0,0.0,0.0
2024-12-03 06:53:00-05:00,194.64,194.64,194.63,194.63,0,0.0,0.0
2024-12-03 06:54:00-05:00,194.64,194.64,194.64,194.64,0,0.0,0.0
2024-12-03 06:55:00-05:00,194.59,194.72,194.59,194.72,0,0.0,0.0
2024-12-03 06:56:00-05:00,194.72,194.73,194.67,194.67,0,0.0,0.0
2024-12-03 06:57:00-05:00,194.67,194.67,194.67,194.67,0,0.0,0.0
2024-12-03 06:58:00-05:00,194.71,194.85,194.71,194.77,0,0.0,0.0
2024-12-03 06:59:00-05:00,194.77,194.77,194.75,194.75,0,0.0,0.0
2024-12-03 07:00:00-05:00,194.83,194.85,194.71,194.81,0,0.0,0.0
2024-12-03 07:01:00-05:00,194.78,194.88,194.74,194.8,0,0.0,0.0
2024-12-03 07:02:00-05:00,194.75,194.75,194.7,194.72,0,0.0,0.0
2024-12-03 07:03:00-05:00,194.72,194.72,194.71,194.71,0,0.0,0.0
2024-12-03 07:04:00-05:00,194.7,194.75,194.7,194.75,0,0.0,0.0
2024-12-03 07:05:00-05:00,194.75,194.8,194.75,194.75,0,0.0,0.0
2024-12-03 07:06:00-05:00,194.75,194.8,194.72,194.8,0,0.0,0.0
2024-12-03 07:07:00-05:00,194.77,194.77,194.74,194.74,0,0.0,0.0
2024-12-03 07:08:00-05:00,194.72,194.74,194.59,194.59,0,0.0,0.0
2024-12-03 07:09:00-05:00,194.67,194.69,194.67,194.69,0,0.0,0.0
2024-12-03 07:10:00-05:00,194.69,194.69,194.69,194.69,0,0.0,0.0
2024-12-03 07:11:00-05:00,194.68,194.68,194.55,194.55,0,0.0,0.0
2024-12-03 07:12:00-05:00,194.55,194.55,194.53,194.55,0,0.0,0.0
2024-12-03 07:13:00-05:00,194.55,194.58,194.52,194.53,0,0.0,0.0
2024-12-03 07:14:00-05:00,194.61,194.61,194.56,194.61,0,0.0,0.0
2024-12-03 07:15:00-05:00,194.56,194.58,194.52,194.55,0,0.0,0.0
2024-12-03 07:16:00-05:00,194.56,194.63,194.56,194.63,0,0.0,0.0
2024-12-03 07:17:00-05:00,194.52,194.55,194.52,194.55,0,0.0,0.0
2024-12-03 07:18:00-05:00,194.55,194.55,194.55,194.55,0,0.0,0.0
2024-12-03 07:20:00-05:00,194.64,194.69,194.64,194.69,0,0.0,0.0
2024-12-03 07:21:00-05:00,194.64,194.7,194.61,194.7,0,0.0,0.0
2024-12-03 07:22:00-05:00,194.67,194.7,194.67,194.67,0,0.0,0.0
2024-12-03 07:23:00-05:00,194.67,194.67,194.64,194.64,0,0.0,0.0
2024-12-03 07:24:00-05:00,194.66,194.74,194.66,194.69,0,0.0,0.0
2024-12-03 07:25:00-05:00,194.67,194.67,194.65,194.65,0,0.0,0.0
2024-12-03 07:26:00-05:00,194.74,194.74,194.71,194.74,0,0.0,0.0
2024-12-03 07:27:00-05:00,194.7,194.7,194.7,194.7,0,0.0,0.0
2024-12-03 07:28:00-05:00,194.67,194.67,194.67,194.67,0,0.0,0.0
2024-12-03 07:29:00-05:00,194.65,194.65,194.5,194.5,0,0.0,0.0
2024-12-03 07:30:00-05:00,194.5,194.54,194.5,194.54,0,0.0,0.0
2024-12-03 07:31:00-05:00,194.51,194.51,194.51,194.51,0,0.0,0.0
2024-12-03 07:32:00-05:00,194.66,194.66,194.57,194.57,0,0.0,0.0
2024-12-03 07:33:00-05:00,194.57,194.6,194.55,194.6,0,0.0,0.0
2024-12-03 07:34:00-05:00,194.6,194.65,194.55,194.65,0,0.0,0.0
2024-12-03 07:35:00-05:00,194.58,194.6,194.56,194.6,0,0.0,0.0
2024-12-03 07:36:00-05:00,194.64,194.64,194.64,194.64,0,0.0,0.0
2024-12-03 07:37:00-05:00,194.64,194.68,194.64,194.66,0,0.0,0.0
2024-12-03 07:38:00-05:00,194.69,194.69,194.65,194.69,0,0.0,0.0
2024-12-03 07:39:00-05:00,194.65,194.68,194.65,194.68,0,0.0,0.0
2024-12-03 07:40:00-05:00,194.69,194.74,194.67,194.74,0,0.0,0.0
2024-12-03 07:41:00-05:00,194.74,194.8,194.72,194.72,0,0.0,0.0
2024-12-03 07:42:00-05:00,194.78,194.84,194.77,194.8,0,0.0,0.0
2024-12-03 07:43:00-05:00,194.8,194.81,194.75,194.8,0,0.0,0.0
2024-12-03 07:45:00-05:00,194.75,194.75,194.69,194.73,0,0.0,0.0
2024-12-03 07:46:00-05:00,194.73,194.73,194.71,194.73,0,0.0,0.0
2024-12-03 07:47:00-05:00,194.75,194.75,194.69,194.72,0,0.0,0.0
2024-12-03 07:48:00-05:00,194.72,194.72,194.72,194.72,0,0.0,0.0
2024-12-03 07:49:00-05:00,194.75,194.75,194.75,194.75,0,0.0,0.0
2024-12-03 07:50:00-05:00,194.8,194.9,194.8,194.9,0,0.0,0.0
2024-12-03 07:51:00-05:00,194.9,194.9,194.89,194.89,0,0.0,0.0
2024-12-03 07:52:00-05:00,194.88,194.88,194.88,194.88,0,0.0,0.0
2024-12-03 07:53:00-05:00,194.82,194.89,194.82,194.89,0,0.0,0.0
2024-12-03 07:54:00-05:00,194.82,194.88,194.82,194.82,0,0.0,0.0
2024-12-03 07:55:00-05:00,194.87,194.87,194.79,194.8,0,0.0,0.0
2024-12-03 07:56:00-05:00,194.82,194.87,194.8,194.86,0,0.0,0.0
2024-12-03 07:57:00-05:00,194.87,194.87,194.75,194.75,0,0.0,0.0
2024-12-03 07:58:00-05:00,194.85,194.85,194.8,194.84,0,0.0,0.0
2024-12-03 07:59:00-05:00,194.84,194.87,194.82,194.87,0,0.0,0.0
2024-12-03 08:00:00-05:00,194.6577,195.84,193.91,194.55,0,0.0,0.0
2024-12-03 08:01:00-05:00,194.65,195.8,194.49,194.87,0,0.0,0.0
2024-12-03 08:02:00-05:00,194.85,194.88,194.71,194.83,0,0.0,0.0
2024-12-03 08:03:00-05:00,194.89,194.89,194.85,194.88,0,0.0,0.0
2024-12-03 08:04:00-05:00,194.88,195.0,194.81,194.9,0,0.0,0.0
2024-12-03 08:05:00-05:00,194.8326,194.9,194.814,194.9,0,0.0,0.0
2024-12-03 08:06:00-05:00,194.8101,194.93,194.8101,194.85,0,0.0,0.0
2024-12-03 08:07:00-05:00,194.91,195.0,194.81,194.88,0,0.0,0.0
2024-12-03 08:08:00-05:00,194.9,195.0,194.81,194.81,0,0.0,0.0
2024-12-03 08:09:00-05:00,194.9,195.0,194.8326,195.0,0,0.0,0.0
2024-12-03 08:10:00-05:00,194.84,194.95,194.81,194.86,0,0.0,0.0
2024-12-03 08:11:00-05:00,194.8326,195.0,194.8326,194.98,0,0.0,0.0
2024-12-03 08:12:00-05:00,194.98,195.0,194.86,194.98,0,0.0,0.0
2024-12-03 08:13:00-05:00,195.0,195.05,194.85,195.0,0,0.0,0.0
2024-12-03 08:14:00-05:00,195.04,195.1,195.0,195.01,0,0.0,0.0
2024-12-03 08:15:00-05:00,195.01,195.1,195.01,195.0601,0,0.0,0.0
2024-12-03 08:16:00-05:00,195.06,195.1,195.06,195.1,0,0.0,0.0
2024-12-03 08:17:00-05:00,195.1,195.1,194.95,194.96,0,0.0,0.0
2024-12-03 08:18:00-05:00,194.95,195.2,194.86,195.0,0,0.0,0.0
2024-12-03 08:19:00-05:00,195.05,195.05,195.05,195.05,0,0.0,0.0
2024-12-03 08:20:00-05:00,195.0,195.2,194.96,194.96,0,0.0,0.0
2024-12-03 08:21:00-05:00,194.8375,195.0,194.8375,195.0,0,0.0,0.0
2024-12-03 08:22:00-05:00,195.0,195.116,195.0,195.03,0,0.0,0.0
2024-12-03 08:23:00-05:00,195.0,195.18,195.0,195.18,0,0.0,0.0
2024-12-03 08:24:00-05:00,195.1,195.2,195.1,195.2,0,0.0,0.0
2024-12-03 08:25:00-05:00,195.2,195.2,195.0023,195.18,0,0.0,0.0
2024-12-03 08:26:00-05:00,195.18,195.2,195.18,195.18,0,0.0,0.0
2024-12-03 08:27:00-05:00,195.18,195.2,195.1,195.2,0,0.0,0.0
2024-12-03 08:28:00-05:00,195.2,195.2,195.13,195.2,0,0.0,0.0
2024-12-03 08:29:00-05:00,195.2,195.24,195.18,195.24,0,0.0,0.0
2024-12-03 08:30:00-05:00,195.2788,195.2788,195.16,195.24,0,0.0,0.0
2024-12-03 08:31:00-05:00,195.14,195.19,195.1,195.12,0,0.0,0.0
2024-12-03 08:32:00-05:00,195.1002,195.2,195.1002,195.14,0,0.0,0.0
2024-12-03 08:33:00-05:00,195.15,195.2,195.1,195.14,0,0.0,0.0
2024-12-03 08:34:00-05:00,195.14,195.2,195.1006,195.18,0,0.0,0.0
2024-12-03 08:35:00-05:00,195.19,195.28,195.1,195.28,0,0.0,0.0
2024-12-03 08:36:00-05:00,195.2001,195.361,195.2001,195.27,0,0.0,0.0
2024-12-03 08:37:00-05:00,195.27,195.4,195.26,195.33,0,0.0,0.0
2024-12-03 08:38:00-05:00,195.4,195.4,195.2,195.2,0,0.0,0.0
2024-12-03 08:39:00-05:00,195.38,195.38,195.34,195.34,0,0.0,0.0
2024-12-03 08:40:00-05:00,195.4,195.4,195.3,195.31,0,0.0,0.0
2024-12-03 08:41:00-05:00,195.3,195.38,195.3,195.38,0,0.0,0.0
2024-12-03 08:42:00-05:00,195.32,195.38,195.25,195.3,0,0.0,0.0
2024-12-03 08:43:00-05:00,195.36,195.38,195.32,195.38,0,0.0,0.0
2024-12-03 08:44:00-05:00,195.31,195.41,195.3005,195.41,0,0.0,0.0
2024-12-03 08:45:00-05:00,195.41,195.4683,195.33,195.33,0,0.0,0.0
2024-12-03 08:46:00-05:00,195.36,195.4592,195.33,195.38,0,0.0,0.0
2024-12-03 08:47:00-05:00,195.35,195.4,195.31,195.31,0,0.0,0.0
2024-12-03 08:48:00-05:00,195.3,195.44,195.3,195.4,0,0.0,0.0
2024-12-03 08:49:00-05:00,195.38,195.38,195.25,195.3,0,0.0,0.0
2024-12-03 08:50:00-05:00,195.44,195.44,195.21,195.21,0,0.0,0.0
2024-12-03 08:51:00-05:00,195.23,195.4,195.06,195.12,0,0.0,0.0
2024-12-03 08:52:00-05:00,195.1,195.1,194.85,194.93,0,0.0,0.0
2024-12-03 08:53:00-05:00,194.85,194.99,194.72,194.8,0,0.0,0.0
2024-12-03 08:54:00-05:00,194.8,194.96,194.73,194.82,0,0.0,0.0
2024-12-03 08:55:00-05:00,194.83,194.9,194.71,194.85,0,0.0,0.0
2024-12-03 08:56:00-05:00,194.82,194.91,194.73,194.79,0,0.0,0.0
2024-12-03 08:57:00-05:00,194.79,194.96,194.71,194.71,0,0.0,0.0
2024-12-03 08:58:00-05:00,194.75,194.75,194.55,194.57,0,0.0,0.0
2024-12-03 08:59:00-05:00,194.55,194.6,194.41,194.46,0,0.0,0.0
2024-12-03 09:00:00-05:00,194.45,194.63,194.413,194.51,0,0.0,0.0
2024-12-03 09:01:00-05:00,194.62,194.62,194.4,194.44,0,0.0,0.0
2024-12-03 09:02:00-05:00,194.45,194.6,194.4,194.4,0,0.0,0.0
2024-12-03 09:03:00-05:00,194.4,194.565,194.4,194.4,0,0.0,0.0
2024-12-03 09:04:00-05:00,194.4,194.5,194.4,194.5,0,0.0,0.0
2024-12-03 09:05:00-05:00,194.4055,194.5,194.4,194.4,0,0.0,0.0
2024-12-03 09:06:00-05:00,194.41,194.55,193.88,193.99,0,0.0,0.0
2024-12-03 09:07:00-05:00,193.8813,193.9,193.01,193.16,0,0.0,0.0
2024-12-03 09:08:00-05:00,193.11,193.2,192.8,193.07,0,0.0,0.0
2024-12-03 09:09:00-05:00,193.38,193.5,193.0,193.3238,0,0.0,0.0
2024-12-03 09:10:00-05:00,193.41,193.99,193.4,193.79,0,0.0,0.0
2024-12-03 09:11:00-05:00,193.79,194.04,193.71,193.792,0,0.0,0.0
2024-12-03 09:12:00-05:00,193.92,193.93,193.47,193.51,0,0.0,0.0
2024-12-03 09:13:00-05:00,193.7613,193.7613,193.47,193.47,0,0.0,0.0
2024-12-03 09:14:00-05:00,193.55,193.7,193.4,193.48,0,0.0,0.0
2024-12-03 09:30:00-05:00,193.5,193.8800048828125,192.60000610351562,193.02999877929688,536186,0.0,0.0
2024-12-03 09:31:00-05:00,193.1649932861328,193.89999389648438,192.92999267578125,193.6199951171875,75990,0.0,0.0
2024-12-03 09:32:00-05:00,193.6300048828125,194.5500030517578,193.5800018310547,194.51499938964844,76277,0.0,0.0
2024-12-03 09:33:00-05:00,194.5500030517578,195.27000427246094,194.42999267578125,195.17999267578125,89517,0.0,0.0
2024-12-03 09:34:00-05:00,195.1300048828125,195.5998992919922,195.1199951171875,195.3300018310547,73833,0.0,0.0
2024-12-03 09:35:00-05:00,195.30999755859375,195.72000122070312,195.24000549316406,195.42999267578125,101683,0.0,0.0
2024-12-03 09:36:00-05:00,195.42999267578125,195.61000061035156,195.360107421875,195.48500061035156,61549,0.0,0.0
2024-12-03 09:37:00-05:00,195.5050048828125,195.52000427246094,195.0399932861328,195.11000061035156,48587,0.0,0.0
2024-12-03 09:38:00-05:00,195.125,195.49000549316406,195.0500030517578,195.2899932861328,55132,0.0,0.0
2024-12-03 09:39:00-05:00,195.37989807128906,195.53900146484375,195.2899932861328,195.47999572753906,43732,0.0,0.0
2024-12-03 09:40:00-05:00,195.47999572753906,195.77999877929688,195.3350067138672,195.38999938964844,78671,0.0,0.0
2024-12-03 09:41:00-05:00,195.38999938964844,195.6699981689453,195.16000366210938,195.47999572753906,54906,0.0,0.0
2024-12-03 09:42:00-05:00,195.42999267578125,195.44000244140625,195.00999450683594,195.27999877929688,36256,0.0,0.0
2024-12-03 09:43:00-05:00,195.27999877929688,195.27999877929688,195.0,195.02999877929688,49550,0.0,0.0
2024-12-03 09:44:00-05:00,195.02000427246094,195.6999969482422,194.9801025390625,195.64999389648438,64358,0.0,0.0
2024-12-03 09:45:00-05:00,195.64999389648438,195.9199981689453,195.59500122070312,195.76499938964844,53416,0.0,0.0
2024-12-03 09:46:00-05:00,195.76499938964844,195.8690948486328,195.44000244140625,195.5,57048,0.0,0.0
2024-12-03 09:47:00-05:00,195.44000244140625,195.49000549316406,195.2100067138672,195.22999572753906,27366,0.0,0.0
2024-12-03 09:48:00-05:00,195.22000122070312,195.58999633789062,195.22000122070312,195.5,57082,0.0,0.0
2024-12-03 09:49:00-05:00,195.4680938720703,195.57000732421875,195.18499755859375,195.57000732421875,48937,0.0,0.0
2024-12-03 09:50:00-05:00,195.57000732421875,195.6999053955078,195.42999267578125,195.57000732421875,24717,0.0,0.0
2024-12-03 09:51:00-05:00,195.5500030517578,195.75999450683594,195.46009826660156,195.73500061035156,29059,0.0,0.0
2024-12-03 09:52:00-05:00,195.75999450683594,195.9499969482422,195.69000244140625,195.94000244140625,35902,0.0,0.0
2024-12-03 09:53:00-05:00,195.89089965820312,196.1999053955078,195.8249969482422,195.8249969482422,103394,0.0,0.0
2024-12-03 09:54:00-05:00,195.8699951171875,195.99000549316406,195.63999938964844,195.63999938964844,37713,0.0,0.0
2024-12-03 09:55:00-05:00,195.67979431152344,195.67999267578125,195.47000122070312,195.50999450683594,24968,0.0,0.0
2024-12-03 09:56:00-05:00,195.50999450683594,195.5399932861328,195.25,195.25999450683594,30873,0.0,0.0
2024-12-03 09:57:00-05:00,195.22999572753906,195.3249969482422,195.07000732421875,195.10000610351562,25999,0.0,0.0
2024-12-03 09:58:00-05:00,195.07310485839844,195.19000244140625,195.0399932861328,195.17999267578125,19960,0.0,0.0
2024-12-03 09:59:00-05:00,195.17999267578125,195.40130615234375,195.1649932861328,195.38999938964844,23272,0.0,0.0
2024-12-03 10:00:00-05:00,195.35000610351562,195.35000610351562,194.89999389648438,195.0050048828125,59922,0.0,0.0
2024-12-03 10:01:00-05:00,195.0,195.1300048828125,195.0,195.1199951171875,35743,0.0,0.0
2024-12-03 10:02:00-05:00,195.1300048828125,195.15499877929688,194.89999389648438,194.89999389648438,25613,0.0,0.0
2024-12-03 10:03:00-05:00,194.86000061035156,194.86000061035156,194.25999450683594,194.375,61207,0.0,0.0
2024-12-03 10:04:00-05:00,194.36000061035156,194.52999877929688,194.32000732421875,194.4499969482422,37730,0.0,0.0
2024-12-03 10:05:00-05:00,194.4499969482422,194.6300048828125,194.4199981689453,194.56500244140625,39048,0.0,0.0
2024-12-03 10:06:00-05:00,194.58160400390625,194.77000427246094,194.58160400390625,194.72000122070312,12058,0.0,0.0
2024-12-03 10:07:00-05:00,194.66000366210938,194.67999267578125,194.4949951171875,194.58999633789062,19236,0.0,0.0
2024-12-03 10:08:00-05:00,194.61000061035156,194.77000427246094,194.50999450683594,194.63999938964844,23676,0.0,0.0
2024-12-03 10:09:00-05:00,194.63999938964844,194.72000122070312,194.44000244140625,194.60499572753906,59034,0.0,0.0
2024-12-03 10:10:00-05:00,194.60499572753906,194.77999877929688,194.4600067138672,194.52000427246094,33291,0.0,0.0
2024-12-03 10:11:00-05:00,194.49000549316406,194.72000122070312,194.39999389648438,194.72000122070312,19277,0.0,0.0
2024-12-03 10:12:00-05:00,194.7449951171875,194.77999877929688,194.5500030517578,194.69000244140625,14301,0.0,0.0
2024-12-03 10:13:00-05:00,194.68499755859375,194.7100067138672,194.47000122070312,194.5800018310547,26087,0.0,0.0
2024-12-03 10:14:00-05:00,194.58999633789062,194.69000244140625,194.58999633789062,194.66000366210938,15016,0.0,0.0
2024-12-03 10:15:00-05:00,194.66000366210938,195.0800018310547,194.66000366210938,194.9600067138672,21593,0.0,0.0
2024-12-03 10:16:00-05:00,194.97999572753906,195.13999938964844,194.75,194.77000427246094,33787,0.0,0.0
2024-12-03 10:17:00-05:00,194.77000427246094,195.11000061035156,194.75999450683594,194.97999572753906,17966,0.0,0.0
2024-12-03 10:18:00-05:00,194.9949951171875,195.11000061035156,194.93499755859375,195.08999633789062,16076,0.0,0.0
2024-12-03 10:19:00-05:00,195.07000732421875,195.07000732421875,194.9600067138672,194.97999572753906,12456,0.0,0.0
2024-12-03 10:20:00-05:00,194.9763946533203,195.0399932861328,194.6999969482422,194.8000030517578,32636,0.0,0.0
2024-12-03 10:21:00-05:00,194.80999755859375,194.92999267578125,194.69000244140625,194.7449951171875,25570,0.0,0.0
2024-12-03 10:22:00-05:00,194.74000549316406,194.8300018310547,194.67759704589844,194.6999969482422,21981,0.0,0.0
2024-12-03 10:23:00-05:00,194.75,194.80999755859375,194.65499877929688,194.65499877929688,14127,0.0,0.0
2024-12-03 10:24:00-05:00,194.58999633789062,194.66000366210938,194.52609252929688,194.61000061035156,10760,0.0,0.0
2024-12-03 10:25:00-05:00,194.6215057373047,194.6215057373047,194.4199981689453,194.46499633789062,25697,0.0,0.0
2024-12-03 10:26:00-05:00,194.49349975585938,194.50999450683594,193.89999389648438,193.94000244140625,53227,0.0,0.0
2024-12-03 10:27:00-05:00,193.94000244140625,194.08999633789062,193.72000122070312,194.08999633789062,27243,0.0,0.0
2024-12-03 10:28:00-05:00,194.08999633789062,194.13999938964844,193.8000030517578,193.89999389648438,23050,0.0,0.0
2024-12-03 10:29:00-05:00,193.839599609375,194.0,193.8300018310547,193.83999633789062,11510,0.0,0.0
2024-12-03 10:30:00-05:00,193.8000030517578,193.92999267578125,193.7100067138672,193.85499572753906,19739,0.0,0.0
2024-12-03 10:31:00-05:00,193.83999633789062,194.12269592285156,193.76210021972656,194.12269592285156,31052,0.0,0.0
2024-12-03 10:32:00-05:00,194.13999938964844,194.3800048828125,194.11219787597656,194.1199951171875,22160,0.0,0.0
2024-12-03 10:33:00-05:00,194.15499877929688,194.3699951171875,194.07000732421875,194.34500122070312,21099,0.0,0.0
2024-12-03 10:34:00-05:00,194.3699951171875,194.4600067138672,194.29010009765625,194.38999938964844,17675,0.0,0.0
2024-12-03 10:35:00-05:00,194.3699951171875,194.49000549316406,194.3699951171875,194.47999572753906,19703,0.0,0.0
2024-12-03 10:36:00-05:00,194.47000122070312,194.62899780273438,194.3134002685547,194.3350067138672,23017,0.0,0.0
2024-12-03 10:37:00-05:00,194.3350067138672,194.36000061035156,194.02000427246094,194.3350067138672,36270,0.0,0.0
2024-12-03 10:38:00-05:00,194.31089782714844,194.39999389648438,194.16200256347656,194.1649932861328,8815,0.0,0.0
2024-12-03 10:39:00-05:00,194.19000244140625,194.25,194.14999389648438,194.1699981689453,10399,0.0,0.0
2024-12-03 10:40:00-05:00,194.18499755859375,194.2324981689453,194.02999877929688,194.0850067138672,9982,0.0,0.0
2024-12-03 10:41:00-05:00,194.08999633789062,194.13999938964844,193.80999755859375,193.97000122070312,21494,0.0,0.0
2024-12-03 10:42:00-05:00,194.0,194.08999633789062,193.97999572753906,194.02999877929688,7974,0.0,0.0
2024-12-03 10:43:00-05:00,194.0,194.0,193.8699951171875,193.9600067138672,14743,0.0,0.0
2024-12-03 10:44:00-05:00,193.97000122070312,194.11000061035156,193.96499633789062,194.02000427246094,13668,0.0,0.0
2024-12-03 10:45:00-05:00,194.05999755859375,194.1300048828125,193.9199981689453,193.9550018310547,19851,0.0,0.0
2024-12-03 10:46:00-05:00,193.9600067138672,194.3000030517578,193.92999267578125,194.3000030517578,21298,0.0,0.0
2024-12-03 10:47:00-05:00,194.2209930419922,194.30999755859375,194.22000122070312,194.30999755859375,13676,0.0,0.0
2024-12-03 10:48:00-05:00,194.30999755859375,194.41000366210938,194.29010009765625,194.38999938964844,15429,0.0,0.0
2024-12-03 10:49:00-05:00,194.39999389648438,194.6199951171875,194.3699951171875,194.58999633789062,25793,0.0,0.0
2024-12-03 10:50:00-05:00,194.58999633789062,194.72500610351562,194.5,194.5,19541,0.0,0.0
2024-12-03 10:51:00-05:00,194.47000122070312,194.5299072265625,194.27000427246094,194.27000427246094,12494,0.0,0.0
2024-12-03 10:52:00-05:00,194.26010131835938,194.27000427246094,193.97000122070312,194.0050048828125,26726,0.0,0.0
2024-12-03 10:53:00-05:00,193.9499969482422,194.07000732421875,193.83999633789062,193.9250030517578,19087,0.0,0.0
2024-12-03 10:54:00-05:00,193.9199981689453,194.13999938964844,193.9199981689453,194.125,18291,0.0,0.0
2024-12-03 10:55:00-05:00,194.11000061035156,194.13999938964844,194.01010131835938,194.11000061035156,11443,0.0,0.0
2024-12-03 10:56:00-05:00,194.14999389648438,194.5,194.1300048828125,194.47999572753906,17117,0.0,0.0
2024-12-03 10:57:00-05:00,194.5,194.63999938964844,194.39999389648438,194.39999389648438,26246,0.0,0.0
2024-12-03 10:58:00-05:00,194.38999938964844,194.5,194.3000030517578,194.41600036621094,17411,0.0,0.0
2024-12-03 10:59:00-05:00,194.3979034423828,194.50999450683594,194.36000061035156,194.4600067138672,6587,0.0,0.0
2024-12-03 11:00:00-05:00,194.4600067138672,194.49000549316406,194.33999633789062,194.4499969482422,12701,0.0,0.0
2024-12-03 11:01:00-05:00,194.46499633789062,194.59500122070312,194.4600067138672,194.57000732421875,14856,0.0,0.0
2024-12-03 11:02:00-05:00,194.57000732421875,194.63999938964844,194.50999450683594,194.55499267578125,12607,0.0,0.0
2024-12-03 11:03:00-05:00,194.52999877929688,194.66000366210938,194.4949951171875,194.64500427246094,14223,0.0,0.0
2024-12-03 11:04:00-05:00,194.63999938964844,194.75,194.63999938964844,194.75,10402,0.0,0.0
2024-12-03 11:05:00-05:00,194.74000549316406,194.95590209960938,194.67999267578125,194.94000244140625,8885,0.0,0.0
2024-12-03 11:06:00-05:00,194.9250030517578,194.97500610351562,194.7801055908203,194.81500244140625,21905,0.0,0.0
2024-12-03 11:07:00-05:00,194.8249969482422,194.94000244140625,194.8249969482422,194.92999267578125,7240,0.0,0.0
2024-12-03 11:08:00-05:00,194.94659423828125,195.02000427246094,194.8699951171875,195.02000427246094,25249,0.0,0.0
2024-12-03 11:09:00-05:00,195.0500030517578,195.1300048828125,195.02000427246094,195.05499267578125,11946,0.0,0.0
2024-12-03 11:10:00-05:00,195.07000732421875,195.1199951171875,195.00999450683594,195.02999877929688,10909,0.0,0.0
2024-12-03 11:11:00-05:00,195.07000732421875,195.10000610351562,194.9550018310547,195.02000427246094,10522,0.0,0.0
2024-12-03 11:12:00-05:00,195.02999877929688,195.05999755859375,194.85000610351562,194.88169860839844,7847,0.0,0.0
2024-12-03 11:13:00-05:00,194.94000244140625,195.0050048828125,194.94000244140625,194.99000549316406,4674,0.0,0.0
2024-12-03 11:14:00-05:00,194.97329711914062,194.97329711914062,194.75999450683594,194.8300018310547,21410,0.0,0.0
2024-12-03 11:15:00-05:00,194.80999755859375,194.8520050048828,194.74000549316406,194.80999755859375,12673,0.0,0.0
2024-12-03 11:16:00-05:00,194.84339904785156,194.84339904785156,194.75,194.77000427246094,5935,0.0,0.0
2024-12-03 11:17:00-05:00,194.8000030517578,194.99000549316406,194.8000030517578,194.98500061035156,8089,0.0,0.0
2024-12-03 11:18:00-05:00,195.0,195.0399932861328,194.8800048828125,195.02999877929688,25290,0.0,0.0
2024-12-03 11:19:00-05:00,195.0679931640625,195.0679931640625,194.9199981689453,194.9600067138672,8748,0.0,0.0
2024-12-03 11:20:00-05:00,194.97500610351562,195.00999450683594,194.92999267578125,194.94000244140625,6276,0.0,0.0
2024-12-03 11:21:00-05:00,194.97999572753906,195.14990234375,194.97999572753906,195.1300048828125,12720,0.0,0.0
2024-12-03 11:22:00-05:00,195.13999938964844,195.16650390625,195.0800018310547,195.14999389648438,14567,0.0,0.0
2024-12-03 11:23:00-05:00,195.1699981689453,195.25,195.0800018310547,195.2292022705078,11845,0.0,0.0
2024-12-03 11:24:00-05:00,195.25,195.35000610351562,195.25,195.35000610351562,7328,0.0,0.0
2024-12-03 11:25:00-05:00,195.35499572753906,195.44000244140625,195.22999572753906,195.43499755859375,12628,0.0,0.0
2024-12-03 11:26:00-05:00,195.42999267578125,195.60000610351562,195.42999267578125,195.60000610351562,19272,0.0,0.0
2024-12-03 11:27:00-05:00,195.61000061035156,195.61000061035156,195.4550018310547,195.52999877929688,17405,0.0,0.0
2024-12-03 11:28:00-05:00,195.52999877929688,195.67999267578125,195.50999450683594,195.58999633789062,26125,0.0,0.0
2024-12-03 11:29:00-05:00,195.58999633789062,195.66000366210938,195.5399932861328,195.6199951171875,14402,0.0,0.0
2024-12-03 11:30:00-05:00,195.6300048828125,195.66000366210938,195.5399932861328,195.64999389648438,31006,0.0,0.0
2024-12-03 11:31:00-05:00,195.6699981689453,195.6699981689453,195.52000427246094,195.54010009765625,7216,0.0,0.0
2024-12-03 11:32:00-05:00,195.56329345703125,195.57179260253906,195.3699951171875,195.41000366210938,13287,0.0,0.0
2024-12-03 11:33:00-05:00,195.4199981689453,195.44000244140625,195.25,195.27499389648438,18437,0.0,0.0
2024-12-03 11:34:00-05:00,195.25999450683594,195.3000030517578,195.2100067138672,195.3000030517578,20956,0.0,0.0
2024-12-03 11:35:00-05:00,195.3000030517578,195.41000366210938,195.0500030517578,195.19500732421875,16811,0.0,0.0
2024-12-03 11:36:00-05:00,195.1699981689453,195.17999267578125,195.11500549316406,195.16000366210938,7319,0.0,0.0
2024-12-03 11:37:00-05:00,195.1300048828125,195.1300048828125,195.01080322265625,195.1300048828125,14352,0.0,0.0
2024-12-03 11:38:00-05:00,195.1199951171875,195.22999572753906,195.1199951171875,195.22000122070312,13025,0.0,0.0
2024-12-03 11:39:00-05:00,195.19000244140625,195.3000030517578,195.14999389648438,195.25,12803,0.0,0.0
2024-12-03 11:40:00-05:00,195.25,195.3800048828125,195.22999572753906,195.27000427246094,5850,0.0,0.0
2024-12-03 11:41:00-05:00,195.27000427246094,195.27999877929688,195.1999969482422,195.20289611816406,7469,0.0,0.0
2024-12-03 11:42:00-05:00,195.22500610351562,195.23350524902344,195.11000061035156,195.19000244140625,14268,0.0,0.0
2024-12-03 11:43:00-05:00,195.22000122070312,195.25,195.00999450683594,195.05999755859375,16421,0.0,0.0
2024-12-03 11:44:00-05:00,195.02999877929688,195.07000732421875,195.00999450683594,195.0449981689453,9932,0.0,0.0
2024-12-03 11:45:00-05:00,195.05999755859375,195.27999877929688,195.05999755859375,195.27999877929688,12558,0.0,0.0
2024-12-03 11:46:00-05:00,195.26499938964844,195.26499938964844,195.0500030517578,195.07000732421875,8992,0.0,0.0
2024-12-03 11:47:00-05:00,195.0500030517578,195.0800018310547,194.94000244140625,195.05999755859375,18329,0.0,0.0
2024-12-03 11:48:00-05:00,195.0800018310547,195.18499755859375,195.0800018310547,195.18499755859375,4312,0.0,0.0
2024-12-03 11:49:00-05:00,195.27999877929688,195.36990356445312,195.25,195.3000030517578,9846,0.0,0.0
2024-12-03 11:50:00-05:00,195.3000030517578,195.36839294433594,195.27000427246094,195.34500122070312,7422,0.0,0.0
2024-12-03 11:51:00-05:00,195.3699951171875,195.4600067138672,195.34500122070312,195.4595947265625,8642,0.0,0.0
2024-12-03 11:52:00-05:00,195.4550018310547,195.58999633789062,195.4550018310547,195.58900451660156,13581,0.0,0.0
2024-12-03 11:53:00-05:00,195.52999877929688,195.6699981689453,195.52999877929688,195.6699981689453,8826,0.0,0.0
2024-12-03 11:54:00-05:00,195.66250610351562,195.67999267578125,195.6300048828125,195.6649932861328,6434,0.0,0.0
2024-12-03 11:55:00-05:00,195.64999389648438,195.75,195.64999389648438,195.64999389648438,13617,0.0,0.0
2024-12-03 11:56:00-05:00,195.64999389648438,195.64999389648438,195.52999877929688,195.5673065185547,6918,0.0,0.0
2024-12-03 11:57:00-05:00,195.55999755859375,195.6199951171875,195.55999755859375,195.6199951171875,12449,0.0,0.0
2024-12-03 11:58:00-05:00,195.5800018310547,195.599853515625,195.41000366210938,195.4199981689453,12439,0.0,0.0
2024-12-03 11:59:00-05:00,195.39999389648438,195.41000366210938,195.25999450683594,195.27000427246094,11921,0.0,0.0
2024-12-03 12:00:00-05:00,195.25999450683594,195.4199981689453,195.25999450683594,195.4199981689453,9076,0.0,0.0
2024-12-03 12:01:00-05:00,195.39999389648438,195.4600067138672,195.39999389648438,195.451904296875,2608,0.0,0.0
2024-12-03 12:02:00-05:00,195.43600463867188,195.4600067138672,195.30999755859375,195.3300018310547,5709,0.0,0.0
2024-12-03 12:03:00-05:00,195.3300018310547,195.47000122070312,195.3300018310547,195.46449279785156,27771,0.0,0.0
2024-12-03 12:04:00-05:00,195.4600067138672,195.5,195.4199981689453,195.4949951171875,9136,0.0,0.0
2024-12-03 12:05:00-05:00,195.45449829101562,195.5500030517578,195.45449829101562,195.5299072265625,8798,0.0,0.0
2024-12-03 12:06:00-05:00,195.52000427246094,195.52999877929688,195.46009826660156,195.5,5816,0.0,0.0
2024-12-03 12:07:00-05:00,195.5,195.5800018310547,195.42999267578125,195.42999267578125,7320,0.0,0.0
2024-12-03 12:08:00-05:00,195.4600067138672,195.57000732421875,195.4600067138672,195.5,6617,0.0,0.0
2024-12-03 12:09:00-05:00,195.52499389648438,195.60000610351562,195.5,195.55499267578125,7193,0.0,0.0
2024-12-03 12:10:00-05:00,195.5800018310547,195.66990661621094,195.55499267578125,195.5800018310547,7536,0.0,0.0
2024-12-03 12:11:00-05:00,195.5500946044922,195.58999633789062,195.5301055908203,195.58999633789062,8077,0.0,0.0
2024-12-03 12:12:00-05:00,195.60000610351562,195.75999450683594,195.58999633789062,195.74000549316406,27175,0.0,0.0
2024-12-03 12:13:00-05:00,195.74000549316406,195.74000549316406,195.5001983642578,195.52999877929688,12479,0.0,0.0
2024-12-03 12:14:00-05:00,195.52000427246094,195.60989379882812,195.5,195.5449981689453,13203,0.0,0.0
2024-12-03 12:15:00-05:00,195.5449981689453,195.58990478515625,195.52999877929688,195.56500244140625,6246,0.0,0.0
2024-12-03 12:16:00-05:00,195.5800018310547,195.77000427246094,195.5800018310547,195.7100067138672,7493,0.0,0.0
2024-12-03 12:17:00-05:00,195.72999572753906,195.83999633789062,195.72999572753906,195.77999877929688,12005,0.0,0.0
2024-12-03 12:18:00-05:00,195.75489807128906,195.89999389648438,195.75489807128906,195.89999389648438,9825,0.0,0.0
2024-12-03 12:19:00-05:00,195.91000366210938,195.97000122070312,195.91000366210938,195.91000366210938,11220,0.0,0.0
2024-12-03 12:20:00-05:00,195.91000366210938,195.99000549316406,195.84010314941406,195.8699951171875,19479,0.0,0.0
2024-12-03 12:21:00-05:00,195.83999633789062,195.9199981689453,195.72000122070312,195.72000122070312,11318,0.0,0.0
2024-12-03 12:22:00-05:00,195.72000122070312,195.86000061035156,195.72000122070312,195.86000061035156,12042,0.0,0.0
2024-12-03 12:23:00-05:00,195.9322052001953,195.9322052001953,195.77999877929688,195.77999877929688,7788,0.0,0.0
2024-12-03 12:24:00-05:00,195.7899932861328,195.83999633789062,195.76499938964844,195.82000732421875,6066,0.0,0.0
2024-12-03 12:25:00-05:00,195.80889892578125,195.80999755859375,195.7100067138672,195.74000549316406,14855,0.0,0.0
2024-12-03 12:26:00-05:00,195.71499633789062,195.71499633789062,195.61740112304688,195.68260192871094,4144,0.0,0.0
2024-12-03 12:27:00-05:00,195.6699981689453,195.68060302734375,195.5500030517578,195.55499267578125,7159,0.0,0.0
2024-12-03 12:28:00-05:00,195.55999755859375,195.63999938964844,195.5384979248047,195.6300048828125,6576,0.0,0.0
2024-12-03 12:29:00-05:00,195.6199951171875,195.6199951171875,195.58999633789062,195.61500549316406,4665,0.0,0.0
2024-12-03 12:30:00-05:00,195.60000610351562,195.6199951171875,195.49000549316406,195.53599548339844,7677,0.0,0.0
2024-12-03 12:31:00-05:00,195.55999755859375,195.55999755859375,195.44000244140625,195.47999572753906,5229,0.0,0.0
2024-12-03 12:32:00-05:00,195.4550018310547,195.55999755859375,195.36000061035156,195.52999877929688,7811,0.0,0.0
2024-12-03 12:33:00-05:00,195.5,195.50999450683594,195.47000122070312,195.5,8092,0.0,0.0
2024-12-03 12:34:00-05:00,195.60000610351562,195.67999267578125,195.55999755859375,195.58999633789062,5887,0.0,0.0
2024-12-03 12:35:00-05:00,195.55999755859375,195.55999755859375,195.4949951171875,195.52000427246094,9172,0.0,0.0
2024-12-03 12:36:00-05:00,195.55999755859375,195.67999267578125,195.4801025390625,195.67999267578125,13581,0.0,0.0
2024-12-03 12:37:00-05:00,195.72000122070312,195.7998046875,195.64999389648438,195.77499389648438,16982,0.0,0.0
2024-12-03 12:38:00-05:00,195.8000030517578,195.89999389648438,195.77999877929688,195.89999389648438,8545,0.0,0.0
2024-12-03 12:39:00-05:00,195.86500549316406,195.9499969482422,195.86500549316406,195.9499969482422,9154,0.0,0.0
2024-12-03 12:40:00-05:00,195.9499969482422,196.0500030517578,195.88999938964844,195.94000244140625,42348,0.0,0.0
2024-12-03 12:41:00-05:00,195.92999267578125,196.00999450683594,195.91329956054688,196.00999450683594,14324,0.0,0.0
2024-12-03 12:42:00-05:00,195.9998016357422,196.00999450683594,195.85000610351562,196.0,13158,0.0,0.0
2024-12-03 12:43:00-05:00,195.99000549316406,196.0050048828125,195.86000061035156,195.90480041503906,13869,0.0,0.0
2024-12-03 12:44:00-05:00,195.88999938964844,195.9600067138672,195.8800048828125,195.94000244140625,12159,0.0,0.0
2024-12-03 12:45:00-05:00,195.9199981689453,196.0800018310547,195.9199981689453,196.0800018310547,9164,0.0,0.0
2024-12-03 12:46:00-05:00,196.0738983154297,196.25,196.07000732421875,196.25,20006,0.0,0.0
2024-12-03 12:47:00-05:00,196.22999572753906,196.27000427246094,196.17010498046875,196.24000549316406,13296,0.0,0.0
2024-12-03 12:48:00-05:00,196.25,196.2642059326172,196.19000244140625,196.23500061035156,12798,0.0,0.0
2024-12-03 12:49:00-05:00,196.1999969482422,196.3000030517578,196.1699981689453,196.2574005126953,10535,0.0,0.0
2024-12-03 12:50:00-05:00,196.2799072265625,196.35000610351562,196.25999450683594,196.35000610351562,13121,0.0,0.0
2024-12-03 12:51:00-05:00,196.35000610351562,196.5,196.3300018310547,196.49000549316406,31449,0.0,0.0
2024-12-03 12:52:00-05:00,196.5,196.5800018310547,196.47000122070312,196.52999877929688,18440,0.0,0.0
2024-12-03 12:53:00-05:00,196.52999877929688,196.5699005126953,196.47410583496094,196.52000427246094,14698,0.0,0.0
2024-12-03 12:54:00-05:00,196.5399932861328,196.5800018310547,196.47999572753906,196.49000549316406,10632,0.0,0.0
2024-12-03 12:55:00-05:00,196.5198974609375,196.6199951171875,196.45010375976562,196.6199951171875,12360,0.0,0.0
2024-12-03 12:56:00-05:00,196.61000061035156,196.6199951171875,196.36000061035156,196.49000549316406,18955,0.0,0.0
2024-12-03 12:57:00-05:00,196.47999572753906,196.64990234375,196.47999572753906,196.639404296875,10013,0.0,0.0
2024-12-03 12:58:00-05:00,196.64999389648438,196.67999267578125,196.60000610351562,196.60000610351562,15075,0.0,0.0
2024-12-03 12:59:00-05:00,196.59820556640625,196.72999572753906,196.59500122070312,196.66000366210938,21361,0.0,0.0
2024-12-03 13:00:00-05:00,196.66000366210938,196.6999969482422,196.61000061035156,196.69500732421875,14653,0.0,0.0
2024-12-03 13:01:00-05:00,196.6699981689453,196.6999969482422,196.63999938964844,196.6699981689453,13676,0.0,0.0
2024-12-03 13:02:00-05:00,196.66000366210938,196.6999969482422,196.63999938964844,196.6999969482422,13587,0.0,0.0
2024-12-03 13:03:00-05:00,196.7100067138672,196.85000610351562,196.61000061035156,196.7899932861328,25649,0.0,0.0
2024-12-03 13:04:00-05:00,196.80999755859375,196.83999633789062,196.71400451660156,196.8300018310547,14011,0.0,0.0
2024-12-03 13:05:00-05:00,196.82000732421875,196.8300018310547,196.75,196.82000732421875,11619,0.0,0.0
2024-12-03 13:06:00-05:00,196.77999877929688,196.9499969482422,196.77999877929688,196.89999389648438,18743,0.0,0.0
2024-12-03 13:07:00-05:00,196.88999938964844,197.10000610351562,196.88999938964844,197.08999633789062,43299,0.0,0.0
2024-12-03 13:08:00-05:00,197.0800018310547,197.1999969482422,197.07000732421875,197.10499572753906,53307,0.0,0.0
2024-12-03 13:09:00-05:00,197.08999633789062,197.11000061035156,197.0399932861328,197.09500122070312,9980,0.0,0.0
2024-12-03 13:10:00-05:00,197.0800018310547,197.16000366210938,197.01010131835938,197.16000366210938,28131,0.0,0.0
2024-12-03 13:11:00-05:00,197.11000061035156,197.17999267578125,197.0800018310547,197.08999633789062,10947,0.0,0.0
2024-12-03 13:12:00-05:00,197.0800018310547,197.3300018310547,197.07000732421875,197.32000732421875,26269,0.0,0.0
2024-12-03 13:13:00-05:00,197.30499267578125,197.38999938964844,197.27000427246094,197.27000427246094,37953,0.0,0.0
2024-12-03 13:14:00-05:00,197.25999450683594,197.30990600585938,197.1800994873047,197.30990600585938,16500,0.0,0.0
2024-12-03 13:15:00-05:00,197.27999877929688,197.38999938964844,197.24009704589844,197.33999633789062,14394,0.0,0.0
2024-12-03 13:16:00-05:00,197.33999633789062,197.36000061035156,197.3000030517578,197.35000610351562,9021,0.0,0.0
2024-12-03 13:17:00-05:00,197.35000610351562,197.3800048828125,197.2530975341797,197.32000732421875,13954,0.0,0.0
2024-12-03 13:18:00-05:00,197.33999633789062,197.49000549316406,197.33999633789062,197.49000549316406,14375,0.0,0.0
2024-12-03 13:19:00-05:00,197.47000122070312,197.52999877929688,197.41009521484375,197.50079345703125,18508,0.0,0.0
2024-12-03 13:20:00-05:00,197.5399932861328,197.60000610351562,197.44000244140625,197.5800018310547,15679,0.0,0.0
2024-12-03 13:21:00-05:00,197.57000732421875,197.6300048828125,197.55999755859375,197.60499572753906,14684,0.0,0.0
2024-12-03 13:22:00-05:00,197.5780029296875,197.6199951171875,197.5601043701172,197.59950256347656,9505,0.0,0.0
2024-12-03 13:23:00-05:00,197.6020965576172,197.72999572753906,197.6020965576172,197.72000122070312,9897,0.0,0.0
2024-12-03 13:24:00-05:00,197.6999969482422,197.74000549316406,197.67999267578125,197.69000244140625,14692,0.0,0.0
2024-12-03 13:25:00-05:00,197.75,197.77000427246094,197.62570190429688,197.77000427246094,25826,0.0,0.0
2024-12-03 13:26:00-05:00,197.71009826660156,197.74000549316406,197.60499572753906,197.61000061035156,11706,0.0,0.0
2024-12-03 13:27:00-05:00,197.5800018310547,197.6199951171875,197.46580505371094,197.47999572753906,27183,0.0,0.0
2024-12-03 13:28:00-05:00,197.4658966064453,197.48170471191406,197.3000030517578,197.30999755859375,26891,0.0,0.0
2024-12-03 13:29:00-05:00,197.30999755859375,197.3199005126953,197.1699981689453,197.17999267578125,34829,0.0,0.0
2024-12-03 13:30:00-05:00,197.17999267578125,197.2899932861328,197.17999267578125,197.25999450683594,33633,0.0,0.0
2024-12-03 13:31:00-05:00,197.25990295410156,197.5299072265625,197.22999572753906,197.5299072265625,30322,0.0,0.0
2024-12-03 13:32:00-05:00,197.49000549316406,197.5399932861328,197.39999389648438,197.4398956298828,13861,0.0,0.0
2024-12-03 13:33:00-05:00,197.38999938964844,197.5,197.35809326171875,197.49000549316406,9586,0.0,0.0
2024-12-03 13:34:00-05:00,197.49000549316406,197.50999450683594,197.4149932861328,197.4250030517578,15571,0.0,0.0
2024-12-03 13:35:00-05:00,197.47000122070312,197.57000732421875,197.4600067138672,197.47500610351562,16847,0.0,0.0
2024-12-03 13:36:00-05:00,197.47500610351562,197.6699981689453,197.44500732421875,197.6199951171875,13605,0.0,0.0
2024-12-03 13:37:00-05:00,197.5800018310547,197.5800018310547,197.3612060546875,197.3612060546875,8168,0.0,0.0
2024-12-03 13:38:00-05:00,197.35000610351562,197.35000610351562,197.17999267578125,197.21499633789062,13887,0.0,0.0
2024-12-03 13:39:00-05:00,197.22999572753906,197.22999572753906,197.13999938964844,197.19000244140625,9758,0.0,0.0
2024-12-03 13:40:00-05:00,197.19000244140625,197.1999969482422,197.07000732421875,197.10809326171875,11889,0.0,0.0
2024-12-03 13:41:00-05:00,197.1199951171875,197.1199951171875,197.0399932861328,197.08749389648438,13160,0.0,0.0
2024-12-03 13:42:00-05:00,197.0749969482422,197.0800018310547,197.00999450683594,197.00999450683594,11880,0.0,0.0
2024-12-03 13:43:00-05:00,197.02000427246094,197.02000427246094,196.8800048828125,196.9199981689453,21991,0.0,0.0
2024-12-03 13:44:00-05:00,196.9199981689453,196.9499969482422,196.89010620117188,196.91000366210938,6450,0.0,0.0
2024-12-03 13:45:00-05:00,196.88999938964844,196.91000366210938,196.80999755859375,196.83999633789062,8877,0.0,0.0
2024-12-03 13:46:00-05:00,196.8271026611328,196.90989685058594,196.8000030517578,196.8000030517578,9647,0.0,0.0
2024-12-03 13:47:00-05:00,196.8000030517578,196.8300018310547,196.72999572753906,196.75,7925,0.0,0.0
2024-12-03 13:48:00-05:00,196.75,196.8343048095703,196.67999267578125,196.8249969482422,10441,0.0,0.0
2024-12-03 13:49:00-05:00,196.82000732421875,196.83999633789062,196.7899932861328,196.83470153808594,9978,0.0,0.0
2024-12-03 13:50:00-05:00,196.82000732421875,197.02099609375,196.82000732421875,197.00999450683594,12637,0.0,0.0
2024-12-03 13:51:00-05:00,197.00999450683594,197.14999389648438,196.99000549316406,197.14999389648438,14539,0.0,0.0
2024-12-03 13:52:00-05:00,197.1699981689453,197.3000030517578,197.13999938964844,197.3000030517578,12964,0.0,0.0
2024-12-03 13:53:00-05:00,197.27999877929688,197.32000732421875,197.2550048828125,197.32000732421875,11197,0.0,0.0
2024-12-03 13:54:00-05:00,197.2899932861328,197.47999572753906,197.27000427246094,197.46499633789062,24116,0.0,0.0
2024-12-03 13:55:00-05:00,197.4499969482422,197.5,197.24000549316406,197.24000549316406,21299,0.0,0.0
2024-12-03 13:56:00-05:00,197.24000549316406,197.28880310058594,197.13999938964844,197.21499633789062,16175,0.0,0.0
2024-12-03 13:57:00-05:00,197.21499633789062,197.22999572753906,197.02999877929688,197.22999572753906,32285,0.0,0.0
2024-12-03 13:58:00-05:00,197.1573028564453,197.20950317382812,197.07000732421875,197.08999633789062,13200,0.0,0.0
2024-12-03 13:59:00-05:00,197.0800018310547,197.16000366210938,197.0500030517578,197.1300048828125,9168,0.0,0.0
2024-12-03 14:00:00-05:00,197.1199951171875,197.1199951171875,197.05999755859375,197.0800018310547,6635,0.0,0.0
2024-12-03 14:01:00-05:00,197.0601043701172,197.0800018310547,197.00999450683594,197.02000427246094,11486,0.0,0.0
2024-12-03 14:02:00-05:00,197.0,197.14990234375,196.99000549316406,197.1199951171875,14715,0.0,0.0
2024-12-03 14:03:00-05:00,197.125,197.25,197.1199951171875,197.20010375976562,12092,0.0,0.0
2024-12-03 14:04:00-05:00,197.22500610351562,197.25,197.04010009765625,197.0749969482422,10997,0.0,0.0
2024-12-03 14:05:00-05:00,197.0749969482422,197.0749969482422,196.97999572753906,197.00999450683594,7374,0.0,0.0
2024-12-03 14:06:00-05:00,197.00999450683594,197.08999633789062,196.8800048828125,196.9333038330078,13180,0.0,0.0
2024-12-03 14:07:00-05:00,196.89999389648438,196.9250030517578,196.83999633789062,196.89999389648438,10460,0.0,0.0
2024-12-03 14:08:00-05:00,196.89999389648438,196.9199981689453,196.88999938964844,196.91000366210938,4741,0.0,0.0
2024-12-03 14:09:00-05:00,196.9199981689453,197.0800018310547,196.89999389648438,197.0800018310547,9186,0.0,0.0
2024-12-03 14:10:00-05:00,197.0800018310547,197.0800018310547,196.89999389648438,196.9324951171875,12362,0.0,0.0
2024-12-03 14:11:00-05:00,196.8907928466797,196.9199981689453,196.8350067138672,196.875,7675,0.0,0.0
2024-12-03 14:12:00-05:00,196.8800048828125,196.99000549316406,196.8800048828125,196.9499969482422,16182,0.0,0.0
2024-12-03 14:13:00-05:00,196.9199981689453,196.94000244140625,196.82000732421875,196.82000732421875,6408,0.0,0.0
2024-12-03 14:14:00-05:00,196.80999755859375,196.88999938964844,196.77000427246094,196.86000061035156,11619,0.0,0.0
2024-12-03 14:15:00-05:00,196.83009338378906,196.97999572753906,196.83009338378906,196.9149932861328,11012,0.0,0.0
2024-12-03 14:16:00-05:00,196.92999267578125,197.05999755859375,196.8708953857422,197.0399932861328,17737,0.0,0.0
2024-12-03 14:17:00-05:00,196.97999572753906,197.14999389648438,196.97999572753906,197.0399932861328,30889,0.0,0.0
2024-12-03 14:18:00-05:00,197.0500030517578,197.1999969482422,197.0500030517578,197.18499755859375,18868,0.0,0.0
2024-12-03 14:19:00-05:00,197.19000244140625,197.27999877929688,197.17999267578125,197.24000549316406,8255,0.0,0.0
2024-12-03 14:20:00-05:00,197.22250366210938,197.24000549316406,197.17999267578125,197.17999267578125,7513,0.0,0.0
2024-12-03 14:21:00-05:00,197.2100067138672,197.22830200195312,197.1199951171875,197.14500427246094,9155,0.0,0.0
2024-12-03 14:22:00-05:00,197.1649932861328,197.19500732421875,197.13999938964844,197.13999938964844,1284631,0.0,0.0
2024-12-03 14:23:00-05:00,197.1199951171875,197.1699981689453,197.0200958251953,197.1300048828125,23462,0.0,0.0
2024-12-03 14:24:00-05:00,197.0749969482422,197.14999389648438,197.05340576171875,197.10009765625,6547,0.0,0.0
2024-12-03 14:25:00-05:00,197.14999389648438,197.25999450683594,197.13999938964844,197.24000549316406,10037,0.0,0.0
2024-12-03 14:26:00-05:00,197.1999969482422,197.22999572753906,197.1699981689453,197.2050018310547,10211,0.0,0.0
2024-12-03 14:27:00-05:00,197.19000244140625,197.2050018310547,197.13999938964844,197.15499877929688,16120,0.0,0.0
2024-12-03 14:28:00-05:00,197.1699981689453,197.25,197.1649932861328,197.1699981689453,8939,0.0,0.0
2024-12-03 14:29:00-05:00,197.14999389648438,197.22999572753906,197.14999389648438,197.2100067138672,5042,0.0,0.0
2024-12-03 14:30:00-05:00,197.2100067138672,197.22000122070312,196.97000122070312,197.0500030517578,24757,0.0,0.0
2024-12-03 14:31:00-05:00,197.02529907226562,197.24000549316406,197.02529907226562,197.16000366210938,18411,0.0,0.0
2024-12-03 14:32:00-05:00,197.16000366210938,197.25,197.16000366210938,197.25,6843,0.0,0.0
2024-12-03 14:33:00-05:00,197.25999450683594,197.36990356445312,197.25999450683594,197.30999755859375,13398,0.0,0.0
2024-12-03 14:34:00-05:00,197.3000030517578,197.3000030517578,197.18850708007812,197.24000549316406,13374,0.0,0.0
2024-12-03 14:35:00-05:00,197.27000427246094,197.33920288085938,197.2449951171875,197.30999755859375,8032,0.0,0.0
2024-12-03 14:36:00-05:00,197.32000732421875,197.33999633789062,197.22000122070312,197.22000122070312,9239,0.0,0.0
2024-12-03 14:37:00-05:00,197.2698974609375,197.35000610351562,197.19000244140625,197.35000610351562,7123,0.0,0.0
2024-12-03 14:38:00-05:00,197.36000061035156,197.47500610351562,197.35000610351562,197.4550018310547,7660,0.0,0.0
2024-12-03 14:39:00-05:00,197.4550018310547,197.47000122070312,197.41000366210938,197.4429931640625,7682,0.0,0.0
2024-12-03 14:40:00-05:00,197.44000244140625,197.47000122070312,197.38999938964844,197.41000366210938,8079,0.0,0.0
2024-12-03 14:41:00-05:00,197.41000366210938,197.4145050048828,197.3699951171875,197.40499877929688,9328,0.0,0.0
2024-12-03 14:42:00-05:00,197.4199981689453,197.47000122070312,197.3800048828125,197.44000244140625,13113,0.0,0.0
2024-12-03 14:43:00-05:00,197.4250030517578,197.44000244140625,197.3800048828125,197.42990112304688,24689,0.0,0.0
2024-12-03 14:44:00-05:00,197.4199981689453,197.47000122070312,197.3300018310547,197.33999633789062,15873,0.0,0.0
2024-12-03 14:45:00-05:00,197.3300018310547,197.36000061035156,197.2899932861328,197.3289031982422,11045,0.0,0.0
2024-12-03 14:46:00-05:00,197.32000732421875,197.35000610351562,197.24000549316406,197.25,9562,0.0,0.0
2024-12-03 14:47:00-05:00,197.27499389648438,197.39999389648438,197.23959350585938,197.39999389648438,8822,0.0,0.0
2024-12-03 14:48:00-05:00,197.39999389648438,197.41000366210938,197.3300018310547,197.35000610351562,9889,0.0,0.0
2024-12-03 14:49:00-05:00,197.3300018310547,197.38999938964844,197.32000732421875,197.32000732421875,9734,0.0,0.0
2024-12-03 14:50:00-05:00,197.31500244140625,197.3699951171875,197.1999969482422,197.27000427246094,9814,0.0,0.0
2024-12-03 14:51:00-05:00,197.2949981689453,197.40499877929688,197.27000427246094,197.38499450683594,10229,0.0,0.0
2024-12-03 14:52:00-05:00,197.39999389648438,197.39999389648438,197.36000061035156,197.375,4427,0.0,0.0
2024-12-03 14:53:00-05:00,197.3800048828125,197.38999938964844,197.2100067138672,197.22000122070312,13059,0.0,0.0
2024-12-03 14:54:00-05:00,197.1999969482422,197.22500610351562,197.13999938964844,197.19000244140625,9766,0.0,0.0
2024-12-03 14:55:00-05:00,197.2050018310547,197.220703125,197.11000061035156,197.14999389648438,9102,0.0,0.0
2024-12-03 14:56:00-05:00,197.1699981689453,197.1699981689453,197.11000061035156,197.12010192871094,5727,0.0,0.0
2024-12-03 14:57:00-05:00,197.13999938964844,197.13999938964844,197.05999755859375,197.10000610351562,21187,0.0,0.0
2024-12-03 14:58:00-05:00,197.1199951171875,197.17999267578125,197.07000732421875,197.13499450683594,16382,0.0,0.0
2024-12-03 14:59:00-05:00,197.13999938964844,197.16000366210938,197.07000732421875,197.08999633789062,9827,0.0,0.0
2024-12-03 15:00:00-05:00,197.09500122070312,197.1199951171875,197.02000427246094,197.1199951171875,17643,0.0,0.0
2024-12-03 15:01:00-05:00,197.10000610351562,197.19000244140625,197.0800018310547,197.1750030517578,13686,0.0,0.0
2024-12-03 15:02:00-05:00,197.17999267578125,197.3699951171875,197.1199951171875,197.1199951171875,49632,0.0,0.0
2024-12-03 15:03:00-05:00,197.14999389648438,197.14999389648438,197.0,197.00999450683594,14444,0.0,0.0
2024-12-03 15:04:00-05:00,197.0323028564453,197.07000732421875,196.93499755859375,197.06480407714844,36402,0.0,0.0
2024-12-03 15:05:00-05:00,197.07000732421875,197.24000549316406,197.0399932861328,197.2100067138672,9962,0.0,0.0
2024-12-03 15:06:00-05:00,197.2100067138672,197.24000549316406,197.09500122070312,197.22999572753906,18538,0.0,0.0
2024-12-03 15:07:00-05:00,197.25,197.37710571289062,197.22430419921875,197.30499267578125,10721,0.0,0.0
2024-12-03 15:08:00-05:00,197.3455047607422,197.4499969482422,197.3350067138672,197.4499053955078,17209,0.0,0.0
2024-12-03 15:09:00-05:00,197.41000366210938,197.43099975585938,197.36000061035156,197.3800048828125,10467,0.0,0.0
2024-12-03 15:10:00-05:00,197.3699951171875,197.389892578125,197.30599975585938,197.30599975585938,9893,0.0,0.0
2024-12-03 15:11:00-05:00,197.3300018310547,197.49000549316406,197.3300018310547,197.47999572753906,19493,0.0,0.0
2024-12-03 15:12:00-05:00,197.47999572753906,197.60000610351562,197.47999572753906,197.5850067138672,16086,0.0,0.0
2024-12-03 15:13:00-05:00,197.59719848632812,197.6300048828125,197.5800018310547,197.5800018310547,15061,0.0,0.0
2024-12-03 15:14:00-05:00,197.61000061035156,197.63999938964844,197.5800018310547,197.61000061035156,6729,0.0,0.0
2024-12-03 15:15:00-05:00,197.5800018310547,197.6999969482422,197.5800018310547,197.6999969482422,14552,0.0,0.0
2024-12-03 15:16:00-05:00,197.69000244140625,197.6999969482422,197.663818359375,197.69000244140625,16140,0.0,0.0
2024-12-03 15:17:00-05:00,197.69000244140625,197.74000549316406,197.64999389648438,197.7100067138672,22025,0.0,0.0
2024-12-03 15:18:00-05:00,197.67999267578125,197.7550048828125,197.62010192871094,197.75,12020,0.0,0.0
2024-12-03 15:19:00-05:00,197.75999450683594,197.8000030517578,197.72000122070312,197.72000122070312,11099,0.0,0.0
2024-12-03 15:20:00-05:00,197.7100067138672,197.80999755859375,197.7100067138672,197.80299377441406,10922,0.0,0.0
2024-12-03 15:21:00-05:00,197.82000732421875,197.89999389648438,197.82000732421875,197.88999938964844,23143,0.0,0.0
2024-12-03 15:22:00-05:00,197.91000366210938,197.97500610351562,197.8800048828125,197.8800048828125,21892,0.0,0.0
2024-12-03 15:23:00-05:00,197.88999938964844,197.9550018310547,197.8800048828125,197.9550018310547,6631,0.0,0.0
2024-12-03 15:24:00-05:00,197.97000122070312,198.10000610351562,197.97000122070312,198.0800018310547,81607,0.0,0.0
2024-12-03 15:25:00-05:00,198.09500122070312,198.1300048828125,198.07000732421875,198.1300048828125,23457,0.0,0.0
2024-12-03 15:26:00-05:00,198.1199951171875,198.32000732421875,198.1199951171875,198.32000732421875,76766,0.0,0.0
2024-12-03 15:27:00-05:00,198.30499267578125,198.35000610351562,198.14999389648438,198.22000122070312,30881,0.0,0.0
2024-12-03 15:28:00-05:00,198.22999572753906,198.30239868164062,198.22000122070312,198.2899932861328,10047,0.0,0.0
2024-12-03 15:29:00-05:00,198.2949981689453,198.30490112304688,198.13999938964844,198.1649932861328,23772,0.0,0.0
2024-12-03 15:30:00-05:00,198.1649932861328,198.19000244140625,198.06500244140625,198.11000061035156,25567,0.0,0.0
2024-12-03 15:31:00-05:00,198.08999633789062,198.20230102539062,198.0,198.02000427246094,121179,0.0,0.0
2024-12-03 15:32:00-05:00,198.07000732421875,198.10000610351562,197.847900390625,198.08999633789062,21003,0.0,0.0
2024-12-03 15:33:00-05:00,198.0749053955078,198.14999389648438,198.02999877929688,198.05999755859375,17303,0.0,0.0
2024-12-03 15:34:00-05:00,198.06500244140625,198.07359313964844,197.94369506835938,198.0,20804,0.0,0.0
2024-12-03 15:35:00-05:00,197.97999572753906,198.07000732421875,197.97500610351562,198.02000427246094,15808,0.0,0.0
2024-12-03 15:36:00-05:00,198.02000427246094,198.02999877929688,197.89999389648438,197.96499633789062,15265,0.0,0.0
2024-12-03 15:37:00-05:00,197.96499633789062,198.0,197.8699951171875,197.87010192871094,16712,0.0,0.0
2024-12-03 15:38:00-05:00,197.88999938964844,197.9600067138672,197.88999938964844,197.9398956298828,13507,0.0,0.0
2024-12-03 15:39:00-05:00,197.91000366210938,197.91000366210938,197.8000030517578,197.8000030517578,18166,0.0,0.0
2024-12-03 15:40:00-05:00,197.81610107421875,197.94000244140625,197.75,197.78500366210938,17478,0.0,0.0
2024-12-03 15:41:00-05:00,197.82000732421875,197.90499877929688,197.77999877929688,197.8000030517578,17464,0.0,0.0
2024-12-03 15:42:00-05:00,197.8199005126953,197.94000244140625,197.8000030517578,197.8300018310547,13851,0.0,0.0
2024-12-03 15:43:00-05:00,197.82000732421875,198.02999877929688,197.82000732421875,198.02999877929688,23663,0.0,0.0
2024-12-03 15:44:00-05:00,198.02000427246094,198.02999877929688,197.8699951171875,198.0,29001,0.0,0.0
2024-12-03 15:45:00-05:00,198.0,198.07000732421875,197.97999572753906,197.99000549316406,27238,0.0,0.0
2024-12-03 15:46:00-05:00,197.99000549316406,198.0399932861328,197.85000610351562,197.91000366210938,31723,0.0,0.0
2024-12-03 15:47:00-05:00,197.9250030517578,197.9250030517578,197.7700958251953,197.83999633789062,37483,0.0,0.0
2024-12-03 15:48:00-05:00,197.86500549316406,197.97999572753906,197.86500549316406,197.96499633789062,32365,0.0,0.0
2024-12-03 15:49:00-05:00,197.96499633789062,198.21490478515625,197.9499969482422,198.21490478515625,39542,0.0,0.0
2024-12-03 15:50:00-05:00,198.22000122070312,198.43499755859375,198.22000122070312,198.39999389648438,68457,0.0,0.0
2024-12-03 15:51:00-05:00,198.39999389648438,198.6300048828125,198.36000061035156,198.6300048828125,54685,0.0,0.0
2024-12-03 15:52:00-05:00,198.63499450683594,198.75999450683594,198.6199951171875,198.7100067138672,96198,0.0,0.0
2024-12-03 15:53:00-05:00,198.7050018310547,198.7100067138672,198.3300018310547,198.36500549316406,64763,0.0,0.0
2024-12-03 15:54:00-05:00,198.36500549316406,198.5399932861328,198.3300018310547,198.5399932861328,61571,0.0,0.0
2024-12-03 15:55:00-05:00,198.49000549316406,198.72000122070312,198.47999572753906,198.63009643554688,102613,0.0,0.0
2024-12-03 15:56:00-05:00,198.65859985351562,198.77000427246094,198.6300048828125,198.72000122070312,96196,0.0,0.0
2024-12-03 15:57:00-05:00,198.72999572753906,198.85000610351562,198.6999969482422,198.85000610351562,103647,0.0,0.0
2024-12-03 15:58:00-05:00,198.8300018310547,198.86000061035156,198.75,198.85499572753906,120195,0.0,0.0
2024-12-03 15:59:00-05:00,198.85499572753906,199.0,198.74000549316406,198.8800048828125,210141,0.0,0.0
2024-12-03 16:00:00-05:00,198.89,198.94,198.7,198.71,539185,0.0,0.0
2024-12-03 16:01:00-05:00,198.72,198.89,198.51,198.69,0,0.0,0.0
2024-12-03 16:02:00-05:00,198.51,198.8,198.51,198.6,0,0.0,0.0
2024-12-03 16:03:00-05:00,198.6,198.65,198.52,198.65,0,0.0,0.0
2024-12-03 16:04:00-05:00,198.6,198.89,198.55,198.65,0,0.0,0.0
2024-12-03 16:05:00-05:00,198.61,198.89,198.61,198.8,0,0.0,0.0
2024-12-03 16:06:00-05:00,198.79,198.89,198.61,198.61,0,0.0,0.0
2024-12-03 16:07:00-05:00,198.7595,198.7595,198.62,198.62,0,0.0,0.0
2024-12-03 16:08:00-05:00,198.66,198.8,198.65,198.79,0,0.0,0.0
2024-12-03 16:09:00-05:00,198.79,198.89,198.67,198.75,0,0.0,0.0
2024-12-03 16:10:00-05:00,198.75,198.85,198.66,198.74,0,0.0,0.0
2024-12-03 16:11:00-05:00,198.71,198.77,198.7,198.7001,0,0.0,0.0
2024-12-03 16:12:00-05:00,198.72,198.89,198.71,198.8002,0,0.0,0.0
2024-12-03 16:13:00-05:00,198.8,198.89,198.8,198.87,0,0.0,0.0
2024-12-03 16:14:00-05:00,198.87,198.94,198.8,198.8,0,0.0,0.0
2024-12-03 16:15:00-05:00,198.88,198.9,198.8017,198.9,0,0.0,0.0
2024-12-03 16:16:00-05:00,198.81,198.92,198.81,198.89,0,0.0,0.0
2024-12-03 16:17:00-05:00,198.82,198.92,198.81,198.89,0,0.0,0.0
2024-12-03 16:18:00-05:00,198.84,198.92,198.81,198.84,0,0.0,0.0
2024-12-03 16:19:00-05:00,198.81,198.9,198.8,198.8,0,0.0,0.0
2024-12-03 16:20:00-05:00,198.83,198.83,198.7328,198.83,0,0.0,0.0
2024-12-03 16:21:00-05:00,198.83,198.83,198.61,198.61,0,0.0,0.0
2024-12-03 16:22:00-05:00,198.62,198.72,198.62,198.63,0,0.0,0.0
2024-12-03 16:23:00-05:00,198.63,198.69,198.62,198.62,0,0.0,0.0
2024-12-03 16:24:00-05:00,198.65,198.69,198.62,198.62,0,0.0,0.0
2024-12-03 16:25:00-05:00,198.6135,198.88,198.61,198.7,0,0.0,0.0
2024-12-03 16:26:00-05:00,198.89,198.89,198.64,198.89,0,0.0,0.0
2024-12-03 16:27:00-05:00,198.75,198.76,198.65,198.67,0,0.0,0.0
2024-12-03 16:28:00-05:00,198.65,198.65,198.65,198.65,0,0.0,0.0
2024-12-03 16:29:00-05:00,198.66,198.89,198.65,198.83,0,0.0,0.0
2024-12-03 16:30:00-05:00,198.8,198.8,198.8,198.8,0,0.0,0.0
2024-12-03 16:31:00-05:00,198.7,198.89,198.65,198.65,0,0.0,0.0
2024-12-03 16:32:00-05:00,198.81,198.85,198.76,198.85,0,0.0,0.0
2024-12-03 16:33:00-05:00,198.84,198.8634,198.6565,198.85,0,0.0,0.0
2024-12-03 16:34:00-05:00,198.77,198.85,198.77,198.83,0,0.0,0.0
2024-12-03 16:35:00-05:00,198.79,198.85,198.65,198.65,0,0.0,0.0
2024-12-03 16:36:00-05:00,198.83,198.83,198.65,198.8,0,0.0,0.0
2024-12-03 16:37:00-05:00,198.67,198.85,198.66,198.7,0,0.0,0.0
2024-12-03 16:38:00-05:00,198.76,198.796,198.72,198.72,0,0.0,0.0
2024-12-03 16:39:00-05:00,198.76,198.8,198.7,198.75,0,0.0,0.0
2024-12-03 16:40:00-05:00,198.71,198.8,198.7,198.7,0,0.0,0.0
2024-12-03 16:41:00-05:00,198.78,198.78,198.65,198.75,0,0.0,0.0
2024-12-03 16:42:00-05:00,198.74,198.75,198.72,198.72,0,0.0,0.0
2024-12-03 16:43:00-05:00,198.75,198.75,198.7,198.7,0,0.0,0.0
2024-12-03 16:44:00-05:00,198.7,198.8,198.7,198.75,0,0.0,0.0
2024-12-03 16:45:00-05:00,198.748,198.75,198.745,198.75,0,0.0,0.0
2024-12-03 16:46:00-05:00,198.77,198.82,198.77,198.77,0,0.0,0.0
2024-12-03 16:47:00-05:00,198.743,198.89,198.74,198.8,0,0.0,0.0
2024-12-03 16:48:00-05:00,198.8,198.91,198.74,198.91,0,0.0,0.0
2024-12-03 16:49:00-05:00,198.9,199.0,196.3652,198.94,0,0.0,0.0
2024-12-03 16:50:00-05:00,198.9,198.92,198.9,198.9,0,0.0,0.0
2024-12-03 16:51:00-05:00,198.96,199.0,198.91,199.0,0,0.0,0.0
2024-12-03 16:52:00-05:00,198.98,199.12,198.89,199.03,0,0.0,0.0
2024-12-03 16:53:00-05:00,199.099,199.1,199.03,199.1,0,0.0,0.0
2024-12-03 16:54:00-05:00,199.15,199.15,199.098,199.1,0,0.0,0.0
2024-12-03 16:55:00-05:00,199.08,199.1,199.08,199.09,0,0.0,0.0
2024-12-03 16:56:00-05:00,199.1,199.14,199.08,199.14,0,0.0,0.0
2024-12-03 16:57:00-05:00,199.1,199.18,199.08,199.18,0,0.0,0.0
2024-12-03 16:58:00-05:00,199.1,199.17,199.08,199.09,0,0.0,0.0
2024-12-03 16:59:00-05:00,199.13,199.16,199.08,199.08,0,0.0,0.0
2024-12-03 17:00:00-05:00,199.04,199.08,198.8,198.95,0,0.0,0.0
2024-12-03 17:01:00-05:00,198.9,199.02,198.9,199.01,0,0.0,0.0
2024-12-03 17:02:00-05:00,199.01,199.01,199.01,199.01,0,0.0,0.0
2024-12-03 17:03:00-05:00,199.0,199.05,198.9,198.9001,0,0.0,0.0
2024-12-03 17:04:00-05:00,198.9,199.09,198.9,198.9001,0,0.0,0.0
2024-12-03 17:05:00-05:00,198.9,199.09,198.9,198.9001,0,0.0,0.0
2024-12-03 17:06:00-05:00,198.9001,198.9001,198.9001,198.9001,0,0.0,0.0
2024-12-03 17:07:00-05:00,198.9011,199.0882,198.9011,199.0882,0,0.0,0.0
2024-12-03 17:08:00-05:00,199.08,199.08,199.0001,199.0001,0,0.0,0.0
2024-12-03 17:09:00-05:00,199.0,199.0,199.0,199.0,0,0.0,0.0
2024-12-03 17:10:00-05:00,199.01,199.041,199.01,199.04,0,0.0,0.0
2024-12-03 17:11:00-05:00,199.0,199.07,199.0,199.0,0,0.0,0.0
2024-12-03 17:12:00-05:00,199.02,199.02,199.0017,199.0017,0,0.0,0.0
2024-12-03 17:13:00-05:00,199.0,199.07,199.0,199.07,0,0.0,0.0
2024-12-03 17:14:00-05:00,199.0,199.03,199.0,199.0,0,0.0,0.0
2024-12-03 17:15:45-05:00,199.0013,199.0013,199.0013,199.0013,0,0.0,0.0
