time,Open,High,Low,Close,Volume,Dividends,Stock Splits
2024-12-17 04:00:00-05:00,202.22,202.22,200.67,200.67,0,0.0,0.0
2024-12-17 04:01:00-05:00,200.91,200.91,200.61,200.87,0,0.0,0.0
2024-12-17 04:02:00-05:00,200.69,200.86,200.63,200.64,0,0.0,0.0
2024-12-17 04:03:00-05:00,200.77,200.77,200.6,200.6,0,0.0,0.0
2024-12-17 04:04:00-05:00,200.55,200.61,200.37,200.41,0,0.0,0.0
2024-12-17 04:05:00-05:00,200.45,200.5,200.3,200.36,0,0.0,0.0
2024-12-17 04:06:00-05:00,200.36,200.41,200.26,200.41,0,0.0,0.0
2024-12-17 04:07:00-05:00,200.41,200.5,200.33,200.5,0,0.0,0.0
2024-12-17 04:08:00-05:00,200.5,200.5,200.4,200.5,0,0.0,0.0
2024-12-17 04:09:00-05:00,200.5,200.5,200.41,200.5,0,0.0,0.0
2024-12-17 04:10:00-05:00,200.5,200.5,200.38,200.49,0,0.0,0.0
2024-12-17 04:11:00-05:00,200.35,200.49,200.32,200.32,0,0.0,0.0
2024-12-17 04:12:00-05:00,200.31,200.5,200.31,200.5,0,0.0,0.0
2024-12-17 04:13:00-05:00,200.42,200.49,200.42,200.48,0,0.0,0.0
2024-12-17 04:14:00-05:00,200.42,200.5,200.42,200.5,0,0.0,0.0
2024-12-17 04:15:00-05:00,200.47,200.5,200.33,200.43,0,0.0,0.0
2024-12-17 04:16:00-05:00,200.49,200.49,200.39,200.4,0,0.0,0.0
2024-12-17 04:17:00-05:00,200.41,200.47,200.37,200.4,0,0.0,0.0
2024-12-17 04:18:00-05:00,200.43,200.47,200.4,200.41,0,0.0,0.0
2024-12-17 04:19:00-05:00,200.4,200.46,200.37,200.37,0,0.0,0.0
2024-12-17 04:20:00-05:00,200.45,200.45,200.39,200.4,0,0.0,0.0
2024-12-17 04:21:00-05:00,200.4,200.5,200.38,200.43,0,0.0,0.0
2024-12-17 04:22:00-05:00,200.4,200.45,200.3,200.36,0,0.0,0.0
2024-12-17 04:23:00-05:00,200.27,200.38,200.26,200.38,0,0.0,0.0
2024-12-17 04:24:00-05:00,200.29,200.37,200.16,200.37,0,0.0,0.0
2024-12-17 04:25:00-05:00,200.28,200.31,200.28,200.31,0,0.0,0.0
2024-12-17 04:26:00-05:00,200.37,200.37,200.23,200.23,0,0.0,0.0
2024-12-17 04:27:00-05:00,200.25,200.3,200.25,200.25,0,0.0,0.0
2024-12-17 04:28:00-05:00,200.25,200.27,200.19,200.27,0,0.0,0.0
2024-12-17 04:29:00-05:00,200.25,200.3,200.21,200.3,0,0.0,0.0
2024-12-17 04:30:00-05:00,200.29,200.3,200.22,200.3,0,0.0,0.0
2024-12-17 04:31:00-05:00,200.3,200.3,200.15,200.15,0,0.0,0.0
2024-12-17 04:32:00-05:00,200.21,200.21,200.16,200.21,0,0.0,0.0
2024-12-17 04:33:00-05:00,200.19,200.19,200.14,200.14,0,0.0,0.0
2024-12-17 04:34:00-05:00,200.06,200.17,200.06,200.1,0,0.0,0.0
2024-12-17 04:35:00-05:00,200.17,200.17,200.11,200.13,0,0.0,0.0
2024-12-17 04:36:00-05:00,200.13,200.2,200.09,200.2,0,0.0,0.0
2024-12-17 04:37:00-05:00,200.16,200.18,200.12,200.17,0,0.0,0.0
2024-12-17 04:38:00-05:00,200.17,200.3,200.17,200.2,0,0.0,0.0
2024-12-17 04:39:00-05:00,200.28,200.3,200.14,200.16,0,0.0,0.0
2024-12-17 04:40:00-05:00,200.16,200.2,200.16,200.16,0,0.0,0.0
2024-12-17 04:41:00-05:00,200.16,200.21,200.16,200.19,0,0.0,0.0
2024-12-17 04:42:00-05:00,200.21,200.35,200.21,200.35,0,0.0,0.0
2024-12-17 04:43:00-05:00,200.29,200.37,200.28,200.32,0,0.0,0.0
2024-12-17 04:44:00-05:00,200.3,200.3,200.25,200.25,0,0.0,0.0
2024-12-17 04:45:00-05:00,200.29,200.3,200.21,200.21,0,0.0,0.0
2024-12-17 04:46:00-05:00,200.22,200.3,200.22,200.25,0,0.0,0.0
2024-12-17 04:47:00-05:00,200.3,200.3,200.27,200.3,0,0.0,0.0
2024-12-17 04:48:00-05:00,200.3,200.3,200.25,200.25,0,0.0,0.0
2024-12-17 04:49:00-05:00,200.26,200.26,200.26,200.26,0,0.0,0.0
2024-12-17 04:50:00-05:00,200.26,200.26,200.21,200.25,0,0.0,0.0
2024-12-17 04:51:00-05:00,200.25,200.3,200.19,200.26,0,0.0,0.0
2024-12-17 04:52:00-05:00,200.26,200.26,200.25,200.26,0,0.0,0.0
2024-12-17 04:53:00-05:00,200.21,200.3,200.2,200.3,0,0.0,0.0
2024-12-17 04:54:00-05:00,200.3,200.3,200.24,200.3,0,0.0,0.0
2024-12-17 04:55:00-05:00,200.3,200.3,200.28,200.3,0,0.0,0.0
2024-12-17 04:56:00-05:00,200.28,200.28,200.21,200.23,0,0.0,0.0
2024-12-17 04:57:00-05:00,200.23,200.23,200.23,200.23,0,0.0,0.0
2024-12-17 04:58:00-05:00,200.25,200.28,200.23,200.25,0,0.0,0.0
2024-12-17 04:59:00-05:00,200.25,200.3,200.25,200.3,0,0.0,0.0
2024-12-17 05:00:00-05:00,200.3,200.35,200.3,200.33,0,0.0,0.0
2024-12-17 05:01:00-05:00,200.33,200.33,200.33,200.33,0,0.0,0.0
2024-12-17 05:02:00-05:00,200.35,200.35,200.25,200.25,0,0.0,0.0
2024-12-17 05:03:00-05:00,200.27,200.32,200.27,200.32,0,0.0,0.0
2024-12-17 05:04:00-05:00,200.3,200.32,200.3,200.31,0,0.0,0.0
2024-12-17 05:05:00-05:00,200.33,200.37,200.29,200.37,0,0.0,0.0
2024-12-17 05:06:00-05:00,200.31,200.38,200.29,200.36,0,0.0,0.0
2024-12-17 05:07:00-05:00,200.31,200.38,200.31,200.38,0,0.0,0.0
2024-12-17 05:08:00-05:00,200.3,200.3,200.3,200.3,0,0.0,0.0
2024-12-17 05:09:00-05:00,200.33,200.34,200.33,200.34,0,0.0,0.0
2024-12-17 05:10:00-05:00,200.36,200.36,200.32,200.32,0,0.0,0.0
2024-12-17 05:11:00-05:00,200.34,200.4,200.34,200.4,0,0.0,0.0
2024-12-17 05:12:00-05:00,200.41,200.45,200.39,200.45,0,0.0,0.0
2024-12-17 05:13:00-05:00,200.45,200.45,200.39,200.39,0,0.0,0.0
2024-12-17 05:14:00-05:00,200.43,200.46,200.42,200.46,0,0.0,0.0
2024-12-17 05:15:00-05:00,200.49,200.5,200.45,200.46,0,0.0,0.0
2024-12-17 05:16:00-05:00,200.46,200.46,200.45,200.45,0,0.0,0.0
2024-12-17 05:17:00-05:00,200.45,200.5,200.39,200.39,0,0.0,0.0
2024-12-17 05:18:00-05:00,200.45,200.5,200.45,200.46,0,0.0,0.0
2024-12-17 05:19:00-05:00,200.43,200.48,200.41,200.46,0,0.0,0.0
2024-12-17 05:20:00-05:00,200.46,200.49,200.45,200.45,0,0.0,0.0
2024-12-17 05:21:00-05:00,200.46,200.5,200.46,200.47,0,0.0,0.0
2024-12-17 05:22:00-05:00,200.5,200.5,200.45,200.5,0,0.0,0.0
2024-12-17 05:23:00-05:00,200.5,200.5,200.43,200.43,0,0.0,0.0
2024-12-17 05:24:00-05:00,200.49,200.5,200.47,200.47,0,0.0,0.0
2024-12-17 05:25:00-05:00,200.47,200.5,200.47,200.5,0,0.0,0.0
2024-12-17 05:26:00-05:00,200.5,200.5,200.47,200.5,0,0.0,0.0
2024-12-17 05:27:00-05:00,200.5,200.5,200.5,200.5,0,0.0,0.0
2024-12-17 05:28:00-05:00,200.5,200.5,200.5,200.5,0,0.0,0.0
2024-12-17 05:29:00-05:00,200.5,200.5,200.49,200.5,0,0.0,0.0
2024-12-17 05:30:00-05:00,200.5,200.5,200.5,200.5,0,0.0,0.0
2024-12-17 05:31:00-05:00,200.5,200.5,200.5,200.5,0,0.0,0.0
2024-12-17 05:32:00-05:00,200.47,200.5,200.47,200.47,0,0.0,0.0
2024-12-17 05:33:00-05:00,200.47,200.47,200.45,200.46,0,0.0,0.0
2024-12-17 05:34:00-05:00,200.46,200.5,200.46,200.48,0,0.0,0.0
2024-12-17 05:35:00-05:00,200.5,200.5,200.47,200.5,0,0.0,0.0
2024-12-17 05:36:00-05:00,200.5,200.5,200.49,200.49,0,0.0,0.0
2024-12-17 05:37:00-05:00,200.5,200.5,200.48,200.5,0,0.0,0.0
2024-12-17 05:38:00-05:00,200.49,200.5,200.45,200.5,0,0.0,0.0
2024-12-17 05:39:00-05:00,200.5,200.5,200.44,200.44,0,0.0,0.0
2024-12-17 05:40:00-05:00,200.44,200.47,200.42,200.45,0,0.0,0.0
2024-12-17 05:41:00-05:00,200.48,200.53,200.45,200.5,0,0.0,0.0
2024-12-17 05:42:00-05:00,200.47,200.49,200.47,200.49,0,0.0,0.0
2024-12-17 05:43:00-05:00,200.48,200.48,200.47,200.48,0,0.0,0.0
2024-12-17 05:44:00-05:00,200.6,200.6,200.51,200.51,0,0.0,0.0
2024-12-17 05:45:00-05:00,200.61,200.66,200.6,200.66,0,0.0,0.0
2024-12-17 05:46:00-05:00,200.61,200.61,200.61,200.61,0,0.0,0.0
2024-12-17 05:47:00-05:00,200.61,200.65,200.61,200.65,0,0.0,0.0
2024-12-17 05:48:00-05:00,200.62,200.67,200.62,200.67,0,0.0,0.0
2024-12-17 05:49:00-05:00,200.64,200.65,200.64,200.65,0,0.0,0.0
2024-12-17 05:50:00-05:00,200.69,200.78,200.69,200.71,0,0.0,0.0
2024-12-17 05:51:00-05:00,200.71,200.9,200.71,200.9,0,0.0,0.0
2024-12-17 05:52:00-05:00,200.9,200.9,200.85,200.89,0,0.0,0.0
2024-12-17 05:53:00-05:00,200.88,200.97,200.78,200.9,0,0.0,0.0
2024-12-17 05:54:00-05:00,200.8,200.88,200.73,200.85,0,0.0,0.0
2024-12-17 05:55:00-05:00,200.86,200.86,200.68,200.68,0,0.0,0.0
2024-12-17 05:56:00-05:00,200.7,200.83,200.7,200.83,0,0.0,0.0
2024-12-17 05:57:00-05:00,200.89,200.9,200.83,200.83,0,0.0,0.0
2024-12-17 05:58:00-05:00,200.9,200.9,200.75,200.75,0,0.0,0.0
2024-12-17 05:59:00-05:00,200.87,200.9,200.78,200.88,0,0.0,0.0
2024-12-17 06:00:00-05:00,200.8,200.9,200.8,200.9,0,0.0,0.0
2024-12-17 06:01:00-05:00,200.84,200.9,200.84,200.9,0,0.0,0.0
2024-12-17 06:02:00-05:00,200.85,200.87,200.81,200.87,0,0.0,0.0
2024-12-17 06:03:00-05:00,200.84,200.84,200.78,200.78,0,0.0,0.0
2024-12-17 06:04:00-05:00,200.8,200.8,200.77,200.78,0,0.0,0.0
2024-12-17 06:05:00-05:00,200.78,200.79,200.74,200.79,0,0.0,0.0
2024-12-17 06:06:00-05:00,200.78,200.8,200.78,200.78,0,0.0,0.0
2024-12-17 06:07:00-05:00,200.77,200.78,200.77,200.78,0,0.0,0.0
2024-12-17 06:08:00-05:00,200.78,200.82,200.76,200.78,0,0.0,0.0
2024-12-17 06:09:00-05:00,200.86,200.98,200.81,200.98,0,0.0,0.0
2024-12-17 06:10:00-05:00,200.98,200.98,200.9,200.9,0,0.0,0.0
2024-12-17 06:11:00-05:00,200.9,201.17,200.9,201.02,0,0.0,0.0
2024-12-17 06:12:00-05:00,201.16,201.19,201.02,201.17,0,0.0,0.0
2024-12-17 06:13:00-05:00,201.18,201.36,201.18,201.19,0,0.0,0.0
2024-12-17 06:14:00-05:00,201.22,201.39,201.17,201.17,0,0.0,0.0
2024-12-17 06:15:00-05:00,201.2,201.4,201.2,201.3,0,0.0,0.0
2024-12-17 06:16:00-05:00,201.3,201.3,201.16,201.19,0,0.0,0.0
2024-12-17 06:17:00-05:00,201.16,201.4,201.16,201.4,0,0.0,0.0
2024-12-17 06:18:00-05:00,201.4,201.4,201.28,201.4,0,0.0,0.0
2024-12-17 06:19:00-05:00,201.4,201.4,201.28,201.28,0,0.0,0.0
2024-12-17 06:20:00-05:00,201.4,201.4,201.28,201.28,0,0.0,0.0
2024-12-17 06:21:00-05:00,201.4,201.4,201.33,201.33,0,0.0,0.0
2024-12-17 06:22:00-05:00,201.39,201.4,201.38,201.38,0,0.0,0.0
2024-12-17 06:23:00-05:00,201.3,201.38,201.3,201.38,0,0.0,0.0
2024-12-17 06:24:00-05:00,201.3,201.3,201.28,201.3,0,0.0,0.0
2024-12-17 06:25:00-05:00,201.3,201.35,201.28,201.35,0,0.0,0.0
2024-12-17 06:26:00-05:00,201.3,201.3,201.26,201.3,0,0.0,0.0
2024-12-17 06:27:00-05:00,201.3,201.35,201.26,201.26,0,0.0,0.0
2024-12-17 06:28:00-05:00,201.3,201.3,201.23,201.23,0,0.0,0.0
2024-12-17 06:29:00-05:00,201.33,201.33,201.23,201.23,0,0.0,0.0
2024-12-17 06:30:00-05:00,201.28,201.3,201.23,201.3,0,0.0,0.0
2024-12-17 06:31:00-05:00,201.29,201.3,201.29,201.3,0,0.0,0.0
2024-12-17 06:32:00-05:00,201.23,201.26,201.23,201.25,0,0.0,0.0
2024-12-17 06:33:00-05:00,201.25,201.26,201.22,201.26,0,0.0,0.0
2024-12-17 06:34:00-05:00,201.26,201.33,201.24,201.33,0,0.0,0.0
2024-12-17 06:35:00-05:00,201.26,201.26,201.26,201.26,0,0.0,0.0
2024-12-17 06:36:00-05:00,201.3,201.33,201.26,201.26,0,0.0,0.0
2024-12-17 06:37:00-05:00,201.23,201.29,201.22,201.29,0,0.0,0.0
2024-12-17 06:38:00-05:00,201.25,201.27,201.23,201.24,0,0.0,0.0
2024-12-17 06:39:00-05:00,201.22,201.25,201.22,201.25,0,0.0,0.0
2024-12-17 06:40:00-05:00,201.25,201.33,201.25,201.33,0,0.0,0.0
2024-12-17 06:41:00-05:00,201.3,201.35,201.3,201.32,0,0.0,0.0
2024-12-17 06:42:00-05:00,201.26,201.26,201.22,201.23,0,0.0,0.0
2024-12-17 06:43:00-05:00,201.23,201.23,201.17,201.17,0,0.0,0.0
2024-12-17 06:44:00-05:00,201.26,201.26,201.19,201.26,0,0.0,0.0
2024-12-17 06:45:00-05:00,201.26,201.28,201.26,201.28,0,0.0,0.0
2024-12-17 06:46:00-05:00,201.15,201.21,201.15,201.21,0,0.0,0.0
2024-12-17 06:47:00-05:00,201.23,201.23,201.17,201.21,0,0.0,0.0
2024-12-17 06:48:00-05:00,201.2,201.25,201.15,201.15,0,0.0,0.0
2024-12-17 06:49:00-05:00,201.27,201.27,201.17,201.22,0,0.0,0.0
2024-12-17 06:50:00-05:00,201.22,201.25,201.14,201.14,0,0.0,0.0
2024-12-17 06:52:00-05:00,201.25,201.25,201.13,201.18,0,0.0,0.0
2024-12-17 06:53:00-05:00,201.17,201.28,201.15,201.19,0,0.0,0.0
2024-12-17 06:54:00-05:00,201.25,201.25,201.07,201.22,0,0.0,0.0
2024-12-17 06:55:00-05:00,201.21,201.22,201.2,201.2,0,0.0,0.0
2024-12-17 06:56:00-05:00,201.23,201.28,201.18,201.18,0,0.0,0.0
2024-12-17 06:57:00-05:00,201.18,201.18,201.11,201.18,0,0.0,0.0
2024-12-17 06:58:00-05:00,201.18,201.21,201.18,201.21,0,0.0,0.0
2024-12-17 06:59:00-05:00,201.18,201.18,201.18,201.18,0,0.0,0.0
2024-12-17 07:01:00-05:00,201.3,201.37,201.09,201.1,0,0.0,0.0
2024-12-17 07:02:00-05:00,201.12,201.25,201.05,201.09,0,0.0,0.0
2024-12-17 07:03:00-05:00,201.08,201.25,201.08,201.25,0,0.0,0.0
2024-12-17 07:04:00-05:00,201.32,201.32,201.08,201.08,0,0.0,0.0
2024-12-17 07:05:00-05:00,201.08,201.2,201.08,201.14,0,0.0,0.0
2024-12-17 07:06:00-05:00,201.06,201.08,200.89,200.93,0,0.0,0.0
2024-12-17 07:07:00-05:00,200.99,200.99,200.85,200.88,0,0.0,0.0
2024-12-17 07:08:00-05:00,200.96,201.0,200.85,201.0,0,0.0,0.0
2024-12-17 07:09:00-05:00,201.0,201.0,201.0,201.0,0,0.0,0.0
2024-12-17 07:10:00-05:00,200.9,200.91,200.9,200.9,0,0.0,0.0
2024-12-17 07:11:00-05:00,200.88,200.88,200.88,200.88,0,0.0,0.0
2024-12-17 07:12:00-05:00,200.93,200.93,200.84,200.85,0,0.0,0.0
2024-12-17 07:13:00-05:00,200.85,200.87,200.76,200.78,0,0.0,0.0
2024-12-17 07:14:00-05:00,200.78,200.8,200.78,200.8,0,0.0,0.0
2024-12-17 07:15:00-05:00,200.8,200.85,200.74,200.8,0,0.0,0.0
2024-12-17 07:16:00-05:00,200.8,200.85,200.8,200.8,0,0.0,0.0
2024-12-17 07:17:00-05:00,200.8,200.8,200.75,200.8,0,0.0,0.0
2024-12-17 07:18:00-05:00,200.72,200.77,200.69,200.69,0,0.0,0.0
2024-12-17 07:19:00-05:00,200.67,200.73,200.67,200.73,0,0.0,0.0
2024-12-17 07:20:00-05:00,200.73,200.77,200.73,200.77,0,0.0,0.0
2024-12-17 07:21:00-05:00,200.67,200.71,200.61,200.67,0,0.0,0.0
2024-12-17 07:22:00-05:00,200.67,200.67,200.58,200.6,0,0.0,0.0
2024-12-17 07:23:00-05:00,200.61,200.65,200.6,200.6,0,0.0,0.0
2024-12-17 07:24:00-05:00,200.63,200.65,200.58,200.65,0,0.0,0.0
2024-12-17 07:25:00-05:00,200.72,200.75,200.66,200.7,0,0.0,0.0
2024-12-17 07:26:00-05:00,200.7,200.8,200.7,200.8,0,0.0,0.0
2024-12-17 07:27:00-05:00,200.85,200.85,200.72,200.74,0,0.0,0.0
2024-12-17 07:28:00-05:00,200.73,200.75,200.66,200.75,0,0.0,0.0
2024-12-17 07:29:00-05:00,200.75,200.75,200.74,200.75,0,0.0,0.0
2024-12-17 07:30:00-05:00,200.75,201.3,200.75,200.95,0,0.0,0.0
2024-12-17 07:31:00-05:00,200.81,200.81,200.7,200.75,0,0.0,0.0
2024-12-17 07:32:00-05:00,200.75,200.75,200.71,200.75,0,0.0,0.0
2024-12-17 07:33:00-05:00,200.75,200.75,200.7,200.72,0,0.0,0.0
2024-12-17 07:34:00-05:00,200.75,200.75,200.72,200.75,0,0.0,0.0
2024-12-17 07:35:00-05:00,200.72,200.75,200.66,200.66,0,0.0,0.0
2024-12-17 07:36:00-05:00,200.67,200.67,200.66,200.66,0,0.0,0.0
2024-12-17 07:37:00-05:00,200.68,200.69,200.66,200.69,0,0.0,0.0
2024-12-17 07:38:00-05:00,200.66,200.69,200.59,200.59,0,0.0,0.0
2024-12-17 07:39:00-05:00,200.67,200.67,200.6,200.6,0,0.0,0.0
2024-12-17 07:40:00-05:00,200.59,200.69,200.59,200.66,0,0.0,0.0
2024-12-17 07:41:00-05:00,200.65,200.67,200.65,200.67,0,0.0,0.0
2024-12-17 07:42:00-05:00,200.67,200.7,200.67,200.7,0,0.0,0.0
2024-12-17 07:43:00-05:00,200.66,200.69,200.66,200.69,0,0.0,0.0
2024-12-17 07:44:00-05:00,200.67,200.8,200.67,200.75,0,0.0,0.0
2024-12-17 07:45:00-05:00,200.79,200.85,200.79,200.85,0,0.0,0.0
2024-12-17 07:46:00-05:00,200.8,200.8,200.71,200.78,0,0.0,0.0
2024-12-17 07:47:00-05:00,200.75,200.75,200.68,200.68,0,0.0,0.0
2024-12-17 07:48:00-05:00,200.67,200.91,200.63,200.91,0,0.0,0.0
2024-12-17 07:49:00-05:00,200.82,200.84,200.81,200.82,0,0.0,0.0
2024-12-17 07:50:00-05:00,200.83,200.84,200.83,200.84,0,0.0,0.0
2024-12-17 07:51:00-05:00,200.89,200.9,200.86,200.86,0,0.0,0.0
2024-12-17 07:52:00-05:00,200.9,201.0,200.89,200.95,0,0.0,0.0
2024-12-17 07:53:00-05:00,200.99,200.99,200.99,200.99,0,0.0,0.0
2024-12-17 07:54:00-05:00,200.99,200.99,200.95,200.95,0,0.0,0.0
2024-12-17 07:55:00-05:00,200.95,200.95,200.95,200.95,0,0.0,0.0
2024-12-17 07:56:00-05:00,200.93,200.93,200.82,200.82,0,0.0,0.0
2024-12-17 07:57:00-05:00,200.8,200.9,200.8,200.9,0,0.0,0.0
2024-12-17 07:58:00-05:00,200.88,200.89,200.81,200.81,0,0.0,0.0
2024-12-17 07:59:00-05:00,200.9,201.0,200.9,201.0,0,0.0,0.0
2024-12-17 08:00:00-05:00,201.2,202.25,200.07,200.8881,0,0.0,0.0
2024-12-17 08:01:00-05:00,200.96,201.89,200.5534,200.9,0,0.0,0.0
2024-12-17 08:02:00-05:00,200.88,200.99,200.8,200.83,0,0.0,0.0
2024-12-17 08:03:00-05:00,200.8496,200.8496,200.59,200.67,0,0.0,0.0
2024-12-17 08:04:00-05:00,200.68,200.68,200.44,200.49,0,0.0,0.0
2024-12-17 08:05:00-05:00,200.5,200.5,200.44,200.44,0,0.0,0.0
2024-12-17 08:06:00-05:00,200.7,200.7,200.44,200.44,0,0.0,0.0
2024-12-17 08:07:00-05:00,200.38,200.4,200.34,200.34,0,0.0,0.0
2024-12-17 08:08:00-05:00,200.34,200.49,200.34,200.34,0,0.0,0.0
2024-12-17 08:09:00-05:00,200.34,200.39,200.22,200.28,0,0.0,0.0
2024-12-17 08:10:00-05:00,200.3,200.34,200.2302,200.2302,0,0.0,0.0
2024-12-17 08:11:00-05:00,200.27,200.32,200.22,200.32,0,0.0,0.0
2024-12-17 08:12:00-05:00,200.34,200.4,200.2886,200.4,0,0.0,0.0
2024-12-17 08:13:00-05:00,200.4,200.4,200.39,200.4,0,0.0,0.0
2024-12-17 08:14:00-05:00,200.36,200.4,200.36,200.38,0,0.0,0.0
2024-12-17 08:15:00-05:00,200.38,200.49,200.35,200.35,0,0.0,0.0
2024-12-17 08:16:00-05:00,200.3519,200.49,200.3512,200.46,0,0.0,0.0
2024-12-17 08:17:00-05:00,200.47,201.715,200.38,200.38,0,0.0,0.0
2024-12-17 08:18:00-05:00,200.48,200.48,200.38,200.39,0,0.0,0.0
2024-12-17 08:19:00-05:00,200.4985,200.5,200.35,200.35,0,0.0,0.0
2024-12-17 08:20:00-05:00,200.363,200.47,200.363,200.425,0,0.0,0.0
2024-12-17 08:21:00-05:00,200.44,200.5,200.425,200.44,0,0.0,0.0
2024-12-17 08:22:00-05:00,200.4,200.44,200.36,200.38,0,0.0,0.0
2024-12-17 08:23:00-05:00,200.44,200.44,200.07,200.09,0,0.0,0.0
2024-12-17 08:24:00-05:00,200.08,200.08,200.01,200.01,0,0.0,0.0
2024-12-17 08:25:00-05:00,200.07,200.09,200.0,200.01,0,0.0,0.0
2024-12-17 08:26:00-05:00,200.01,200.2,200.01,200.2,0,0.0,0.0
2024-12-17 08:27:00-05:00,200.14,200.2,200.1,200.1,0,0.0,0.0
2024-12-17 08:28:00-05:00,200.33,200.4,200.0133,200.04,0,0.0,0.0
2024-12-17 08:29:00-05:00,200.4,200.4,200.0101,200.2,0,0.0,0.0
2024-12-17 08:30:00-05:00,200.25,200.25,200.06,200.16,0,0.0,0.0
2024-12-17 08:31:00-05:00,200.2,200.32,200.17,200.23,0,0.0,0.0
2024-12-17 08:32:00-05:00,200.3179,200.32,200.11,200.26,0,0.0,0.0
2024-12-17 08:33:00-05:00,200.25,200.4,200.18,200.2,0,0.0,0.0
2024-12-17 08:34:00-05:00,200.24,200.25,200.13,200.18,0,0.0,0.0
2024-12-17 08:35:00-05:00,200.2,200.4,200.13,200.1301,0,0.0,0.0
2024-12-17 08:36:00-05:00,200.2,200.4,200.03,200.03,0,0.0,0.0
2024-12-17 08:37:00-05:00,200.07,200.12,200.02,200.05,0,0.0,0.0
2024-12-17 08:38:00-05:00,200.1,200.4,200.01,200.31,0,0.0,0.0
2024-12-17 08:39:00-05:00,200.205,200.4,200.0101,200.13,0,0.0,0.0
2024-12-17 08:40:00-05:00,200.19,200.32,200.1622,200.23,0,0.0,0.0
2024-12-17 08:41:00-05:00,200.22,200.31,200.13,200.24,0,0.0,0.0
2024-12-17 08:42:00-05:00,200.1,200.2892,200.06,200.14,0,0.0,0.0
2024-12-17 08:43:00-05:00,200.08,200.12,200.06,200.1005,0,0.0,0.0
2024-12-17 08:44:00-05:00,200.12,200.12,200.06,200.11,0,0.0,0.0
2024-12-17 08:45:00-05:00,200.06,200.28,200.06,200.21,0,0.0,0.0
2024-12-17 08:46:00-05:00,200.2,200.27,200.09,200.27,0,0.0,0.0
2024-12-17 08:47:00-05:00,200.195,200.29,200.11,200.15,0,0.0,0.0
2024-12-17 08:48:00-05:00,200.19,200.19,200.11,200.11,0,0.0,0.0
2024-12-17 08:49:00-05:00,200.1,200.19,200.1,200.1107,0,0.0,0.0
2024-12-17 08:50:00-05:00,200.14,200.2,200.1,200.18,0,0.0,0.0
2024-12-17 08:51:00-05:00,200.14,200.18,200.07,200.16,0,0.0,0.0
2024-12-17 08:52:00-05:00,200.0601,200.14,200.06,200.11,0,0.0,0.0
2024-12-17 08:53:00-05:00,200.07,200.105,200.07,200.07,0,0.0,0.0
2024-12-17 08:54:00-05:00,200.07,200.08,200.07,200.08,0,0.0,0.0
2024-12-17 08:55:00-05:00,200.14,200.2,200.07,200.2,0,0.0,0.0
2024-12-17 08:56:00-05:00,200.175,200.2,200.175,200.2,0,0.0,0.0
2024-12-17 08:57:00-05:00,200.2,200.22,200.15,200.2,0,0.0,0.0
2024-12-17 08:58:00-05:00,200.2,200.2,200.15,200.2,0,0.0,0.0
2024-12-17 08:59:00-05:00,200.15,200.2,200.15,200.175,0,0.0,0.0
2024-12-17 09:00:00-05:00,200.15,200.2,200.15,200.2,0,0.0,0.0
2024-12-17 09:01:00-05:00,200.2,200.2,200.15,200.15,0,0.0,0.0
2024-12-17 09:02:00-05:00,200.17,200.2,200.14,200.14,0,0.0,0.0
2024-12-17 09:03:00-05:00,200.2,200.32,200.08,200.27,0,0.0,0.0
2024-12-17 09:04:00-05:00,200.3964,200.4,200.27,200.39,0,0.0,0.0
2024-12-17 09:05:00-05:00,200.34,200.4,200.08,200.1,0,0.0,0.0
2024-12-17 09:06:00-05:00,200.18,200.4,200.18,200.2,0,0.0,0.0
2024-12-17 09:07:00-05:00,200.39,200.39,200.21,200.3,0,0.0,0.0
2024-12-17 09:08:00-05:00,200.24,200.4,200.2,200.39,0,0.0,0.0
2024-12-17 09:09:00-05:00,200.4,200.41,200.28,200.3,0,0.0,0.0
2024-12-17 09:10:00-05:00,200.3,200.32,200.19,200.26,0,0.0,0.0
2024-12-17 09:12:00-05:00,200.13,200.19,200.08,200.15,0,0.0,0.0
2024-12-17 09:13:00-05:00,200.19,200.26,200.1,200.15,0,0.0,0.0
2024-12-17 09:14:00-05:00,200.12,200.3,200.12,200.3,0,0.0,0.0
2024-12-17 09:30:00-05:00,201.0,202.39999389648438,201.0,201.33999633789062,616081,0.0,0.0
2024-12-17 09:31:00-05:00,201.33999633789062,201.8699951171875,201.22999572753906,201.72000122070312,74156,0.0,0.0
2024-12-17 09:32:00-05:00,201.69500732421875,202.30999755859375,201.22000122070312,202.26499938964844,85360,0.0,0.0
2024-12-17 09:33:00-05:00,202.30999755859375,202.35000610351562,200.80999755859375,200.8560028076172,80894,0.0,0.0
2024-12-17 09:34:00-05:00,200.9199981689453,201.1999969482422,200.05999755859375,200.22999572753906,97668,0.0,0.0
2024-12-17 09:35:00-05:00,200.25,200.60000610351562,199.82000732421875,199.9199981689453,198825,0.0,0.0
2024-12-17 09:36:00-05:00,200.0,200.2100067138672,199.60000610351562,199.64999389648438,62155,0.0,0.0
2024-12-17 09:37:00-05:00,199.6999969482422,199.8000030517578,199.05999755859375,199.13999938964844,101858,0.0,0.0
2024-12-17 09:38:00-05:00,199.2100067138672,199.3800048828125,198.77000427246094,199.19000244140625,100451,0.0,0.0
2024-12-17 09:39:00-05:00,199.1999969482422,199.32000732421875,198.88999938964844,199.05999755859375,58012,0.0,0.0
2024-12-17 09:40:00-05:00,199.00999450683594,199.42999267578125,198.91909790039062,199.02999877929688,69750,0.0,0.0
2024-12-17 09:41:00-05:00,199.0142059326172,199.3699951171875,198.77999877929688,199.14999389648438,54575,0.0,0.0
2024-12-17 09:42:00-05:00,199.1649932861328,199.22000122070312,199.0,199.0800018310547,42122,0.0,0.0
2024-12-17 09:43:00-05:00,199.11000061035156,199.66000366210938,198.77000427246094,199.57000732421875,78266,0.0,0.0
2024-12-17 09:44:00-05:00,199.5399932861328,199.85000610351562,199.5399932861328,199.67999267578125,58670,0.0,0.0
2024-12-17 09:45:00-05:00,199.6699981689453,199.69000244140625,199.27000427246094,199.27999877929688,34324,0.0,0.0
2024-12-17 09:46:00-05:00,199.24000549316406,199.36000061035156,198.85000610351562,198.9324951171875,46959,0.0,0.0
2024-12-17 09:47:00-05:00,198.9199981689453,199.0500030517578,198.77000427246094,198.8249969482422,47710,0.0,0.0
2024-12-17 09:48:00-05:00,198.8699951171875,199.1300048828125,198.80999755859375,199.02499389648438,28055,0.0,0.0
2024-12-17 09:49:00-05:00,198.9600067138672,199.0299072265625,198.61000061035156,198.89999389648438,50590,0.0,0.0
2024-12-17 09:50:00-05:00,198.8000030517578,198.8719940185547,198.35000610351562,198.36000061035156,51946,0.0,0.0
2024-12-17 09:51:00-05:00,198.42999267578125,198.60000610351562,198.32000732421875,198.50999450683594,38128,0.0,0.0
2024-12-17 09:52:00-05:00,198.4853057861328,198.6199951171875,198.3699951171875,198.39999389648438,46323,0.0,0.0
2024-12-17 09:53:00-05:00,198.4600067138672,198.7550048828125,198.39999389648438,198.5023956298828,42025,0.0,0.0
2024-12-17 09:54:00-05:00,198.49000549316406,198.91000366210938,198.36849975585938,198.58999633789062,110607,0.0,0.0
2024-12-17 09:55:00-05:00,198.61500549316406,198.72999572753906,198.3300018310547,198.3699951171875,50066,0.0,0.0
2024-12-17 09:56:00-05:00,198.41000366210938,199.0,198.3300018310547,198.99000549316406,43996,0.0,0.0
2024-12-17 09:57:00-05:00,198.9499969482422,199.0500030517578,198.77499389648438,198.88999938964844,24988,0.0,0.0
2024-12-17 09:58:00-05:00,198.91000366210938,199.03579711914062,198.88999938964844,198.97500610351562,29655,0.0,0.0
2024-12-17 09:59:00-05:00,198.91000366210938,198.94619750976562,198.50999450683594,198.5800018310547,53191,0.0,0.0
2024-12-17 10:00:00-05:00,198.6197052001953,198.74000549316406,198.1999969482422,198.24000549316406,71977,0.0,0.0
2024-12-17 10:01:00-05:00,198.25,198.4600067138672,198.17999267578125,198.43800354003906,30818,0.0,0.0
2024-12-17 10:02:00-05:00,198.44000244140625,198.87750244140625,198.2899932861328,198.6699981689453,26989,0.0,0.0
2024-12-17 10:03:00-05:00,198.64999389648438,198.64999389648438,198.13999938964844,198.13999938964844,33438,0.0,0.0
2024-12-17 10:04:00-05:00,198.14999389648438,198.326904296875,198.0500030517578,198.11000061035156,25005,0.0,0.0
2024-12-17 10:05:00-05:00,198.16000366210938,198.3699951171875,198.1125030517578,198.3699951171875,27867,0.0,0.0
2024-12-17 10:06:00-05:00,198.3300018310547,198.8000030517578,198.32000732421875,198.69500732421875,34244,0.0,0.0
2024-12-17 10:07:00-05:00,198.72000122070312,198.77000427246094,198.59500122070312,198.59500122070312,40298,0.0,0.0
2024-12-17 10:08:00-05:00,198.59500122070312,198.77999877929688,198.4199981689453,198.6999969482422,44043,0.0,0.0
2024-12-17 10:09:00-05:00,198.69000244140625,198.8800048828125,198.5,198.83999633789062,42817,0.0,0.0
2024-12-17 10:10:00-05:00,198.82000732421875,198.88999938964844,198.47500610351562,198.52000427246094,42456,0.0,0.0
2024-12-17 10:11:00-05:00,198.52000427246094,198.625,198.1699981689453,198.27999877929688,69141,0.0,0.0
2024-12-17 10:12:00-05:00,198.36000061035156,198.42999267578125,198.1199951171875,198.15049743652344,31710,0.0,0.0
2024-12-17 10:13:00-05:00,198.15150451660156,198.27999877929688,197.91000366210938,198.02999877929688,105249,0.0,0.0
2024-12-17 10:14:00-05:00,198.08999633789062,198.39999389648438,197.99000549316406,198.32000732421875,42802,0.0,0.0
2024-12-17 10:15:00-05:00,198.32000732421875,198.32000732421875,197.81500244140625,197.81500244140625,40849,0.0,0.0
2024-12-17 10:16:00-05:00,197.83999633789062,198.1199951171875,197.7100067138672,198.09530639648438,45716,0.0,0.0
2024-12-17 10:17:00-05:00,198.13499450683594,198.52999877929688,197.91000366210938,198.24000549316406,35088,0.0,0.0
2024-12-17 10:18:00-05:00,198.24000549316406,198.3199005126953,198.10000610351562,198.14999389648438,8944,0.0,0.0
2024-12-17 10:19:00-05:00,198.02999877929688,198.05999755859375,197.96499633789062,197.97999572753906,38758,0.0,0.0
2024-12-17 10:20:00-05:00,198.00799560546875,198.1757049560547,197.86500549316406,197.92999267578125,24084,0.0,0.0
2024-12-17 10:21:00-05:00,197.860107421875,198.0,197.7100067138672,197.7100067138672,47894,0.0,0.0
2024-12-17 10:22:00-05:00,197.7100067138672,197.78860473632812,197.47000122070312,197.6800994873047,50756,0.0,0.0
2024-12-17 10:23:00-05:00,197.69000244140625,197.8350067138672,197.57000732421875,197.8350067138672,35820,0.0,0.0
2024-12-17 10:24:00-05:00,197.80999755859375,197.9199981689453,197.61000061035156,197.72250366210938,18277,0.0,0.0
2024-12-17 10:25:00-05:00,197.69000244140625,197.79200744628906,197.60000610351562,197.79200744628906,22966,0.0,0.0
2024-12-17 10:26:00-05:00,197.80999755859375,198.1699981689453,197.80999755859375,198.0301055908203,72315,0.0,0.0
2024-12-17 10:27:00-05:00,198.0399932861328,198.25,198.0399932861328,198.22059631347656,17051,0.0,0.0
2024-12-17 10:28:00-05:00,198.22999572753906,198.5500030517578,198.22999572753906,198.375,24790,0.0,0.0
2024-12-17 10:29:00-05:00,198.35609436035156,198.38999938964844,198.1300048828125,198.1739959716797,44753,0.0,0.0
2024-12-17 10:30:00-05:00,198.13499450683594,198.8000030517578,198.13499450683594,198.8000030517578,23030,0.0,0.0
2024-12-17 10:31:00-05:00,198.80999755859375,199.17999267578125,198.66000366210938,199.17999267578125,30451,0.0,0.0
2024-12-17 10:32:00-05:00,199.14999389648438,199.14999389648438,198.80999755859375,198.92999267578125,20245,0.0,0.0
2024-12-17 10:33:00-05:00,198.92999267578125,199.07000732421875,198.74000549316406,198.80499267578125,21507,0.0,0.0
2024-12-17 10:34:00-05:00,198.80999755859375,199.05999755859375,198.80499267578125,198.9600067138672,17980,0.0,0.0
2024-12-17 10:35:00-05:00,199.0,199.3300018310547,198.9600067138672,199.25999450683594,23157,0.0,0.0
2024-12-17 10:36:00-05:00,199.27499389648438,199.27499389648438,199.0500030517578,199.0500030517578,17043,0.0,0.0
2024-12-17 10:37:00-05:00,199.0500030517578,199.39999389648438,199.0500030517578,199.2899932861328,27814,0.0,0.0
2024-12-17 10:38:00-05:00,199.34500122070312,199.3699951171875,198.92999267578125,199.0,51504,0.0,0.0
2024-12-17 10:39:00-05:00,198.97000122070312,199.35000610351562,198.86000061035156,199.22999572753906,33445,0.0,0.0
2024-12-17 10:40:00-05:00,199.25999450683594,199.47000122070312,199.22000122070312,199.2899932861328,27940,0.0,0.0
2024-12-17 10:41:00-05:00,199.2899932861328,199.3302001953125,198.80999755859375,198.8175048828125,25511,0.0,0.0
2024-12-17 10:42:00-05:00,198.85499572753906,199.00999450683594,198.49000549316406,198.69000244140625,39033,0.0,0.0
2024-12-17 10:43:00-05:00,198.72000122070312,198.8000030517578,198.61000061035156,198.68499755859375,17148,0.0,0.0
2024-12-17 10:44:00-05:00,198.6999969482422,198.77999877929688,198.6300048828125,198.75,12766,0.0,0.0
2024-12-17 10:45:00-05:00,198.67999267578125,198.8300018310547,198.55999755859375,198.63999938964844,31981,0.0,0.0
2024-12-17 10:46:00-05:00,198.67660522460938,198.75999450683594,198.5500030517578,198.60000610351562,16929,0.0,0.0
2024-12-17 10:47:00-05:00,198.60000610351562,198.63999938964844,198.50999450683594,198.58999633789062,16212,0.0,0.0
2024-12-17 10:48:00-05:00,198.5850067138672,198.8000030517578,198.50999450683594,198.8000030517578,23767,0.0,0.0
2024-12-17 10:49:00-05:00,198.71499633789062,198.75,198.5800018310547,198.58999633789062,14200,0.0,0.0
2024-12-17 10:50:00-05:00,198.63499450683594,198.72000122070312,198.52000427246094,198.6199951171875,16407,0.0,0.0
2024-12-17 10:51:00-05:00,198.55999755859375,198.67999267578125,198.33999633789062,198.42660522460938,55185,0.0,0.0
2024-12-17 10:52:00-05:00,198.38999938964844,198.40499877929688,198.33999633789062,198.33999633789062,3375,0.0,0.0
2024-12-17 10:54:00-05:00,198.35000610351562,198.43829345703125,198.27999877929688,198.27999877929688,111755,0.0,0.0
2024-12-17 10:55:00-05:00,198.3300018310547,198.38499450683594,198.16000366210938,198.22500610351562,100743,0.0,0.0
2024-12-17 10:56:00-05:00,198.25,198.32000732421875,198.07000732421875,198.22000122070312,13690,0.0,0.0
2024-12-17 10:57:00-05:00,198.25,198.61000061035156,198.1699981689453,198.5800018310547,29779,0.0,0.0
2024-12-17 10:58:00-05:00,198.57000732421875,198.66000366210938,198.52000427246094,198.55999755859375,18341,0.0,0.0
2024-12-17 10:59:00-05:00,198.5800018310547,199.0500030517578,198.4600067138672,198.74249267578125,42765,0.0,0.0
2024-12-17 11:00:00-05:00,198.68499755859375,198.9600067138672,198.68499755859375,198.9149932861328,17948,0.0,0.0
2024-12-17 11:01:00-05:00,198.9600067138672,198.9600067138672,198.6699981689453,198.69000244140625,14666,0.0,0.0
2024-12-17 11:02:00-05:00,198.6999969482422,198.76499938964844,198.55999755859375,198.57000732421875,68086,0.0,0.0
2024-12-17 11:03:00-05:00,198.5800018310547,198.64590454101562,198.50999450683594,198.6300048828125,10191,0.0,0.0
2024-12-17 11:04:00-05:00,198.57000732421875,198.60499572753906,198.4199981689453,198.54550170898438,9468,0.0,0.0
2024-12-17 11:05:00-05:00,198.5050048828125,198.56500244140625,198.39999389648438,198.5,28603,0.0,0.0
2024-12-17 11:06:00-05:00,198.44749450683594,198.60000610351562,198.3699951171875,198.5800018310547,20073,0.0,0.0
2024-12-17 11:07:00-05:00,198.5800018310547,198.94000244140625,198.5800018310547,198.9199981689453,22271,0.0,0.0
2024-12-17 11:08:00-05:00,198.9149932861328,199.07000732421875,198.85000610351562,198.85000610351562,12588,0.0,0.0
2024-12-17 11:09:00-05:00,198.88999938964844,199.23500061035156,198.8300018310547,199.23500061035156,13496,0.0,0.0
2024-12-17 11:10:00-05:00,199.25,199.36500549316406,199.10000610351562,199.3625030517578,37349,0.0,0.0
2024-12-17 11:11:00-05:00,199.4199981689453,199.55999755859375,199.35000610351562,199.48500061035156,24272,0.0,0.0
2024-12-17 11:12:00-05:00,199.5399932861328,199.5500030517578,199.30999755859375,199.32000732421875,15400,0.0,0.0
2024-12-17 11:13:00-05:00,199.32000732421875,199.5500030517578,199.27999877929688,199.5500030517578,14656,0.0,0.0
2024-12-17 11:14:00-05:00,199.52000427246094,199.58999633789062,199.3800048828125,199.42999267578125,19375,0.0,0.0
2024-12-17 11:15:00-05:00,199.42999267578125,199.49000549316406,199.1699981689453,199.22000122070312,13103,0.0,0.0
2024-12-17 11:16:00-05:00,199.2100067138672,199.28500366210938,199.16009521484375,199.24000549316406,15117,0.0,0.0
2024-12-17 11:17:00-05:00,199.18460083007812,199.19000244140625,199.02000427246094,199.0850067138672,11518,0.0,0.0
2024-12-17 11:18:00-05:00,199.0399932861328,199.08990478515625,198.97999572753906,199.0500030517578,12151,0.0,0.0
2024-12-17 11:19:00-05:00,199.0500030517578,199.0500030517578,198.9199981689453,198.9499969482422,16631,0.0,0.0
2024-12-17 11:20:00-05:00,198.9499969482422,199.10000610351562,198.9199981689453,199.10000610351562,15940,0.0,0.0
2024-12-17 11:21:00-05:00,199.10000610351562,199.3000030517578,199.08999633789062,199.24000549316406,16914,0.0,0.0
2024-12-17 11:22:00-05:00,199.22999572753906,199.25999450683594,199.1300048828125,199.14500427246094,8637,0.0,0.0
2024-12-17 11:23:00-05:00,199.14500427246094,199.2899932861328,199.11000061035156,199.1699981689453,16557,0.0,0.0
2024-12-17 11:24:00-05:00,199.17160034179688,199.25999450683594,199.12879943847656,199.16000366210938,7280,0.0,0.0
2024-12-17 11:25:00-05:00,199.2095947265625,199.34500122070312,199.1199951171875,199.2550048828125,11354,0.0,0.0
2024-12-17 11:26:00-05:00,199.2550048828125,199.33999633789062,199.2100067138672,199.28500366210938,13092,0.0,0.0
2024-12-17 11:27:00-05:00,199.28500366210938,199.5500030517578,199.27999877929688,199.50999450683594,41546,0.0,0.0
2024-12-17 11:28:00-05:00,199.5,199.60000610351562,199.47999572753906,199.50999450683594,13767,0.0,0.0
2024-12-17 11:29:00-05:00,199.50999450683594,199.52999877929688,199.33999633789062,199.38999938964844,29792,0.0,0.0
2024-12-17 11:30:00-05:00,199.38999938964844,199.4199981689453,199.22999572753906,199.27000427246094,28503,0.0,0.0
2024-12-17 11:31:00-05:00,199.35330200195312,199.45989990234375,199.28500366210938,199.36000061035156,29704,0.0,0.0
2024-12-17 11:32:00-05:00,199.32000732421875,199.50999450683594,199.30999755859375,199.39999389648438,30600,0.0,0.0
2024-12-17 11:33:00-05:00,199.4199981689453,199.55999755859375,199.4199981689453,199.50999450683594,19775,0.0,0.0
2024-12-17 11:34:00-05:00,199.50999450683594,199.69000244140625,199.50950622558594,199.6300048828125,19163,0.0,0.0
2024-12-17 11:35:00-05:00,199.6199951171875,199.6699981689453,199.5,199.6300048828125,30977,0.0,0.0
2024-12-17 11:36:00-05:00,199.64500427246094,199.77999877929688,199.61500549316406,199.74000549316406,14547,0.0,0.0
2024-12-17 11:37:00-05:00,199.74000549316406,199.77999877929688,199.69000244140625,199.72000122070312,6374,0.0,0.0
2024-12-17 11:38:00-05:00,199.76499938964844,199.89999389648438,199.75,199.89999389648438,22140,0.0,0.0
2024-12-17 11:39:00-05:00,199.91000366210938,200.02499389648438,199.72000122070312,199.99000549316406,43749,0.0,0.0
2024-12-17 11:40:00-05:00,199.92010498046875,200.03500366210938,199.91000366210938,199.97500610351562,16040,0.0,0.0
2024-12-17 11:41:00-05:00,199.9499969482422,199.99000549316406,199.89999389648438,199.97799682617188,12064,0.0,0.0
2024-12-17 11:42:00-05:00,199.91000366210938,200.00999450683594,199.89999389648438,199.99000549316406,12349,0.0,0.0
2024-12-17 11:43:00-05:00,200.00999450683594,200.03500366210938,199.94000244140625,199.97000122070312,26657,0.0,0.0
2024-12-17 11:44:00-05:00,199.9676055908203,200.0500030517578,199.9600067138672,200.02499389648438,15937,0.0,0.0
2024-12-17 11:45:00-05:00,200.00999450683594,200.02499389648438,199.82000732421875,199.97999572753906,71890,0.0,0.0
2024-12-17 11:46:00-05:00,199.97000122070312,200.139892578125,199.9499969482422,200.0399932861328,32525,0.0,0.0
2024-12-17 11:47:00-05:00,200.0399932861328,200.0500030517578,199.8800048828125,199.8800048828125,20776,0.0,0.0
2024-12-17 11:48:00-05:00,199.83999633789062,199.94000244140625,199.75,199.81500244140625,10101,0.0,0.0
2024-12-17 11:49:00-05:00,199.79159545898438,199.81500244140625,199.7050018310547,199.7449951171875,13645,0.0,0.0
2024-12-17 11:50:00-05:00,199.7449951171875,199.85000610351562,199.72000122070312,199.75,12336,0.0,0.0
2024-12-17 11:51:00-05:00,199.77999877929688,199.85499572753906,199.76060485839844,199.85000610351562,9580,0.0,0.0
2024-12-17 11:52:00-05:00,199.80999755859375,199.80999755859375,199.52999877929688,199.52999877929688,7910,0.0,0.0
2024-12-17 11:53:00-05:00,199.52999877929688,199.67999267578125,199.50999450683594,199.5800018310547,14530,0.0,0.0
2024-12-17 11:54:00-05:00,199.52000427246094,199.55999755859375,199.42999267578125,199.47000122070312,9642,0.0,0.0
2024-12-17 11:55:00-05:00,199.52000427246094,199.5500030517578,199.3800048828125,199.5500030517578,9817,0.0,0.0
2024-12-17 11:56:00-05:00,199.5500030517578,199.63999938964844,199.49000549316406,199.58009338378906,9834,0.0,0.0
2024-12-17 11:57:00-05:00,199.64999389648438,199.76499938964844,199.64999389648438,199.72000122070312,8534,0.0,0.0
2024-12-17 11:58:00-05:00,199.72999572753906,199.72999572753906,199.60000610351562,199.7100067138672,9862,0.0,0.0
2024-12-17 11:59:00-05:00,199.72000122070312,199.74000549316406,199.52999877929688,199.55999755859375,10445,0.0,0.0
2024-12-17 12:00:00-05:00,199.55999755859375,199.6699981689453,199.55999755859375,199.6699981689453,10611,0.0,0.0
2024-12-17 12:01:00-05:00,199.6300048828125,199.72000122070312,199.47000122070312,199.5850067138672,10696,0.0,0.0
2024-12-17 12:02:00-05:00,199.52999877929688,199.6199951171875,199.5133056640625,199.57000732421875,6254,0.0,0.0
2024-12-17 12:03:00-05:00,199.57000732421875,199.69000244140625,199.52000427246094,199.69000244140625,9368,0.0,0.0
2024-12-17 12:04:00-05:00,199.69000244140625,199.97999572753906,199.69000244140625,199.89999389648438,13645,0.0,0.0
2024-12-17 12:05:00-05:00,199.89999389648438,199.97999572753906,199.7899932861328,199.97000122070312,13524,0.0,0.0
2024-12-17 12:06:00-05:00,199.9300994873047,200.02000427246094,199.85000610351562,199.97000122070312,16004,0.0,0.0
2024-12-17 12:07:00-05:00,200.02000427246094,200.07000732421875,200.0,200.0500030517578,19588,0.0,0.0
2024-12-17 12:08:00-05:00,200.05999755859375,200.05999755859375,199.97000122070312,200.0,16445,0.0,0.0
2024-12-17 12:09:00-05:00,200.0,200.12399291992188,199.80999755859375,200.12399291992188,12709,0.0,0.0
2024-12-17 12:10:00-05:00,200.0800018310547,200.0876007080078,199.9600067138672,200.02999877929688,8499,0.0,0.0
2024-12-17 12:11:00-05:00,200.06500244140625,200.06500244140625,199.92999267578125,199.92999267578125,8560,0.0,0.0
2024-12-17 12:12:00-05:00,199.97000122070312,199.97000122070312,199.69000244140625,199.69000244140625,7359,0.0,0.0
2024-12-17 12:13:00-05:00,199.74000549316406,199.9499969482422,199.69000244140625,199.9499969482422,13917,0.0,0.0
2024-12-17 12:14:00-05:00,199.88999938964844,200.00999450683594,199.88999938964844,199.97000122070312,9975,0.0,0.0
2024-12-17 12:15:00-05:00,199.9199981689453,200.02499389648438,199.88999938964844,199.98590087890625,9802,0.0,0.0
2024-12-17 12:16:00-05:00,200.00999450683594,200.00999450683594,199.90570068359375,199.9550018310547,20517,0.0,0.0
2024-12-17 12:17:00-05:00,199.97000122070312,199.97999572753906,199.85000610351562,199.9199981689453,9685,0.0,0.0
2024-12-17 12:18:00-05:00,199.88999938964844,199.97999572753906,199.85000610351562,199.8800048828125,7679,0.0,0.0
2024-12-17 12:19:00-05:00,199.8800048828125,199.91000366210938,199.72999572753906,199.77000427246094,10159,0.0,0.0
2024-12-17 12:20:00-05:00,199.77000427246094,199.9199981689453,199.76499938964844,199.875,7815,0.0,0.0
2024-12-17 12:21:00-05:00,199.9199981689453,199.99000549316406,199.88999938964844,199.88999938964844,13563,0.0,0.0
2024-12-17 12:22:00-05:00,199.94000244140625,199.97999572753906,199.85000610351562,199.8800048828125,6988,0.0,0.0
2024-12-17 12:23:00-05:00,199.85009765625,199.93499755859375,199.85000610351562,199.85000610351562,4427,0.0,0.0
2024-12-17 12:24:00-05:00,199.94850158691406,199.9600067138672,199.85000610351562,199.9600067138672,5294,0.0,0.0
2024-12-17 12:25:00-05:00,199.97999572753906,200.02000427246094,199.93499755859375,199.99000549316406,9772,0.0,0.0
2024-12-17 12:26:00-05:00,199.97000122070312,199.9739990234375,199.92999267578125,199.9739990234375,3315,0.0,0.0
2024-12-17 12:27:00-05:00,199.97999572753906,200.13999938964844,199.97999572753906,200.07000732421875,23301,0.0,0.0
2024-12-17 12:28:00-05:00,200.05999755859375,200.1699981689453,200.05299377441406,200.1699981689453,13676,0.0,0.0
2024-12-17 12:29:00-05:00,200.1199951171875,200.1999969482422,200.1199951171875,200.1999969482422,9971,0.0,0.0
2024-12-17 12:30:00-05:00,200.1699981689453,200.19500732421875,200.10000610351562,200.16000366210938,10510,0.0,0.0
2024-12-17 12:31:00-05:00,200.16000366210938,200.1898956298828,200.0500030517578,200.08999633789062,6935,0.0,0.0
2024-12-17 12:32:00-05:00,200.08999633789062,200.1300048828125,200.0399932861328,200.0500030517578,17558,0.0,0.0
2024-12-17 12:33:00-05:00,200.0500030517578,200.05499267578125,199.9600067138672,200.00999450683594,10607,0.0,0.0
2024-12-17 12:34:00-05:00,200.0050048828125,200.1699981689453,200.0050048828125,200.11000061035156,18553,0.0,0.0
2024-12-17 12:35:00-05:00,200.11000061035156,200.14990234375,200.05999755859375,200.07000732421875,11347,0.0,0.0
2024-12-17 12:36:00-05:00,200.07000732421875,200.3000030517578,200.07000732421875,200.2949981689453,20165,0.0,0.0
2024-12-17 12:37:00-05:00,200.2949981689453,200.50999450683594,200.2949981689453,200.44000244140625,26907,0.0,0.0
2024-12-17 12:38:00-05:00,200.47500610351562,200.49000549316406,200.3677978515625,200.4199981689453,21570,0.0,0.0
2024-12-17 12:39:00-05:00,200.42999267578125,200.5500030517578,200.42999267578125,200.5500030517578,17225,0.0,0.0
2024-12-17 12:40:00-05:00,200.52000427246094,200.52000427246094,200.3300018310547,200.39999389648438,12019,0.0,0.0
2024-12-17 12:41:00-05:00,200.39999389648438,200.47000122070312,200.27999877929688,200.28070068359375,14768,0.0,0.0
2024-12-17 12:42:00-05:00,200.34500122070312,200.60000610351562,200.27999877929688,200.52000427246094,16544,0.0,0.0
2024-12-17 12:43:00-05:00,200.5,200.548095703125,200.47999572753906,200.50750732421875,18596,0.0,0.0
2024-12-17 12:44:00-05:00,200.47999572753906,200.51119995117188,200.4199981689453,200.44000244140625,6211,0.0,0.0
2024-12-17 12:45:00-05:00,200.4600067138672,200.61000061035156,200.4600067138672,200.55999755859375,13024,0.0,0.0
2024-12-17 12:46:00-05:00,200.5399932861328,200.55499267578125,200.4499969482422,200.4499969482422,6731,0.0,0.0
2024-12-17 12:47:00-05:00,200.5,200.5,200.32000732421875,200.33450317382812,5322,0.0,0.0
2024-12-17 12:48:00-05:00,200.35000610351562,200.4499969482422,200.3448944091797,200.42750549316406,11919,0.0,0.0
2024-12-17 12:49:00-05:00,200.43499755859375,200.43499755859375,200.35000610351562,200.39999389648438,5891,0.0,0.0
2024-12-17 12:50:00-05:00,200.3699951171875,200.3800048828125,200.2899932861328,200.36000061035156,7289,0.0,0.0
2024-12-17 12:51:00-05:00,200.3300018310547,200.3300018310547,200.1800994873047,200.24000549316406,8069,0.0,0.0
2024-12-17 12:52:00-05:00,200.27999877929688,200.3199005126953,200.22999572753906,200.25,6942,0.0,0.0
2024-12-17 12:53:00-05:00,200.25,200.32000732421875,200.2100067138672,200.27000427246094,9856,0.0,0.0
2024-12-17 12:54:00-05:00,200.24000549316406,200.27000427246094,200.16000366210938,200.16000366210938,11233,0.0,0.0
2024-12-17 12:55:00-05:00,200.19000244140625,200.30999755859375,200.16000366210938,200.16000366210938,12971,0.0,0.0
2024-12-17 12:56:00-05:00,200.18130493164062,200.25990295410156,200.1199951171875,200.22500610351562,8759,0.0,0.0
2024-12-17 12:57:00-05:00,200.22500610351562,200.2899932861328,200.22000122070312,200.2449951171875,8541,0.0,0.0
2024-12-17 12:58:00-05:00,200.24000549316406,200.24000549316406,200.1999969482422,200.2050018310547,8237,0.0,0.0
2024-12-17 12:59:00-05:00,200.2100067138672,200.3188934326172,200.19500732421875,200.3188934326172,9457,0.0,0.0
2024-12-17 13:00:00-05:00,200.30999755859375,200.3300018310547,200.10000610351562,200.1999969482422,10268,0.0,0.0
2024-12-17 13:01:00-05:00,200.18499755859375,200.18499755859375,200.02999877929688,200.0850067138672,15026,0.0,0.0
2024-12-17 13:02:00-05:00,200.0399932861328,200.127197265625,199.8699951171875,200.10000610351562,111153,0.0,0.0
2024-12-17 13:03:00-05:00,200.14999389648438,200.39999389648438,200.1300048828125,200.39999389648438,18496,0.0,0.0
2024-12-17 13:04:00-05:00,200.4199981689453,200.47500610351562,200.3800048828125,200.42999267578125,6541,0.0,0.0
2024-12-17 13:05:00-05:00,200.39999389648438,200.54989624023438,200.3000030517578,200.54989624023438,19984,0.0,0.0
2024-12-17 13:06:00-05:00,200.49000549316406,200.52999877929688,200.39010620117188,200.50999450683594,15334,0.0,0.0
2024-12-17 13:07:00-05:00,200.5500030517578,200.5500030517578,200.42999267578125,200.5,4346,0.0,0.0
2024-12-17 13:08:00-05:00,200.5,200.5,200.4199981689453,200.5,7314,0.0,0.0
2024-12-17 13:09:00-05:00,200.5,200.74679565429688,200.5,200.61000061035156,46055,0.0,0.0
2024-12-17 13:10:00-05:00,200.59010314941406,200.77999877929688,200.5399932861328,200.6649932861328,55865,0.0,0.0
2024-12-17 13:11:00-05:00,200.66000366210938,200.6999969482422,200.5399932861328,200.5399932861328,19929,0.0,0.0
2024-12-17 13:12:00-05:00,200.58999633789062,200.64500427246094,200.5500030517578,200.5500030517578,9512,0.0,0.0
2024-12-17 13:13:00-05:00,200.5500030517578,200.62989807128906,200.39999389648438,200.44000244140625,19200,0.0,0.0
2024-12-17 13:14:00-05:00,200.44000244140625,200.44000244140625,200.21499633789062,200.23500061035156,30361,0.0,0.0
2024-12-17 13:15:00-05:00,200.23500061035156,200.30360412597656,200.1999969482422,200.22250366210938,11198,0.0,0.0
2024-12-17 13:16:00-05:00,200.22500610351562,200.25999450683594,200.1699981689453,200.17379760742188,16581,0.0,0.0
2024-12-17 13:17:00-05:00,200.14999389648438,200.27999877929688,200.13999938964844,200.22500610351562,19110,0.0,0.0
2024-12-17 13:18:00-05:00,200.22500610351562,200.2550048828125,200.10000610351562,200.19000244140625,8072,0.0,0.0
2024-12-17 13:19:00-05:00,200.17999267578125,200.2899932861328,200.17999267578125,200.24000549316406,9344,0.0,0.0
2024-12-17 13:20:00-05:00,200.27000427246094,200.38999938964844,200.1300048828125,200.2624969482422,31194,0.0,0.0
2024-12-17 13:21:00-05:00,200.2449951171875,200.38580322265625,200.19009399414062,200.3300018310547,8082,0.0,0.0
2024-12-17 13:22:00-05:00,200.35000610351562,200.4199981689453,200.35000610351562,200.4199981689453,8165,0.0,0.0
2024-12-17 13:23:00-05:00,200.4199981689453,200.69000244140625,200.4199981689453,200.66250610351562,5446,0.0,0.0
2024-12-17 13:24:00-05:00,200.69000244140625,200.72999572753906,200.60000610351562,200.69000244140625,9696,0.0,0.0
2024-12-17 13:25:00-05:00,200.69500732421875,200.79649353027344,200.69500732421875,200.7895050048828,9944,0.0,0.0
2024-12-17 13:26:00-05:00,200.76499938964844,200.76499938964844,200.58999633789062,200.64500427246094,13411,0.0,0.0
2024-12-17 13:27:00-05:00,200.58999633789062,200.94000244140625,200.58999633789062,200.81500244140625,42608,0.0,0.0
2024-12-17 13:28:00-05:00,200.81500244140625,200.81500244140625,200.60000610351562,200.74000549316406,19265,0.0,0.0
2024-12-17 13:29:00-05:00,200.74000549316406,200.74000549316406,200.63999938964844,200.7100067138672,11845,0.0,0.0
2024-12-17 13:30:00-05:00,200.72999572753906,200.8300018310547,200.72000122070312,200.8300018310547,8126,0.0,0.0
2024-12-17 13:31:00-05:00,200.7899932861328,200.8695068359375,200.72000122070312,200.72999572753906,7806,0.0,0.0
2024-12-17 13:32:00-05:00,200.72999572753906,200.78500366210938,200.55999755859375,200.64500427246094,10169,0.0,0.0
2024-12-17 13:33:00-05:00,200.69500732421875,200.80999755859375,200.66000366210938,200.75,8011,0.0,0.0
2024-12-17 13:34:00-05:00,200.78500366210938,200.97999572753906,200.78500366210938,200.9199981689453,9928,0.0,0.0
2024-12-17 13:35:00-05:00,200.9499969482422,200.96499633789062,200.80999755859375,200.82000732421875,7626,0.0,0.0
2024-12-17 13:36:00-05:00,200.86500549316406,200.88999938964844,200.69000244140625,200.74000549316406,8909,0.0,0.0
2024-12-17 13:37:00-05:00,200.7100067138672,200.75,200.58999633789062,200.6199951171875,6483,0.0,0.0
2024-12-17 13:38:00-05:00,200.6649932861328,200.69439697265625,200.52000427246094,200.5399932861328,7698,0.0,0.0
2024-12-17 13:39:00-05:00,200.5,200.56500244140625,200.25030517578125,200.30999755859375,15816,0.0,0.0
2024-12-17 13:40:00-05:00,200.30999755859375,200.3699951171875,200.22000122070312,200.32000732421875,11820,0.0,0.0
2024-12-17 13:41:00-05:00,200.34689331054688,200.34689331054688,200.14999389648438,200.19000244140625,15135,0.0,0.0
2024-12-17 13:42:00-05:00,200.22000122070312,200.27999877929688,200.14999389648438,200.14999389648438,19239,0.0,0.0
2024-12-17 13:43:00-05:00,200.14999389648438,200.36000061035156,200.14999389648438,200.19500732421875,18274,0.0,0.0
2024-12-17 13:44:00-05:00,200.16000366210938,200.25,200.14999389648438,200.2050018310547,7571,0.0,0.0
2024-12-17 13:45:00-05:00,200.15499877929688,200.2899932861328,200.15499877929688,200.2899932861328,14614,0.0,0.0
2024-12-17 13:46:00-05:00,200.2899932861328,200.2899932861328,200.19000244140625,200.24000549316406,5238,0.0,0.0
2024-12-17 13:47:00-05:00,200.22500610351562,200.22500610351562,200.00999450683594,200.0989990234375,13005,0.0,0.0
2024-12-17 13:48:00-05:00,200.06869506835938,200.1300048828125,200.02000427246094,200.11000061035156,7982,0.0,0.0
2024-12-17 13:49:00-05:00,200.05999755859375,200.22999572753906,200.05999755859375,200.1824951171875,11950,0.0,0.0
2024-12-17 13:50:00-05:00,200.1999969482422,200.3800048828125,200.1999969482422,200.25999450683594,12942,0.0,0.0
2024-12-17 13:51:00-05:00,200.22000122070312,200.35499572753906,200.19000244140625,200.30999755859375,7167,0.0,0.0
2024-12-17 13:52:00-05:00,200.27999877929688,200.2989044189453,200.17999267578125,200.17999267578125,7998,0.0,0.0
2024-12-17 13:53:00-05:00,200.2552032470703,200.2552032470703,200.1699981689453,200.25,6564,0.0,0.0
2024-12-17 13:54:00-05:00,200.25999450683594,200.27999877929688,200.14999389648438,200.19090270996094,13324,0.0,0.0
2024-12-17 13:55:00-05:00,200.25,200.27279663085938,200.11000061035156,200.14999389648438,7790,0.0,0.0
2024-12-17 13:56:00-05:00,200.19000244140625,200.19000244140625,200.1199951171875,200.1199951171875,10519,0.0,0.0
2024-12-17 13:57:00-05:00,200.14500427246094,200.24000549316406,200.11000061035156,200.17999267578125,17973,0.0,0.0
2024-12-17 13:58:00-05:00,200.1649932861328,200.1999969482422,200.11000061035156,200.14999389648438,12803,0.0,0.0
2024-12-17 13:59:00-05:00,200.1750030517578,200.22999572753906,200.1300048828125,200.1999969482422,21902,0.0,0.0
2024-12-17 14:00:00-05:00,200.19000244140625,200.25999450683594,200.14999389648438,200.14999389648438,16437,0.0,0.0
2024-12-17 14:01:00-05:00,200.13999938964844,200.13999938964844,200.02999877929688,200.02999877929688,5619,0.0,0.0
2024-12-17 14:02:00-05:00,200.02999877929688,200.0399932861328,199.9539031982422,199.97999572753906,12627,0.0,0.0
2024-12-17 14:03:00-05:00,200.0,200.00999450683594,199.91470336914062,199.92999267578125,8669,0.0,0.0
2024-12-17 14:04:00-05:00,199.92050170898438,200.0500030517578,199.91000366210938,199.94000244140625,20443,0.0,0.0
2024-12-17 14:05:00-05:00,199.92999267578125,199.92999267578125,199.82000732421875,199.82000732421875,5594,0.0,0.0
2024-12-17 14:06:00-05:00,199.83999633789062,199.9550018310547,199.83999633789062,199.89999389648438,10313,0.0,0.0
2024-12-17 14:07:00-05:00,199.8800048828125,199.97000122070312,199.8800048828125,199.9199981689453,12000,0.0,0.0
2024-12-17 14:08:00-05:00,199.8800048828125,199.9600067138672,199.8800048828125,199.9499969482422,7297,0.0,0.0
2024-12-17 14:09:00-05:00,199.9499969482422,199.97000122070312,199.91000366210938,199.9199981689453,8454,0.0,0.0
2024-12-17 14:10:00-05:00,199.89999389648438,200.1699981689453,199.86000061035156,200.08999633789062,11626,0.0,0.0
2024-12-17 14:11:00-05:00,200.06500244140625,200.07000732421875,199.91000366210938,199.94500732421875,5046,0.0,0.0
2024-12-17 14:12:00-05:00,199.9499969482422,200.11000061035156,199.91000366210938,200.06500244140625,11148,0.0,0.0
2024-12-17 14:13:00-05:00,200.0800018310547,200.18499755859375,200.0625,200.18499755859375,6444,0.0,0.0
2024-12-17 14:14:00-05:00,200.16000366210938,200.1649932861328,200.0050048828125,200.0800018310547,16946,0.0,0.0
2024-12-17 14:15:00-05:00,200.0850067138672,200.08999633789062,199.95550537109375,199.97000122070312,8209,0.0,0.0
2024-12-17 14:16:00-05:00,199.98500061035156,200.22999572753906,199.9499969482422,200.21499633789062,18340,0.0,0.0
2024-12-17 14:17:00-05:00,200.231201171875,200.2698974609375,200.08999633789062,200.08999633789062,13755,0.0,0.0
2024-12-17 14:18:00-05:00,200.13999938964844,200.19000244140625,200.0500030517578,200.0500030517578,10171,0.0,0.0
2024-12-17 14:19:00-05:00,200.08999633789062,200.10159301757812,200.02000427246094,200.07000732421875,5876,0.0,0.0
2024-12-17 14:20:00-05:00,200.07000732421875,200.07000732421875,199.9499969482422,199.9600067138672,6284,0.0,0.0
2024-12-17 14:21:00-05:00,199.9600067138672,200.01730346679688,199.9499969482422,199.9499969482422,5973,0.0,0.0
2024-12-17 14:22:00-05:00,199.9499969482422,199.9499969482422,199.85000610351562,199.8800048828125,6491,0.0,0.0
2024-12-17 14:23:00-05:00,199.86000061035156,199.91000366210938,199.8000030517578,199.91000366210938,7583,0.0,0.0
2024-12-17 14:24:00-05:00,199.86000061035156,199.91000366210938,199.83999633789062,199.91000366210938,5195,0.0,0.0
2024-12-17 14:25:00-05:00,199.89999389648438,199.89999389648438,199.8000030517578,199.88999938964844,6582,0.0,0.0
2024-12-17 14:26:00-05:00,199.89999389648438,200.05999755859375,199.89999389648438,200.00999450683594,14032,0.0,0.0
2024-12-17 14:27:00-05:00,200.02000427246094,200.17999267578125,200.0,200.14999389648438,9474,0.0,0.0
2024-12-17 14:28:00-05:00,200.14999389648438,200.14999389648438,199.99000549316406,200.03500366210938,12654,0.0,0.0
2024-12-17 14:29:00-05:00,200.02999877929688,200.1300048828125,200.02999877929688,200.1300048828125,6790,0.0,0.0
2024-12-17 14:30:00-05:00,200.13816833496094,200.17149353027344,200.0800018310547,200.08999633789062,9294,0.0,0.0
2024-12-17 14:31:00-05:00,200.08999633789062,200.17999267578125,200.08999633789062,200.15499877929688,6262,0.0,0.0
2024-12-17 14:32:00-05:00,200.15499877929688,200.16000366210938,200.0126953125,200.02999877929688,6849,0.0,0.0
2024-12-17 14:33:00-05:00,200.0500030517578,200.13999938964844,200.0500030517578,200.11000061035156,6576,0.0,0.0
2024-12-17 14:34:00-05:00,200.1199951171875,200.14999389648438,200.0,200.07000732421875,6555,0.0,0.0
2024-12-17 14:35:00-05:00,200.0301055908203,200.0800018310547,200.02999877929688,200.0399932861328,4902,0.0,0.0
2024-12-17 14:36:00-05:00,200.0500030517578,200.05999755859375,200.00999450683594,200.0399932861328,9052,0.0,0.0
2024-12-17 14:37:00-05:00,200.0449981689453,200.16000366210938,200.0449981689453,200.16000366210938,9931,0.0,0.0
2024-12-17 14:38:00-05:00,200.1199951171875,200.1199951171875,200.07000732421875,200.0749969482422,5675,0.0,0.0
2024-12-17 14:39:00-05:00,200.08590698242188,200.14500427246094,200.06149291992188,200.13980102539062,8251,0.0,0.0
2024-12-17 14:40:00-05:00,200.14500427246094,200.3000030517578,200.14500427246094,200.3000030517578,11606,0.0,0.0
2024-12-17 14:41:00-05:00,200.2949981689453,200.3000030517578,200.1699981689453,200.17999267578125,10079,0.0,0.0
2024-12-17 14:42:00-05:00,200.13999938964844,200.24000549316406,200.13999938964844,200.17999267578125,9044,0.0,0.0
2024-12-17 14:43:00-05:00,200.22999572753906,200.24000549316406,200.1199951171875,200.1199951171875,6773,0.0,0.0
2024-12-17 14:44:00-05:00,200.1649932861328,200.24000549316406,200.1295928955078,200.17999267578125,10873,0.0,0.0
2024-12-17 14:45:00-05:00,200.17999267578125,200.2100067138672,200.02999877929688,200.07000732421875,7284,0.0,0.0
2024-12-17 14:46:00-05:00,200.02000427246094,200.0800018310547,199.9600067138672,200.0800018310547,11935,0.0,0.0
2024-12-17 14:47:00-05:00,200.06500244140625,200.06500244140625,200.02999877929688,200.02999877929688,3499,0.0,0.0
2024-12-17 14:48:00-05:00,200.02000427246094,200.05999755859375,200.0,200.0500030517578,5066,0.0,0.0
2024-12-17 14:49:00-05:00,200.0500030517578,200.1699981689453,200.02000427246094,200.1699981689453,12003,0.0,0.0
2024-12-17 14:50:00-05:00,200.1697998046875,200.25999450683594,200.16000366210938,200.25999450683594,9822,0.0,0.0
2024-12-17 14:51:00-05:00,200.2899932861328,200.37930297851562,200.27000427246094,200.3300018310547,30156,0.0,0.0
2024-12-17 14:52:00-05:00,200.3300018310547,200.38999938964844,200.27999877929688,200.3699951171875,15068,0.0,0.0
2024-12-17 14:53:00-05:00,200.3699951171875,200.39999389648438,200.25999450683594,200.28500366210938,17336,0.0,0.0
2024-12-17 14:54:00-05:00,200.27999877929688,200.39999389648438,200.25999450683594,200.3699951171875,8148,0.0,0.0
2024-12-17 14:55:00-05:00,200.38999938964844,200.4499969482422,200.3800048828125,200.44500732421875,7040,0.0,0.0
2024-12-17 14:56:00-05:00,200.44500732421875,200.47000122070312,200.39999389648438,200.46820068359375,8167,0.0,0.0
2024-12-17 14:57:00-05:00,200.48500061035156,200.50999450683594,200.4199981689453,200.4199981689453,10489,0.0,0.0
2024-12-17 14:58:00-05:00,200.4199981689453,200.43499755859375,200.35000610351562,200.39999389648438,8170,0.0,0.0
2024-12-17 14:59:00-05:00,200.39999389648438,200.42999267578125,200.25999450683594,200.27000427246094,15190,0.0,0.0
2024-12-17 15:00:00-05:00,200.28250122070312,200.30499267578125,200.17999267578125,200.2449951171875,15215,0.0,0.0
2024-12-17 15:01:00-05:00,200.27000427246094,200.35000610351562,200.26010131835938,200.35000610351562,9960,0.0,0.0
2024-12-17 15:02:00-05:00,200.3800048828125,200.42930603027344,200.27000427246094,200.28500366210938,9019,0.0,0.0
2024-12-17 15:03:00-05:00,200.2899932861328,200.33999633789062,200.2449951171875,200.30990600585938,6558,0.0,0.0
2024-12-17 15:04:00-05:00,200.22999572753906,200.22999572753906,200.1114959716797,200.14999389648438,6571,0.0,0.0
2024-12-17 15:05:00-05:00,200.17999267578125,200.28500366210938,200.17999267578125,200.2100067138672,6925,0.0,0.0
2024-12-17 15:06:00-05:00,200.22999572753906,200.24000549316406,200.13999938964844,200.15499877929688,10768,0.0,0.0
2024-12-17 15:07:00-05:00,200.1300048828125,200.16000366210938,200.0500030517578,200.0749969482422,8445,0.0,0.0
2024-12-17 15:08:00-05:00,200.0800018310547,200.14450073242188,200.07000732421875,200.125,5873,0.0,0.0
2024-12-17 15:09:00-05:00,200.125,200.139892578125,200.0500030517578,200.09500122070312,11229,0.0,0.0
2024-12-17 15:10:00-05:00,200.09500122070312,200.16140747070312,200.07000732421875,200.1199951171875,11396,0.0,0.0
2024-12-17 15:11:00-05:00,200.08999633789062,200.1199951171875,200.05909729003906,200.07000732421875,8544,0.0,0.0
2024-12-17 15:12:00-05:00,200.10000610351562,200.12989807128906,200.0399932861328,200.05499267578125,7033,0.0,0.0
2024-12-17 15:13:00-05:00,200.0399932861328,200.10000610351562,200.0399932861328,200.0399932861328,7635,0.0,0.0
2024-12-17 15:14:00-05:00,200.05999755859375,200.11000061035156,200.02999877929688,200.11000061035156,12280,0.0,0.0
2024-12-17 15:15:00-05:00,200.1199951171875,200.1300048828125,200.0749969482422,200.0749969482422,9522,0.0,0.0
2024-12-17 15:16:00-05:00,200.0500030517578,200.08999633789062,199.97999572753906,200.02000427246094,12215,0.0,0.0
2024-12-17 15:17:00-05:00,200.0500030517578,200.11990356445312,200.0500030517578,200.11990356445312,9820,0.0,0.0
2024-12-17 15:18:00-05:00,200.1199951171875,200.17999267578125,200.0800018310547,200.17999267578125,9365,0.0,0.0
2024-12-17 15:19:00-05:00,200.1999969482422,200.25,200.17999267578125,200.17999267578125,13008,0.0,0.0
2024-12-17 15:20:00-05:00,200.2100067138672,200.21710205078125,200.11000061035156,200.11500549316406,10030,0.0,0.0
2024-12-17 15:21:00-05:00,200.11500549316406,200.11500549316406,199.99000549316406,200.02999877929688,12298,0.0,0.0
2024-12-17 15:22:00-05:00,200.02000427246094,200.02000427246094,199.9051971435547,199.9250030517578,13450,0.0,0.0
2024-12-17 15:23:00-05:00,199.92999267578125,199.92999267578125,199.8300018310547,199.8699951171875,9922,0.0,0.0
2024-12-17 15:24:00-05:00,199.8699951171875,199.8699951171875,199.7158966064453,199.75,18758,0.0,0.0
2024-12-17 15:25:00-05:00,199.74009704589844,199.79989624023438,199.6999969482422,199.77000427246094,12997,0.0,0.0
2024-12-17 15:26:00-05:00,199.76499938964844,199.8000030517578,199.72000122070312,199.75,19728,0.0,0.0
2024-12-17 15:27:00-05:00,199.75,199.86000061035156,199.74000549316406,199.80999755859375,19390,0.0,0.0
2024-12-17 15:28:00-05:00,199.80999755859375,199.83929443359375,199.69000244140625,199.72999572753906,21442,0.0,0.0
2024-12-17 15:29:00-05:00,199.7471923828125,199.9499969482422,199.72999572753906,199.9320068359375,15503,0.0,0.0
2024-12-17 15:30:00-05:00,199.88999938964844,200.0500030517578,199.88999938964844,199.9499969482422,11132,0.0,0.0
2024-12-17 15:31:00-05:00,199.9499969482422,200.05999755859375,199.89500427246094,199.9199981689453,14114,0.0,0.0
2024-12-17 15:32:00-05:00,199.9199981689453,199.99000549316406,199.84500122070312,199.8699951171875,14582,0.0,0.0
2024-12-17 15:33:00-05:00,199.8759002685547,199.89999389648438,199.72500610351562,199.8159942626953,19129,0.0,0.0
2024-12-17 15:34:00-05:00,199.8300018310547,199.86000061035156,199.77000427246094,199.77000427246094,8703,0.0,0.0
2024-12-17 15:35:00-05:00,199.7899932861328,199.7899932861328,199.7100067138672,199.74000549316406,13835,0.0,0.0
2024-12-17 15:36:00-05:00,199.74000549316406,199.86000061035156,199.72000122070312,199.83999633789062,19461,0.0,0.0
2024-12-17 15:37:00-05:00,199.84500122070312,199.91990661621094,199.8000030517578,199.88499450683594,10166,0.0,0.0
2024-12-17 15:38:00-05:00,199.8800048828125,199.9600067138672,199.86000061035156,199.9600067138672,25864,0.0,0.0
2024-12-17 15:39:00-05:00,199.9499969482422,200.02999877929688,199.92999267578125,200.00999450683594,15828,0.0,0.0
2024-12-17 15:40:00-05:00,200.00999450683594,200.16000366210938,200.00999450683594,200.10000610351562,22596,0.0,0.0
2024-12-17 15:41:00-05:00,200.0800018310547,200.10000610351562,199.99000549316406,200.02000427246094,21243,0.0,0.0
2024-12-17 15:42:00-05:00,200.02499389648438,200.07000732421875,199.97500610351562,200.02999877929688,16339,0.0,0.0
2024-12-17 15:43:00-05:00,199.99249267578125,200.2899932861328,199.99249267578125,200.27999877929688,19920,0.0,0.0
2024-12-17 15:44:00-05:00,200.26849365234375,200.38999938964844,200.26849365234375,200.3699951171875,14903,0.0,0.0
2024-12-17 15:45:00-05:00,200.3699951171875,200.60000610351562,200.35000610351562,200.5399932861328,43861,0.0,0.0
2024-12-17 15:46:00-05:00,200.52999877929688,200.6300048828125,200.52000427246094,200.56500244140625,35809,0.0,0.0
2024-12-17 15:47:00-05:00,200.5500030517578,200.55999755859375,200.33999633789062,200.3800048828125,32789,0.0,0.0
2024-12-17 15:48:00-05:00,200.375,200.46499633789062,200.36000061035156,200.4250030517578,19978,0.0,0.0
2024-12-17 15:49:00-05:00,200.4250030517578,200.47000122070312,200.36000061035156,200.39999389648438,46440,0.0,0.0
2024-12-17 15:50:00-05:00,200.41000366210938,200.6999969482422,200.35000610351562,200.60000610351562,44264,0.0,0.0
2024-12-17 15:51:00-05:00,200.60000610351562,200.60000610351562,200.46499633789062,200.5399932861328,32312,0.0,0.0
2024-12-17 15:52:00-05:00,200.52000427246094,200.52000427246094,200.38499450683594,200.42999267578125,31874,0.0,0.0
2024-12-17 15:53:00-05:00,200.43499755859375,200.4600067138672,200.3699951171875,200.4600067138672,30288,0.0,0.0
2024-12-17 15:54:00-05:00,200.43499755859375,200.5749969482422,200.39999389648438,200.52000427246094,37100,0.0,0.0
2024-12-17 15:55:00-05:00,200.5500030517578,200.6699981689453,200.44000244140625,200.5800018310547,64400,0.0,0.0
2024-12-17 15:56:00-05:00,200.58999633789062,200.6300048828125,200.52000427246094,200.56500244140625,64675,0.0,0.0
2024-12-17 15:57:00-05:00,200.57000732421875,200.65989685058594,200.55999755859375,200.63999938964844,81470,0.0,0.0
2024-12-17 15:58:00-05:00,200.63999938964844,200.7899932861328,200.63999938964844,200.6750030517578,91130,0.0,0.0
2024-12-17 15:59:00-05:00,200.67999267578125,200.7899932861328,200.58999633789062,200.677001953125,167402,0.0,0.0
2024-12-17 16:00:00-05:00,200.66,200.85,200.41,200.66,800823,0.0,0.0
2024-12-17 16:01:00-05:00,200.66,200.73,200.66,200.73,0,0.0,0.0
2024-12-17 16:02:00-05:00,200.8699,200.87,200.66,200.85,0,0.0,0.0
2024-12-17 16:03:00-05:00,200.69,200.87,200.54,200.77,0,0.0,0.0
2024-12-17 16:04:00-05:00,200.66,200.87,200.66,200.87,0,0.0,0.0
2024-12-17 16:05:00-05:00,200.66,200.87,200.65,200.86,0,0.0,0.0
2024-12-17 16:06:00-05:00,200.85,200.87,200.85,200.86,0,0.0,0.0
2024-12-17 16:07:00-05:00,200.86,200.86,200.76,200.76,0,0.0,0.0
2024-12-17 16:08:00-05:00,200.78,200.78,200.74,200.78,0,0.0,0.0
2024-12-17 16:09:00-05:00,200.8,200.82,200.74,200.82,0,0.0,0.0
2024-12-17 16:10:00-05:00,200.84,200.87,200.75,200.75,0,0.0,0.0
2024-12-17 16:11:00-05:00,200.76,200.87,200.54,200.54,0,0.0,0.0
2024-12-17 16:12:00-05:00,200.75,200.75,200.56,200.56,0,0.0,0.0
2024-12-17 16:13:00-05:00,200.82,200.82,200.74,200.74,0,0.0,0.0
2024-12-17 16:14:00-05:00,200.75,200.75,200.61,200.74,0,0.0,0.0
2024-12-17 16:15:00-05:00,200.7,200.87,200.56,200.56,0,0.0,0.0
2024-12-17 16:16:00-05:00,200.59,200.87,200.59,200.67,0,0.0,0.0
2024-12-17 16:18:00-05:00,200.65,200.65,200.59,200.59,0,0.0,0.0
2024-12-17 16:19:00-05:00,200.62,200.62,200.62,200.62,0,0.0,0.0
2024-12-17 16:20:00-05:00,200.64,200.87,200.54,200.6,0,0.0,0.0
2024-12-17 16:21:00-05:00,200.66,200.87,200.54,200.54,0,0.0,0.0
2024-12-17 16:22:00-05:00,200.84,200.87,200.6,200.87,0,0.0,0.0
2024-12-17 16:23:00-05:00,200.84,200.84,200.78,200.78,0,0.0,0.0
2024-12-17 16:24:00-05:00,200.84,200.84,200.84,200.84,0,0.0,0.0
2024-12-17 16:25:00-05:00,200.54,200.84,200.54,200.84,0,0.0,0.0
2024-12-17 16:26:00-05:00,200.84,200.87,200.7,200.7,0,0.0,0.0
2024-12-17 16:27:00-05:00,200.84,200.84,200.77,200.77,0,0.0,0.0
2024-12-17 16:28:00-05:00,200.84,200.84,200.84,200.84,0,0.0,0.0
2024-12-17 16:29:00-05:00,200.83,200.84,200.83,200.84,0,0.0,0.0
2024-12-17 16:31:00-05:00,200.83,200.84,200.74,200.83,0,0.0,0.0
2024-12-17 16:32:00-05:00,200.84,201.0,200.84,200.84,0,0.0,0.0
2024-12-17 16:33:00-05:00,201.2,201.2,200.9989,201.03,0,0.0,0.0
2024-12-17 16:34:00-05:00,201.03,201.1099,201.0101,201.05,0,0.0,0.0
2024-12-17 16:35:00-05:00,201.08,201.08,200.99,201.05,0,0.0,0.0
2024-12-17 16:36:00-05:00,200.91,200.98,200.87,200.98,0,0.0,0.0
2024-12-17 16:37:00-05:00,200.84,200.84,200.84,200.84,0,0.0,0.0
2024-12-17 16:38:00-05:00,200.84,200.98,200.84,200.84,0,0.0,0.0
2024-12-17 16:39:00-05:00,200.88,200.88,200.88,200.88,0,0.0,0.0
2024-12-17 16:40:00-05:00,200.88,201.11,200.84,200.84,0,0.0,0.0
2024-12-17 16:41:00-05:00,201.01,201.01,201.01,201.01,0,0.0,0.0
2024-12-17 16:42:00-05:00,201.1099,201.1099,200.66,200.66,0,0.0,0.0
2024-12-17 16:44:00-05:00,200.97,200.99,200.843,200.99,0,0.0,0.0
2024-12-17 16:46:00-05:00,200.97,200.98,200.97,200.98,0,0.0,0.0
2024-12-17 16:47:00-05:00,200.97,201.0,200.88,200.88,0,0.0,0.0
2024-12-17 16:48:00-05:00,200.88,200.96,200.88,200.96,0,0.0,0.0
2024-12-17 16:49:00-05:00,200.96,201.0,200.96,201.0,0,0.0,0.0
2024-12-17 16:50:00-05:00,201.0,201.01,200.93,201.01,0,0.0,0.0
2024-12-17 16:51:00-05:00,201.0,201.0,200.88,200.88,0,0.0,0.0
2024-12-17 16:52:00-05:00,200.88,200.88,200.88,200.88,0,0.0,0.0
2024-12-17 16:53:00-05:00,200.92,201.0,200.88,200.99,0,0.0,0.0
2024-12-17 16:54:00-05:00,200.99,201.0,200.98,200.98,0,0.0,0.0
2024-12-17 16:55:00-05:00,201.0,201.0,201.0,201.0,0,0.0,0.0
2024-12-17 16:56:00-05:00,200.84,201.0,200.84,201.0,0,0.0,0.0
2024-12-17 16:57:00-05:00,201.0,201.0,200.91,200.91,0,0.0,0.0
2024-12-17 16:58:00-05:00,200.999,201.0,200.84,200.84,0,0.0,0.0
2024-12-17 16:59:00-05:00,200.84,200.91,200.84,200.91,0,0.0,0.0
2024-12-17 17:00:00-05:00,200.91,201.0,200.9,201.0,0,0.0,0.0
2024-12-17 17:01:00-05:00,200.996,201.0,200.84,201.0,0,0.0,0.0
2024-12-17 17:02:00-05:00,201.0,201.0,200.88,200.88,0,0.0,0.0
2024-12-17 17:03:00-05:00,200.89,200.89,200.84,200.84,0,0.0,0.0
2024-12-17 17:04:00-05:00,200.88,200.9,200.84,200.84,0,0.0,0.0
2024-12-17 17:05:00-05:00,200.9,201.0,200.9,201.0,0,0.0,0.0
2024-12-17 17:06:00-05:00,201.0,201.04,200.9999,201.02,0,0.0,0.0
2024-12-17 17:07:00-05:00,201.02,201.02,200.9,200.93,0,0.0,0.0
2024-12-17 17:08:00-05:00,200.91,201.0,200.91,201.0,0,0.0,0.0
2024-12-17 17:09:00-05:00,200.844,200.844,200.84,200.84,0,0.0,0.0
2024-12-17 17:10:00-05:00,200.98,200.98,200.98,200.98,0,0.0,0.0
2024-12-17 17:11:00-05:00,200.996,200.996,200.996,200.996,0,0.0,0.0
2024-12-17 17:12:00-05:00,200.97,201.0,200.96,200.96,0,0.0,0.0
2024-12-17 17:13:00-05:00,200.96,200.99,200.96,200.96,0,0.0,0.0
2024-12-17 17:14:00-05:00,200.96,200.96,200.96,200.96,0,0.0,0.0
2024-12-17 17:15:00-05:00,200.91,200.96,200.66,200.84,0,0.0,0.0
2024-12-17 17:16:00-05:00,200.96,200.96,200.91,200.91,0,0.0,0.0
2024-12-17 17:17:00-05:00,200.96,200.96,200.96,200.96,0,0.0,0.0
2024-12-17 17:18:00-05:00,200.95,200.95,200.95,200.95,0,0.0,0.0
2024-12-17 17:19:00-05:00,201.0,201.0,200.89,200.89,0,0.0,0.0
2024-12-17 17:20:00-05:00,200.91,200.95,200.91,200.95,0,0.0,0.0
2024-12-17 17:21:00-05:00,200.95,200.99,200.88,200.99,0,0.0,0.0
2024-12-17 17:22:00-05:00,200.99,200.99,200.99,200.99,0,0.0,0.0
2024-12-17 17:23:00-05:00,200.99,200.99,200.99,200.99,0,0.0,0.0
2024-12-17 17:24:00-05:00,200.93,200.93,200.92,200.92,0,0.0,0.0
2024-12-17 17:25:00-05:00,200.92,200.92,200.92,200.92,0,0.0,0.0
2024-12-17 17:26:00-05:00,200.99,201.03,200.97,201.03,0,0.0,0.0
2024-12-17 17:27:00-05:00,201.02,201.06,200.88,200.88,0,0.0,0.0
2024-12-17 17:28:00-05:00,200.99,200.99,200.99,200.99,0,0.0,0.0
2024-12-17 17:29:00-05:00,200.66,200.99,200.66,200.99,0,0.0,0.0
2024-12-17 17:30:00-05:00,201.0,201.0,200.7,200.7,0,0.0,0.0
2024-12-17 17:31:00-05:00,201.05,201.05,200.96,201.03,0,0.0,0.0
2024-12-17 17:32:00-05:00,201.0,201.06,200.97,200.97,0,0.0,0.0
2024-12-17 17:33:00-05:00,200.5,200.78,200.5,200.66,0,0.0,0.0
2024-12-17 17:34:00-05:00,200.97,200.97,200.97,200.97,0,0.0,0.0
2024-12-17 17:35:00-05:00,200.97,200.97,200.96,200.965,0,0.0,0.0
2024-12-17 17:36:00-05:00,201.06,201.06,201.06,201.06,0,0.0,0.0
2024-12-17 17:37:00-05:00,201.05,201.05,201.05,201.05,0,0.0,0.0
2024-12-17 17:38:00-05:00,200.96,201.0,200.96,200.98,0,0.0,0.0
2024-12-17 17:40:00-05:00,200.99,200.99,200.99,200.99,0,0.0,0.0
2024-12-17 17:41:00-05:00,200.89,200.94,200.89,200.94,0,0.0,0.0
2024-12-17 17:42:00-05:00,200.5,200.93,200.5,200.9,0,0.0,0.0
2024-12-17 17:43:00-05:00,200.9,200.9,200.84,200.84,0,0.0,0.0
2024-12-17 17:44:00-05:00,200.66,200.9,200.66,200.9,0,0.0,0.0
2024-12-17 17:45:00-05:00,200.88,201.06,200.88,201.06,0,0.0,0.0
2024-12-17 17:46:00-05:00,200.9,200.9,200.55,200.55,0,0.0,0.0
2024-12-17 17:47:00-05:00,200.9,200.9,200.55,200.55,0,0.0,0.0
2024-12-17 17:48:00-05:00,200.88,200.88,200.88,200.88,0,0.0,0.0
2024-12-17 17:49:00-05:00,200.88,200.88,200.88,200.88,0,0.0,0.0
2024-12-17 17:50:00-05:00,200.88,200.88,200.88,200.88,0,0.0,0.0
2024-12-17 17:52:00-05:00,201.0,201.0,200.84,200.84,0,0.0,0.0
2024-12-17 17:53:00-05:00,201.0,201.0,200.84,200.84,0,0.0,0.0
2024-12-17 17:54:00-05:00,201.0,201.0,200.84,201.0,0,0.0,0.0
2024-12-17 17:55:00-05:00,200.59,200.9,200.59,200.9,0,0.0,0.0
2024-12-17 17:57:00-05:00,200.89,200.9,200.85,200.85,0,0.0,0.0
2024-12-17 17:58:00-05:00,200.84,201.0,200.84,201.0,0,0.0,0.0
2024-12-17 17:59:00-05:00,201.0,201.0,200.59,200.85,0,0.0,0.0
2024-12-17 18:00:00-05:00,200.99,201.05,200.99,201.05,0,0.0,0.0
2024-12-17 18:01:00-05:00,200.99,201.06,200.99,201.06,0,0.0,0.0
2024-12-17 18:02:00-05:00,201.06,201.06,201.06,201.06,0,0.0,0.0
2024-12-17 18:03:00-05:00,201.0,201.08,201.0,201.0,0,0.0,0.0
2024-12-17 18:04:00-05:00,201.1,201.1,200.59,200.59,0,0.0,0.0
2024-12-17 18:05:00-05:00,200.59,200.66,200.5,200.66,0,0.0,0.0
2024-12-17 18:06:00-05:00,200.7999,200.7999,200.66,200.66,0,0.0,0.0
2024-12-17 18:07:00-05:00,200.51,200.79,200.2,200.68,0,0.0,0.0
2024-12-17 18:08:00-05:00,200.2,200.66,200.2,200.66,0,0.0,0.0
2024-12-17 18:09:00-05:00,200.65,200.65,200.0,200.0,0,0.0,0.0
2024-12-17 18:10:00-05:00,200.8,200.8,200.0,200.0,0,0.0,0.0
2024-12-17 18:11:00-05:00,200.2,200.31,200.2,200.2,0,0.0,0.0
2024-12-17 18:12:00-05:00,200.66,200.66,200.66,200.66,0,0.0,0.0
2024-12-17 18:14:00-05:00,200.33,200.6,200.33,200.6,0,0.0,0.0
2024-12-17 18:15:00-05:00,201.2,201.2,200.0,200.26,0,0.0,0.0
2024-12-17 18:16:00-05:00,200.3,200.59,200.3,200.59,0,0.0,0.0
2024-12-17 18:17:00-05:00,200.6,200.6,200.0077,200.3,0,0.0,0.0
2024-12-17 18:18:00-05:00,200.0,200.0,200.0,200.0,0,0.0,0.0
2024-12-17 18:19:00-05:00,200.2867,200.2867,200.2867,200.2867,0,0.0,0.0
2024-12-17 18:20:00-05:00,200.3,201.0,200.3,201.0,0,0.0,0.0
2024-12-17 18:22:00-05:00,200.49,200.5,200.49,200.5,0,0.0,0.0
2024-12-17 18:23:00-05:00,200.6,200.6,200.6,200.6,0,0.0,0.0
2024-12-17 18:24:00-05:00,200.4,200.59,200.4,200.59,0,0.0,0.0
2024-12-17 18:25:00-05:00,200.52,200.52,200.52,200.52,0,0.0,0.0
2024-12-17 18:26:00-05:00,200.02,200.96,200.02,200.96,0,0.0,0.0
2024-12-17 18:27:00-05:00,200.1965,200.3,200.1965,200.3,0,0.0,0.0
2024-12-17 18:28:00-05:00,200.96,200.96,200.6,200.6,0,0.0,0.0
2024-12-17 18:29:00-05:00,200.292,200.96,200.292,200.41,0,0.0,0.0
2024-12-17 18:31:00-05:00,200.6,200.6,200.02,200.02,0,0.0,0.0
2024-12-17 18:32:00-05:00,200.6,200.96,200.1326,200.42,0,0.0,0.0
2024-12-17 18:33:00-05:00,200.42,200.45,200.42,200.45,0,0.0,0.0
2024-12-17 18:34:00-05:00,200.2714,200.2714,200.2714,200.2714,0,0.0,0.0
2024-12-17 18:35:00-05:00,200.13,200.45,200.13,200.45,0,0.0,0.0
2024-12-17 18:36:00-05:00,200.5,200.65,200.5,200.65,0,0.0,0.0
2024-12-17 18:37:00-05:00,200.65,200.65,200.65,200.65,0,0.0,0.0
2024-12-17 18:38:00-05:00,200.63,200.63,200.14,200.14,0,0.0,0.0
2024-12-17 18:39:00-05:00,200.5,200.59,200.36,200.59,0,0.0,0.0
2024-12-17 18:40:00-05:00,200.6,200.6,200.6,200.6,0,0.0,0.0
2024-12-17 18:41:00-05:00,200.3,200.6,200.3,200.6,0,0.0,0.0
2024-12-17 18:42:00-05:00,200.45,200.45,200.45,200.45,0,0.0,0.0
2024-12-17 18:43:00-05:00,200.44,200.5,200.36,200.36,0,0.0,0.0
2024-12-17 18:44:00-05:00,200.45,200.6,200.45,200.6,0,0.0,0.0
2024-12-17 18:45:00-05:00,200.5,200.5,200.4,200.4,0,0.0,0.0
2024-12-17 18:46:00-05:00,200.4,200.4,200.14,200.14,0,0.0,0.0
2024-12-17 18:47:00-05:00,200.4,200.4,200.4,200.4,0,0.0,0.0
2024-12-17 18:48:00-05:00,200.59,200.59,200.14,200.14,0,0.0,0.0
2024-12-17 18:49:00-05:00,200.41,200.41,200.41,200.41,0,0.0,0.0
2024-12-17 18:50:00-05:00,200.14,200.6,200.14,200.6,0,0.0,0.0
2024-12-17 18:51:00-05:00,200.59,200.6,200.14,200.6,0,0.0,0.0
2024-12-17 18:52:00-05:00,200.59,200.59,200.48,200.48,0,0.0,0.0
2024-12-17 18:54:00-05:00,200.58,200.58,200.58,200.58,0,0.0,0.0
2024-12-17 18:55:00-05:00,200.58,200.58,200.58,200.58,0,0.0,0.0
2024-12-17 18:57:00-05:00,200.33,200.48,200.33,200.48,0,0.0,0.0
2024-12-17 18:58:00-05:00,200.6,200.6,200.3333,200.46,0,0.0,0.0
2024-12-17 18:59:00-05:00,200.5,200.5,200.5,200.5,0,0.0,0.0
2024-12-17 19:01:00-05:00,200.51,200.51,200.51,200.51,0,0.0,0.0
2024-12-17 19:02:00-05:00,200.51,200.6,200.51,200.6,0,0.0,0.0
2024-12-17 19:03:00-05:00,200.6,200.6,200.57,200.6,0,0.0,0.0
2024-12-17 19:04:00-05:00,200.6,200.6,200.6,200.6,0,0.0,0.0
2024-12-17 19:05:00-05:00,200.59,200.59,200.59,200.59,0,0.0,0.0
2024-12-17 19:06:00-05:00,200.59,201.0,200.59,200.6,0,0.0,0.0
2024-12-17 19:07:00-05:00,200.58,200.58,200.58,200.58,0,0.0,0.0
2024-12-17 19:08:00-05:00,200.59,200.59,200.59,200.59,0,0.0,0.0
2024-12-17 19:09:00-05:00,200.59,200.7792,200.59,200.7792,0,0.0,0.0
2024-12-17 19:10:00-05:00,201.2,201.2,201.2,201.2,0,0.0,0.0
2024-12-17 19:11:00-05:00,200.59,200.75,200.59,200.75,0,0.0,0.0
2024-12-17 19:12:00-05:00,200.75,200.75,200.6,200.6,0,0.0,0.0
2024-12-17 19:13:00-05:00,201.1,201.1,200.27,200.6125,0,0.0,0.0
2024-12-17 19:16:00-05:00,201.1,201.1,200.6,200.6,0,0.0,0.0
2024-12-17 19:17:00-05:00,200.85,201.1,200.71,201.1,0,0.0,0.0
2024-12-17 19:18:00-05:00,201.0,201.2,201.0,201.2,0,0.0,0.0
2024-12-17 19:19:00-05:00,200.6,201.2,200.6,200.66,0,0.0,0.0
2024-12-17 19:20:00-05:00,200.66,201.2,200.6,200.6,0,0.0,0.0
2024-12-17 19:21:00-05:00,200.99,200.99,200.99,200.99,0,0.0,0.0
2024-12-17 19:22:00-05:00,200.59,200.59,200.59,200.59,0,0.0,0.0
2024-12-17 19:23:00-05:00,200.6,200.9,200.59,200.59,0,0.0,0.0
2024-12-17 19:24:00-05:00,200.65,201.2,200.64,200.64,0,0.0,0.0
2024-12-17 19:25:00-05:00,200.27,200.65,200.27,200.65,0,0.0,0.0
2024-12-17 19:26:00-05:00,200.61,200.61,200.61,200.61,0,0.0,0.0
2024-12-17 19:27:00-05:00,200.6,200.6,200.6,200.6,0,0.0,0.0
2024-12-17 19:28:00-05:00,200.6,200.97,200.6,200.97,0,0.0,0.0
2024-12-17 19:29:00-05:00,200.74,200.828,200.74,200.828,0,0.0,0.0
2024-12-17 19:30:00-05:00,200.72,200.73,200.72,200.73,0,0.0,0.0
2024-12-17 19:31:00-05:00,200.73,200.83,200.73,200.83,0,0.0,0.0
2024-12-17 19:32:00-05:00,200.8,200.8,200.8,200.8,0,0.0,0.0
2024-12-17 19:33:00-05:00,200.88,200.9,200.88,200.9,0,0.0,0.0
2024-12-17 19:34:00-05:00,200.91,200.95,200.6581,200.6581,0,0.0,0.0
2024-12-17 19:35:00-05:00,200.83,200.95,200.55,200.9,0,0.0,0.0
2024-12-17 19:36:00-05:00,200.85,200.85,200.59,200.59,0,0.0,0.0
2024-12-17 19:37:00-05:00,200.8799,200.8799,200.8799,200.8799,0,0.0,0.0
2024-12-17 19:38:00-05:00,200.85,200.85,200.85,200.85,0,0.0,0.0
2024-12-17 19:39:00-05:00,200.85,200.87,200.85,200.87,0,0.0,0.0
2024-12-17 19:40:00-05:00,200.5,200.5,200.5,200.5,0,0.0,0.0
2024-12-17 19:41:00-05:00,200.88,200.88,200.5112,200.84,0,0.0,0.0
2024-12-17 19:42:00-05:00,200.74,200.74,200.5,200.5,0,0.0,0.0
2024-12-17 19:43:00-05:00,200.61,200.81,200.61,200.81,0,0.0,0.0
2024-12-17 19:44:00-05:00,200.79,200.8,200.79,200.8,0,0.0,0.0
2024-12-17 19:45:00-05:00,200.5001,200.8,200.5001,200.8,0,0.0,0.0
2024-12-17 19:47:00-05:00,200.78,200.78,200.78,200.78,0,0.0,0.0
2024-12-17 19:48:00-05:00,200.5,200.75,200.5,200.75,0,0.0,0.0
2024-12-17 19:50:00-05:00,200.75,200.75,200.73,200.73,0,0.0,0.0
2024-12-17 19:51:00-05:00,200.5,200.7,200.5,200.7,0,0.0,0.0
2024-12-17 19:52:00-05:00,200.7,200.7,200.7,200.7,0,0.0,0.0
2024-12-17 19:53:00-05:00,200.7,200.7,200.7,200.7,0,0.0,0.0
2024-12-17 19:54:00-05:00,200.5,200.66,200.5,200.66,0,0.0,0.0
2024-12-17 19:55:00-05:00,200.66,200.66,200.66,200.66,0,0.0,0.0
2024-12-17 19:56:00-05:00,200.7,200.7,200.55,200.55,0,0.0,0.0
2024-12-17 19:57:00-05:00,200.5,200.6,200.25,200.6,0,0.0,0.0
2024-12-17 19:58:00-05:00,200.59,200.59,200.59,200.59,0,0.0,0.0
2024-12-17 19:59:56-05:00,200.6,200.6,200.6,200.6,0,0.0,0.0
