time,Open,High,Low,Close,Volume,Dividends,Stock Splits
2024-12-09 04:00:00-05:00,202.26,204.25,202.26,203.25,0,0.0,0.0
2024-12-09 04:01:00-05:00,203.27,203.27,203.18,203.18,0,0.0,0.0
2024-12-09 04:02:00-05:00,203.41,203.46,202.7,203.3,0,0.0,0.0
2024-12-09 04:03:00-05:00,203.32,203.49,203.08,203.24,0,0.0,0.0
2024-12-09 04:04:00-05:00,203.23,203.65,203.23,203.65,0,0.0,0.0
2024-12-09 04:05:00-05:00,203.77,203.79,203.05,203.6,0,0.0,0.0
2024-12-09 04:06:00-05:00,203.59,203.6,203.21,203.49,0,0.0,0.0
2024-12-09 04:07:00-05:00,203.5,203.5,203.0,203.16,0,0.0,0.0
2024-12-09 04:08:00-05:00,203.0,203.18,202.75,202.89,0,0.0,0.0
2024-12-09 04:09:00-05:00,202.99,203.0,202.66,203.0,0,0.0,0.0
2024-12-09 04:10:00-05:00,202.78,202.98,202.78,202.83,0,0.0,0.0
2024-12-09 04:11:00-05:00,202.89,202.91,202.76,202.91,0,0.0,0.0
2024-12-09 04:12:00-05:00,202.8,202.88,202.78,202.84,0,0.0,0.0
2024-12-09 04:13:00-05:00,202.84,202.94,202.83,202.94,0,0.0,0.0
2024-12-09 04:14:00-05:00,202.9,202.97,202.85,202.89,0,0.0,0.0
2024-12-09 04:15:00-05:00,202.94,203.0,202.84,203.0,0,0.0,0.0
2024-12-09 04:16:00-05:00,202.99,203.0,202.98,202.98,0,0.0,0.0
2024-12-09 04:17:00-05:00,203.0,203.0,202.77,202.78,0,0.0,0.0
2024-12-09 04:18:00-05:00,202.73,202.87,202.73,202.74,0,0.0,0.0
2024-12-09 04:19:00-05:00,202.84,202.84,202.73,202.78,0,0.0,0.0
2024-12-09 04:20:00-05:00,202.74,202.77,202.64,202.64,0,0.0,0.0
2024-12-09 04:21:00-05:00,202.64,202.64,202.41,202.41,0,0.0,0.0
2024-12-09 04:22:00-05:00,202.42,202.56,200.79,201.29,0,0.0,0.0
2024-12-09 04:23:00-05:00,201.05,201.64,200.73,201.1,0,0.0,0.0
2024-12-09 04:24:00-05:00,201.0,201.63,200.75,201.29,0,0.0,0.0
2024-12-09 04:25:00-05:00,201.22,202.0,200.99,201.18,0,0.0,0.0
2024-12-09 04:26:00-05:00,201.18,201.87,201.18,201.22,0,0.0,0.0
2024-12-09 04:27:00-05:00,201.36,201.46,201.24,201.43,0,0.0,0.0
2024-12-09 04:28:00-05:00,201.65,201.66,200.6,200.73,0,0.0,0.0
2024-12-09 04:29:00-05:00,200.7,201.14,200.45,200.48,0,0.0,0.0
2024-12-09 04:30:00-05:00,200.67,200.84,200.67,200.75,0,0.0,0.0
2024-12-09 04:31:00-05:00,200.73,200.73,200.52,200.58,0,0.0,0.0
2024-12-09 04:32:00-05:00,200.68,200.71,200.5,200.64,0,0.0,0.0
2024-12-09 04:33:00-05:00,200.52,200.7,200.48,200.48,0,0.0,0.0
2024-12-09 04:34:00-05:00,200.63,200.71,200.5,200.65,0,0.0,0.0
2024-12-09 04:35:00-05:00,200.64,202.78,200.5,200.53,0,0.0,0.0
2024-12-09 04:36:00-05:00,200.65,201.8,200.53,201.27,0,0.0,0.0
2024-12-09 04:37:00-05:00,200.85,200.89,200.8,200.89,0,0.0,0.0
2024-12-09 04:38:00-05:00,200.85,200.89,200.67,200.67,0,0.0,0.0
2024-12-09 04:39:00-05:00,200.68,201.07,200.65,200.99,0,0.0,0.0
2024-12-09 04:40:00-05:00,201.03,201.1,200.76,200.78,0,0.0,0.0
2024-12-09 04:41:00-05:00,200.78,200.78,200.77,200.78,0,0.0,0.0
2024-12-09 04:42:00-05:00,200.8,200.97,200.77,200.97,0,0.0,0.0
2024-12-09 04:43:00-05:00,200.97,201.0,200.76,201.0,0,0.0,0.0
2024-12-09 04:44:00-05:00,201.1,201.17,200.97,201.17,0,0.0,0.0
2024-12-09 04:45:00-05:00,201.0,201.1,200.77,200.77,0,0.0,0.0
2024-12-09 04:46:00-05:00,200.78,200.95,200.78,200.9,0,0.0,0.0
2024-12-09 04:47:00-05:00,201.0,201.0,200.77,200.82,0,0.0,0.0
2024-12-09 04:48:00-05:00,200.77,200.78,200.77,200.77,0,0.0,0.0
2024-12-09 04:49:00-05:00,200.77,200.8,200.7,200.71,0,0.0,0.0
2024-12-09 04:50:00-05:00,200.71,200.71,200.7,200.71,0,0.0,0.0
2024-12-09 04:51:00-05:00,200.71,200.71,200.51,200.6,0,0.0,0.0
2024-12-09 04:52:00-05:00,200.67,200.7,200.61,200.7,0,0.0,0.0
2024-12-09 04:53:00-05:00,200.67,200.67,200.58,200.58,0,0.0,0.0
2024-12-09 04:54:00-05:00,200.61,200.61,200.61,200.61,0,0.0,0.0
2024-12-09 04:55:00-05:00,200.65,200.7,200.61,200.61,0,0.0,0.0
2024-12-09 04:56:00-05:00,200.68,200.69,200.6,200.62,0,0.0,0.0
2024-12-09 04:57:00-05:00,200.6,200.7,200.6,200.7,0,0.0,0.0
2024-12-09 04:58:00-05:00,200.7,200.76,200.62,200.62,0,0.0,0.0
2024-12-09 04:59:00-05:00,200.62,200.75,200.62,200.68,0,0.0,0.0
2024-12-09 05:00:00-05:00,200.67,200.71,200.63,200.64,0,0.0,0.0
2024-12-09 05:01:00-05:00,200.67,200.67,200.67,200.67,0,0.0,0.0
2024-12-09 05:02:00-05:00,200.65,200.74,200.65,200.74,0,0.0,0.0
2024-12-09 05:03:00-05:00,200.74,200.74,200.65,200.67,0,0.0,0.0
2024-12-09 05:04:00-05:00,200.67,200.85,200.66,200.67,0,0.0,0.0
2024-12-09 05:05:00-05:00,200.8,200.8,200.69,200.69,0,0.0,0.0
2024-12-09 05:06:00-05:00,200.72,200.91,200.7,200.87,0,0.0,0.0
2024-12-09 05:07:00-05:00,200.7,201.09,200.7,200.84,0,0.0,0.0
2024-12-09 05:08:00-05:00,200.97,200.97,200.72,200.72,0,0.0,0.0
2024-12-09 05:09:00-05:00,200.72,200.84,200.66,200.74,0,0.0,0.0
2024-12-09 05:10:00-05:00,200.68,200.84,200.67,200.84,0,0.0,0.0
2024-12-09 05:11:00-05:00,200.72,200.79,200.7,200.79,0,0.0,0.0
2024-12-09 05:12:00-05:00,200.79,200.88,200.71,200.88,0,0.0,0.0
2024-12-09 05:13:00-05:00,200.78,200.88,200.78,200.83,0,0.0,0.0
2024-12-09 05:14:00-05:00,200.8,200.93,200.8,200.93,0,0.0,0.0
2024-12-09 05:15:00-05:00,200.8,200.82,200.8,200.82,0,0.0,0.0
2024-12-09 05:16:00-05:00,200.91,200.91,200.8,200.87,0,0.0,0.0
2024-12-09 05:17:00-05:00,200.8,200.9,200.8,200.8,0,0.0,0.0
2024-12-09 05:18:00-05:00,200.87,200.87,200.68,200.75,0,0.0,0.0
2024-12-09 05:19:00-05:00,200.68,200.8,200.66,200.75,0,0.0,0.0
2024-12-09 05:20:00-05:00,200.81,200.82,200.78,200.81,0,0.0,0.0
2024-12-09 05:21:00-05:00,200.8,200.81,200.8,200.81,0,0.0,0.0
2024-12-09 05:22:00-05:00,200.93,201.06,200.8,200.8,0,0.0,0.0
2024-12-09 05:24:00-05:00,200.81,201.02,200.81,201.0,0,0.0,0.0
2024-12-09 05:25:00-05:00,201.0,201.0,200.81,200.94,0,0.0,0.0
2024-12-09 05:26:00-05:00,200.84,200.84,200.81,200.81,0,0.0,0.0
2024-12-09 05:27:00-05:00,200.93,200.98,200.8,200.95,0,0.0,0.0
2024-12-09 05:28:00-05:00,200.93,200.93,200.8,200.81,0,0.0,0.0
2024-12-09 05:29:00-05:00,200.94,200.96,200.69,200.95,0,0.0,0.0
2024-12-09 05:30:00-05:00,200.91,200.96,200.91,200.96,0,0.0,0.0
2024-12-09 05:31:00-05:00,200.93,200.96,200.93,200.96,0,0.0,0.0
2024-12-09 05:32:00-05:00,200.87,200.9,200.87,200.9,0,0.0,0.0
2024-12-09 05:33:00-05:00,200.92,201.0,200.75,200.81,0,0.0,0.0
2024-12-09 05:34:00-05:00,200.75,200.85,200.71,200.71,0,0.0,0.0
2024-12-09 05:35:00-05:00,200.87,200.87,200.72,200.81,0,0.0,0.0
2024-12-09 05:36:00-05:00,200.81,200.81,200.76,200.76,0,0.0,0.0
2024-12-09 05:37:00-05:00,200.89,200.89,200.76,200.76,0,0.0,0.0
2024-12-09 05:38:00-05:00,200.81,200.87,200.76,200.87,0,0.0,0.0
2024-12-09 05:39:00-05:00,200.81,200.81,200.75,200.81,0,0.0,0.0
2024-12-09 05:40:00-05:00,200.81,200.92,200.81,200.92,0,0.0,0.0
2024-12-09 05:41:00-05:00,200.88,200.88,200.88,200.88,0,0.0,0.0
2024-12-09 05:42:00-05:00,200.91,200.91,200.9,200.91,0,0.0,0.0
2024-12-09 05:43:00-05:00,200.91,200.91,200.81,200.89,0,0.0,0.0
2024-12-09 05:44:00-05:00,200.9,200.9,200.85,200.85,0,0.0,0.0
2024-12-09 05:45:00-05:00,200.85,200.85,200.6,200.64,0,0.0,0.0
2024-12-09 05:46:00-05:00,200.61,200.68,200.61,200.67,0,0.0,0.0
2024-12-09 05:47:00-05:00,200.67,200.78,200.66,200.78,0,0.0,0.0
2024-12-09 05:48:00-05:00,200.78,200.85,200.77,200.77,0,0.0,0.0
2024-12-09 05:49:00-05:00,200.78,200.81,200.64,200.81,0,0.0,0.0
2024-12-09 05:50:00-05:00,200.83,200.83,200.69,200.72,0,0.0,0.0
2024-12-09 05:51:00-05:00,200.68,200.87,200.68,200.87,0,0.0,0.0
2024-12-09 05:53:00-05:00,200.86,200.86,200.71,200.71,0,0.0,0.0
2024-12-09 05:54:00-05:00,200.7,200.83,200.7,200.77,0,0.0,0.0
2024-12-09 05:55:00-05:00,200.7,200.8,200.7,200.71,0,0.0,0.0
2024-12-09 05:56:00-05:00,200.7,200.85,200.64,200.85,0,0.0,0.0
2024-12-09 05:57:00-05:00,200.83,200.86,200.71,200.83,0,0.0,0.0
2024-12-09 05:58:00-05:00,200.72,200.77,200.72,200.77,0,0.0,0.0
2024-12-09 05:59:00-05:00,200.75,200.81,200.72,200.8,0,0.0,0.0
2024-12-09 06:00:00-05:00,200.8,200.8,200.71,200.8,0,0.0,0.0
2024-12-09 06:01:00-05:00,200.8,200.8,200.76,200.76,0,0.0,0.0
2024-12-09 06:02:00-05:00,200.79,200.87,200.75,200.75,0,0.0,0.0
2024-12-09 06:03:00-05:00,200.8,200.8,200.7,200.77,0,0.0,0.0
2024-12-09 06:04:00-05:00,200.77,200.77,200.77,200.77,0,0.0,0.0
2024-12-09 06:06:00-05:00,200.67,200.67,200.67,200.67,0,0.0,0.0
2024-12-09 06:07:00-05:00,200.68,200.72,200.68,200.7,0,0.0,0.0
2024-12-09 06:08:00-05:00,200.73,200.73,200.69,200.69,0,0.0,0.0
2024-12-09 06:09:00-05:00,200.7,200.74,200.69,200.74,0,0.0,0.0
2024-12-09 06:10:00-05:00,200.7,200.7,200.65,200.69,0,0.0,0.0
2024-12-09 06:11:00-05:00,200.68,200.69,200.65,200.69,0,0.0,0.0
2024-12-09 06:12:00-05:00,200.69,200.7,200.69,200.7,0,0.0,0.0
2024-12-09 06:13:00-05:00,200.7,200.77,200.67,200.73,0,0.0,0.0
2024-12-09 06:14:00-05:00,200.74,200.78,200.74,200.78,0,0.0,0.0
2024-12-09 06:15:00-05:00,200.77,200.77,200.75,200.75,0,0.0,0.0
2024-12-09 06:16:00-05:00,200.77,200.83,200.74,200.82,0,0.0,0.0
2024-12-09 06:17:00-05:00,200.81,200.82,200.81,200.82,0,0.0,0.0
2024-12-09 06:18:00-05:00,200.73,200.81,200.73,200.74,0,0.0,0.0
2024-12-09 06:19:00-05:00,200.74,200.79,200.73,200.74,0,0.0,0.0
2024-12-09 06:20:00-05:00,200.71,200.74,200.71,200.71,0,0.0,0.0
2024-12-09 06:21:00-05:00,200.74,200.74,200.71,200.71,0,0.0,0.0
2024-12-09 06:22:00-05:00,200.71,200.71,200.71,200.71,0,0.0,0.0
2024-12-09 06:23:00-05:00,200.7,200.83,200.7,200.83,0,0.0,0.0
2024-12-09 06:24:00-05:00,200.8,200.82,200.76,200.77,0,0.0,0.0
2024-12-09 06:25:00-05:00,200.8,200.8,200.72,200.72,0,0.0,0.0
2024-12-09 06:26:00-05:00,200.72,200.79,200.72,200.72,0,0.0,0.0
2024-12-09 06:27:00-05:00,200.82,200.85,200.74,200.74,0,0.0,0.0
2024-12-09 06:28:00-05:00,200.75,200.75,200.74,200.74,0,0.0,0.0
2024-12-09 06:29:00-05:00,200.79,200.79,200.74,200.74,0,0.0,0.0
2024-12-09 06:30:00-05:00,200.75,200.85,200.74,200.8,0,0.0,0.0
2024-12-09 06:31:00-05:00,200.83,200.83,200.73,200.74,0,0.0,0.0
2024-12-09 06:32:00-05:00,200.75,200.75,200.7,200.74,0,0.0,0.0
2024-12-09 06:33:00-05:00,200.75,200.88,200.75,200.78,0,0.0,0.0
2024-12-09 06:34:00-05:00,200.7,200.7,200.6,200.6,0,0.0,0.0
2024-12-09 06:35:00-05:00,200.63,200.74,200.52,200.74,0,0.0,0.0
2024-12-09 06:36:00-05:00,200.6,200.62,200.5,200.5,0,0.0,0.0
2024-12-09 06:37:00-05:00,200.45,200.59,200.21,200.27,0,0.0,0.0
2024-12-09 06:38:00-05:00,200.33,200.37,200.2,200.36,0,0.0,0.0
2024-12-09 06:39:00-05:00,200.34,200.42,200.34,200.41,0,0.0,0.0
2024-12-09 06:40:00-05:00,200.41,200.5,200.41,200.41,0,0.0,0.0
2024-12-09 06:41:00-05:00,200.46,200.57,200.41,200.49,0,0.0,0.0
2024-12-09 06:42:00-05:00,200.48,200.48,200.38,200.4,0,0.0,0.0
2024-12-09 06:43:00-05:00,200.37,200.39,200.21,200.28,0,0.0,0.0
2024-12-09 06:44:00-05:00,200.29,200.29,200.16,200.19,0,0.0,0.0
2024-12-09 06:45:00-05:00,200.19,200.47,200.19,200.45,0,0.0,0.0
2024-12-09 06:46:00-05:00,200.47,200.51,200.41,200.51,0,0.0,0.0
2024-12-09 06:47:00-05:00,200.5,200.57,200.4,200.44,0,0.0,0.0
2024-12-09 06:48:00-05:00,200.44,200.44,200.39,200.44,0,0.0,0.0
2024-12-09 06:49:00-05:00,200.41,200.5,200.41,200.49,0,0.0,0.0
2024-12-09 06:50:00-05:00,200.42,200.7,200.42,200.55,0,0.0,0.0
2024-12-09 06:51:00-05:00,200.6,200.65,200.57,200.65,0,0.0,0.0
2024-12-09 06:52:00-05:00,200.6,200.83,200.5,200.5,0,0.0,0.0
2024-12-09 06:53:00-05:00,200.49,200.55,200.45,200.45,0,0.0,0.0
2024-12-09 06:54:00-05:00,200.45,200.55,200.18,200.24,0,0.0,0.0
2024-12-09 06:55:00-05:00,200.2,200.26,200.2,200.24,0,0.0,0.0
2024-12-09 06:56:00-05:00,200.24,200.24,200.11,200.23,0,0.0,0.0
2024-12-09 06:57:00-05:00,200.24,200.39,200.2,200.25,0,0.0,0.0
2024-12-09 06:58:00-05:00,200.33,200.33,200.25,200.25,0,0.0,0.0
2024-12-09 06:59:00-05:00,200.25,200.38,200.25,200.31,0,0.0,0.0
2024-12-09 07:00:00-05:00,200.33,200.74,200.33,200.65,0,0.0,0.0
2024-12-09 07:01:00-05:00,200.6,200.6,200.5,200.52,0,0.0,0.0
2024-12-09 07:02:00-05:00,200.59,200.67,200.59,200.67,0,0.0,0.0
2024-12-09 07:03:00-05:00,200.67,200.74,200.6,200.67,0,0.0,0.0
2024-12-09 07:04:00-05:00,200.65,200.74,200.5,200.65,0,0.0,0.0
2024-12-09 07:05:00-05:00,200.73,200.74,200.55,200.74,0,0.0,0.0
2024-12-09 07:06:00-05:00,200.65,200.7,200.65,200.68,0,0.0,0.0
2024-12-09 07:07:00-05:00,200.7,200.7,200.68,200.69,0,0.0,0.0
2024-12-09 07:08:00-05:00,200.68,200.75,200.61,200.72,0,0.0,0.0
2024-12-09 07:09:00-05:00,200.68,200.68,200.67,200.67,0,0.0,0.0
2024-12-09 07:10:00-05:00,200.58,200.58,200.58,200.58,0,0.0,0.0
2024-12-09 07:11:00-05:00,200.63,200.63,200.6,200.62,0,0.0,0.0
2024-12-09 07:12:00-05:00,200.6,200.65,200.54,200.65,0,0.0,0.0
2024-12-09 07:13:00-05:00,200.55,200.59,200.52,200.59,0,0.0,0.0
2024-12-09 07:14:00-05:00,200.52,200.62,200.52,200.6,0,0.0,0.0
2024-12-09 07:15:00-05:00,200.63,200.64,200.6,200.61,0,0.0,0.0
2024-12-09 07:16:00-05:00,200.52,200.65,200.51,200.54,0,0.0,0.0
2024-12-09 07:17:00-05:00,200.52,200.52,200.47,200.5,0,0.0,0.0
2024-12-09 07:18:00-05:00,200.5,200.5,200.5,200.5,0,0.0,0.0
2024-12-09 07:19:00-05:00,200.5,200.59,200.49,200.5,0,0.0,0.0
2024-12-09 07:20:00-05:00,200.5,200.5,200.44,200.44,0,0.0,0.0
2024-12-09 07:21:00-05:00,200.44,200.48,200.4,200.43,0,0.0,0.0
2024-12-09 07:22:00-05:00,200.44,200.5,200.39,200.44,0,0.0,0.0
2024-12-09 07:23:00-05:00,200.42,200.5,200.36,200.42,0,0.0,0.0
2024-12-09 07:24:00-05:00,200.38,200.4,200.38,200.4,0,0.0,0.0
2024-12-09 07:25:00-05:00,200.4,200.4,200.38,200.38,0,0.0,0.0
2024-12-09 07:26:00-05:00,200.42,200.5,200.41,200.41,0,0.0,0.0
2024-12-09 07:27:00-05:00,200.42,200.42,200.38,200.38,0,0.0,0.0
2024-12-09 07:28:00-05:00,200.56,200.57,200.56,200.57,0,0.0,0.0
2024-12-09 07:29:00-05:00,200.5,200.57,200.45,200.57,0,0.0,0.0
2024-12-09 07:30:00-05:00,200.43,200.56,200.39,200.51,0,0.0,0.0
2024-12-09 07:31:00-05:00,200.52,200.54,200.41,200.41,0,0.0,0.0
2024-12-09 07:32:00-05:00,200.45,200.45,200.45,200.45,0,0.0,0.0
2024-12-09 07:33:00-05:00,200.4,200.4,200.38,200.4,0,0.0,0.0
2024-12-09 07:34:00-05:00,200.46,200.46,200.4,200.4,0,0.0,0.0
2024-12-09 07:35:00-05:00,200.45,200.5,200.45,200.46,0,0.0,0.0
2024-12-09 07:36:00-05:00,200.45,200.5,200.4,200.48,0,0.0,0.0
2024-12-09 07:37:00-05:00,200.45,200.48,200.38,200.38,0,0.0,0.0
2024-12-09 07:38:00-05:00,200.48,200.48,200.43,200.43,0,0.0,0.0
2024-12-09 07:39:00-05:00,200.49,200.5,200.4,200.48,0,0.0,0.0
2024-12-09 07:40:00-05:00,200.48,200.49,200.48,200.48,0,0.0,0.0
2024-12-09 07:41:00-05:00,200.44,200.48,200.38,200.48,0,0.0,0.0
2024-12-09 07:42:00-05:00,200.48,200.48,200.48,200.48,0,0.0,0.0
2024-12-09 07:43:00-05:00,200.45,200.48,200.38,200.38,0,0.0,0.0
2024-12-09 07:44:00-05:00,200.38,200.48,200.37,200.46,0,0.0,0.0
2024-12-09 07:45:00-05:00,200.47,200.47,200.45,200.45,0,0.0,0.0
2024-12-09 07:46:00-05:00,200.35,200.43,200.35,200.43,0,0.0,0.0
2024-12-09 07:47:00-05:00,200.37,200.37,200.36,200.36,0,0.0,0.0
2024-12-09 07:48:00-05:00,200.4,200.46,200.4,200.46,0,0.0,0.0
2024-12-09 07:49:00-05:00,200.46,200.47,200.43,200.43,0,0.0,0.0
2024-12-09 07:50:00-05:00,200.43,200.49,200.33,200.49,0,0.0,0.0
2024-12-09 07:51:00-05:00,200.49,200.5,200.49,200.5,0,0.0,0.0
2024-12-09 07:52:00-05:00,200.5,200.5,200.49,200.49,0,0.0,0.0
2024-12-09 07:53:00-05:00,200.49,200.49,200.44,200.44,0,0.0,0.0
2024-12-09 07:54:00-05:00,200.45,200.5,200.45,200.5,0,0.0,0.0
2024-12-09 07:55:00-05:00,200.5,200.5,200.37,200.37,0,0.0,0.0
2024-12-09 07:56:00-05:00,200.38,200.38,200.26,200.35,0,0.0,0.0
2024-12-09 07:57:00-05:00,200.44,200.44,200.34,200.41,0,0.0,0.0
2024-12-09 07:58:00-05:00,200.37,200.5,200.31,200.4,0,0.0,0.0
2024-12-09 07:59:00-05:00,200.47,200.48,200.34,200.4,0,0.0,0.0
2024-12-09 08:00:00-05:00,203.2005,205.4688,200.1,203.25,0,0.0,0.0
2024-12-09 08:01:00-05:00,200.8773,204.0,200.2209,203.6,0,0.0,0.0
2024-12-09 08:02:00-05:00,200.5,204.0,200.34,200.43,0,0.0,0.0
2024-12-09 08:03:00-05:00,200.46,200.46,200.35,200.39,0,0.0,0.0
2024-12-09 08:04:00-05:00,200.39,200.43,200.37,200.37,0,0.0,0.0
2024-12-09 08:05:00-05:00,200.37,200.38,200.34,200.36,0,0.0,0.0
2024-12-09 08:06:00-05:00,200.37,200.37,200.31,200.34,0,0.0,0.0
2024-12-09 08:07:00-05:00,200.35,200.37,200.33,200.35,0,0.0,0.0
2024-12-09 08:08:00-05:00,200.35,200.39,200.35,200.37,0,0.0,0.0
2024-12-09 08:09:00-05:00,200.35,200.39,200.33,200.34,0,0.0,0.0
2024-12-09 08:10:00-05:00,200.38,200.39,200.31,200.34,0,0.0,0.0
2024-12-09 08:11:00-05:00,200.31,200.33,200.25,200.25,0,0.0,0.0
2024-12-09 08:12:00-05:00,200.28,200.3,200.23,200.25,0,0.0,0.0
2024-12-09 08:13:00-05:00,200.23,200.23,200.08,200.15,0,0.0,0.0
2024-12-09 08:14:00-05:00,200.11,200.25,200.07,200.07,0,0.0,0.0
2024-12-09 08:15:00-05:00,200.08,200.1,200.06,200.1,0,0.0,0.0
2024-12-09 08:16:00-05:00,200.1,200.1,200.08,200.08,0,0.0,0.0
2024-12-09 08:17:00-05:00,200.08,200.2,200.07,200.1,0,0.0,0.0
2024-12-09 08:18:00-05:00,200.1,200.37,200.07,200.3,0,0.0,0.0
2024-12-09 08:19:00-05:00,200.25,200.38,200.25,200.37,0,0.0,0.0
2024-12-09 08:20:00-05:00,200.36,200.43,200.35,200.43,0,0.0,0.0
2024-12-09 08:21:00-05:00,200.5,200.5,200.35,200.35,0,0.0,0.0
2024-12-09 08:22:00-05:00,200.53,200.55,200.355,200.49,0,0.0,0.0
2024-12-09 08:23:00-05:00,200.35,200.55,200.35,200.37,0,0.0,0.0
2024-12-09 08:24:00-05:00,200.41,200.55,200.35,200.39,0,0.0,0.0
2024-12-09 08:25:00-05:00,200.35,200.4,200.35,200.379,0,0.0,0.0
2024-12-09 08:26:00-05:00,200.394,200.4,200.36,200.36,0,0.0,0.0
2024-12-09 08:27:00-05:00,200.37,200.4,200.3505,200.351,0,0.0,0.0
2024-12-09 08:28:00-05:00,200.394,200.4,200.35,200.4,0,0.0,0.0
2024-12-09 08:29:00-05:00,200.37,200.41,200.3523,200.36,0,0.0,0.0
2024-12-09 08:30:00-05:00,200.39,200.4,200.35,200.36,0,0.0,0.0
2024-12-09 08:31:00-05:00,200.39,200.5,200.35,200.38,0,0.0,0.0
2024-12-09 08:32:00-05:00,200.36,200.3988,200.35,200.37,0,0.0,0.0
2024-12-09 08:33:00-05:00,200.36,200.4,200.0,200.02,0,0.0,0.0
2024-12-09 08:34:00-05:00,200.12,200.18,200.0572,200.06,0,0.0,0.0
2024-12-09 08:35:00-05:00,200.06,200.11,200.06,200.07,0,0.0,0.0
2024-12-09 08:36:00-05:00,200.1,200.14,200.07,200.1,0,0.0,0.0
2024-12-09 08:37:00-05:00,200.1,200.12,200.06,200.101,0,0.0,0.0
2024-12-09 08:38:00-05:00,200.15,200.189,200.059,200.14,0,0.0,0.0
2024-12-09 08:39:00-05:00,200.14,200.3986,200.14,200.25,0,0.0,0.0
2024-12-09 08:40:00-05:00,200.3,200.4262,200.25,200.4262,0,0.0,0.0
2024-12-09 08:41:00-05:00,200.3001,200.5,200.3,200.46,0,0.0,0.0
2024-12-09 08:42:00-05:00,200.46,200.5,200.36,200.439,0,0.0,0.0
2024-12-09 08:43:00-05:00,200.35,200.5,200.31,200.33,0,0.0,0.0
2024-12-09 08:44:00-05:00,200.31,200.5,200.3,200.37,0,0.0,0.0
2024-12-09 08:45:00-05:00,200.37,200.49,200.31,200.49,0,0.0,0.0
2024-12-09 08:46:00-05:00,200.4,200.49,200.32,200.32,0,0.0,0.0
2024-12-09 08:47:00-05:00,200.46,200.4992,200.32,200.4992,0,0.0,0.0
2024-12-09 08:48:00-05:00,200.3208,200.5,200.25,200.25,0,0.0,0.0
2024-12-09 08:49:00-05:00,200.25,200.34,200.2,200.3,0,0.0,0.0
2024-12-09 08:50:00-05:00,200.29,200.4,200.25,200.4,0,0.0,0.0
2024-12-09 08:51:00-05:00,200.37,200.55,200.35,200.42,0,0.0,0.0
2024-12-09 08:52:00-05:00,200.36,200.55,200.36,200.43,0,0.0,0.0
2024-12-09 08:53:00-05:00,200.6,200.6,200.4,200.45,0,0.0,0.0
2024-12-09 08:54:00-05:00,200.46,200.5,200.35,200.35,0,0.0,0.0
2024-12-09 08:55:00-05:00,200.35,200.35,200.35,200.35,0,0.0,0.0
2024-12-09 08:56:00-05:00,200.35,200.49,200.35,200.49,0,0.0,0.0
2024-12-09 08:57:00-05:00,200.49,200.6,200.41,200.41,0,0.0,0.0
2024-12-09 08:58:00-05:00,200.42,200.6,200.18,200.22,0,0.0,0.0
2024-12-09 08:59:00-05:00,200.22,200.33,200.2,200.28,0,0.0,0.0
2024-12-09 09:00:00-05:00,200.2,200.34,200.2,200.31,0,0.0,0.0
2024-12-09 09:01:00-05:00,200.39,200.5,200.26,200.32,0,0.0,0.0
2024-12-09 09:02:00-05:00,200.25,200.38,200.25,200.37,0,0.0,0.0
2024-12-09 09:03:00-05:00,200.32,200.38,200.25,200.25,0,0.0,0.0
2024-12-09 09:04:00-05:00,200.26,200.42,200.26,200.37,0,0.0,0.0
2024-12-09 09:05:00-05:00,200.27,200.56,200.25,200.56,0,0.0,0.0
2024-12-09 09:06:00-05:00,200.54,200.6,200.35,200.6,0,0.0,0.0
2024-12-09 09:07:00-05:00,200.43,200.56,200.25,200.56,0,0.0,0.0
2024-12-09 09:08:00-05:00,200.56,200.56,200.266,200.41,0,0.0,0.0
2024-12-09 09:09:00-05:00,200.34,200.42,200.25,200.42,0,0.0,0.0
2024-12-09 09:10:00-05:00,200.38,200.4,200.38,200.38,0,0.0,0.0
2024-12-09 09:11:00-05:00,200.4001,200.51,200.37,200.4009,0,0.0,0.0
2024-12-09 09:12:00-05:00,200.42,200.55,200.34,200.55,0,0.0,0.0
2024-12-09 09:13:00-05:00,200.25,200.5,200.25,200.49,0,0.0,0.0
2024-12-09 09:14:00-05:00,200.45,200.49,200.34,200.36,0,0.0,0.0
2024-12-09 09:30:00-05:00,200.92999267578125,201.0800018310547,199.80999755859375,200.4499969482422,919140,0.0,0.0
2024-12-09 09:31:00-05:00,200.38999938964844,200.5,200.0,200.4199981689453,42954,0.0,0.0
2024-12-09 09:32:00-05:00,200.33999633789062,200.7451934814453,199.80999755859375,200.0,50345,0.0,0.0
2024-12-09 09:33:00-05:00,200.02999877929688,200.30990600585938,199.6999969482422,199.8699951171875,49304,0.0,0.0
2024-12-09 09:34:00-05:00,199.8699951171875,199.8800048828125,199.46009826660156,199.58999633789062,82521,0.0,0.0
2024-12-09 09:35:00-05:00,199.50999450683594,199.6300048828125,199.3000030517578,199.4600067138672,47153,0.0,0.0
2024-12-09 09:36:00-05:00,199.4499969482422,199.77099609375,199.16000366210938,199.77000427246094,56074,0.0,0.0
2024-12-09 09:37:00-05:00,199.75999450683594,199.9600067138672,199.66000366210938,199.77499389648438,36642,0.0,0.0
2024-12-09 09:38:00-05:00,199.75,200.29989624023438,199.6699981689453,200.10499572753906,41187,0.0,0.0
2024-12-09 09:39:00-05:00,200.0500030517578,200.27000427246094,199.86000061035156,199.90499877929688,46011,0.0,0.0
2024-12-09 09:40:00-05:00,199.92999267578125,200.3000030517578,199.8993377685547,200.1750030517578,38836,0.0,0.0
2024-12-09 09:41:00-05:00,200.2899932861328,200.74000549316406,200.1905059814453,200.39500427246094,38882,0.0,0.0
2024-12-09 09:42:00-05:00,200.39500427246094,200.6116943359375,200.25,200.3699951171875,59118,0.0,0.0
2024-12-09 09:43:00-05:00,200.42999267578125,200.79989624023438,200.33999633789062,200.7899932861328,32147,0.0,0.0
2024-12-09 09:44:00-05:00,200.7899932861328,200.83999633789062,200.27000427246094,200.4499969482422,55308,0.0,0.0
2024-12-09 09:45:00-05:00,200.4499969482422,201.1199951171875,200.43499755859375,201.0,49969,0.0,0.0
2024-12-09 09:46:00-05:00,201.0500030517578,201.27999877929688,200.97999572753906,201.02000427246094,27951,0.0,0.0
2024-12-09 09:47:00-05:00,201.02000427246094,201.08999633789062,200.8699951171875,200.9499969482422,21336,0.0,0.0
2024-12-09 09:48:00-05:00,200.9499969482422,201.3300018310547,200.8699951171875,201.14999389648438,42715,0.0,0.0
2024-12-09 09:49:00-05:00,201.15789794921875,201.1999969482422,201.00010681152344,201.18499755859375,20949,0.0,0.0
2024-12-09 09:50:00-05:00,201.22000122070312,201.38999938964844,201.15460205078125,201.2100067138672,30175,0.0,0.0
2024-12-09 09:51:00-05:00,201.2147979736328,201.4499969482422,201.0800018310547,201.3800048828125,22914,0.0,0.0
2024-12-09 09:52:00-05:00,201.41000366210938,201.8699951171875,201.35000610351562,201.82000732421875,42215,0.0,0.0
2024-12-09 09:53:00-05:00,201.8249969482422,201.97000122070312,201.77000427246094,201.9600067138672,29255,0.0,0.0
2024-12-09 09:54:00-05:00,201.9600067138672,202.38250732421875,201.94000244140625,202.32000732421875,75125,0.0,0.0
2024-12-09 09:55:00-05:00,202.3300018310547,202.618896484375,202.32000732421875,202.47000122070312,37478,0.0,0.0
2024-12-09 09:56:00-05:00,202.44000244140625,202.47000122070312,202.11000061035156,202.1699981689453,18251,0.0,0.0
2024-12-09 09:57:00-05:00,202.1699981689453,202.25,202.0800018310547,202.13999938964844,20848,0.0,0.0
2024-12-09 09:58:00-05:00,202.1300048828125,202.32000732421875,202.11000061035156,202.31500244140625,18760,0.0,0.0
2024-12-09 09:59:00-05:00,202.31500244140625,202.47999572753906,202.25999450683594,202.38999938964844,17190,0.0,0.0
2024-12-09 10:00:00-05:00,202.3300018310547,202.6699981689453,202.27999877929688,202.64999389648438,29985,0.0,0.0
2024-12-09 10:01:00-05:00,202.64999389648438,203.125,202.5500946044922,203.05999755859375,59642,0.0,0.0
2024-12-09 10:02:00-05:00,203.02999877929688,203.0800018310547,202.4600067138672,202.5850067138672,28964,0.0,0.0
2024-12-09 10:03:00-05:00,202.610107421875,202.74000549316406,202.5399932861328,202.5399932861328,22996,0.0,0.0
2024-12-09 10:04:00-05:00,202.6199951171875,202.9499969482422,202.58999633789062,202.88999938964844,12964,0.0,0.0
2024-12-09 10:05:00-05:00,202.88999938964844,202.91990661621094,202.5800018310547,202.5800018310547,19986,0.0,0.0
2024-12-09 10:06:00-05:00,202.55999755859375,202.69000244140625,202.52999877929688,202.58999633789062,9107,0.0,0.0
2024-12-09 10:07:00-05:00,202.5706024169922,202.7333984375,202.5399932861328,202.5399932861328,14437,0.0,0.0
2024-12-09 10:08:00-05:00,202.5,202.6300048828125,202.44000244140625,202.5449981689453,20112,0.0,0.0
2024-12-09 10:09:00-05:00,202.5,202.89999389648438,202.44009399414062,202.83999633789062,17689,0.0,0.0
2024-12-09 10:10:00-05:00,202.8739471435547,202.94000244140625,202.8300018310547,202.94000244140625,25400,0.0,0.0
2024-12-09 10:11:00-05:00,202.89500427246094,203.10000610351562,202.5153045654297,202.58999633789062,25953,0.0,0.0
2024-12-09 10:12:00-05:00,202.61000061035156,202.64999389648438,202.2899932861328,202.50579833984375,15626,0.0,0.0
2024-12-09 10:13:00-05:00,202.52999877929688,202.6199951171875,202.36000061035156,202.4499969482422,14042,0.0,0.0
2024-12-09 10:14:00-05:00,202.41000366210938,202.4199981689453,202.22999572753906,202.22999572753906,8532,0.0,0.0
2024-12-09 10:15:00-05:00,202.24000549316406,202.27000427246094,202.05209350585938,202.13980102539062,18288,0.0,0.0
2024-12-09 10:16:00-05:00,202.08999633789062,202.13999938964844,202.02000427246094,202.02000427246094,15725,0.0,0.0
2024-12-09 10:17:00-05:00,202.02000427246094,202.0399932861328,201.86000061035156,201.9499969482422,30901,0.0,0.0
2024-12-09 10:18:00-05:00,201.9409942626953,202.00999450683594,201.8249969482422,201.89999389648438,34746,0.0,0.0
2024-12-09 10:19:00-05:00,201.8699951171875,202.0500030517578,201.8000030517578,201.99000549316406,39038,0.0,0.0
2024-12-09 10:20:00-05:00,201.9600067138672,201.97999572753906,201.7288055419922,201.7288055419922,21695,0.0,0.0
2024-12-09 10:21:00-05:00,201.75,202.0050048828125,201.6699981689453,201.8311004638672,24976,0.0,0.0
2024-12-09 10:22:00-05:00,201.90069580078125,201.97999572753906,201.83999633789062,201.9600067138672,10075,0.0,0.0
2024-12-09 10:23:00-05:00,201.9600067138672,202.0894012451172,201.625,201.63479614257812,35081,0.0,0.0
2024-12-09 10:24:00-05:00,201.66000366210938,201.77999877929688,201.6199951171875,201.66000366210938,15148,0.0,0.0
2024-12-09 10:25:00-05:00,201.64999389648438,201.69000244140625,201.5,201.5399932861328,55382,0.0,0.0
2024-12-09 10:26:00-05:00,201.58999633789062,201.79949951171875,201.55999755859375,201.69000244140625,14318,0.0,0.0
2024-12-09 10:27:00-05:00,201.66000366210938,201.7899932861328,201.53460693359375,201.66729736328125,11119,0.0,0.0
2024-12-09 10:28:00-05:00,201.72000122070312,201.72000122070312,201.3074951171875,201.3300018310547,24122,0.0,0.0
2024-12-09 10:29:00-05:00,201.35000610351562,201.50999450683594,201.1999969482422,201.30999755859375,31137,0.0,0.0
2024-12-09 10:30:00-05:00,201.27000427246094,201.66000366210938,201.27000427246094,201.44500732421875,14887,0.0,0.0
2024-12-09 10:31:00-05:00,201.47999572753906,201.60000610351562,201.47000122070312,201.51499938964844,20556,0.0,0.0
2024-12-09 10:32:00-05:00,201.52999877929688,201.6999969482422,201.49000549316406,201.5102996826172,15795,0.0,0.0
2024-12-09 10:33:00-05:00,201.5500030517578,201.5500030517578,201.17999267578125,201.24000549316406,19488,0.0,0.0
2024-12-09 10:34:00-05:00,201.24000549316406,201.30999755859375,201.02000427246094,201.05999755859375,12618,0.0,0.0
2024-12-09 10:35:00-05:00,201.0294952392578,201.0399932861328,200.6300048828125,200.66079711914062,40204,0.0,0.0
2024-12-09 10:36:00-05:00,200.66000366210938,200.75,200.55499267578125,200.62460327148438,24685,0.0,0.0
2024-12-09 10:37:00-05:00,200.60499572753906,200.63999938964844,200.39999389648438,200.4499969482422,21215,0.0,0.0
2024-12-09 10:38:00-05:00,200.44500732421875,200.52999877929688,200.2100067138672,200.27999877929688,21124,0.0,0.0
2024-12-09 10:39:00-05:00,200.2449951171875,200.47000122070312,200.16000366210938,200.4698944091797,18712,0.0,0.0
2024-12-09 10:40:00-05:00,200.47000122070312,200.58999633789062,200.42599487304688,200.58999633789062,10120,0.0,0.0
2024-12-09 10:41:00-05:00,200.6199951171875,200.94500732421875,200.6199951171875,200.94500732421875,21069,0.0,0.0
2024-12-09 10:42:00-05:00,200.9499969482422,201.07000732421875,200.85000610351562,201.0399932861328,30136,0.0,0.0
2024-12-09 10:43:00-05:00,201.0399932861328,201.22000122070312,200.99000549316406,201.14010620117188,16690,0.0,0.0
2024-12-09 10:44:00-05:00,201.14999389648438,201.41000366210938,201.11000061035156,201.35499572753906,26080,0.0,0.0
2024-12-09 10:45:00-05:00,201.30999755859375,201.5,201.3000030517578,201.38999938964844,24649,0.0,0.0
2024-12-09 10:46:00-05:00,201.38999938964844,201.4499969482422,201.10000610351562,201.10000610351562,18919,0.0,0.0
2024-12-09 10:47:00-05:00,201.08999633789062,201.1300048828125,201.0395050048828,201.0500030517578,8399,0.0,0.0
2024-12-09 10:48:00-05:00,201.0500030517578,201.07000732421875,200.8350067138672,200.88999938964844,18797,0.0,0.0
2024-12-09 10:49:00-05:00,200.88999938964844,200.97000122070312,200.69000244140625,200.69000244140625,17360,0.0,0.0
2024-12-09 10:50:00-05:00,200.69039916992188,200.76339721679688,200.6605987548828,200.72999572753906,6108,0.0,0.0
2024-12-09 10:51:00-05:00,200.8000030517578,200.8699951171875,200.74000549316406,200.75,15333,0.0,0.0
2024-12-09 10:52:00-05:00,200.75889587402344,200.7899932861328,200.47999572753906,200.50999450683594,15863,0.0,0.0
2024-12-09 10:53:00-05:00,200.53500366210938,200.61500549316406,200.4600067138672,200.5800018310547,14563,0.0,0.0
2024-12-09 10:54:00-05:00,200.5500030517578,200.6300048828125,200.42999267578125,200.49000549316406,52412,0.0,0.0
2024-12-09 10:55:00-05:00,200.47999572753906,200.6300048828125,200.30999755859375,200.30999755859375,13581,0.0,0.0
2024-12-09 10:56:00-05:00,200.3350067138672,200.3800048828125,200.1699981689453,200.3300018310547,33883,0.0,0.0
2024-12-09 10:57:00-05:00,200.32000732421875,200.32000732421875,200.22000122070312,200.30999755859375,12326,0.0,0.0
2024-12-09 10:58:00-05:00,200.33999633789062,200.42990112304688,200.24000549316406,200.32000732421875,18702,0.0,0.0
2024-12-09 11:01:00-05:00,200.6199951171875,200.8300018310547,200.40499877929688,200.40499877929688,42884,0.0,0.0
2024-12-09 11:02:00-05:00,200.4149932861328,200.49000549316406,200.25070190429688,200.27000427246094,17444,0.0,0.0
2024-12-09 11:03:00-05:00,200.27000427246094,200.27000427246094,200.0800018310547,200.0814971923828,21853,0.0,0.0
2024-12-09 11:04:00-05:00,200.11000061035156,200.1999969482422,199.97000122070312,199.99000549316406,50587,0.0,0.0
2024-12-09 11:05:00-05:00,200.0,200.1999969482422,200.0,200.05999755859375,24714,0.0,0.0
2024-12-09 11:06:00-05:00,200.0500030517578,200.11000061035156,199.8300018310547,199.8300018310547,30328,0.0,0.0
2024-12-09 11:07:00-05:00,199.8300018310547,199.97999572753906,199.77000427246094,199.7949981689453,18765,0.0,0.0
2024-12-09 11:08:00-05:00,199.82000732421875,199.99639892578125,199.82000732421875,199.88499450683594,19180,0.0,0.0
2024-12-09 11:09:00-05:00,199.87159729003906,199.94119262695312,199.60000610351562,199.60000610351562,19828,0.0,0.0
2024-12-09 11:10:00-05:00,199.58999633789062,199.7100067138672,199.47999572753906,199.7100067138672,36194,0.0,0.0
2024-12-09 11:11:00-05:00,199.7100067138672,199.71499633789062,199.4600067138672,199.51499938964844,17537,0.0,0.0
2024-12-09 11:12:00-05:00,199.53689575195312,199.6199951171875,199.38999938964844,199.5417938232422,33681,0.0,0.0
2024-12-09 11:13:00-05:00,199.61000061035156,199.75,199.52999877929688,199.56500244140625,20167,0.0,0.0
2024-12-09 11:14:00-05:00,199.58999633789062,199.6699981689453,199.5399932861328,199.6699981689453,23695,0.0,0.0
2024-12-09 11:15:00-05:00,199.66000366210938,199.66000366210938,199.35000610351562,199.42999267578125,28336,0.0,0.0
2024-12-09 11:16:00-05:00,199.47999572753906,199.61000061035156,199.47999572753906,199.5449981689453,17958,0.0,0.0
2024-12-09 11:17:00-05:00,199.5699005126953,199.86000061035156,199.5699005126953,199.777099609375,14066,0.0,0.0
2024-12-09 11:18:00-05:00,199.83999633789062,199.85000610351562,199.58999633789062,199.8000030517578,14245,0.0,0.0
2024-12-09 11:19:00-05:00,199.7550048828125,199.8498992919922,199.74000549316406,199.80999755859375,4302,0.0,0.0
2024-12-09 11:20:00-05:00,199.77000427246094,199.97000122070312,199.72999572753906,199.92349243164062,11886,0.0,0.0
2024-12-09 11:21:00-05:00,199.99000549316406,200.14999389648438,199.90460205078125,200.13999938964844,20747,0.0,0.0
2024-12-09 11:22:00-05:00,200.13999938964844,200.1999053955078,200.10000610351562,200.10000610351562,10133,0.0,0.0
2024-12-09 11:23:00-05:00,200.07000732421875,200.11000061035156,200.01199340820312,200.08999633789062,7819,0.0,0.0
2024-12-09 11:24:00-05:00,200.11000061035156,200.13999938964844,200.08999633789062,200.12399291992188,5280,0.0,0.0
2024-12-09 11:25:00-05:00,200.1083984375,200.22000122070312,200.0399932861328,200.17999267578125,8550,0.0,0.0
2024-12-09 11:26:00-05:00,200.16000366210938,200.3699951171875,200.1501007080078,200.33999633789062,15317,0.0,0.0
2024-12-09 11:27:00-05:00,200.33999633789062,200.38499450683594,200.30999755859375,200.31759643554688,27978,0.0,0.0
2024-12-09 11:28:00-05:00,200.34500122070312,200.35000610351562,200.1999969482422,200.22000122070312,12795,0.0,0.0
2024-12-09 11:29:00-05:00,200.1999969482422,200.2731475830078,200.1300048828125,200.24000549316406,20697,0.0,0.0
2024-12-09 11:30:00-05:00,200.24000549316406,200.35989379882812,200.22000122070312,200.35989379882812,8689,0.0,0.0
2024-12-09 11:31:00-05:00,200.36000061035156,200.39999389648438,200.3000030517578,200.36500549316406,6669,0.0,0.0
2024-12-09 11:32:00-05:00,200.38999938964844,200.50999450683594,200.3699951171875,200.4770050048828,10227,0.0,0.0
2024-12-09 11:33:00-05:00,200.4499969482422,200.47000122070312,200.38999938964844,200.4499969482422,3964,0.0,0.0
2024-12-09 11:34:00-05:00,200.47000122070312,200.52999877929688,200.39999389648438,200.52999877929688,9176,0.0,0.0
2024-12-09 11:35:00-05:00,200.5,200.5,200.30999755859375,200.33999633789062,10802,0.0,0.0
2024-12-09 11:36:00-05:00,200.3350067138672,200.36000061035156,200.2949981689453,200.32000732421875,4278,0.0,0.0
2024-12-09 11:37:00-05:00,200.25,200.36000061035156,200.22999572753906,200.2899932861328,10632,0.0,0.0
2024-12-09 11:38:00-05:00,200.3300018310547,200.33999633789062,200.22000122070312,200.24000549316406,5285,0.0,0.0
2024-12-09 11:39:00-05:00,200.27000427246094,200.33999633789062,200.27000427246094,200.33999633789062,5563,0.0,0.0
2024-12-09 11:40:00-05:00,200.30999755859375,200.31500244140625,200.10000610351562,200.22000122070312,67811,0.0,0.0
2024-12-09 11:41:00-05:00,200.17930603027344,200.3800048828125,200.17930603027344,200.1999969482422,13871,0.0,0.0
2024-12-09 11:42:00-05:00,200.1699981689453,200.1999969482422,200.14999389648438,200.16000366210938,3572,0.0,0.0
2024-12-09 11:43:00-05:00,200.1300048828125,200.14999389648438,200.0218048095703,200.05999755859375,7425,0.0,0.0
2024-12-09 11:44:00-05:00,200.05999755859375,200.1199951171875,200.02000427246094,200.0500030517578,8999,0.0,0.0
2024-12-09 11:45:00-05:00,200.0500030517578,200.2100067138672,200.02000427246094,200.2100067138672,9176,0.0,0.0
2024-12-09 11:46:00-05:00,200.2100067138672,200.2100067138672,200.1199951171875,200.2100067138672,6534,0.0,0.0
2024-12-09 11:47:00-05:00,200.22000122070312,200.22000122070312,200.16000366210938,200.17999267578125,4752,0.0,0.0
2024-12-09 11:48:00-05:00,200.14999389648438,200.24000549316406,200.08999633789062,200.13999938964844,6192,0.0,0.0
2024-12-09 11:49:00-05:00,200.11000061035156,200.4051055908203,200.11000061035156,200.3800048828125,6724,0.0,0.0
2024-12-09 11:50:00-05:00,200.3800048828125,200.55999755859375,200.33999633789062,200.33999633789062,19732,0.0,0.0
2024-12-09 11:51:00-05:00,200.3300018310547,200.50999450683594,200.25999450683594,200.38999938964844,12474,0.0,0.0
2024-12-09 11:52:00-05:00,200.4600067138672,200.53900146484375,200.4499969482422,200.4600067138672,3107,0.0,0.0
2024-12-09 11:53:00-05:00,200.5050048828125,200.50999450683594,200.28500366210938,200.41000366210938,13467,0.0,0.0
2024-12-09 11:54:00-05:00,200.41000366210938,200.4250030517578,200.3000030517578,200.3300018310547,7374,0.0,0.0
2024-12-09 11:55:00-05:00,200.36000061035156,200.4499969482422,200.3300018310547,200.39999389648438,13993,0.0,0.0
2024-12-09 11:56:00-05:00,200.38999938964844,200.47999572753906,200.38999938964844,200.45989990234375,4832,0.0,0.0
2024-12-09 11:57:00-05:00,200.43499755859375,200.62319946289062,200.41000366210938,200.55999755859375,22790,0.0,0.0
2024-12-09 11:58:00-05:00,200.61000061035156,200.72999572753906,200.60000610351562,200.6999969482422,7143,0.0,0.0
2024-12-09 11:59:00-05:00,200.74000549316406,200.82000732421875,200.7100067138672,200.80999755859375,23975,0.0,0.0
2024-12-09 12:00:00-05:00,200.80999755859375,200.9199981689453,200.75,200.83999633789062,17927,0.0,0.0
2024-12-09 12:01:00-05:00,200.7899932861328,200.8699951171875,200.7899932861328,200.8699951171875,3531,0.0,0.0
2024-12-09 12:02:00-05:00,200.8300018310547,201.05999755859375,200.8300018310547,201.0500030517578,21487,0.0,0.0
2024-12-09 12:03:00-05:00,201.0,201.0,200.8000030517578,200.8000030517578,8975,0.0,0.0
2024-12-09 12:04:00-05:00,200.85000610351562,200.88499450683594,200.80499267578125,200.8800048828125,8699,0.0,0.0
2024-12-09 12:05:00-05:00,200.86459350585938,200.91000366210938,200.8000030517578,200.82000732421875,16050,0.0,0.0
2024-12-09 12:06:00-05:00,200.8300018310547,200.8800048828125,200.81080627441406,200.85000610351562,6236,0.0,0.0
2024-12-09 12:07:00-05:00,200.82310485839844,200.99000549316406,200.82310485839844,200.91000366210938,6362,0.0,0.0
2024-12-09 12:08:00-05:00,200.9199981689453,201.0,200.9199981689453,201.0,2176,0.0,0.0
2024-12-09 12:09:00-05:00,200.99000549316406,201.0699005126953,200.99000549316406,201.05999755859375,8069,0.0,0.0
2024-12-09 12:10:00-05:00,201.02999877929688,201.0800018310547,201.0,201.0500030517578,10158,0.0,0.0
2024-12-09 12:11:00-05:00,201.0399932861328,201.1699981689453,201.0399932861328,201.0731964111328,14289,0.0,0.0
2024-12-09 12:12:00-05:00,201.10000610351562,201.10989379882812,200.89999389648438,200.923095703125,12101,0.0,0.0
2024-12-09 12:13:00-05:00,200.9250030517578,201.0500030517578,200.9250030517578,201.0500030517578,5646,0.0,0.0
2024-12-09 12:14:00-05:00,201.0,201.02000427246094,200.9716033935547,201.00999450683594,6219,0.0,0.0
2024-12-09 12:15:00-05:00,201.03990173339844,201.08270263671875,200.9949951171875,201.043701171875,8985,0.0,0.0
2024-12-09 12:16:00-05:00,201.0500030517578,201.0500030517578,200.8800048828125,200.91000366210938,9574,0.0,0.0
2024-12-09 12:17:00-05:00,200.91000366210938,200.93499755859375,200.8594970703125,200.8594970703125,6795,0.0,0.0
2024-12-09 12:18:00-05:00,200.8668975830078,200.91000366210938,200.75,200.8527069091797,11942,0.0,0.0
2024-12-09 12:19:00-05:00,200.85670471191406,200.88499450683594,200.84500122070312,200.86000061035156,2517,0.0,0.0
2024-12-09 12:20:00-05:00,200.86000061035156,201.02499389648438,200.82000732421875,201.02499389648438,9394,0.0,0.0
2024-12-09 12:21:00-05:00,201.0,201.1199951171875,200.99000549316406,201.1199951171875,8095,0.0,0.0
2024-12-09 12:22:00-05:00,201.13999938964844,201.22000122070312,201.13999938964844,201.20899963378906,15504,0.0,0.0
2024-12-09 12:23:00-05:00,201.1824951171875,201.3256072998047,201.1750030517578,201.2899932861328,6407,0.0,0.0
2024-12-09 12:24:00-05:00,201.31089782714844,201.32000732421875,201.16000366210938,201.19500732421875,10676,0.0,0.0
2024-12-09 12:25:00-05:00,201.16000366210938,201.4199981689453,201.16000366210938,201.3800048828125,9298,0.0,0.0
2024-12-09 12:26:00-05:00,201.35000610351562,201.35000610351562,201.1999969482422,201.25999450683594,6194,0.0,0.0
2024-12-09 12:27:00-05:00,201.24000549316406,201.27999877929688,201.13999938964844,201.27999877929688,9529,0.0,0.0
2024-12-09 12:28:00-05:00,201.25,201.28990173339844,201.21620178222656,201.27000427246094,11986,0.0,0.0
2024-12-09 12:29:00-05:00,201.2371063232422,201.47999572753906,201.22999572753906,201.47500610351562,11845,0.0,0.0
2024-12-09 12:30:00-05:00,201.47000122070312,201.54629516601562,201.3800048828125,201.54629516601562,19866,0.0,0.0
2024-12-09 12:31:00-05:00,201.5500030517578,201.6699981689453,201.4801025390625,201.6300048828125,50941,0.0,0.0
2024-12-09 12:32:00-05:00,201.61000061035156,201.6300048828125,201.47999572753906,201.57000732421875,22885,0.0,0.0
2024-12-09 12:33:00-05:00,201.5850067138672,201.5850067138672,201.3583984375,201.39999389648438,12248,0.0,0.0
2024-12-09 12:34:00-05:00,201.44000244140625,201.44000244140625,201.35000610351562,201.39999389648438,5431,0.0,0.0
2024-12-09 12:35:00-05:00,201.35000610351562,201.42999267578125,201.35000610351562,201.41000366210938,5413,0.0,0.0
2024-12-09 12:36:00-05:00,201.44000244140625,201.44000244140625,201.32009887695312,201.38499450683594,11632,0.0,0.0
2024-12-09 12:37:00-05:00,201.39999389648438,201.47000122070312,201.39500427246094,201.47000122070312,5458,0.0,0.0
2024-12-09 12:38:00-05:00,201.4499969482422,201.57000732421875,201.42999267578125,201.50999450683594,25744,0.0,0.0
2024-12-09 12:39:00-05:00,201.48500061035156,201.48500061035156,201.360107421875,201.46499633789062,19893,0.0,0.0
2024-12-09 12:40:00-05:00,201.48500061035156,201.72000122070312,201.4600067138672,201.7100067138672,11377,0.0,0.0
2024-12-09 12:41:00-05:00,201.72500610351562,201.74000549316406,201.57470703125,201.59500122070312,6647,0.0,0.0
2024-12-09 12:42:00-05:00,201.55999755859375,201.69500732421875,201.5,201.66000366210938,16892,0.0,0.0
2024-12-09 12:43:00-05:00,201.63999938964844,201.64500427246094,201.60000610351562,201.64500427246094,5262,0.0,0.0
2024-12-09 12:44:00-05:00,201.67999267578125,201.68499755859375,201.59500122070312,201.62579345703125,16203,0.0,0.0
2024-12-09 12:45:00-05:00,201.58999633789062,201.60000610351562,201.4152069091797,201.51300048828125,9911,0.0,0.0
2024-12-09 12:46:00-05:00,201.57000732421875,201.74000549316406,201.57000732421875,201.73500061035156,6348,0.0,0.0
2024-12-09 12:47:00-05:00,201.72999572753906,201.72999572753906,201.4290008544922,201.4290008544922,10000,0.0,0.0
2024-12-09 12:48:00-05:00,201.4499969482422,201.5749969482422,201.44000244140625,201.55999755859375,5279,0.0,0.0
2024-12-09 12:49:00-05:00,201.53900146484375,201.55999755859375,201.50999450683594,201.55999755859375,4198,0.0,0.0
2024-12-09 12:50:00-05:00,201.60000610351562,201.6199951171875,201.5749969482422,201.6199951171875,2826,0.0,0.0
2024-12-09 12:51:00-05:00,201.61000061035156,201.7100067138672,201.58999633789062,201.64999389648438,7033,0.0,0.0
2024-12-09 12:52:00-05:00,201.64999389648438,201.8000030517578,201.64999389648438,201.8000030517578,6506,0.0,0.0
2024-12-09 12:53:00-05:00,201.78500366210938,201.81129455566406,201.74000549316406,201.75,7253,0.0,0.0
2024-12-09 12:54:00-05:00,201.72999572753906,201.97999572753906,201.7100067138672,201.97000122070312,17080,0.0,0.0
2024-12-09 12:55:00-05:00,201.97000122070312,201.99000549316406,201.78500366210938,201.78500366210938,23877,0.0,0.0
2024-12-09 12:56:00-05:00,201.72000122070312,201.72000122070312,201.60000610351562,201.60000610351562,4116,0.0,0.0
2024-12-09 12:57:00-05:00,201.61000061035156,201.6300048828125,201.5399932861328,201.5399932861328,5626,0.0,0.0
2024-12-09 12:58:00-05:00,201.5399932861328,201.5399932861328,201.41180419921875,201.4550018310547,11237,0.0,0.0
2024-12-09 12:59:00-05:00,201.47000122070312,201.5399932861328,201.38999938964844,201.41000366210938,7119,0.0,0.0
2024-12-09 13:00:00-05:00,201.35499572753906,201.35499572753906,201.19000244140625,201.1999969482422,3527,0.0,0.0
2024-12-09 13:01:00-05:00,201.19000244140625,201.2100067138672,201.0500030517578,201.1999969482422,23785,0.0,0.0
2024-12-09 13:02:00-05:00,201.2100067138672,201.25,201.16000366210938,201.1699981689453,5034,0.0,0.0
2024-12-09 13:03:00-05:00,201.17999267578125,201.18499755859375,201.05999755859375,201.10000610351562,17314,0.0,0.0
2024-12-09 13:04:00-05:00,201.11000061035156,201.1199951171875,200.9499969482422,201.01719665527344,7084,0.0,0.0
2024-12-09 13:05:00-05:00,201.05999755859375,201.16000366210938,201.0500030517578,201.16000366210938,5171,0.0,0.0
2024-12-09 13:06:00-05:00,201.13999938964844,201.13999938964844,201.01710510253906,201.01710510253906,2498,0.0,0.0
2024-12-09 13:07:00-05:00,200.99009704589844,201.06959533691406,200.9600067138672,201.02980041503906,6494,0.0,0.0
2024-12-09 13:08:00-05:00,201.06239318847656,201.19000244140625,201.06239318847656,201.11000061035156,12183,0.0,0.0
2024-12-09 13:09:00-05:00,201.0850067138672,201.125,201.0399932861328,201.125,5393,0.0,0.0
2024-12-09 13:10:00-05:00,201.125,201.16549682617188,201.07000732421875,201.11000061035156,13097,0.0,0.0
2024-12-09 13:11:00-05:00,201.11000061035156,201.11000061035156,200.9615936279297,201.0050048828125,13924,0.0,0.0
2024-12-09 13:12:00-05:00,200.97000122070312,201.0,200.80999755859375,201.0,15078,0.0,0.0
2024-12-09 13:13:00-05:00,201.02000427246094,201.16720581054688,201.00570678710938,201.14500427246094,7632,0.0,0.0
2024-12-09 13:14:00-05:00,201.14669799804688,201.26840209960938,201.14669799804688,201.23500061035156,9777,0.0,0.0
2024-12-09 13:15:00-05:00,201.22000122070312,201.22999572753906,201.1699981689453,201.19940185546875,5087,0.0,0.0
2024-12-09 13:16:00-05:00,201.14500427246094,201.14500427246094,201.0800018310547,201.0968017578125,4322,0.0,0.0
2024-12-09 13:17:00-05:00,201.0399932861328,201.0800018310547,200.99000549316406,201.0399932861328,7851,0.0,0.0
2024-12-09 13:18:00-05:00,201.0800018310547,201.16000366210938,201.07449340820312,201.13999938964844,59722,0.0,0.0
2024-12-09 13:19:00-05:00,201.16000366210938,201.1699981689453,201.0800018310547,201.0800018310547,4808,0.0,0.0
2024-12-09 13:20:00-05:00,201.11180114746094,201.11180114746094,201.03500366210938,201.08999633789062,4784,0.0,0.0
2024-12-09 13:21:00-05:00,201.08160400390625,201.27999877929688,201.04490661621094,201.25,10196,0.0,0.0
2024-12-09 13:22:00-05:00,201.22000122070312,201.22000122070312,201.1649932861328,201.2100067138672,4177,0.0,0.0
2024-12-09 13:23:00-05:00,201.22999572753906,201.25,201.13009643554688,201.1999969482422,33016,0.0,0.0
2024-12-09 13:24:00-05:00,201.1699981689453,201.1699981689453,201.0800018310547,201.08999633789062,3205,0.0,0.0
2024-12-09 13:25:00-05:00,201.08999633789062,201.1300048828125,201.07000732421875,201.0749969482422,5272,0.0,0.0
2024-12-09 13:26:00-05:00,201.0850067138672,201.10000610351562,200.9499969482422,200.9499969482422,5386,0.0,0.0
2024-12-09 13:27:00-05:00,200.97000122070312,201.13999938964844,200.97000122070312,201.13999938964844,8160,0.0,0.0
2024-12-09 13:28:00-05:00,201.14999389648438,201.25,201.13999938964844,201.22000122070312,5133,0.0,0.0
2024-12-09 13:29:00-05:00,201.2449951171875,201.2449951171875,201.21009826660156,201.22500610351562,3036,0.0,0.0
2024-12-09 13:30:00-05:00,201.22000122070312,201.22999572753906,201.17999267578125,201.19000244140625,6077,0.0,0.0
2024-12-09 13:31:00-05:00,201.22999572753906,201.44000244140625,201.21240234375,201.43670654296875,5289,0.0,0.0
2024-12-09 13:32:00-05:00,201.43499755859375,201.44000244140625,201.3699951171875,201.44000244140625,5444,0.0,0.0
2024-12-09 13:33:00-05:00,201.39999389648438,201.50999450683594,201.39999389648438,201.50999450683594,4773,0.0,0.0
2024-12-09 13:34:00-05:00,201.49000549316406,201.50999450683594,201.41329956054688,201.47000122070312,4904,0.0,0.0
2024-12-09 13:35:00-05:00,201.50999450683594,201.5399932861328,201.41000366210938,201.4499969482422,16943,0.0,0.0
2024-12-09 13:36:00-05:00,201.4499969482422,201.4499969482422,201.4001007080078,201.4199981689453,3870,0.0,0.0
2024-12-09 13:37:00-05:00,201.35000610351562,201.52000427246094,201.3101043701172,201.52000427246094,7025,0.0,0.0
2024-12-09 13:38:00-05:00,201.49000549316406,201.58999633789062,201.47000122070312,201.5500030517578,15199,0.0,0.0
2024-12-09 13:39:00-05:00,201.52000427246094,201.52000427246094,201.39999389648438,201.39999389648438,6284,0.0,0.0
2024-12-09 13:40:00-05:00,201.44000244140625,201.48989868164062,201.44000244140625,201.4499969482422,5091,0.0,0.0
2024-12-09 13:41:00-05:00,201.3699951171875,201.39500427246094,201.30999755859375,201.30999755859375,4414,0.0,0.0
2024-12-09 13:42:00-05:00,201.2899932861328,201.2899932861328,201.17999267578125,201.21499633789062,5861,0.0,0.0
2024-12-09 13:43:00-05:00,201.21499633789062,201.3000030517578,201.19000244140625,201.3000030517578,5406,0.0,0.0
2024-12-09 13:44:00-05:00,201.3502960205078,201.52000427246094,201.3502960205078,201.52000427246094,10007,0.0,0.0
2024-12-09 13:45:00-05:00,201.60000610351562,201.72000122070312,201.60000610351562,201.67999267578125,6538,0.0,0.0
2024-12-09 13:46:00-05:00,201.6999969482422,201.7191925048828,201.625,201.63499450683594,12017,0.0,0.0
2024-12-09 13:47:00-05:00,201.6199951171875,201.64500427246094,201.57000732421875,201.57000732421875,2357,0.0,0.0
2024-12-09 13:48:00-05:00,201.57000732421875,201.62559509277344,201.5500030517578,201.56500244140625,4293,0.0,0.0
2024-12-09 13:49:00-05:00,201.5800018310547,201.6699981689453,201.56500244140625,201.64500427246094,13413,0.0,0.0
2024-12-09 13:50:00-05:00,201.64999389648438,201.64999389648438,201.61000061035156,201.6199951171875,4807,0.0,0.0
2024-12-09 13:51:00-05:00,201.6199951171875,201.66000366210938,201.55999755859375,201.57000732421875,6406,0.0,0.0
2024-12-09 13:52:00-05:00,201.56500244140625,201.57000732421875,201.56500244140625,201.57000732421875,2322,0.0,0.0
2024-12-09 13:53:00-05:00,201.57000732421875,201.63499450683594,201.54010009765625,201.6269073486328,5043,0.0,0.0
2024-12-09 13:54:00-05:00,201.61000061035156,201.61000061035156,201.45150756835938,201.48500061035156,4498,0.0,0.0
2024-12-09 13:55:00-05:00,201.51170349121094,201.51170349121094,201.364501953125,201.364501953125,3712,0.0,0.0
2024-12-09 13:56:00-05:00,201.3699951171875,201.5,201.3699951171875,201.4499969482422,5120,0.0,0.0
2024-12-09 13:57:00-05:00,201.44000244140625,201.44000244140625,201.40249633789062,201.40249633789062,4837,0.0,0.0
2024-12-09 13:58:00-05:00,201.4250030517578,201.5800018310547,201.4250030517578,201.50999450683594,6563,0.0,0.0
2024-12-09 13:59:00-05:00,201.49000549316406,201.49000549316406,201.42999267578125,201.4499969482422,2152,0.0,0.0
2024-12-09 14:00:00-05:00,201.4595947265625,201.4595947265625,201.35000610351562,201.3612060546875,4312,0.0,0.0
2024-12-09 14:01:00-05:00,201.3800048828125,201.3800048828125,201.33999633789062,201.3699951171875,5692,0.0,0.0
2024-12-09 14:02:00-05:00,201.3300018310547,201.3300018310547,201.2100067138672,201.2100067138672,6095,0.0,0.0
2024-12-09 14:03:00-05:00,201.19500732421875,201.3000030517578,201.16000366210938,201.3000030517578,5065,0.0,0.0
2024-12-09 14:04:00-05:00,201.27000427246094,201.27000427246094,201.19000244140625,201.19000244140625,3480,0.0,0.0
2024-12-09 14:05:00-05:00,201.17999267578125,201.24009704589844,201.1699981689453,201.24009704589844,4706,0.0,0.0
2024-12-09 14:06:00-05:00,201.1999969482422,201.25,201.1699981689453,201.2299041748047,4781,0.0,0.0
2024-12-09 14:07:00-05:00,201.2050018310547,201.3800048828125,201.1999969482422,201.3300018310547,6762,0.0,0.0
2024-12-09 14:08:00-05:00,201.27999877929688,201.30999755859375,201.20700073242188,201.2550048828125,6070,0.0,0.0
2024-12-09 14:09:00-05:00,201.24000549316406,201.375,201.24000549316406,201.375,5994,0.0,0.0
2024-12-09 14:10:00-05:00,201.35000610351562,201.352294921875,201.2899932861328,201.2899932861328,3979,0.0,0.0
2024-12-09 14:11:00-05:00,201.31500244140625,201.32000732421875,201.25999450683594,201.30999755859375,7025,0.0,0.0
2024-12-09 14:12:00-05:00,201.39999389648438,201.49000549316406,201.39999389648438,201.49000549316406,6376,0.0,0.0
2024-12-09 14:13:00-05:00,201.49220275878906,201.49220275878906,201.33999633789062,201.33999633789062,3864,0.0,0.0
2024-12-09 14:14:00-05:00,201.32359313964844,201.36000061035156,201.32359313964844,201.3350067138672,1898,0.0,0.0
2024-12-09 14:15:00-05:00,201.33999633789062,201.33999633789062,201.2801055908203,201.2801055908203,6568,0.0,0.0
2024-12-09 14:16:00-05:00,201.27999877929688,201.32000732421875,201.21499633789062,201.27000427246094,10134,0.0,0.0
2024-12-09 14:17:00-05:00,201.25,201.27999877929688,201.1999969482422,201.27999877929688,6762,0.0,0.0
2024-12-09 14:18:00-05:00,201.3000030517578,201.3300018310547,201.3000030517578,201.3070068359375,5232,0.0,0.0
2024-12-09 14:19:00-05:00,201.2949981689453,201.2949981689453,201.24000549316406,201.24000549316406,6450,0.0,0.0
2024-12-09 14:20:00-05:00,201.22999572753906,201.22999572753906,201.2091064453125,201.22500610351562,1301,0.0,0.0
2024-12-09 14:21:00-05:00,201.1999969482422,201.25999450683594,201.1999969482422,201.24000549316406,6083,0.0,0.0
2024-12-09 14:22:00-05:00,201.22999572753906,201.35000610351562,201.1945037841797,201.26499938964844,9837,0.0,0.0
2024-12-09 14:23:00-05:00,201.25999450683594,201.35000610351562,201.1999969482422,201.35000610351562,12590,0.0,0.0
2024-12-09 14:24:00-05:00,201.3489990234375,201.35000610351562,201.25,201.25,6022,0.0,0.0
2024-12-09 14:25:00-05:00,201.25990295410156,201.25990295410156,200.91000366210938,200.91000366210938,10179,0.0,0.0
2024-12-09 14:26:00-05:00,200.91000366210938,200.97000122070312,200.88009643554688,200.92999267578125,13320,0.0,0.0
2024-12-09 14:27:00-05:00,200.9199981689453,200.92999267578125,200.8800048828125,200.8800048828125,5281,0.0,0.0
2024-12-09 14:28:00-05:00,200.89500427246094,200.9250030517578,200.74000549316406,200.74000549316406,13016,0.0,0.0
2024-12-09 14:29:00-05:00,200.77000427246094,200.8300018310547,200.75,200.8300018310547,9435,0.0,0.0
2024-12-09 14:30:00-05:00,200.80999755859375,200.85000610351562,200.7899932861328,200.8000030517578,10027,0.0,0.0
2024-12-09 14:31:00-05:00,200.7949981689453,200.8699951171875,200.61000061035156,200.82000732421875,17763,0.0,0.0
2024-12-09 14:32:00-05:00,200.8699951171875,200.91990661621094,200.77499389648438,200.77999877929688,9137,0.0,0.0
2024-12-09 14:33:00-05:00,200.8000030517578,200.85989379882812,200.8000030517578,200.82000732421875,5414,0.0,0.0
2024-12-09 14:34:00-05:00,200.77040100097656,200.80999755859375,200.77040100097656,200.77999877929688,2283,0.0,0.0
2024-12-09 14:35:00-05:00,200.7949981689453,200.89340209960938,200.77999877929688,200.89340209960938,5669,0.0,0.0
2024-12-09 14:36:00-05:00,200.9199981689453,200.9550018310547,200.88999938964844,200.89999389648438,6886,0.0,0.0
2024-12-09 14:37:00-05:00,200.875,200.89999389648438,200.8300018310547,200.8300018310547,2032,0.0,0.0
2024-12-09 14:38:00-05:00,200.83999633789062,200.96929931640625,200.8249969482422,200.92999267578125,5980,0.0,0.0
2024-12-09 14:39:00-05:00,200.88600158691406,200.9550018310547,200.86000061035156,200.92999267578125,7545,0.0,0.0
2024-12-09 14:40:00-05:00,200.9199981689453,200.9199981689453,200.82000732421875,200.82000732421875,3325,0.0,0.0
2024-12-09 14:41:00-05:00,200.8000030517578,200.81959533691406,200.710205078125,200.77999877929688,7111,0.0,0.0
2024-12-09 14:42:00-05:00,200.77999877929688,200.77999877929688,200.70230102539062,200.72500610351562,4235,0.0,0.0
2024-12-09 14:43:00-05:00,200.7335968017578,200.99000549316406,200.7335968017578,200.96499633789062,37198,0.0,0.0
2024-12-09 14:44:00-05:00,200.9315948486328,201.0,200.75,200.75,15349,0.0,0.0
2024-12-09 14:45:00-05:00,200.72000122070312,200.74000549316406,200.52999877929688,200.52999877929688,12677,0.0,0.0
2024-12-09 14:46:00-05:00,200.52000427246094,200.58999633789062,200.52000427246094,200.5500030517578,6426,0.0,0.0
2024-12-09 14:47:00-05:00,200.52000427246094,200.5406951904297,200.4199981689453,200.4199981689453,9349,0.0,0.0
2024-12-09 14:48:00-05:00,200.41000366210938,200.60000610351562,200.39500427246094,200.5435028076172,8941,0.0,0.0
2024-12-09 14:49:00-05:00,200.57000732421875,200.57000732421875,200.47000122070312,200.52999877929688,4520,0.0,0.0
2024-12-09 14:50:00-05:00,200.5,200.5236053466797,200.42999267578125,200.42999267578125,4122,0.0,0.0
2024-12-09 14:51:00-05:00,200.4600067138672,200.4600067138672,200.21009826660156,200.21009826660156,12462,0.0,0.0
2024-12-09 14:52:00-05:00,200.31500244140625,200.35000610351562,200.2100067138672,200.35000610351562,13405,0.0,0.0
2024-12-09 14:53:00-05:00,200.35569763183594,200.35569763183594,200.25999450683594,200.27000427246094,5888,0.0,0.0
2024-12-09 14:54:00-05:00,200.2736053466797,200.4149932861328,200.25,200.4149932861328,10940,0.0,0.0
2024-12-09 14:55:00-05:00,200.42019653320312,200.5500030517578,200.42019653320312,200.50999450683594,3756,0.0,0.0
2024-12-09 14:56:00-05:00,200.54409790039062,200.5941925048828,200.47999572753906,200.53500366210938,13643,0.0,0.0
2024-12-09 14:57:00-05:00,200.55499267578125,200.60000610351562,200.50999450683594,200.55999755859375,9078,0.0,0.0
2024-12-09 14:58:00-05:00,200.5800018310547,200.63999938964844,200.52000427246094,200.6199951171875,7593,0.0,0.0
2024-12-09 14:59:00-05:00,200.60389709472656,200.63999938964844,200.57000732421875,200.58999633789062,7978,0.0,0.0
2024-12-09 15:00:00-05:00,200.58999633789062,200.58999633789062,200.5,200.5399932861328,8442,0.0,0.0
2024-12-09 15:01:00-05:00,200.50999450683594,200.52000427246094,200.34500122070312,200.34500122070312,9810,0.0,0.0
2024-12-09 15:02:00-05:00,200.32000732421875,200.36000061035156,200.3000030517578,200.30999755859375,7068,0.0,0.0
2024-12-09 15:03:00-05:00,200.302001953125,200.30999755859375,200.24000549316406,200.3000030517578,12873,0.0,0.0
2024-12-09 15:04:00-05:00,200.27000427246094,200.3000030517578,200.19000244140625,200.19000244140625,5269,0.0,0.0
2024-12-09 15:05:00-05:00,200.19000244140625,200.1999969482422,200.1300048828125,200.1699981689453,13102,0.0,0.0
2024-12-09 15:06:00-05:00,200.14939880371094,200.16990661621094,200.10000610351562,200.10000610351562,8810,0.0,0.0
2024-12-09 15:07:00-05:00,200.12249755859375,200.22999572753906,200.12249755859375,200.19000244140625,9410,0.0,0.0
2024-12-09 15:08:00-05:00,200.19000244140625,200.2100067138672,200.1300048828125,200.13499450683594,5777,0.0,0.0
2024-12-09 15:09:00-05:00,200.1510009765625,200.25999450683594,200.10000610351562,200.25999450683594,1013477,0.0,0.0
2024-12-09 15:10:00-05:00,200.2449951171875,200.2449951171875,200.19000244140625,200.2100067138672,4561,0.0,0.0
2024-12-09 15:11:00-05:00,200.1699981689453,200.22000122070312,199.9499969482422,200.05999755859375,35539,0.0,0.0
2024-12-09 15:12:00-05:00,200.07000732421875,200.0800018310547,200.0,200.02000427246094,6037,0.0,0.0
2024-12-09 15:13:00-05:00,200.02000427246094,200.11500549316406,200.02000427246094,200.0800018310547,8153,0.0,0.0
2024-12-09 15:14:00-05:00,200.1199951171875,200.1199951171875,199.94000244140625,200.02000427246094,10813,0.0,0.0
2024-12-09 15:15:00-05:00,200.07000732421875,200.27999877929688,200.02999877929688,200.27999877929688,7790,0.0,0.0
2024-12-09 15:16:00-05:00,200.24000549316406,200.2799072265625,200.11000061035156,200.11000061035156,10721,0.0,0.0
2024-12-09 15:17:00-05:00,200.13499450683594,200.17999267578125,200.0500030517578,200.0500030517578,16058,0.0,0.0
2024-12-09 15:18:00-05:00,200.02999877929688,200.0800018310547,200.02999877929688,200.07000732421875,8332,0.0,0.0
2024-12-09 15:19:00-05:00,200.0449981689453,200.16000366210938,200.02999877929688,200.12319946289062,12898,0.0,0.0
2024-12-09 15:20:00-05:00,200.11000061035156,200.14999389648438,200.06500244140625,200.1199951171875,7600,0.0,0.0
2024-12-09 15:21:00-05:00,200.11000061035156,200.1300048828125,200.0428924560547,200.0428924560547,6650,0.0,0.0
2024-12-09 15:22:00-05:00,200.04010009765625,200.10000610351562,199.9600067138672,200.02999877929688,11801,0.0,0.0
2024-12-09 15:23:00-05:00,200.00999450683594,200.0500030517578,199.9499969482422,199.99000549316406,7325,0.0,0.0
2024-12-09 15:24:00-05:00,199.9759979248047,200.00999450683594,199.9499969482422,199.97999572753906,13649,0.0,0.0
2024-12-09 15:25:00-05:00,199.98500061035156,200.17999267578125,199.98500061035156,200.05499267578125,13795,0.0,0.0
2024-12-09 15:26:00-05:00,200.05499267578125,200.05999755859375,199.85130310058594,199.88999938964844,19747,0.0,0.0
2024-12-09 15:27:00-05:00,199.91000366210938,200.0,199.83999633789062,199.89999389648438,16742,0.0,0.0
2024-12-09 15:28:00-05:00,199.860595703125,199.8800048828125,199.77999877929688,199.77999877929688,14409,0.0,0.0
2024-12-09 15:29:00-05:00,199.77000427246094,199.82290649414062,199.7200927734375,199.7200927734375,32549,0.0,0.0
2024-12-09 15:30:00-05:00,199.75,199.77999877929688,199.61090087890625,199.64999389648438,25534,0.0,0.0
2024-12-09 15:31:00-05:00,199.66000366210938,199.8000030517578,199.64999389648438,199.78750610351562,44254,0.0,0.0
2024-12-09 15:32:00-05:00,199.7949981689453,199.9199981689453,199.77999877929688,199.83999633789062,22980,0.0,0.0
2024-12-09 15:33:00-05:00,199.8336944580078,199.89999389648438,199.77999877929688,199.8800048828125,10133,0.0,0.0
2024-12-09 15:34:00-05:00,199.94900512695312,199.94900512695312,199.71499633789062,199.8000030517578,13394,0.0,0.0
2024-12-09 15:35:00-05:00,199.80999755859375,199.8800048828125,199.77000427246094,199.85899353027344,18660,0.0,0.0
2024-12-09 15:36:00-05:00,199.88499450683594,199.9550018310547,199.85000610351562,199.91000366210938,18019,0.0,0.0
2024-12-09 15:37:00-05:00,199.89999389648438,199.89999389648438,199.75,199.8719940185547,16935,0.0,0.0
2024-12-09 15:38:00-05:00,199.8800048828125,199.88999938964844,199.6699981689453,199.74000549316406,17748,0.0,0.0
2024-12-09 15:39:00-05:00,199.77000427246094,199.7899932861328,199.74000549316406,199.74000549316406,4105,0.0,0.0
2024-12-09 15:40:00-05:00,199.77999877929688,199.91000366210938,199.77749633789062,199.82000732421875,10619,0.0,0.0
2024-12-09 15:41:00-05:00,199.7899932861328,199.88999938964844,199.7899932861328,199.80999755859375,10526,0.0,0.0
2024-12-09 15:42:00-05:00,199.80999755859375,199.80999755859375,199.7071990966797,199.72999572753906,9895,0.0,0.0
2024-12-09 15:43:00-05:00,199.72000122070312,199.74510192871094,199.625,199.625,10993,0.0,0.0
2024-12-09 15:44:00-05:00,199.63499450683594,199.7100067138672,199.61000061035156,199.7100067138672,12914,0.0,0.0
2024-12-09 15:45:00-05:00,199.7100067138672,199.7198944091797,199.6199951171875,199.6199951171875,8298,0.0,0.0
2024-12-09 15:46:00-05:00,199.6199951171875,199.67129516601562,199.5500030517578,199.55499267578125,17435,0.0,0.0
2024-12-09 15:47:00-05:00,199.5500030517578,199.6300048828125,199.50999450683594,199.52999877929688,19247,0.0,0.0
2024-12-09 15:48:00-05:00,199.50999450683594,199.6300048828125,199.50869750976562,199.5800018310547,23191,0.0,0.0
2024-12-09 15:49:00-05:00,199.5749969482422,199.63999938964844,199.5500030517578,199.5821075439453,20353,0.0,0.0
2024-12-09 15:50:00-05:00,199.58999633789062,199.92999267578125,199.58999633789062,199.83999633789062,43007,0.0,0.0
2024-12-09 15:51:00-05:00,199.85000610351562,199.97000122070312,199.8300018310547,199.9499969482422,42397,0.0,0.0
2024-12-09 15:52:00-05:00,199.94000244140625,199.94500732421875,199.72000122070312,199.8800048828125,34274,0.0,0.0
2024-12-09 15:53:00-05:00,199.875,200.0,199.83999633789062,199.97500610351562,33825,0.0,0.0
2024-12-09 15:54:00-05:00,200.00999450683594,200.03500366210938,199.64999389648438,199.64999389648438,50908,0.0,0.0
2024-12-09 15:55:00-05:00,199.63999938964844,199.6999969482422,199.27999877929688,199.31500244140625,107873,0.0,0.0
2024-12-09 15:56:00-05:00,199.32000732421875,199.52000427246094,199.2550048828125,199.25999450683594,122640,0.0,0.0
2024-12-09 15:57:00-05:00,199.27999877929688,199.35000610351562,199.11000061035156,199.14999389648438,114458,0.0,0.0
2024-12-09 15:58:00-05:00,199.1699981689453,199.24000549316406,199.07000732421875,199.1999969482422,90174,0.0,0.0
2024-12-09 15:59:00-05:00,199.22000122070312,199.30999755859375,198.97999572753906,199.1699981689453,203200,0.0,0.0
2024-12-09 16:00:00-05:00,199.17,200.0,198.81,199.0108,849860,0.0,0.0
2024-12-09 16:01:00-05:00,199.25,199.37,199.18,199.37,0,0.0,0.0
2024-12-09 16:02:00-05:00,199.17,199.49,199.17,199.35,0,0.0,0.0
2024-12-09 16:03:00-05:00,199.24,199.49,199.23,199.49,0,0.0,0.0
2024-12-09 16:04:00-05:00,199.49,199.49,199.24,199.24,0,0.0,0.0
2024-12-09 16:05:00-05:00,199.17,199.49,199.17,199.49,0,0.0,0.0
2024-12-09 16:06:00-05:00,199.48,199.49,199.19,199.49,0,0.0,0.0
2024-12-09 16:07:00-05:00,199.34,199.49,199.2,199.2,0,0.0,0.0
2024-12-09 16:08:00-05:00,199.19,199.49,199.19,199.49,0,0.0,0.0
2024-12-09 16:09:00-05:00,199.1952,199.49,199.19,199.47,0,0.0,0.0
2024-12-09 16:10:00-05:00,199.26,199.47,199.19,199.23,0,0.0,0.0
2024-12-09 16:11:00-05:00,199.33,199.33,199.25,199.26,0,0.0,0.0
2024-12-09 16:12:00-05:00,199.23,199.23,199.17,199.17,0,0.0,0.0
2024-12-09 16:13:00-05:00,199.18,199.26,199.18,199.26,0,0.0,0.0
2024-12-09 16:14:00-05:00,199.27,199.4,199.23,199.35,0,0.0,0.0
2024-12-09 16:15:00-05:00,199.17,199.49,199.17,199.49,0,0.0,0.0
2024-12-09 16:16:00-05:00,199.48,199.48,199.24,199.48,0,0.0,0.0
2024-12-09 16:17:00-05:00,199.45,199.45,199.25,199.25,0,0.0,0.0
2024-12-09 16:18:00-05:00,199.36,199.36,199.36,199.36,0,0.0,0.0
2024-12-09 16:19:00-05:00,199.36,199.48,199.36,199.45,0,0.0,0.0
2024-12-09 16:20:00-05:00,199.17,199.45,199.17,199.45,0,0.0,0.0
2024-12-09 16:21:00-05:00,199.45,199.4799,199.17,199.4799,0,0.0,0.0
2024-12-09 16:22:00-05:00,199.48,199.48,199.45,199.48,0,0.0,0.0
2024-12-09 16:23:00-05:00,199.45,199.48,199.37,199.37,0,0.0,0.0
2024-12-09 16:24:00-05:00,199.4,199.48,199.25,199.42,0,0.0,0.0
2024-12-09 16:25:00-05:00,199.42,199.42,199.42,199.42,0,0.0,0.0
2024-12-09 16:26:00-05:00,199.48,199.48,199.37,199.45,0,0.0,0.0
2024-12-09 16:27:00-05:00,199.38,199.45,199.36,199.42,0,0.0,0.0
2024-12-09 16:28:00-05:00,199.45,199.48,199.45,199.45,0,0.0,0.0
2024-12-09 16:29:00-05:00,199.48,199.48,199.45,199.45,0,0.0,0.0
2024-12-09 16:30:00-05:00,199.4506,199.48,199.45,199.47,0,0.0,0.0
2024-12-09 16:31:00-05:00,199.47,199.48,199.36,199.42,0,0.0,0.0
2024-12-09 16:32:00-05:00,199.4687,199.47,199.42,199.42,0,0.0,0.0
2024-12-09 16:33:00-05:00,199.42,199.47,199.24,199.4,0,0.0,0.0
2024-12-09 16:34:00-05:00,199.45,199.45,199.24,199.37,0,0.0,0.0
2024-12-09 16:35:00-05:00,199.4,199.4,199.25,199.25,0,0.0,0.0
2024-12-09 16:36:00-05:00,199.38,199.47,199.36,199.4,0,0.0,0.0
2024-12-09 16:37:00-05:00,199.41,199.41,199.37,199.37,0,0.0,0.0
2024-12-09 16:38:00-05:00,199.3601,199.4499,199.36,199.36,0,0.0,0.0
2024-12-09 16:39:00-05:00,199.4496,199.45,199.4496,199.45,0,0.0,0.0
2024-12-09 16:40:00-05:00,199.36,199.45,199.36,199.4,0,0.0,0.0
2024-12-09 16:41:00-05:00,199.4,199.54,199.4,199.45,0,0.0,0.0
2024-12-09 16:42:00-05:00,199.45,199.53,199.41,199.53,0,0.0,0.0
2024-12-09 16:43:00-05:00,199.64,199.64,199.17,199.6,0,0.0,0.0
2024-12-09 16:44:00-05:00,199.53,199.6,199.4,199.51,0,0.0,0.0
2024-12-09 16:45:00-05:00,199.6,199.64,199.4,199.64,0,0.0,0.0
2024-12-09 16:47:00-05:00,199.64,199.64,199.51,199.6,0,0.0,0.0
2024-12-09 16:48:00-05:00,199.6,199.6,199.42,199.43,0,0.0,0.0
2024-12-09 16:49:00-05:00,199.6,199.6,199.6,199.6,0,0.0,0.0
2024-12-09 16:50:00-05:00,199.6,210.8876,199.59,199.6,0,0.0,0.0
2024-12-09 16:51:00-05:00,199.4,199.64,199.4,199.6,0,0.0,0.0
2024-12-09 16:52:00-05:00,199.6,199.6312,192.0278,199.5,0,0.0,0.0
2024-12-09 16:53:00-05:00,199.6,199.6,199.53,199.59,0,0.0,0.0
2024-12-09 16:54:00-05:00,192.0278,199.64,192.0278,199.6112,0,0.0,0.0
2024-12-09 16:55:00-05:00,199.6,199.888,199.59,199.61,0,0.0,0.0
2024-12-09 16:56:00-05:00,199.62,199.7,199.61,199.7,0,0.0,0.0
2024-12-09 16:57:00-05:00,199.75,199.75,199.61,199.69,0,0.0,0.0
2024-12-09 16:58:00-05:00,199.61,199.62,199.61,199.61,0,0.0,0.0
2024-12-09 16:59:00-05:00,199.66,199.66,199.4,199.4,0,0.0,0.0
2024-12-09 17:00:00-05:00,199.57,199.75,199.4,199.56,0,0.0,0.0
2024-12-09 17:01:00-05:00,199.7,199.75,199.4,199.65,0,0.0,0.0
2024-12-09 17:02:00-05:00,199.4,210.8876,199.4,199.56,0,0.0,0.0
2024-12-09 17:03:00-05:00,199.63,199.7,199.5,199.55,0,0.0,0.0
2024-12-09 17:04:00-05:00,199.55,199.7,199.55,199.7,0,0.0,0.0
2024-12-09 17:05:00-05:00,199.55,199.65,199.55,199.65,0,0.0,0.0
2024-12-09 17:06:00-05:00,199.55,199.65,199.4,199.65,0,0.0,0.0
2024-12-09 17:07:00-05:00,199.5,199.58,199.5,199.5,0,0.0,0.0
2024-12-09 17:08:00-05:00,199.5,199.5,199.29,199.3,0,0.0,0.0
2024-12-09 17:09:00-05:00,199.5,199.5,199.44,199.48,0,0.0,0.0
2024-12-09 17:10:00-05:00,199.2901,199.5,199.2901,199.5,0,0.0,0.0
2024-12-09 17:11:00-05:00,199.4,199.4,199.3,199.3,0,0.0,0.0
2024-12-09 17:12:00-05:00,199.3,199.4,199.29,199.4,0,0.0,0.0
2024-12-09 17:13:00-05:00,199.4,199.4675,199.3,199.4675,0,0.0,0.0
2024-12-09 17:14:00-05:00,199.29,199.32,199.25,199.26,0,0.0,0.0
2024-12-09 17:15:00-05:00,199.487,199.487,199.35,199.36,0,0.0,0.0
2024-12-09 17:18:00-05:00,199.37,199.5,199.37,199.5,0,0.0,0.0
2024-12-09 17:19:00-05:00,199.44,199.5,199.25,199.49,0,0.0,0.0
2024-12-09 17:20:00-05:00,199.5,199.5,199.5,199.5,0,0.0,0.0
2024-12-09 17:21:00-05:00,199.5,199.5,199.5,199.5,0,0.0,0.0
2024-12-09 17:22:00-05:00,199.36,199.5,199.25,199.3,0,0.0,0.0
2024-12-09 17:24:00-05:00,199.487,199.487,199.48,199.48,0,0.0,0.0
2024-12-09 17:25:00-05:00,199.48,199.48,199.31,199.31,0,0.0,0.0
2024-12-09 17:26:00-05:00,199.48,199.48,199.17,199.17,0,0.0,0.0
2024-12-09 17:27:00-05:00,199.22,199.22,199.17,199.19,0,0.0,0.0
2024-12-09 17:28:00-05:00,199.28,199.28,199.17,199.17,0,0.0,0.0
2024-12-09 17:29:00-05:00,199.4,199.4,199.18,199.18,0,0.0,0.0
2024-12-09 17:30:00-05:00,199.18,199.18,199.18,199.18,0,0.0,0.0
2024-12-09 17:32:00-05:00,199.25,199.25,199.25,199.25,0,0.0,0.0
2024-12-09 17:33:00-05:00,199.2,199.48,199.17,199.17,0,0.0,0.0
2024-12-09 17:34:00-05:00,199.18,199.18,199.18,199.18,0,0.0,0.0
2024-12-09 17:35:00-05:00,199.29,199.29,199.18,199.18,0,0.0,0.0
2024-12-09 17:36:00-05:00,199.4,199.4,199.4,199.4,0,0.0,0.0
2024-12-09 17:37:00-05:00,199.18,199.18,199.18,199.18,0,0.0,0.0
2024-12-09 17:38:00-05:00,199.18,199.18,199.17,199.17,0,0.0,0.0
2024-12-09 17:39:00-05:00,199.17,199.24,199.17,199.24,0,0.0,0.0
2024-12-09 17:40:00-05:00,199.5,199.5,199.25,199.39,0,0.0,0.0
2024-12-09 17:41:00-05:00,199.35,199.5,199.35,199.4888,0,0.0,0.0
2024-12-09 17:43:00-05:00,199.4,199.45,199.4,199.44,0,0.0,0.0
2024-12-09 17:44:00-05:00,199.1782,199.44,199.17,199.17,0,0.0,0.0
2024-12-09 17:45:00-05:00,199.2,199.4,199.2,199.4,0,0.0,0.0
2024-12-09 17:46:00-05:00,199.4,199.41,199.2,199.4,0,0.0,0.0
2024-12-09 17:47:00-05:00,199.26,199.4,199.25,199.4,0,0.0,0.0
2024-12-09 17:48:00-05:00,199.25,199.5,199.25,199.25,0,0.0,0.0
2024-12-09 17:49:00-05:00,199.25,199.5,199.25,199.5,0,0.0,0.0
2024-12-09 17:50:00-05:00,199.4,199.4,199.3,199.3,0,0.0,0.0
2024-12-09 17:51:00-05:00,199.38,199.4,199.38,199.3985,0,0.0,0.0
2024-12-09 17:52:00-05:00,199.3988,199.4,199.39,199.4,0,0.0,0.0
2024-12-09 17:53:00-05:00,199.3996,199.3996,199.38,199.38,0,0.0,0.0
2024-12-09 17:54:00-05:00,199.3805,199.3805,199.3805,199.3805,0,0.0,0.0
2024-12-09 17:55:00-05:00,199.38,199.4,199.3,199.4,0,0.0,0.0
2024-12-09 17:56:00-05:00,199.3,199.3,199.25,199.3,0,0.0,0.0
2024-12-09 17:57:00-05:00,199.25,199.25,199.25,199.25,0,0.0,0.0
2024-12-09 17:58:00-05:00,199.3,199.3,199.25,199.25,0,0.0,0.0
2024-12-09 18:00:00-05:00,199.26,199.4,199.25,199.3,0,0.0,0.0
2024-12-09 18:01:00-05:00,199.25,199.25,199.2113,199.2113,0,0.0,0.0
2024-12-09 18:02:00-05:00,199.21,199.22,199.2,199.2,0,0.0,0.0
2024-12-09 18:03:00-05:00,199.3167,199.3167,199.3167,199.3167,0,0.0,0.0
2024-12-09 18:05:00-05:00,199.2,199.39,199.2,199.39,0,0.0,0.0
2024-12-09 18:06:00-05:00,199.17,199.3,199.17,199.25,0,0.0,0.0
2024-12-09 18:07:00-05:00,199.25,199.29,199.25,199.26,0,0.0,0.0
2024-12-09 18:08:00-05:00,199.39,199.4,199.17,199.29,0,0.0,0.0
2024-12-09 18:09:00-05:00,199.29,199.29,199.29,199.29,0,0.0,0.0
2024-12-09 18:10:00-05:00,199.3667,199.3667,199.29,199.3,0,0.0,0.0
2024-12-09 18:11:00-05:00,199.3,199.3,199.3,199.3,0,0.0,0.0
2024-12-09 18:12:00-05:00,199.3,199.3,199.3,199.3,0,0.0,0.0
2024-12-09 18:13:00-05:00,199.3,199.3,199.2,199.2,0,0.0,0.0
2024-12-09 18:14:00-05:00,199.22,199.22,199.22,199.22,0,0.0,0.0
2024-12-09 18:15:00-05:00,199.22,199.24,199.2,199.2,0,0.0,0.0
2024-12-09 18:16:00-05:00,199.2,199.39,199.2,199.39,0,0.0,0.0
2024-12-09 18:17:00-05:00,199.303,199.303,199.18,199.18,0,0.0,0.0
2024-12-09 18:19:00-05:00,199.18,199.2,199.17,199.2,0,0.0,0.0
2024-12-09 18:21:00-05:00,199.37,199.39,199.17,199.17,0,0.0,0.0
2024-12-09 18:22:00-05:00,199.17,199.17,199.06,199.17,0,0.0,0.0
2024-12-09 18:23:00-05:00,199.18,199.39,199.18,199.39,0,0.0,0.0
2024-12-09 18:24:00-05:00,199.19,199.19,199.17,199.17,0,0.0,0.0
2024-12-09 18:25:00-05:00,199.39,199.39,199.06,199.06,0,0.0,0.0
2024-12-09 18:26:00-05:00,199.19,199.39,199.19,199.39,0,0.0,0.0
2024-12-09 18:27:00-05:00,199.2,199.2,199.2,199.2,0,0.0,0.0
2024-12-09 18:28:00-05:00,199.3,199.3,199.16,199.3,0,0.0,0.0
2024-12-09 18:29:00-05:00,199.2,199.21,199.2,199.21,0,0.0,0.0
2024-12-09 18:30:00-05:00,199.06,199.06,199.06,199.06,0,0.0,0.0
2024-12-09 18:31:00-05:00,199.3,199.3,199.3,199.3,0,0.0,0.0
2024-12-09 18:32:00-05:00,199.3,199.3,199.22,199.22,0,0.0,0.0
2024-12-09 18:34:00-05:00,199.29,199.29,199.29,199.29,0,0.0,0.0
2024-12-09 18:35:00-05:00,199.25,199.25,199.25,199.25,0,0.0,0.0
2024-12-09 18:37:00-05:00,199.23,199.23,199.15,199.15,0,0.0,0.0
2024-12-09 18:38:00-05:00,199.2493,199.2493,199.1,199.1,0,0.0,0.0
2024-12-09 18:39:00-05:00,199.1,199.1,199.06,199.06,0,0.0,0.0
2024-12-09 18:40:00-05:00,199.16,199.25,199.16,199.17,0,0.0,0.0
2024-12-09 18:41:00-05:00,199.1,199.19,199.1,199.19,0,0.0,0.0
2024-12-09 18:42:00-05:00,199.16,199.3,199.16,199.1986,0,0.0,0.0
2024-12-09 18:43:00-05:00,199.18,199.18,199.18,199.18,0,0.0,0.0
2024-12-09 18:44:00-05:00,199.23,199.23,199.17,199.2,0,0.0,0.0
2024-12-09 18:45:00-05:00,199.11,199.22,199.1003,199.11,0,0.0,0.0
2024-12-09 18:46:00-05:00,199.19,199.2463,199.11,199.11,0,0.0,0.0
2024-12-09 18:47:00-05:00,199.24,199.24,199.24,199.24,0,0.0,0.0
2024-12-09 18:48:00-05:00,199.07,199.29,199.07,199.29,0,0.0,0.0
2024-12-09 18:49:00-05:00,199.06,199.2,199.06,199.2,0,0.0,0.0
2024-12-09 18:51:00-05:00,199.24,199.29,199.22,199.22,0,0.0,0.0
2024-12-09 18:52:00-05:00,199.2681,199.29,199.22,199.22,0,0.0,0.0
2024-12-09 18:53:00-05:00,199.29,199.3,199.25,199.25,0,0.0,0.0
2024-12-09 18:54:00-05:00,199.25,199.25,199.22,199.22,0,0.0,0.0
2024-12-09 18:55:00-05:00,199.25,199.3,199.22,199.3,0,0.0,0.0
2024-12-09 18:56:00-05:00,199.24,199.24,199.24,199.24,0,0.0,0.0
2024-12-09 18:57:00-05:00,199.24,199.3,199.22,199.24,0,0.0,0.0
2024-12-09 18:58:00-05:00,199.23,199.35,199.22,199.35,0,0.0,0.0
2024-12-09 18:59:00-05:00,199.22,199.35,199.22,199.23,0,0.0,0.0
2024-12-09 19:00:00-05:00,199.26,199.45,199.26,199.45,0,0.0,0.0
2024-12-09 19:01:00-05:00,199.21,199.25,199.2,199.25,0,0.0,0.0
2024-12-09 19:02:00-05:00,199.25,199.48,199.06,199.14,0,0.0,0.0
2024-12-09 19:03:00-05:00,199.14,199.15,199.14,199.15,0,0.0,0.0
2024-12-09 19:04:00-05:00,199.15,199.15,199.09,199.15,0,0.0,0.0
2024-12-09 19:06:00-05:00,199.15,199.15,199.15,199.15,0,0.0,0.0
2024-12-09 19:07:00-05:00,199.15,199.5,199.15,199.15,0,0.0,0.0
2024-12-09 19:08:00-05:00,199.42,199.42,199.07,199.14,0,0.0,0.0
2024-12-09 19:09:00-05:00,199.0501,199.38,199.0501,199.08,0,0.0,0.0
2024-12-09 19:10:00-05:00,199.07,199.07,199.07,199.07,0,0.0,0.0
2024-12-09 19:11:00-05:00,199.09,199.25,199.08,199.25,0,0.0,0.0
2024-12-09 19:12:00-05:00,199.2,199.2,199.2,199.2,0,0.0,0.0
2024-12-09 19:13:00-05:00,199.19,199.201,199.08,199.08,0,0.0,0.0
2024-12-09 19:14:00-05:00,199.25,199.25,199.09,199.09,0,0.0,0.0
2024-12-09 19:15:00-05:00,199.1,199.23,199.09,199.09,0,0.0,0.0
2024-12-09 19:16:00-05:00,199.48,199.48,199.09,199.09,0,0.0,0.0
2024-12-09 19:18:00-05:00,199.29,199.29,199.08,199.08,0,0.0,0.0
2024-12-09 19:19:00-05:00,199.1,199.1,199.1,199.1,0,0.0,0.0
2024-12-09 19:20:00-05:00,199.49,199.49,199.49,199.49,0,0.0,0.0
2024-12-09 19:21:00-05:00,199.24,199.3,199.1,199.11,0,0.0,0.0
2024-12-09 19:22:00-05:00,199.11,199.11,199.09,199.09,0,0.0,0.0
2024-12-09 19:23:00-05:00,199.09,199.09,199.09,199.09,0,0.0,0.0
2024-12-09 19:24:00-05:00,199.29,199.29,199.29,199.29,0,0.0,0.0
2024-12-09 19:25:00-05:00,199.24,199.24,199.11,199.11,0,0.0,0.0
2024-12-09 19:26:00-05:00,199.11,199.29,199.11,199.11,0,0.0,0.0
2024-12-09 19:27:00-05:00,199.29,199.29,199.0,199.02,0,0.0,0.0
2024-12-09 19:28:00-05:00,199.01,199.01,199.0,199.0,0,0.0,0.0
2024-12-09 19:29:00-05:00,199.2,199.28,199.2,199.28,0,0.0,0.0
2024-12-09 19:30:00-05:00,199.01,199.01,199.01,199.01,0,0.0,0.0
2024-12-09 19:31:00-05:00,199.13,199.25,199.0,199.01,0,0.0,0.0
2024-12-09 19:32:00-05:00,199.398,199.398,199.398,199.398,0,0.0,0.0
2024-12-09 19:33:00-05:00,199.02,199.2,199.02,199.03,0,0.0,0.0
2024-12-09 19:34:00-05:00,199.03,199.03,199.03,199.03,0,0.0,0.0
2024-12-09 19:36:00-05:00,199.48,199.48,199.48,199.48,0,0.0,0.0
2024-12-09 19:37:00-05:00,199.48,199.48,199.3,199.3,0,0.0,0.0
2024-12-09 19:38:00-05:00,199.3,199.49,199.2,199.49,0,0.0,0.0
2024-12-09 19:39:00-05:00,199.2,199.2,199.2,199.2,0,0.0,0.0
2024-12-09 19:40:00-05:00,199.49,199.49,199.49,199.49,0,0.0,0.0
2024-12-09 19:41:00-05:00,199.2,199.3,199.2,199.3,0,0.0,0.0
2024-12-09 19:42:00-05:00,199.3,199.35,199.3,199.35,0,0.0,0.0
2024-12-09 19:43:00-05:00,199.49,199.49,199.4,199.4,0,0.0,0.0
2024-12-09 19:45:00-05:00,199.26,199.26,199.2,199.2,0,0.0,0.0
2024-12-09 19:46:00-05:00,199.2,199.3999,199.2,199.3999,0,0.0,0.0
2024-12-09 19:47:00-05:00,199.4,199.4,199.39,199.39,0,0.0,0.0
2024-12-09 19:48:00-05:00,199.39,199.39,199.39,199.39,0,0.0,0.0
2024-12-09 19:49:00-05:00,199.21,199.2999,199.15,199.15,0,0.0,0.0
2024-12-09 19:50:00-05:00,199.26,199.3,199.26,199.3,0,0.0,0.0
2024-12-09 19:51:00-05:00,199.15,199.15,199.11,199.11,0,0.0,0.0
2024-12-09 19:53:00-05:00,199.2,199.2,199.1,199.1,0,0.0,0.0
2024-12-09 19:54:00-05:00,199.1,199.1,199.03,199.1,0,0.0,0.0
2024-12-09 19:55:00-05:00,199.1,199.1952,199.03,199.03,0,0.0,0.0
2024-12-09 19:56:00-05:00,199.04,199.176,199.04,199.176,0,0.0,0.0
2024-12-09 19:57:00-05:00,199.0504,199.18,199.05,199.05,0,0.0,0.0
2024-12-09 19:58:00-05:00,199.1,199.1,199.05,199.1,0,0.0,0.0
2024-12-09 19:59:00-05:00,199.2,199.2,199.2,199.2,0,0.0,0.0
