time,Open,High,Low,Close,Volume,Dividends,Stock Splits
2024-12-13 04:00:00-05:00,195.2,195.3,194.68,195.09,0,0.0,0.0
2024-12-13 04:01:00-05:00,195.16,195.26,194.67,195.0,0,0.0,0.0
2024-12-13 04:02:00-05:00,195.01,195.21,194.77,194.88,0,0.0,0.0
2024-12-13 04:03:00-05:00,195.15,195.22,195.06,195.06,0,0.0,0.0
2024-12-13 04:04:00-05:00,195.02,195.2,195.0,195.07,0,0.0,0.0
2024-12-13 04:05:00-05:00,195.1,195.2,194.95,195.06,0,0.0,0.0
2024-12-13 04:06:00-05:00,195.09,195.11,194.77,194.95,0,0.0,0.0
2024-12-13 04:07:00-05:00,194.95,194.99,194.81,194.83,0,0.0,0.0
2024-12-13 04:08:00-05:00,194.93,194.98,194.8,194.81,0,0.0,0.0
2024-12-13 04:09:00-05:00,194.8,194.87,194.7,194.87,0,0.0,0.0
2024-12-13 04:10:00-05:00,194.7,194.8,194.7,194.8,0,0.0,0.0
2024-12-13 04:11:00-05:00,194.76,194.76,194.5,194.5,0,0.0,0.0
2024-12-13 04:12:00-05:00,194.62,194.86,194.62,194.8,0,0.0,0.0
2024-12-13 04:13:00-05:00,194.85,194.85,194.85,194.85,0,0.0,0.0
2024-12-13 04:14:00-05:00,194.8,194.82,194.71,194.71,0,0.0,0.0
2024-12-13 04:15:00-05:00,194.71,194.71,194.71,194.71,0,0.0,0.0
2024-12-13 04:16:00-05:00,194.7,194.72,194.7,194.7,0,0.0,0.0
2024-12-13 04:17:00-05:00,194.8,194.82,194.71,194.71,0,0.0,0.0
2024-12-13 04:18:00-05:00,194.71,194.82,194.71,194.82,0,0.0,0.0
2024-12-13 04:19:00-05:00,194.82,194.83,194.82,194.83,0,0.0,0.0
2024-12-13 04:20:00-05:00,194.83,194.85,194.8,194.85,0,0.0,0.0
2024-12-13 04:21:00-05:00,194.84,195.0,194.8,194.92,0,0.0,0.0
2024-12-13 04:22:00-05:00,194.95,194.95,194.88,194.9,0,0.0,0.0
2024-12-13 04:23:00-05:00,194.9,194.9,194.89,194.9,0,0.0,0.0
2024-12-13 04:24:00-05:00,194.95,195.27,194.95,195.25,0,0.0,0.0
2024-12-13 04:25:00-05:00,195.25,195.25,195.0,195.06,0,0.0,0.0
2024-12-13 04:26:00-05:00,195.05,195.19,195.05,195.19,0,0.0,0.0
2024-12-13 04:27:00-05:00,195.06,195.1,195.0,195.09,0,0.0,0.0
2024-12-13 04:28:00-05:00,195.07,195.1,195.01,195.1,0,0.0,0.0
2024-12-13 04:29:00-05:00,195.13,195.14,195.0,195.0,0,0.0,0.0
2024-12-13 04:30:00-05:00,195.0,195.07,195.0,195.0,0,0.0,0.0
2024-12-13 04:31:00-05:00,195.1,195.1,195.1,195.1,0,0.0,0.0
2024-12-13 04:32:00-05:00,195.01,195.02,195.0,195.0,0,0.0,0.0
2024-12-13 04:33:00-05:00,195.0,195.0,195.0,195.0,0,0.0,0.0
2024-12-13 04:34:00-05:00,195.02,195.02,194.96,194.96,0,0.0,0.0
2024-12-13 04:35:00-05:00,194.9,194.95,194.9,194.95,0,0.0,0.0
2024-12-13 04:36:00-05:00,194.9,194.94,194.85,194.94,0,0.0,0.0
2024-12-13 04:38:00-05:00,194.96,195.0,194.96,195.0,0,0.0,0.0
2024-12-13 04:39:00-05:00,195.01,195.01,194.99,194.99,0,0.0,0.0
2024-12-13 04:40:00-05:00,195.0,195.0,194.99,194.99,0,0.0,0.0
2024-12-13 04:41:00-05:00,194.98,195.0,194.95,194.95,0,0.0,0.0
2024-12-13 04:42:00-05:00,195.05,195.05,195.0,195.0,0,0.0,0.0
2024-12-13 04:43:00-05:00,195.0,195.0,195.0,195.0,0,0.0,0.0
2024-12-13 04:44:00-05:00,195.02,195.1,195.02,195.1,0,0.0,0.0
2024-12-13 04:45:00-05:00,195.1,195.16,195.1,195.16,0,0.0,0.0
2024-12-13 04:46:00-05:00,195.15,195.15,195.13,195.13,0,0.0,0.0
2024-12-13 04:47:00-05:00,195.14,195.16,195.14,195.16,0,0.0,0.0
2024-12-13 04:48:00-05:00,195.07,195.13,195.02,195.13,0,0.0,0.0
2024-12-13 04:49:00-05:00,195.1,195.1,195.09,195.09,0,0.0,0.0
2024-12-13 04:50:00-05:00,195.1,195.1,195.05,195.05,0,0.0,0.0
2024-12-13 04:51:00-05:00,195.05,195.09,195.05,195.09,0,0.0,0.0
2024-12-13 04:52:00-05:00,195.05,195.05,194.95,194.95,0,0.0,0.0
2024-12-13 04:53:00-05:00,195.06,195.06,194.84,194.84,0,0.0,0.0
2024-12-13 04:54:00-05:00,194.97,194.97,194.87,194.96,0,0.0,0.0
2024-12-13 04:55:00-05:00,194.84,194.84,194.65,194.82,0,0.0,0.0
2024-12-13 04:56:00-05:00,194.82,194.98,194.82,194.98,0,0.0,0.0
2024-12-13 04:57:00-05:00,194.98,195.0,194.96,194.96,0,0.0,0.0
2024-12-13 04:58:00-05:00,194.99,195.1,194.99,195.1,0,0.0,0.0
2024-12-13 04:59:00-05:00,195.0,195.06,194.93,194.94,0,0.0,0.0
2024-12-13 05:00:00-05:00,194.94,194.94,194.92,194.92,0,0.0,0.0
2024-12-13 05:01:00-05:00,194.87,194.93,194.83,194.93,0,0.0,0.0
2024-12-13 05:02:00-05:00,194.91,194.93,194.91,194.93,0,0.0,0.0
2024-12-13 05:03:00-05:00,194.93,194.99,194.93,194.97,0,0.0,0.0
2024-12-13 05:04:00-05:00,194.87,195.11,194.87,195.05,0,0.0,0.0
2024-12-13 05:05:00-05:00,195.14,195.14,195.04,195.04,0,0.0,0.0
2024-12-13 05:06:00-05:00,195.13,195.13,195.13,195.13,0,0.0,0.0
2024-12-13 05:07:00-05:00,195.07,195.07,195.07,195.07,0,0.0,0.0
2024-12-13 05:08:00-05:00,195.14,195.28,195.0,195.28,0,0.0,0.0
2024-12-13 05:10:00-05:00,195.24,195.24,195.24,195.24,0,0.0,0.0
2024-12-13 05:11:00-05:00,195.24,195.24,195.16,195.16,0,0.0,0.0
2024-12-13 05:12:00-05:00,195.24,195.27,195.24,195.24,0,0.0,0.0
2024-12-13 05:13:00-05:00,195.17,195.17,195.17,195.17,0,0.0,0.0
2024-12-13 05:14:00-05:00,195.22,195.22,195.22,195.22,0,0.0,0.0
2024-12-13 05:15:00-05:00,195.19,195.19,195.18,195.18,0,0.0,0.0
2024-12-13 05:16:00-05:00,195.19,195.21,195.19,195.2,0,0.0,0.0
2024-12-13 05:17:00-05:00,195.2,195.22,195.2,195.22,0,0.0,0.0
2024-12-13 05:18:00-05:00,195.17,195.17,195.17,195.17,0,0.0,0.0
2024-12-13 05:19:00-05:00,195.17,195.17,195.17,195.17,0,0.0,0.0
2024-12-13 05:20:00-05:00,195.18,195.22,195.17,195.21,0,0.0,0.0
2024-12-13 05:21:00-05:00,195.17,195.18,195.14,195.18,0,0.0,0.0
2024-12-13 05:22:00-05:00,195.18,195.18,195.17,195.17,0,0.0,0.0
2024-12-13 05:23:00-05:00,195.15,195.17,195.15,195.17,0,0.0,0.0
2024-12-13 05:24:00-05:00,195.14,195.14,195.12,195.12,0,0.0,0.0
2024-12-13 05:25:00-05:00,195.13,195.13,195.0,195.0,0,0.0,0.0
2024-12-13 05:26:00-05:00,195.03,195.15,195.03,195.15,0,0.0,0.0
2024-12-13 05:27:00-05:00,195.16,195.18,195.07,195.07,0,0.0,0.0
2024-12-13 05:29:00-05:00,195.17,195.17,195.17,195.17,0,0.0,0.0
2024-12-13 05:30:00-05:00,195.11,195.15,195.06,195.15,0,0.0,0.0
2024-12-13 05:31:00-05:00,195.14,195.14,195.14,195.14,0,0.0,0.0
2024-12-13 05:32:00-05:00,195.14,195.14,195.14,195.14,0,0.0,0.0
2024-12-13 05:33:00-05:00,195.07,195.15,195.03,195.15,0,0.0,0.0
2024-12-13 05:34:00-05:00,195.16,195.2,195.15,195.2,0,0.0,0.0
2024-12-13 05:35:00-05:00,195.22,195.22,195.07,195.07,0,0.0,0.0
2024-12-13 05:36:00-05:00,195.2,195.2,195.2,195.2,0,0.0,0.0
2024-12-13 05:37:00-05:00,195.2,195.2,195.2,195.2,0,0.0,0.0
2024-12-13 05:38:00-05:00,195.18,195.18,195.17,195.17,0,0.0,0.0
2024-12-13 05:39:00-05:00,195.18,195.18,195.17,195.17,0,0.0,0.0
2024-12-13 05:40:00-05:00,195.18,195.18,195.16,195.16,0,0.0,0.0
2024-12-13 05:41:00-05:00,195.17,195.2,195.17,195.17,0,0.0,0.0
2024-12-13 05:42:00-05:00,195.21,195.22,195.2,195.22,0,0.0,0.0
2024-12-13 05:43:00-05:00,195.22,195.28,195.21,195.28,0,0.0,0.0
2024-12-13 05:44:00-05:00,195.28,195.3,195.27,195.3,0,0.0,0.0
2024-12-13 05:45:00-05:00,195.39,195.4,195.39,195.4,0,0.0,0.0
2024-12-13 05:46:00-05:00,195.4,195.4,195.29,195.3,0,0.0,0.0
2024-12-13 05:47:00-05:00,195.33,195.4,195.33,195.4,0,0.0,0.0
2024-12-13 05:48:00-05:00,195.32,195.4,195.32,195.4,0,0.0,0.0
2024-12-13 05:49:00-05:00,195.38,195.4,195.36,195.4,0,0.0,0.0
2024-12-13 05:50:00-05:00,195.4,195.43,195.4,195.42,0,0.0,0.0
2024-12-13 05:51:00-05:00,195.46,195.46,195.43,195.45,0,0.0,0.0
2024-12-13 05:52:00-05:00,195.45,195.47,195.42,195.45,0,0.0,0.0
2024-12-13 05:53:00-05:00,195.45,195.45,195.45,195.45,0,0.0,0.0
2024-12-13 05:54:00-05:00,195.45,195.47,195.45,195.45,0,0.0,0.0
2024-12-13 05:55:00-05:00,195.45,195.45,195.45,195.45,0,0.0,0.0
2024-12-13 05:56:00-05:00,195.45,195.45,195.45,195.45,0,0.0,0.0
2024-12-13 05:57:00-05:00,195.45,195.45,195.4,195.45,0,0.0,0.0
2024-12-13 05:58:00-05:00,195.4,195.48,195.4,195.48,0,0.0,0.0
2024-12-13 05:59:00-05:00,195.4,195.46,195.4,195.45,0,0.0,0.0
2024-12-13 06:00:00-05:00,195.43,195.48,195.41,195.41,0,0.0,0.0
2024-12-13 06:01:00-05:00,195.43,195.6,195.43,195.51,0,0.0,0.0
2024-12-13 06:02:00-05:00,195.57,195.57,195.49,195.49,0,0.0,0.0
2024-12-13 06:03:00-05:00,195.49,195.56,195.45,195.53,0,0.0,0.0
2024-12-13 06:04:00-05:00,195.52,195.52,195.45,195.5,0,0.0,0.0
2024-12-13 06:05:00-05:00,195.5,195.55,195.5,195.52,0,0.0,0.0
2024-12-13 06:06:00-05:00,195.46,195.46,195.46,195.46,0,0.0,0.0
2024-12-13 06:07:00-05:00,195.46,195.52,195.45,195.47,0,0.0,0.0
2024-12-13 06:08:00-05:00,195.52,195.52,195.52,195.52,0,0.0,0.0
2024-12-13 06:09:00-05:00,195.57,195.57,195.51,195.51,0,0.0,0.0
2024-12-13 06:10:00-05:00,195.56,195.56,195.45,195.45,0,0.0,0.0
2024-12-13 06:11:00-05:00,195.45,195.54,195.45,195.52,0,0.0,0.0
2024-12-13 06:12:00-05:00,195.47,195.47,195.47,195.47,0,0.0,0.0
2024-12-13 06:13:00-05:00,195.52,195.52,195.46,195.47,0,0.0,0.0
2024-12-13 06:14:00-05:00,195.52,195.52,195.52,195.52,0,0.0,0.0
2024-12-13 06:15:00-05:00,195.55,195.57,195.54,195.55,0,0.0,0.0
2024-12-13 06:16:00-05:00,195.53,195.53,195.52,195.52,0,0.0,0.0
2024-12-13 06:17:00-05:00,195.57,195.57,195.57,195.57,0,0.0,0.0
2024-12-13 06:18:00-05:00,195.59,195.59,195.57,195.57,0,0.0,0.0
2024-12-13 06:19:00-05:00,195.59,195.64,195.59,195.64,0,0.0,0.0
2024-12-13 06:20:00-05:00,195.63,195.65,195.59,195.59,0,0.0,0.0
2024-12-13 06:21:00-05:00,195.59,195.59,195.52,195.55,0,0.0,0.0
2024-12-13 06:22:00-05:00,195.55,195.55,195.49,195.52,0,0.0,0.0
2024-12-13 06:23:00-05:00,195.55,195.58,195.53,195.53,0,0.0,0.0
2024-12-13 06:24:00-05:00,195.51,195.51,195.51,195.51,0,0.0,0.0
2024-12-13 06:25:00-05:00,195.52,195.55,195.52,195.52,0,0.0,0.0
2024-12-13 06:26:00-05:00,195.58,195.58,195.58,195.58,0,0.0,0.0
2024-12-13 06:27:00-05:00,195.55,195.58,195.53,195.58,0,0.0,0.0
2024-12-13 06:28:00-05:00,195.56,195.56,195.56,195.56,0,0.0,0.0
2024-12-13 06:29:00-05:00,195.55,195.57,195.55,195.57,0,0.0,0.0
2024-12-13 06:30:00-05:00,195.55,195.62,195.55,195.62,0,0.0,0.0
2024-12-13 06:31:00-05:00,195.69,195.7,195.69,195.7,0,0.0,0.0
2024-12-13 06:32:00-05:00,195.7,195.81,195.67,195.81,0,0.0,0.0
2024-12-13 06:33:00-05:00,195.73,195.73,195.69,195.7,0,0.0,0.0
2024-12-13 06:34:00-05:00,195.7,195.76,195.65,195.71,0,0.0,0.0
2024-12-13 06:35:00-05:00,195.7,195.8,195.7,195.8,0,0.0,0.0
2024-12-13 06:36:00-05:00,195.79,195.79,195.7,195.7,0,0.0,0.0
2024-12-13 06:37:00-05:00,195.65,195.74,195.65,195.66,0,0.0,0.0
2024-12-13 06:38:00-05:00,195.75,195.75,195.66,195.66,0,0.0,0.0
2024-12-13 06:39:00-05:00,195.66,195.66,195.66,195.66,0,0.0,0.0
2024-12-13 06:40:00-05:00,195.66,195.7,195.62,195.7,0,0.0,0.0
2024-12-13 06:41:00-05:00,195.69,195.7,195.69,195.7,0,0.0,0.0
2024-12-13 06:43:00-05:00,195.69,195.69,195.63,195.63,0,0.0,0.0
2024-12-13 06:44:00-05:00,195.64,195.7,195.64,195.65,0,0.0,0.0
2024-12-13 06:45:00-05:00,195.71,195.81,195.7,195.81,0,0.0,0.0
2024-12-13 06:46:00-05:00,195.73,195.73,195.73,195.73,0,0.0,0.0
2024-12-13 06:47:00-05:00,195.71,195.84,195.7,195.7,0,0.0,0.0
2024-12-13 06:48:00-05:00,195.7,195.7,195.65,195.65,0,0.0,0.0
2024-12-13 06:49:00-05:00,195.82,195.83,195.82,195.83,0,0.0,0.0
2024-12-13 06:50:00-05:00,195.71,195.72,195.7,195.7,0,0.0,0.0
2024-12-13 06:51:00-05:00,195.7,195.8,195.68,195.68,0,0.0,0.0
2024-12-13 06:52:00-05:00,195.66,195.66,195.62,195.62,0,0.0,0.0
2024-12-13 06:53:00-05:00,195.75,195.77,195.68,195.68,0,0.0,0.0
2024-12-13 06:54:00-05:00,195.63,195.71,195.63,195.71,0,0.0,0.0
2024-12-13 06:55:00-05:00,195.75,195.75,195.75,195.75,0,0.0,0.0
2024-12-13 06:56:00-05:00,195.68,195.7,195.68,195.68,0,0.0,0.0
2024-12-13 06:57:00-05:00,195.69,195.69,195.67,195.67,0,0.0,0.0
2024-12-13 06:58:00-05:00,195.68,195.69,195.63,195.63,0,0.0,0.0
2024-12-13 06:59:00-05:00,195.72,195.75,195.72,195.75,0,0.0,0.0
2024-12-13 07:00:00-05:00,195.65,195.66,195.33,195.33,0,0.0,0.0
2024-12-13 07:01:00-05:00,195.4,195.41,195.33,195.33,0,0.0,0.0
2024-12-13 07:02:00-05:00,195.39,195.4,195.37,195.4,0,0.0,0.0
2024-12-13 07:03:00-05:00,195.4,195.4,195.4,195.4,0,0.0,0.0
2024-12-13 07:04:00-05:00,195.51,195.51,195.46,195.46,0,0.0,0.0
2024-12-13 07:05:00-05:00,195.46,195.57,195.41,195.51,0,0.0,0.0
2024-12-13 07:06:00-05:00,195.5,195.55,195.47,195.55,0,0.0,0.0
2024-12-13 07:07:00-05:00,195.5,195.58,195.5,195.53,0,0.0,0.0
2024-12-13 07:08:00-05:00,195.52,195.65,195.52,195.65,0,0.0,0.0
2024-12-13 07:09:00-05:00,195.6,195.63,195.54,195.54,0,0.0,0.0
2024-12-13 07:10:00-05:00,195.54,195.54,195.54,195.54,0,0.0,0.0
2024-12-13 07:11:00-05:00,195.55,195.6,195.5,195.6,0,0.0,0.0
2024-12-13 07:12:00-05:00,195.48,195.48,195.48,195.48,0,0.0,0.0
2024-12-13 07:13:00-05:00,195.51,195.57,195.51,195.57,0,0.0,0.0
2024-12-13 07:14:00-05:00,195.55,195.55,195.52,195.55,0,0.0,0.0
2024-12-13 07:15:00-05:00,195.55,195.55,195.42,195.42,0,0.0,0.0
2024-12-13 07:16:00-05:00,195.41,195.5,195.41,195.5,0,0.0,0.0
2024-12-13 07:17:00-05:00,195.52,195.52,195.45,195.5,0,0.0,0.0
2024-12-13 07:18:00-05:00,195.45,195.48,195.45,195.48,0,0.0,0.0
2024-12-13 07:19:00-05:00,195.49,195.5,195.49,195.5,0,0.0,0.0
2024-12-13 07:20:00-05:00,195.5,195.54,195.41,195.51,0,0.0,0.0
2024-12-13 07:21:00-05:00,195.5,195.5,195.24,195.4,0,0.0,0.0
2024-12-13 07:22:00-05:00,195.38,195.38,195.33,195.33,0,0.0,0.0
2024-12-13 07:23:00-05:00,195.34,195.39,195.34,195.38,0,0.0,0.0
2024-12-13 07:24:00-05:00,195.38,195.5,195.38,195.5,0,0.0,0.0
2024-12-13 07:25:00-05:00,195.5,195.5,195.41,195.49,0,0.0,0.0
2024-12-13 07:26:00-05:00,195.38,195.39,195.3,195.32,0,0.0,0.0
2024-12-13 07:27:00-05:00,195.32,195.4,195.32,195.4,0,0.0,0.0
2024-12-13 07:28:00-05:00,195.33,195.4,195.32,195.4,0,0.0,0.0
2024-12-13 07:29:00-05:00,195.45,195.49,195.43,195.49,0,0.0,0.0
2024-12-13 07:30:00-05:00,195.49,195.49,195.43,195.43,0,0.0,0.0
2024-12-13 07:31:00-05:00,195.4,195.45,195.33,195.33,0,0.0,0.0
2024-12-13 07:32:00-05:00,195.35,195.45,195.35,195.4,0,0.0,0.0
2024-12-13 07:33:00-05:00,195.47,195.48,195.45,195.45,0,0.0,0.0
2024-12-13 07:34:00-05:00,195.45,195.5,195.43,195.5,0,0.0,0.0
2024-12-13 07:35:00-05:00,195.5,195.58,195.5,195.51,0,0.0,0.0
2024-12-13 07:36:00-05:00,195.52,195.55,195.52,195.55,0,0.0,0.0
2024-12-13 07:37:00-05:00,195.51,195.55,195.49,195.55,0,0.0,0.0
2024-12-13 07:38:00-05:00,195.53,195.58,195.5,195.58,0,0.0,0.0
2024-12-13 07:39:00-05:00,195.54,195.54,195.49,195.52,0,0.0,0.0
2024-12-13 07:40:00-05:00,195.55,195.6,195.55,195.6,0,0.0,0.0
2024-12-13 07:41:00-05:00,195.63,195.63,195.63,195.63,0,0.0,0.0
2024-12-13 07:42:00-05:00,195.66,195.76,195.66,195.76,0,0.0,0.0
2024-12-13 07:43:00-05:00,195.73,195.79,195.71,195.71,0,0.0,0.0
2024-12-13 07:44:00-05:00,195.73,195.73,195.71,195.73,0,0.0,0.0
2024-12-13 07:45:00-05:00,195.71,195.71,195.7,195.7,0,0.0,0.0
2024-12-13 07:46:00-05:00,195.63,195.8,195.63,195.8,0,0.0,0.0
2024-12-13 07:47:00-05:00,195.81,195.85,195.81,195.85,0,0.0,0.0
2024-12-13 07:48:00-05:00,195.88,195.9,195.82,195.82,0,0.0,0.0
2024-12-13 07:49:00-05:00,195.87,195.87,195.79,195.82,0,0.0,0.0
2024-12-13 07:50:00-05:00,195.84,195.85,195.78,195.83,0,0.0,0.0
2024-12-13 07:51:00-05:00,195.84,195.85,195.84,195.85,0,0.0,0.0
2024-12-13 07:52:00-05:00,195.86,195.9,195.86,195.9,0,0.0,0.0
2024-12-13 07:53:00-05:00,195.89,195.92,195.88,195.88,0,0.0,0.0
2024-12-13 07:54:00-05:00,195.92,196.11,195.89,196.01,0,0.0,0.0
2024-12-13 07:55:00-05:00,196.02,196.08,195.98,196.08,0,0.0,0.0
2024-12-13 07:56:00-05:00,196.08,196.09,196.0,196.08,0,0.0,0.0
2024-12-13 07:57:00-05:00,196.08,196.09,196.01,196.01,0,0.0,0.0
2024-12-13 07:58:00-05:00,196.01,196.05,195.95,196.04,0,0.0,0.0
2024-12-13 07:59:00-05:00,196.06,196.07,196.05,196.06,0,0.0,0.0
2024-12-13 08:00:00-05:00,195.4,196.14,194.41,196.0,0,0.0,0.0
2024-12-13 08:01:00-05:00,196.01,196.14,194.8,196.08,0,0.0,0.0
2024-12-13 08:02:00-05:00,196.0,196.13,196.0,196.13,0,0.0,0.0
2024-12-13 08:03:00-05:00,196.0,196.01,195.88,195.96,0,0.0,0.0
2024-12-13 08:04:00-05:00,196.0,196.0,195.9,196.0,0,0.0,0.0
2024-12-13 08:05:00-05:00,191.46,196.01,191.46,196.01,0,0.0,0.0
2024-12-13 08:06:00-05:00,196.03,196.15,196.0,196.1,0,0.0,0.0
2024-12-13 08:07:00-05:00,196.04,196.18,196.04,196.08,0,0.0,0.0
2024-12-13 08:08:00-05:00,196.08,196.25,195.9745,196.2,0,0.0,0.0
2024-12-13 08:09:00-05:00,196.22,196.37,196.18,196.19,0,0.0,0.0
2024-12-13 08:10:00-05:00,196.26,196.37,196.25,196.26,0,0.0,0.0
2024-12-13 08:11:00-05:00,196.26,196.349,196.24,196.31,0,0.0,0.0
2024-12-13 08:12:00-05:00,196.34,196.44,196.26,196.44,0,0.0,0.0
2024-12-13 08:13:00-05:00,196.43,196.55,196.4001,196.4001,0,0.0,0.0
2024-12-13 08:14:00-05:00,196.52,196.58,196.5,196.5,0,0.0,0.0
2024-12-13 08:15:00-05:00,196.58,196.58,196.42,196.475,0,0.0,0.0
2024-12-13 08:16:00-05:00,196.475,196.55,196.42,196.55,0,0.0,0.0
2024-12-13 08:17:00-05:00,196.25,196.54,196.13,196.33,0,0.0,0.0
2024-12-13 08:18:00-05:00,196.54,196.54,196.48,196.49,0,0.0,0.0
2024-12-13 08:19:00-05:00,196.2,196.49,196.2,196.28,0,0.0,0.0
2024-12-13 08:20:00-05:00,196.49,196.49,196.29,196.29,0,0.0,0.0
2024-12-13 08:21:00-05:00,196.37,196.48,196.35,196.39,0,0.0,0.0
2024-12-13 08:22:00-05:00,196.4,196.48,196.32,196.43,0,0.0,0.0
2024-12-13 08:23:00-05:00,196.44,196.55,196.43,196.54,0,0.0,0.0
2024-12-13 08:24:00-05:00,196.55,196.67,196.49,196.66,0,0.0,0.0
2024-12-13 08:25:00-05:00,196.59,196.71,196.512,196.512,0,0.0,0.0
2024-12-13 08:26:00-05:00,196.65,196.7202,196.56,196.7,0,0.0,0.0
2024-12-13 08:27:00-05:00,196.59,196.72,196.56,196.72,0,0.0,0.0
2024-12-13 08:28:00-05:00,196.72,196.72,196.56,196.56,0,0.0,0.0
2024-12-13 08:29:00-05:00,196.71,196.72,196.56,196.56,0,0.0,0.0
2024-12-13 08:30:00-05:00,196.56,196.7,196.51,196.7,0,0.0,0.0
2024-12-13 08:31:00-05:00,196.51,196.7,196.51,196.61,0,0.0,0.0
2024-12-13 08:32:00-05:00,196.6,196.7,196.5,196.6,0,0.0,0.0
2024-12-13 08:33:00-05:00,196.67,196.75,196.6,196.75,0,0.0,0.0
2024-12-13 08:34:00-05:00,196.76,196.88,196.76,196.83,0,0.0,0.0
2024-12-13 08:35:00-05:00,196.87,196.9,196.75,196.9,0,0.0,0.0
2024-12-13 08:36:00-05:00,196.9,196.9,196.69,196.89,0,0.0,0.0
2024-12-13 08:37:00-05:00,196.89,196.9,196.8,196.85,0,0.0,0.0
2024-12-13 08:38:00-05:00,196.89,196.89,196.69,196.86,0,0.0,0.0
2024-12-13 08:39:00-05:00,196.87,196.9,196.8,196.86,0,0.0,0.0
2024-12-13 08:40:00-05:00,196.87,196.88,196.79,196.87,0,0.0,0.0
2024-12-13 08:41:00-05:00,196.87,196.88,196.73,196.88,0,0.0,0.0
2024-12-13 08:42:00-05:00,196.88,196.88,196.75,196.75,0,0.0,0.0
2024-12-13 08:43:00-05:00,196.82,196.85,196.79,196.84,0,0.0,0.0
2024-12-13 08:44:00-05:00,196.83,197.18,196.83,196.9,0,0.0,0.0
2024-12-13 08:45:00-05:00,197.06,197.26,197.0,197.24,0,0.0,0.0
2024-12-13 08:46:00-05:00,197.2,197.4952,197.18,197.3,0,0.0,0.0
2024-12-13 08:47:00-05:00,197.1,197.5,197.1,197.45,0,0.0,0.0
2024-12-13 08:48:00-05:00,197.45,197.62,197.21,197.55,0,0.0,0.0
2024-12-13 08:49:00-05:00,197.7,197.7,197.4,197.46,0,0.0,0.0
2024-12-13 08:50:00-05:00,197.41,197.51,197.4,197.45,0,0.0,0.0
2024-12-13 08:51:00-05:00,197.49,197.5,197.3,197.4005,0,0.0,0.0
2024-12-13 08:52:00-05:00,197.43,197.4995,197.4,197.4,0,0.0,0.0
2024-12-13 08:53:00-05:00,197.4,197.47,197.1,197.35,0,0.0,0.0
2024-12-13 08:54:00-05:00,197.35,197.45,197.26,197.35,0,0.0,0.0
2024-12-13 08:55:00-05:00,197.38,197.5,197.35,197.5,0,0.0,0.0
2024-12-13 08:56:00-05:00,197.43,197.5,197.35,197.42,0,0.0,0.0
2024-12-13 08:57:00-05:00,197.45,197.54,197.45,197.495,0,0.0,0.0
2024-12-13 08:58:00-05:00,197.47,197.54,197.45,197.46,0,0.0,0.0
2024-12-13 08:59:00-05:00,197.5,197.5399,197.4,197.5,0,0.0,0.0
2024-12-13 09:00:00-05:00,197.43,197.5,197.25,197.26,0,0.0,0.0
2024-12-13 09:01:00-05:00,197.46,197.46,197.25,197.35,0,0.0,0.0
2024-12-13 09:02:00-05:00,197.35,197.36,194.54,197.2,0,0.0,0.0
2024-12-13 09:03:00-05:00,197.3,197.35,197.2,197.22,0,0.0,0.0
2024-12-13 09:04:00-05:00,197.29,197.35,197.1,197.19,0,0.0,0.0
2024-12-13 09:05:00-05:00,197.17,197.19,197.0,197.01,0,0.0,0.0
2024-12-13 09:06:00-05:00,197.01,197.21,197.0,197.05,0,0.0,0.0
2024-12-13 09:07:00-05:00,197.2202,197.2202,197.0125,197.14,0,0.0,0.0
2024-12-13 09:08:00-05:00,197.14,197.2,197.0,197.0,0,0.0,0.0
2024-12-13 09:09:00-05:00,197.2,197.31,197.0,197.19,0,0.0,0.0
2024-12-13 09:10:00-05:00,197.19,197.31,197.1,197.31,0,0.0,0.0
2024-12-13 09:11:00-05:00,197.15,197.31,197.01,197.2,0,0.0,0.0
2024-12-13 09:12:00-05:00,197.03,197.31,197.0,197.07,0,0.0,0.0
2024-12-13 09:13:00-05:00,197.15,197.33,197.0,197.2,0,0.0,0.0
2024-12-13 09:14:00-05:00,197.31,197.46,197.0,197.35,0,0.0,0.0
2024-12-13 09:30:00-05:00,198.50999450683594,199.99000549316406,197.6300048828125,198.67999267578125,1105811,0.0,0.0
2024-12-13 09:31:00-05:00,198.58999633789062,199.60000610351562,198.05999755859375,199.35499572753906,292523,0.0,0.0
2024-12-13 09:32:00-05:00,199.35499572753906,199.8800048828125,198.49000549316406,199.2563934326172,348191,0.0,0.0
2024-12-13 09:33:00-05:00,199.3300018310547,199.75,198.92999267578125,199.55999755859375,234101,0.0,0.0
2024-12-13 09:34:00-05:00,199.4499969482422,199.86000061035156,198.75,198.77000427246094,271184,0.0,0.0
2024-12-13 09:35:00-05:00,198.7100067138672,198.9600067138672,197.63009643554688,197.75,188334,0.0,0.0
2024-12-13 09:36:00-05:00,197.8000030517578,198.2698974609375,197.52000427246094,197.8800048828125,147216,0.0,0.0
2024-12-13 09:37:00-05:00,197.91000366210938,197.99000549316406,197.27000427246094,197.60000610351562,158229,0.0,0.0
2024-12-13 09:38:00-05:00,197.6199951171875,198.0679931640625,197.33009338378906,197.35000610351562,205859,0.0,0.0
2024-12-13 09:39:00-05:00,197.39500427246094,198.3885955810547,197.27000427246094,198.18499755859375,143174,0.0,0.0
2024-12-13 09:40:00-05:00,198.19000244140625,198.3000030517578,197.64999389648438,197.82000732421875,149626,0.0,0.0
2024-12-13 09:41:00-05:00,197.74000549316406,198.3394012451172,197.74000549316406,197.98500061035156,83686,0.0,0.0
2024-12-13 09:42:00-05:00,198.0,198.1300048828125,197.6300048828125,197.76840209960938,107840,0.0,0.0
2024-12-13 09:43:00-05:00,197.6999969482422,198.63999938964844,197.6999969482422,198.38999938964844,93995,0.0,0.0
2024-12-13 09:44:00-05:00,198.38999938964844,198.8300018310547,198.38499450683594,198.6300048828125,78921,0.0,0.0
2024-12-13 09:45:00-05:00,198.60000610351562,198.9499969482422,198.47500610351562,198.8699951171875,102712,0.0,0.0
2024-12-13 09:46:00-05:00,198.86000061035156,199.5,198.5500030517578,199.4499969482422,165391,0.0,0.0
2024-12-13 09:47:00-05:00,199.4499969482422,199.49000549316406,198.9600067138672,199.1300048828125,92307,0.0,0.0
2024-12-13 09:48:00-05:00,199.11349487304688,199.85000610351562,199.0,199.47500610351562,137493,0.0,0.0
2024-12-13 09:49:00-05:00,199.44000244140625,200.00999450683594,199.0301055908203,199.22500610351562,196281,0.0,0.0
2024-12-13 09:50:00-05:00,199.2100067138672,199.50999450683594,199.0,199.32000732421875,122910,0.0,0.0
2024-12-13 09:51:00-05:00,199.31700134277344,199.32000732421875,198.6815948486328,198.96969604492188,74048,0.0,0.0
2024-12-13 09:52:00-05:00,198.91000366210938,199.24000549316406,198.91000366210938,199.02999877929688,56832,0.0,0.0
2024-12-13 09:53:00-05:00,199.02999877929688,199.07000732421875,198.6300048828125,199.00750732421875,107702,0.0,0.0
2024-12-13 09:54:00-05:00,199.01499938964844,199.47999572753906,198.9600067138672,199.0,58722,0.0,0.0
2024-12-13 09:55:00-05:00,199.03500366210938,199.57000732421875,198.89999389648438,199.52000427246094,66557,0.0,0.0
2024-12-13 09:56:00-05:00,199.47999572753906,200.44000244140625,199.40499877929688,200.35000610351562,142961,0.0,0.0
2024-12-13 09:57:00-05:00,200.39500427246094,200.63999938964844,200.25999450683594,200.55859375,165223,0.0,0.0
2024-12-13 09:58:00-05:00,200.5500030517578,200.8699951171875,200.27000427246094,200.39999389648438,166032,0.0,0.0
2024-12-13 09:59:00-05:00,200.38999938964844,200.40499877929688,199.89999389648438,200.15499877929688,112907,0.0,0.0
2024-12-13 10:00:00-05:00,200.1999969482422,200.29989624023438,200.07000732421875,200.13999938964844,61521,0.0,0.0
2024-12-13 10:01:00-05:00,200.13999938964844,200.1649932861328,199.72000122070312,199.75999450683594,72075,0.0,0.0
2024-12-13 10:02:00-05:00,199.76499938964844,200.07000732421875,199.6999969482422,199.9949951171875,76434,0.0,0.0
2024-12-13 10:03:00-05:00,199.9949951171875,200.25,199.8424072265625,199.8542938232422,31544,0.0,0.0
2024-12-13 10:04:00-05:00,199.8699951171875,199.88999938964844,199.4658966064453,199.57000732421875,48764,0.0,0.0
2024-12-13 10:05:00-05:00,199.52999877929688,199.97999572753906,199.52000427246094,199.81910705566406,49449,0.0,0.0
2024-12-13 10:06:00-05:00,199.8000030517578,199.8000030517578,199.4499969482422,199.4600067138672,47626,0.0,0.0
2024-12-13 10:07:00-05:00,199.4600067138672,199.55999755859375,199.0800018310547,199.1199951171875,55193,0.0,0.0
2024-12-13 10:08:00-05:00,199.14999389648438,199.52499389648438,199.0800018310547,199.36000061035156,63280,0.0,0.0
2024-12-13 10:09:00-05:00,199.39999389648438,199.72999572753906,199.30999755859375,199.7100067138672,80455,0.0,0.0
2024-12-13 10:10:00-05:00,199.7299041748047,200.0,199.64999389648438,199.94500732421875,161638,0.0,0.0
2024-12-13 10:11:00-05:00,199.9799041748047,200.49009704589844,199.9799041748047,200.49000549316406,129603,0.0,0.0
2024-12-13 10:12:00-05:00,200.49000549316406,200.66000366210938,200.39999389648438,200.47999572753906,128403,0.0,0.0
2024-12-13 10:13:00-05:00,200.52000427246094,200.9499969482422,200.44000244140625,200.83999633789062,94919,0.0,0.0
2024-12-13 10:14:00-05:00,200.83999633789062,200.97000122070312,200.77000427246094,200.89999389648438,82195,0.0,0.0
2024-12-13 10:15:00-05:00,200.9199981689453,201.25999450683594,200.8699951171875,201.2010040283203,125873,0.0,0.0
2024-12-13 10:16:00-05:00,201.19000244140625,201.55999755859375,201.1300048828125,201.55999755859375,95515,0.0,0.0
2024-12-13 10:17:00-05:00,201.5800018310547,201.8800048828125,201.44000244140625,201.84500122070312,128036,0.0,0.0
2024-12-13 10:18:00-05:00,201.86000061035156,202.14999389648438,201.6009979248047,202.1300048828125,174718,0.0,0.0
2024-12-13 10:19:00-05:00,202.10000610351562,202.3000030517578,202.0,202.14500427246094,158906,0.0,0.0
2024-12-13 10:20:00-05:00,202.13999938964844,202.5399932861328,201.74000549316406,201.92999267578125,131275,0.0,0.0
2024-12-13 10:21:00-05:00,201.89999389648438,202.05999755859375,201.60000610351562,201.63999938964844,63209,0.0,0.0
2024-12-13 10:22:00-05:00,201.64500427246094,201.77000427246094,201.0601043701172,201.1300048828125,77607,0.0,0.0
2024-12-13 10:23:00-05:00,201.14999389648438,201.5399932861328,200.91000366210938,201.5399932861328,130734,0.0,0.0
2024-12-13 10:24:00-05:00,201.4499969482422,201.57000732421875,201.2301025390625,201.30999755859375,90231,0.0,0.0
2024-12-13 10:25:00-05:00,201.34120178222656,201.47500610351562,200.9199981689453,200.9600067138672,82366,0.0,0.0
2024-12-13 10:26:00-05:00,200.94000244140625,201.11000061035156,200.7100067138672,200.71389770507812,42486,0.0,0.0
2024-12-13 10:27:00-05:00,200.73500061035156,200.83999633789062,200.32000732421875,200.57000732421875,73793,0.0,0.0
2024-12-13 10:28:00-05:00,200.6300048828125,201.1999969482422,200.5800018310547,200.8699951171875,67611,0.0,0.0
2024-12-13 10:29:00-05:00,200.75999450683594,200.9600067138672,200.4499969482422,200.8251953125,76770,0.0,0.0
2024-12-13 10:30:00-05:00,200.83999633789062,201.10000610351562,200.75,201.0050048828125,73601,0.0,0.0
2024-12-13 10:31:00-05:00,201.0050048828125,201.10000610351562,200.24000549316406,200.24000549316406,64827,0.0,0.0
2024-12-13 10:32:00-05:00,200.22940063476562,200.32000732421875,199.86000061035156,200.24000549316406,92740,0.0,0.0
2024-12-13 10:33:00-05:00,200.27999877929688,200.3000030517578,200.0800018310547,200.14999389648438,48694,0.0,0.0
2024-12-13 10:34:00-05:00,200.0751953125,200.44000244140625,200.07000732421875,200.30999755859375,24941,0.0,0.0
2024-12-13 10:35:00-05:00,200.2200927734375,200.4199981689453,199.94000244140625,200.07000732421875,142105,0.0,0.0
2024-12-13 10:36:00-05:00,200.07000732421875,200.25439453125,199.80999755859375,200.0500030517578,211252,0.0,0.0
2024-12-13 10:37:00-05:00,200.0399932861328,200.1199951171875,199.77000427246094,199.88499450683594,23522,0.0,0.0
2024-12-13 10:38:00-05:00,199.8000030517578,199.93499755859375,199.5500030517578,199.64959716796875,40265,0.0,0.0
2024-12-13 10:39:00-05:00,199.61000061035156,199.78990173339844,199.510498046875,199.6999969482422,32759,0.0,0.0
2024-12-13 10:40:00-05:00,199.7100067138672,199.7899932861328,199.2899932861328,199.33999633789062,48377,0.0,0.0
2024-12-13 10:41:00-05:00,199.48989868164062,199.48989868164062,198.9199981689453,198.94000244140625,81227,0.0,0.0
2024-12-13 10:42:00-05:00,198.97000122070312,198.99000549316406,198.30709838867188,198.4600067138672,113606,0.0,0.0
2024-12-13 10:43:00-05:00,198.4774932861328,198.8300018310547,198.4705047607422,198.8300018310547,54639,0.0,0.0
2024-12-13 10:44:00-05:00,198.9199981689453,199.41000366210938,198.83030700683594,199.3800048828125,48491,0.0,0.0
2024-12-13 10:45:00-05:00,199.3699951171875,201.0,199.1999969482422,199.23179626464844,151806,0.0,0.0
2024-12-13 10:46:00-05:00,199.2550048828125,199.8000030517578,199.22999572753906,199.31509399414062,23024,0.0,0.0
2024-12-13 10:47:00-05:00,199.39999389648438,199.6793975830078,199.38999938964844,199.52499389648438,19876,0.0,0.0
2024-12-13 10:48:00-05:00,199.5399932861328,199.91000366210938,199.52000427246094,199.83900451660156,31830,0.0,0.0
2024-12-13 10:49:00-05:00,199.8343963623047,200.08999633789062,199.8343963623047,200.02000427246094,35808,0.0,0.0
2024-12-13 10:50:00-05:00,200.0,200.14999389648438,199.66000366210938,199.66000366210938,43259,0.0,0.0
2024-12-13 10:51:00-05:00,199.7100067138672,199.76109313964844,199.52000427246094,199.52000427246094,13835,0.0,0.0
2024-12-13 10:52:00-05:00,199.52000427246094,199.60000610351562,199.1414031982422,199.19000244140625,16315,0.0,0.0
2024-12-13 10:53:00-05:00,199.14059448242188,199.35000610351562,198.9499969482422,199.2969970703125,33914,0.0,0.0
2024-12-13 10:54:00-05:00,199.35989379882812,199.60000610351562,199.25709533691406,199.41000366210938,28927,0.0,0.0
2024-12-13 10:55:00-05:00,199.4250030517578,199.57000732421875,199.2700958251953,199.38999938964844,23169,0.0,0.0
2024-12-13 10:56:00-05:00,199.3253936767578,199.35989379882812,198.83009338378906,198.9199981689453,21979,0.0,0.0
2024-12-13 10:57:00-05:00,198.9199981689453,198.9250030517578,198.52427673339844,198.52427673339844,59742,0.0,0.0
2024-12-13 10:58:00-05:00,198.52000427246094,198.5800018310547,198.27999877929688,198.3300018310547,48112,0.0,0.0
2024-12-13 10:59:00-05:00,198.2899932861328,198.33050537109375,197.8800048828125,197.9499969482422,55511,0.0,0.0
2024-12-13 11:00:00-05:00,198.0,198.1999969482422,197.83999633789062,198.08799743652344,38906,0.0,0.0
2024-12-13 11:01:00-05:00,198.14999389648438,198.14999389648438,197.72000122070312,197.8000030517578,39021,0.0,0.0
2024-12-13 11:02:00-05:00,197.78500366210938,197.94000244140625,197.6719970703125,197.80999755859375,46588,0.0,0.0
2024-12-13 11:03:00-05:00,197.8000030517578,198.14999389648438,197.7899932861328,198.14280700683594,24938,0.0,0.0
2024-12-13 11:04:00-05:00,198.10000610351562,198.26759338378906,197.85000610351562,198.02999877929688,27984,0.0,0.0
2024-12-13 11:05:00-05:00,197.98500061035156,198.14999389648438,197.9499969482422,198.08999633789062,24498,0.0,0.0
2024-12-13 11:06:00-05:00,198.05499267578125,198.42999267578125,198.05499267578125,198.27999877929688,40232,0.0,0.0
2024-12-13 11:07:00-05:00,198.32000732421875,198.38999938964844,198.1999969482422,198.34500122070312,20673,0.0,0.0
2024-12-13 11:08:00-05:00,198.3350067138672,198.3350067138672,198.0,198.02999877929688,40348,0.0,0.0
2024-12-13 11:09:00-05:00,198.02999877929688,198.41000366210938,198.0,198.2899932861328,22415,0.0,0.0
2024-12-13 11:10:00-05:00,198.2512969970703,198.7899932861328,198.22000122070312,198.73829650878906,25890,0.0,0.0
2024-12-13 11:11:00-05:00,198.7100067138672,198.7899932861328,198.6300048828125,198.75999450683594,19409,0.0,0.0
2024-12-13 11:12:00-05:00,198.7550048828125,198.9821014404297,198.72999572753906,198.875,18787,0.0,0.0
2024-12-13 11:13:00-05:00,198.875,198.875,198.64999389648438,198.8300018310547,23150,0.0,0.0
2024-12-13 11:14:00-05:00,198.8000030517578,198.8000030517578,198.6300048828125,198.72000122070312,40540,0.0,0.0
2024-12-13 11:15:00-05:00,198.74000549316406,198.9499969482422,198.71780395507812,198.898193359375,43062,0.0,0.0
2024-12-13 11:16:00-05:00,198.86000061035156,199.11000061035156,198.85000610351562,199.10000610351562,52431,0.0,0.0
2024-12-13 11:17:00-05:00,199.07659912109375,199.1199951171875,198.9199981689453,199.08999633789062,743625,0.0,0.0
2024-12-13 11:18:00-05:00,199.1199951171875,199.24000549316406,199.0500030517578,199.1999969482422,23013,0.0,0.0
2024-12-13 11:19:00-05:00,199.25,199.3800048828125,199.22000122070312,199.3800048828125,22272,0.0,0.0
2024-12-13 11:20:00-05:00,199.35499572753906,199.38999938964844,199.16000366210938,199.2899932861328,42769,0.0,0.0
2024-12-13 11:21:00-05:00,199.25,199.26499938964844,198.8000030517578,198.8000030517578,20525,0.0,0.0
2024-12-13 11:22:00-05:00,198.81500244140625,198.99000549316406,198.73500061035156,198.99000549316406,0,0.0,0.0
2024-12-13 11:23:00-05:00,198.97000122070312,199.0,198.6999969482422,199.0,33164,0.0,0.0
2024-12-13 11:24:00-05:00,198.9394073486328,199.0,198.7218017578125,198.86000061035156,15512,0.0,0.0
2024-12-13 11:25:00-05:00,198.7899932861328,198.88999938964844,198.5800018310547,198.5800018310547,22734,0.0,0.0
2024-12-13 11:26:00-05:00,198.5897979736328,198.63999938964844,198.25999450683594,198.25999450683594,25063,0.0,0.0
2024-12-13 11:27:00-05:00,198.27999877929688,198.35000610351562,198.2100067138672,198.2100067138672,17936,0.0,0.0
2024-12-13 11:28:00-05:00,198.17999267578125,198.3000030517578,198.0800018310547,198.25,10682,0.0,0.0
2024-12-13 11:29:00-05:00,198.25999450683594,198.3300018310547,198.1750030517578,198.2624969482422,17765,0.0,0.0
2024-12-13 11:30:00-05:00,198.23500061035156,198.8000030517578,198.23500061035156,198.8000030517578,30344,0.0,0.0
2024-12-13 11:31:00-05:00,198.74000549316406,198.99989318847656,198.74000549316406,198.97000122070312,19258,0.0,0.0
2024-12-13 11:32:00-05:00,198.99290466308594,199.17379760742188,198.97000122070312,198.97999572753906,43776,0.0,0.0
2024-12-13 11:33:00-05:00,199.00999450683594,199.1699981689453,198.9499969482422,199.0800018310547,16333,0.0,0.0
2024-12-13 11:34:00-05:00,199.05999755859375,199.3000030517578,199.02000427246094,199.25,21616,0.0,0.0
2024-12-13 11:35:00-05:00,199.27000427246094,199.36000061035156,199.07000732421875,199.31500244140625,40434,0.0,0.0
2024-12-13 11:36:00-05:00,199.27000427246094,199.27999877929688,199.12319946289062,199.1699981689453,23247,0.0,0.0
2024-12-13 11:37:00-05:00,199.1190948486328,199.1190948486328,198.83999633789062,198.90499877929688,13995,0.0,0.0
2024-12-13 11:38:00-05:00,198.8300018310547,199.2100067138672,198.8300018310547,199.17999267578125,15573,0.0,0.0
2024-12-13 11:39:00-05:00,199.19000244140625,199.35000610351562,199.00010681152344,199.00010681152344,17887,0.0,0.0
2024-12-13 11:40:00-05:00,199.05499267578125,199.05499267578125,198.8000030517578,198.8000030517578,11217,0.0,0.0
2024-12-13 11:41:00-05:00,198.7978973388672,199.03829956054688,198.7978973388672,198.9199981689453,33951,0.0,0.0
2024-12-13 11:42:00-05:00,198.9149932861328,199.0500030517578,198.85000610351562,199.0,16915,0.0,0.0
2024-12-13 11:43:00-05:00,199.0399932861328,199.14999389648438,198.88999938964844,199.0399932861328,40131,0.0,0.0
2024-12-13 11:44:00-05:00,199.0399932861328,199.16000366210938,198.72000122070312,198.82000732421875,15865,0.0,0.0
2024-12-13 11:45:00-05:00,198.72999572753906,198.77999877929688,198.49000549316406,198.5,15660,0.0,0.0
2024-12-13 11:46:00-05:00,198.51499938964844,198.6707000732422,198.47320556640625,198.58999633789062,11735,0.0,0.0
2024-12-13 11:47:00-05:00,198.5500030517578,198.76499938964844,198.52200317382812,198.74000549316406,11213,0.0,0.0
2024-12-13 11:48:00-05:00,198.77999877929688,198.9499969482422,198.7530975341797,198.91000366210938,16178,0.0,0.0
2024-12-13 11:49:00-05:00,198.92999267578125,198.93499755859375,198.72999572753906,198.7449951171875,11194,0.0,0.0
2024-12-13 11:50:00-05:00,198.75,199.10000610351562,198.75,198.8350067138672,31422,0.0,0.0
2024-12-13 11:51:00-05:00,198.85000610351562,198.99000549316406,198.82000732421875,198.9499969482422,11595,0.0,0.0
2024-12-13 11:52:00-05:00,198.9250030517578,199.02259826660156,198.7899932861328,198.875,16653,0.0,0.0
2024-12-13 11:53:00-05:00,198.8000030517578,198.94000244140625,198.74000549316406,198.85000610351562,20133,0.0,0.0
2024-12-13 11:54:00-05:00,198.86000061035156,198.86000061035156,198.64999389648438,198.66000366210938,7845,0.0,0.0
2024-12-13 11:55:00-05:00,198.66000366210938,198.80810546875,198.61000061035156,198.71249389648438,13299,0.0,0.0
2024-12-13 11:56:00-05:00,198.7100067138672,198.7100067138672,198.54559326171875,198.60499572753906,10410,0.0,0.0
2024-12-13 11:57:00-05:00,198.58999633789062,198.68499755859375,198.52999877929688,198.5850067138672,14756,0.0,0.0
2024-12-13 11:58:00-05:00,198.55499267578125,198.73989868164062,198.50999450683594,198.73989868164062,27143,0.0,0.0
2024-12-13 11:59:00-05:00,198.6699981689453,198.88999938964844,198.6199951171875,198.8699951171875,14373,0.0,0.0
2024-12-13 12:00:00-05:00,198.8300018310547,199.0500030517578,198.80999755859375,199.0500030517578,9207,0.0,0.0
2024-12-13 12:01:00-05:00,199.0500030517578,199.08999633789062,198.89999389648438,198.99000549316406,6898,0.0,0.0
2024-12-13 12:02:00-05:00,199.02000427246094,199.02999877929688,198.74000549316406,198.8300018310547,33225,0.0,0.0
2024-12-13 12:03:00-05:00,198.8300018310547,198.9149932861328,198.74000549316406,198.89999389648438,10440,0.0,0.0
2024-12-13 12:04:00-05:00,198.875,198.89999389648438,198.77000427246094,198.89999389648438,8432,0.0,0.0
2024-12-13 12:05:00-05:00,198.9499969482422,199.0500030517578,198.9499969482422,199.02000427246094,12861,0.0,0.0
2024-12-13 12:06:00-05:00,198.99009704589844,199.25,198.89999389648438,199.17999267578125,19786,0.0,0.0
2024-12-13 12:07:00-05:00,199.25,199.33799743652344,199.1199951171875,199.29750061035156,22597,0.0,0.0
2024-12-13 12:08:00-05:00,199.2899932861328,199.32000732421875,199.10000610351562,199.1300048828125,26385,0.0,0.0
2024-12-13 12:09:00-05:00,199.13999938964844,199.1851043701172,199.0500030517578,199.0500030517578,5710,0.0,0.0
2024-12-13 12:10:00-05:00,199.0399932861328,199.27499389648438,199.0399932861328,199.2050018310547,19293,0.0,0.0
2024-12-13 12:11:00-05:00,199.2050018310547,199.35000610351562,199.14999389648438,199.35000610351562,8810,0.0,0.0
2024-12-13 12:12:00-05:00,199.33200073242188,199.36000061035156,199.17999267578125,199.22999572753906,8532,0.0,0.0
2024-12-13 12:13:00-05:00,199.2050018310547,199.2100067138672,199.0500030517578,199.05999755859375,12305,0.0,0.0
2024-12-13 12:14:00-05:00,199.0500030517578,199.0998992919922,199.0,199.0399932861328,9202,0.0,0.0
2024-12-13 12:15:00-05:00,198.9801025390625,199.02999877929688,198.91000366210938,198.97999572753906,13995,0.0,0.0
2024-12-13 12:16:00-05:00,199.00509643554688,199.17999267578125,198.9499969482422,199.17999267578125,21400,0.0,0.0
2024-12-13 12:17:00-05:00,199.22999572753906,199.39999389648438,199.22999572753906,199.36000061035156,8974,0.0,0.0
2024-12-13 12:18:00-05:00,199.35009765625,199.44000244140625,199.25999450683594,199.38999938964844,14290,0.0,0.0
2024-12-13 12:19:00-05:00,199.43190002441406,199.50999450683594,199.36000061035156,199.4499969482422,18883,0.0,0.0
2024-12-13 12:20:00-05:00,199.42999267578125,199.5399932861328,199.42999267578125,199.52000427246094,20187,0.0,0.0
2024-12-13 12:21:00-05:00,199.5050048828125,199.75,199.5,199.67999267578125,28324,0.0,0.0
2024-12-13 12:22:00-05:00,199.69940185546875,199.69940185546875,199.57000732421875,199.6199951171875,30740,0.0,0.0
2024-12-13 12:23:00-05:00,199.63499450683594,199.72999572753906,199.50999450683594,199.57000732421875,40904,0.0,0.0
2024-12-13 12:24:00-05:00,199.52000427246094,199.69000244140625,199.5,199.65499877929688,14062,0.0,0.0
2024-12-13 12:25:00-05:00,199.65570068359375,199.65570068359375,199.5,199.61000061035156,28855,0.0,0.0
2024-12-13 12:26:00-05:00,199.6199951171875,199.6300048828125,199.41000366210938,199.5,15374,0.0,0.0
2024-12-13 12:27:00-05:00,199.52499389648438,199.52499389648438,199.36000061035156,199.4199981689453,21495,0.0,0.0
2024-12-13 12:28:00-05:00,199.4199981689453,199.45370483398438,199.34979248046875,199.3699951171875,11641,0.0,0.0
2024-12-13 12:29:00-05:00,199.35000610351562,199.4499969482422,199.30999755859375,199.36099243164062,17872,0.0,0.0
2024-12-13 12:30:00-05:00,199.3699951171875,199.4499969482422,199.2935028076172,199.4499969482422,67832,0.0,0.0
2024-12-13 12:31:00-05:00,199.43499755859375,199.6199951171875,199.40499877929688,199.5500030517578,390801,0.0,0.0
2024-12-13 12:32:00-05:00,199.52000427246094,199.55999755859375,199.32000732421875,199.50999450683594,29440,0.0,0.0
2024-12-13 12:33:00-05:00,199.49000549316406,199.57000732421875,199.36000061035156,199.55999755859375,30098,0.0,0.0
2024-12-13 12:34:00-05:00,199.5050048828125,199.57000732421875,199.49000549316406,199.49000549316406,14389,0.0,0.0
2024-12-13 12:35:00-05:00,199.5,199.5399932861328,199.4499969482422,199.5,23202,0.0,0.0
2024-12-13 12:36:00-05:00,199.4499969482422,199.49989318847656,199.30169677734375,199.3300018310547,29585,0.0,0.0
2024-12-13 12:37:00-05:00,199.3300018310547,199.34100341796875,199.17999267578125,199.25999450683594,17262,0.0,0.0
2024-12-13 12:38:00-05:00,199.25999450683594,199.52999877929688,199.25830078125,199.52650451660156,111366,0.0,0.0
2024-12-13 12:39:00-05:00,199.5399932861328,199.66000366210938,199.47999572753906,199.66000366210938,23273,0.0,0.0
2024-12-13 12:40:00-05:00,199.67999267578125,199.72000122070312,199.5,199.5800018310547,25546,0.0,0.0
2024-12-13 12:41:00-05:00,199.5800018310547,199.58999633789062,199.3582000732422,199.39999389648438,32683,0.0,0.0
2024-12-13 12:42:00-05:00,199.41000366210938,199.50999450683594,199.39500427246094,199.41000366210938,5943,0.0,0.0
2024-12-13 12:43:00-05:00,199.3699951171875,199.3699951171875,199.17999267578125,199.33999633789062,11778,0.0,0.0
2024-12-13 12:44:00-05:00,199.27999877929688,199.33180236816406,199.22000122070312,199.30299377441406,10427,0.0,0.0
2024-12-13 12:45:00-05:00,199.25,199.3000030517578,199.1501007080078,199.19000244140625,15688,0.0,0.0
2024-12-13 12:46:00-05:00,199.1999969482422,199.2550048828125,199.0399932861328,199.0800018310547,24760,0.0,0.0
2024-12-13 12:47:00-05:00,199.1199951171875,199.13150024414062,198.89010620117188,198.9600067138672,13280,0.0,0.0
2024-12-13 12:48:00-05:00,198.91000366210938,198.94000244140625,198.76499938964844,198.83810424804688,16930,0.0,0.0
2024-12-13 12:49:00-05:00,198.81500244140625,199.02000427246094,198.81500244140625,198.91000366210938,17492,0.0,0.0
2024-12-13 12:50:00-05:00,198.8800048828125,199.0,198.77000427246094,198.94000244140625,19621,0.0,0.0
2024-12-13 12:51:00-05:00,198.94500732421875,199.0800018310547,198.92999267578125,199.0399932861328,23859,0.0,0.0
2024-12-13 12:52:00-05:00,199.0850067138672,199.4499969482422,199.0850067138672,199.4250030517578,17165,0.0,0.0
2024-12-13 12:53:00-05:00,199.40870666503906,199.40870666503906,199.30999755859375,199.3800048828125,5264,0.0,0.0
2024-12-13 12:54:00-05:00,199.39999389648438,199.47000122070312,199.3699951171875,199.3800048828125,11216,0.0,0.0
2024-12-13 12:55:00-05:00,199.3780975341797,199.44000244140625,199.32000732421875,199.39320373535156,7284,0.0,0.0
2024-12-13 12:56:00-05:00,199.36000061035156,199.4199981689453,199.30999755859375,199.39999389648438,5984,0.0,0.0
2024-12-13 12:57:00-05:00,199.33999633789062,199.37950134277344,199.0500946044922,199.13999938964844,13212,0.0,0.0
2024-12-13 12:58:00-05:00,199.1199951171875,199.24000549316406,199.1199951171875,199.22000122070312,7455,0.0,0.0
2024-12-13 12:59:00-05:00,199.1999969482422,199.22999572753906,199.0399932861328,199.0500030517578,7532,0.0,0.0
2024-12-13 13:00:00-05:00,199.0399932861328,199.13999938964844,199.02000427246094,199.0330047607422,6859,0.0,0.0
2024-12-13 13:01:00-05:00,199.0399932861328,199.2100067138672,198.97000122070312,199.2100067138672,12139,0.0,0.0
2024-12-13 13:02:00-05:00,199.18499755859375,199.30990600585938,199.1199951171875,199.2100067138672,8315,0.0,0.0
2024-12-13 13:03:00-05:00,199.2100067138672,199.39999389648438,199.2100067138672,199.3300018310547,118818,0.0,0.0
2024-12-13 13:04:00-05:00,199.38999938964844,199.5299072265625,199.3800048828125,199.47999572753906,10679,0.0,0.0
2024-12-13 13:05:00-05:00,199.47999572753906,199.5399932861328,199.42999267578125,199.47000122070312,18461,0.0,0.0
2024-12-13 13:06:00-05:00,199.44500732421875,199.55999755859375,199.4199981689453,199.53500366210938,25307,0.0,0.0
2024-12-13 13:07:00-05:00,199.52999877929688,199.8699951171875,199.52999877929688,199.82000732421875,41912,0.0,0.0
2024-12-13 13:08:00-05:00,199.8000030517578,199.9499969482422,199.77999877929688,199.88999938964844,41717,0.0,0.0
2024-12-13 13:09:00-05:00,199.8800048828125,199.89999389648438,199.75999450683594,199.83999633789062,31657,0.0,0.0
2024-12-13 13:10:00-05:00,199.83999633789062,199.92999267578125,199.83999633789062,199.9250030517578,14027,0.0,0.0
2024-12-13 13:11:00-05:00,199.91000366210938,200.02999877929688,199.91000366210938,199.97000122070312,54290,0.0,0.0
2024-12-13 13:12:00-05:00,199.97000122070312,200.0240020751953,199.94000244140625,200.02000427246094,26665,0.0,0.0
2024-12-13 13:13:00-05:00,200.02999877929688,200.0850067138672,199.97349548339844,200.0,23157,0.0,0.0
2024-12-13 13:14:00-05:00,200.02000427246094,200.07000732421875,199.98500061035156,200.05859375,23860,0.0,0.0
2024-12-13 13:15:00-05:00,200.02999877929688,200.08999633789062,200.00999450683594,200.0500030517578,9921,0.0,0.0
2024-12-13 13:16:00-05:00,200.02000427246094,200.08999633789062,200.00999450683594,200.0500030517578,10076,0.0,0.0
2024-12-13 13:17:00-05:00,200.0500030517578,200.19000244140625,200.02999877929688,200.15499877929688,23738,0.0,0.0
2024-12-13 13:18:00-05:00,200.16000366210938,200.1947021484375,200.0,200.0164031982422,10409,0.0,0.0
2024-12-13 13:19:00-05:00,200.01339721679688,200.10000610351562,200.01339721679688,200.0402069091797,9151,0.0,0.0
2024-12-13 13:20:00-05:00,200.02999877929688,200.1300048828125,200.0,200.11000061035156,17257,0.0,0.0
2024-12-13 13:21:00-05:00,200.1300048828125,200.1300048828125,199.76220703125,199.76220703125,27847,0.0,0.0
2024-12-13 13:22:00-05:00,199.75,199.7899932861328,199.5601043701172,199.5601043701172,13144,0.0,0.0
2024-12-13 13:23:00-05:00,199.55999755859375,199.57989501953125,199.4709930419922,199.5500030517578,9290,0.0,0.0
2024-12-13 13:24:00-05:00,199.5500030517578,199.63999938964844,199.52999877929688,199.5500030517578,9859,0.0,0.0
2024-12-13 13:25:00-05:00,199.61000061035156,199.69000244140625,199.61000061035156,199.66000366210938,8217,0.0,0.0
2024-12-13 13:26:00-05:00,199.69000244140625,199.69000244140625,199.5399932861328,199.63999938964844,61026,0.0,0.0
2024-12-13 13:27:00-05:00,199.61000061035156,199.88999938964844,199.61000061035156,199.86000061035156,20291,0.0,0.0
2024-12-13 13:28:00-05:00,199.88999938964844,200.0,199.8000030517578,199.9600067138672,20961,0.0,0.0
2024-12-13 13:29:00-05:00,199.97000122070312,199.97000122070312,199.85000610351562,199.8800048828125,9468,0.0,0.0
2024-12-13 13:30:00-05:00,199.89500427246094,199.9199981689453,199.8300018310547,199.8300018310547,15089,0.0,0.0
2024-12-13 13:31:00-05:00,199.86000061035156,199.88999938964844,199.77000427246094,199.7899932861328,13149,0.0,0.0
2024-12-13 13:32:00-05:00,199.75,199.77999877929688,199.55999755859375,199.55999755859375,21240,0.0,0.0
2024-12-13 13:33:00-05:00,199.5299072265625,199.58079528808594,199.52000427246094,199.55499267578125,8597,0.0,0.0
2024-12-13 13:34:00-05:00,199.55499267578125,199.74000549316406,199.55499267578125,199.74000549316406,18555,0.0,0.0
2024-12-13 13:35:00-05:00,199.6999969482422,199.9600067138672,199.6699981689453,199.9149932861328,26095,0.0,0.0
2024-12-13 13:36:00-05:00,199.9600067138672,200.05499267578125,199.9600067138672,200.04400634765625,25136,0.0,0.0
2024-12-13 13:37:00-05:00,200.02999877929688,200.0800018310547,200.02000427246094,200.0800018310547,13494,0.0,0.0
2024-12-13 13:38:00-05:00,200.05349731445312,200.1300048828125,200.0399932861328,200.1300048828125,13387,0.0,0.0
2024-12-13 13:39:00-05:00,200.11590576171875,200.13999938964844,200.07000732421875,200.0800018310547,18274,0.0,0.0
2024-12-13 13:40:00-05:00,200.0657958984375,200.13999938964844,199.9499969482422,200.1156005859375,37304,0.0,0.0
2024-12-13 13:41:00-05:00,200.11000061035156,200.1999969482422,199.97999572753906,199.99000549316406,25363,0.0,0.0
2024-12-13 13:42:00-05:00,199.9600067138672,199.98500061035156,199.8300018310547,199.88900756835938,8197,0.0,0.0
2024-12-13 13:43:00-05:00,199.85499572753906,199.91000366210938,199.83999633789062,199.8800048828125,15148,0.0,0.0
2024-12-13 13:44:00-05:00,199.91000366210938,200.14999389648438,199.88009643554688,200.05999755859375,11870,0.0,0.0
2024-12-13 13:45:00-05:00,200.1300048828125,200.1300048828125,200.00999450683594,200.00999450683594,15337,0.0,0.0
2024-12-13 13:46:00-05:00,200.02890014648438,200.08999633789062,200.02890014648438,200.05999755859375,4532,0.0,0.0
2024-12-13 13:47:00-05:00,200.0469970703125,200.19000244140625,200.0469970703125,200.1199951171875,15143,0.0,0.0
2024-12-13 13:48:00-05:00,200.14999389648438,200.24969482421875,200.13499450683594,200.17999267578125,15738,0.0,0.0
2024-12-13 13:49:00-05:00,200.1999053955078,200.2100067138672,200.05690002441406,200.07000732421875,19273,0.0,0.0
2024-12-13 13:50:00-05:00,200.08999633789062,200.1999969482422,200.0,200.1999969482422,14657,0.0,0.0
2024-12-13 13:51:00-05:00,200.13999938964844,200.1999969482422,200.10000610351562,200.1999969482422,7514,0.0,0.0
2024-12-13 13:52:00-05:00,200.1699981689453,200.1750030517578,200.07000732421875,200.10980224609375,9863,0.0,0.0
2024-12-13 13:53:00-05:00,200.07020568847656,200.1999969482422,200.0,200.1999969482422,14244,0.0,0.0
2024-12-13 13:54:00-05:00,200.22000122070312,200.25999450683594,200.20660400390625,200.2584991455078,11769,0.0,0.0
2024-12-13 13:55:00-05:00,200.24000549316406,200.2899932861328,200.22000122070312,200.27000427246094,17596,0.0,0.0
2024-12-13 13:56:00-05:00,200.2899932861328,200.36000061035156,200.27000427246094,200.36000061035156,20412,0.0,0.0
2024-12-13 13:57:00-05:00,200.39999389648438,200.41000366210938,200.30299377441406,200.33749389648438,13551,0.0,0.0
2024-12-13 13:58:00-05:00,200.3350067138672,200.44000244140625,200.30999755859375,200.4398956298828,17100,0.0,0.0
2024-12-13 13:59:00-05:00,200.4149932861328,200.55760192871094,200.3800048828125,200.47999572753906,27459,0.0,0.0
2024-12-13 14:00:00-05:00,200.47999572753906,200.52000427246094,200.3800048828125,200.40499877929688,17909,0.0,0.0
2024-12-13 14:01:00-05:00,200.42999267578125,200.5,200.42999267578125,200.47000122070312,21383,0.0,0.0
2024-12-13 14:02:00-05:00,200.4600067138672,200.75,200.4600067138672,200.55499267578125,30404,0.0,0.0
2024-12-13 14:03:00-05:00,200.55999755859375,200.72000122070312,200.5399932861328,200.5500030517578,11909,0.0,0.0
2024-12-13 14:04:00-05:00,200.50999450683594,200.75,200.50999450683594,200.71499633789062,33051,0.0,0.0
2024-12-13 14:05:00-05:00,200.71499633789062,200.71499633789062,200.5,200.5800018310547,34310,0.0,0.0
2024-12-13 14:06:00-05:00,200.60000610351562,200.69000244140625,200.55999755859375,200.61000061035156,7383,0.0,0.0
2024-12-13 14:07:00-05:00,200.64999389648438,200.7100067138672,200.64300537109375,200.6645050048828,8076,0.0,0.0
2024-12-13 14:08:00-05:00,200.6750030517578,200.74000549316406,200.55799865722656,200.60000610351562,14763,0.0,0.0
2024-12-13 14:09:00-05:00,200.59500122070312,200.6300048828125,200.55999755859375,200.6300048828125,8798,0.0,0.0
2024-12-13 14:10:00-05:00,200.6199951171875,200.74000549316406,200.5800018310547,200.74000549316406,15339,0.0,0.0
2024-12-13 14:11:00-05:00,200.7010040283203,200.74000549316406,200.66000366210938,200.6699981689453,14453,0.0,0.0
2024-12-13 14:12:00-05:00,200.6999969482422,200.72999572753906,200.58999633789062,200.60000610351562,18816,0.0,0.0
2024-12-13 14:13:00-05:00,200.59500122070312,200.59500122070312,200.4499969482422,200.4499969482422,8099,0.0,0.0
2024-12-13 14:14:00-05:00,200.4550018310547,200.5,200.3300018310547,200.375,12391,0.0,0.0
2024-12-13 14:15:00-05:00,200.36500549316406,200.49000549316406,200.36500549316406,200.39500427246094,18099,0.0,0.0
2024-12-13 14:16:00-05:00,200.38999938964844,200.47000122070312,200.38999938964844,200.4250030517578,8861,0.0,0.0
2024-12-13 14:17:00-05:00,200.40280151367188,200.47999572753906,200.40280151367188,200.44000244140625,12597,0.0,0.0
2024-12-13 14:18:00-05:00,200.43499755859375,200.6300048828125,200.43499755859375,200.625,8206,0.0,0.0
2024-12-13 14:19:00-05:00,200.6300048828125,200.72000122070312,200.6199951171875,200.66000366210938,15614,0.0,0.0
2024-12-13 14:20:00-05:00,200.6999969482422,200.7790069580078,200.6999969482422,200.7790069580078,21286,0.0,0.0
2024-12-13 14:21:00-05:00,200.75999450683594,200.9199981689453,200.75,200.8699951171875,41924,0.0,0.0
2024-12-13 14:22:00-05:00,200.86000061035156,200.9398956298828,200.83999633789062,200.8800048828125,22462,0.0,0.0
2024-12-13 14:23:00-05:00,200.89999389648438,200.9499969482422,200.5800018310547,200.5800018310547,27504,0.0,0.0
2024-12-13 14:24:00-05:00,200.58120727539062,200.9600067138672,200.55999755859375,200.94859313964844,32001,0.0,0.0
2024-12-13 14:25:00-05:00,200.9499053955078,201.0800018310547,200.83999633789062,201.05999755859375,82607,0.0,0.0
2024-12-13 14:26:00-05:00,201.05999755859375,201.14999389648438,200.77999877929688,200.7899932861328,74790,0.0,0.0
2024-12-13 14:27:00-05:00,200.7899932861328,200.91000366210938,200.77000427246094,200.91000366210938,13375,0.0,0.0
2024-12-13 14:28:00-05:00,200.84500122070312,201.0500030517578,200.84500122070312,200.9499969482422,11373,0.0,0.0
2024-12-13 14:29:00-05:00,200.99000549316406,201.02999877929688,200.94000244140625,201.02999877929688,12656,0.0,0.0
2024-12-13 14:30:00-05:00,201.01499938964844,201.01499938964844,200.91009521484375,200.9499969482422,14051,0.0,0.0
2024-12-13 14:31:00-05:00,200.9199981689453,200.9398956298828,200.77000427246094,200.85989379882812,18784,0.0,0.0
2024-12-13 14:32:00-05:00,200.8300018310547,201.0500030517578,200.81039428710938,200.9600067138672,12941,0.0,0.0
2024-12-13 14:33:00-05:00,200.9600067138672,201.14999389648438,200.92999267578125,201.1300048828125,12365,0.0,0.0
2024-12-13 14:34:00-05:00,201.1300048828125,201.2100067138672,201.0,201.0,16578,0.0,0.0
2024-12-13 14:35:00-05:00,200.97999572753906,200.97999572753906,200.89999389648438,200.89999389648438,5122,0.0,0.0
2024-12-13 14:36:00-05:00,200.8699951171875,201.0500030517578,200.67999267578125,200.69000244140625,39606,0.0,0.0
2024-12-13 14:37:00-05:00,200.67999267578125,200.77999877929688,200.5800018310547,200.74000549316406,15939,0.0,0.0
2024-12-13 14:38:00-05:00,200.73500061035156,200.75999450683594,200.67999267578125,200.73500061035156,16627,0.0,0.0
2024-12-13 14:39:00-05:00,200.72500610351562,200.72500610351562,200.60000610351562,200.6649932861328,15130,0.0,0.0
2024-12-13 14:40:00-05:00,200.67999267578125,200.72999572753906,200.64010620117188,200.72999572753906,13336,0.0,0.0
2024-12-13 14:41:00-05:00,200.71009826660156,200.86000061035156,200.71009826660156,200.7949981689453,9223,0.0,0.0
2024-12-13 14:42:00-05:00,200.8000030517578,200.82989501953125,200.66000366210938,200.76499938964844,11727,0.0,0.0
2024-12-13 14:43:00-05:00,200.75999450683594,200.7996063232422,200.6999969482422,200.72999572753906,5814,0.0,0.0
2024-12-13 14:44:00-05:00,200.72500610351562,200.77499389648438,200.67739868164062,200.69000244140625,9046,0.0,0.0
2024-12-13 14:45:00-05:00,200.72000122070312,200.77000427246094,200.72000122070312,200.77000427246094,4008,0.0,0.0
2024-12-13 14:46:00-05:00,200.73019409179688,200.75,200.41000366210938,200.4499969482422,29078,0.0,0.0
2024-12-13 14:47:00-05:00,200.44000244140625,200.52000427246094,200.39999389648438,200.49000549316406,15678,0.0,0.0
2024-12-13 14:48:00-05:00,200.51499938964844,200.58999633789062,200.4600067138672,200.55999755859375,10947,0.0,0.0
2024-12-13 14:49:00-05:00,200.58999633789062,200.64500427246094,200.5500030517578,200.62010192871094,5161,0.0,0.0
2024-12-13 14:50:00-05:00,200.6199951171875,200.6199951171875,200.39999389648438,200.4199981689453,11963,0.0,0.0
2024-12-13 14:51:00-05:00,200.42999267578125,200.42999267578125,200.27000427246094,200.27000427246094,17101,0.0,0.0
2024-12-13 14:52:00-05:00,200.25210571289062,200.3699951171875,200.22000122070312,200.31939697265625,31158,0.0,0.0
2024-12-13 14:53:00-05:00,200.31719970703125,200.3800048828125,200.2200927734375,200.2200927734375,18061,0.0,0.0
2024-12-13 14:54:00-05:00,200.25,200.41000366210938,200.25,200.39999389648438,35440,0.0,0.0
2024-12-13 14:55:00-05:00,200.39999389648438,200.47999572753906,200.2899932861328,200.3000030517578,12396,0.0,0.0
2024-12-13 14:56:00-05:00,200.2949981689453,200.42999267578125,200.27850341796875,200.41000366210938,27180,0.0,0.0
2024-12-13 14:57:00-05:00,200.39999389648438,200.61500549316406,200.38499450683594,200.5540008544922,22513,0.0,0.0
2024-12-13 14:58:00-05:00,200.59500122070312,200.59500122070312,200.25999450683594,200.25999450683594,17936,0.0,0.0
2024-12-13 14:59:00-05:00,200.27000427246094,200.39999389648438,200.2200927734375,200.3717041015625,23297,0.0,0.0
2024-12-13 15:00:00-05:00,200.41000366210938,200.63999938964844,200.39999389648438,200.5800018310547,20385,0.0,0.0
2024-12-13 15:01:00-05:00,200.6300048828125,200.69000244140625,200.5749969482422,200.6199951171875,22749,0.0,0.0
2024-12-13 15:02:00-05:00,200.65280151367188,200.88999938964844,200.60000610351562,200.8300018310547,38016,0.0,0.0
2024-12-13 15:03:00-05:00,200.83250427246094,200.97000122070312,200.83009338378906,200.88999938964844,42944,0.0,0.0
2024-12-13 15:04:00-05:00,200.8699951171875,200.97999572753906,200.77999877929688,200.8800048828125,28546,0.0,0.0
2024-12-13 15:05:00-05:00,200.8800048828125,200.91000366210938,200.77999877929688,200.91000366210938,15193,0.0,0.0
2024-12-13 15:06:00-05:00,200.94000244140625,201.0,200.8300018310547,200.8699951171875,32724,0.0,0.0
2024-12-13 15:07:00-05:00,200.88999938964844,200.97000122070312,200.86000061035156,200.9550018310547,9643,0.0,0.0
2024-12-13 15:08:00-05:00,200.9499969482422,200.97000122070312,200.76010131835938,200.76010131835938,15132,0.0,0.0
2024-12-13 15:09:00-05:00,200.7899932861328,200.9499969482422,200.77000427246094,200.89349365234375,22236,0.0,0.0
2024-12-13 15:10:00-05:00,200.875,200.8800048828125,200.72000122070312,200.85629272460938,16588,0.0,0.0
2024-12-13 15:11:00-05:00,200.82009887695312,200.8300018310547,200.67999267578125,200.67999267578125,12366,0.0,0.0
2024-12-13 15:12:00-05:00,200.67999267578125,200.89959716796875,200.67999267578125,200.77499389648438,10373,0.0,0.0
2024-12-13 15:13:00-05:00,200.77000427246094,200.8800048828125,200.77000427246094,200.8800048828125,12733,0.0,0.0
2024-12-13 15:14:00-05:00,200.875,200.9770050048828,200.85000610351562,200.88499450683594,13417,0.0,0.0
2024-12-13 15:15:00-05:00,200.88499450683594,200.88499450683594,200.72999572753906,200.75,23538,0.0,0.0
2024-12-13 15:16:00-05:00,200.72999572753906,200.97000122070312,200.72999572753906,200.9550018310547,42292,0.0,0.0
2024-12-13 15:17:00-05:00,200.96499633789062,200.98599243164062,200.77999877929688,200.82000732421875,24065,0.0,0.0
2024-12-13 15:18:00-05:00,200.82000732421875,200.8489990234375,200.7100067138672,200.72000122070312,33674,0.0,0.0
2024-12-13 15:19:00-05:00,200.72000122070312,200.8350067138672,200.6999969482422,200.78160095214844,34735,0.0,0.0
2024-12-13 15:20:00-05:00,200.77999877929688,200.80999755859375,200.6717987060547,200.6999969482422,18789,0.0,0.0
2024-12-13 15:21:00-05:00,200.6999969482422,200.88250732421875,200.6999969482422,200.77999877929688,36491,0.0,0.0
2024-12-13 15:22:00-05:00,200.85499572753906,200.94000244140625,200.7899932861328,200.92999267578125,32096,0.0,0.0
2024-12-13 15:23:00-05:00,200.9199981689453,201.00999450683594,200.7899932861328,200.7899932861328,38452,0.0,0.0
2024-12-13 15:24:00-05:00,200.81500244140625,200.8614959716797,200.77000427246094,200.77999877929688,14003,0.0,0.0
2024-12-13 15:25:00-05:00,200.79159545898438,200.8300018310547,200.72999572753906,200.8300018310547,29421,0.0,0.0
2024-12-13 15:26:00-05:00,200.82000732421875,201.0,200.8000030517578,200.9752960205078,17939,0.0,0.0
2024-12-13 15:27:00-05:00,200.99000549316406,201.10499572753906,200.97000122070312,201.08999633789062,36098,0.0,0.0
2024-12-13 15:28:00-05:00,201.10000610351562,201.1461944580078,201.0500030517578,201.10499572753906,28256,0.0,0.0
2024-12-13 15:29:00-05:00,201.09300231933594,201.1898956298828,200.97000122070312,201.0449981689453,43140,0.0,0.0
2024-12-13 15:30:00-05:00,201.0449981689453,201.13999938964844,201.02000427246094,201.0500030517578,20344,0.0,0.0
2024-12-13 15:31:00-05:00,201.08999633789062,201.14999389648438,201.0399932861328,201.125,14248,0.0,0.0
2024-12-13 15:32:00-05:00,201.14109802246094,201.14109802246094,201.07000732421875,201.07000732421875,31885,0.0,0.0
2024-12-13 15:33:00-05:00,201.0800018310547,201.22000122070312,201.05999755859375,201.1999969482422,24715,0.0,0.0
2024-12-13 15:34:00-05:00,201.1999969482422,201.2100067138672,201.11000061035156,201.13999938964844,28645,0.0,0.0
2024-12-13 15:35:00-05:00,201.1300048828125,201.24000549316406,201.1300048828125,201.14999389648438,24037,0.0,0.0
2024-12-13 15:36:00-05:00,201.1649932861328,201.22999572753906,201.08999633789062,201.10000610351562,32645,0.0,0.0
2024-12-13 15:37:00-05:00,201.10000610351562,201.11500549316406,201.02499389648438,201.0749969482422,28695,0.0,0.0
2024-12-13 15:38:00-05:00,201.0749969482422,201.11500549316406,200.97000122070312,201.02000427246094,40557,0.0,0.0
2024-12-13 15:39:00-05:00,201.0102996826172,201.02999877929688,200.97999572753906,200.99620056152344,29712,0.0,0.0
2024-12-13 15:40:00-05:00,201.0,201.0800018310547,200.99000549316406,201.0500030517578,25129,0.0,0.0
2024-12-13 15:41:00-05:00,201.0399932861328,201.07919311523438,200.75,200.8800048828125,51443,0.0,0.0
2024-12-13 15:42:00-05:00,200.8699951171875,200.89999389648438,200.74000549316406,200.7949981689453,30056,0.0,0.0
2024-12-13 15:43:00-05:00,200.8000030517578,200.97000122070312,200.6999969482422,200.97000122070312,43416,0.0,0.0
2024-12-13 15:44:00-05:00,200.97000122070312,201.00999450683594,200.7899932861328,200.85000610351562,29858,0.0,0.0
2024-12-13 15:45:00-05:00,200.83999633789062,200.91000366210938,200.82000732421875,200.85000610351562,32681,0.0,0.0
2024-12-13 15:46:00-05:00,200.8699951171875,200.97000122070312,200.80999755859375,200.93499755859375,35589,0.0,0.0
2024-12-13 15:47:00-05:00,200.9499969482422,201.0800018310547,200.94000244140625,201.02499389648438,51152,0.0,0.0
2024-12-13 15:48:00-05:00,201.02999877929688,201.0500030517578,200.86000061035156,200.89999389648438,38757,0.0,0.0
2024-12-13 15:49:00-05:00,200.9149932861328,200.9199981689453,200.80999755859375,200.80999755859375,42082,0.0,0.0
2024-12-13 15:50:00-05:00,200.8000030517578,201.2899932861328,200.8000030517578,201.1197967529297,80366,0.0,0.0
2024-12-13 15:51:00-05:00,201.10000610351562,201.10000610351562,200.85000610351562,200.85000610351562,51268,0.0,0.0
2024-12-13 15:52:00-05:00,200.83999633789062,200.8699951171875,200.4600067138672,200.6300048828125,54032,0.0,0.0
2024-12-13 15:53:00-05:00,200.64500427246094,200.66990661621094,200.5399932861328,200.60000610351562,58968,0.0,0.0
2024-12-13 15:54:00-05:00,200.61000061035156,200.7584991455078,200.49000549316406,200.50999450683594,59167,0.0,0.0
2024-12-13 15:55:00-05:00,200.5,200.6999969482422,200.5,200.63999938964844,110097,0.0,0.0
2024-12-13 15:56:00-05:00,200.64999389648438,200.67999267578125,200.52000427246094,200.5800018310547,104393,0.0,0.0
2024-12-13 15:57:00-05:00,200.5800018310547,200.6699981689453,200.5500030517578,200.6199951171875,107424,0.0,0.0
2024-12-13 15:58:00-05:00,200.61819458007812,200.63499450683594,200.5800018310547,200.58999633789062,127611,0.0,0.0
2024-12-13 15:59:00-05:00,200.59500122070312,201.10000610351562,200.59500122070312,201.0500030517578,262336,0.0,0.0
2024-12-13 16:00:00-05:00,201.035,201.11,200.5,201.11,920689,0.0,0.0
2024-12-13 16:01:00-05:00,200.88,200.99,200.74,200.78,0,0.0,0.0
2024-12-13 16:02:00-05:00,200.75,201.11,200.75,200.83,0,0.0,0.0
2024-12-13 16:03:00-05:00,200.75,200.965,200.75,200.88,0,0.0,0.0
2024-12-13 16:04:00-05:00,204.3,204.3,200.77,200.88,0,0.0,0.0
2024-12-13 16:05:00-05:00,200.99,201.09,200.77,200.9,0,0.0,0.0
2024-12-13 16:06:00-05:00,200.89,201.0,200.87,201.0,0,0.0,0.0
2024-12-13 16:07:00-05:00,200.88,201.0,200.88,200.92,0,0.0,0.0
2024-12-13 16:08:00-05:00,201.0027,201.0027,200.87,201.0,0,0.0,0.0
2024-12-13 16:09:00-05:00,200.92,201.11,200.87,201.11,0,0.0,0.0
2024-12-13 16:10:00-05:00,200.95,201.11,200.95,200.99,0,0.0,0.0
2024-12-13 16:11:00-05:00,200.95,201.1,200.95,200.9501,0,0.0,0.0
2024-12-13 16:12:00-05:00,200.99,201.1,200.95,200.95,0,0.0,0.0
2024-12-13 16:13:00-05:00,200.95,201.0,200.95,201.0,0,0.0,0.0
2024-12-13 16:14:00-05:00,200.95,200.99,200.95,200.965,0,0.0,0.0
2024-12-13 16:15:00-05:00,200.99,200.99,200.9,200.9,0,0.0,0.0
2024-12-13 16:16:00-05:00,200.9,200.95,200.82,200.84,0,0.0,0.0
2024-12-13 16:17:00-05:00,200.83,200.9699,200.78,200.78,0,0.0,0.0
2024-12-13 16:18:00-05:00,200.9,200.98,200.78,200.85,0,0.0,0.0
2024-12-13 16:19:00-05:00,200.98,200.98,200.79,200.81,0,0.0,0.0
2024-12-13 16:20:00-05:00,200.78,200.98,200.78,200.98,0,0.0,0.0
2024-12-13 16:21:00-05:00,200.9799,200.9799,200.79,200.8,0,0.0,0.0
2024-12-13 16:22:00-05:00,200.98,200.98,200.78,200.78,0,0.0,0.0
2024-12-13 16:23:00-05:00,200.81,200.82,200.62,200.74,0,0.0,0.0
2024-12-13 16:24:00-05:00,200.78,200.98,200.74,200.75,0,0.0,0.0
2024-12-13 16:25:00-05:00,200.78,200.98,200.77,200.8,0,0.0,0.0
2024-12-13 16:26:00-05:00,200.8,200.98,200.8,200.85,0,0.0,0.0
2024-12-13 16:27:00-05:00,200.98,200.98,200.82,200.94,0,0.0,0.0
2024-12-13 16:28:00-05:00,200.9,200.95,200.9,200.9,0,0.0,0.0
2024-12-13 16:29:00-05:00,200.8,200.98,200.8,200.8,0,0.0,0.0
2024-12-13 16:31:00-05:00,200.95,200.97,200.87,200.9196,0,0.0,0.0
2024-12-13 16:32:00-05:00,200.87,200.9199,200.87,200.9199,0,0.0,0.0
2024-12-13 16:33:00-05:00,200.89,200.89,200.81,200.84,0,0.0,0.0
2024-12-13 16:34:00-05:00,200.84,200.84,200.83,200.83,0,0.0,0.0
2024-12-13 16:35:00-05:00,200.87,200.9,200.87,200.9,0,0.0,0.0
2024-12-13 16:36:00-05:00,200.87,200.9,200.8,200.8,0,0.0,0.0
2024-12-13 16:37:00-05:00,200.81,200.81,200.8,200.8,0,0.0,0.0
2024-12-13 16:38:00-05:00,200.67,200.85,200.67,200.85,0,0.0,0.0
2024-12-13 16:39:00-05:00,200.82,200.88,200.8,200.8,0,0.0,0.0
2024-12-13 16:40:00-05:00,200.85,200.85,200.85,200.85,0,0.0,0.0
2024-12-13 16:41:00-05:00,200.88,200.88,200.85,200.85,0,0.0,0.0
2024-12-13 16:42:00-05:00,200.84,200.88,200.84,200.85,0,0.0,0.0
2024-12-13 16:43:00-05:00,200.85,200.88,200.85,200.85,0,0.0,0.0
2024-12-13 16:44:00-05:00,200.88,200.88,200.82,200.88,0,0.0,0.0
2024-12-13 16:45:00-05:00,200.85,200.88,200.85,200.86,0,0.0,0.0
2024-12-13 16:46:00-05:00,200.86,200.86,200.86,200.86,0,0.0,0.0
2024-12-13 16:47:00-05:00,200.88,200.99,200.85,200.85,0,0.0,0.0
2024-12-13 16:48:00-05:00,200.86,200.87,200.83,200.84,0,0.0,0.0
2024-12-13 16:49:00-05:00,200.8799,200.88,200.77,200.77,0,0.0,0.0
2024-12-13 16:50:00-05:00,200.77,200.84,200.77,200.84,0,0.0,0.0
2024-12-13 16:51:00-05:00,200.77,200.88,200.77,200.88,0,0.0,0.0
2024-12-13 16:52:00-05:00,200.88,200.88,200.77,200.8,0,0.0,0.0
2024-12-13 16:53:00-05:00,200.7709,200.8,188.8813,200.77,0,0.0,0.0
2024-12-13 16:54:00-05:00,200.84,200.84,200.84,200.84,0,0.0,0.0
2024-12-13 16:55:00-05:00,200.77,200.78,200.77,200.77,0,0.0,0.0
2024-12-13 16:56:00-05:00,200.77,213.3843,200.77,200.79,0,0.0,0.0
2024-12-13 16:57:00-05:00,200.79,200.79,200.7699,200.7699,0,0.0,0.0
2024-12-13 16:58:00-05:00,200.77,200.77,200.77,200.77,0,0.0,0.0
2024-12-13 16:59:00-05:00,200.77,200.77,200.7,200.7,0,0.0,0.0
2024-12-13 17:00:00-05:00,200.76,200.77,200.76,200.76,0,0.0,0.0
2024-12-13 17:01:00-05:00,200.675,200.77,200.675,200.76,0,0.0,0.0
2024-12-13 17:02:00-05:00,200.99,200.99,200.76,200.76,0,0.0,0.0
2024-12-13 17:03:00-05:00,200.77,200.77,200.76,200.77,0,0.0,0.0
2024-12-13 17:04:00-05:00,200.76,200.77,200.6237,200.76,0,0.0,0.0
2024-12-13 17:05:00-05:00,200.77,200.77,200.62,200.62,0,0.0,0.0
2024-12-13 17:06:00-05:00,200.76,200.77,200.62,200.62,0,0.0,0.0
2024-12-13 17:07:00-05:00,200.75,200.75,200.73,200.73,0,0.0,0.0
2024-12-13 17:08:00-05:00,200.77,200.77,200.63,200.73,0,0.0,0.0
2024-12-13 17:09:00-05:00,200.77,200.77,200.72,200.77,0,0.0,0.0
2024-12-13 17:10:00-05:00,200.77,200.88,200.76,200.88,0,0.0,0.0
2024-12-13 17:11:00-05:00,200.89,200.94,200.88,200.9399,0,0.0,0.0
2024-12-13 17:12:00-05:00,200.93,200.93,200.88,200.88,0,0.0,0.0
2024-12-13 17:13:00-05:00,200.92,200.99,200.88,200.88,0,0.0,0.0
2024-12-13 17:14:00-05:00,200.86,200.98,200.81,200.81,0,0.0,0.0
2024-12-13 17:15:00-05:00,200.84,200.87,200.81,200.81,0,0.0,0.0
2024-12-13 17:16:00-05:00,200.8103,200.8103,200.81,200.81,0,0.0,0.0
2024-12-13 17:17:00-05:00,200.89,200.89,200.89,200.89,0,0.0,0.0
2024-12-13 17:18:00-05:00,200.82,200.82,200.82,200.82,0,0.0,0.0
2024-12-13 17:19:00-05:00,200.89,200.99,200.81,200.82,0,0.0,0.0
2024-12-13 17:20:00-05:00,200.82,200.92,200.82,200.82,0,0.0,0.0
2024-12-13 17:21:00-05:00,200.82,200.82,200.67,200.67,0,0.0,0.0
2024-12-13 17:22:00-05:00,200.73,200.82,200.73,200.82,0,0.0,0.0
2024-12-13 17:23:00-05:00,200.93,200.95,200.82,200.92,0,0.0,0.0
2024-12-13 17:24:00-05:00,200.89,200.9,200.89,200.9,0,0.0,0.0
2024-12-13 17:25:00-05:00,200.67,200.89,200.67,200.89,0,0.0,0.0
2024-12-13 17:26:00-05:00,200.89,200.94,200.89,200.9,0,0.0,0.0
2024-12-13 17:28:00-05:00,200.9,200.96,200.9,200.96,0,0.0,0.0
2024-12-13 17:29:00-05:00,200.96,200.98,200.9,200.9,0,0.0,0.0
2024-12-13 17:30:00-05:00,200.9,200.9516,200.67,200.9,0,0.0,0.0
2024-12-13 17:31:00-05:00,200.98,200.98,200.84,200.84,0,0.0,0.0
2024-12-13 17:32:00-05:00,200.98,200.98,200.7242,200.7242,0,0.0,0.0
2024-12-13 17:33:00-05:00,200.97,200.97,200.88,200.88,0,0.0,0.0
2024-12-13 17:34:00-05:00,200.9,200.93,200.8,200.8,0,0.0,0.0
2024-12-13 17:35:00-05:00,200.95,200.95,200.9,200.9,0,0.0,0.0
2024-12-13 17:36:00-05:00,200.95,200.98,200.95,200.98,0,0.0,0.0
2024-12-13 17:37:00-05:00,200.93,200.93,200.93,200.93,0,0.0,0.0
2024-12-13 17:38:00-05:00,200.9,200.95,200.88,200.94,0,0.0,0.0
2024-12-13 17:39:00-05:00,200.95,200.99,200.94,200.99,0,0.0,0.0
2024-12-13 17:40:00-05:00,200.94,200.96,200.94,200.96,0,0.0,0.0
2024-12-13 17:41:00-05:00,200.95,200.95,200.93,200.93,0,0.0,0.0
2024-12-13 17:42:00-05:00,200.93,200.95,200.93,200.95,0,0.0,0.0
2024-12-13 17:43:00-05:00,200.95,200.9514,200.95,200.95,0,0.0,0.0
2024-12-13 17:44:00-05:00,200.9,201.0,200.9,200.94,0,0.0,0.0
2024-12-13 17:45:00-05:00,200.94,200.94,200.94,200.94,0,0.0,0.0
2024-12-13 17:46:00-05:00,200.94,200.94,200.93,200.93,0,0.0,0.0
2024-12-13 17:48:00-05:00,200.89,200.93,200.8,200.805,0,0.0,0.0
2024-12-13 17:49:00-05:00,200.9,200.94,200.84,200.9,0,0.0,0.0
2024-12-13 17:50:00-05:00,200.94,200.94,200.9,200.9363,0,0.0,0.0
2024-12-13 17:51:00-05:00,200.67,200.9,200.67,200.82,0,0.0,0.0
2024-12-13 17:52:00-05:00,200.81,200.9,200.81,200.89,0,0.0,0.0
2024-12-13 17:53:00-05:00,200.89,200.89,200.67,200.82,0,0.0,0.0
2024-12-13 17:54:00-05:00,200.9,200.9,200.68,200.79,0,0.0,0.0
2024-12-13 17:55:00-05:00,200.78,200.78,200.78,200.78,0,0.0,0.0
2024-12-13 17:56:00-05:00,200.78,200.78,200.78,200.78,0,0.0,0.0
2024-12-13 17:57:00-05:00,200.78,200.78,200.69,200.69,0,0.0,0.0
2024-12-13 17:58:00-05:00,200.7577,200.76,200.74,200.74,0,0.0,0.0
2024-12-13 17:59:00-05:00,200.75,200.79,200.74,200.79,0,0.0,0.0
2024-12-13 18:00:00-05:00,200.94,200.94,200.68,200.68,0,0.0,0.0
2024-12-13 18:01:00-05:00,200.7,200.79,200.7,200.77,0,0.0,0.0
2024-12-13 18:03:00-05:00,200.75,200.8,200.75,200.8,0,0.0,0.0
2024-12-13 18:04:00-05:00,200.8,200.94,200.8,200.9,0,0.0,0.0
2024-12-13 18:05:00-05:00,200.8,200.89,200.8,200.89,0,0.0,0.0
2024-12-13 18:06:00-05:00,200.79,200.9,200.79,200.9,0,0.0,0.0
2024-12-13 18:07:00-05:00,200.68,200.9,200.68,200.8,0,0.0,0.0
2024-12-13 18:08:00-05:00,200.8,200.94,200.7,200.7,0,0.0,0.0
2024-12-13 18:09:00-05:00,200.67,200.86,200.67,200.86,0,0.0,0.0
2024-12-13 18:10:00-05:00,200.86,200.94,200.86,200.94,0,0.0,0.0
2024-12-13 18:11:00-05:00,200.86,200.89,200.6754,200.6754,0,0.0,0.0
2024-12-13 18:12:00-05:00,200.86,200.89,200.67,200.89,0,0.0,0.0
2024-12-13 18:13:00-05:00,200.89,200.89,200.67,200.67,0,0.0,0.0
2024-12-13 18:14:00-05:00,200.67,200.67,200.67,200.67,0,0.0,0.0
2024-12-13 18:15:00-05:00,200.72,200.72,200.72,200.72,0,0.0,0.0
2024-12-13 18:16:00-05:00,200.74,200.79,200.74,200.79,0,0.0,0.0
2024-12-13 18:17:00-05:00,200.8,200.8,200.8,200.8,0,0.0,0.0
2024-12-13 18:19:00-05:00,200.88,200.88,200.88,200.88,0,0.0,0.0
2024-12-13 18:20:00-05:00,200.81,200.81,200.75,200.75,0,0.0,0.0
2024-12-13 18:21:00-05:00,200.92,200.94,200.88,200.94,0,0.0,0.0
2024-12-13 18:22:00-05:00,200.9,200.9,200.9,200.9,0,0.0,0.0
2024-12-13 18:23:00-05:00,200.92,200.94,200.7,200.94,0,0.0,0.0
2024-12-13 18:24:00-05:00,200.83,201.0,200.8,200.94,0,0.0,0.0
2024-12-13 18:25:00-05:00,200.8,201.0,200.75,200.94,0,0.0,0.0
2024-12-13 18:26:00-05:00,200.89,200.99,200.89,200.99,0,0.0,0.0
2024-12-13 18:27:00-05:00,200.94,201.0,200.7,200.98,0,0.0,0.0
2024-12-13 18:28:00-05:00,200.8,201.0,200.7001,201.0,0,0.0,0.0
2024-12-13 18:29:00-05:00,201.0,201.0,200.82,200.98,0,0.0,0.0
2024-12-13 18:30:00-05:00,201.0,201.05,200.99,201.0,0,0.0,0.0
2024-12-13 18:31:00-05:00,201.01,201.05,200.71,201.04,0,0.0,0.0
2024-12-13 18:32:00-05:00,201.0,201.1,200.75,201.1,0,0.0,0.0
2024-12-13 18:33:00-05:00,201.08,201.09,200.78,200.78,0,0.0,0.0
2024-12-13 18:34:00-05:00,201.07,201.09,200.99,201.0,0,0.0,0.0
2024-12-13 18:35:00-05:00,201.0,201.0,201.0,201.0,0,0.0,0.0
2024-12-13 18:37:00-05:00,200.89,201.1,200.89,201.0,0,0.0,0.0
2024-12-13 18:38:00-05:00,200.7732,201.1,200.7732,200.99,0,0.0,0.0
2024-12-13 18:39:00-05:00,200.99,201.09,200.76,201.09,0,0.0,0.0
2024-12-13 18:40:00-05:00,201.0,201.1,201.0,201.1,0,0.0,0.0
2024-12-13 18:41:00-05:00,201.1,201.1,200.96,200.96,0,0.0,0.0
2024-12-13 18:42:00-05:00,201.0,201.08,201.0,201.08,0,0.0,0.0
2024-12-13 18:43:00-05:00,201.08,201.09,200.71,200.71,0,0.0,0.0
2024-12-13 18:44:00-05:00,201.09,201.1,201.02,201.02,0,0.0,0.0
2024-12-13 18:45:00-05:00,201.03,201.09,200.99,201.08,0,0.0,0.0
2024-12-13 18:46:00-05:00,201.0,201.0,201.0,201.0,0,0.0,0.0
2024-12-13 18:47:00-05:00,201.22,201.22,201.0,201.0,0,0.0,0.0
2024-12-13 18:48:00-05:00,200.99,201.1,200.99,201.0,0,0.0,0.0
2024-12-13 18:49:00-05:00,201.0,201.29,201.0,201.09,0,0.0,0.0
2024-12-13 18:50:00-05:00,201.02,201.29,201.02,201.02,0,0.0,0.0
2024-12-13 18:51:00-05:00,201.1,201.1,201.1,201.1,0,0.0,0.0
2024-12-13 18:52:00-05:00,201.02,201.1,200.99,200.99,0,0.0,0.0
2024-12-13 18:53:00-05:00,201.15,201.15,201.0,201.0,0,0.0,0.0
2024-12-13 18:54:00-05:00,201.0,201.11,201.0,201.11,0,0.0,0.0
2024-12-13 18:55:00-05:00,201.11,201.11,201.09,201.11,0,0.0,0.0
2024-12-13 18:56:00-05:00,201.02,201.15,201.0,201.15,0,0.0,0.0
2024-12-13 18:57:00-05:00,200.98,201.11,200.89,201.11,0,0.0,0.0
2024-12-13 18:58:00-05:00,201.05,201.1022,201.05,201.1022,0,0.0,0.0
2024-12-13 18:59:00-05:00,201.12,201.15,200.89,201.15,0,0.0,0.0
2024-12-13 19:00:00-05:00,201.14,201.27,201.14,201.2,0,0.0,0.0
2024-12-13 19:01:00-05:00,201.2,201.29,200.89,201.27,0,0.0,0.0
2024-12-13 19:02:00-05:00,201.2899,201.29,201.27,201.29,0,0.0,0.0
2024-12-13 19:03:00-05:00,201.06,201.29,201.06,201.27,0,0.0,0.0
2024-12-13 19:04:00-05:00,201.29,201.29,201.16,201.23,0,0.0,0.0
2024-12-13 19:05:00-05:00,201.16,201.29,200.89,201.29,0,0.0,0.0
2024-12-13 19:06:00-05:00,201.24,201.29,200.89,200.9217,0,0.0,0.0
2024-12-13 19:07:00-05:00,201.21,201.28,200.967,201.06,0,0.0,0.0
2024-12-13 19:08:00-05:00,201.29,201.29,201.29,201.29,0,0.0,0.0
2024-12-13 19:09:00-05:00,201.15,201.29,200.944,200.944,0,0.0,0.0
2024-12-13 19:10:00-05:00,201.27,201.28,201.27,201.28,0,0.0,0.0
2024-12-13 19:11:00-05:00,201.12,201.29,201.1,201.11,0,0.0,0.0
2024-12-13 19:12:00-05:00,201.13,201.27,201.13,201.18,0,0.0,0.0
2024-12-13 19:13:00-05:00,201.18,201.29,200.99,201.29,0,0.0,0.0
2024-12-13 19:14:00-05:00,201.11,201.29,201.11,201.29,0,0.0,0.0
2024-12-13 19:15:00-05:00,201.0,201.0,201.0,201.0,0,0.0,0.0
2024-12-13 19:16:00-05:00,201.1804,201.1804,201.1804,201.1804,0,0.0,0.0
2024-12-13 19:17:00-05:00,201.26,201.29,201.23,201.29,0,0.0,0.0
2024-12-13 19:18:00-05:00,201.29,201.29,201.0001,201.0001,0,0.0,0.0
2024-12-13 19:19:00-05:00,201.11,201.11,201.11,201.11,0,0.0,0.0
2024-12-13 19:20:00-05:00,201.23,201.29,201.22,201.29,0,0.0,0.0
2024-12-13 19:21:00-05:00,201.23,201.29,201.23,201.27,0,0.0,0.0
2024-12-13 19:22:00-05:00,201.27,201.29,201.0,201.25,0,0.0,0.0
2024-12-13 19:23:00-05:00,201.12,201.2499,201.12,201.15,0,0.0,0.0
2024-12-13 19:24:00-05:00,201.15,201.19,201.15,201.19,0,0.0,0.0
2024-12-13 19:25:00-05:00,201.26,201.27,201.0,201.25,0,0.0,0.0
2024-12-13 19:26:00-05:00,201.15,201.29,201.15,201.29,0,0.0,0.0
2024-12-13 19:27:00-05:00,201.24,201.27,201.16,201.2,0,0.0,0.0
2024-12-13 19:28:00-05:00,201.27,201.29,201.27,201.29,0,0.0,0.0
2024-12-13 19:29:00-05:00,201.2,201.2,201.2,201.2,0,0.0,0.0
2024-12-13 19:32:00-05:00,201.28,201.28,201.15,201.15,0,0.0,0.0
2024-12-13 19:33:00-05:00,201.19,201.19,201.19,201.19,0,0.0,0.0
2024-12-13 19:34:00-05:00,201.26,201.26,201.0,201.25,0,0.0,0.0
2024-12-13 19:35:00-05:00,201.0001,201.0001,201.0,201.0,0,0.0,0.0
2024-12-13 19:36:00-05:00,201.01,201.28,201.01,201.28,0,0.0,0.0
2024-12-13 19:38:00-05:00,201.24,201.28,201.24,201.2625,0,0.0,0.0
2024-12-13 19:39:00-05:00,201.24,201.2788,201.21,201.2788,0,0.0,0.0
2024-12-13 19:40:00-05:00,201.27,201.27,201.21,201.26,0,0.0,0.0
2024-12-13 19:41:00-05:00,201.21,201.28,201.21,201.28,0,0.0,0.0
2024-12-13 19:42:00-05:00,201.26,201.27,201.21,201.27,0,0.0,0.0
2024-12-13 19:43:45-05:00,201.27,201.27,201.27,201.27,0,0.0,0.0
