time,Open,High,Low,Close,Volume,Dividends,Stock Splits
2024-12-16 04:00:00-05:00,202.0,202.52,201.17,201.32,0,0.0,0.0
2024-12-16 04:01:00-05:00,201.29,201.5,201.16,201.4,0,0.0,0.0
2024-12-16 04:02:00-05:00,201.33,201.5,201.0,201.44,0,0.0,0.0
2024-12-16 04:03:00-05:00,201.44,201.54,201.38,201.45,0,0.0,0.0
2024-12-16 04:04:00-05:00,201.5,201.5,201.2,201.31,0,0.0,0.0
2024-12-16 04:05:00-05:00,201.25,201.35,201.2,201.21,0,0.0,0.0
2024-12-16 04:06:00-05:00,201.3,201.33,201.2,201.26,0,0.0,0.0
2024-12-16 04:07:00-05:00,201.26,201.4,201.26,201.39,0,0.0,0.0
2024-12-16 04:08:00-05:00,201.31,201.4,201.31,201.37,0,0.0,0.0
2024-12-16 04:09:00-05:00,201.4,201.45,201.33,201.45,0,0.0,0.0
2024-12-16 04:10:00-05:00,201.41,201.5,201.4,201.5,0,0.0,0.0
2024-12-16 04:11:00-05:00,201.45,201.5,201.4,201.48,0,0.0,0.0
2024-12-16 04:12:00-05:00,201.48,201.48,201.4,201.45,0,0.0,0.0
2024-12-16 04:13:00-05:00,201.45,201.49,201.45,201.48,0,0.0,0.0
2024-12-16 04:14:00-05:00,201.44,201.48,201.39,201.44,0,0.0,0.0
2024-12-16 04:15:00-05:00,201.44,201.46,201.4,201.45,0,0.0,0.0
2024-12-16 04:16:00-05:00,201.45,201.48,201.43,201.45,0,0.0,0.0
2024-12-16 04:17:00-05:00,201.48,201.48,201.44,201.44,0,0.0,0.0
2024-12-16 04:18:00-05:00,201.44,201.45,201.31,201.31,0,0.0,0.0
2024-12-16 04:19:00-05:00,201.34,201.43,201.3,201.3,0,0.0,0.0
2024-12-16 04:20:00-05:00,201.31,201.32,201.2,201.23,0,0.0,0.0
2024-12-16 04:21:00-05:00,201.21,201.44,201.21,201.3,0,0.0,0.0
2024-12-16 04:22:00-05:00,201.3,201.39,201.3,201.32,0,0.0,0.0
2024-12-16 04:23:00-05:00,201.35,201.35,201.26,201.3,0,0.0,0.0
2024-12-16 04:24:00-05:00,201.31,201.4,201.31,201.4,0,0.0,0.0
2024-12-16 04:26:00-05:00,201.29,201.4,201.29,201.4,0,0.0,0.0
2024-12-16 04:27:00-05:00,201.31,201.36,201.31,201.36,0,0.0,0.0
2024-12-16 04:28:00-05:00,201.43,201.43,201.35,201.36,0,0.0,0.0
2024-12-16 04:29:00-05:00,201.36,201.4,201.35,201.36,0,0.0,0.0
2024-12-16 04:30:00-05:00,201.37,201.4,201.35,201.38,0,0.0,0.0
2024-12-16 04:31:00-05:00,201.35,201.4,201.33,201.39,0,0.0,0.0
2024-12-16 04:32:00-05:00,201.4,201.43,201.39,201.41,0,0.0,0.0
2024-12-16 04:33:00-05:00,201.41,201.49,201.41,201.49,0,0.0,0.0
2024-12-16 04:34:00-05:00,201.5,201.5,201.46,201.5,0,0.0,0.0
2024-12-16 04:35:00-05:00,201.5,201.5,201.47,201.5,0,0.0,0.0
2024-12-16 04:36:00-05:00,201.49,201.5,201.49,201.5,0,0.0,0.0
2024-12-16 04:37:00-05:00,201.48,201.48,201.48,201.48,0,0.0,0.0
2024-12-16 04:38:00-05:00,201.48,201.49,201.45,201.45,0,0.0,0.0
2024-12-16 04:39:00-05:00,201.46,201.49,201.46,201.46,0,0.0,0.0
2024-12-16 04:40:00-05:00,201.5,201.5,201.47,201.5,0,0.0,0.0
2024-12-16 04:41:00-05:00,201.5,201.5,201.47,201.5,0,0.0,0.0
2024-12-16 04:42:00-05:00,201.5,201.5,201.47,201.47,0,0.0,0.0
2024-12-16 04:43:00-05:00,201.48,201.5,201.47,201.5,0,0.0,0.0
2024-12-16 04:44:00-05:00,201.48,201.5,201.45,201.45,0,0.0,0.0
2024-12-16 04:45:00-05:00,201.42,201.47,201.4,201.42,0,0.0,0.0
2024-12-16 04:46:00-05:00,201.45,201.49,201.4,201.49,0,0.0,0.0
2024-12-16 04:47:00-05:00,201.45,201.45,201.35,201.35,0,0.0,0.0
2024-12-16 04:48:00-05:00,201.41,201.5,201.4,201.5,0,0.0,0.0
2024-12-16 04:49:00-05:00,201.5,201.5,201.45,201.5,0,0.0,0.0
2024-12-16 04:50:00-05:00,201.49,201.5,201.48,201.49,0,0.0,0.0
2024-12-16 04:51:00-05:00,201.47,201.5,201.46,201.5,0,0.0,0.0
2024-12-16 04:52:00-05:00,201.5,201.5,201.46,201.46,0,0.0,0.0
2024-12-16 04:53:00-05:00,201.47,201.47,201.45,201.45,0,0.0,0.0
2024-12-16 04:54:00-05:00,201.48,201.48,201.47,201.47,0,0.0,0.0
2024-12-16 04:55:00-05:00,201.47,201.47,201.45,201.45,0,0.0,0.0
2024-12-16 04:56:00-05:00,201.46,201.47,201.46,201.47,0,0.0,0.0
2024-12-16 04:57:00-05:00,201.46,201.47,201.46,201.47,0,0.0,0.0
2024-12-16 04:58:00-05:00,201.48,201.56,201.48,201.56,0,0.0,0.0
2024-12-16 04:59:00-05:00,201.59,201.59,201.59,201.59,0,0.0,0.0
2024-12-16 05:00:00-05:00,201.6,201.64,201.57,201.64,0,0.0,0.0
2024-12-16 05:01:00-05:00,201.66,201.72,201.63,201.63,0,0.0,0.0
2024-12-16 05:02:00-05:00,201.65,201.7,201.61,201.61,0,0.0,0.0
2024-12-16 05:03:00-05:00,201.64,201.65,201.6,201.6,0,0.0,0.0
2024-12-16 05:04:00-05:00,201.6,201.66,201.6,201.66,0,0.0,0.0
2024-12-16 05:05:00-05:00,201.6,201.72,201.6,201.72,0,0.0,0.0
2024-12-16 05:06:00-05:00,201.64,201.64,201.61,201.61,0,0.0,0.0
2024-12-16 05:07:00-05:00,201.64,201.68,201.64,201.66,0,0.0,0.0
2024-12-16 05:08:00-05:00,201.66,201.66,201.66,201.66,0,0.0,0.0
2024-12-16 05:09:00-05:00,201.67,201.7,201.67,201.7,0,0.0,0.0
2024-12-16 05:10:00-05:00,201.69,201.7,201.67,201.67,0,0.0,0.0
2024-12-16 05:11:00-05:00,201.69,201.74,201.66,201.74,0,0.0,0.0
2024-12-16 05:12:00-05:00,201.73,201.73,201.64,201.64,0,0.0,0.0
2024-12-16 05:13:00-05:00,201.68,201.68,201.6,201.68,0,0.0,0.0
2024-12-16 05:14:00-05:00,201.68,201.68,201.68,201.68,0,0.0,0.0
2024-12-16 05:15:00-05:00,201.67,201.71,201.67,201.67,0,0.0,0.0
2024-12-16 05:16:00-05:00,201.68,201.73,201.68,201.73,0,0.0,0.0
2024-12-16 05:17:00-05:00,201.7,201.74,201.7,201.74,0,0.0,0.0
2024-12-16 05:18:00-05:00,201.72,201.73,201.72,201.72,0,0.0,0.0
2024-12-16 05:19:00-05:00,201.73,201.79,201.73,201.75,0,0.0,0.0
2024-12-16 05:20:00-05:00,201.75,201.75,201.74,201.74,0,0.0,0.0
2024-12-16 05:21:00-05:00,201.74,201.74,201.65,201.65,0,0.0,0.0
2024-12-16 05:22:00-05:00,201.64,201.64,201.6,201.6,0,0.0,0.0
2024-12-16 05:23:00-05:00,201.69,201.71,201.69,201.69,0,0.0,0.0
2024-12-16 05:24:00-05:00,201.69,201.69,201.64,201.64,0,0.0,0.0
2024-12-16 05:25:00-05:00,201.68,201.68,201.65,201.65,0,0.0,0.0
2024-12-16 05:26:00-05:00,201.65,201.66,201.65,201.66,0,0.0,0.0
2024-12-16 05:27:00-05:00,201.67,201.77,201.63,201.7,0,0.0,0.0
2024-12-16 05:28:00-05:00,201.76,201.76,201.71,201.71,0,0.0,0.0
2024-12-16 05:29:00-05:00,201.76,201.79,201.76,201.79,0,0.0,0.0
2024-12-16 05:30:00-05:00,201.75,201.78,201.73,201.78,0,0.0,0.0
2024-12-16 05:31:00-05:00,201.71,201.8,201.71,201.77,0,0.0,0.0
2024-12-16 05:32:00-05:00,201.77,201.77,201.77,201.77,0,0.0,0.0
2024-12-16 05:33:00-05:00,201.77,201.77,201.77,201.77,0,0.0,0.0
2024-12-16 05:34:00-05:00,201.72,201.77,201.72,201.73,0,0.0,0.0
2024-12-16 05:35:00-05:00,201.73,201.73,201.73,201.73,0,0.0,0.0
2024-12-16 05:36:00-05:00,201.73,201.73,201.72,201.72,0,0.0,0.0
2024-12-16 05:37:00-05:00,201.7,201.7,201.61,201.61,0,0.0,0.0
2024-12-16 05:38:00-05:00,201.63,201.71,201.62,201.71,0,0.0,0.0
2024-12-16 05:39:00-05:00,201.66,201.66,201.6,201.6,0,0.0,0.0
2024-12-16 05:40:00-05:00,201.64,201.65,201.63,201.63,0,0.0,0.0
2024-12-16 05:41:00-05:00,201.63,201.63,201.63,201.63,0,0.0,0.0
2024-12-16 05:42:00-05:00,201.64,201.66,201.64,201.65,0,0.0,0.0
2024-12-16 05:43:00-05:00,201.69,201.69,201.69,201.69,0,0.0,0.0
2024-12-16 05:44:00-05:00,201.72,201.72,201.6,201.71,0,0.0,0.0
2024-12-16 05:45:00-05:00,201.72,201.72,201.72,201.72,0,0.0,0.0
2024-12-16 05:46:00-05:00,201.65,201.65,201.65,201.65,0,0.0,0.0
2024-12-16 05:48:00-05:00,201.74,201.74,201.6,201.68,0,0.0,0.0
2024-12-16 05:49:00-05:00,201.67,201.69,201.67,201.69,0,0.0,0.0
2024-12-16 05:50:00-05:00,201.69,201.71,201.69,201.71,0,0.0,0.0
2024-12-16 05:52:00-05:00,201.71,201.74,201.71,201.72,0,0.0,0.0
2024-12-16 05:53:00-05:00,201.71,201.73,201.61,201.65,0,0.0,0.0
2024-12-16 05:54:00-05:00,201.62,201.68,201.61,201.62,0,0.0,0.0
2024-12-16 05:55:00-05:00,201.6,201.65,201.6,201.6,0,0.0,0.0
2024-12-16 05:56:00-05:00,201.6,201.6,201.6,201.6,0,0.0,0.0
2024-12-16 05:57:00-05:00,201.6,201.6,201.6,201.6,0,0.0,0.0
2024-12-16 05:58:00-05:00,201.68,201.69,201.61,201.69,0,0.0,0.0
2024-12-16 05:59:00-05:00,201.69,201.7,201.69,201.69,0,0.0,0.0
2024-12-16 06:00:00-05:00,201.69,201.7,201.68,201.69,0,0.0,0.0
2024-12-16 06:01:00-05:00,201.7,201.7,201.62,201.67,0,0.0,0.0
2024-12-16 06:02:00-05:00,201.67,201.67,201.65,201.65,0,0.0,0.0
2024-12-16 06:03:00-05:00,201.65,201.67,201.65,201.65,0,0.0,0.0
2024-12-16 06:04:00-05:00,201.65,201.65,201.65,201.65,0,0.0,0.0
2024-12-16 06:05:00-05:00,201.68,201.68,201.67,201.68,0,0.0,0.0
2024-12-16 06:06:00-05:00,201.68,201.68,201.6,201.65,0,0.0,0.0
2024-12-16 06:07:00-05:00,201.6,201.61,201.56,201.59,0,0.0,0.0
2024-12-16 06:08:00-05:00,201.6,201.61,201.6,201.61,0,0.0,0.0
2024-12-16 06:09:00-05:00,201.6,201.64,201.56,201.6,0,0.0,0.0
2024-12-16 06:10:00-05:00,201.6,201.65,201.59,201.65,0,0.0,0.0
2024-12-16 06:11:00-05:00,201.61,201.61,201.55,201.59,0,0.0,0.0
2024-12-16 06:12:00-05:00,201.6,201.68,201.55,201.6,0,0.0,0.0
2024-12-16 06:13:00-05:00,201.6,201.6,201.6,201.6,0,0.0,0.0
2024-12-16 06:14:00-05:00,201.6,201.67,201.55,201.55,0,0.0,0.0
2024-12-16 06:15:00-05:00,201.61,201.66,201.6,201.66,0,0.0,0.0
2024-12-16 06:16:00-05:00,201.61,201.61,201.6,201.6,0,0.0,0.0
2024-12-16 06:17:00-05:00,201.61,201.72,201.61,201.69,0,0.0,0.0
2024-12-16 06:18:00-05:00,201.74,201.8,201.73,201.8,0,0.0,0.0
2024-12-16 06:19:00-05:00,201.83,201.88,201.83,201.88,0,0.0,0.0
2024-12-16 06:20:00-05:00,201.87,201.89,201.87,201.88,0,0.0,0.0
2024-12-16 06:21:00-05:00,201.89,201.89,201.85,201.87,0,0.0,0.0
2024-12-16 06:22:00-05:00,201.89,201.95,201.88,201.94,0,0.0,0.0
2024-12-16 06:23:00-05:00,201.95,202.01,201.94,202.0,0,0.0,0.0
2024-12-16 06:24:00-05:00,202.0,202.0,201.95,201.98,0,0.0,0.0
2024-12-16 06:25:00-05:00,201.95,201.99,201.94,201.94,0,0.0,0.0
2024-12-16 06:26:00-05:00,201.94,201.94,201.87,201.87,0,0.0,0.0
2024-12-16 06:27:00-05:00,201.9,201.97,201.89,201.97,0,0.0,0.0
2024-12-16 06:28:00-05:00,201.92,201.93,201.91,201.91,0,0.0,0.0
2024-12-16 06:29:00-05:00,201.92,201.98,201.91,201.94,0,0.0,0.0
2024-12-16 06:30:00-05:00,201.94,201.94,201.94,201.94,0,0.0,0.0
2024-12-16 06:32:00-05:00,201.94,201.94,201.94,201.94,0,0.0,0.0
2024-12-16 06:33:00-05:00,201.94,201.94,201.86,201.92,0,0.0,0.0
2024-12-16 06:34:00-05:00,201.92,201.92,201.85,201.92,0,0.0,0.0
2024-12-16 06:35:00-05:00,201.93,201.93,201.92,201.92,0,0.0,0.0
2024-12-16 06:36:00-05:00,201.88,201.89,201.87,201.89,0,0.0,0.0
2024-12-16 06:37:00-05:00,201.89,201.9,201.89,201.9,0,0.0,0.0
2024-12-16 06:38:00-05:00,201.9,201.9,201.87,201.87,0,0.0,0.0
2024-12-16 06:39:00-05:00,201.88,201.91,201.88,201.91,0,0.0,0.0
2024-12-16 06:40:00-05:00,201.9,201.94,201.9,201.9,0,0.0,0.0
2024-12-16 06:41:00-05:00,201.95,201.98,201.95,201.95,0,0.0,0.0
2024-12-16 06:42:00-05:00,201.96,202.0,201.96,201.97,0,0.0,0.0
2024-12-16 06:43:00-05:00,201.98,202.0,201.97,201.97,0,0.0,0.0
2024-12-16 06:44:00-05:00,201.97,201.97,201.91,201.97,0,0.0,0.0
2024-12-16 06:45:00-05:00,201.93,201.97,201.89,201.93,0,0.0,0.0
2024-12-16 06:46:00-05:00,201.93,201.95,201.93,201.95,0,0.0,0.0
2024-12-16 06:47:00-05:00,201.94,202.0,201.94,201.98,0,0.0,0.0
2024-12-16 06:48:00-05:00,201.98,201.98,201.85,201.85,0,0.0,0.0
2024-12-16 06:49:00-05:00,201.92,201.92,201.85,201.89,0,0.0,0.0
2024-12-16 06:50:00-05:00,201.89,201.9,201.88,201.88,0,0.0,0.0
2024-12-16 06:51:00-05:00,201.85,201.91,201.85,201.86,0,0.0,0.0
2024-12-16 06:52:00-05:00,201.85,201.89,201.85,201.85,0,0.0,0.0
2024-12-16 06:53:00-05:00,201.87,201.89,201.85,201.89,0,0.0,0.0
2024-12-16 06:54:00-05:00,201.9,201.93,201.89,201.89,0,0.0,0.0
2024-12-16 06:55:00-05:00,201.9,201.93,201.9,201.9,0,0.0,0.0
2024-12-16 06:56:00-05:00,201.9,201.95,201.89,201.95,0,0.0,0.0
2024-12-16 06:57:00-05:00,201.93,201.96,201.93,201.93,0,0.0,0.0
2024-12-16 06:58:00-05:00,201.93,201.95,201.93,201.95,0,0.0,0.0
2024-12-16 06:59:00-05:00,201.94,201.94,201.93,201.93,0,0.0,0.0
2024-12-16 07:00:00-05:00,201.93,201.97,201.85,201.865,0,0.0,0.0
2024-12-16 07:01:00-05:00,201.87,201.9,201.84,201.865,0,0.0,0.0
2024-12-16 07:02:00-05:00,201.88,202.0,201.88,201.98,0,0.0,0.0
2024-12-16 07:03:00-05:00,202.0,202.0,201.97,201.98,0,0.0,0.0
2024-12-16 07:04:00-05:00,201.98,201.98,201.94,201.94,0,0.0,0.0
2024-12-16 07:05:00-05:00,201.935,202.0,201.935,201.98,0,0.0,0.0
2024-12-16 07:06:00-05:00,201.94,202.0,201.92,201.92,0,0.0,0.0
2024-12-16 07:07:00-05:00,201.94,202.21,201.9,202.09,0,0.0,0.0
2024-12-16 07:08:00-05:00,202.13,202.42,201.99,202.16,0,0.0,0.0
2024-12-16 07:09:00-05:00,202.18,202.25,202.1,202.11,0,0.0,0.0
2024-12-16 07:10:00-05:00,202.24,202.24,202.02,202.02,0,0.0,0.0
2024-12-16 07:11:00-05:00,202.02,202.19,202.02,202.19,0,0.0,0.0
2024-12-16 07:12:00-05:00,202.01,202.19,202.0,202.0,0,0.0,0.0
2024-12-16 07:13:00-05:00,202.03,202.11,202.03,202.11,0,0.0,0.0
2024-12-16 07:14:00-05:00,202.08,202.3,202.08,202.15,0,0.0,0.0
2024-12-16 07:15:00-05:00,202.15,202.29,202.15,202.27,0,0.0,0.0
2024-12-16 07:16:00-05:00,202.27,202.27,202.11,202.11,0,0.0,0.0
2024-12-16 07:17:00-05:00,202.26,202.26,202.0,202.0,0,0.0,0.0
2024-12-16 07:19:00-05:00,202.03,202.15,202.03,202.15,0,0.0,0.0
2024-12-16 07:20:00-05:00,202.1,202.1,202.1,202.1,0,0.0,0.0
2024-12-16 07:21:00-05:00,202.2,202.2,202.08,202.08,0,0.0,0.0
2024-12-16 07:22:00-05:00,202.19,202.23,202.03,202.08,0,0.0,0.0
2024-12-16 07:23:00-05:00,202.01,202.06,202.0,202.05,0,0.0,0.0
2024-12-16 07:24:00-05:00,202.2,202.23,202.2,202.23,0,0.0,0.0
2024-12-16 07:25:00-05:00,202.2,202.2,202.16,202.16,0,0.0,0.0
2024-12-16 07:26:00-05:00,202.25,202.25,202.08,202.16,0,0.0,0.0
2024-12-16 07:27:00-05:00,202.16,202.16,202.16,202.16,0,0.0,0.0
2024-12-16 07:28:00-05:00,202.16,202.16,202.05,202.11,0,0.0,0.0
2024-12-16 07:29:00-05:00,202.05,202.1,202.03,202.08,0,0.0,0.0
2024-12-16 07:30:00-05:00,202.08,202.08,202.05,202.05,0,0.0,0.0
2024-12-16 07:31:00-05:00,202.05,202.05,201.97,202.01,0,0.0,0.0
2024-12-16 07:32:00-05:00,202.06,202.06,202.0,202.04,0,0.0,0.0
2024-12-16 07:33:00-05:00,202.05,202.11,202.05,202.11,0,0.0,0.0
2024-12-16 07:34:00-05:00,202.11,202.25,202.11,202.25,0,0.0,0.0
2024-12-16 07:35:00-05:00,202.19,202.27,202.18,202.21,0,0.0,0.0
2024-12-16 07:36:00-05:00,202.26,202.34,202.25,202.27,0,0.0,0.0
2024-12-16 07:37:00-05:00,202.27,202.33,202.27,202.33,0,0.0,0.0
2024-12-16 07:38:00-05:00,202.25,202.33,202.25,202.29,0,0.0,0.0
2024-12-16 07:39:00-05:00,202.33,202.33,202.27,202.33,0,0.0,0.0
2024-12-16 07:40:00-05:00,202.33,202.45,202.33,202.39,0,0.0,0.0
2024-12-16 07:41:00-05:00,202.41,202.47,202.4,202.46,0,0.0,0.0
2024-12-16 07:42:00-05:00,202.43,202.48,202.43,202.46,0,0.0,0.0
2024-12-16 07:43:00-05:00,202.46,202.5,202.45,202.48,0,0.0,0.0
2024-12-16 07:44:00-05:00,202.5,202.52,202.5,202.52,0,0.0,0.0
2024-12-16 07:45:00-05:00,202.5,202.6,202.49,202.55,0,0.0,0.0
2024-12-16 07:46:00-05:00,202.52,202.54,202.5,202.5,0,0.0,0.0
2024-12-16 07:47:00-05:00,202.5,202.59,202.5,202.59,0,0.0,0.0
2024-12-16 07:48:00-05:00,202.59,202.59,202.51,202.54,0,0.0,0.0
2024-12-16 07:49:00-05:00,202.54,202.58,202.51,202.58,0,0.0,0.0
2024-12-16 07:50:00-05:00,202.59,202.59,202.54,202.54,0,0.0,0.0
2024-12-16 07:51:00-05:00,202.54,202.58,202.54,202.57,0,0.0,0.0
2024-12-16 07:52:00-05:00,202.56,202.56,202.55,202.55,0,0.0,0.0
2024-12-16 07:53:00-05:00,202.55,202.55,202.2,202.49,0,0.0,0.0
2024-12-16 07:54:00-05:00,202.49,202.49,202.49,202.49,0,0.0,0.0
2024-12-16 07:56:00-05:00,202.49,202.51,202.49,202.51,0,0.0,0.0
2024-12-16 07:57:00-05:00,202.51,202.52,202.51,202.52,0,0.0,0.0
2024-12-16 07:58:00-05:00,202.52,202.52,202.49,202.51,0,0.0,0.0
2024-12-16 07:59:00-05:00,202.51,202.59,202.5,202.53,0,0.0,0.0
2024-12-16 08:00:00-05:00,201.4875,202.6,200.99,202.56,0,0.0,0.0
2024-12-16 08:01:00-05:00,202.5,202.54,201.1,202.48,0,0.0,0.0
2024-12-16 08:02:00-05:00,202.31,202.54,202.31,202.54,0,0.0,0.0
2024-12-16 08:03:00-05:00,202.53,202.54,202.48,202.5,0,0.0,0.0
2024-12-16 08:04:00-05:00,202.5,202.51,202.48,202.4824,0,0.0,0.0
2024-12-16 08:05:00-05:00,202.5,202.51,202.495,202.51,0,0.0,0.0
2024-12-16 08:06:00-05:00,202.55,202.55,202.4802,202.51,0,0.0,0.0
2024-12-16 08:07:00-05:00,202.51,202.59,202.51,202.57,0,0.0,0.0
2024-12-16 08:08:00-05:00,202.54,202.59,202.45,202.58,0,0.0,0.0
2024-12-16 08:09:00-05:00,202.53,202.53,201.99,202.43,0,0.0,0.0
2024-12-16 08:10:00-05:00,202.2611,202.38,202.0,202.32,0,0.0,0.0
2024-12-16 08:11:00-05:00,202.36,202.45,202.36,202.45,0,0.0,0.0
2024-12-16 08:12:00-05:00,202.45,202.45,202.386,202.41,0,0.0,0.0
2024-12-16 08:13:00-05:00,202.43,202.59,202.43,202.59,0,0.0,0.0
2024-12-16 08:14:00-05:00,202.58,202.59,202.55,202.58,0,0.0,0.0
2024-12-16 08:15:00-05:00,202.59,202.59,202.52,202.59,0,0.0,0.0
2024-12-16 08:16:00-05:00,202.56,202.6,202.53,202.58,0,0.0,0.0
2024-12-16 08:17:00-05:00,202.58,202.59,202.52,202.52,0,0.0,0.0
2024-12-16 08:18:00-05:00,202.55,202.59,202.5,202.59,0,0.0,0.0
2024-12-16 08:19:00-05:00,202.51,202.6,202.5,202.6,0,0.0,0.0
2024-12-16 08:20:00-05:00,202.6,202.7,202.5,202.67,0,0.0,0.0
2024-12-16 08:21:00-05:00,202.75,202.75,202.5,202.67,0,0.0,0.0
2024-12-16 08:22:00-05:00,202.63,202.74,202.53,202.6,0,0.0,0.0
2024-12-16 08:23:00-05:00,202.74,202.74,202.5008,202.65,0,0.0,0.0
2024-12-16 08:24:00-05:00,202.66,202.74,202.65,202.7,0,0.0,0.0
2024-12-16 08:25:00-05:00,202.74,202.74,202.6978,202.74,0,0.0,0.0
2024-12-16 08:26:00-05:00,202.74,202.8,202.73,202.8,0,0.0,0.0
2024-12-16 08:27:00-05:00,202.8,202.8,202.75,202.79,0,0.0,0.0
2024-12-16 08:28:00-05:00,202.79,202.8,202.7,202.75,0,0.0,0.0
2024-12-16 08:29:00-05:00,202.75,202.8,202.7,202.78,0,0.0,0.0
2024-12-16 08:30:00-05:00,202.78,202.8,202.73,202.7893,0,0.0,0.0
2024-12-16 08:31:00-05:00,202.76,202.8,202.71,202.73,0,0.0,0.0
2024-12-16 08:32:00-05:00,202.74,202.77,202.72,202.72,0,0.0,0.0
2024-12-16 08:33:00-05:00,202.71,202.73,202.51,202.72,0,0.0,0.0
2024-12-16 08:34:00-05:00,202.7,202.73,202.5,202.6,0,0.0,0.0
2024-12-16 08:35:00-05:00,202.66,202.73,202.65,202.7,0,0.0,0.0
2024-12-16 08:36:00-05:00,202.7,202.7,200.99,202.69,0,0.0,0.0
2024-12-16 08:37:00-05:00,202.69,202.7,202.5,202.62,0,0.0,0.0
2024-12-16 08:38:00-05:00,202.55,202.7,202.51,202.7,0,0.0,0.0
2024-12-16 08:39:00-05:00,202.68,202.7,202.52,202.7,0,0.0,0.0
2024-12-16 08:40:00-05:00,202.66,202.7,202.605,202.66,0,0.0,0.0
2024-12-16 08:41:00-05:00,202.63,202.7,202.605,202.7,0,0.0,0.0
2024-12-16 08:42:00-05:00,202.6558,202.7,202.51,202.61,0,0.0,0.0
2024-12-16 08:43:00-05:00,202.59,202.64,202.55,202.6,0,0.0,0.0
2024-12-16 08:44:00-05:00,202.5326,202.7,202.5326,202.7,0,0.0,0.0
2024-12-16 08:45:00-05:00,202.62,202.7,202.5097,202.55,0,0.0,0.0
2024-12-16 08:46:00-05:00,202.54,202.69,202.51,202.61,0,0.0,0.0
2024-12-16 08:47:00-05:00,202.61,202.65,202.575,202.65,0,0.0,0.0
2024-12-16 08:48:00-05:00,202.61,202.65,202.505,202.505,0,0.0,0.0
2024-12-16 08:49:00-05:00,202.6,202.6462,202.51,202.64,0,0.0,0.0
2024-12-16 08:50:00-05:00,202.55,202.65,202.51,202.64,0,0.0,0.0
2024-12-16 08:51:00-05:00,202.52,202.64,202.48,202.5,0,0.0,0.0
2024-12-16 08:52:00-05:00,202.57,202.57,202.48,202.57,0,0.0,0.0
2024-12-16 08:53:00-05:00,202.53,202.57,202.49,202.57,0,0.0,0.0
2024-12-16 08:54:00-05:00,202.55,202.55,202.46,202.5,0,0.0,0.0
2024-12-16 08:55:00-05:00,202.47,202.5,202.39,202.45,0,0.0,0.0
2024-12-16 08:56:00-05:00,202.372,202.45,202.372,202.45,0,0.0,0.0
2024-12-16 08:57:00-05:00,202.45,202.45,202.33,202.39,0,0.0,0.0
2024-12-16 08:58:00-05:00,202.03,202.57,202.03,202.49,0,0.0,0.0
2024-12-16 08:59:00-05:00,202.55,202.56,202.01,202.44,0,0.0,0.0
2024-12-16 09:00:00-05:00,202.43,202.57,202.43,202.56,0,0.0,0.0
2024-12-16 09:01:00-05:00,202.51,202.64,202.51,202.64,0,0.0,0.0
2024-12-16 09:02:00-05:00,202.59,202.67,202.5201,202.5238,0,0.0,0.0
2024-12-16 09:03:00-05:00,202.56,202.57,202.5101,202.57,0,0.0,0.0
2024-12-16 09:04:00-05:00,202.51,202.62,202.51,202.6,0,0.0,0.0
2024-12-16 09:05:00-05:00,202.51,202.6,202.2,202.45,0,0.0,0.0
2024-12-16 09:06:00-05:00,202.52,202.523,202.14,202.42,0,0.0,0.0
2024-12-16 09:07:00-05:00,202.27,202.4,202.25,202.3674,0,0.0,0.0
2024-12-16 09:08:00-05:00,202.27,202.47,202.27,202.36,0,0.0,0.0
2024-12-16 09:09:00-05:00,202.47,202.5,202.47,202.5,0,0.0,0.0
2024-12-16 09:10:00-05:00,202.51,202.64,198.775,202.64,0,0.0,0.0
2024-12-16 09:11:00-05:00,202.64,202.64,202.5255,202.63,0,0.0,0.0
2024-12-16 09:12:00-05:00,202.64,202.64,202.5,202.58,0,0.0,0.0
2024-12-16 09:13:00-05:00,202.54,202.64,202.54,202.64,0,0.0,0.0
2024-12-16 09:14:00-05:00,202.64,202.64,202.53,202.54,0,0.0,0.0
2024-12-16 09:30:00-05:00,203.1999969482422,203.98500061035156,203.01499938964844,203.92970275878906,963362,0.0,0.0
2024-12-16 09:31:00-05:00,203.9199981689453,204.66000366210938,203.8000030517578,203.80999755859375,215604,0.0,0.0
2024-12-16 09:32:00-05:00,203.82000732421875,204.49000549316406,203.6300048828125,204.28500366210938,131143,0.0,0.0
2024-12-16 09:33:00-05:00,204.28500366210938,204.9600067138672,203.9550018310547,203.9550018310547,217325,0.0,0.0
2024-12-16 09:34:00-05:00,203.97999572753906,205.0,203.94000244140625,204.7100067138672,242087,0.0,0.0
2024-12-16 09:35:00-05:00,204.7274932861328,204.85000610351562,204.25999450683594,204.4199981689453,118979,0.0,0.0
2024-12-16 09:36:00-05:00,204.40499877929688,204.75999450683594,203.69000244140625,203.74000549316406,135969,0.0,0.0
2024-12-16 09:37:00-05:00,203.75999450683594,204.58999633789062,203.69000244140625,204.27000427246094,89553,0.0,0.0
2024-12-16 09:38:00-05:00,204.39999389648438,205.00999450683594,204.25999450683594,204.9250030517578,181222,0.0,0.0
2024-12-16 09:39:00-05:00,204.9600067138672,205.38999938964844,204.82000732421875,205.33999633789062,188068,0.0,0.0
2024-12-16 09:40:00-05:00,205.32730102539062,205.35000610351562,204.69000244140625,205.2899932861328,74480,0.0,0.0
2024-12-16 09:41:00-05:00,205.24560546875,205.3800048828125,205.0500030517578,205.125,63615,0.0,0.0
2024-12-16 09:42:00-05:00,205.05999755859375,205.06500244140625,204.16000366210938,204.36000061035156,54514,0.0,0.0
2024-12-16 09:43:00-05:00,204.2510986328125,204.47999572753906,204.0200958251953,204.30360412597656,45620,0.0,0.0
2024-12-16 09:44:00-05:00,204.3350067138672,204.4550018310547,203.75999450683594,203.87820434570312,56463,0.0,0.0
2024-12-16 09:45:00-05:00,204.07000732421875,204.3000030517578,203.63999938964844,203.66000366210938,87381,0.0,0.0
2024-12-16 09:46:00-05:00,203.61329650878906,204.1190948486328,203.55999755859375,204.1190948486328,67208,0.0,0.0
2024-12-16 09:47:00-05:00,204.1199951171875,204.99000549316406,204.1199951171875,204.65499877929688,67992,0.0,0.0
2024-12-16 09:48:00-05:00,204.57000732421875,204.57000732421875,204.0,204.2899932861328,83041,0.0,0.0
2024-12-16 09:49:00-05:00,204.20089721679688,204.85499572753906,204.1999969482422,204.74729919433594,42676,0.0,0.0
2024-12-16 09:50:00-05:00,204.8000030517578,204.99000549316406,204.69000244140625,204.88250732421875,38606,0.0,0.0
2024-12-16 09:51:00-05:00,204.85499572753906,205.07000732421875,204.3000030517578,204.72999572753906,52939,0.0,0.0
2024-12-16 09:52:00-05:00,204.74000549316406,205.10000610351562,204.55999755859375,205.08999633789062,51585,0.0,0.0
2024-12-16 09:53:00-05:00,205.08999633789062,205.27999877929688,204.96560668945312,205.19000244140625,73455,0.0,0.0
2024-12-16 09:54:00-05:00,205.18499755859375,205.5,204.77999877929688,204.9499969482422,105779,0.0,0.0
2024-12-16 09:55:00-05:00,204.9499969482422,205.02999877929688,204.64999389648438,204.67999267578125,44158,0.0,0.0
2024-12-16 09:56:00-05:00,204.6699981689453,204.68040466308594,204.0800018310547,204.08999633789062,37745,0.0,0.0
2024-12-16 09:57:00-05:00,204.0800018310547,204.37899780273438,203.99000549316406,204.3000030517578,51877,0.0,0.0
2024-12-16 09:58:00-05:00,204.22999572753906,204.30999755859375,204.0791015625,204.2100067138672,35572,0.0,0.0
2024-12-16 09:59:00-05:00,204.1717071533203,204.31500244140625,204.00999450683594,204.31500244140625,45662,0.0,0.0
2024-12-16 10:00:00-05:00,204.3699951171875,204.74000549316406,204.32000732421875,204.4398956298828,56148,0.0,0.0
2024-12-16 10:01:00-05:00,204.41839599609375,204.5,204.41839599609375,204.4434051513672,7683,0.0,0.0
2024-12-16 10:02:00-05:00,204.6649932861328,204.7100067138672,204.57200622558594,204.63259887695312,46259,0.0,0.0
2024-12-16 10:03:00-05:00,204.61000061035156,204.79989624023438,204.5800018310547,204.6199951171875,54969,0.0,0.0
2024-12-16 10:04:00-05:00,204.58999633789062,204.97999572753906,204.56500244140625,204.8300018310547,40281,0.0,0.0
2024-12-16 10:05:00-05:00,204.8300018310547,204.8459930419922,203.99000549316406,203.99000549316406,68115,0.0,0.0
2024-12-16 10:06:00-05:00,203.9499969482422,204.0,203.6999969482422,203.8000030517578,33436,0.0,0.0
2024-12-16 10:07:00-05:00,203.7100067138672,204.1999969482422,203.7100067138672,204.1699981689453,63366,0.0,0.0
2024-12-16 10:08:00-05:00,204.1300048828125,204.5998992919922,204.1300048828125,204.5500030517578,34003,0.0,0.0
2024-12-16 10:09:00-05:00,204.5500030517578,204.63999938964844,204.14999389648438,204.25990295410156,34097,0.0,0.0
2024-12-16 10:10:00-05:00,204.2050018310547,204.2209930419922,203.61000061035156,203.61000061035156,51872,0.0,0.0
2024-12-16 10:11:00-05:00,203.69000244140625,203.69000244140625,203.1999969482422,203.30999755859375,60787,0.0,0.0
2024-12-16 10:12:00-05:00,203.2550048828125,203.33999633789062,202.8300018310547,202.8699951171875,68732,0.0,0.0
2024-12-16 10:13:00-05:00,202.8695068359375,203.02999877929688,202.72000122070312,202.72999572753906,48643,0.0,0.0
2024-12-16 10:14:00-05:00,202.77499389648438,202.77999877929688,202.36000061035156,202.42999267578125,57860,0.0,0.0
2024-12-16 10:15:00-05:00,202.42999267578125,202.5,202.27999877929688,202.36500549316406,37965,0.0,0.0
2024-12-16 10:16:00-05:00,202.3699951171875,202.72000122070312,202.34010314941406,202.67999267578125,45054,0.0,0.0
2024-12-16 10:17:00-05:00,202.72000122070312,203.02000427246094,202.72000122070312,202.92999267578125,45135,0.0,0.0
2024-12-16 10:18:00-05:00,202.89999389648438,202.9199981689453,202.64999389648438,202.76499938964844,24230,0.0,0.0
2024-12-16 10:19:00-05:00,202.77999877929688,203.02999877929688,202.77999877929688,202.96499633789062,35121,0.0,0.0
2024-12-16 10:20:00-05:00,202.96499633789062,203.13949584960938,202.77000427246094,203.13949584960938,34927,0.0,0.0
2024-12-16 10:21:00-05:00,203.11000061035156,203.1999969482422,202.85879516601562,203.0800018310547,25644,0.0,0.0
2024-12-16 10:22:00-05:00,203.08999633789062,203.25,203.0,203.25,36687,0.0,0.0
2024-12-16 10:23:00-05:00,203.25,203.5800018310547,203.1999969482422,203.48500061035156,31351,0.0,0.0
2024-12-16 10:24:00-05:00,203.4550018310547,203.49000549316406,203.27999877929688,203.39999389648438,25249,0.0,0.0
2024-12-16 10:25:00-05:00,203.4250030517578,203.5800018310547,203.39999389648438,203.4199981689453,30657,0.0,0.0
2024-12-16 10:26:00-05:00,203.45579528808594,203.47369384765625,203.02999877929688,203.02999877929688,32847,0.0,0.0
2024-12-16 10:27:00-05:00,203.02999877929688,203.08999633789062,202.59739685058594,202.88999938964844,47010,0.0,0.0
2024-12-16 10:28:00-05:00,202.83999633789062,203.25,202.77000427246094,203.02000427246094,37010,0.0,0.0
2024-12-16 10:29:00-05:00,203.00999450683594,203.1199951171875,202.97999572753906,203.01719665527344,23210,0.0,0.0
2024-12-16 10:30:00-05:00,202.9949951171875,203.07000732421875,202.9199981689453,203.0,40124,0.0,0.0
2024-12-16 10:31:00-05:00,203.0,203.0,202.6300048828125,202.77000427246094,42255,0.0,0.0
2024-12-16 10:32:00-05:00,202.8000030517578,202.9250030517578,202.72999572753906,202.80999755859375,20206,0.0,0.0
2024-12-16 10:33:00-05:00,202.80999755859375,202.8699951171875,202.66000366210938,202.7899932861328,46836,0.0,0.0
2024-12-16 10:34:00-05:00,202.7100067138672,202.72999572753906,202.33999633789062,202.4199981689453,41655,0.0,0.0
2024-12-16 10:35:00-05:00,202.41000366210938,202.42990112304688,202.25,202.3800048828125,26568,0.0,0.0
2024-12-16 10:36:00-05:00,202.36000061035156,202.44000244140625,202.06500244140625,202.10499572753906,24192,0.0,0.0
2024-12-16 10:37:00-05:00,202.10499572753906,202.1096954345703,201.72999572753906,201.78179931640625,87200,0.0,0.0
2024-12-16 10:38:00-05:00,201.82000732421875,201.86000061035156,201.46499633789062,201.8000030517578,71826,0.0,0.0
2024-12-16 10:39:00-05:00,201.80499267578125,202.02000427246094,201.5399932861328,201.9499969482422,39817,0.0,0.0
2024-12-16 10:40:00-05:00,202.00999450683594,202.00999450683594,201.6300048828125,201.6649932861328,34722,0.0,0.0
2024-12-16 10:41:00-05:00,201.6300048828125,201.69000244140625,201.5,201.58999633789062,38916,0.0,0.0
2024-12-16 10:42:00-05:00,201.60000610351562,201.89999389648438,201.5740966796875,201.8000030517578,32775,0.0,0.0
2024-12-16 10:43:00-05:00,201.7550048828125,201.82000732421875,201.39999389648438,201.40499877929688,46511,0.0,0.0
2024-12-16 10:44:00-05:00,201.41000366210938,201.47000122070312,201.33999633789062,201.38999938964844,24103,0.0,0.0
2024-12-16 10:45:00-05:00,201.3800048828125,201.42990112304688,201.27999877929688,201.39810180664062,40665,0.0,0.0
2024-12-16 10:46:00-05:00,201.3800048828125,201.4199981689453,201.00999450683594,201.05999755859375,29441,0.0,0.0
2024-12-16 10:47:00-05:00,201.02999877929688,201.25,201.02999877929688,201.10000610351562,22766,0.0,0.0
2024-12-16 10:48:00-05:00,201.1199951171875,201.14089965820312,200.94500732421875,201.0500030517578,56064,0.0,0.0
2024-12-16 10:49:00-05:00,201.06809997558594,201.0800018310547,200.8800048828125,201.02000427246094,86789,0.0,0.0
2024-12-16 10:50:00-05:00,201.0081024169922,201.2698974609375,200.97999572753906,200.99000549316406,41725,0.0,0.0
2024-12-16 10:51:00-05:00,201.05499267578125,201.14999389648438,200.8699951171875,200.90499877929688,63314,0.0,0.0
2024-12-16 10:52:00-05:00,200.94000244140625,201.26499938964844,200.90499877929688,201.0749969482422,31434,0.0,0.0
2024-12-16 10:53:00-05:00,201.1060028076172,201.27999877929688,201.02999877929688,201.1750030517578,22241,0.0,0.0
2024-12-16 10:54:00-05:00,201.1898956298828,201.30990600585938,201.10450744628906,201.26499938964844,28986,0.0,0.0
2024-12-16 10:55:00-05:00,201.27499389648438,201.32000732421875,201.13999938964844,201.2899932861328,17856,0.0,0.0
2024-12-16 10:56:00-05:00,201.3300018310547,201.6699981689453,201.2949981689453,201.52999877929688,38074,0.0,0.0
2024-12-16 10:57:00-05:00,201.5500030517578,201.63999938964844,201.2899932861328,201.30499267578125,55102,0.0,0.0
2024-12-16 10:58:00-05:00,201.30499267578125,201.3699951171875,201.1300048828125,201.23500061035156,21976,0.0,0.0
2024-12-16 10:59:00-05:00,201.23500061035156,201.3491973876953,201.11000061035156,201.1199951171875,23008,0.0,0.0
2024-12-16 11:00:00-05:00,201.0800018310547,201.41000366210938,201.07000732421875,201.36000061035156,26819,0.0,0.0
2024-12-16 11:01:00-05:00,201.3699951171875,201.3800048828125,201.08999633789062,201.19000244140625,24966,0.0,0.0
2024-12-16 11:02:00-05:00,201.2100067138672,202.0,201.15499877929688,201.9600067138672,49965,0.0,0.0
2024-12-16 11:03:00-05:00,201.97000122070312,201.99000549316406,201.74000549316406,201.83999633789062,48051,0.0,0.0
2024-12-16 11:04:00-05:00,201.88999938964844,202.00999450683594,201.88999938964844,201.89999389648438,14494,0.0,0.0
2024-12-16 11:06:00-05:00,201.86000061035156,201.91000366210938,201.8000946044922,201.91000366210938,58569,0.0,0.0
2024-12-16 11:07:00-05:00,201.88999938964844,202.01499938964844,201.86500549316406,201.96499633789062,12615,0.0,0.0
2024-12-16 11:08:00-05:00,202.02000427246094,202.02000427246094,201.77999877929688,201.80999755859375,18820,0.0,0.0
2024-12-16 11:09:00-05:00,201.85000610351562,201.92999267578125,201.7899932861328,201.8000030517578,12626,0.0,0.0
2024-12-16 11:10:00-05:00,201.78089904785156,202.0,201.72999572753906,201.97500610351562,19653,0.0,0.0
2024-12-16 11:11:00-05:00,201.97999572753906,202.02999877929688,201.8300018310547,201.91000366210938,13135,0.0,0.0
2024-12-16 11:12:00-05:00,201.9250030517578,201.9499969482422,201.72000122070312,201.82589721679688,14575,0.0,0.0
2024-12-16 11:13:00-05:00,201.77999877929688,201.8800048828125,201.72000122070312,201.8300018310547,34995,0.0,0.0
2024-12-16 11:14:00-05:00,201.8350067138672,201.86000061035156,201.74000549316406,201.8000030517578,23487,0.0,0.0
2024-12-16 11:15:00-05:00,201.85000610351562,201.85000610351562,201.7100067138672,201.8000030517578,8582,0.0,0.0
2024-12-16 11:16:00-05:00,201.7949981689453,201.86000061035156,201.75999450683594,201.83999633789062,12363,0.0,0.0
2024-12-16 11:17:00-05:00,201.80999755859375,201.95989990234375,201.77000427246094,201.95989990234375,10151,0.0,0.0
2024-12-16 11:18:00-05:00,201.90499877929688,202.02000427246094,201.8699951171875,202.02000427246094,18853,0.0,0.0
2024-12-16 11:19:00-05:00,202.0,202.05990600585938,201.94239807128906,202.05990600585938,24880,0.0,0.0
2024-12-16 11:20:00-05:00,202.02999877929688,202.05999755859375,201.89999389648438,202.02000427246094,20299,0.0,0.0
2024-12-16 11:21:00-05:00,202.02000427246094,202.0500030517578,201.9499969482422,202.00999450683594,20756,0.0,0.0
2024-12-16 11:22:00-05:00,201.9499969482422,202.0500030517578,201.91000366210938,202.0,21964,0.0,0.0
2024-12-16 11:23:00-05:00,202.0,202.08999633789062,201.83999633789062,201.86000061035156,18867,0.0,0.0
2024-12-16 11:24:00-05:00,201.8300018310547,202.02000427246094,201.81320190429688,201.9600067138672,21712,0.0,0.0
2024-12-16 11:25:00-05:00,202.0,202.02000427246094,201.91000366210938,201.91000366210938,9251,0.0,0.0
2024-12-16 11:26:00-05:00,201.9199981689453,201.94000244140625,201.8394012451172,201.91000366210938,14920,0.0,0.0
2024-12-16 11:27:00-05:00,201.9199981689453,201.9600067138672,201.86000061035156,201.9600067138672,4854,0.0,0.0
2024-12-16 11:28:00-05:00,201.8699951171875,202.02000427246094,201.8699951171875,202.0,5621,0.0,0.0
2024-12-16 11:29:00-05:00,201.9499969482422,202.02000427246094,201.89999389648438,201.91000366210938,10378,0.0,0.0
2024-12-16 11:30:00-05:00,201.89239501953125,202.09210205078125,201.89239501953125,202.05499267578125,13985,0.0,0.0
2024-12-16 11:31:00-05:00,202.00999450683594,202.0699005126953,201.7845001220703,201.83999633789062,21912,0.0,0.0
2024-12-16 11:32:00-05:00,201.83999633789062,201.97000122070312,201.77000427246094,201.97000122070312,10078,0.0,0.0
2024-12-16 11:33:00-05:00,201.92999267578125,201.99000549316406,201.91000366210938,201.9199981689453,8998,0.0,0.0
2024-12-16 11:34:00-05:00,201.87930297851562,201.97999572753906,201.72000122070312,201.82000732421875,25727,0.0,0.0
2024-12-16 11:35:00-05:00,201.845703125,201.9499053955078,201.72999572753906,201.75,16288,0.0,0.0
2024-12-16 11:36:00-05:00,201.72000122070312,201.74000549316406,201.60009765625,201.64999389648438,12279,0.0,0.0
2024-12-16 11:37:00-05:00,201.65499877929688,201.91000366210938,201.64599609375,201.8800048828125,11520,0.0,0.0
2024-12-16 11:38:00-05:00,201.88499450683594,201.93699645996094,201.80999755859375,201.91000366210938,9733,0.0,0.0
2024-12-16 11:39:00-05:00,201.92999267578125,201.97000122070312,201.83999633789062,201.85000610351562,10505,0.0,0.0
2024-12-16 11:40:00-05:00,201.87142944335938,201.97000122070312,201.83999633789062,201.8699951171875,8530,0.0,0.0
2024-12-16 11:41:00-05:00,201.83999633789062,201.91000366210938,201.80999755859375,201.81219482421875,9681,0.0,0.0
2024-12-16 11:42:00-05:00,201.80999755859375,201.83999633789062,201.63999938964844,201.7050018310547,7188,0.0,0.0
2024-12-16 11:43:00-05:00,201.7100067138672,201.75909423828125,201.5399932861328,201.54299926757812,18885,0.0,0.0
2024-12-16 11:44:00-05:00,201.55999755859375,201.55999755859375,201.47000122070312,201.5399932861328,11966,0.0,0.0
2024-12-16 11:45:00-05:00,201.52999877929688,201.5800018310547,201.4600067138672,201.52999877929688,15457,0.0,0.0
2024-12-16 11:46:00-05:00,201.52000427246094,201.6300048828125,201.51620483398438,201.6300048828125,20136,0.0,0.0
2024-12-16 11:47:00-05:00,201.60000610351562,201.75,201.58999633789062,201.67999267578125,16089,0.0,0.0
2024-12-16 11:48:00-05:00,201.67999267578125,201.7050018310547,201.61000061035156,201.67999267578125,5815,0.0,0.0
2024-12-16 11:49:00-05:00,201.6699981689453,201.9600067138672,201.64999389648438,201.9199981689453,22355,0.0,0.0
2024-12-16 11:50:00-05:00,201.91000366210938,201.91000366210938,201.77000427246094,201.86000061035156,7572,0.0,0.0
2024-12-16 11:51:00-05:00,201.80999755859375,202.0800018310547,201.802001953125,202.0699005126953,15066,0.0,0.0
2024-12-16 11:52:00-05:00,202.00999450683594,202.17999267578125,201.9600067138672,202.17999267578125,9960,0.0,0.0
2024-12-16 11:53:00-05:00,202.1199951171875,202.3957061767578,202.1199951171875,202.35000610351562,18685,0.0,0.0
2024-12-16 11:54:00-05:00,202.35000610351562,202.49000549316406,202.3000030517578,202.4600067138672,14011,0.0,0.0
2024-12-16 11:55:00-05:00,202.4001007080078,202.52000427246094,202.38009643554688,202.50999450683594,18107,0.0,0.0
2024-12-16 11:56:00-05:00,202.48500061035156,202.65989685058594,202.48500061035156,202.61000061035156,19265,0.0,0.0
2024-12-16 11:57:00-05:00,202.61000061035156,202.66000366210938,202.39999389648438,202.4199981689453,14266,0.0,0.0
2024-12-16 11:58:00-05:00,202.4199981689453,202.6999969482422,202.4199981689453,202.6649932861328,19683,0.0,0.0
2024-12-16 11:59:00-05:00,202.6999969482422,202.88999938964844,202.61669921875,202.81500244140625,12478,0.0,0.0
2024-12-16 12:00:00-05:00,202.7884979248047,202.97000122070312,202.77999877929688,202.9600067138672,35668,0.0,0.0
2024-12-16 12:01:00-05:00,202.91000366210938,203.0,202.8397979736328,202.9600067138672,32014,0.0,0.0
2024-12-16 12:02:00-05:00,202.8800048828125,202.99000549316406,202.77999877929688,202.89999389648438,13806,0.0,0.0
2024-12-16 12:03:00-05:00,202.9499969482422,203.0,202.91000366210938,202.9499969482422,17995,0.0,0.0
2024-12-16 12:04:00-05:00,202.9499969482422,203.0,202.91000366210938,202.9199981689453,33297,0.0,0.0
2024-12-16 12:05:00-05:00,202.91000366210938,202.97000122070312,202.77000427246094,202.86000061035156,21992,0.0,0.0
2024-12-16 12:06:00-05:00,202.86000061035156,202.9499969482422,202.76499938964844,202.80999755859375,11464,0.0,0.0
2024-12-16 12:07:00-05:00,202.8000030517578,202.86000061035156,202.77000427246094,202.8000030517578,7663,0.0,0.0
2024-12-16 12:08:00-05:00,202.88999938964844,202.9499969482422,202.80999755859375,202.89500427246094,9417,0.0,0.0
2024-12-16 12:09:00-05:00,202.92999267578125,202.9499969482422,202.82000732421875,202.875,14453,0.0,0.0
2024-12-16 12:10:00-05:00,202.875,203.0050048828125,202.875,202.97000122070312,15507,0.0,0.0
2024-12-16 12:11:00-05:00,202.94520568847656,203.0299072265625,202.91000366210938,202.9199981689453,13378,0.0,0.0
2024-12-16 12:12:00-05:00,202.89999389648438,203.0,202.89010620117188,202.89010620117188,13870,0.0,0.0
2024-12-16 12:13:00-05:00,202.88999938964844,202.92999267578125,202.7686004638672,202.8321990966797,20293,0.0,0.0
2024-12-16 12:14:00-05:00,202.875,202.88999938964844,202.77000427246094,202.78500366210938,12509,0.0,0.0
2024-12-16 12:15:00-05:00,202.7899932861328,202.89999389648438,202.72999572753906,202.89999389648438,19901,0.0,0.0
2024-12-16 12:16:00-05:00,202.8800048828125,203.17999267578125,202.84449768066406,203.16000366210938,103709,0.0,0.0
2024-12-16 12:17:00-05:00,203.16000366210938,203.1699981689453,202.91000366210938,203.03500366210938,26241,0.0,0.0
2024-12-16 12:18:00-05:00,203.0,203.3699951171875,203.0,203.32000732421875,52390,0.0,0.0
2024-12-16 12:19:00-05:00,203.27999877929688,203.38999938964844,203.25999450683594,203.3000030517578,11113,0.0,0.0
2024-12-16 12:20:00-05:00,203.31500244140625,203.35000610351562,203.0,203.02000427246094,12586,0.0,0.0
2024-12-16 12:21:00-05:00,203.08999633789062,203.25999450683594,202.99009704589844,203.25999450683594,18412,0.0,0.0
2024-12-16 12:22:00-05:00,203.2449951171875,203.43699645996094,203.21009826660156,203.3699951171875,19387,0.0,0.0
2024-12-16 12:23:00-05:00,203.31500244140625,203.41000366210938,203.2899932861328,203.33999633789062,21430,0.0,0.0
2024-12-16 12:24:00-05:00,203.33999633789062,203.39999389648438,203.3000030517578,203.3699951171875,15880,0.0,0.0
2024-12-16 12:25:00-05:00,203.36000061035156,203.47999572753906,203.3000030517578,203.39999389648438,12940,0.0,0.0
2024-12-16 12:26:00-05:00,203.44000244140625,203.50999450683594,203.3699951171875,203.44000244140625,21048,0.0,0.0
2024-12-16 12:27:00-05:00,203.44000244140625,203.50999450683594,203.39999389648438,203.4499969482422,22798,0.0,0.0
2024-12-16 12:28:00-05:00,203.4499969482422,203.58700561523438,203.39999389648438,203.55999755859375,32699,0.0,0.0
2024-12-16 12:29:00-05:00,203.539794921875,203.5800018310547,203.4499969482422,203.5500030517578,23698,0.0,0.0
2024-12-16 12:30:00-05:00,203.5399932861328,203.7270050048828,203.50999450683594,203.68499755859375,25291,0.0,0.0
2024-12-16 12:31:00-05:00,203.69000244140625,203.72000122070312,203.52999877929688,203.60499572753906,24727,0.0,0.0
2024-12-16 12:32:00-05:00,203.6199951171875,203.68850708007812,203.4499969482422,203.52999877929688,26585,0.0,0.0
2024-12-16 12:33:00-05:00,203.50999450683594,203.6699981689453,203.45010375976562,203.60000610351562,20749,0.0,0.0
2024-12-16 12:34:00-05:00,203.58999633789062,203.61000061035156,203.4600067138672,203.55999755859375,12937,0.0,0.0
2024-12-16 12:35:00-05:00,203.55999755859375,203.63150024414062,203.55999755859375,203.61000061035156,6120,0.0,0.0
2024-12-16 12:36:00-05:00,203.57000732421875,203.63999938964844,203.5399932861328,203.63999938964844,7604,0.0,0.0
2024-12-16 12:37:00-05:00,203.60499572753906,203.72000122070312,203.57000732421875,203.6999969482422,9379,0.0,0.0
2024-12-16 12:38:00-05:00,203.72999572753906,203.7899932861328,203.66000366210938,203.6649932861328,24398,0.0,0.0
2024-12-16 12:39:00-05:00,203.6699981689453,203.8300018310547,203.6699981689453,203.76499938964844,17644,0.0,0.0
2024-12-16 12:40:00-05:00,203.77499389648438,203.82989501953125,203.67999267578125,203.7100067138672,11848,0.0,0.0
2024-12-16 12:41:00-05:00,203.66000366210938,203.7100067138672,203.5800018310547,203.64010620117188,12907,0.0,0.0
2024-12-16 12:42:00-05:00,203.69239807128906,203.80999755859375,203.63999938964844,203.7949981689453,8203,0.0,0.0
2024-12-16 12:43:00-05:00,203.77999877929688,203.8699951171875,203.76499938964844,203.8350067138672,18657,0.0,0.0
2024-12-16 12:44:00-05:00,203.8699951171875,203.8699951171875,203.7899932861328,203.80999755859375,19217,0.0,0.0
2024-12-16 12:45:00-05:00,203.7949981689453,203.8300018310547,203.75,203.75999450683594,15495,0.0,0.0
2024-12-16 12:46:00-05:00,203.77999877929688,203.97000122070312,203.77999877929688,203.89500427246094,22426,0.0,0.0
2024-12-16 12:47:00-05:00,203.9199981689453,204.02000427246094,203.78500366210938,203.78500366210938,30876,0.0,0.0
2024-12-16 12:48:00-05:00,203.7949981689453,203.86000061035156,203.77000427246094,203.83999633789062,10295,0.0,0.0
2024-12-16 12:49:00-05:00,203.8350067138672,203.88999938964844,203.80999755859375,203.8800048828125,10211,0.0,0.0
2024-12-16 12:50:00-05:00,203.88999938964844,203.9199981689453,203.83009338378906,203.9199981689453,10354,0.0,0.0
2024-12-16 12:51:00-05:00,203.88999938964844,204.0,203.86000061035156,203.92999267578125,20668,0.0,0.0
2024-12-16 12:52:00-05:00,203.93319702148438,203.93499755859375,203.80979919433594,203.80979919433594,11777,0.0,0.0
2024-12-16 12:53:00-05:00,203.8350067138672,203.8699951171875,203.72000122070312,203.8300018310547,14758,0.0,0.0
2024-12-16 12:54:00-05:00,203.80020141601562,203.8300018310547,203.60000610351562,203.6699981689453,18486,0.0,0.0
2024-12-16 12:55:00-05:00,203.63999938964844,203.75999450683594,203.5800018310547,203.7100067138672,12198,0.0,0.0
2024-12-16 12:56:00-05:00,203.70750427246094,203.8000030517578,203.70750427246094,203.75999450683594,10237,0.0,0.0
2024-12-16 12:57:00-05:00,203.7899932861328,203.8699951171875,203.77999877929688,203.86000061035156,8960,0.0,0.0
2024-12-16 12:58:00-05:00,203.8800048828125,203.88999938964844,203.82000732421875,203.8699951171875,7726,0.0,0.0
2024-12-16 12:59:00-05:00,203.88999938964844,203.89999389648438,203.83909606933594,203.8699951171875,5612,0.0,0.0
2024-12-16 13:00:00-05:00,203.8699951171875,203.9250030517578,203.85000610351562,203.9199981689453,11916,0.0,0.0
2024-12-16 13:01:00-05:00,203.9199981689453,204.00999450683594,203.9199981689453,203.9499969482422,18883,0.0,0.0
2024-12-16 13:02:00-05:00,203.97000122070312,204.02999877929688,203.9499969482422,203.99000549316406,12259,0.0,0.0
2024-12-16 13:03:00-05:00,203.99000549316406,204.0500030517578,203.9600067138672,204.02000427246094,10985,0.0,0.0
2024-12-16 13:04:00-05:00,204.0399932861328,204.1199951171875,204.00999450683594,204.11000061035156,9232,0.0,0.0
2024-12-16 13:05:00-05:00,204.11000061035156,204.32000732421875,204.0800018310547,204.25,25755,0.0,0.0
2024-12-16 13:06:00-05:00,204.30999755859375,204.42999267578125,204.25,204.3699951171875,22529,0.0,0.0
2024-12-16 13:07:00-05:00,204.42999267578125,204.42999267578125,204.22000122070312,204.33999633789062,27200,0.0,0.0
2024-12-16 13:08:00-05:00,204.33999633789062,204.41000366210938,204.3000030517578,204.41000366210938,17660,0.0,0.0
2024-12-16 13:09:00-05:00,204.36000061035156,204.38999938964844,204.22340393066406,204.27000427246094,44070,0.0,0.0
2024-12-16 13:10:00-05:00,204.28500366210938,204.41000366210938,204.25,204.39999389648438,9423,0.0,0.0
2024-12-16 13:11:00-05:00,204.4066925048828,204.5,204.39999389648438,204.49000549316406,14585,0.0,0.0
2024-12-16 13:12:00-05:00,204.49000549316406,204.5,204.41000366210938,204.4499969482422,31522,0.0,0.0
2024-12-16 13:13:00-05:00,204.49000549316406,204.5,204.29049682617188,204.3000030517578,7633,0.0,0.0
2024-12-16 13:14:00-05:00,204.35000610351562,204.35000610351562,204.25,204.27999877929688,7328,0.0,0.0
2024-12-16 13:15:00-05:00,204.24620056152344,204.33999633789062,204.22999572753906,204.33810424804688,10959,0.0,0.0
2024-12-16 13:16:00-05:00,204.31759643554688,204.36000061035156,204.27279663085938,204.32000732421875,8983,0.0,0.0
2024-12-16 13:17:00-05:00,204.27000427246094,204.3697052001953,204.27000427246094,204.3159942626953,45541,0.0,0.0
2024-12-16 13:18:00-05:00,204.33999633789062,204.47000122070312,204.31289672851562,204.45199584960938,15310,0.0,0.0
2024-12-16 13:19:00-05:00,204.42999267578125,204.4499969482422,204.30999755859375,204.41000366210938,10743,0.0,0.0
2024-12-16 13:20:00-05:00,204.44000244140625,204.47999572753906,204.3800048828125,204.4499969482422,8976,0.0,0.0
2024-12-16 13:21:00-05:00,204.43299865722656,204.49000549316406,204.3300018310547,204.3350067138672,11543,0.0,0.0
2024-12-16 13:22:00-05:00,204.35000610351562,204.39999389648438,204.35000610351562,204.39999389648438,5146,0.0,0.0
2024-12-16 13:23:00-05:00,204.38499450683594,204.52000427246094,204.3699951171875,204.44500732421875,23517,0.0,0.0
2024-12-16 13:24:00-05:00,204.4600067138672,204.5,204.44979858398438,204.46499633789062,7299,0.0,0.0
2024-12-16 13:25:00-05:00,204.46249389648438,204.46249389648438,204.31959533691406,204.42050170898438,10949,0.0,0.0
2024-12-16 13:26:00-05:00,204.39630126953125,204.4499969482422,204.33999633789062,204.36500549316406,10054,0.0,0.0
2024-12-16 13:27:00-05:00,204.36500549316406,204.54989624023438,204.32000732421875,204.52000427246094,12591,0.0,0.0
2024-12-16 13:28:00-05:00,204.51510620117188,204.74000549316406,204.46009826660156,204.74000549316406,27457,0.0,0.0
2024-12-16 13:29:00-05:00,204.71499633789062,204.7899932861328,204.7100067138672,204.75999450683594,29602,0.0,0.0
2024-12-16 13:30:00-05:00,204.75999450683594,204.8300018310547,204.6999969482422,204.72999572753906,24583,0.0,0.0
2024-12-16 13:31:00-05:00,204.72999572753906,204.8096923828125,204.67999267578125,204.72000122070312,21673,0.0,0.0
2024-12-16 13:32:00-05:00,204.74000549316406,204.75999450683594,204.61000061035156,204.6699981689453,33964,0.0,0.0
2024-12-16 13:33:00-05:00,204.66000366210938,204.6699981689453,204.48550415039062,204.55999755859375,30412,0.0,0.0
2024-12-16 13:34:00-05:00,204.57000732421875,204.60000610351562,204.48350524902344,204.58999633789062,25121,0.0,0.0
2024-12-16 13:35:00-05:00,204.57000732421875,204.61990356445312,204.49000549316406,204.5850067138672,23000,0.0,0.0
2024-12-16 13:36:00-05:00,204.5500030517578,204.58909606933594,204.4499969482422,204.57000732421875,13108,0.0,0.0
2024-12-16 13:37:00-05:00,204.49000549316406,204.5399932861328,204.47000122070312,204.5,15545,0.0,0.0
2024-12-16 13:38:00-05:00,204.5399932861328,204.5800018310547,204.49000549316406,204.52499389648438,15135,0.0,0.0
2024-12-16 13:39:00-05:00,204.54190063476562,204.66000366210938,204.47830200195312,204.6300048828125,28559,0.0,0.0
2024-12-16 13:40:00-05:00,204.6300048828125,204.74000549316406,204.5800018310547,204.69000244140625,14939,0.0,0.0
2024-12-16 13:41:00-05:00,204.67999267578125,204.7100067138672,204.60000610351562,204.60000610351562,39813,0.0,0.0
2024-12-16 13:42:00-05:00,204.60000610351562,204.64149475097656,204.5399932861328,204.58200073242188,10236,0.0,0.0
2024-12-16 13:43:00-05:00,204.69000244140625,204.69000244140625,204.5399932861328,204.59010314941406,13965,0.0,0.0
2024-12-16 13:44:00-05:00,204.6199951171875,204.6999969482422,204.55499267578125,204.6300048828125,15504,0.0,0.0
2024-12-16 13:45:00-05:00,204.6300048828125,204.66000366210938,204.6199951171875,204.63999938964844,4636,0.0,0.0
2024-12-16 13:46:00-05:00,204.64990234375,204.6699981689453,204.61000061035156,204.63999938964844,6859,0.0,0.0
2024-12-16 13:47:00-05:00,204.6649932861328,204.6999969482422,204.61500549316406,204.61500549316406,6085,0.0,0.0
2024-12-16 13:48:00-05:00,204.6199951171875,204.6199951171875,204.3699951171875,204.4550018310547,15742,0.0,0.0
2024-12-16 13:49:00-05:00,204.4199981689453,204.52999877929688,204.3300018310547,204.49000549316406,31317,0.0,0.0
2024-12-16 13:50:00-05:00,204.5,204.61000061035156,204.47999572753906,204.50999450683594,30647,0.0,0.0
2024-12-16 13:51:00-05:00,204.52000427246094,204.52000427246094,204.38999938964844,204.4600067138672,34046,0.0,0.0
2024-12-16 13:52:00-05:00,204.48500061035156,204.64230346679688,204.4600067138672,204.63999938964844,58688,0.0,0.0
2024-12-16 13:53:00-05:00,204.6300048828125,204.64999389648438,204.47000122070312,204.47999572753906,9283,0.0,0.0
2024-12-16 13:54:00-05:00,204.50889587402344,204.50889587402344,204.3354949951172,204.36500549316406,11111,0.0,0.0
2024-12-16 13:55:00-05:00,204.39999389648438,204.47999572753906,204.36300659179688,204.4499969482422,10745,0.0,0.0
2024-12-16 13:56:00-05:00,204.49000549316406,204.5500030517578,204.44500732421875,204.4600067138672,18008,0.0,0.0
2024-12-16 13:57:00-05:00,204.4499969482422,204.5,204.44000244140625,204.49989318847656,9816,0.0,0.0
2024-12-16 13:58:00-05:00,204.44000244140625,204.49989318847656,204.32000732421875,204.3300018310547,16097,0.0,0.0
2024-12-16 13:59:00-05:00,204.3000030517578,204.30999755859375,204.07000732421875,204.1199951171875,13011,0.0,0.0
2024-12-16 14:00:00-05:00,204.06500244140625,204.1199951171875,204.0449981689453,204.0500030517578,6290,0.0,0.0
2024-12-16 14:01:00-05:00,204.03500366210938,204.11000061035156,204.01010131835938,204.05709838867188,6196,0.0,0.0
2024-12-16 14:02:00-05:00,204.1199951171875,204.22500610351562,204.11000061035156,204.17999267578125,11883,0.0,0.0
2024-12-16 14:03:00-05:00,204.22000122070312,204.3000030517578,204.1699981689453,204.28939819335938,8435,0.0,0.0
2024-12-16 14:04:00-05:00,204.25,204.27999877929688,204.0800018310547,204.16940307617188,10369,0.0,0.0
2024-12-16 14:05:00-05:00,204.1649932861328,204.1649932861328,204.05999755859375,204.0850067138672,6380,0.0,0.0
2024-12-16 14:06:00-05:00,204.0500030517578,204.13999938964844,203.9600067138672,204.07310485839844,15136,0.0,0.0
2024-12-16 14:07:00-05:00,204.05999755859375,204.18519592285156,204.05650329589844,204.0800018310547,7746,0.0,0.0
2024-12-16 14:08:00-05:00,204.0800018310547,204.139892578125,203.99000549316406,203.99000549316406,12304,0.0,0.0
2024-12-16 14:09:00-05:00,203.97999572753906,204.1199951171875,203.9499969482422,204.1199951171875,8645,0.0,0.0
2024-12-16 14:10:00-05:00,204.07000732421875,204.1699981689453,204.02000427246094,204.15499877929688,6042,0.0,0.0
2024-12-16 14:11:00-05:00,204.1649932861328,204.35000610351562,204.1396026611328,204.3300018310547,10294,0.0,0.0
2024-12-16 14:12:00-05:00,204.38999938964844,204.47999572753906,204.31500244140625,204.31500244140625,11549,0.0,0.0
2024-12-16 14:13:00-05:00,204.33999633789062,204.39999389648438,204.25999450683594,204.2899932861328,9286,0.0,0.0
2024-12-16 14:14:00-05:00,204.2899932861328,204.35000610351562,204.2899932861328,204.35000610351562,7422,0.0,0.0
2024-12-16 14:15:00-05:00,204.35499572753906,204.4600067138672,204.33999633789062,204.3800048828125,19575,0.0,0.0
2024-12-16 14:16:00-05:00,204.3800048828125,204.47999572753906,204.3800048828125,204.44000244140625,7938,0.0,0.0
2024-12-16 14:17:00-05:00,204.44000244140625,204.57000732421875,204.43299865722656,204.52499389648438,11241,0.0,0.0
2024-12-16 14:18:00-05:00,204.55990600585938,204.55999755859375,204.4600067138672,204.5399932861328,7368,0.0,0.0
2024-12-16 14:19:00-05:00,204.5399932861328,204.63999938964844,204.52999877929688,204.63999938964844,9469,0.0,0.0
2024-12-16 14:20:00-05:00,204.59500122070312,204.63999938964844,204.5,204.5449981689453,13291,0.0,0.0
2024-12-16 14:21:00-05:00,204.5449981689453,204.61000061035156,204.5,204.58009338378906,7314,0.0,0.0
2024-12-16 14:22:00-05:00,204.61000061035156,204.61000061035156,204.3800048828125,204.3800048828125,16782,0.0,0.0
2024-12-16 14:23:00-05:00,204.3800048828125,204.4250030517578,204.28089904785156,204.28089904785156,9222,0.0,0.0
2024-12-16 14:24:00-05:00,204.25999450683594,204.42999267578125,204.19000244140625,204.404296875,10482,0.0,0.0
2024-12-16 14:25:00-05:00,204.38499450683594,204.4199981689453,204.27000427246094,204.27999877929688,8646,0.0,0.0
2024-12-16 14:26:00-05:00,204.25999450683594,204.30499267578125,204.07000732421875,204.09739685058594,12047,0.0,0.0
2024-12-16 14:27:00-05:00,204.0749969482422,204.25,204.0749969482422,204.13839721679688,13463,0.0,0.0
2024-12-16 14:28:00-05:00,204.1156005859375,204.19000244140625,204.1156005859375,204.1300048828125,10365,0.0,0.0
2024-12-16 14:29:00-05:00,204.10130310058594,204.1300048828125,204.02000427246094,204.0449981689453,11203,0.0,0.0
2024-12-16 14:30:00-05:00,204.02999877929688,204.06500244140625,203.9499969482422,203.9499969482422,8729,0.0,0.0
2024-12-16 14:31:00-05:00,203.94000244140625,203.94000244140625,203.80999755859375,203.90499877929688,19331,0.0,0.0
2024-12-16 14:32:00-05:00,203.8699951171875,203.92990112304688,203.8000030517578,203.84500122070312,19337,0.0,0.0
2024-12-16 14:33:00-05:00,203.84500122070312,203.8594970703125,203.61000061035156,203.6199951171875,27124,0.0,0.0
2024-12-16 14:34:00-05:00,203.6199951171875,203.66000366210938,203.5,203.5,18397,0.0,0.0
2024-12-16 14:35:00-05:00,203.5093994140625,203.55169677734375,203.4499969482422,203.4499969482422,17541,0.0,0.0
2024-12-16 14:36:00-05:00,203.4499969482422,203.55999755859375,203.40699768066406,203.547607421875,16955,0.0,0.0
2024-12-16 14:37:00-05:00,203.52999877929688,203.56500244140625,203.4499969482422,203.5,21720,0.0,0.0
2024-12-16 14:38:00-05:00,203.52999877929688,203.6999969482422,203.5,203.68499755859375,25049,0.0,0.0
2024-12-16 14:39:00-05:00,203.6999969482422,203.72999572753906,203.60000610351562,203.67999267578125,16312,0.0,0.0
2024-12-16 14:40:00-05:00,203.64999389648438,203.76499938964844,203.64999389648438,203.6999969482422,21516,0.0,0.0
2024-12-16 14:41:00-05:00,203.75,203.75999450683594,203.6999969482422,203.75999450683594,4085,0.0,0.0
2024-12-16 14:42:00-05:00,203.6999969482422,203.72999572753906,203.6699981689453,203.72999572753906,7833,0.0,0.0
2024-12-16 14:43:00-05:00,203.72999572753906,203.72999572753906,203.66000366210938,203.66000366210938,6252,0.0,0.0
2024-12-16 14:44:00-05:00,203.69000244140625,203.75,203.64999389648438,203.72999572753906,22223,0.0,0.0
2024-12-16 14:45:00-05:00,203.72999572753906,203.7899932861328,203.65060424804688,203.65060424804688,13081,0.0,0.0
2024-12-16 14:46:00-05:00,203.69000244140625,203.75,203.64999389648438,203.64999389648438,11174,0.0,0.0
2024-12-16 14:47:00-05:00,203.66000366210938,203.66000366210938,203.47999572753906,203.47999572753906,6257,0.0,0.0
2024-12-16 14:48:00-05:00,203.47999572753906,203.63999938964844,203.4600067138672,203.63999938964844,26485,0.0,0.0
2024-12-16 14:49:00-05:00,203.59500122070312,203.8000030517578,203.5406951904297,203.71499633789062,20444,0.0,0.0
2024-12-16 14:50:00-05:00,203.71499633789062,203.71499633789062,203.57000732421875,203.57000732421875,13852,0.0,0.0
2024-12-16 14:51:00-05:00,203.5850067138672,203.64549255371094,203.50999450683594,203.5399932861328,14472,0.0,0.0
2024-12-16 14:52:00-05:00,203.5800018310547,203.65029907226562,203.5399932861328,203.61000061035156,19569,0.0,0.0
2024-12-16 14:53:00-05:00,203.5800018310547,203.74000549316406,203.5749969482422,203.70010375976562,16205,0.0,0.0
2024-12-16 14:54:00-05:00,203.72000122070312,203.73980712890625,203.61000061035156,203.67999267578125,11551,0.0,0.0
2024-12-16 14:55:00-05:00,203.6750030517578,203.69000244140625,203.610107421875,203.6855926513672,9918,0.0,0.0
2024-12-16 14:56:00-05:00,203.6649932861328,203.6999969482422,203.60000610351562,203.61000061035156,9912,0.0,0.0
2024-12-16 14:57:00-05:00,203.5800018310547,203.61019897460938,203.52999877929688,203.5399932861328,13234,0.0,0.0
2024-12-16 14:58:00-05:00,203.52499389648438,203.52999877929688,203.3800048828125,203.42010498046875,20958,0.0,0.0
2024-12-16 14:59:00-05:00,203.4199981689453,203.4199981689453,203.24000549316406,203.24000549316406,26498,0.0,0.0
2024-12-16 15:00:00-05:00,203.26499938964844,203.61000061035156,203.26499938964844,203.5449981689453,27801,0.0,0.0
2024-12-16 15:01:00-05:00,203.5399932861328,203.5800018310547,203.39999389648438,203.39999389648438,8556,0.0,0.0
2024-12-16 15:02:00-05:00,203.42999267578125,203.5500030517578,203.35000610351562,203.52999877929688,10649,0.0,0.0
2024-12-16 15:03:00-05:00,203.52999877929688,203.66000366210938,203.52000427246094,203.65499877929688,7733,0.0,0.0
2024-12-16 15:04:00-05:00,203.63999938964844,203.75999450683594,203.6199951171875,203.72000122070312,17699,0.0,0.0
2024-12-16 15:05:00-05:00,203.72999572753906,203.85000610351562,203.6999969482422,203.83999633789062,17964,0.0,0.0
2024-12-16 15:06:00-05:00,203.83999633789062,203.84170532226562,203.77000427246094,203.81500244140625,19971,0.0,0.0
2024-12-16 15:07:00-05:00,203.8000030517578,203.83999633789062,203.77000427246094,203.77000427246094,11745,0.0,0.0
2024-12-16 15:08:00-05:00,203.8029022216797,203.8029022216797,203.75,203.77499389648438,8656,0.0,0.0
2024-12-16 15:09:00-05:00,203.77499389648438,203.91990661621094,203.74000549316406,203.89999389648438,18904,0.0,0.0
2024-12-16 15:10:00-05:00,203.88999938964844,203.9199981689453,203.74000549316406,203.77999877929688,31742,0.0,0.0
2024-12-16 15:11:00-05:00,203.80499267578125,203.8300018310547,203.77000427246094,203.80499267578125,7947,0.0,0.0
2024-12-16 15:12:00-05:00,203.79660034179688,203.8699951171875,203.78919982910156,203.8000030517578,16936,0.0,0.0
2024-12-16 15:13:00-05:00,203.77999877929688,203.86000061035156,203.74000549316406,203.7550048828125,17722,0.0,0.0
2024-12-16 15:14:00-05:00,203.72999572753906,203.9199981689453,203.6699981689453,203.8800048828125,16547,0.0,0.0
2024-12-16 15:15:00-05:00,203.92999267578125,204.05059814453125,203.8800048828125,204.0426025390625,13244,0.0,0.0
2024-12-16 15:16:00-05:00,204.02999877929688,204.07000732421875,203.99000549316406,204.02000427246094,18195,0.0,0.0
2024-12-16 15:17:00-05:00,204.02999877929688,204.16000366210938,204.02499389648438,204.10000610351562,12139,0.0,0.0
2024-12-16 15:18:00-05:00,204.07009887695312,204.13999938964844,203.8699951171875,203.8699951171875,20917,0.0,0.0
2024-12-16 15:19:00-05:00,203.8699951171875,203.9698944091797,203.7899932861328,203.7899932861328,15665,0.0,0.0
2024-12-16 15:20:00-05:00,203.80999755859375,203.84500122070312,203.64999389648438,203.66009521484375,12194,0.0,0.0
2024-12-16 15:21:00-05:00,203.6750030517578,203.6750030517578,203.52999877929688,203.5301055908203,21356,0.0,0.0
2024-12-16 15:22:00-05:00,203.58999633789062,203.61000061035156,203.51429748535156,203.5800018310547,14202,0.0,0.0
2024-12-16 15:23:00-05:00,203.55999755859375,203.67999267578125,203.42100524902344,203.5,15326,0.0,0.0
2024-12-16 15:24:00-05:00,203.46009826660156,203.46009826660156,203.24000549316406,203.24000549316406,36456,0.0,0.0
2024-12-16 15:25:00-05:00,203.24000549316406,203.47999572753906,203.24000549316406,203.44000244140625,12659,0.0,0.0
2024-12-16 15:26:00-05:00,203.5,203.52499389648438,203.34010314941406,203.36000061035156,16757,0.0,0.0
2024-12-16 15:27:00-05:00,203.38999938964844,203.4499969482422,203.37010192871094,203.4199981689453,11350,0.0,0.0
2024-12-16 15:28:00-05:00,203.4199981689453,203.5399932861328,203.39100646972656,203.52000427246094,15827,0.0,0.0
2024-12-16 15:29:00-05:00,203.5500030517578,203.5800018310547,203.3300018310547,203.3300018310547,19556,0.0,0.0
2024-12-16 15:30:00-05:00,203.36000061035156,203.47999572753906,203.3300018310547,203.44000244140625,19668,0.0,0.0
2024-12-16 15:31:00-05:00,203.41099548339844,203.67999267578125,203.41000366210938,203.67999267578125,26133,0.0,0.0
2024-12-16 15:32:00-05:00,203.66000366210938,203.75999450683594,203.58999633789062,203.61500549316406,25237,0.0,0.0
2024-12-16 15:33:00-05:00,203.58999633789062,203.63999938964844,203.4510040283203,203.4510040283203,27648,0.0,0.0
2024-12-16 15:34:00-05:00,203.4499969482422,203.5469970703125,203.41000366210938,203.44500732421875,23372,0.0,0.0
2024-12-16 15:35:00-05:00,203.4199981689453,203.4250030517578,203.3300018310547,203.35000610351562,19343,0.0,0.0
2024-12-16 15:36:00-05:00,203.3300018310547,203.35499572753906,203.22999572753906,203.25999450683594,26476,0.0,0.0
2024-12-16 15:37:00-05:00,203.2550048828125,203.36000061035156,203.22999572753906,203.27000427246094,37197,0.0,0.0
2024-12-16 15:38:00-05:00,203.27499389648438,203.32000732421875,203.1699981689453,203.1699981689453,37822,0.0,0.0
2024-12-16 15:39:00-05:00,203.17999267578125,203.36000061035156,203.16000366210938,203.19000244140625,33717,0.0,0.0
2024-12-16 15:40:00-05:00,203.1699981689453,203.22000122070312,203.0800018310547,203.2100067138672,21725,0.0,0.0
2024-12-16 15:41:00-05:00,203.22000122070312,203.22999572753906,203.07000732421875,203.13999938964844,24427,0.0,0.0
2024-12-16 15:42:00-05:00,203.1649932861328,203.22999572753906,203.13999938964844,203.17999267578125,13929,0.0,0.0
2024-12-16 15:43:00-05:00,203.16000366210938,203.35000610351562,203.07879638671875,203.35000610351562,26395,0.0,0.0
2024-12-16 15:44:00-05:00,203.3300018310547,203.61000061035156,203.3300018310547,203.51100158691406,30585,0.0,0.0
2024-12-16 15:45:00-05:00,203.52000427246094,203.52999877929688,203.3699951171875,203.4250030517578,33594,0.0,0.0
2024-12-16 15:46:00-05:00,203.38499450683594,203.38499450683594,203.0800018310547,203.1199951171875,20637,0.0,0.0
2024-12-16 15:47:00-05:00,203.11000061035156,203.17999267578125,202.94000244140625,202.94000244140625,40263,0.0,0.0
2024-12-16 15:48:00-05:00,202.9600067138672,203.0500030517578,202.9199981689453,203.02999877929688,30304,0.0,0.0
2024-12-16 15:49:00-05:00,203.0532989501953,203.1999969482422,202.9499969482422,203.17999267578125,41841,0.0,0.0
2024-12-16 15:50:00-05:00,203.16000366210938,203.33999633789062,203.08999633789062,203.24000549316406,104954,0.0,0.0
2024-12-16 15:51:00-05:00,203.2449951171875,203.27999877929688,202.8000030517578,202.8699951171875,69812,0.0,0.0
2024-12-16 15:52:00-05:00,202.8300018310547,203.10000610351562,202.80999755859375,202.91000366210938,84693,0.0,0.0
2024-12-16 15:53:00-05:00,202.88499450683594,203.05999755859375,202.72000122070312,203.03500366210938,75010,0.0,0.0
2024-12-16 15:54:00-05:00,203.0399932861328,203.27000427246094,202.67999267578125,202.8300018310547,86202,0.0,0.0
2024-12-16 15:55:00-05:00,202.88999938964844,203.02000427246094,202.63999938964844,202.83999633789062,120876,0.0,0.0
2024-12-16 15:56:00-05:00,202.85499572753906,202.8800048828125,202.58999633789062,202.65499877929688,95543,0.0,0.0
2024-12-16 15:57:00-05:00,202.65499877929688,202.67999267578125,202.42999267578125,202.66000366210938,135327,0.0,0.0
2024-12-16 15:58:00-05:00,202.6649932861328,202.69000244140625,202.47999572753906,202.61000061035156,132270,0.0,0.0
2024-12-16 15:59:00-05:00,202.6199951171875,202.6300048828125,202.21009826660156,202.3300018310547,286975,0.0,0.0
2024-12-16 16:00:00-05:00,202.22,202.69,202.22,202.5,1675067,0.0,0.0
2024-12-16 16:01:00-05:00,202.51,202.51,202.22,202.4,0,0.0,0.0
2024-12-16 16:02:00-05:00,202.4,202.49,202.22,202.49,0,0.0,0.0
2024-12-16 16:03:00-05:00,202.22,202.48,202.22,202.48,0,0.0,0.0
2024-12-16 16:04:00-05:00,202.48,202.48,202.22,202.44,0,0.0,0.0
2024-12-16 16:05:00-05:00,202.22,202.47,202.22,202.41,0,0.0,0.0
2024-12-16 16:06:00-05:00,202.42,202.42,202.3,202.3,0,0.0,0.0
2024-12-16 16:07:00-05:00,202.4693,202.47,202.3,202.4657,0,0.0,0.0
2024-12-16 16:08:00-05:00,202.31,202.47,202.31,202.34,0,0.0,0.0
2024-12-16 16:09:00-05:00,202.47,202.47,202.33,202.35,0,0.0,0.0
2024-12-16 16:10:00-05:00,202.47,202.47,202.31,202.47,0,0.0,0.0
2024-12-16 16:11:00-05:00,202.4667,202.47,202.341,202.47,0,0.0,0.0
2024-12-16 16:12:00-05:00,202.45,202.47,202.33,202.33,0,0.0,0.0
2024-12-16 16:13:00-05:00,202.47,202.47,202.34,202.34,0,0.0,0.0
2024-12-16 16:14:00-05:00,202.341,202.47,202.3,202.47,0,0.0,0.0
2024-12-16 16:15:00-05:00,202.22,202.48,202.22,202.48,0,0.0,0.0
2024-12-16 16:16:00-05:00,202.4794,202.4799,202.36,202.44,0,0.0,0.0
2024-12-16 16:17:00-05:00,202.45,202.48,202.43,202.48,0,0.0,0.0
2024-12-16 16:18:00-05:00,202.43,202.48,202.43,202.43,0,0.0,0.0
2024-12-16 16:19:00-05:00,202.43,202.43,202.3613,202.3613,0,0.0,0.0
2024-12-16 16:20:00-05:00,202.22,202.38,202.22,202.37,0,0.0,0.0
2024-12-16 16:21:00-05:00,202.43,202.43,202.39,202.43,0,0.0,0.0
2024-12-16 16:22:00-05:00,202.22,202.43,202.22,202.37,0,0.0,0.0
2024-12-16 16:23:00-05:00,202.35,202.384,202.3,202.31,0,0.0,0.0
2024-12-16 16:24:00-05:00,202.33,202.4,202.33,202.4,0,0.0,0.0
2024-12-16 16:25:00-05:00,202.36,202.6,202.36,202.6,0,0.0,0.0
2024-12-16 16:26:00-05:00,202.6,202.69,202.32,202.69,0,0.0,0.0
2024-12-16 16:27:00-05:00,202.6674,202.69,202.362,202.59,0,0.0,0.0
2024-12-16 16:28:00-05:00,202.59,202.69,202.4,202.4,0,0.0,0.0
2024-12-16 16:29:00-05:00,202.69,202.69,202.5,202.5,0,0.0,0.0
2024-12-16 16:30:00-05:00,202.5,202.6899,202.5,202.59,0,0.0,0.0
2024-12-16 16:31:00-05:00,202.6734,202.69,202.4,202.69,0,0.0,0.0
2024-12-16 16:32:00-05:00,202.4,202.69,202.4,202.4,0,0.0,0.0
2024-12-16 16:33:00-05:00,202.4,202.69,202.22,202.69,0,0.0,0.0
2024-12-16 16:34:00-05:00,202.52,202.69,202.5,202.55,0,0.0,0.0
2024-12-16 16:35:00-05:00,202.69,202.69,202.41,202.55,0,0.0,0.0
2024-12-16 16:36:00-05:00,202.55,202.69,202.4,202.55,0,0.0,0.0
2024-12-16 16:37:00-05:00,202.54,202.69,202.54,202.55,0,0.0,0.0
2024-12-16 16:38:00-05:00,202.55,202.55,202.5,202.5,0,0.0,0.0
2024-12-16 16:39:00-05:00,202.68,202.68,202.68,202.68,0,0.0,0.0
2024-12-16 16:40:00-05:00,202.42,202.55,202.4133,202.43,0,0.0,0.0
2024-12-16 16:41:00-05:00,202.52,202.68,202.42,202.54,0,0.0,0.0
2024-12-16 16:42:00-05:00,202.43,202.68,202.41,202.55,0,0.0,0.0
2024-12-16 16:43:00-05:00,202.42,202.5,202.4,202.4011,0,0.0,0.0
2024-12-16 16:44:00-05:00,202.46,202.46,202.46,202.46,0,0.0,0.0
2024-12-16 16:45:00-05:00,202.4,202.55,202.37,202.44,0,0.0,0.0
2024-12-16 16:47:00-05:00,202.4,202.4,202.3,202.3,0,0.0,0.0
2024-12-16 16:48:00-05:00,202.35,202.35,202.35,202.35,0,0.0,0.0
2024-12-16 16:49:00-05:00,202.22,202.39,202.22,202.35,0,0.0,0.0
2024-12-16 16:50:00-05:00,202.35,202.35,202.35,202.35,0,0.0,0.0
2024-12-16 16:51:00-05:00,202.4,202.4,202.341,202.341,0,0.0,0.0
2024-12-16 16:52:00-05:00,202.4,202.4,202.33,202.33,0,0.0,0.0
2024-12-16 16:53:00-05:00,202.4,202.4,202.4,202.4,0,0.0,0.0
2024-12-16 16:54:00-05:00,202.38,202.55,202.34,202.34,0,0.0,0.0
2024-12-16 16:55:00-05:00,202.55,202.55,202.34,202.34,0,0.0,0.0
2024-12-16 16:56:00-05:00,202.5,202.5,202.34,202.34,0,0.0,0.0
2024-12-16 16:57:00-05:00,202.4,202.55,202.35,202.35,0,0.0,0.0
2024-12-16 16:58:00-05:00,202.35,202.36,202.22,202.22,0,0.0,0.0
2024-12-16 16:59:00-05:00,202.35,202.4,202.35,202.36,0,0.0,0.0
2024-12-16 17:00:00-05:00,202.55,202.55,202.4,202.55,0,0.0,0.0
2024-12-16 17:01:00-05:00,202.36,202.55,202.36,202.55,0,0.0,0.0
2024-12-16 17:02:00-05:00,202.4,202.5,202.35,202.4,0,0.0,0.0
2024-12-16 17:03:00-05:00,202.4,202.48,202.22,202.48,0,0.0,0.0
2024-12-16 17:04:00-05:00,202.48,202.48,202.37,202.48,0,0.0,0.0
2024-12-16 17:05:00-05:00,202.39,202.39,202.35,202.39,0,0.0,0.0
2024-12-16 17:06:00-05:00,202.37,202.39,202.37,202.38,0,0.0,0.0
2024-12-16 17:07:00-05:00,202.35,202.4,202.35,202.4,0,0.0,0.0
2024-12-16 17:08:00-05:00,202.37,202.37,202.37,202.37,0,0.0,0.0
2024-12-16 17:09:00-05:00,202.39,202.39,202.36,202.36,0,0.0,0.0
2024-12-16 17:10:00-05:00,202.36,202.36,202.3,202.35,0,0.0,0.0
2024-12-16 17:11:00-05:00,202.34,202.36,202.33,202.34,0,0.0,0.0
2024-12-16 17:12:00-05:00,202.36,202.4,202.35,202.4,0,0.0,0.0
2024-12-16 17:13:00-05:00,202.36,202.36,202.32,202.35,0,0.0,0.0
2024-12-16 17:14:00-05:00,202.4,202.4,202.36,202.3986,0,0.0,0.0
2024-12-16 17:15:00-05:00,202.4,202.4,198.1439,198.1439,0,0.0,0.0
2024-12-16 17:16:00-05:00,202.39,202.39,202.32,202.35,0,0.0,0.0
2024-12-16 17:17:00-05:00,202.37,202.38,202.36,202.36,0,0.0,0.0
2024-12-16 17:18:00-05:00,202.38,202.39,202.361,202.39,0,0.0,0.0
2024-12-16 17:19:00-05:00,202.4,202.4,202.39,202.39,0,0.0,0.0
2024-12-16 17:20:00-05:00,202.4,202.4,202.38,202.39,0,0.0,0.0
2024-12-16 17:21:00-05:00,202.37,202.38,202.35,202.37,0,0.0,0.0
2024-12-16 17:22:00-05:00,202.36,202.36,202.3404,202.3404,0,0.0,0.0
2024-12-16 17:23:00-05:00,202.35,202.3987,202.35,202.3987,0,0.0,0.0
2024-12-16 17:24:00-05:00,202.4,202.4,202.37,202.37,0,0.0,0.0
2024-12-16 17:25:00-05:00,202.4,202.4,202.3512,202.37,0,0.0,0.0
2024-12-16 17:26:00-05:00,202.38,202.39,202.37,202.39,0,0.0,0.0
2024-12-16 17:27:00-05:00,202.39,202.4,202.37,202.4,0,0.0,0.0
2024-12-16 17:28:00-05:00,202.4,202.4,202.35,202.37,0,0.0,0.0
2024-12-16 17:29:00-05:00,202.37,202.4,202.37,202.38,0,0.0,0.0
2024-12-16 17:30:00-05:00,202.4083,202.4083,202.39,202.39,0,0.0,0.0
2024-12-16 17:31:00-05:00,202.32,202.41,202.32,202.34,0,0.0,0.0
2024-12-16 17:32:00-05:00,202.4,202.41,202.34,202.4,0,0.0,0.0
2024-12-16 17:33:00-05:00,202.4,202.4,202.39,202.4,0,0.0,0.0
2024-12-16 17:34:00-05:00,202.33,202.33,202.33,202.33,0,0.0,0.0
2024-12-16 17:35:00-05:00,202.32,202.3999,202.32,202.39,0,0.0,0.0
2024-12-16 17:36:00-05:00,202.32,202.4,202.3,202.3,0,0.0,0.0
2024-12-16 17:37:00-05:00,202.4,202.4,202.3,202.4,0,0.0,0.0
2024-12-16 17:38:00-05:00,202.4,202.4,202.3994,202.3994,0,0.0,0.0
2024-12-16 17:39:00-05:00,202.4,202.4,202.4,202.4,0,0.0,0.0
2024-12-16 17:40:00-05:00,202.4,202.4,202.4,202.4,0,0.0,0.0
2024-12-16 17:41:00-05:00,202.3995,202.4,202.3995,202.4,0,0.0,0.0
2024-12-16 17:42:00-05:00,202.36,202.41,202.36,202.4,0,0.0,0.0
2024-12-16 17:43:00-05:00,202.4,202.4,202.35,202.3988,0,0.0,0.0
2024-12-16 17:44:00-05:00,202.4,202.4,202.3,202.3,0,0.0,0.0
2024-12-16 17:45:00-05:00,202.4,202.48,202.4,202.48,0,0.0,0.0
2024-12-16 17:46:00-05:00,202.4,202.4,202.35,202.35,0,0.0,0.0
2024-12-16 17:47:00-05:00,202.3,202.4,202.3,202.4,0,0.0,0.0
2024-12-16 17:48:00-05:00,202.36,202.4,202.36,202.4,0,0.0,0.0
2024-12-16 17:49:00-05:00,202.4,202.48,202.4,202.48,0,0.0,0.0
2024-12-16 17:50:00-05:00,202.4,202.4,202.38,202.38,0,0.0,0.0
2024-12-16 17:51:00-05:00,202.36,202.36,202.35,202.35,0,0.0,0.0
2024-12-16 17:53:00-05:00,202.38,202.48,202.36,202.48,0,0.0,0.0
2024-12-16 17:54:00-05:00,202.4,202.4,202.4,202.4,0,0.0,0.0
2024-12-16 17:55:00-05:00,202.3,202.48,202.3,202.39,0,0.0,0.0
2024-12-16 17:56:00-05:00,202.4,202.48,202.4,202.4,0,0.0,0.0
2024-12-16 17:57:00-05:00,202.4,202.4,202.4,202.4,0,0.0,0.0
2024-12-16 17:58:00-05:00,202.4,202.48,202.4,202.48,0,0.0,0.0
2024-12-16 17:59:00-05:00,202.4,202.48,202.35,202.35,0,0.0,0.0
2024-12-16 18:00:00-05:00,202.3486,202.4,202.3486,202.4,0,0.0,0.0
2024-12-16 18:01:00-05:00,202.38,202.55,202.38,202.39,0,0.0,0.0
2024-12-16 18:02:00-05:00,202.33,202.48,202.33,202.4,0,0.0,0.0
2024-12-16 18:03:00-05:00,202.3,202.5,202.3,202.5,0,0.0,0.0
2024-12-16 18:04:00-05:00,202.55,202.55,202.55,202.55,0,0.0,0.0
2024-12-16 18:05:00-05:00,202.55,202.55,202.3001,202.55,0,0.0,0.0
2024-12-16 18:06:00-05:00,202.54,202.55,202.41,202.5499,0,0.0,0.0
2024-12-16 18:08:00-05:00,202.55,202.55,202.55,202.55,0,0.0,0.0
2024-12-16 18:09:00-05:00,202.5488,202.55,202.41,202.55,0,0.0,0.0
2024-12-16 18:10:00-05:00,202.46,202.46,202.46,202.46,0,0.0,0.0
2024-12-16 18:11:00-05:00,202.3,202.54,202.3,202.41,0,0.0,0.0
2024-12-16 18:12:00-05:00,202.41,202.55,202.41,202.55,0,0.0,0.0
2024-12-16 18:13:00-05:00,202.54,202.55,202.41,202.41,0,0.0,0.0
2024-12-16 18:14:00-05:00,202.54,202.54,202.48,202.48,0,0.0,0.0
2024-12-16 18:15:00-05:00,202.48,202.48,202.3,202.48,0,0.0,0.0
2024-12-16 18:16:00-05:00,202.48,202.55,202.42,202.55,0,0.0,0.0
2024-12-16 18:17:00-05:00,202.55,202.55,202.55,202.55,0,0.0,0.0
2024-12-16 18:18:00-05:00,202.3,202.4,202.3,202.331,0,0.0,0.0
2024-12-16 18:19:00-05:00,202.331,202.54,202.32,202.41,0,0.0,0.0
2024-12-16 18:20:00-05:00,202.4,202.4,202.4,202.4,0,0.0,0.0
2024-12-16 18:21:00-05:00,202.39,202.39,202.39,202.39,0,0.0,0.0
2024-12-16 18:22:00-05:00,202.515,202.55,202.4,202.55,0,0.0,0.0
2024-12-16 18:24:00-05:00,202.5,202.529,202.31,202.31,0,0.0,0.0
2024-12-16 18:26:00-05:00,202.41,202.55,202.3,202.55,0,0.0,0.0
2024-12-16 18:27:00-05:00,202.3,202.55,202.3,202.55,0,0.0,0.0
2024-12-16 18:28:00-05:00,202.54,202.55,202.3,202.3,0,0.0,0.0
2024-12-16 18:29:00-05:00,202.55,202.55,202.35,202.35,0,0.0,0.0
2024-12-16 18:30:00-05:00,202.39,202.5,202.39,202.5,0,0.0,0.0
2024-12-16 18:31:00-05:00,202.5,202.55,202.5,202.55,0,0.0,0.0
2024-12-16 18:32:00-05:00,202.55,202.55,202.5,202.5,0,0.0,0.0
2024-12-16 18:33:00-05:00,202.361,202.43,202.3488,202.3488,0,0.0,0.0
2024-12-16 18:34:00-05:00,202.3499,202.35,202.3,202.3,0,0.0,0.0
2024-12-16 18:35:00-05:00,202.55,202.55,202.55,202.55,0,0.0,0.0
2024-12-16 18:36:00-05:00,202.3,202.55,202.3,202.55,0,0.0,0.0
2024-12-16 18:37:00-05:00,202.32,202.32,202.32,202.32,0,0.0,0.0
2024-12-16 18:38:00-05:00,202.32,202.34,202.32,202.34,0,0.0,0.0
2024-12-16 18:39:00-05:00,202.34,202.34,202.3,202.3,0,0.0,0.0
2024-12-16 18:40:00-05:00,202.3,202.55,202.3,202.55,0,0.0,0.0
2024-12-16 18:42:00-05:00,202.341,202.55,202.31,202.32,0,0.0,0.0
2024-12-16 18:43:00-05:00,202.33,202.55,202.33,202.55,0,0.0,0.0
2024-12-16 18:44:00-05:00,202.32,202.32,202.32,202.32,0,0.0,0.0
2024-12-16 18:45:00-05:00,202.32,202.33,202.3,202.33,0,0.0,0.0
2024-12-16 18:46:00-05:00,202.331,202.35,202.331,202.35,0,0.0,0.0
2024-12-16 18:47:00-05:00,202.3,202.39,202.3,202.32,0,0.0,0.0
2024-12-16 18:48:00-05:00,202.33,202.55,202.3,202.3,0,0.0,0.0
2024-12-16 18:49:00-05:00,202.55,202.55,202.35,202.4,0,0.0,0.0
2024-12-16 18:51:00-05:00,202.32,202.32,202.3,202.3,0,0.0,0.0
2024-12-16 18:52:00-05:00,202.3,202.32,202.3,202.32,0,0.0,0.0
2024-12-16 18:53:00-05:00,202.43,202.55,202.43,202.55,0,0.0,0.0
2024-12-16 18:54:00-05:00,202.331,202.55,202.331,202.55,0,0.0,0.0
2024-12-16 18:55:00-05:00,202.3,202.55,202.3,202.5488,0,0.0,0.0
2024-12-16 18:56:00-05:00,202.5,202.55,202.5,202.55,0,0.0,0.0
2024-12-16 18:57:00-05:00,202.54,202.54,202.47,202.47,0,0.0,0.0
2024-12-16 18:58:00-05:00,202.41,202.41,202.41,202.41,0,0.0,0.0
2024-12-16 18:59:00-05:00,202.3,202.55,202.3,202.49,0,0.0,0.0
2024-12-16 19:00:00-05:00,202.5,202.5,202.5,202.5,0,0.0,0.0
2024-12-16 19:01:00-05:00,202.5,202.5,202.5,202.5,0,0.0,0.0
2024-12-16 19:02:00-05:00,202.41,202.5,202.41,202.5,0,0.0,0.0
2024-12-16 19:03:00-05:00,202.4,202.4,202.31,202.31,0,0.0,0.0
2024-12-16 19:04:00-05:00,202.5,202.5,202.4,202.4,0,0.0,0.0
2024-12-16 19:05:00-05:00,202.4,202.4,202.4,202.4,0,0.0,0.0
2024-12-16 19:06:00-05:00,202.3986,202.4,202.3986,202.3995,0,0.0,0.0
2024-12-16 19:07:00-05:00,202.4,202.4,202.3,202.32,0,0.0,0.0
2024-12-16 19:08:00-05:00,202.3,202.39,202.3,202.39,0,0.0,0.0
2024-12-16 19:09:00-05:00,202.4,202.4,202.38,202.38,0,0.0,0.0
2024-12-16 19:10:00-05:00,202.39,202.4,202.32,202.32,0,0.0,0.0
2024-12-16 19:11:00-05:00,202.4,202.4,202.4,202.4,0,0.0,0.0
2024-12-16 19:12:00-05:00,202.55,202.55,202.4,202.4,0,0.0,0.0
2024-12-16 19:13:00-05:00,202.54,202.54,202.3,202.3,0,0.0,0.0
2024-12-16 19:14:00-05:00,202.3,202.5,202.3,202.5,0,0.0,0.0
2024-12-16 19:15:00-05:00,202.5,202.54,202.5,202.54,0,0.0,0.0
2024-12-16 19:16:00-05:00,202.54,202.55,202.32,202.55,0,0.0,0.0
2024-12-16 19:17:00-05:00,202.54,202.54,202.54,202.54,0,0.0,0.0
2024-12-16 19:19:00-05:00,202.54,202.55,202.3,202.54,0,0.0,0.0
2024-12-16 19:20:00-05:00,202.5,202.5,202.5,202.5,0,0.0,0.0
2024-12-16 19:21:00-05:00,202.5,202.54,202.5,202.54,0,0.0,0.0
2024-12-16 19:24:00-05:00,202.54,202.54,202.52,202.52,0,0.0,0.0
2024-12-16 19:25:00-05:00,202.32,202.32,202.32,202.32,0,0.0,0.0
2024-12-16 19:26:00-05:00,202.32,202.52,202.31,202.52,0,0.0,0.0
2024-12-16 19:27:00-05:00,202.5,202.5,202.5,202.5,0,0.0,0.0
2024-12-16 19:28:00-05:00,202.34,202.42,202.34,202.34,0,0.0,0.0
2024-12-16 19:29:00-05:00,202.34,202.34,202.3,202.3,0,0.0,0.0
2024-12-16 19:30:00-05:00,202.34,202.52,202.34,202.5,0,0.0,0.0
2024-12-16 19:31:00-05:00,202.52,202.52,202.31,202.52,0,0.0,0.0
2024-12-16 19:32:00-05:00,202.3,202.52,202.28,202.28,0,0.0,0.0
2024-12-16 19:33:00-05:00,202.3,202.3,202.2995,202.2997,0,0.0,0.0
2024-12-16 19:35:00-05:00,202.3,202.5,202.3,202.35,0,0.0,0.0
2024-12-16 19:36:00-05:00,202.45,202.52,202.45,202.52,0,0.0,0.0
2024-12-16 19:37:00-05:00,202.5199,202.5199,202.48,202.51,0,0.0,0.0
2024-12-16 19:38:00-05:00,202.35,202.3517,202.35,202.3517,0,0.0,0.0
2024-12-16 19:39:00-05:00,202.48,202.52,202.3,202.3,0,0.0,0.0
2024-12-16 19:40:00-05:00,202.3,202.3,202.28,202.28,0,0.0,0.0
2024-12-16 19:41:00-05:00,202.52,202.52,202.34,202.34,0,0.0,0.0
2024-12-16 19:42:00-05:00,202.34,202.34,202.34,202.34,0,0.0,0.0
2024-12-16 19:43:00-05:00,202.34,202.4,202.33,202.4,0,0.0,0.0
2024-12-16 19:44:00-05:00,202.4,202.4,202.4,202.4,0,0.0,0.0
2024-12-16 19:45:00-05:00,202.4,202.41,202.4,202.4,0,0.0,0.0
2024-12-16 19:46:00-05:00,202.41,202.41,202.41,202.41,0,0.0,0.0
2024-12-16 19:47:00-05:00,202.36,202.42,202.36,202.42,0,0.0,0.0
2024-12-16 19:48:00-05:00,202.41,202.52,202.33,202.52,0,0.0,0.0
2024-12-16 19:49:00-05:00,202.52,202.52,202.4,202.4,0,0.0,0.0
2024-12-16 19:50:00-05:00,202.4,202.4,202.36,202.36,0,0.0,0.0
2024-12-16 19:51:00-05:00,202.33,202.36,202.33,202.36,0,0.0,0.0
2024-12-16 19:52:00-05:00,202.4,202.4,202.3001,202.33,0,0.0,0.0
2024-12-16 19:53:00-05:00,202.35,202.4,202.35,202.399,0,0.0,0.0
2024-12-16 19:54:00-05:00,202.31,202.4,202.31,202.31,0,0.0,0.0
2024-12-16 19:55:00-05:00,202.33,202.33,202.3014,202.31,0,0.0,0.0
2024-12-16 19:56:00-05:00,202.4,202.4,202.4,202.4,0,0.0,0.0
2024-12-16 19:57:00-05:00,202.3,202.3996,202.3,202.3996,0,0.0,0.0
2024-12-16 19:58:00-05:00,202.3,202.4,202.3,202.39,0,0.0,0.0
2024-12-16 19:59:00-05:00,202.3,202.4,202.3,202.3,0,0.0,0.0
