time,Open,High,Low,Close,Volume,Dividends,Stock Splits
2024-12-10 04:00:00-05:00,199.2,199.2,196.0,197.92,0,0.0,0.0
2024-12-10 04:01:00-05:00,197.83,197.83,197.18,197.3,0,0.0,0.0
2024-12-10 04:02:00-05:00,197.3,197.48,197.14,197.2,0,0.0,0.0
2024-12-10 04:03:00-05:00,197.04,197.18,196.53,196.6,0,0.0,0.0
2024-12-10 04:04:00-05:00,196.55,196.59,196.07,196.1,0,0.0,0.0
2024-12-10 04:05:00-05:00,196.24,196.24,196.0,196.0,0,0.0,0.0
2024-12-10 04:06:00-05:00,196.04,196.21,196.0,196.03,0,0.0,0.0
2024-12-10 04:07:00-05:00,196.15,196.15,196.04,196.15,0,0.0,0.0
2024-12-10 04:08:00-05:00,196.08,196.17,196.04,196.14,0,0.0,0.0
2024-12-10 04:09:00-05:00,196.14,196.19,195.7,195.7,0,0.0,0.0
2024-12-10 04:10:00-05:00,195.8,196.22,195.66,196.16,0,0.0,0.0
2024-12-10 04:11:00-05:00,196.16,196.16,195.98,196.13,0,0.0,0.0
2024-12-10 04:12:00-05:00,196.11,196.25,196.0,196.24,0,0.0,0.0
2024-12-10 04:13:00-05:00,196.19,196.2,196.12,196.19,0,0.0,0.0
2024-12-10 04:14:00-05:00,196.19,196.25,196.11,196.2,0,0.0,0.0
2024-12-10 04:15:00-05:00,196.25,196.25,196.1,196.19,0,0.0,0.0
2024-12-10 04:16:00-05:00,196.15,196.24,196.09,196.13,0,0.0,0.0
2024-12-10 04:17:00-05:00,196.13,196.18,196.0,196.01,0,0.0,0.0
2024-12-10 04:18:00-05:00,195.94,196.0,195.91,195.99,0,0.0,0.0
2024-12-10 04:19:00-05:00,195.94,195.96,195.94,195.95,0,0.0,0.0
2024-12-10 04:20:00-05:00,195.97,196.11,195.97,196.1,0,0.0,0.0
2024-12-10 04:21:00-05:00,196.11,196.11,196.06,196.08,0,0.0,0.0
2024-12-10 04:22:00-05:00,196.06,196.11,196.02,196.02,0,0.0,0.0
2024-12-10 04:24:00-05:00,196.08,196.25,196.08,196.24,0,0.0,0.0
2024-12-10 04:25:00-05:00,196.23,196.88,196.23,196.88,0,0.0,0.0
2024-12-10 04:26:00-05:00,196.92,196.99,196.88,196.89,0,0.0,0.0
2024-12-10 04:27:00-05:00,196.92,196.93,196.84,196.87,0,0.0,0.0
2024-12-10 04:28:00-05:00,196.71,196.77,196.66,196.66,0,0.0,0.0
2024-12-10 04:29:00-05:00,196.69,196.69,196.5,196.5,0,0.0,0.0
2024-12-10 04:30:00-05:00,196.43,196.55,196.36,196.55,0,0.0,0.0
2024-12-10 04:31:00-05:00,196.45,196.45,196.4,196.44,0,0.0,0.0
2024-12-10 04:32:00-05:00,196.38,196.45,196.38,196.45,0,0.0,0.0
2024-12-10 04:33:00-05:00,196.46,196.53,196.45,196.5,0,0.0,0.0
2024-12-10 04:34:00-05:00,196.56,196.62,196.42,196.46,0,0.0,0.0
2024-12-10 04:35:00-05:00,196.5,196.55,196.45,196.55,0,0.0,0.0
2024-12-10 04:36:00-05:00,196.61,196.61,196.49,196.61,0,0.0,0.0
2024-12-10 04:37:00-05:00,196.42,196.42,196.38,196.38,0,0.0,0.0
2024-12-10 04:38:00-05:00,196.41,196.41,196.35,196.35,0,0.0,0.0
2024-12-10 04:39:00-05:00,196.34,196.35,196.34,196.35,0,0.0,0.0
2024-12-10 04:40:00-05:00,196.35,196.35,196.35,196.35,0,0.0,0.0
2024-12-10 04:41:00-05:00,196.32,196.34,196.27,196.34,0,0.0,0.0
2024-12-10 04:42:00-05:00,196.29,196.29,196.28,196.28,0,0.0,0.0
2024-12-10 04:43:00-05:00,196.34,196.35,196.3,196.35,0,0.0,0.0
2024-12-10 04:44:00-05:00,196.31,196.31,196.28,196.29,0,0.0,0.0
2024-12-10 04:45:00-05:00,196.27,196.28,196.14,196.23,0,0.0,0.0
2024-12-10 04:46:00-05:00,196.26,196.26,196.17,196.22,0,0.0,0.0
2024-12-10 04:47:00-05:00,196.26,196.33,196.26,196.33,0,0.0,0.0
2024-12-10 04:48:00-05:00,196.26,196.26,196.22,196.22,0,0.0,0.0
2024-12-10 04:49:00-05:00,196.22,196.26,196.2,196.21,0,0.0,0.0
2024-12-10 04:50:00-05:00,196.21,196.22,196.21,196.22,0,0.0,0.0
2024-12-10 04:51:00-05:00,196.21,196.21,196.21,196.21,0,0.0,0.0
2024-12-10 04:52:00-05:00,196.21,196.23,196.21,196.23,0,0.0,0.0
2024-12-10 04:53:00-05:00,196.27,196.27,196.22,196.22,0,0.0,0.0
2024-12-10 04:54:00-05:00,196.26,196.26,196.26,196.26,0,0.0,0.0
2024-12-10 04:55:00-05:00,196.26,196.26,196.08,196.17,0,0.0,0.0
2024-12-10 04:56:00-05:00,196.09,196.1,196.01,196.01,0,0.0,0.0
2024-12-10 04:57:00-05:00,196.09,196.09,196.02,196.02,0,0.0,0.0
2024-12-10 04:58:00-05:00,196.06,196.06,196.02,196.02,0,0.0,0.0
2024-12-10 04:59:00-05:00,196.02,196.13,196.02,196.13,0,0.0,0.0
2024-12-10 05:01:00-05:00,196.15,196.15,196.06,196.11,0,0.0,0.0
2024-12-10 05:02:00-05:00,196.06,196.07,196.02,196.02,0,0.0,0.0
2024-12-10 05:03:00-05:00,196.01,196.03,195.92,195.92,0,0.0,0.0
2024-12-10 05:04:00-05:00,195.9,195.9,195.86,195.88,0,0.0,0.0
2024-12-10 05:05:00-05:00,195.86,195.92,195.82,195.92,0,0.0,0.0
2024-12-10 05:06:00-05:00,195.95,196.35,195.84,196.25,0,0.0,0.0
2024-12-10 05:07:00-05:00,196.25,196.67,196.25,196.58,0,0.0,0.0
2024-12-10 05:08:00-05:00,196.75,196.8,196.67,196.8,0,0.0,0.0
2024-12-10 05:09:00-05:00,196.68,196.88,196.68,196.83,0,0.0,0.0
2024-12-10 05:10:00-05:00,196.88,196.88,196.74,196.74,0,0.0,0.0
2024-12-10 05:11:00-05:00,196.79,196.79,196.79,196.79,0,0.0,0.0
2024-12-10 05:12:00-05:00,196.79,196.82,196.78,196.79,0,0.0,0.0
2024-12-10 05:13:00-05:00,196.78,196.79,196.78,196.79,0,0.0,0.0
2024-12-10 05:14:00-05:00,196.67,196.68,196.67,196.67,0,0.0,0.0
2024-12-10 05:15:00-05:00,196.69,196.74,196.5,196.74,0,0.0,0.0
2024-12-10 05:16:00-05:00,196.66,196.66,196.64,196.64,0,0.0,0.0
2024-12-10 05:17:00-05:00,196.6,196.6,196.48,196.5,0,0.0,0.0
2024-12-10 05:18:00-05:00,196.55,196.55,196.5,196.52,0,0.0,0.0
2024-12-10 05:19:00-05:00,196.55,196.55,196.5,196.51,0,0.0,0.0
2024-12-10 05:20:00-05:00,196.51,196.53,196.51,196.51,0,0.0,0.0
2024-12-10 05:21:00-05:00,196.51,196.51,196.49,196.49,0,0.0,0.0
2024-12-10 05:22:00-05:00,196.5,196.5,196.48,196.48,0,0.0,0.0
2024-12-10 05:23:00-05:00,196.46,196.46,196.46,196.46,0,0.0,0.0
2024-12-10 05:24:00-05:00,196.45,196.45,196.42,196.42,0,0.0,0.0
2024-12-10 05:25:00-05:00,196.44,196.46,196.39,196.39,0,0.0,0.0
2024-12-10 05:26:00-05:00,196.39,196.4,196.39,196.4,0,0.0,0.0
2024-12-10 05:27:00-05:00,196.34,196.43,196.33,196.43,0,0.0,0.0
2024-12-10 05:28:00-05:00,196.43,196.43,196.34,196.43,0,0.0,0.0
2024-12-10 05:29:00-05:00,196.44,196.52,196.44,196.45,0,0.0,0.0
2024-12-10 05:31:00-05:00,196.48,196.48,196.45,196.45,0,0.0,0.0
2024-12-10 05:32:00-05:00,196.47,196.6,196.47,196.6,0,0.0,0.0
2024-12-10 05:33:00-05:00,196.6,196.6,196.49,196.5,0,0.0,0.0
2024-12-10 05:34:00-05:00,196.55,196.6,196.48,196.48,0,0.0,0.0
2024-12-10 05:35:00-05:00,196.53,196.58,196.49,196.58,0,0.0,0.0
2024-12-10 05:36:00-05:00,196.58,196.58,196.51,196.58,0,0.0,0.0
2024-12-10 05:37:00-05:00,196.58,196.59,196.44,196.44,0,0.0,0.0
2024-12-10 05:38:00-05:00,196.43,196.54,196.43,196.47,0,0.0,0.0
2024-12-10 05:39:00-05:00,196.46,196.51,196.46,196.51,0,0.0,0.0
2024-12-10 05:40:00-05:00,196.54,196.54,196.54,196.54,0,0.0,0.0
2024-12-10 05:41:00-05:00,196.55,196.55,196.54,196.54,0,0.0,0.0
2024-12-10 05:42:00-05:00,196.58,196.58,196.56,196.56,0,0.0,0.0
2024-12-10 05:43:00-05:00,196.57,196.57,196.57,196.57,0,0.0,0.0
2024-12-10 05:44:00-05:00,196.56,196.56,196.5,196.5,0,0.0,0.0
2024-12-10 05:45:00-05:00,196.48,196.55,196.32,196.5,0,0.0,0.0
2024-12-10 05:46:00-05:00,196.53,196.6,196.52,196.57,0,0.0,0.0
2024-12-10 05:47:00-05:00,196.54,196.54,196.5,196.53,0,0.0,0.0
2024-12-10 05:48:00-05:00,196.53,196.58,196.5,196.55,0,0.0,0.0
2024-12-10 05:49:00-05:00,196.57,196.57,196.56,196.56,0,0.0,0.0
2024-12-10 05:51:00-05:00,196.57,196.58,196.56,196.56,0,0.0,0.0
2024-12-10 05:52:00-05:00,196.56,196.56,196.53,196.53,0,0.0,0.0
2024-12-10 05:53:00-05:00,196.56,196.58,196.51,196.56,0,0.0,0.0
2024-12-10 05:55:00-05:00,196.59,196.89,196.59,196.89,0,0.0,0.0
2024-12-10 05:56:00-05:00,196.87,196.87,196.87,196.87,0,0.0,0.0
2024-12-10 05:57:00-05:00,196.88,196.88,196.88,196.88,0,0.0,0.0
2024-12-10 05:58:00-05:00,196.88,196.88,196.76,196.8,0,0.0,0.0
2024-12-10 05:59:00-05:00,196.85,196.85,196.79,196.79,0,0.0,0.0
2024-12-10 06:00:00-05:00,196.78,196.79,196.76,196.78,0,0.0,0.0
2024-12-10 06:01:00-05:00,196.69,196.7,196.66,196.68,0,0.0,0.0
2024-12-10 06:02:00-05:00,196.79,196.79,196.79,196.79,0,0.0,0.0
2024-12-10 06:03:00-05:00,196.87,196.99,196.79,196.79,0,0.0,0.0
2024-12-10 06:04:00-05:00,196.8,196.96,196.8,196.96,0,0.0,0.0
2024-12-10 06:05:00-05:00,196.93,196.93,196.93,196.93,0,0.0,0.0
2024-12-10 06:06:00-05:00,196.94,196.94,196.94,196.94,0,0.0,0.0
2024-12-10 06:07:00-05:00,196.94,196.94,196.88,196.88,0,0.0,0.0
2024-12-10 06:08:00-05:00,196.92,196.92,196.92,196.92,0,0.0,0.0
2024-12-10 06:09:00-05:00,196.92,196.94,196.9,196.92,0,0.0,0.0
2024-12-10 06:10:00-05:00,196.82,196.91,196.82,196.91,0,0.0,0.0
2024-12-10 06:11:00-05:00,196.91,196.93,196.91,196.91,0,0.0,0.0
2024-12-10 06:12:00-05:00,196.9,196.92,196.9,196.9,0,0.0,0.0
2024-12-10 06:13:00-05:00,196.93,196.93,196.88,196.9,0,0.0,0.0
2024-12-10 06:14:00-05:00,196.9,196.9,196.86,196.88,0,0.0,0.0
2024-12-10 06:15:00-05:00,196.87,196.9,196.83,196.9,0,0.0,0.0
2024-12-10 06:16:00-05:00,196.88,196.88,196.85,196.85,0,0.0,0.0
2024-12-10 06:17:00-05:00,196.84,196.86,196.84,196.86,0,0.0,0.0
2024-12-10 06:18:00-05:00,196.83,196.85,196.83,196.85,0,0.0,0.0
2024-12-10 06:19:00-05:00,196.85,196.85,196.85,196.85,0,0.0,0.0
2024-12-10 06:20:00-05:00,196.85,196.85,196.84,196.84,0,0.0,0.0
2024-12-10 06:21:00-05:00,196.84,196.84,196.76,196.77,0,0.0,0.0
2024-12-10 06:22:00-05:00,196.76,196.8,196.72,196.75,0,0.0,0.0
2024-12-10 06:23:00-05:00,196.75,196.8,196.74,196.8,0,0.0,0.0
2024-12-10 06:24:00-05:00,196.8,196.8,196.75,196.75,0,0.0,0.0
2024-12-10 06:26:00-05:00,196.75,196.75,196.75,196.75,0,0.0,0.0
2024-12-10 06:27:00-05:00,196.76,196.79,196.74,196.79,0,0.0,0.0
2024-12-10 06:28:00-05:00,196.8,196.8,196.76,196.76,0,0.0,0.0
2024-12-10 06:29:00-05:00,196.76,196.76,196.76,196.76,0,0.0,0.0
2024-12-10 06:30:00-05:00,196.78,196.8,196.78,196.8,0,0.0,0.0
2024-12-10 06:32:00-05:00,196.85,196.85,196.78,196.78,0,0.0,0.0
2024-12-10 06:33:00-05:00,196.78,196.78,196.78,196.78,0,0.0,0.0
2024-12-10 06:34:00-05:00,196.78,196.95,196.78,196.94,0,0.0,0.0
2024-12-10 06:35:00-05:00,196.93,196.97,196.93,196.97,0,0.0,0.0
2024-12-10 06:36:00-05:00,196.97,196.99,196.97,196.99,0,0.0,0.0
2024-12-10 06:37:00-05:00,196.93,196.99,196.93,196.97,0,0.0,0.0
2024-12-10 06:38:00-05:00,196.98,196.98,196.89,196.89,0,0.0,0.0
2024-12-10 06:39:00-05:00,196.97,197.0,196.93,196.98,0,0.0,0.0
2024-12-10 06:40:00-05:00,197.0,197.0,196.94,196.97,0,0.0,0.0
2024-12-10 06:41:00-05:00,196.97,196.97,196.9,196.9,0,0.0,0.0
2024-12-10 06:42:00-05:00,196.9,196.99,196.87,196.99,0,0.0,0.0
2024-12-10 06:43:00-05:00,196.99,196.99,196.99,196.99,0,0.0,0.0
2024-12-10 06:44:00-05:00,197.0,197.03,197.0,197.03,0,0.0,0.0
2024-12-10 06:45:00-05:00,197.18,197.18,197.05,197.15,0,0.0,0.0
2024-12-10 06:46:00-05:00,197.05,197.05,197.05,197.05,0,0.0,0.0
2024-12-10 06:47:00-05:00,197.05,197.05,197.05,197.05,0,0.0,0.0
2024-12-10 06:48:00-05:00,197.05,197.16,197.05,197.16,0,0.0,0.0
2024-12-10 06:49:00-05:00,197.15,197.15,197.02,197.03,0,0.0,0.0
2024-12-10 06:50:00-05:00,197.03,197.03,197.02,197.02,0,0.0,0.0
2024-12-10 06:51:00-05:00,197.11,197.13,197.11,197.13,0,0.0,0.0
2024-12-10 06:53:00-05:00,197.12,197.12,197.0,197.0,0,0.0,0.0
2024-12-10 06:54:00-05:00,197.0,197.0,197.0,197.0,0,0.0,0.0
2024-12-10 06:55:00-05:00,197.0,197.03,197.0,197.03,0,0.0,0.0
2024-12-10 06:56:00-05:00,197.04,197.25,197.04,197.24,0,0.0,0.0
2024-12-10 06:57:00-05:00,197.24,197.25,197.24,197.25,0,0.0,0.0
2024-12-10 06:58:00-05:00,197.2,197.2,197.17,197.17,0,0.0,0.0
2024-12-10 06:59:00-05:00,197.19,197.2,197.17,197.19,0,0.0,0.0
2024-12-10 07:00:00-05:00,197.2,197.73,197.2,197.49,0,0.0,0.0
2024-12-10 07:01:00-05:00,197.47,197.5,197.43,197.49,0,0.0,0.0
2024-12-10 07:02:00-05:00,197.45,197.56,197.45,197.52,0,0.0,0.0
2024-12-10 07:03:00-05:00,197.51,197.52,197.51,197.52,0,0.0,0.0
2024-12-10 07:04:00-05:00,197.51,197.57,197.49,197.57,0,0.0,0.0
2024-12-10 07:05:00-05:00,197.57,197.57,197.53,197.54,0,0.0,0.0
2024-12-10 07:06:00-05:00,197.5,197.5,197.47,197.47,0,0.0,0.0
2024-12-10 07:07:00-05:00,197.5,197.51,197.29,197.32,0,0.0,0.0
2024-12-10 07:08:00-05:00,197.34,197.34,197.19,197.19,0,0.0,0.0
2024-12-10 07:09:00-05:00,197.17,197.17,197.1,197.17,0,0.0,0.0
2024-12-10 07:10:00-05:00,197.14,197.17,197.11,197.16,0,0.0,0.0
2024-12-10 07:11:00-05:00,197.16,197.17,197.1,197.15,0,0.0,0.0
2024-12-10 07:12:00-05:00,197.1,197.18,197.05,197.06,0,0.0,0.0
2024-12-10 07:13:00-05:00,197.06,197.08,197.06,197.08,0,0.0,0.0
2024-12-10 07:14:00-05:00,197.07,197.16,197.07,197.16,0,0.0,0.0
2024-12-10 07:15:00-05:00,197.19,197.2,197.08,197.2,0,0.0,0.0
2024-12-10 07:16:00-05:00,197.25,197.32,197.25,197.32,0,0.0,0.0
2024-12-10 07:17:00-05:00,197.3,197.31,197.21,197.22,0,0.0,0.0
2024-12-10 07:18:00-05:00,197.22,197.22,197.08,197.19,0,0.0,0.0
2024-12-10 07:19:00-05:00,197.19,197.19,197.19,197.19,0,0.0,0.0
2024-12-10 07:20:00-05:00,197.19,197.29,197.19,197.29,0,0.0,0.0
2024-12-10 07:21:00-05:00,197.3,197.33,197.21,197.33,0,0.0,0.0
2024-12-10 07:23:00-05:00,197.5,197.5,197.45,197.48,0,0.0,0.0
2024-12-10 07:24:00-05:00,197.45,197.48,197.45,197.46,0,0.0,0.0
2024-12-10 07:25:00-05:00,197.41,197.45,197.33,197.45,0,0.0,0.0
2024-12-10 07:26:00-05:00,197.4,197.4,197.4,197.4,0,0.0,0.0
2024-12-10 07:27:00-05:00,197.42,197.42,197.4,197.4,0,0.0,0.0
2024-12-10 07:28:00-05:00,197.4,197.4,197.35,197.4,0,0.0,0.0
2024-12-10 07:29:00-05:00,197.4,197.42,197.33,197.33,0,0.0,0.0
2024-12-10 07:30:00-05:00,197.4,197.46,197.3,197.3,0,0.0,0.0
2024-12-10 07:31:00-05:00,197.3,197.33,197.2,197.21,0,0.0,0.0
2024-12-10 07:33:00-05:00,197.37,197.39,197.24,197.24,0,0.0,0.0
2024-12-10 07:34:00-05:00,197.36,197.38,197.3,197.38,0,0.0,0.0
2024-12-10 07:35:00-05:00,197.3,197.36,197.19,197.19,0,0.0,0.0
2024-12-10 07:36:00-05:00,197.21,197.3,197.15,197.27,0,0.0,0.0
2024-12-10 07:37:00-05:00,197.26,197.26,197.1,197.15,0,0.0,0.0
2024-12-10 07:38:00-05:00,197.15,197.16,197.15,197.16,0,0.0,0.0
2024-12-10 07:40:00-05:00,197.1,197.14,197.08,197.08,0,0.0,0.0
2024-12-10 07:41:00-05:00,197.08,197.13,197.08,197.13,0,0.0,0.0
2024-12-10 07:42:00-05:00,197.1,197.1,197.1,197.1,0,0.0,0.0
2024-12-10 07:43:00-05:00,197.1,197.11,197.04,197.04,0,0.0,0.0
2024-12-10 07:44:00-05:00,197.03,197.05,197.03,197.04,0,0.0,0.0
2024-12-10 07:45:00-05:00,197.01,197.03,197.0,197.01,0,0.0,0.0
2024-12-10 07:46:00-05:00,197.03,197.05,197.01,197.05,0,0.0,0.0
2024-12-10 07:47:00-05:00,197.05,197.05,197.0,197.03,0,0.0,0.0
2024-12-10 07:48:00-05:00,197.03,197.03,196.91,196.91,0,0.0,0.0
2024-12-10 07:49:00-05:00,196.94,196.96,196.91,196.96,0,0.0,0.0
2024-12-10 07:50:00-05:00,196.91,196.96,196.9,196.96,0,0.0,0.0
2024-12-10 07:52:00-05:00,196.94,196.96,196.94,196.96,0,0.0,0.0
2024-12-10 07:53:00-05:00,196.99,197.07,196.99,197.07,0,0.0,0.0
2024-12-10 07:55:00-05:00,197.0,197.05,197.0,197.05,0,0.0,0.0
2024-12-10 07:56:00-05:00,196.99,197.07,196.99,197.07,0,0.0,0.0
2024-12-10 07:57:00-05:00,197.0,197.07,196.99,197.0,0,0.0,0.0
2024-12-10 07:58:00-05:00,197.0,197.09,197.0,197.04,0,0.0,0.0
2024-12-10 07:59:00-05:00,197.09,197.1,197.04,197.04,0,0.0,0.0
2024-12-10 08:00:00-05:00,197.25,199.88,195.8429,196.99,0,0.0,0.0
2024-12-10 08:01:00-05:00,197.5999,199.88,197.35,197.59,0,0.0,0.0
2024-12-10 08:02:00-05:00,197.37,197.6,197.37,197.5,0,0.0,0.0
2024-12-10 08:03:00-05:00,197.5008,197.5987,197.5,197.5,0,0.0,0.0
2024-12-10 08:04:00-05:00,197.6,197.6,197.52,197.6,0,0.0,0.0
2024-12-10 08:05:00-05:00,197.56,199.17,197.56,197.69,0,0.0,0.0
2024-12-10 08:06:00-05:00,197.71,197.76,197.65,197.71,0,0.0,0.0
2024-12-10 08:07:00-05:00,197.71,197.75,197.63,197.71,0,0.0,0.0
2024-12-10 08:08:00-05:00,197.72,197.75,197.5,197.6,0,0.0,0.0
2024-12-10 08:09:00-05:00,197.7,197.75,197.64,197.7,0,0.0,0.0
2024-12-10 08:10:00-05:00,197.69,197.72,197.64,197.72,0,0.0,0.0
2024-12-10 08:11:00-05:00,197.74,197.75,197.73,197.73,0,0.0,0.0
2024-12-10 08:12:00-05:00,197.71,197.8,197.51,197.79,0,0.0,0.0
2024-12-10 08:13:00-05:00,197.79,197.83,197.76,197.8,0,0.0,0.0
2024-12-10 08:14:00-05:00,197.79,198.673,197.76,197.81,0,0.0,0.0
2024-12-10 08:15:00-05:00,197.82,197.85,197.76,197.8499,0,0.0,0.0
2024-12-10 08:16:00-05:00,197.85,197.85,197.7,197.73,0,0.0,0.0
2024-12-10 08:17:00-05:00,197.74,197.85,197.73,197.73,0,0.0,0.0
2024-12-10 08:18:00-05:00,197.85,197.85,197.71,197.85,0,0.0,0.0
2024-12-10 08:19:00-05:00,197.77,197.85,197.7,197.85,0,0.0,0.0
2024-12-10 08:20:00-05:00,197.73,197.85,197.66,197.85,0,0.0,0.0
2024-12-10 08:21:00-05:00,197.65,198.08,197.65,198.01,0,0.0,0.0
2024-12-10 08:22:00-05:00,198.04,198.04,197.98,197.99,0,0.0,0.0
2024-12-10 08:23:00-05:00,197.92,198.0,197.88,197.95,0,0.0,0.0
2024-12-10 08:24:00-05:00,197.95,197.95,197.8,197.9,0,0.0,0.0
2024-12-10 08:25:00-05:00,197.9884,197.9884,197.79,197.94,0,0.0,0.0
2024-12-10 08:26:00-05:00,197.87,197.89,197.86,197.89,0,0.0,0.0
2024-12-10 08:27:00-05:00,197.86,197.97,197.79,197.97,0,0.0,0.0
2024-12-10 08:28:00-05:00,197.83,197.97,197.79,197.9,0,0.0,0.0
2024-12-10 08:29:00-05:00,197.94,197.97,197.79,197.97,0,0.0,0.0
2024-12-10 08:30:00-05:00,197.87,197.95,197.85,197.85,0,0.0,0.0
2024-12-10 08:31:00-05:00,197.85,197.96,197.84,197.95,0,0.0,0.0
2024-12-10 08:32:00-05:00,197.96,197.9689,197.8,197.89,0,0.0,0.0
2024-12-10 08:33:00-05:00,197.97,198.0,197.97,198.0,0,0.0,0.0
2024-12-10 08:34:00-05:00,198.0,198.06,198.0,198.06,0,0.0,0.0
2024-12-10 08:35:00-05:00,198.05,198.19,197.98,198.0,0,0.0,0.0
2024-12-10 08:36:00-05:00,197.99,198.0,197.91,197.92,0,0.0,0.0
2024-12-10 08:37:00-05:00,197.9,197.95,197.88,197.88,0,0.0,0.0
2024-12-10 08:38:00-05:00,197.98,198.15,197.95,198.15,0,0.0,0.0
2024-12-10 08:39:00-05:00,198.14,198.14,198.13,198.14,0,0.0,0.0
2024-12-10 08:40:00-05:00,198.19,198.2,198.14,198.2,0,0.0,0.0
2024-12-10 08:41:00-05:00,198.18,198.3,198.1001,198.29,0,0.0,0.0
2024-12-10 08:42:00-05:00,198.19,198.3,198.14,198.3,0,0.0,0.0
2024-12-10 08:43:00-05:00,198.26,198.3,198.1964,198.2,0,0.0,0.0
2024-12-10 08:44:00-05:00,198.29,198.35,198.22,198.28,0,0.0,0.0
2024-12-10 08:45:00-05:00,198.3,198.55,198.28,198.31,0,0.0,0.0
2024-12-10 08:46:00-05:00,198.4,198.55,198.3,198.45,0,0.0,0.0
2024-12-10 08:47:00-05:00,198.4,198.55,198.3,198.3,0,0.0,0.0
2024-12-10 08:48:00-05:00,198.52,198.55,198.3,198.39,0,0.0,0.0
2024-12-10 08:49:00-05:00,198.38,198.6,198.34,198.6,0,0.0,0.0
2024-12-10 08:50:00-05:00,198.59,198.6,198.59,198.6,0,0.0,0.0
2024-12-10 08:51:00-05:00,198.57,198.69,198.53,198.67,0,0.0,0.0
2024-12-10 08:52:00-05:00,198.66,198.67,198.35,198.55,0,0.0,0.0
2024-12-10 08:53:00-05:00,198.55,198.6,198.5,198.56,0,0.0,0.0
2024-12-10 08:54:00-05:00,198.5982,198.6,198.5,198.6,0,0.0,0.0
2024-12-10 08:55:00-05:00,198.6,198.6,198.5,198.52,0,0.0,0.0
2024-12-10 08:56:00-05:00,198.5,198.6,198.5,198.56,0,0.0,0.0
2024-12-10 08:57:00-05:00,198.58,198.59,198.53,198.56,0,0.0,0.0
2024-12-10 08:58:00-05:00,198.56,198.56,198.51,198.56,0,0.0,0.0
2024-12-10 08:59:00-05:00,198.5001,198.59,198.5,198.57,0,0.0,0.0
2024-12-10 09:00:00-05:00,198.59,198.59,198.524,198.58,0,0.0,0.0
2024-12-10 09:01:00-05:00,198.53,198.6,198.53,198.55,0,0.0,0.0
2024-12-10 09:02:00-05:00,198.6,198.67,198.46,198.47,0,0.0,0.0
2024-12-10 09:03:00-05:00,198.5,198.67,198.5,198.67,0,0.0,0.0
2024-12-10 09:04:00-05:00,198.59,198.65,198.52,198.59,0,0.0,0.0
2024-12-10 09:05:00-05:00,198.46,198.6,198.46,198.53,0,0.0,0.0
2024-12-10 09:06:00-05:00,198.51,198.57,198.49,198.57,0,0.0,0.0
2024-12-10 09:07:00-05:00,198.56,198.57,198.46,198.52,0,0.0,0.0
2024-12-10 09:08:00-05:00,198.46,198.57,198.4,198.55,0,0.0,0.0
2024-12-10 09:09:00-05:00,198.45,198.55,198.4,198.54,0,0.0,0.0
2024-12-10 09:10:00-05:00,198.5409,198.5409,198.5,198.54,0,0.0,0.0
2024-12-10 09:11:00-05:00,198.5,198.52,198.35,198.35,0,0.0,0.0
2024-12-10 09:12:00-05:00,198.54,198.54,198.41,198.43,0,0.0,0.0
2024-12-10 09:13:00-05:00,198.54,198.56,198.35,198.5,0,0.0,0.0
2024-12-10 09:14:00-05:00,198.5,198.56,198.39,198.52,0,0.0,0.0
2024-12-10 09:30:00-05:00,199.10000610351562,199.8000030517578,198.52999877929688,199.58999633789062,553648,0.0,0.0
2024-12-10 09:31:00-05:00,199.52000427246094,199.91000366210938,199.0,199.0,64678,0.0,0.0
2024-12-10 09:32:00-05:00,198.99000549316406,199.05999755859375,198.49989318847656,198.6300048828125,61248,0.0,0.0
2024-12-10 09:33:00-05:00,198.61000061035156,198.94000244140625,198.3000030517578,198.53750610351562,63937,0.0,0.0
2024-12-10 09:34:00-05:00,198.47999572753906,198.79989624023438,198.47999572753906,198.52000427246094,42764,0.0,0.0
2024-12-10 09:35:00-05:00,198.52000427246094,198.7100067138672,198.46009826660156,198.46009826660156,34785,0.0,0.0
2024-12-10 09:36:00-05:00,198.56199645996094,198.7899932861328,198.41000366210938,198.5583038330078,41014,0.0,0.0
2024-12-10 09:37:00-05:00,198.52000427246094,198.56069946289062,198.02000427246094,198.13499450683594,43897,0.0,0.0
2024-12-10 09:38:00-05:00,198.1999969482422,198.35000610351562,198.11000061035156,198.22999572753906,32703,0.0,0.0
2024-12-10 09:39:00-05:00,198.1999969482422,198.27000427246094,198.10000610351562,198.2100067138672,39580,0.0,0.0
2024-12-10 09:40:00-05:00,198.27000427246094,198.3800048828125,198.1699981689453,198.1699981689453,31900,0.0,0.0
2024-12-10 09:41:00-05:00,198.22999572753906,198.85000610351562,198.16000366210938,198.64999389648438,57614,0.0,0.0
2024-12-10 09:42:00-05:00,198.63330078125,198.72999572753906,198.35000610351562,198.5,53663,0.0,0.0
2024-12-10 09:43:00-05:00,198.54949951171875,198.66000366210938,198.30999755859375,198.4600067138672,34892,0.0,0.0
2024-12-10 09:44:00-05:00,198.4698028564453,198.61000061035156,198.42999267578125,198.5500030517578,24797,0.0,0.0
2024-12-10 09:45:00-05:00,198.55999755859375,199.10000610351562,198.55999755859375,199.02999877929688,33818,0.0,0.0
2024-12-10 09:46:00-05:00,199.02000427246094,199.08999633789062,198.66000366210938,199.0,56272,0.0,0.0
2024-12-10 09:47:00-05:00,199.0500030517578,199.14999389648438,198.74000549316406,199.0,36168,0.0,0.0
2024-12-10 09:48:00-05:00,199.00999450683594,199.11819458007812,198.72000122070312,198.8000030517578,49696,0.0,0.0
2024-12-10 09:49:00-05:00,198.7949981689453,198.7949981689453,198.5,198.58999633789062,31952,0.0,0.0
2024-12-10 09:50:00-05:00,198.5850067138672,198.69000244140625,198.3300018310547,198.3300018310547,78142,0.0,0.0
2024-12-10 09:51:00-05:00,198.3000030517578,198.5800018310547,198.1999969482422,198.4250030517578,65176,0.0,0.0
2024-12-10 09:52:00-05:00,198.4199981689453,198.4508056640625,198.2821044921875,198.2821044921875,60074,0.0,0.0
2024-12-10 09:53:00-05:00,198.27999877929688,198.27999877929688,197.8800048828125,198.05999755859375,51770,0.0,0.0
2024-12-10 09:54:00-05:00,198.02999877929688,198.09500122070312,197.6999969482422,197.7949981689453,40544,0.0,0.0
2024-12-10 09:55:00-05:00,197.8000030517578,197.89999389648438,197.36000061035156,197.36000061035156,36931,0.0,0.0
2024-12-10 09:56:00-05:00,197.42999267578125,197.4600067138672,197.1999969482422,197.39999389648438,42789,0.0,0.0
2024-12-10 09:57:00-05:00,197.360107421875,197.47000122070312,197.14999389648438,197.19000244140625,25972,0.0,0.0
2024-12-10 09:58:00-05:00,197.18499755859375,197.1999969482422,196.88180541992188,196.93069458007812,63528,0.0,0.0
2024-12-10 09:59:00-05:00,196.9600067138672,197.22000122070312,196.9499969482422,197.10499572753906,49356,0.0,0.0
2024-12-10 10:00:00-05:00,197.1750030517578,197.77000427246094,197.1750030517578,197.69000244140625,22467,0.0,0.0
2024-12-10 10:01:00-05:00,197.6699981689453,197.77999877929688,197.6300048828125,197.70030212402344,11816,0.0,0.0
2024-12-10 10:02:00-05:00,197.71499633789062,197.77999877929688,197.4600067138672,197.60000610351562,33164,0.0,0.0
2024-12-10 10:03:00-05:00,197.63999938964844,197.88999938964844,197.57000732421875,197.57000732421875,32465,0.0,0.0
2024-12-10 10:04:00-05:00,197.5500030517578,197.7100067138672,197.47999572753906,197.58999633789062,30261,0.0,0.0
2024-12-10 10:05:00-05:00,197.6199951171875,197.75,197.5,197.67999267578125,26934,0.0,0.0
2024-12-10 10:06:00-05:00,197.67999267578125,197.72999572753906,197.58999633789062,197.6699981689453,23542,0.0,0.0
2024-12-10 10:07:00-05:00,197.72000122070312,197.88999938964844,197.68150329589844,197.88999938964844,23671,0.0,0.0
2024-12-10 10:08:00-05:00,197.88499450683594,198.1300048828125,197.8350067138672,197.9250030517578,23599,0.0,0.0
2024-12-10 10:09:00-05:00,197.91000366210938,198.02999877929688,197.88999938964844,197.94500732421875,17819,0.0,0.0
2024-12-10 10:10:00-05:00,197.95350646972656,197.97000122070312,197.84500122070312,197.89999389648438,13885,0.0,0.0
2024-12-10 10:11:00-05:00,197.89999389648438,198.05999755859375,197.8699951171875,197.9250030517578,19167,0.0,0.0
2024-12-10 10:12:00-05:00,197.90640258789062,197.90640258789062,197.6300048828125,197.69000244140625,23345,0.0,0.0
2024-12-10 10:13:00-05:00,197.66000366210938,198.14999389648438,197.6300048828125,198.11500549316406,23939,0.0,0.0
2024-12-10 10:14:00-05:00,198.1199951171875,198.25,198.0500030517578,198.14999389648438,29128,0.0,0.0
2024-12-10 10:15:00-05:00,198.17999267578125,198.24130249023438,197.8699951171875,198.14999389648438,63416,0.0,0.0
2024-12-10 10:16:00-05:00,198.13499450683594,198.2176971435547,198.02499389648438,198.1300048828125,9423,0.0,0.0
2024-12-10 10:17:00-05:00,198.0800018310547,198.0800018310547,197.75999450683594,197.83990478515625,24788,0.0,0.0
2024-12-10 10:18:00-05:00,197.82000732421875,197.85000610351562,197.67999267578125,197.67999267578125,17842,0.0,0.0
2024-12-10 10:19:00-05:00,197.63999938964844,197.72000122070312,197.4199981689453,197.55799865722656,36178,0.0,0.0
2024-12-10 10:20:00-05:00,197.52999877929688,197.53250122070312,197.39500427246094,197.4499969482422,9050,0.0,0.0
2024-12-10 10:21:00-05:00,197.47999572753906,197.47999572753906,197.22000122070312,197.25999450683594,39219,0.0,0.0
2024-12-10 10:22:00-05:00,197.25,197.33999633789062,197.24000549316406,197.24000549316406,18043,0.0,0.0
2024-12-10 10:23:00-05:00,197.25999450683594,197.32000732421875,197.07000732421875,197.10499572753906,21918,0.0,0.0
2024-12-10 10:24:00-05:00,197.09609985351562,197.16000366210938,196.99000549316406,197.11000061035156,52678,0.0,0.0
2024-12-10 10:25:00-05:00,197.11000061035156,197.16000366210938,197.0399932861328,197.0800018310547,13992,0.0,0.0
2024-12-10 10:26:00-05:00,197.07000732421875,197.1199951171875,196.95559692382812,196.95559692382812,16430,0.0,0.0
2024-12-10 10:27:00-05:00,197.05670166015625,197.17999267578125,196.97500610351562,197.15480041503906,18179,0.0,0.0
2024-12-10 10:28:00-05:00,197.14999389648438,197.19000244140625,196.92019653320312,196.9499969482422,11663,0.0,0.0
2024-12-10 10:29:00-05:00,196.93499755859375,196.94000244140625,196.59500122070312,196.63999938964844,36161,0.0,0.0
2024-12-10 10:30:00-05:00,196.63999938964844,196.7100067138672,196.5760040283203,196.5771942138672,25030,0.0,0.0
2024-12-10 10:31:00-05:00,196.60000610351562,196.79299926757812,196.58999633789062,196.7700958251953,17155,0.0,0.0
2024-12-10 10:32:00-05:00,196.75999450683594,196.97500610351562,196.75999450683594,196.97000122070312,14610,0.0,0.0
2024-12-10 10:33:00-05:00,196.97999572753906,197.02999877929688,196.8000030517578,196.8000030517578,17613,0.0,0.0
2024-12-10 10:34:00-05:00,196.83999633789062,197.10000610351562,196.83999633789062,196.97999572753906,19584,0.0,0.0
2024-12-10 10:35:00-05:00,196.92999267578125,196.92999267578125,196.78160095214844,196.80999755859375,12171,0.0,0.0
2024-12-10 10:36:00-05:00,196.83169555664062,196.97000122070312,196.77000427246094,196.94000244140625,14223,0.0,0.0
2024-12-10 10:37:00-05:00,196.94000244140625,196.97000122070312,196.74000549316406,196.82000732421875,14027,0.0,0.0
2024-12-10 10:38:00-05:00,196.7899932861328,196.97999572753906,196.7899932861328,196.89999389648438,11917,0.0,0.0
2024-12-10 10:39:00-05:00,196.86000061035156,197.10000610351562,196.85000610351562,197.10000610351562,19258,0.0,0.0
2024-12-10 10:40:00-05:00,197.13999938964844,197.14999389648438,197.0800018310547,197.10000610351562,13768,0.0,0.0
2024-12-10 10:41:00-05:00,197.1230010986328,197.1300048828125,196.83999633789062,196.85000610351562,16935,0.0,0.0
2024-12-10 10:42:00-05:00,196.88999938964844,197.14999389648438,196.86500549316406,197.0800018310547,24775,0.0,0.0
2024-12-10 10:43:00-05:00,197.0399932861328,197.30999755859375,197.0399932861328,197.2899932861328,24479,0.0,0.0
2024-12-10 10:44:00-05:00,197.25,197.3000030517578,197.2100067138672,197.27499389648438,15751,0.0,0.0
2024-12-10 10:45:00-05:00,197.27499389648438,197.3800048828125,197.27499389648438,197.33999633789062,15149,0.0,0.0
2024-12-10 10:46:00-05:00,197.3300018310547,197.38650512695312,196.9600067138672,196.98500061035156,19807,0.0,0.0
2024-12-10 10:47:00-05:00,197.00999450683594,197.07000732421875,196.9600067138672,197.0050048828125,14301,0.0,0.0
2024-12-10 10:48:00-05:00,197.00999450683594,197.02000427246094,196.8800048828125,196.92999267578125,12040,0.0,0.0
2024-12-10 10:49:00-05:00,196.9550018310547,196.97999572753906,196.91000366210938,196.92999267578125,15320,0.0,0.0
2024-12-10 10:50:00-05:00,196.91000366210938,196.91000366210938,196.58999633789062,196.66000366210938,25848,0.0,0.0
2024-12-10 10:51:00-05:00,196.64999389648438,196.6699981689453,196.58999633789062,196.60000610351562,11717,0.0,0.0
2024-12-10 10:52:00-05:00,196.59060668945312,196.69000244140625,196.39999389648438,196.42999267578125,27222,0.0,0.0
2024-12-10 10:53:00-05:00,196.40499877929688,196.68829345703125,196.4010009765625,196.55499267578125,18847,0.0,0.0
2024-12-10 10:54:00-05:00,196.55499267578125,196.61000061035156,196.36000061035156,196.4199981689453,14444,0.0,0.0
2024-12-10 10:55:00-05:00,196.4499053955078,196.4499053955078,196.3300018310547,196.3699951171875,21394,0.0,0.0
2024-12-10 10:56:00-05:00,196.35000610351562,196.47000122070312,196.25999450683594,196.2949981689453,43565,0.0,0.0
2024-12-10 10:57:00-05:00,196.3000030517578,196.34939575195312,195.8300018310547,195.99000549316406,117195,0.0,0.0
2024-12-10 10:58:00-05:00,195.99000549316406,196.02000427246094,195.9600067138672,195.97999572753906,5999,0.0,0.0
2024-12-10 11:00:00-05:00,195.94000244140625,195.94000244140625,195.75999450683594,195.80999755859375,71073,0.0,0.0
2024-12-10 11:01:00-05:00,195.85000610351562,195.85499572753906,195.5500030517578,195.5749969482422,39871,0.0,0.0
2024-12-10 11:02:00-05:00,195.5749969482422,195.64430236816406,195.55270385742188,195.60000610351562,19787,0.0,0.0
2024-12-10 11:03:00-05:00,195.60000610351562,195.8000030517578,195.5800018310547,195.7550048828125,35391,0.0,0.0
2024-12-10 11:04:00-05:00,195.7899932861328,195.9199981689453,195.7100067138672,195.7100067138672,21172,0.0,0.0
2024-12-10 11:05:00-05:00,195.69000244140625,195.69000244140625,195.55960083007812,195.57000732421875,24572,0.0,0.0
2024-12-10 11:06:00-05:00,195.5850067138672,195.60000610351562,195.24000549316406,195.27000427246094,96547,0.0,0.0
2024-12-10 11:07:00-05:00,195.26499938964844,195.3000030517578,195.1699981689453,195.25999450683594,105682,0.0,0.0
2024-12-10 11:08:00-05:00,195.25999450683594,195.281005859375,195.07000732421875,195.13999938964844,83429,0.0,0.0
2024-12-10 11:09:00-05:00,195.13999938964844,195.22000122070312,195.02000427246094,195.08999633789062,50461,0.0,0.0
2024-12-10 11:10:00-05:00,195.06500244140625,195.17999267578125,195.02999877929688,195.11000061035156,33059,0.0,0.0
2024-12-10 11:11:00-05:00,195.125,195.42999267578125,194.9499969482422,195.42999267578125,123325,0.0,0.0
2024-12-10 11:12:00-05:00,195.47549438476562,195.88999938964844,195.42999267578125,195.82000732421875,46054,0.0,0.0
2024-12-10 11:13:00-05:00,195.8350067138672,195.99000549316406,195.78819274902344,195.92999267578125,27406,0.0,0.0
2024-12-10 11:14:00-05:00,195.92999267578125,196.1300048828125,195.92999267578125,196.08999633789062,24365,0.0,0.0
2024-12-10 11:15:00-05:00,196.0500030517578,196.09410095214844,195.9600067138672,195.98550415039062,46284,0.0,0.0
2024-12-10 11:16:00-05:00,195.9199981689453,195.97500610351562,195.6999969482422,195.92999267578125,28916,0.0,0.0
2024-12-10 11:17:00-05:00,195.97000122070312,196.06649780273438,195.88499450683594,196.03500366210938,17141,0.0,0.0
2024-12-10 11:18:00-05:00,196.02000427246094,196.0850067138672,195.9199981689453,195.94500732421875,17733,0.0,0.0
2024-12-10 11:19:00-05:00,195.95989990234375,196.05999755859375,195.8699951171875,195.91000366210938,20785,0.0,0.0
2024-12-10 11:20:00-05:00,195.91000366210938,195.91000366210938,195.6999969482422,195.72999572753906,27331,0.0,0.0
2024-12-10 11:21:00-05:00,195.8350067138672,195.86000061035156,195.4600067138672,195.5399932861328,60094,0.0,0.0
2024-12-10 11:22:00-05:00,195.5399932861328,195.54690551757812,195.22000122070312,195.27000427246094,33947,0.0,0.0
2024-12-10 11:23:00-05:00,195.25,195.37179565429688,195.22000122070312,195.2397003173828,21073,0.0,0.0
2024-12-10 11:24:00-05:00,195.22999572753906,195.24000549316406,194.9499969482422,194.98500061035156,35563,0.0,0.0
2024-12-10 11:25:00-05:00,195.00999450683594,195.14999389648438,195.00999450683594,195.11000061035156,15873,0.0,0.0
2024-12-10 11:26:00-05:00,195.08999633789062,195.13999938964844,194.8699951171875,194.8699951171875,27005,0.0,0.0
2024-12-10 11:27:00-05:00,194.85000610351562,194.9600067138672,194.80999755859375,194.83999633789062,25084,0.0,0.0
2024-12-10 11:28:00-05:00,194.84500122070312,194.84970092773438,194.3800048828125,194.55499267578125,63682,0.0,0.0
2024-12-10 11:29:00-05:00,194.55499267578125,194.7783966064453,194.5200958251953,194.63999938964844,26702,0.0,0.0
2024-12-10 11:30:00-05:00,194.58999633789062,194.58999633789062,194.39999389648438,194.5,12014,0.0,0.0
2024-12-10 11:31:00-05:00,194.49000549316406,194.49000549316406,194.33999633789062,194.35000610351562,19876,0.0,0.0
2024-12-10 11:32:00-05:00,194.33999633789062,194.41000366210938,194.2100067138672,194.27000427246094,35776,0.0,0.0
2024-12-10 11:33:00-05:00,194.25999450683594,194.36000061035156,194.00999450683594,194.05499267578125,28324,0.0,0.0
2024-12-10 11:34:00-05:00,194.05499267578125,194.08099365234375,193.8699951171875,193.9600067138672,108193,0.0,0.0
2024-12-10 11:35:00-05:00,193.99969482421875,194.14990234375,193.8699951171875,193.97999572753906,39168,0.0,0.0
2024-12-10 11:36:00-05:00,194.0,194.24000549316406,194.0,194.02999877929688,36015,0.0,0.0
2024-12-10 11:37:00-05:00,194.02499389648438,194.11000061035156,193.9499969482422,193.99429321289062,40585,0.0,0.0
2024-12-10 11:38:00-05:00,194.0032958984375,194.36000061035156,194.0,194.24000549316406,47933,0.0,0.0
2024-12-10 11:39:00-05:00,194.25,194.33990478515625,194.09500122070312,194.21499633789062,0,0.0,0.0
2024-12-10 11:40:00-05:00,194.21499633789062,194.222900390625,194.06350708007812,194.10000610351562,16531,0.0,0.0
2024-12-10 11:41:00-05:00,194.08999633789062,194.10000610351562,193.9499969482422,193.9499969482422,27022,0.0,0.0
2024-12-10 11:42:00-05:00,194.00999450683594,194.1199951171875,193.97000122070312,193.99000549316406,15728,0.0,0.0
2024-12-10 11:43:00-05:00,193.97000122070312,193.97000122070312,193.8249969482422,193.85000610351562,20618,0.0,0.0
2024-12-10 11:44:00-05:00,193.875,193.97000122070312,193.8300018310547,193.97000122070312,15470,0.0,0.0
2024-12-10 11:45:00-05:00,193.9499969482422,193.97999572753906,193.80999755859375,193.86000061035156,22902,0.0,0.0
2024-12-10 11:46:00-05:00,193.8300018310547,193.8300018310547,193.6699981689453,193.6999969482422,32525,0.0,0.0
2024-12-10 11:47:00-05:00,193.70089721679688,193.71499633789062,193.5800018310547,193.71499633789062,29365,0.0,0.0
2024-12-10 11:48:00-05:00,193.71499633789062,193.71499633789062,193.55999755859375,193.6300048828125,26898,0.0,0.0
2024-12-10 11:49:00-05:00,193.6300048828125,193.75010681152344,193.52999877929688,193.75010681152344,39226,0.0,0.0
2024-12-10 11:50:00-05:00,193.7449951171875,193.75999450683594,193.4499969482422,193.58999633789062,32945,0.0,0.0
2024-12-10 11:51:00-05:00,193.57000732421875,193.61000061035156,193.35000610351562,193.3699951171875,63002,0.0,0.0
2024-12-10 11:52:00-05:00,193.375,193.50999450683594,193.35000610351562,193.44000244140625,22630,0.0,0.0
2024-12-10 11:53:00-05:00,193.4600067138672,193.60499572753906,193.30499267578125,193.3800048828125,25527,0.0,0.0
2024-12-10 11:54:00-05:00,193.35000610351562,193.40499877929688,193.16000366210938,193.1925048828125,23867,0.0,0.0
2024-12-10 11:55:00-05:00,193.17999267578125,193.3000030517578,193.17250061035156,193.28500366210938,22680,0.0,0.0
2024-12-10 11:56:00-05:00,193.27999877929688,193.55850219726562,193.27499389648438,193.49000549316406,14853,0.0,0.0
2024-12-10 11:57:00-05:00,193.54989624023438,193.63999938964844,193.4499969482422,193.63999938964844,20442,0.0,0.0
2024-12-10 11:58:00-05:00,193.64500427246094,194.13999938964844,193.64500427246094,194.0467071533203,43398,0.0,0.0
2024-12-10 11:59:00-05:00,194.07020568847656,194.32000732421875,194.0,194.27999877929688,26424,0.0,0.0
2024-12-10 12:00:00-05:00,194.2100067138672,194.25999450683594,193.9499969482422,194.0,34611,0.0,0.0
2024-12-10 12:01:00-05:00,193.97999572753906,194.13999938964844,193.9600067138672,194.07000732421875,12721,0.0,0.0
2024-12-10 12:02:00-05:00,194.02000427246094,194.0500030517578,193.91000366210938,194.02999877929688,17662,0.0,0.0
2024-12-10 12:03:00-05:00,194.02000427246094,194.05999755859375,193.75,193.75,20213,0.0,0.0
2024-12-10 12:04:00-05:00,193.7899932861328,193.83389282226562,193.5850067138672,193.74000549316406,26332,0.0,0.0
2024-12-10 12:05:00-05:00,193.75,193.75,193.5500030517578,193.57000732421875,23701,0.0,0.0
2024-12-10 12:06:00-05:00,193.57000732421875,193.61000061035156,193.36000061035156,193.4199981689453,24048,0.0,0.0
2024-12-10 12:07:00-05:00,193.4199981689453,193.44410705566406,193.3800048828125,193.39999389648438,15771,0.0,0.0
2024-12-10 12:08:00-05:00,193.39349365234375,193.5399932861328,193.27999877929688,193.5399932861328,25406,0.0,0.0
2024-12-10 12:09:00-05:00,193.5399932861328,193.61000061035156,193.49000549316406,193.57000732421875,32558,0.0,0.0
2024-12-10 12:10:00-05:00,193.55999755859375,193.5699005126953,193.39999389648438,193.47999572753906,25230,0.0,0.0
2024-12-10 12:11:00-05:00,193.50999450683594,193.50999450683594,193.24000549316406,193.24000549316406,16550,0.0,0.0
2024-12-10 12:12:00-05:00,193.2550048828125,193.2550048828125,193.02000427246094,193.0399932861328,24537,0.0,0.0
2024-12-10 12:13:00-05:00,193.05999755859375,193.16000366210938,193.0399932861328,193.11749267578125,18042,0.0,0.0
2024-12-10 12:14:00-05:00,193.11000061035156,193.13999938964844,192.82000732421875,192.83999633789062,69485,0.0,0.0
2024-12-10 12:15:00-05:00,192.85000610351562,192.89999389648438,192.75999450683594,192.77999877929688,28679,0.0,0.0
2024-12-10 12:16:00-05:00,192.77000427246094,192.89999389648438,192.5,192.50999450683594,85540,0.0,0.0
2024-12-10 12:17:00-05:00,192.52000427246094,192.79649353027344,192.47000122070312,192.5850067138672,53812,0.0,0.0
2024-12-10 12:18:00-05:00,192.63499450683594,192.75999450683594,192.60499572753906,192.6699981689453,25749,0.0,0.0
2024-12-10 12:19:00-05:00,192.64999389648438,192.74000549316406,192.61000061035156,192.74000549316406,23801,0.0,0.0
2024-12-10 12:20:00-05:00,192.75,193.0500030517578,192.75,193.0500030517578,13594,0.0,0.0
2024-12-10 12:21:00-05:00,193.07000732421875,193.25,193.05630493164062,193.22500610351562,25078,0.0,0.0
2024-12-10 12:22:00-05:00,193.22000122070312,193.4600067138672,193.22000122070312,193.38499450683594,21562,0.0,0.0
2024-12-10 12:23:00-05:00,193.38499450683594,193.49000549316406,193.37770080566406,193.47000122070312,11785,0.0,0.0
2024-12-10 12:24:00-05:00,193.47000122070312,193.5800018310547,193.4199981689453,193.44949340820312,20870,0.0,0.0
2024-12-10 12:25:00-05:00,193.42999267578125,193.42999267578125,193.30999755859375,193.33999633789062,8342,0.0,0.0
2024-12-10 12:26:00-05:00,193.33999633789062,193.3699951171875,193.2100067138672,193.25,22203,0.0,0.0
2024-12-10 12:27:00-05:00,193.273193359375,193.35000610351562,193.1699981689453,193.35000610351562,16116,0.0,0.0
2024-12-10 12:28:00-05:00,193.33999633789062,193.39999389648438,193.24000549316406,193.24000549316406,11060,0.0,0.0
2024-12-10 12:29:00-05:00,193.2449951171875,193.27000427246094,193.1300048828125,193.27000427246094,16055,0.0,0.0
2024-12-10 12:30:00-05:00,193.24000549316406,193.24000549316406,193.24000549316406,193.24000549316406,511,0.0,0.0
2024-12-10 12:31:00-05:00,193.14930725097656,193.17999267578125,193.1013946533203,193.13999938964844,33066,0.0,0.0
2024-12-10 12:32:00-05:00,193.17999267578125,193.17999267578125,193.09500122070312,193.17999267578125,22672,0.0,0.0
2024-12-10 12:33:00-05:00,193.1649932861328,193.2799072265625,193.1300048828125,193.25999450683594,20512,0.0,0.0
2024-12-10 12:34:00-05:00,193.27000427246094,193.4199981689453,193.23500061035156,193.41000366210938,28192,0.0,0.0
2024-12-10 12:35:00-05:00,193.4149932861328,193.4846954345703,193.3000030517578,193.37989807128906,27020,0.0,0.0
2024-12-10 12:36:00-05:00,193.3300018310547,193.4199981689453,193.2899932861328,193.33990478515625,18307,0.0,0.0
2024-12-10 12:37:00-05:00,193.31759643554688,193.44000244140625,193.24000549316406,193.25270080566406,22868,0.0,0.0
2024-12-10 12:38:00-05:00,193.22999572753906,193.22999572753906,193.02999877929688,193.08999633789062,29940,0.0,0.0
2024-12-10 12:39:00-05:00,193.09500122070312,193.09500122070312,192.91000366210938,192.9499969482422,43832,0.0,0.0
2024-12-10 12:40:00-05:00,192.9499969482422,193.00999450683594,192.9199981689453,192.97500610351562,26329,0.0,0.0
2024-12-10 12:41:00-05:00,192.99000549316406,193.08999633789062,192.9149932861328,193.0800018310547,20894,0.0,0.0
2024-12-10 12:42:00-05:00,193.0749969482422,193.1300048828125,193.0399932861328,193.09010314941406,17719,0.0,0.0
2024-12-10 12:43:00-05:00,193.08999633789062,193.08999633789062,192.77999877929688,192.8699951171875,93883,0.0,0.0
2024-12-10 12:44:00-05:00,192.89500427246094,192.91000366210938,192.78509521484375,192.83999633789062,19468,0.0,0.0
2024-12-10 12:45:00-05:00,192.86000061035156,192.92990112304688,192.83999633789062,192.86990356445312,16164,0.0,0.0
2024-12-10 12:46:00-05:00,192.8699951171875,193.02999877929688,192.8699951171875,192.99249267578125,21469,0.0,0.0
2024-12-10 12:47:00-05:00,192.99000549316406,192.99090576171875,192.8802947998047,192.95599365234375,13653,0.0,0.0
2024-12-10 12:48:00-05:00,192.9499969482422,193.11439514160156,192.82000732421875,192.89019775390625,18782,0.0,0.0
2024-12-10 12:49:00-05:00,192.88999938964844,192.88999938964844,192.74000549316406,192.80999755859375,18836,0.0,0.0
2024-12-10 12:50:00-05:00,192.8300018310547,192.94500732421875,192.82000732421875,192.83009338378906,21157,0.0,0.0
2024-12-10 12:51:00-05:00,192.85000610351562,192.85499572753906,192.69500732421875,192.72000122070312,21973,0.0,0.0
2024-12-10 12:52:00-05:00,192.72000122070312,192.72000122070312,192.63999938964844,192.6649932861328,16284,0.0,0.0
2024-12-10 12:53:00-05:00,192.6699981689453,192.69000244140625,192.61000061035156,192.6699981689453,13415,0.0,0.0
2024-12-10 12:54:00-05:00,192.6699981689453,192.6699981689453,192.5500030517578,192.61000061035156,14227,0.0,0.0
2024-12-10 12:55:00-05:00,192.60879516601562,192.7100067138672,192.60000610351562,192.69500732421875,25864,0.0,0.0
2024-12-10 12:56:00-05:00,192.69000244140625,192.69000244140625,192.6300048828125,192.6649932861328,16157,0.0,0.0
2024-12-10 12:57:00-05:00,192.67950439453125,192.72000122070312,192.6699981689453,192.7100067138672,12726,0.0,0.0
2024-12-10 12:58:00-05:00,192.72000122070312,192.81500244140625,192.64999389648438,192.6999969482422,14271,0.0,0.0
2024-12-10 12:59:00-05:00,192.69000244140625,192.6999969482422,192.5800018310547,192.66969299316406,12862,0.0,0.0
2024-12-10 13:00:00-05:00,192.66000366210938,192.66000366210938,192.5399932861328,192.6300048828125,16172,0.0,0.0
2024-12-10 13:01:00-05:00,192.6300048828125,192.74000549316406,192.5500030517578,192.55560302734375,15835,0.0,0.0
2024-12-10 13:02:00-05:00,192.57000732421875,192.6750030517578,192.5500030517578,192.625,35572,0.0,0.0
2024-12-10 13:03:00-05:00,192.61000061035156,192.72000122070312,192.60000610351562,192.6199951171875,20602,0.0,0.0
2024-12-10 13:04:00-05:00,192.63999938964844,192.67999267578125,192.52999877929688,192.58999633789062,23720,0.0,0.0
2024-12-10 13:05:00-05:00,192.58999633789062,192.7113037109375,192.58999633789062,192.64999389648438,13733,0.0,0.0
2024-12-10 13:06:00-05:00,192.66000366210938,192.66000366210938,192.57000732421875,192.6199951171875,23988,0.0,0.0
2024-12-10 13:07:00-05:00,192.6199951171875,192.7982940673828,192.5,192.6999969482422,39015,0.0,0.0
2024-12-10 13:08:00-05:00,192.67999267578125,192.78810119628906,192.6699981689453,192.71499633789062,10661,0.0,0.0
2024-12-10 13:09:00-05:00,192.72999572753906,192.77000427246094,192.53500366210938,192.53500366210938,19606,0.0,0.0
2024-12-10 13:10:00-05:00,192.5500030517578,192.5500030517578,192.44000244140625,192.4698944091797,33190,0.0,0.0
2024-12-10 13:11:00-05:00,192.4550018310547,192.4550018310547,192.3699951171875,192.43499755859375,29723,0.0,0.0
2024-12-10 13:12:00-05:00,192.42999267578125,192.49000549316406,192.33999633789062,192.4499969482422,14611,0.0,0.0
2024-12-10 13:13:00-05:00,192.42999267578125,192.46119689941406,192.3000030517578,192.3300018310547,25611,0.0,0.0
2024-12-10 13:14:00-05:00,192.32000732421875,192.3300018310547,192.19000244140625,192.19000244140625,16089,0.0,0.0
2024-12-10 13:15:00-05:00,192.19000244140625,192.24000549316406,192.11000061035156,192.1750030517578,24220,0.0,0.0
2024-12-10 13:16:00-05:00,192.17999267578125,192.3300018310547,192.1699981689453,192.32000732421875,19122,0.0,0.0
2024-12-10 13:17:00-05:00,192.36000061035156,192.3800048828125,192.168701171875,192.168701171875,16909,0.0,0.0
2024-12-10 13:18:00-05:00,192.14999389648438,192.1999969482422,192.10000610351562,192.1999969482422,19525,0.0,0.0
2024-12-10 13:19:00-05:00,192.19500732421875,192.19500732421875,192.05999755859375,192.06500244140625,12702,0.0,0.0
2024-12-10 13:20:00-05:00,192.07989501953125,192.22000122070312,192.06500244140625,192.19500732421875,18280,0.0,0.0
2024-12-10 13:21:00-05:00,192.22000122070312,192.30999755859375,192.1999969482422,192.22000122070312,17099,0.0,0.0
2024-12-10 13:22:00-05:00,192.22500610351562,192.27000427246094,192.1999969482422,192.22000122070312,9966,0.0,0.0
2024-12-10 13:23:00-05:00,192.22000122070312,192.2299041748047,192.1470947265625,192.1699981689453,17498,0.0,0.0
2024-12-10 13:24:00-05:00,192.16000366210938,192.16000366210938,192.0500030517578,192.0803985595703,23817,0.0,0.0
2024-12-10 13:25:00-05:00,192.09500122070312,192.10459899902344,191.85000610351562,191.9499969482422,69416,0.0,0.0
2024-12-10 13:26:00-05:00,191.94000244140625,191.95419311523438,191.82000732421875,191.91000366210938,24678,0.0,0.0
2024-12-10 13:27:00-05:00,191.9199981689453,192.11000061035156,191.8800048828125,192.11000061035156,20866,0.0,0.0
2024-12-10 13:28:00-05:00,192.13999938964844,192.19000244140625,192.09500122070312,192.19000244140625,15091,0.0,0.0
2024-12-10 13:29:00-05:00,192.19000244140625,192.35000610351562,192.0399932861328,192.31500244140625,19966,0.0,0.0
2024-12-10 13:30:00-05:00,192.30999755859375,192.4600067138672,192.22999572753906,192.3350067138672,21007,0.0,0.0
2024-12-10 13:31:00-05:00,192.3531951904297,192.41000366210938,192.2899932861328,192.3350067138672,17557,0.0,0.0
2024-12-10 13:32:00-05:00,192.36000061035156,192.5299072265625,192.3300018310547,192.5216064453125,15867,0.0,0.0
2024-12-10 13:33:00-05:00,192.50390625,192.5500030517578,192.4550018310547,192.5399932861328,14975,0.0,0.0
2024-12-10 13:34:00-05:00,192.57000732421875,192.66000366210938,192.4499969482422,192.4499969482422,25710,0.0,0.0
2024-12-10 13:35:00-05:00,192.44000244140625,192.4499969482422,192.36000061035156,192.4250030517578,23168,0.0,0.0
2024-12-10 13:36:00-05:00,192.4499969482422,192.5,192.3699951171875,192.3800048828125,22469,0.0,0.0
2024-12-10 13:37:00-05:00,192.3800048828125,192.47000122070312,192.3699951171875,192.40499877929688,15115,0.0,0.0
2024-12-10 13:38:00-05:00,192.38999938964844,192.4199981689453,192.25999450683594,192.32009887695312,20597,0.0,0.0
2024-12-10 13:39:00-05:00,192.3699951171875,192.3699951171875,192.2100067138672,192.22500610351562,24490,0.0,0.0
2024-12-10 13:40:00-05:00,192.2100067138672,192.24000549316406,192.13999938964844,192.14999389648438,13087,0.0,0.0
2024-12-10 13:41:00-05:00,192.16000366210938,192.2100067138672,192.11000061035156,192.1300048828125,16010,0.0,0.0
2024-12-10 13:42:00-05:00,192.13999938964844,192.13999938964844,191.9499969482422,192.0041046142578,25954,0.0,0.0
2024-12-10 13:43:00-05:00,191.99000549316406,192.0500030517578,191.92999267578125,191.9600067138672,31602,0.0,0.0
2024-12-10 13:44:00-05:00,191.98989868164062,192.0399932861328,191.92709350585938,191.92709350585938,13050,0.0,0.0
2024-12-10 13:45:00-05:00,191.9199981689453,191.92759704589844,191.77000427246094,191.7899932861328,22811,0.0,0.0
2024-12-10 13:46:00-05:00,191.7899932861328,191.94000244140625,191.76699829101562,191.94000244140625,22251,0.0,0.0
2024-12-10 13:47:00-05:00,191.9250030517578,192.13999938964844,191.91000366210938,192.05999755859375,28583,0.0,0.0
2024-12-10 13:48:00-05:00,192.05880737304688,192.08999633789062,191.93499755859375,191.93499755859375,21134,0.0,0.0
2024-12-10 13:49:00-05:00,191.9199981689453,191.9600067138672,191.86109924316406,191.9600067138672,21679,0.0,0.0
2024-12-10 13:50:00-05:00,191.94000244140625,191.97000122070312,191.77000427246094,191.77000427246094,24405,0.0,0.0
2024-12-10 13:51:00-05:00,191.7899932861328,191.8000030517578,191.72999572753906,191.77000427246094,19200,0.0,0.0
2024-12-10 13:52:00-05:00,191.77000427246094,191.80999755859375,191.72999572753906,191.77000427246094,16620,0.0,0.0
2024-12-10 13:53:00-05:00,191.75999450683594,191.8300018310547,191.75,191.7899932861328,20247,0.0,0.0
2024-12-10 13:54:00-05:00,191.7899932861328,191.7899932861328,191.74000549316406,191.75999450683594,12286,0.0,0.0
2024-12-10 13:55:00-05:00,191.7899932861328,191.7899932861328,191.67999267578125,191.77499389648438,30553,0.0,0.0
2024-12-10 13:56:00-05:00,191.77499389648438,191.7899932861328,191.6649932861328,191.68209838867188,11518,0.0,0.0
2024-12-10 13:57:00-05:00,191.6824951171875,191.69000244140625,191.60009765625,191.60360717773438,20929,0.0,0.0
2024-12-10 13:58:00-05:00,191.61000061035156,191.75,191.55999755859375,191.7100067138672,23648,0.0,0.0
2024-12-10 13:59:00-05:00,191.6999969482422,191.7100067138672,191.6300048828125,191.68829345703125,18503,0.0,0.0
2024-12-10 14:00:00-05:00,191.6999969482422,191.6999969482422,191.4949951171875,191.6300048828125,50977,0.0,0.0
2024-12-10 14:01:00-05:00,191.60000610351562,191.60000610351562,191.4499969482422,191.47999572753906,16414,0.0,0.0
2024-12-10 14:02:00-05:00,191.47999572753906,191.72000122070312,191.4199981689453,191.72000122070312,20046,0.0,0.0
2024-12-10 14:03:00-05:00,191.72000122070312,191.80999755859375,191.7100067138672,191.7100067138672,13137,0.0,0.0
2024-12-10 14:04:00-05:00,191.67999267578125,191.82000732421875,191.6667022705078,191.68499755859375,20056,0.0,0.0
2024-12-10 14:05:00-05:00,191.67999267578125,191.7100067138672,191.6300048828125,191.6750030517578,23246,0.0,0.0
2024-12-10 14:06:00-05:00,191.6750030517578,191.69000244140625,191.5,191.5399932861328,23311,0.0,0.0
2024-12-10 14:07:00-05:00,191.52000427246094,191.72000122070312,191.47999572753906,191.66250610351562,35210,0.0,0.0
2024-12-10 14:08:00-05:00,191.69000244140625,191.72000122070312,191.610107421875,191.63999938964844,11235,0.0,0.0
2024-12-10 14:09:00-05:00,191.63999938964844,191.75999450683594,191.6300048828125,191.72000122070312,26263,0.0,0.0
2024-12-10 14:10:00-05:00,191.72000122070312,191.75999450683594,191.6300048828125,191.6699981689453,34602,0.0,0.0
2024-12-10 14:11:00-05:00,191.6699981689453,191.78280639648438,191.58221435546875,191.76499938964844,23884,0.0,0.0
2024-12-10 14:12:00-05:00,191.8000030517578,191.8300018310547,191.72999572753906,191.8300018310547,20896,0.0,0.0
2024-12-10 14:13:00-05:00,191.8350067138672,191.86000061035156,191.75999450683594,191.83999633789062,28478,0.0,0.0
2024-12-10 14:14:00-05:00,191.82000732421875,191.92999267578125,191.80999755859375,191.85000610351562,43896,0.0,0.0
2024-12-10 14:15:00-05:00,191.86000061035156,191.92999267578125,191.83999633789062,191.8800048828125,18565,0.0,0.0
2024-12-10 14:16:00-05:00,191.8800048828125,191.9998016357422,191.7899932861328,191.9669952392578,36645,0.0,0.0
2024-12-10 14:17:00-05:00,191.97999572753906,192.0,191.9219970703125,191.93499755859375,24349,0.0,0.0
2024-12-10 14:18:00-05:00,191.9499969482422,192.1699981689453,191.9199981689453,192.1300048828125,24528,0.0,0.0
2024-12-10 14:19:00-05:00,192.14230346679688,192.25,192.1300048828125,192.1699981689453,21811,0.0,0.0
2024-12-10 14:20:00-05:00,192.19000244140625,192.3345947265625,192.19000244140625,192.2899932861328,26011,0.0,0.0
2024-12-10 14:21:00-05:00,192.35000610351562,192.38999938964844,192.25469970703125,192.31500244140625,30967,0.0,0.0
2024-12-10 14:22:00-05:00,192.3000030517578,192.5800018310547,192.25999450683594,192.52999877929688,45110,0.0,0.0
2024-12-10 14:23:00-05:00,192.50999450683594,192.61000061035156,192.47000122070312,192.5050048828125,25368,0.0,0.0
2024-12-10 14:24:00-05:00,192.47999572753906,192.60000610351562,192.4550018310547,192.52999877929688,14095,0.0,0.0
2024-12-10 14:25:00-05:00,192.52999877929688,192.57000732421875,192.4700927734375,192.48919677734375,21037,0.0,0.0
2024-12-10 14:26:00-05:00,192.4600067138672,192.47000122070312,192.2100067138672,192.22999572753906,17692,0.0,0.0
2024-12-10 14:27:00-05:00,192.22999572753906,192.22999572753906,192.0399932861328,192.0500030517578,12691,0.0,0.0
2024-12-10 14:28:00-05:00,192.05999755859375,192.17999267578125,192.0500030517578,192.17120361328125,16403,0.0,0.0
2024-12-10 14:29:00-05:00,192.16000366210938,192.16929626464844,192.05999755859375,192.05999755859375,12958,0.0,0.0
2024-12-10 14:30:00-05:00,192.0800018310547,192.10000610351562,192.00999450683594,192.05999755859375,16386,0.0,0.0
2024-12-10 14:31:00-05:00,192.0500030517578,192.07000732421875,191.97999572753906,192.02000427246094,31877,0.0,0.0
2024-12-10 14:32:00-05:00,192.02999877929688,192.07850646972656,191.91000366210938,191.94000244140625,15879,0.0,0.0
2024-12-10 14:33:00-05:00,191.94000244140625,191.94000244140625,191.78500366210938,191.78500366210938,22024,0.0,0.0
2024-12-10 14:34:00-05:00,191.78500366210938,191.80999755859375,191.6199951171875,191.66000366210938,18859,0.0,0.0
2024-12-10 14:35:00-05:00,191.6699981689453,191.6699981689453,191.5500030517578,191.5959014892578,14551,0.0,0.0
2024-12-10 14:36:00-05:00,191.5399932861328,191.57000732421875,191.3300018310547,191.36000061035156,25196,0.0,0.0
2024-12-10 14:37:00-05:00,191.35000610351562,191.3699951171875,191.14999389648438,191.1999969482422,44691,0.0,0.0
2024-12-10 14:38:00-05:00,191.1999969482422,191.25,191.08999633789062,191.1699981689453,39765,0.0,0.0
2024-12-10 14:39:00-05:00,191.17999267578125,191.19000244140625,191.1199951171875,191.17999267578125,23112,0.0,0.0
2024-12-10 14:40:00-05:00,191.1699981689453,191.23989868164062,191.16009521484375,191.18499755859375,26996,0.0,0.0
2024-12-10 14:41:00-05:00,191.2100067138672,191.39999389648438,191.1699981689453,191.39999389648438,19144,0.0,0.0
2024-12-10 14:42:00-05:00,191.375,191.375,191.27000427246094,191.27999877929688,20300,0.0,0.0
2024-12-10 14:43:00-05:00,191.28939819335938,191.35000610351562,191.26499938964844,191.33999633789062,13851,0.0,0.0
2024-12-10 14:44:00-05:00,191.33999633789062,191.4600067138672,191.32000732421875,191.39999389648438,24641,0.0,0.0
2024-12-10 14:45:00-05:00,191.4199981689453,191.4698944091797,191.36000061035156,191.36000061035156,13651,0.0,0.0
2024-12-10 14:46:00-05:00,191.36000061035156,191.36000061035156,191.1999969482422,191.2449951171875,21751,0.0,0.0
2024-12-10 14:47:00-05:00,191.2449951171875,191.40879821777344,191.24000549316406,191.39500427246094,16732,0.0,0.0
2024-12-10 14:48:00-05:00,191.3800048828125,191.3800048828125,191.25,191.25,14815,0.0,0.0
2024-12-10 14:49:00-05:00,191.22000122070312,191.27999877929688,191.1699981689453,191.2100067138672,12753,0.0,0.0
2024-12-10 14:50:00-05:00,191.22000122070312,191.22000122070312,191.1300048828125,191.19000244140625,12619,0.0,0.0
2024-12-10 14:51:00-05:00,191.19000244140625,191.19000244140625,190.94000244140625,190.97000122070312,48760,0.0,0.0
2024-12-10 14:52:00-05:00,190.97999572753906,191.0500030517578,190.92999267578125,190.97999572753906,31507,0.0,0.0
2024-12-10 14:53:00-05:00,190.97000122070312,190.98240661621094,190.80999755859375,190.85000610351562,33653,0.0,0.0
2024-12-10 14:54:00-05:00,190.8699951171875,190.91659545898438,190.6699981689453,190.7100067138672,40534,0.0,0.0
2024-12-10 14:55:00-05:00,190.6999969482422,190.77999877929688,190.66000366210938,190.7449951171875,36372,0.0,0.0
2024-12-10 14:56:00-05:00,190.72999572753906,190.74000549316406,190.67999267578125,190.67999267578125,16480,0.0,0.0
2024-12-10 14:57:00-05:00,190.69580078125,190.77000427246094,190.6652069091797,190.75999450683594,34665,0.0,0.0
2024-12-10 14:58:00-05:00,190.7550048828125,190.85000610351562,190.6999969482422,190.85000610351562,23945,0.0,0.0
2024-12-10 14:59:00-05:00,190.83999633789062,190.89999389648438,190.80999755859375,190.8699951171875,23225,0.0,0.0
2024-12-10 15:00:00-05:00,190.8800048828125,190.97000122070312,190.875,190.97000122070312,26959,0.0,0.0
2024-12-10 15:01:00-05:00,190.9499969482422,190.9499969482422,190.8699951171875,190.89999389648438,22824,0.0,0.0
2024-12-10 15:02:00-05:00,190.89280700683594,191.02000427246094,190.75,191.02000427246094,37891,0.0,0.0
2024-12-10 15:03:00-05:00,191.02499389648438,191.08999633789062,190.94000244140625,190.97999572753906,23709,0.0,0.0
2024-12-10 15:04:00-05:00,190.94000244140625,190.94000244140625,190.80999755859375,190.8699951171875,17508,0.0,0.0
2024-12-10 15:05:00-05:00,190.8800048828125,190.88999938964844,190.75999450683594,190.8300018310547,27244,0.0,0.0
2024-12-10 15:06:00-05:00,190.85000610351562,190.9499969482422,190.75999450683594,190.8000030517578,29011,0.0,0.0
2024-12-10 15:07:00-05:00,190.7899932861328,190.97000122070312,190.7449951171875,190.8300018310547,28098,0.0,0.0
2024-12-10 15:08:00-05:00,190.8300018310547,190.8699951171875,190.80999755859375,190.85000610351562,24320,0.0,0.0
2024-12-10 15:09:00-05:00,190.8699951171875,191.02000427246094,190.85000610351562,191.02000427246094,27076,0.0,0.0
2024-12-10 15:10:00-05:00,191.03179931640625,191.1199951171875,190.9600067138672,190.97999572753906,33686,0.0,0.0
2024-12-10 15:11:00-05:00,191.00999450683594,191.10000610351562,190.92520141601562,191.10000610351562,17679,0.0,0.0
2024-12-10 15:12:00-05:00,191.08999633789062,191.11500549316406,191.0,191.0500030517578,24571,0.0,0.0
2024-12-10 15:13:00-05:00,191.0684051513672,191.11000061035156,190.8699951171875,190.97999572753906,24876,0.0,0.0
2024-12-10 15:14:00-05:00,190.97000122070312,191.00999450683594,190.9600067138672,191.00999450683594,20978,0.0,0.0
2024-12-10 15:15:00-05:00,190.97000122070312,190.99000549316406,190.8800048828125,190.9550018310547,25508,0.0,0.0
2024-12-10 15:16:00-05:00,190.9600067138672,191.0399932861328,190.83999633789062,191.00999450683594,43362,0.0,0.0
2024-12-10 15:17:00-05:00,190.99099731445312,191.0198974609375,190.92999267578125,190.9499969482422,17094,0.0,0.0
2024-12-10 15:18:00-05:00,190.97000122070312,190.97999572753906,190.8699951171875,190.97467041015625,18382,0.0,0.0
2024-12-10 15:19:00-05:00,190.99000549316406,190.99000549316406,190.89999389648438,190.92999267578125,17659,0.0,0.0
2024-12-10 15:20:00-05:00,190.9600067138672,191.02999877929688,190.92999267578125,191.0,24651,0.0,0.0
2024-12-10 15:21:00-05:00,190.99000549316406,191.089599609375,190.83999633789062,190.9600067138672,33503,0.0,0.0
2024-12-10 15:22:00-05:00,190.97120666503906,190.99000549316406,190.93350219726562,190.97000122070312,11421,0.0,0.0
2024-12-10 15:23:00-05:00,190.97300720214844,191.05999755859375,190.9600067138672,191.02999877929688,23286,0.0,0.0
2024-12-10 15:24:00-05:00,191.02999877929688,191.0800018310547,190.97000122070312,191.0500030517578,19991,0.0,0.0
2024-12-10 15:25:00-05:00,191.0615692138672,191.0615692138672,190.89999389648438,190.89999389648438,18258,0.0,0.0
2024-12-10 15:26:00-05:00,190.91600036621094,191.0500030517578,190.91000366210938,191.0384063720703,36564,0.0,0.0
2024-12-10 15:27:00-05:00,191.0399932861328,191.14999389648438,191.00999450683594,191.0800018310547,22113,0.0,0.0
2024-12-10 15:28:00-05:00,191.0800018310547,191.10000610351562,191.01400756835938,191.02999877929688,20556,0.0,0.0
2024-12-10 15:29:00-05:00,191.02000427246094,191.02000427246094,190.86000061035156,190.91409301757812,29178,0.0,0.0
2024-12-10 15:30:00-05:00,190.92999267578125,190.9499969482422,190.75999450683594,190.82000732421875,41025,0.0,0.0
2024-12-10 15:31:00-05:00,190.82200622558594,190.8300018310547,190.6699981689453,190.6699981689453,27292,0.0,0.0
2024-12-10 15:32:00-05:00,190.6898956298828,190.72000122070312,190.4600067138672,190.47500610351562,48422,0.0,0.0
2024-12-10 15:33:00-05:00,190.47999572753906,190.5290069580078,190.3699951171875,190.4600067138672,37104,0.0,0.0
2024-12-10 15:34:00-05:00,190.47999572753906,190.57000732421875,190.43499755859375,190.55099487304688,36589,0.0,0.0
2024-12-10 15:35:00-05:00,190.57000732421875,190.61000061035156,190.50999450683594,190.5500030517578,31013,0.0,0.0
2024-12-10 15:36:00-05:00,190.55999755859375,190.6199951171875,190.48089599609375,190.5500030517578,27025,0.0,0.0
2024-12-10 15:37:00-05:00,190.5500030517578,190.6199951171875,190.50999450683594,190.60499572753906,22654,0.0,0.0
2024-12-10 15:38:00-05:00,190.61000061035156,190.75999450683594,190.61000061035156,190.72999572753906,22775,0.0,0.0
2024-12-10 15:39:00-05:00,190.72999572753906,190.85499572753906,190.7100067138672,190.8300018310547,30456,0.0,0.0
2024-12-10 15:40:00-05:00,190.81500244140625,190.9199981689453,190.81500244140625,190.90249633789062,25199,0.0,0.0
2024-12-10 15:41:00-05:00,190.91000366210938,191.11000061035156,190.89500427246094,191.10499572753906,32927,0.0,0.0
2024-12-10 15:42:00-05:00,191.10000610351562,191.3300018310547,191.07000732421875,191.22999572753906,42203,0.0,0.0
2024-12-10 15:43:00-05:00,191.22000122070312,191.32000732421875,191.1999969482422,191.1999969482422,35122,0.0,0.0
2024-12-10 15:44:00-05:00,191.2100067138672,191.36000061035156,191.1999969482422,191.30999755859375,36530,0.0,0.0
2024-12-10 15:45:00-05:00,191.2899932861328,191.39999389648438,191.25999450683594,191.2899932861328,37295,0.0,0.0
2024-12-10 15:46:00-05:00,191.32000732421875,191.49000549316406,191.2899932861328,191.44000244140625,52187,0.0,0.0
2024-12-10 15:47:00-05:00,191.44000244140625,191.55999755859375,191.39999389648438,191.52999877929688,40319,0.0,0.0
2024-12-10 15:48:00-05:00,191.52000427246094,191.64999389648438,191.4499969482422,191.5399932861328,37858,0.0,0.0
2024-12-10 15:49:00-05:00,191.5399932861328,191.63499450683594,191.49000549316406,191.57000732421875,51560,0.0,0.0
2024-12-10 15:50:00-05:00,191.5449981689453,191.9250030517578,191.5449981689453,191.8800048828125,58532,0.0,0.0
2024-12-10 15:51:00-05:00,191.8883056640625,191.9499969482422,191.78359985351562,191.80499267578125,50724,0.0,0.0
2024-12-10 15:52:00-05:00,191.80499267578125,191.80990600585938,191.61000061035156,191.6699981689453,61312,0.0,0.0
2024-12-10 15:53:00-05:00,191.67999267578125,191.91000366210938,191.67999267578125,191.85000610351562,65978,0.0,0.0
2024-12-10 15:54:00-05:00,191.86000061035156,191.92999267578125,191.73500061035156,191.88999938964844,80381,0.0,0.0
2024-12-10 15:55:00-05:00,191.91000366210938,192.07000732421875,191.77000427246094,191.91000366210938,101176,0.0,0.0
2024-12-10 15:56:00-05:00,191.91000366210938,192.0,191.85009765625,191.9600067138672,80868,0.0,0.0
2024-12-10 15:57:00-05:00,191.9600067138672,192.0,191.9250030517578,191.97000122070312,94887,0.0,0.0
2024-12-10 15:58:00-05:00,191.97500610351562,192.00999450683594,191.88999938964844,191.9149932861328,124645,0.0,0.0
2024-12-10 15:59:00-05:00,191.9199981689453,192.00999450683594,191.77999877929688,192.00999450683594,254228,0.0,0.0
2024-12-10 16:00:00-05:00,192.01,192.1,191.94,192.0891,1635843,0.0,0.0
2024-12-10 16:01:00-05:00,192.0892,192.09,191.94,192.05,0,0.0,0.0
2024-12-10 16:02:00-05:00,192.05,192.05,191.94,192.04,0,0.0,0.0
2024-12-10 16:03:00-05:00,192.01,192.04,191.94,192.01,0,0.0,0.0
2024-12-10 16:04:00-05:00,192.025,201.015,191.98,191.98,0,0.0,0.0
2024-12-10 16:05:00-05:00,191.95,192.02,191.94,192.02,0,0.0,0.0
2024-12-10 16:06:00-05:00,192.01,192.02,191.96,192.01,0,0.0,0.0
2024-12-10 16:07:00-05:00,192.0081,192.05,191.96,192.04,0,0.0,0.0
2024-12-10 16:08:00-05:00,192.03,192.05,191.94,192.05,0,0.0,0.0
2024-12-10 16:09:00-05:00,192.05,192.0899,192.0,192.08,0,0.0,0.0
2024-12-10 16:10:00-05:00,192.0786,192.19,192.0786,192.12,0,0.0,0.0
2024-12-10 16:11:00-05:00,192.18,192.19,192.17,192.18,0,0.0,0.0
2024-12-10 16:12:00-05:00,192.16,192.3,192.12,192.3,0,0.0,0.0
2024-12-10 16:13:00-05:00,192.2424,192.275,192.19,192.24,0,0.0,0.0
2024-12-10 16:14:00-05:00,192.24,192.3,192.21,192.25,0,0.0,0.0
2024-12-10 16:15:00-05:00,191.94,192.3,191.94,192.3,0,0.0,0.0
2024-12-10 16:16:00-05:00,192.3,192.5,192.26,192.5,0,0.0,0.0
2024-12-10 16:17:00-05:00,192.34,192.5,192.25,192.36,0,0.0,0.0
2024-12-10 16:18:00-05:00,192.4,192.5,192.36,192.5,0,0.0,0.0
2024-12-10 16:19:00-05:00,192.4,192.49,191.94,191.94,0,0.0,0.0
2024-12-10 16:20:00-05:00,191.94,192.49,191.94,192.49,0,0.0,0.0
2024-12-10 16:21:00-05:00,192.23,192.4833,192.19,192.47,0,0.0,0.0
2024-12-10 16:22:00-05:00,192.47,192.49,192.4,192.47,0,0.0,0.0
2024-12-10 16:23:00-05:00,192.46,192.48,192.45,192.4779,0,0.0,0.0
2024-12-10 16:24:00-05:00,192.41,192.48,192.38,192.48,0,0.0,0.0
2024-12-10 16:25:00-05:00,192.48,192.48,191.94,192.48,0,0.0,0.0
2024-12-10 16:26:00-05:00,192.48,192.48,192.47,192.48,0,0.0,0.0
2024-12-10 16:27:00-05:00,192.37,192.48,192.37,192.47,0,0.0,0.0
2024-12-10 16:28:00-05:00,192.48,192.48,192.25,192.47,0,0.0,0.0
2024-12-10 16:29:00-05:00,192.47,192.63,192.44,192.51,0,0.0,0.0
2024-12-10 16:30:00-05:00,192.56,192.57,192.51,192.55,0,0.0,0.0
2024-12-10 16:31:00-05:00,192.56,192.74,192.53,192.71,0,0.0,0.0
2024-12-10 16:32:00-05:00,192.73,192.8733,192.57,192.85,0,0.0,0.0
2024-12-10 16:33:00-05:00,192.59,192.89,192.53,192.79,0,0.0,0.0
2024-12-10 16:34:00-05:00,192.8839,192.8839,192.74,192.74,0,0.0,0.0
2024-12-10 16:35:00-05:00,192.58,192.79,192.58,192.79,0,0.0,0.0
2024-12-10 16:36:00-05:00,192.74,192.89,192.61,192.77,0,0.0,0.0
2024-12-10 16:37:00-05:00,192.78,192.84,192.78,192.84,0,0.0,0.0
2024-12-10 16:38:00-05:00,192.8,192.84,192.78,192.78,0,0.0,0.0
2024-12-10 16:39:00-05:00,192.79,192.79,192.7009,192.79,0,0.0,0.0
2024-12-10 16:40:00-05:00,192.79,192.79,192.78,192.79,0,0.0,0.0
2024-12-10 16:41:00-05:00,192.79,192.79,192.7,192.79,0,0.0,0.0
2024-12-10 16:42:00-05:00,192.81,192.84,191.94,191.94,0,0.0,0.0
2024-12-10 16:43:00-05:00,192.82,192.84,192.72,192.8388,0,0.0,0.0
2024-12-10 16:44:00-05:00,192.83,192.86,192.8,192.83,0,0.0,0.0
2024-12-10 16:45:00-05:00,192.83,192.84,192.8,192.83,0,0.0,0.0
2024-12-10 16:46:00-05:00,192.8,192.86,192.7,192.86,0,0.0,0.0
2024-12-10 16:47:00-05:00,192.85,192.89,192.67,192.89,0,0.0,0.0
2024-12-10 16:48:00-05:00,192.89,192.89,192.78,192.8,0,0.0,0.0
2024-12-10 16:49:00-05:00,192.89,192.89,192.75,192.85,0,0.0,0.0
2024-12-10 16:50:00-05:00,192.85,192.88,192.72,192.88,0,0.0,0.0
2024-12-10 16:51:00-05:00,192.8888,192.8888,192.72,192.7687,0,0.0,0.0
2024-12-10 16:52:00-05:00,192.76,192.77,192.72,192.73,0,0.0,0.0
2024-12-10 16:53:00-05:00,192.73,192.8,180.8553,192.8,0,0.0,0.0
2024-12-10 16:54:00-05:00,194.9546,194.9546,192.72,192.79,0,0.0,0.0
2024-12-10 16:55:00-05:00,192.79,192.87,192.74,192.87,0,0.0,0.0
2024-12-10 16:56:00-05:00,192.89,192.95,192.81,192.95,0,0.0,0.0
2024-12-10 16:57:00-05:00,192.92,192.94,192.81,192.94,0,0.0,0.0
2024-12-10 16:58:00-05:00,192.94,192.95,180.8553,192.94,0,0.0,0.0
2024-12-10 16:59:00-05:00,192.9799,192.98,192.91,192.93,0,0.0,0.0
2024-12-10 17:00:00-05:00,192.96,192.97,192.81,192.9,0,0.0,0.0
2024-12-10 17:01:00-05:00,192.9,192.9,192.81,192.81,0,0.0,0.0
2024-12-10 17:02:00-05:00,192.88,192.9322,192.82,192.9,0,0.0,0.0
2024-12-10 17:03:00-05:00,192.87,192.91,192.87,192.89,0,0.0,0.0
2024-12-10 17:04:00-05:00,192.88,192.9,192.82,192.82,0,0.0,0.0
2024-12-10 17:05:00-05:00,192.9,192.9,192.81,192.86,0,0.0,0.0
2024-12-10 17:06:00-05:00,192.87,192.9,192.87,192.87,0,0.0,0.0
2024-12-10 17:07:00-05:00,192.9,192.9,192.87,192.87,0,0.0,0.0
2024-12-10 17:08:00-05:00,192.87,192.94,192.81,192.85,0,0.0,0.0
2024-12-10 17:09:00-05:00,192.87,192.87,192.81,192.85,0,0.0,0.0
2024-12-10 17:10:00-05:00,192.81,192.88,192.81,192.85,0,0.0,0.0
2024-12-10 17:11:00-05:00,192.87,192.89,191.94,192.89,0,0.0,0.0
2024-12-10 17:12:00-05:00,192.88,192.89,192.81,192.87,0,0.0,0.0
2024-12-10 17:13:00-05:00,192.87,192.87,192.81,192.85,0,0.0,0.0
2024-12-10 17:14:00-05:00,192.85,192.87,192.74,192.8,0,0.0,0.0
2024-12-10 17:15:00-05:00,192.81,192.86,192.76,192.76,0,0.0,0.0
2024-12-10 17:16:00-05:00,192.76,192.81,192.74,192.74,0,0.0,0.0
2024-12-10 17:17:00-05:00,192.7399,192.74,192.66,192.66,0,0.0,0.0
2024-12-10 17:18:00-05:00,192.7,192.7,192.57,192.57,0,0.0,0.0
2024-12-10 17:19:00-05:00,192.659,192.659,192.64,192.65,0,0.0,0.0
2024-12-10 17:20:00-05:00,192.57,192.65,192.57,192.63,0,0.0,0.0
2024-12-10 17:21:00-05:00,192.63,192.63,192.52,192.59,0,0.0,0.0
2024-12-10 17:22:00-05:00,192.54,192.5997,192.5,192.5,0,0.0,0.0
2024-12-10 17:23:00-05:00,192.65,192.65,192.5,192.5,0,0.0,0.0
2024-12-10 17:24:00-05:00,192.5,192.65,192.5,192.65,0,0.0,0.0
2024-12-10 17:25:00-05:00,192.62,192.64,192.51,192.63,0,0.0,0.0
2024-12-10 17:26:00-05:00,192.63,192.8599,192.52,192.58,0,0.0,0.0
2024-12-10 17:27:00-05:00,192.74,192.86,192.59,192.74,0,0.0,0.0
2024-12-10 17:28:00-05:00,192.74,192.857,192.63,192.857,0,0.0,0.0
2024-12-10 17:29:00-05:00,192.74,192.85,192.74,192.85,0,0.0,0.0
2024-12-10 17:30:00-05:00,192.84,192.85,192.74,192.74,0,0.0,0.0
2024-12-10 17:31:00-05:00,192.5,192.86,192.5,192.86,0,0.0,0.0
2024-12-10 17:32:00-05:00,192.75,192.75,192.5,192.5,0,0.0,0.0
2024-12-10 17:33:00-05:00,192.75,192.85,192.5,192.85,0,0.0,0.0
2024-12-10 17:34:00-05:00,192.85,192.86,192.64,192.64,0,0.0,0.0
2024-12-10 17:35:00-05:00,192.5001,192.65,192.5001,192.5995,0,0.0,0.0
2024-12-10 17:36:00-05:00,192.56,192.59,192.501,192.59,0,0.0,0.0
2024-12-10 17:37:00-05:00,192.5013,192.5013,192.5,192.5,0,0.0,0.0
2024-12-10 17:38:00-05:00,192.78,192.804,192.5,192.5,0,0.0,0.0
2024-12-10 17:39:00-05:00,192.6,192.78,192.6,192.7,0,0.0,0.0
2024-12-10 17:40:00-05:00,192.804,192.804,192.69,192.69,0,0.0,0.0
2024-12-10 17:41:00-05:00,192.67,192.7,192.5,192.7,0,0.0,0.0
2024-12-10 17:42:00-05:00,192.59,192.59,192.59,192.59,0,0.0,0.0
2024-12-10 17:43:00-05:00,192.7,192.7,192.58,192.59,0,0.0,0.0
2024-12-10 17:44:00-05:00,192.59,192.59,192.55,192.55,0,0.0,0.0
2024-12-10 17:45:00-05:00,192.58,192.59,192.58,192.59,0,0.0,0.0
2024-12-10 17:46:00-05:00,192.59,192.59,192.5,192.58,0,0.0,0.0
2024-12-10 17:47:00-05:00,192.58,192.58,192.5,192.58,0,0.0,0.0
2024-12-10 17:48:00-05:00,192.57,192.58,192.55,192.58,0,0.0,0.0
2024-12-10 17:49:00-05:00,192.58,192.59,191.94,192.55,0,0.0,0.0
2024-12-10 17:50:00-05:00,192.54,192.59,192.54,192.55,0,0.0,0.0
2024-12-10 17:51:00-05:00,192.504,192.54,192.504,192.52,0,0.0,0.0
2024-12-10 17:52:00-05:00,192.53,192.59,192.51,192.55,0,0.0,0.0
2024-12-10 17:53:00-05:00,192.55,192.58,192.53,192.57,0,0.0,0.0
2024-12-10 17:54:00-05:00,192.57,192.58,192.56,192.56,0,0.0,0.0
2024-12-10 17:55:00-05:00,192.56,192.58,192.53,192.57,0,0.0,0.0
2024-12-10 17:56:00-05:00,192.52,192.57,192.51,192.52,0,0.0,0.0
2024-12-10 17:57:00-05:00,192.52,192.58,192.5,192.5,0,0.0,0.0
2024-12-10 17:58:00-05:00,192.56,192.57,192.25,192.57,0,0.0,0.0
2024-12-10 17:59:00-05:00,192.57,192.59,192.28,192.52,0,0.0,0.0
2024-12-10 18:00:00-05:00,192.52,192.59,192.25,192.25,0,0.0,0.0
2024-12-10 18:01:00-05:00,192.57,192.59,192.52,192.59,0,0.0,0.0
2024-12-10 18:02:00-05:00,192.58,192.58,192.37,192.58,0,0.0,0.0
2024-12-10 18:03:00-05:00,192.59,192.59,192.42,192.59,0,0.0,0.0
2024-12-10 18:04:00-05:00,192.59,192.84,192.57,192.6,0,0.0,0.0
2024-12-10 18:05:00-05:00,192.59,192.59,192.25,192.5,0,0.0,0.0
2024-12-10 18:06:00-05:00,192.33,192.55,192.33,192.55,0,0.0,0.0
2024-12-10 18:07:00-05:00,192.3525,192.59,192.3525,192.58,0,0.0,0.0
2024-12-10 18:08:00-05:00,192.59,192.6,192.26,192.5,0,0.0,0.0
2024-12-10 18:09:00-05:00,192.6,192.6,192.51,192.6,0,0.0,0.0
2024-12-10 18:10:00-05:00,192.6,192.6,192.59,192.59,0,0.0,0.0
2024-12-10 18:11:00-05:00,192.2585,192.59,192.2585,192.5,0,0.0,0.0
2024-12-10 18:12:00-05:00,192.5,192.5,192.3,192.49,0,0.0,0.0
2024-12-10 18:13:00-05:00,192.5,192.5,192.48,192.49,0,0.0,0.0
2024-12-10 18:14:00-05:00,192.48,192.5,192.45,192.5,0,0.0,0.0
2024-12-10 18:15:00-05:00,192.48,192.5,192.45,192.5,0,0.0,0.0
2024-12-10 18:16:00-05:00,192.4,192.5,192.25,192.48,0,0.0,0.0
2024-12-10 18:17:00-05:00,192.48,192.48,192.47,192.47,0,0.0,0.0
2024-12-10 18:18:00-05:00,192.27,192.5,192.27,192.5,0,0.0,0.0
2024-12-10 18:19:00-05:00,192.47,192.47,192.45,192.47,0,0.0,0.0
2024-12-10 18:20:00-05:00,192.48,192.48,192.45,192.48,0,0.0,0.0
2024-12-10 18:21:00-05:00,192.45,192.47,192.37,192.47,0,0.0,0.0
2024-12-10 18:22:00-05:00,192.47,192.47,192.45,192.45,0,0.0,0.0
2024-12-10 18:23:00-05:00,192.41,192.48,192.41,192.48,0,0.0,0.0
2024-12-10 18:24:00-05:00,192.47,192.47,192.47,192.47,0,0.0,0.0
2024-12-10 18:25:00-05:00,192.47,192.47,192.44,192.47,0,0.0,0.0
2024-12-10 18:26:00-05:00,192.45,192.47,192.4,192.44,0,0.0,0.0
2024-12-10 18:27:00-05:00,192.47,192.5,192.37,192.5,0,0.0,0.0
2024-12-10 18:28:00-05:00,192.4,192.47,192.32,192.47,0,0.0,0.0
2024-12-10 18:29:00-05:00,192.47,192.5,192.47,192.5,0,0.0,0.0
2024-12-10 18:30:00-05:00,192.5,192.5,192.3,192.3,0,0.0,0.0
2024-12-10 18:31:00-05:00,192.39,192.4,192.3,192.3,0,0.0,0.0
2024-12-10 18:33:00-05:00,192.45,192.45,192.45,192.45,0,0.0,0.0
2024-12-10 18:34:00-05:00,192.48,192.48,192.42,192.4778,0,0.0,0.0
2024-12-10 18:35:00-05:00,192.48,192.5,192.46,192.5,0,0.0,0.0
2024-12-10 18:37:00-05:00,192.48,192.48,192.48,192.48,0,0.0,0.0
2024-12-10 18:38:00-05:00,192.49,192.5,192.3,192.3,0,0.0,0.0
2024-12-10 18:39:00-05:00,192.5,192.5,192.5,192.5,0,0.0,0.0
2024-12-10 18:40:00-05:00,192.4999,192.5,192.49,192.49,0,0.0,0.0
2024-12-10 18:41:00-05:00,192.5,192.5,192.48,192.48,0,0.0,0.0
2024-12-10 18:42:00-05:00,192.49,192.5,192.49,192.49,0,0.0,0.0
2024-12-10 18:43:00-05:00,192.49,192.5,192.49,192.49,0,0.0,0.0
2024-12-10 18:44:00-05:00,192.49,192.49,192.26,192.26,0,0.0,0.0
2024-12-10 18:45:00-05:00,192.49,192.5,192.49,192.5,0,0.0,0.0
2024-12-10 18:46:00-05:00,192.4115,192.86,192.4115,192.45,0,0.0,0.0
2024-12-10 18:47:00-05:00,192.41,192.45,192.4,192.45,0,0.0,0.0
2024-12-10 18:48:00-05:00,192.45,192.4602,192.45,192.4602,0,0.0,0.0
2024-12-10 18:49:00-05:00,192.64,192.65,192.59,192.65,0,0.0,0.0
2024-12-10 18:50:00-05:00,192.51,192.65,192.51,192.65,0,0.0,0.0
2024-12-10 18:51:00-05:00,192.8599,192.8599,192.7,192.7,0,0.0,0.0
2024-12-10 18:52:00-05:00,192.7,192.7,192.7,192.7,0,0.0,0.0
2024-12-10 18:53:00-05:00,192.79,192.79,192.79,192.79,0,0.0,0.0
2024-12-10 18:54:00-05:00,192.8,192.8,192.8,192.8,0,0.0,0.0
2024-12-10 18:55:00-05:00,192.8,192.8,192.55,192.55,0,0.0,0.0
2024-12-10 18:56:00-05:00,192.55,192.86,192.3,192.8417,0,0.0,0.0
2024-12-10 18:57:00-05:00,192.86,192.86,192.42,192.5,0,0.0,0.0
2024-12-10 18:58:00-05:00,192.5,192.8,192.5,192.75,0,0.0,0.0
2024-12-10 18:59:00-05:00,192.78,192.78,192.75,192.75,0,0.0,0.0
2024-12-10 19:00:00-05:00,192.55,192.6,192.55,192.59,0,0.0,0.0
2024-12-10 19:01:00-05:00,192.51,192.6,192.5,192.6,0,0.0,0.0
2024-12-10 19:02:00-05:00,192.594,192.594,192.3,192.42,0,0.0,0.0
2024-12-10 19:03:00-05:00,192.2814,192.5,192.28,192.28,0,0.0,0.0
2024-12-10 19:04:00-05:00,192.5,192.6,192.5,192.6,0,0.0,0.0
2024-12-10 19:05:00-05:00,192.49,192.51,192.3,192.51,0,0.0,0.0
2024-12-10 19:06:00-05:00,192.59,192.59,192.58,192.58,0,0.0,0.0
2024-12-10 19:07:00-05:00,192.51,192.59,192.26,192.52,0,0.0,0.0
2024-12-10 19:08:00-05:00,192.52,192.6,192.52,192.6,0,0.0,0.0
2024-12-10 19:09:00-05:00,192.6,192.6,192.52,192.6,0,0.0,0.0
2024-12-10 19:10:00-05:00,192.6,192.6,192.6,192.6,0,0.0,0.0
2024-12-10 19:11:00-05:00,192.6,192.6,192.6,192.6,0,0.0,0.0
2024-12-10 19:12:00-05:00,192.6,192.84,192.6,192.84,0,0.0,0.0
2024-12-10 19:13:00-05:00,192.8,192.8,192.64,192.65,0,0.0,0.0
2024-12-10 19:14:00-05:00,192.65,192.86,192.4,192.86,0,0.0,0.0
2024-12-10 19:15:00-05:00,192.78,192.78,192.78,192.78,0,0.0,0.0
2024-12-10 19:16:00-05:00,192.74,192.78,192.57,192.78,0,0.0,0.0
2024-12-10 19:17:00-05:00,192.78,192.78,192.62,192.62,0,0.0,0.0
2024-12-10 19:18:00-05:00,192.6,192.831,192.6,192.831,0,0.0,0.0
2024-12-10 19:19:00-05:00,192.72,192.83,192.72,192.75,0,0.0,0.0
2024-12-10 19:20:00-05:00,192.76,192.83,192.76,192.83,0,0.0,0.0
2024-12-10 19:21:00-05:00,192.83,192.83,192.73,192.82,0,0.0,0.0
2024-12-10 19:22:00-05:00,192.78,192.85,192.72,192.83,0,0.0,0.0
2024-12-10 19:23:00-05:00,192.85,192.8599,192.85,192.8599,0,0.0,0.0
2024-12-10 19:24:00-05:00,192.83,192.85,192.83,192.85,0,0.0,0.0
2024-12-10 19:25:00-05:00,192.85,192.85,192.85,192.85,0,0.0,0.0
2024-12-10 19:26:00-05:00,192.85,192.85,192.75,192.84,0,0.0,0.0
2024-12-10 19:27:00-05:00,192.85,192.86,192.75,192.85,0,0.0,0.0
2024-12-10 19:28:00-05:00,192.85,192.86,192.8,192.85,0,0.0,0.0
2024-12-10 19:29:00-05:00,192.86,192.86,192.8,192.8,0,0.0,0.0
2024-12-10 19:30:00-05:00,192.86,192.86,192.75,192.8584,0,0.0,0.0
2024-12-10 19:31:00-05:00,192.82,192.82,192.72,192.72,0,0.0,0.0
2024-12-10 19:32:00-05:00,192.72,192.72,192.72,192.72,0,0.0,0.0
2024-12-10 19:33:00-05:00,192.848,192.848,192.8,192.8,0,0.0,0.0
2024-12-10 19:34:00-05:00,192.84,192.8579,192.75,192.8579,0,0.0,0.0
2024-12-10 19:35:00-05:00,192.84,192.852,192.84,192.84,0,0.0,0.0
2024-12-10 19:36:00-05:00,192.85,192.87,192.72,192.86,0,0.0,0.0
2024-12-10 19:37:00-05:00,192.9,192.98,192.84,192.98,0,0.0,0.0
2024-12-10 19:38:00-05:00,192.84,192.84,192.72,192.72,0,0.0,0.0
2024-12-10 19:39:00-05:00,192.7,192.7,192.7,192.7,0,0.0,0.0
2024-12-10 19:40:00-05:00,192.75,192.91,192.75,192.91,0,0.0,0.0
2024-12-10 19:41:00-05:00,192.84,192.89,192.72,192.84,0,0.0,0.0
2024-12-10 19:43:00-05:00,192.89,192.89,192.75,192.78,0,0.0,0.0
2024-12-10 19:44:00-05:00,192.89,192.89,192.83,192.83,0,0.0,0.0
2024-12-10 19:45:00-05:00,192.84,192.84,192.75,192.75,0,0.0,0.0
2024-12-10 19:46:00-05:00,192.79,192.8,192.79,192.8,0,0.0,0.0
2024-12-10 19:47:00-05:00,192.78,192.78,192.78,192.78,0,0.0,0.0
2024-12-10 19:48:00-05:00,192.7,192.7,192.6,192.62,0,0.0,0.0
2024-12-10 19:49:00-05:00,192.6199,192.62,192.5,192.5,0,0.0,0.0
2024-12-10 19:50:00-05:00,192.5,192.5,192.5,192.5,0,0.0,0.0
2024-12-10 19:51:00-05:00,192.65,192.84,192.55,192.84,0,0.0,0.0
2024-12-10 19:52:00-05:00,192.78,192.78,192.78,192.78,0,0.0,0.0
2024-12-10 19:53:00-05:00,192.84,192.84,192.76,192.84,0,0.0,0.0
2024-12-10 19:54:00-05:00,192.79,192.79,192.7,192.7,0,0.0,0.0
2024-12-10 19:55:00-05:00,192.7771,192.7771,192.7771,192.7771,0,0.0,0.0
2024-12-10 19:56:00-05:00,192.8299,192.8299,192.8299,192.8299,0,0.0,0.0
2024-12-10 19:57:00-05:00,192.68,192.68,192.68,192.68,0,0.0,0.0
2024-12-10 19:58:00-05:00,192.82,192.82,192.82,192.82,0,0.0,0.0
2024-12-10 19:59:56-05:00,192.6,192.6,192.6,192.6,0,0.0,0.0
