time,Open,High,Low,Close,Volume,Dividends,Stock Splits
2024-12-18 04:00:00-05:00,203.05,203.16,201.54,202.5,0,0.0,0.0
2024-12-18 04:01:00-05:00,202.83,202.89,202.59,202.8,0,0.0,0.0
2024-12-18 04:02:00-05:00,202.7,202.97,202.7,202.81,0,0.0,0.0
2024-12-18 04:03:00-05:00,202.81,202.86,202.46,202.5,0,0.0,0.0
2024-12-18 04:04:00-05:00,202.49,202.98,202.49,202.93,0,0.0,0.0
2024-12-18 04:05:00-05:00,202.98,202.98,202.78,202.9,0,0.0,0.0
2024-12-18 04:06:00-05:00,202.83,203.5,202.83,203.1,0,0.0,0.0
2024-12-18 04:07:00-05:00,202.93,203.27,202.93,203.26,0,0.0,0.0
2024-12-18 04:08:00-05:00,203.27,203.5,203.27,203.27,0,0.0,0.0
2024-12-18 04:09:00-05:00,203.27,203.5,203.23,203.39,0,0.0,0.0
2024-12-18 04:10:00-05:00,203.32,203.41,203.29,203.39,0,0.0,0.0
2024-12-18 04:11:00-05:00,203.46,203.71,203.46,203.6,0,0.0,0.0
2024-12-18 04:12:00-05:00,203.69,203.69,203.6,203.63,0,0.0,0.0
2024-12-18 04:13:00-05:00,203.63,203.65,203.47,203.6,0,0.0,0.0
2024-12-18 04:14:00-05:00,203.6,203.67,203.45,203.62,0,0.0,0.0
2024-12-18 04:15:00-05:00,203.61,203.62,203.5,203.6,0,0.0,0.0
2024-12-18 04:16:00-05:00,203.62,203.62,203.44,203.48,0,0.0,0.0
2024-12-18 04:17:00-05:00,203.4,203.51,203.34,203.34,0,0.0,0.0
2024-12-18 04:18:00-05:00,203.4,203.47,203.39,203.39,0,0.0,0.0
2024-12-18 04:19:00-05:00,203.41,203.49,203.41,203.41,0,0.0,0.0
2024-12-18 04:20:00-05:00,203.41,203.63,203.41,203.63,0,0.0,0.0
2024-12-18 04:21:00-05:00,203.55,203.78,203.55,203.64,0,0.0,0.0
2024-12-18 04:22:00-05:00,203.67,203.71,203.53,203.62,0,0.0,0.0
2024-12-18 04:23:00-05:00,203.62,203.67,203.6,203.67,0,0.0,0.0
2024-12-18 04:24:00-05:00,203.79,203.8,203.67,203.68,0,0.0,0.0
2024-12-18 04:25:00-05:00,203.69,203.69,203.63,203.69,0,0.0,0.0
2024-12-18 04:27:00-05:00,203.61,203.67,203.5,203.57,0,0.0,0.0
2024-12-18 04:28:00-05:00,203.55,203.67,203.55,203.66,0,0.0,0.0
2024-12-18 04:29:00-05:00,203.65,203.66,203.64,203.65,0,0.0,0.0
2024-12-18 04:30:00-05:00,203.66,203.66,203.53,203.57,0,0.0,0.0
2024-12-18 04:31:00-05:00,203.52,203.57,203.52,203.53,0,0.0,0.0
2024-12-18 04:32:00-05:00,203.63,203.69,203.51,203.66,0,0.0,0.0
2024-12-18 04:33:00-05:00,203.66,203.69,203.65,203.66,0,0.0,0.0
2024-12-18 04:34:00-05:00,203.68,203.69,203.675,203.675,0,0.0,0.0
2024-12-18 04:35:00-05:00,203.69,203.75,203.69,203.71,0,0.0,0.0
2024-12-18 04:36:00-05:00,203.69,203.77,203.69,203.72,0,0.0,0.0
2024-12-18 04:37:00-05:00,203.78,203.89,203.78,203.85,0,0.0,0.0
2024-12-18 04:38:00-05:00,203.85,204.2,203.85,204.08,0,0.0,0.0
2024-12-18 04:39:00-05:00,204.2,204.64,204.2,204.52,0,0.0,0.0
2024-12-18 04:40:00-05:00,204.55,204.65,204.47,204.52,0,0.0,0.0
2024-12-18 04:41:00-05:00,204.55,204.62,204.49,204.61,0,0.0,0.0
2024-12-18 04:42:00-05:00,204.45,204.6,204.31,204.31,0,0.0,0.0
2024-12-18 04:43:00-05:00,204.33,204.59,204.3,204.33,0,0.0,0.0
2024-12-18 04:44:00-05:00,204.58,204.58,204.34,204.58,0,0.0,0.0
2024-12-18 04:45:00-05:00,204.59,204.59,204.43,204.43,0,0.0,0.0
2024-12-18 04:46:00-05:00,204.49,204.5,204.35,204.35,0,0.0,0.0
2024-12-18 04:47:00-05:00,204.44,204.45,204.34,204.35,0,0.0,0.0
2024-12-18 04:48:00-05:00,204.35,204.5,204.35,204.5,0,0.0,0.0
2024-12-18 04:49:00-05:00,204.48,204.55,204.45,204.48,0,0.0,0.0
2024-12-18 04:50:00-05:00,204.46,204.5,204.38,204.43,0,0.0,0.0
2024-12-18 04:51:00-05:00,204.4,204.45,204.37,204.45,0,0.0,0.0
2024-12-18 04:52:00-05:00,204.43,204.56,204.43,204.56,0,0.0,0.0
2024-12-18 04:53:00-05:00,204.48,204.6,204.48,204.53,0,0.0,0.0
2024-12-18 04:54:00-05:00,204.45,204.5,204.45,204.46,0,0.0,0.0
2024-12-18 04:55:00-05:00,204.52,204.52,204.39,204.46,0,0.0,0.0
2024-12-18 04:56:00-05:00,204.46,204.48,204.44,204.44,0,0.0,0.0
2024-12-18 04:57:00-05:00,204.51,204.57,204.44,204.44,0,0.0,0.0
2024-12-18 04:58:00-05:00,204.46,204.61,204.46,204.53,0,0.0,0.0
2024-12-18 04:59:00-05:00,204.54,204.66,204.5,204.6,0,0.0,0.0
2024-12-18 05:00:00-05:00,204.5,204.6,204.42,204.42,0,0.0,0.0
2024-12-18 05:01:00-05:00,204.45,204.45,204.41,204.42,0,0.0,0.0
2024-12-18 05:02:00-05:00,204.51,204.55,204.5,204.5,0,0.0,0.0
2024-12-18 05:03:00-05:00,204.5,204.8,204.45,204.56,0,0.0,0.0
2024-12-18 05:04:00-05:00,204.55,204.61,204.55,204.61,0,0.0,0.0
2024-12-18 05:05:00-05:00,204.58,204.69,204.58,204.58,0,0.0,0.0
2024-12-18 05:06:00-05:00,204.73,204.73,204.58,204.73,0,0.0,0.0
2024-12-18 05:07:00-05:00,204.72,204.72,204.6,204.7,0,0.0,0.0
2024-12-18 05:08:00-05:00,204.72,204.75,204.7,204.71,0,0.0,0.0
2024-12-18 05:09:00-05:00,204.71,204.76,204.71,204.74,0,0.0,0.0
2024-12-18 05:10:00-05:00,204.73,204.73,204.52,204.67,0,0.0,0.0
2024-12-18 05:11:00-05:00,204.65,204.65,204.65,204.65,0,0.0,0.0
2024-12-18 05:12:00-05:00,204.6,204.7,204.6,204.7,0,0.0,0.0
2024-12-18 05:13:00-05:00,204.65,204.65,204.65,204.65,0,0.0,0.0
2024-12-18 05:14:00-05:00,204.67,204.69,204.6,204.6,0,0.0,0.0
2024-12-18 05:15:00-05:00,204.6,204.66,204.6,204.62,0,0.0,0.0
2024-12-18 05:16:00-05:00,204.7,204.7,204.57,204.59,0,0.0,0.0
2024-12-18 05:17:00-05:00,204.62,204.85,204.58,204.76,0,0.0,0.0
2024-12-18 05:18:00-05:00,204.76,204.79,204.6,204.7,0,0.0,0.0
2024-12-18 05:19:00-05:00,204.66,204.74,204.6,204.6,0,0.0,0.0
2024-12-18 05:20:00-05:00,204.75,204.75,204.61,204.61,0,0.0,0.0
2024-12-18 05:21:00-05:00,204.6,204.6,204.42,204.42,0,0.0,0.0
2024-12-18 05:22:00-05:00,204.46,204.46,204.41,204.45,0,0.0,0.0
2024-12-18 05:23:00-05:00,204.45,204.45,204.25,204.25,0,0.0,0.0
2024-12-18 05:24:00-05:00,204.36,204.41,204.35,204.35,0,0.0,0.0
2024-12-18 05:25:00-05:00,204.36,204.36,204.35,204.35,0,0.0,0.0
2024-12-18 05:26:00-05:00,204.42,204.55,204.42,204.55,0,0.0,0.0
2024-12-18 05:27:00-05:00,204.48,204.56,204.44,204.44,0,0.0,0.0
2024-12-18 05:28:00-05:00,204.5,204.63,204.47,204.5,0,0.0,0.0
2024-12-18 05:29:00-05:00,204.65,204.7,204.51,204.57,0,0.0,0.0
2024-12-18 05:30:00-05:00,204.69,204.69,204.69,204.69,0,0.0,0.0
2024-12-18 05:31:00-05:00,204.54,204.6,204.11,204.2,0,0.0,0.0
2024-12-18 05:32:00-05:00,204.39,204.39,204.2,204.37,0,0.0,0.0
2024-12-18 05:33:00-05:00,204.37,204.5,204.37,204.43,0,0.0,0.0
2024-12-18 05:34:00-05:00,204.22,204.43,204.22,204.43,0,0.0,0.0
2024-12-18 05:35:00-05:00,204.22,204.44,204.2,204.43,0,0.0,0.0
2024-12-18 05:36:00-05:00,204.22,204.43,204.22,204.43,0,0.0,0.0
2024-12-18 05:37:00-05:00,204.42,204.42,204.42,204.42,0,0.0,0.0
2024-12-18 05:38:00-05:00,204.42,204.42,204.42,204.42,0,0.0,0.0
2024-12-18 05:39:00-05:00,204.2,204.36,204.2,204.36,0,0.0,0.0
2024-12-18 05:40:00-05:00,204.38,204.39,204.3,204.39,0,0.0,0.0
2024-12-18 05:41:00-05:00,204.35,204.36,204.33,204.35,0,0.0,0.0
2024-12-18 05:42:00-05:00,204.35,204.35,204.35,204.35,0,0.0,0.0
2024-12-18 05:43:00-05:00,204.35,204.37,204.29,204.29,0,0.0,0.0
2024-12-18 05:44:00-05:00,204.3,204.33,204.3,204.33,0,0.0,0.0
2024-12-18 05:45:00-05:00,204.31,204.31,204.16,204.16,0,0.0,0.0
2024-12-18 05:46:00-05:00,204.17,204.26,204.17,204.26,0,0.0,0.0
2024-12-18 05:47:00-05:00,204.16,204.16,204.15,204.15,0,0.0,0.0
2024-12-18 05:48:00-05:00,204.15,204.16,204.15,204.15,0,0.0,0.0
2024-12-18 05:49:00-05:00,204.25,204.25,204.25,204.25,0,0.0,0.0
2024-12-18 05:50:00-05:00,204.19,204.3,204.19,204.3,0,0.0,0.0
2024-12-18 05:51:00-05:00,204.31,204.31,204.2,204.2,0,0.0,0.0
2024-12-18 05:53:00-05:00,204.16,204.16,204.13,204.16,0,0.0,0.0
2024-12-18 05:54:00-05:00,204.11,204.11,204.07,204.07,0,0.0,0.0
2024-12-18 05:55:00-05:00,204.07,204.11,204.07,204.11,0,0.0,0.0
2024-12-18 05:56:00-05:00,204.13,204.26,204.13,204.26,0,0.0,0.0
2024-12-18 05:57:00-05:00,204.26,204.26,204.21,204.25,0,0.0,0.0
2024-12-18 05:58:00-05:00,204.26,204.26,204.22,204.25,0,0.0,0.0
2024-12-18 05:59:00-05:00,204.28,204.32,204.28,204.3,0,0.0,0.0
2024-12-18 06:00:00-05:00,204.32,204.32,204.29,204.29,0,0.0,0.0
2024-12-18 06:01:00-05:00,204.25,204.3,204.22,204.27,0,0.0,0.0
2024-12-18 06:02:00-05:00,204.24,204.34,204.24,204.34,0,0.0,0.0
2024-12-18 06:03:00-05:00,204.24,204.24,204.22,204.22,0,0.0,0.0
2024-12-18 06:04:00-05:00,204.3,204.33,204.22,204.33,0,0.0,0.0
2024-12-18 06:05:00-05:00,204.34,204.34,204.29,204.29,0,0.0,0.0
2024-12-18 06:06:00-05:00,204.34,204.34,204.28,204.28,0,0.0,0.0
2024-12-18 06:07:00-05:00,204.34,204.34,204.25,204.29,0,0.0,0.0
2024-12-18 06:08:00-05:00,204.29,204.29,204.28,204.28,0,0.0,0.0
2024-12-18 06:09:00-05:00,204.25,204.28,204.25,204.25,0,0.0,0.0
2024-12-18 06:10:00-05:00,204.33,204.33,204.23,204.23,0,0.0,0.0
2024-12-18 06:11:00-05:00,204.23,204.32,204.23,204.32,0,0.0,0.0
2024-12-18 06:12:00-05:00,204.3,204.34,204.24,204.24,0,0.0,0.0
2024-12-18 06:13:00-05:00,204.24,204.32,204.22,204.3,0,0.0,0.0
2024-12-18 06:14:00-05:00,204.32,204.32,204.32,204.32,0,0.0,0.0
2024-12-18 06:15:00-05:00,204.25,204.25,204.25,204.25,0,0.0,0.0
2024-12-18 06:16:00-05:00,204.23,204.23,204.22,204.22,0,0.0,0.0
2024-12-18 06:18:00-05:00,204.24,204.33,204.24,204.33,0,0.0,0.0
2024-12-18 06:19:00-05:00,204.31,204.34,204.29,204.34,0,0.0,0.0
2024-12-18 06:20:00-05:00,204.31,204.34,204.3,204.34,0,0.0,0.0
2024-12-18 06:21:00-05:00,204.34,204.39,204.34,204.36,0,0.0,0.0
2024-12-18 06:22:00-05:00,204.36,204.41,204.36,204.4,0,0.0,0.0
2024-12-18 06:23:00-05:00,204.45,204.5,204.45,204.47,0,0.0,0.0
2024-12-18 06:24:00-05:00,204.5,204.5,204.5,204.5,0,0.0,0.0
2024-12-18 06:25:00-05:00,204.5,204.6,204.49,204.57,0,0.0,0.0
2024-12-18 06:26:00-05:00,204.47,204.58,204.44,204.56,0,0.0,0.0
2024-12-18 06:27:00-05:00,204.53,204.53,204.53,204.53,0,0.0,0.0
2024-12-18 06:28:00-05:00,204.42,204.44,204.4,204.4,0,0.0,0.0
2024-12-18 06:29:00-05:00,204.4,204.4,204.4,204.4,0,0.0,0.0
2024-12-18 06:30:00-05:00,204.4,204.4,204.4,204.4,0,0.0,0.0
2024-12-18 06:31:00-05:00,204.4,204.4,204.37,204.4,0,0.0,0.0
2024-12-18 06:32:00-05:00,204.4,204.4,204.4,204.4,0,0.0,0.0
2024-12-18 06:33:00-05:00,204.4,204.44,204.4,204.4,0,0.0,0.0
2024-12-18 06:34:00-05:00,204.4,204.42,204.32,204.42,0,0.0,0.0
2024-12-18 06:35:00-05:00,204.37,204.4,204.3,204.3,0,0.0,0.0
2024-12-18 06:36:00-05:00,204.4,204.44,204.4,204.43,0,0.0,0.0
2024-12-18 06:37:00-05:00,204.42,204.42,204.42,204.42,0,0.0,0.0
2024-12-18 06:38:00-05:00,204.42,204.42,204.41,204.41,0,0.0,0.0
2024-12-18 06:39:00-05:00,204.42,204.45,204.42,204.44,0,0.0,0.0
2024-12-18 06:40:00-05:00,204.43,204.44,204.43,204.44,0,0.0,0.0
2024-12-18 06:41:00-05:00,204.45,204.45,204.39,204.39,0,0.0,0.0
2024-12-18 06:42:00-05:00,204.47,204.49,204.47,204.49,0,0.0,0.0
2024-12-18 06:43:00-05:00,204.48,204.48,204.39,204.45,0,0.0,0.0
2024-12-18 06:44:00-05:00,204.45,204.46,204.35,204.37,0,0.0,0.0
2024-12-18 06:45:00-05:00,204.37,204.41,204.32,204.41,0,0.0,0.0
2024-12-18 06:46:00-05:00,204.33,204.35,204.3,204.35,0,0.0,0.0
2024-12-18 06:47:00-05:00,204.36,204.38,204.3,204.35,0,0.0,0.0
2024-12-18 06:48:00-05:00,204.31,204.32,204.3,204.31,0,0.0,0.0
2024-12-18 06:49:00-05:00,204.3,204.33,204.3,204.3,0,0.0,0.0
2024-12-18 06:50:00-05:00,204.25,204.25,204.2,204.25,0,0.0,0.0
2024-12-18 06:51:00-05:00,204.21,204.23,204.2,204.23,0,0.0,0.0
2024-12-18 06:52:00-05:00,204.2,204.2,204.11,204.11,0,0.0,0.0
2024-12-18 06:53:00-05:00,204.16,204.18,204.16,204.18,0,0.0,0.0
2024-12-18 06:54:00-05:00,204.15,204.15,204.1,204.13,0,0.0,0.0
2024-12-18 06:55:00-05:00,204.13,204.15,203.8,203.91,0,0.0,0.0
2024-12-18 06:56:00-05:00,203.83,203.91,203.83,203.86,0,0.0,0.0
2024-12-18 06:57:00-05:00,203.86,203.94,203.86,203.94,0,0.0,0.0
2024-12-18 06:58:00-05:00,203.88,203.88,203.88,203.88,0,0.0,0.0
2024-12-18 06:59:00-05:00,203.89,203.89,203.8,203.8,0,0.0,0.0
2024-12-18 07:00:00-05:00,203.8,203.93,203.4,203.7,0,0.0,0.0
2024-12-18 07:01:00-05:00,203.7,203.8,203.7,203.8,0,0.0,0.0
2024-12-18 07:02:00-05:00,203.69,203.72,203.69,203.7,0,0.0,0.0
2024-12-18 07:03:00-05:00,203.71,203.71,203.71,203.71,0,0.0,0.0
2024-12-18 07:04:00-05:00,203.78,203.95,203.78,203.91,0,0.0,0.0
2024-12-18 07:05:00-05:00,203.99,204.17,203.99,204.12,0,0.0,0.0
2024-12-18 07:06:00-05:00,204.15,204.15,204.01,204.01,0,0.0,0.0
2024-12-18 07:07:00-05:00,204.05,204.06,204.05,204.06,0,0.0,0.0
2024-12-18 07:08:00-05:00,204.02,204.02,204.02,204.02,0,0.0,0.0
2024-12-18 07:09:00-05:00,204.06,204.06,203.91,203.91,0,0.0,0.0
2024-12-18 07:10:00-05:00,204.0,204.0,203.93,204.0,0,0.0,0.0
2024-12-18 07:11:00-05:00,204.11,204.16,204.11,204.16,0,0.0,0.0
2024-12-18 07:12:00-05:00,204.1,204.1,204.1,204.1,0,0.0,0.0
2024-12-18 07:13:00-05:00,204.0,204.0,203.88,204.0,0,0.0,0.0
2024-12-18 07:14:00-05:00,204.06,204.06,204.0,204.05,0,0.0,0.0
2024-12-18 07:15:00-05:00,204.06,204.09,203.93,204.0,0,0.0,0.0
2024-12-18 07:16:00-05:00,204.0,204.0,204.0,204.0,0,0.0,0.0
2024-12-18 07:17:00-05:00,204.0,204.0,204.0,204.0,0,0.0,0.0
2024-12-18 07:18:00-05:00,204.0,204.0,204.0,204.0,0,0.0,0.0
2024-12-18 07:19:00-05:00,204.0,204.03,203.97,204.03,0,0.0,0.0
2024-12-18 07:20:00-05:00,204.06,204.16,203.97,204.01,0,0.0,0.0
2024-12-18 07:21:00-05:00,204.01,204.03,204.01,204.03,0,0.0,0.0
2024-12-18 07:22:00-05:00,204.14,204.15,204.14,204.15,0,0.0,0.0
2024-12-18 07:23:00-05:00,204.15,204.2,204.15,204.2,0,0.0,0.0
2024-12-18 07:24:00-05:00,204.21,204.22,204.21,204.22,0,0.0,0.0
2024-12-18 07:25:00-05:00,204.2,204.22,204.2,204.22,0,0.0,0.0
2024-12-18 07:26:00-05:00,204.23,204.23,204.03,204.03,0,0.0,0.0
2024-12-18 07:27:00-05:00,204.08,204.08,204.05,204.05,0,0.0,0.0
2024-12-18 07:28:00-05:00,204.08,204.08,204.0,204.02,0,0.0,0.0
2024-12-18 07:29:00-05:00,204.05,204.05,203.88,203.94,0,0.0,0.0
2024-12-18 07:30:00-05:00,204.0,204.01,204.0,204.01,0,0.0,0.0
2024-12-18 07:31:00-05:00,204.0,204.0,204.0,204.0,0,0.0,0.0
2024-12-18 07:32:00-05:00,204.0,204.02,203.98,203.98,0,0.0,0.0
2024-12-18 07:33:00-05:00,203.99,204.01,203.94,204.01,0,0.0,0.0
2024-12-18 07:34:00-05:00,204.02,204.02,204.01,204.01,0,0.0,0.0
2024-12-18 07:35:00-05:00,204.05,204.25,204.03,204.25,0,0.0,0.0
2024-12-18 07:36:00-05:00,204.16,204.23,204.08,204.08,0,0.0,0.0
2024-12-18 07:37:00-05:00,204.15,204.22,204.08,204.22,0,0.0,0.0
2024-12-18 07:38:00-05:00,204.2,204.2,204.2,204.2,0,0.0,0.0
2024-12-18 07:39:00-05:00,204.22,204.22,204.15,204.15,0,0.0,0.0
2024-12-18 07:40:00-05:00,204.18,204.24,204.18,204.23,0,0.0,0.0
2024-12-18 07:41:00-05:00,204.23,204.23,204.23,204.23,0,0.0,0.0
2024-12-18 07:42:00-05:00,204.18,204.2,204.18,204.2,0,0.0,0.0
2024-12-18 07:43:00-05:00,204.15,204.15,204.15,204.15,0,0.0,0.0
2024-12-18 07:44:00-05:00,204.18,204.2,204.12,204.16,0,0.0,0.0
2024-12-18 07:45:00-05:00,204.12,204.15,204.08,204.15,0,0.0,0.0
2024-12-18 07:46:00-05:00,204.12,204.15,204.11,204.15,0,0.0,0.0
2024-12-18 07:47:00-05:00,204.14,204.15,204.1,204.15,0,0.0,0.0
2024-12-18 07:48:00-05:00,204.15,204.16,204.15,204.15,0,0.0,0.0
2024-12-18 07:49:00-05:00,204.15,204.15,204.14,204.15,0,0.0,0.0
2024-12-18 07:50:00-05:00,204.08,204.13,204.08,204.1,0,0.0,0.0
2024-12-18 07:51:00-05:00,204.1,204.15,204.08,204.15,0,0.0,0.0
2024-12-18 07:52:00-05:00,204.1,204.15,204.1,204.15,0,0.0,0.0
2024-12-18 07:53:00-05:00,204.099,204.099,204.099,204.099,0,0.0,0.0
2024-12-18 07:54:00-05:00,204.12,204.16,204.11,204.11,0,0.0,0.0
2024-12-18 07:55:00-05:00,204.12,204.12,204.11,204.12,0,0.0,0.0
2024-12-18 07:56:00-05:00,204.13,204.16,204.13,204.14,0,0.0,0.0
2024-12-18 07:57:00-05:00,204.16,204.16,204.13,204.13,0,0.0,0.0
2024-12-18 07:58:00-05:00,204.16,204.16,204.11,204.11,0,0.0,0.0
2024-12-18 07:59:00-05:00,204.11,204.16,204.11,204.14,0,0.0,0.0
2024-12-18 08:00:00-05:00,202.8967,204.73,201.6,204.6488,0,0.0,0.0
2024-12-18 08:01:00-05:00,204.05,204.58,202.75,204.02,0,0.0,0.0
2024-12-18 08:02:00-05:00,204.0201,204.1,203.95,203.95,0,0.0,0.0
2024-12-18 08:03:00-05:00,204.0,204.1,203.97,204.1,0,0.0,0.0
2024-12-18 08:04:00-05:00,204.0,204.08,203.95,203.9821,0,0.0,0.0
2024-12-18 08:05:00-05:00,203.85,204.1,203.85,204.1,0,0.0,0.0
2024-12-18 08:06:00-05:00,204.09,204.1,204.0,204.0,0,0.0,0.0
2024-12-18 08:07:00-05:00,204.0,204.1,203.95,204.09,0,0.0,0.0
2024-12-18 08:08:00-05:00,204.15,204.15,204.03,204.14,0,0.0,0.0
2024-12-18 08:09:00-05:00,203.85,204.22,203.85,204.16,0,0.0,0.0
2024-12-18 08:10:00-05:00,204.0,204.1,204.0,204.1,0,0.0,0.0
2024-12-18 08:11:00-05:00,204.11,204.14,203.85,204.14,0,0.0,0.0
2024-12-18 08:12:00-05:00,204.05,204.13,204.0,204.0,0,0.0,0.0
2024-12-18 08:13:00-05:00,204.0,204.21,203.97,204.21,0,0.0,0.0
2024-12-18 08:14:00-05:00,204.0003,204.13,203.9668,204.13,0,0.0,0.0
2024-12-18 08:15:00-05:00,204.04,204.2,204.0,204.0,0,0.0,0.0
2024-12-18 08:16:00-05:00,204.01,204.2,204.0,204.11,0,0.0,0.0
2024-12-18 08:17:00-05:00,204.11,204.14,204.0,204.09,0,0.0,0.0
2024-12-18 08:18:00-05:00,204.01,204.09,204.01,204.05,0,0.0,0.0
2024-12-18 08:19:00-05:00,204.07,204.09,203.99,204.09,0,0.0,0.0
2024-12-18 08:20:00-05:00,204.04,204.09,203.99,204.01,0,0.0,0.0
2024-12-18 08:21:00-05:00,204.02,204.09,204.01,204.09,0,0.0,0.0
2024-12-18 08:22:00-05:00,204.09,204.09,203.7465,204.0,0,0.0,0.0
2024-12-18 08:23:00-05:00,203.97,204.08,203.97,204.05,0,0.0,0.0
2024-12-18 08:24:00-05:00,204.07,204.07,203.71,203.71,0,0.0,0.0
2024-12-18 08:25:00-05:00,204.06,204.09,204.02,204.08,0,0.0,0.0
2024-12-18 08:26:00-05:00,204.07,204.19,204.07,204.19,0,0.0,0.0
2024-12-18 08:27:00-05:00,204.19,204.3,204.16,204.3,0,0.0,0.0
2024-12-18 08:28:00-05:00,204.23,204.26,203.89,204.19,0,0.0,0.0
2024-12-18 08:29:00-05:00,204.14,204.2,203.81,204.16,0,0.0,0.0
2024-12-18 08:30:00-05:00,204.21,204.36,204.21,204.21,0,0.0,0.0
2024-12-18 08:31:00-05:00,204.28,204.3,204.075,204.27,0,0.0,0.0
2024-12-18 08:32:00-05:00,204.27,204.28,204.19,204.19,0,0.0,0.0
2024-12-18 08:33:00-05:00,204.19,204.23,204.17,204.2,0,0.0,0.0
2024-12-18 08:34:00-05:00,204.14,204.14,204.06,204.14,0,0.0,0.0
2024-12-18 08:35:00-05:00,204.12,204.22,204.12,204.13,0,0.0,0.0
2024-12-18 08:36:00-05:00,204.0,204.13,204.0,204.13,0,0.0,0.0
2024-12-18 08:37:00-05:00,204.12,204.13,204.0,204.12,0,0.0,0.0
2024-12-18 08:38:00-05:00,204.13,204.13,204.02,204.02,0,0.0,0.0
2024-12-18 08:39:00-05:00,204.002,204.13,204.0,204.13,0,0.0,0.0
2024-12-18 08:40:00-05:00,204.02,204.13,203.99,204.13,0,0.0,0.0
2024-12-18 08:41:00-05:00,204.0,204.13,203.97,203.97,0,0.0,0.0
2024-12-18 08:42:00-05:00,204.01,204.12,203.86,204.12,0,0.0,0.0
2024-12-18 08:43:00-05:00,203.87,204.03,203.7188,203.86,0,0.0,0.0
2024-12-18 08:44:00-05:00,203.84,203.88,203.65,203.88,0,0.0,0.0
2024-12-18 08:45:00-05:00,203.8799,203.88,203.765,203.81,0,0.0,0.0
2024-12-18 08:46:00-05:00,203.81,203.88,203.73,203.83,0,0.0,0.0
2024-12-18 08:47:00-05:00,203.83,203.83,203.4,203.5,0,0.0,0.0
2024-12-18 08:48:00-05:00,203.5,203.51,203.42,203.49,0,0.0,0.0
2024-12-18 08:49:00-05:00,203.42,203.52,203.4,203.5,0,0.0,0.0
2024-12-18 08:50:00-05:00,203.55,203.85,203.4,203.55,0,0.0,0.0
2024-12-18 08:51:00-05:00,203.55,203.85,203.4,203.4,0,0.0,0.0
2024-12-18 08:52:00-05:00,203.6,203.66,203.49,203.65,0,0.0,0.0
2024-12-18 08:53:00-05:00,203.5,203.66,203.45,203.64,0,0.0,0.0
2024-12-18 08:54:00-05:00,203.64,203.64,203.62,203.64,0,0.0,0.0
2024-12-18 08:55:00-05:00,203.65,203.85,203.64,203.85,0,0.0,0.0
2024-12-18 08:56:00-05:00,203.85,203.85,203.656,203.68,0,0.0,0.0
2024-12-18 08:57:00-05:00,203.71,203.88,203.71,203.87,0,0.0,0.0
2024-12-18 08:58:00-05:00,203.88,203.88,203.66,203.68,0,0.0,0.0
2024-12-18 08:59:00-05:00,203.75,203.8,203.4,203.56,0,0.0,0.0
2024-12-18 09:00:00-05:00,203.56,203.75,203.56,203.65,0,0.0,0.0
2024-12-18 09:01:00-05:00,203.6999,203.7,203.62,203.7,0,0.0,0.0
2024-12-18 09:02:00-05:00,203.7,203.7,203.58,203.58,0,0.0,0.0
2024-12-18 09:03:00-05:00,203.7,203.7,203.54,203.69,0,0.0,0.0
2024-12-18 09:04:00-05:00,203.62,203.7,203.54,203.62,0,0.0,0.0
2024-12-18 09:05:00-05:00,203.62,203.7,203.54,203.6993,0,0.0,0.0
2024-12-18 09:06:00-05:00,203.7,203.7,203.5,203.56,0,0.0,0.0
2024-12-18 09:07:00-05:00,203.59,203.6998,203.42,203.67,0,0.0,0.0
2024-12-18 09:08:00-05:00,203.65,203.7,203.59,203.6,0,0.0,0.0
2024-12-18 09:09:00-05:00,203.59,203.66,203.42,203.62,0,0.0,0.0
2024-12-18 09:10:00-05:00,203.55,203.63,203.55,203.55,0,0.0,0.0
2024-12-18 09:11:00-05:00,203.53,203.55,203.5,203.5,0,0.0,0.0
2024-12-18 09:12:00-05:00,203.51,203.7,203.45,203.63,0,0.0,0.0
2024-12-18 09:13:00-05:00,203.62,203.6575,203.5,203.53,0,0.0,0.0
2024-12-18 09:14:00-05:00,203.52,203.59,203.433,203.51,0,0.0,0.0
2024-12-18 09:30:00-05:00,203.0,203.44000244140625,202.60000610351562,202.64500427246094,579507,0.0,0.0
2024-12-18 09:31:00-05:00,202.60000610351562,202.7196044921875,201.9499969482422,202.3000030517578,175581,0.0,0.0
2024-12-18 09:32:00-05:00,202.2949981689453,202.47999572753906,201.9499969482422,202.18499755859375,64623,0.0,0.0
2024-12-18 09:33:00-05:00,202.19000244140625,202.19000244140625,201.5200958251953,201.77000427246094,67524,0.0,0.0
2024-12-18 09:34:00-05:00,201.7100067138672,201.80990600585938,201.40060424804688,201.74000549316406,59560,0.0,0.0
2024-12-18 09:35:00-05:00,201.7899932861328,201.9499969482422,201.2100067138672,201.56500244140625,74768,0.0,0.0
2024-12-18 09:36:00-05:00,201.57000732421875,202.19000244140625,201.39999389648438,202.13999938964844,39558,0.0,0.0
2024-12-18 09:37:00-05:00,202.1300048828125,202.85000610351562,201.9199981689453,202.6999969482422,96278,0.0,0.0
2024-12-18 09:38:00-05:00,202.768798828125,203.47000122070312,202.73500061035156,203.42999267578125,39602,0.0,0.0
2024-12-18 09:39:00-05:00,203.3699951171875,203.7384033203125,203.05999755859375,203.6300048828125,74173,0.0,0.0
2024-12-18 09:40:00-05:00,203.6199951171875,204.17999267578125,203.6199951171875,203.77499389648438,84186,0.0,0.0
2024-12-18 09:41:00-05:00,203.7100067138672,203.8300018310547,203.3300018310547,203.50999450683594,35327,0.0,0.0
2024-12-18 09:42:00-05:00,203.4499969482422,203.7100067138672,203.24000549316406,203.47000122070312,56985,0.0,0.0
2024-12-18 09:43:00-05:00,203.3975067138672,203.7899932861328,203.27999877929688,203.77000427246094,35326,0.0,0.0
2024-12-18 09:44:00-05:00,203.77000427246094,203.83990478515625,203.07000732421875,203.07000732421875,42967,0.0,0.0
2024-12-18 09:45:00-05:00,203.11000061035156,203.22999572753906,202.80999755859375,203.02000427246094,36307,0.0,0.0
2024-12-18 09:46:00-05:00,203.00999450683594,203.05999755859375,202.60000610351562,202.9698944091797,68575,0.0,0.0
2024-12-18 09:47:00-05:00,202.9600067138672,203.00999450683594,202.8258056640625,203.00999450683594,28157,0.0,0.0
2024-12-18 09:48:00-05:00,202.99000549316406,202.99000549316406,202.64999389648438,202.7465057373047,33981,0.0,0.0
2024-12-18 09:49:00-05:00,202.74000549316406,202.99000549316406,202.63009643554688,202.80499267578125,34030,0.0,0.0
2024-12-18 09:50:00-05:00,202.85000610351562,203.19000244140625,202.85000610351562,202.91009521484375,26792,0.0,0.0
2024-12-18 09:51:00-05:00,202.9488983154297,203.06320190429688,202.7100067138672,202.96499633789062,14034,0.0,0.0
2024-12-18 09:52:00-05:00,203.02000427246094,203.47999572753906,202.89999389648438,203.14999389648438,34491,0.0,0.0
2024-12-18 09:53:00-05:00,203.1199951171875,203.27999877929688,203.02000427246094,203.2050018310547,41448,0.0,0.0
2024-12-18 09:54:00-05:00,203.2100067138672,203.60000610351562,203.1999969482422,203.5399932861328,23903,0.0,0.0
2024-12-18 09:55:00-05:00,203.55999755859375,203.85989379882812,203.52859497070312,203.7550048828125,47309,0.0,0.0
2024-12-18 09:56:00-05:00,203.75,203.8000030517578,203.6199951171875,203.74000549316406,21900,0.0,0.0
2024-12-18 09:57:00-05:00,203.72999572753906,203.8699951171875,203.3000030517578,203.78250122070312,136654,0.0,0.0
2024-12-18 09:58:00-05:00,203.77499389648438,203.85000610351562,203.61000061035156,203.74600219726562,30912,0.0,0.0
2024-12-18 09:59:00-05:00,203.77999877929688,203.8699951171875,203.52999877929688,203.57000732421875,23922,0.0,0.0
2024-12-18 10:00:00-05:00,203.5449981689453,203.9698944091797,203.51669311523438,203.83999633789062,46577,0.0,0.0
2024-12-18 10:01:00-05:00,203.7899932861328,203.9600067138672,203.75999450683594,203.9600067138672,33949,0.0,0.0
2024-12-18 10:02:00-05:00,203.8300018310547,203.8300018310547,203.4199981689453,203.5,36230,0.0,0.0
2024-12-18 10:03:00-05:00,203.47000122070312,204.0299072265625,203.42999267578125,203.9499969482422,55864,0.0,0.0
2024-12-18 10:04:00-05:00,204.02000427246094,204.3800048828125,203.98500061035156,204.3300018310547,135092,0.0,0.0
2024-12-18 10:05:00-05:00,204.27499389648438,204.4199981689453,204.02000427246094,204.30999755859375,86256,0.0,0.0
2024-12-18 10:07:00-05:00,204.50999450683594,204.67849731445312,204.46780395507812,204.61000061035156,178023,0.0,0.0
2024-12-18 10:08:00-05:00,204.61000061035156,204.63999938964844,203.72000122070312,203.7700958251953,63640,0.0,0.0
2024-12-18 10:09:00-05:00,203.8350067138672,204.1699981689453,203.8000030517578,203.9199981689453,40383,0.0,0.0
2024-12-18 10:10:00-05:00,203.97000122070312,204.3300018310547,203.94000244140625,204.31500244140625,34268,0.0,0.0
2024-12-18 10:11:00-05:00,204.31500244140625,204.3800048828125,203.9600067138672,204.2100067138672,42931,0.0,0.0
2024-12-18 10:12:00-05:00,204.2100067138672,204.26759338378906,203.9499969482422,204.10000610351562,40760,0.0,0.0
2024-12-18 10:13:00-05:00,204.10000610351562,204.1699981689453,203.88999938964844,203.9550018310547,42767,0.0,0.0
2024-12-18 10:14:00-05:00,203.9550018310547,204.16000366210938,203.88999938964844,203.96499633789062,41080,0.0,0.0
2024-12-18 10:15:00-05:00,203.97000122070312,204.0,203.80999755859375,203.86000061035156,28134,0.0,0.0
2024-12-18 10:16:00-05:00,203.85000610351562,203.9499969482422,203.77000427246094,203.80999755859375,14607,0.0,0.0
2024-12-18 10:17:00-05:00,203.80999755859375,203.82000732421875,203.51010131835938,203.61000061035156,59370,0.0,0.0
2024-12-18 10:18:00-05:00,203.60000610351562,203.6300048828125,203.4600067138672,203.5800018310547,24126,0.0,0.0
2024-12-18 10:19:00-05:00,203.61500549316406,203.61500549316406,203.22999572753906,203.24209594726562,42861,0.0,0.0
2024-12-18 10:20:00-05:00,203.3000030517578,203.39999389648438,203.1300048828125,203.3800048828125,36877,0.0,0.0
2024-12-18 10:21:00-05:00,203.38999938964844,203.62159729003906,203.38999938964844,203.55499267578125,25439,0.0,0.0
2024-12-18 10:22:00-05:00,203.6300048828125,203.7299041748047,203.42999267578125,203.4499969482422,17710,0.0,0.0
2024-12-18 10:23:00-05:00,203.47999572753906,203.48500061035156,203.0500030517578,203.14999389648438,34318,0.0,0.0
2024-12-18 10:24:00-05:00,203.125,203.27499389648438,203.04319763183594,203.11000061035156,61376,0.0,0.0
2024-12-18 10:25:00-05:00,203.0944061279297,203.25399780273438,203.0417938232422,203.10499572753906,20924,0.0,0.0
2024-12-18 10:26:00-05:00,203.10499572753906,203.27000427246094,203.0,203.0500030517578,29633,0.0,0.0
2024-12-18 10:27:00-05:00,203.0399932861328,203.0399932861328,202.8408966064453,202.97999572753906,20528,0.0,0.0
2024-12-18 10:28:00-05:00,202.92999267578125,203.0399932861328,202.92010498046875,203.0,26555,0.0,0.0
2024-12-18 10:29:00-05:00,203.00999450683594,203.30999755859375,202.92999267578125,203.30999755859375,19134,0.0,0.0
2024-12-18 10:30:00-05:00,203.27999877929688,203.5,203.08999633789062,203.1300048828125,32713,0.0,0.0
2024-12-18 10:31:00-05:00,203.1699981689453,203.27000427246094,203.02999877929688,203.18499755859375,62597,0.0,0.0
2024-12-18 10:32:00-05:00,203.19000244140625,203.36000061035156,203.13999938964844,203.3000030517578,14933,0.0,0.0
2024-12-18 10:33:00-05:00,203.30999755859375,203.36000061035156,203.14999389648438,203.14999389648438,18818,0.0,0.0
2024-12-18 10:34:00-05:00,203.22000122070312,203.55499267578125,203.19000244140625,203.55499267578125,20895,0.0,0.0
2024-12-18 10:35:00-05:00,203.56370544433594,203.67999267578125,203.5,203.5,29072,0.0,0.0
2024-12-18 10:36:00-05:00,203.5449981689453,203.57000732421875,203.44000244140625,203.52000427246094,17540,0.0,0.0
2024-12-18 10:37:00-05:00,203.47000122070312,203.8800048828125,203.42999267578125,203.85000610351562,54821,0.0,0.0
2024-12-18 10:38:00-05:00,203.86500549316406,204.0,203.85000610351562,203.9600067138672,34294,0.0,0.0
2024-12-18 10:39:00-05:00,203.97999572753906,204.04989624023438,203.68389892578125,203.75,27465,0.0,0.0
2024-12-18 10:40:00-05:00,203.77000427246094,203.9199981689453,203.72500610351562,203.89999389648438,23637,0.0,0.0
2024-12-18 10:41:00-05:00,203.89999389648438,204.00999450683594,203.8000030517578,203.8000030517578,27972,0.0,0.0
2024-12-18 10:42:00-05:00,203.8699951171875,203.8699951171875,203.6999969482422,203.72000122070312,15952,0.0,0.0
2024-12-18 10:43:00-05:00,203.74000549316406,203.7884979248047,203.59010314941406,203.59140014648438,10207,0.0,0.0
2024-12-18 10:44:00-05:00,203.64999389648438,203.94000244140625,203.5364990234375,203.90150451660156,13953,0.0,0.0
2024-12-18 10:45:00-05:00,203.99000549316406,204.39999389648438,203.97000122070312,204.35499572753906,58202,0.0,0.0
2024-12-18 10:46:00-05:00,204.35499572753906,204.52000427246094,204.35000610351562,204.47500610351562,26813,0.0,0.0
2024-12-18 10:47:00-05:00,204.49290466308594,204.65989685058594,204.42999267578125,204.6199951171875,32182,0.0,0.0
2024-12-18 10:48:00-05:00,204.625,204.72000122070312,204.5399932861328,204.68499755859375,31526,0.0,0.0
2024-12-18 10:49:00-05:00,204.63999938964844,204.77999877929688,204.63999938964844,204.77499389648438,30175,0.0,0.0
2024-12-18 10:50:00-05:00,204.77999877929688,205.1199951171875,204.74000549316406,205.02000427246094,151727,0.0,0.0
2024-12-18 10:51:00-05:00,205.03269958496094,205.0399932861328,204.97999572753906,205.02999877929688,9709,0.0,0.0
2024-12-18 10:53:00-05:00,204.89999389648438,204.89999389648438,204.60000610351562,204.60000610351562,149001,0.0,0.0
2024-12-18 10:54:00-05:00,204.64500427246094,204.7899932861328,204.5,204.7449951171875,45263,0.0,0.0
2024-12-18 10:55:00-05:00,204.75,204.92999267578125,204.6999969482422,204.83990478515625,50018,0.0,0.0
2024-12-18 10:56:00-05:00,204.7700958251953,205.0,204.7700958251953,204.92999267578125,27995,0.0,0.0
2024-12-18 10:57:00-05:00,204.9600067138672,205.08990478515625,204.7899932861328,204.86000061035156,39129,0.0,0.0
2024-12-18 10:58:00-05:00,204.8300018310547,204.8699951171875,204.69000244140625,204.6999969482422,27409,0.0,0.0
2024-12-18 10:59:00-05:00,204.69000244140625,204.718505859375,204.41000366210938,204.46499633789062,27632,0.0,0.0
2024-12-18 11:00:00-05:00,204.4199981689453,204.58990478515625,204.32000732421875,204.32000732421875,28825,0.0,0.0
2024-12-18 11:01:00-05:00,204.33999633789062,204.60000610351562,204.31370544433594,204.58999633789062,22315,0.0,0.0
2024-12-18 11:02:00-05:00,204.55499267578125,204.8800048828125,204.5301055908203,204.8000030517578,23724,0.0,0.0
2024-12-18 11:03:00-05:00,204.75999450683594,205.0,204.6999969482422,204.86000061035156,34194,0.0,0.0
2024-12-18 11:04:00-05:00,204.89599609375,204.94500732421875,204.74000549316406,204.8300018310547,15316,0.0,0.0
2024-12-18 11:05:00-05:00,204.80499267578125,204.8300018310547,204.6999969482422,204.72500610351562,27800,0.0,0.0
2024-12-18 11:06:00-05:00,204.72500610351562,205.17999267578125,204.72500610351562,204.99000549316406,80488,0.0,0.0
2024-12-18 11:07:00-05:00,204.94000244140625,204.99989318847656,204.77000427246094,204.77000427246094,23584,0.0,0.0
2024-12-18 11:08:00-05:00,204.7700958251953,204.99000549316406,204.7700958251953,204.9600067138672,26531,0.0,0.0
2024-12-18 11:09:00-05:00,204.94000244140625,205.00999450683594,204.63999938964844,204.65159606933594,26349,0.0,0.0
2024-12-18 11:10:00-05:00,204.66329956054688,204.9600067138672,204.60000610351562,204.89500427246094,11586,0.0,0.0
2024-12-18 11:11:00-05:00,204.9499969482422,205.05859375,204.8300018310547,205.0050048828125,18995,0.0,0.0
2024-12-18 11:12:00-05:00,204.9871063232422,205.14999389648438,204.9871063232422,205.03500366210938,19093,0.0,0.0
2024-12-18 11:13:00-05:00,205.02999877929688,205.05999755859375,204.74000549316406,204.75999450683594,17138,0.0,0.0
2024-12-18 11:14:00-05:00,204.77000427246094,205.0482940673828,204.77000427246094,204.8300018310547,20220,0.0,0.0
2024-12-18 11:15:00-05:00,204.8300018310547,204.85000610351562,204.4199981689453,204.52000427246094,32254,0.0,0.0
2024-12-18 11:16:00-05:00,204.52499389648438,204.61000061035156,204.41009521484375,204.41009521484375,18165,0.0,0.0
2024-12-18 11:17:00-05:00,204.46499633789062,204.46499633789062,204.27999877929688,204.302001953125,25518,0.0,0.0
2024-12-18 11:18:00-05:00,204.32749938964844,204.36500549316406,204.22000122070312,204.3300018310547,17478,0.0,0.0
2024-12-18 11:19:00-05:00,204.35060119628906,204.35060119628906,203.95880126953125,204.05999755859375,17473,0.0,0.0
2024-12-18 11:20:00-05:00,204.0399932861328,204.2198028564453,203.97000122070312,204.0399932861328,15415,0.0,0.0
2024-12-18 11:21:00-05:00,203.97999572753906,204.1300048828125,203.8350067138672,203.8800048828125,15748,0.0,0.0
2024-12-18 11:22:00-05:00,203.9600067138672,204.0800018310547,203.89999389648438,203.89999389648438,20532,0.0,0.0
2024-12-18 11:23:00-05:00,203.83999633789062,204.01499938964844,203.75030517578125,203.9199981689453,32399,0.0,0.0
2024-12-18 11:24:00-05:00,203.8800048828125,204.14810180664062,203.8000030517578,204.0850067138672,19582,0.0,0.0
2024-12-18 11:25:00-05:00,204.125,204.3000030517578,204.110107421875,204.25759887695312,15762,0.0,0.0
2024-12-18 11:26:00-05:00,204.22000122070312,204.43499755859375,204.22000122070312,204.25999450683594,41871,0.0,0.0
2024-12-18 11:27:00-05:00,204.30999755859375,204.49000549316406,204.22999572753906,204.44500732421875,15667,0.0,0.0
2024-12-18 11:28:00-05:00,204.48550415039062,204.64990234375,204.42999267578125,204.55999755859375,14305,0.0,0.0
2024-12-18 11:29:00-05:00,204.5811004638672,204.60499572753906,204.4499969482422,204.47000122070312,11495,0.0,0.0
2024-12-18 11:30:00-05:00,204.47000122070312,204.52999877929688,204.19000244140625,204.22000122070312,18150,0.0,0.0
2024-12-18 11:31:00-05:00,204.14999389648438,204.1824951171875,204.02000427246094,204.0749969482422,11299,0.0,0.0
2024-12-18 11:32:00-05:00,204.0749969482422,204.0749969482422,203.64480590820312,203.8000030517578,27166,0.0,0.0
2024-12-18 11:33:00-05:00,203.69000244140625,204.05999755859375,203.69000244140625,204.0,16642,0.0,0.0
2024-12-18 11:34:00-05:00,204.0,204.0800018310547,203.85000610351562,203.99000549316406,26192,0.0,0.0
2024-12-18 11:35:00-05:00,203.9949951171875,204.02000427246094,203.8699951171875,203.92379760742188,11926,0.0,0.0
2024-12-18 11:36:00-05:00,203.9053955078125,204.07000732421875,203.88999938964844,203.9600067138672,31549,0.0,0.0
2024-12-18 11:37:00-05:00,203.9199981689453,203.99000549316406,203.82000732421875,203.83999633789062,14118,0.0,0.0
2024-12-18 11:38:00-05:00,203.8300018310547,203.89999389648438,203.82000732421875,203.875,10418,0.0,0.0
2024-12-18 11:39:00-05:00,203.88999938964844,204.23989868164062,203.88999938964844,204.23989868164062,21891,0.0,0.0
2024-12-18 11:40:00-05:00,204.1750030517578,204.35000610351562,204.1750030517578,204.3249969482422,17134,0.0,0.0
2024-12-18 11:41:00-05:00,204.3249969482422,204.4207000732422,204.25010681152344,204.34500122070312,22014,0.0,0.0
2024-12-18 11:42:00-05:00,204.25,204.3170928955078,204.2100067138672,204.2510986328125,7166,0.0,0.0
2024-12-18 11:43:00-05:00,204.21499633789062,204.22999572753906,204.09500122070312,204.18209838867188,9634,0.0,0.0
2024-12-18 11:44:00-05:00,204.17669677734375,204.17669677734375,204.01600646972656,204.08999633789062,7388,0.0,0.0
2024-12-18 11:45:00-05:00,204.10000610351562,204.22000122070312,204.0399932861328,204.16000366210938,16224,0.0,0.0
2024-12-18 11:46:00-05:00,204.1699981689453,204.25999450683594,204.11000061035156,204.14999389648438,26518,0.0,0.0
2024-12-18 11:47:00-05:00,204.1468048095703,204.2104034423828,204.02499389648438,204.0800018310547,7453,0.0,0.0
2024-12-18 11:48:00-05:00,204.1154022216797,204.33990478515625,204.10000610351562,204.27000427246094,7547,0.0,0.0
2024-12-18 11:49:00-05:00,204.27499389648438,204.3137969970703,204.0554962158203,204.13229370117188,7507,0.0,0.0
2024-12-18 11:50:00-05:00,204.18499755859375,204.5,204.11000061035156,204.5,11055,0.0,0.0
2024-12-18 11:51:00-05:00,204.4868927001953,204.72079467773438,204.4868927001953,204.63999938964844,14653,0.0,0.0
2024-12-18 11:52:00-05:00,204.6678009033203,204.68960571289062,204.52999877929688,204.64999389648438,10682,0.0,0.0
2024-12-18 11:53:00-05:00,204.66000366210938,204.75,204.66000366210938,204.7100067138672,15264,0.0,0.0
2024-12-18 11:54:00-05:00,204.72000122070312,204.8000030517578,204.63999938964844,204.6824951171875,12002,0.0,0.0
2024-12-18 11:55:00-05:00,204.60000610351562,204.69000244140625,204.5115966796875,204.58999633789062,9258,0.0,0.0
2024-12-18 11:56:00-05:00,204.64999389648438,204.6903076171875,204.52999877929688,204.52999877929688,15736,0.0,0.0
2024-12-18 11:57:00-05:00,204.5749969482422,204.62989807128906,204.52999877929688,204.62989807128906,18930,0.0,0.0
2024-12-18 11:58:00-05:00,204.6199951171875,204.67999267578125,204.52000427246094,204.5850067138672,24112,0.0,0.0
2024-12-18 11:59:00-05:00,204.63119506835938,204.6999969482422,204.5677947998047,204.5677947998047,14141,0.0,0.0
2024-12-18 12:00:00-05:00,204.57000732421875,204.61500549316406,204.4199981689453,204.4199981689453,8636,0.0,0.0
2024-12-18 12:01:00-05:00,204.4600067138672,204.5500030517578,204.3000030517578,204.4499969482422,8635,0.0,0.0
2024-12-18 12:02:00-05:00,204.5,204.67999267578125,204.4600067138672,204.67999267578125,24603,0.0,0.0
2024-12-18 12:03:00-05:00,204.68719482421875,204.72999572753906,204.6199951171875,204.69000244140625,9867,0.0,0.0
2024-12-18 12:04:00-05:00,204.72000122070312,204.7653045654297,204.67999267578125,204.75430297851562,6993,0.0,0.0
2024-12-18 12:05:00-05:00,204.77000427246094,204.77000427246094,204.57000732421875,204.57000732421875,10838,0.0,0.0
2024-12-18 12:06:00-05:00,204.59500122070312,204.7100067138672,204.5500030517578,204.6750030517578,9136,0.0,0.0
2024-12-18 12:07:00-05:00,204.65040588378906,204.69810485839844,204.5399932861328,204.61000061035156,9313,0.0,0.0
2024-12-18 12:08:00-05:00,204.5500030517578,204.7799072265625,204.52000427246094,204.75,14666,0.0,0.0
2024-12-18 12:09:00-05:00,204.75999450683594,204.7899932861328,204.6199951171875,204.7100067138672,13073,0.0,0.0
2024-12-18 12:10:00-05:00,204.67999267578125,204.73989868164062,204.63999938964844,204.7100067138672,7867,0.0,0.0
2024-12-18 12:11:00-05:00,204.64999389648438,204.75,204.57000732421875,204.69500732421875,10984,0.0,0.0
2024-12-18 12:12:00-05:00,204.63999938964844,204.65499877929688,204.44000244140625,204.44000244140625,11037,0.0,0.0
2024-12-18 12:13:00-05:00,204.5,204.51480102539062,204.33999633789062,204.39500427246094,11259,0.0,0.0
2024-12-18 12:14:00-05:00,204.38560485839844,204.42999267578125,204.3000030517578,204.38999938964844,7465,0.0,0.0
2024-12-18 12:15:00-05:00,204.38999938964844,204.69000244140625,204.3699951171875,204.6199951171875,26215,0.0,0.0
2024-12-18 12:16:00-05:00,204.60499572753906,204.64999389648438,204.33999633789062,204.4600067138672,16588,0.0,0.0
2024-12-18 12:17:00-05:00,204.49000549316406,204.64999389648438,204.42999267578125,204.52000427246094,15153,0.0,0.0
2024-12-18 12:18:00-05:00,204.52000427246094,204.52000427246094,204.33999633789062,204.44000244140625,12750,0.0,0.0
2024-12-18 12:19:00-05:00,204.4364013671875,204.6699981689453,204.4364013671875,204.55679321289062,17063,0.0,0.0
2024-12-18 12:20:00-05:00,204.58999633789062,204.6699981689453,204.36500549316406,204.36500549316406,8721,0.0,0.0
2024-12-18 12:21:00-05:00,204.36500549316406,204.36500549316406,204.07000732421875,204.14999389648438,13323,0.0,0.0
2024-12-18 12:22:00-05:00,204.16000366210938,204.2449951171875,204.1300048828125,204.1300048828125,11440,0.0,0.0
2024-12-18 12:23:00-05:00,204.0800018310547,204.2899932861328,204.0800018310547,204.16000366210938,12733,0.0,0.0
2024-12-18 12:24:00-05:00,204.1699981689453,204.2064971923828,204.13499450683594,204.13499450683594,5169,0.0,0.0
2024-12-18 12:25:00-05:00,204.1699981689453,204.1999969482422,204.10000610351562,204.19000244140625,17282,0.0,0.0
2024-12-18 12:26:00-05:00,204.1699981689453,204.20700073242188,204.11000061035156,204.15499877929688,7523,0.0,0.0
2024-12-18 12:27:00-05:00,204.1699981689453,204.1999969482422,204.02000427246094,204.0500030517578,7723,0.0,0.0
2024-12-18 12:28:00-05:00,204.00999450683594,204.02000427246094,203.8800048828125,203.9250030517578,22361,0.0,0.0
2024-12-18 12:29:00-05:00,203.90499877929688,203.93080139160156,203.8249969482422,203.85499572753906,10028,0.0,0.0
2024-12-18 12:30:00-05:00,203.83999633789062,203.86000061035156,203.75,203.75,13028,0.0,0.0
2024-12-18 12:31:00-05:00,203.7100067138672,203.8000030517578,203.60009765625,203.6300048828125,17901,0.0,0.0
2024-12-18 12:32:00-05:00,203.66000366210938,203.75999450683594,203.64999389648438,203.6999969482422,14698,0.0,0.0
2024-12-18 12:33:00-05:00,203.72000122070312,203.75999450683594,203.60000610351562,203.75999450683594,16054,0.0,0.0
2024-12-18 12:34:00-05:00,203.77999877929688,203.82000732421875,203.72000122070312,203.81500244140625,10579,0.0,0.0
2024-12-18 12:35:00-05:00,203.83999633789062,204.00990295410156,203.83999633789062,203.9499969482422,22150,0.0,0.0
2024-12-18 12:36:00-05:00,203.94000244140625,203.98959350585938,203.77999877929688,203.7899932861328,9872,0.0,0.0
2024-12-18 12:37:00-05:00,203.77999877929688,203.86000061035156,203.75,203.75,15385,0.0,0.0
2024-12-18 12:38:00-05:00,203.7100067138672,203.74229431152344,203.61500549316406,203.61500549316406,8364,0.0,0.0
2024-12-18 12:39:00-05:00,203.58999633789062,203.64990234375,203.52000427246094,203.57000732421875,14611,0.0,0.0
2024-12-18 12:40:00-05:00,203.52999877929688,203.58999633789062,203.49000549316406,203.53500366210938,13949,0.0,0.0
2024-12-18 12:41:00-05:00,203.52499389648438,203.5800018310547,203.5,203.5500030517578,11684,0.0,0.0
2024-12-18 12:42:00-05:00,203.55999755859375,203.6280059814453,203.47999572753906,203.61500549316406,14980,0.0,0.0
2024-12-18 12:43:00-05:00,203.63999938964844,203.64500427246094,203.5,203.5,11197,0.0,0.0
2024-12-18 12:44:00-05:00,203.5,203.53500366210938,203.47000122070312,203.5,11975,0.0,0.0
2024-12-18 12:45:00-05:00,203.5399932861328,203.6999969482422,203.50999450683594,203.6999969482422,12572,0.0,0.0
2024-12-18 12:46:00-05:00,203.625,203.76499938964844,203.625,203.76499938964844,10192,0.0,0.0
2024-12-18 12:47:00-05:00,203.7100067138672,203.91000366210938,203.7100067138672,203.91000366210938,6921,0.0,0.0
2024-12-18 12:48:00-05:00,203.85000610351562,204.03500366210938,203.85000610351562,203.92999267578125,15807,0.0,0.0
2024-12-18 12:49:00-05:00,203.94500732421875,203.94500732421875,203.8800048828125,203.88499450683594,6156,0.0,0.0
2024-12-18 12:50:00-05:00,203.89129638671875,203.98989868164062,203.86500549316406,203.86500549316406,10606,0.0,0.0
2024-12-18 12:51:00-05:00,203.89999389648438,203.97500610351562,203.83999633789062,203.8800048828125,9982,0.0,0.0
2024-12-18 12:52:00-05:00,203.85499572753906,203.89999389648438,203.8105926513672,203.8699951171875,5962,0.0,0.0
2024-12-18 12:53:00-05:00,203.82000732421875,203.86000061035156,203.80099487304688,203.83999633789062,3587,0.0,0.0
2024-12-18 12:54:00-05:00,203.81640625,203.92999267578125,203.80999755859375,203.9241943359375,13968,0.0,0.0
2024-12-18 12:55:00-05:00,203.92999267578125,203.92999267578125,203.83999633789062,203.90499877929688,8054,0.0,0.0
2024-12-18 12:56:00-05:00,203.9199981689453,203.9499969482422,203.86000061035156,203.89999389648438,9460,0.0,0.0
2024-12-18 12:57:00-05:00,203.9250030517578,203.94590759277344,203.77000427246094,203.77999877929688,7879,0.0,0.0
2024-12-18 12:58:00-05:00,203.8000030517578,203.80999755859375,203.72999572753906,203.72999572753906,14879,0.0,0.0
2024-12-18 12:59:00-05:00,203.77000427246094,203.7899932861328,203.72000122070312,203.72000122070312,8979,0.0,0.0
2024-12-18 13:00:00-05:00,203.72000122070312,203.83999633789062,203.70010375976562,203.80499267578125,10044,0.0,0.0
2024-12-18 13:01:00-05:00,203.80499267578125,203.9199981689453,203.7899932861328,203.8300018310547,5821,0.0,0.0
2024-12-18 13:02:00-05:00,203.8800048828125,203.897705078125,203.80999755859375,203.86500549316406,7970,0.0,0.0
2024-12-18 13:03:00-05:00,203.86500549316406,203.94000244140625,203.82000732421875,203.8699951171875,12036,0.0,0.0
2024-12-18 13:04:00-05:00,203.84500122070312,203.91000366210938,203.7899932861328,203.875,7523,0.0,0.0
2024-12-18 13:05:00-05:00,203.875,203.875,203.74000549316406,203.85000610351562,7388,0.0,0.0
2024-12-18 13:06:00-05:00,203.8800048828125,203.99000549316406,203.86500549316406,203.99000549316406,5267,0.0,0.0
2024-12-18 13:07:00-05:00,203.94000244140625,203.99000549316406,203.9199981689453,203.99000549316406,7240,0.0,0.0
2024-12-18 13:08:00-05:00,203.94619750976562,204.02000427246094,203.94619750976562,204.0050048828125,8951,0.0,0.0
2024-12-18 13:09:00-05:00,204.0050048828125,204.0050048828125,203.83999633789062,203.86000061035156,12195,0.0,0.0
2024-12-18 13:10:00-05:00,203.83999633789062,203.87179565429688,203.75,203.77000427246094,20942,0.0,0.0
2024-12-18 13:11:00-05:00,203.77000427246094,203.9499969482422,203.77000427246094,203.85000610351562,18253,0.0,0.0
2024-12-18 13:12:00-05:00,203.85000610351562,203.92999267578125,203.82159423828125,203.8800048828125,4941,0.0,0.0
2024-12-18 13:13:00-05:00,203.85000610351562,203.8699951171875,203.82000732421875,203.82000732421875,4247,0.0,0.0
2024-12-18 13:14:00-05:00,203.82000732421875,203.82000732421875,203.72000122070312,203.8000030517578,7168,0.0,0.0
2024-12-18 13:15:00-05:00,203.8000030517578,203.8000030517578,203.68170166015625,203.73739624023438,7874,0.0,0.0
2024-12-18 13:16:00-05:00,203.76080322265625,203.9199981689453,203.75999450683594,203.8800048828125,13364,0.0,0.0
2024-12-18 13:17:00-05:00,203.86000061035156,204.0800018310547,203.85000610351562,204.0800018310547,8482,0.0,0.0
2024-12-18 13:18:00-05:00,204.0399932861328,204.0500030517578,203.97999572753906,204.00999450683594,9598,0.0,0.0
2024-12-18 13:19:00-05:00,204.0345001220703,204.11000061035156,204.00999450683594,204.10000610351562,10870,0.0,0.0
2024-12-18 13:20:00-05:00,204.0800018310547,204.1199951171875,204.07000732421875,204.0843963623047,4922,0.0,0.0
2024-12-18 13:21:00-05:00,204.10000610351562,204.18649291992188,204.10000610351562,204.15499877929688,12306,0.0,0.0
2024-12-18 13:22:00-05:00,204.15499877929688,204.19000244140625,204.0,204.05999755859375,9915,0.0,0.0
2024-12-18 13:23:00-05:00,204.02000427246094,204.0670928955078,203.8699951171875,204.02999877929688,7400,0.0,0.0
2024-12-18 13:24:00-05:00,204.02999877929688,204.3000030517578,204.02999877929688,204.2772979736328,24228,0.0,0.0
2024-12-18 13:25:00-05:00,204.3000030517578,204.32000732421875,204.19000244140625,204.22000122070312,24534,0.0,0.0
2024-12-18 13:26:00-05:00,204.25,204.3800048828125,204.16000366210938,204.19500732421875,20187,0.0,0.0
2024-12-18 13:27:00-05:00,204.19500732421875,204.23109436035156,204.0500030517578,204.10499572753906,17561,0.0,0.0
2024-12-18 13:28:00-05:00,204.10000610351562,204.17999267578125,204.0500030517578,204.0500030517578,10057,0.0,0.0
2024-12-18 13:29:00-05:00,204.0500030517578,204.0500030517578,203.8300018310547,203.88499450683594,11870,0.0,0.0
2024-12-18 13:30:00-05:00,203.85000610351562,203.94000244140625,203.8300018310547,203.88999938964844,7024,0.0,0.0
2024-12-18 13:31:00-05:00,203.8300018310547,204.02000427246094,203.8300018310547,203.88999938964844,74875,0.0,0.0
2024-12-18 13:32:00-05:00,203.94500732421875,204.0590057373047,203.91000366210938,203.96499633789062,11310,0.0,0.0
2024-12-18 13:33:00-05:00,203.96499633789062,204.0399932861328,203.9199981689453,204.0399932861328,8834,0.0,0.0
2024-12-18 13:34:00-05:00,204.0,204.0399932861328,203.92999267578125,203.92999267578125,10172,0.0,0.0
2024-12-18 13:35:00-05:00,203.9375,204.00999450683594,203.89999389648438,204.0050048828125,6393,0.0,0.0
2024-12-18 13:36:00-05:00,204.02999877929688,204.0399932861328,203.97999572753906,204.02999877929688,6660,0.0,0.0
2024-12-18 13:37:00-05:00,204.02999877929688,204.16000366210938,204.02000427246094,204.11500549316406,7440,0.0,0.0
2024-12-18 13:38:00-05:00,204.11500549316406,204.13999938964844,204.0,204.0,9287,0.0,0.0
2024-12-18 13:39:00-05:00,203.92999267578125,203.9499969482422,203.8699951171875,203.92889404296875,3772,0.0,0.0
2024-12-18 13:40:00-05:00,203.8800048828125,204.02999877929688,203.8699951171875,204.02999877929688,9046,0.0,0.0
2024-12-18 13:41:00-05:00,204.02999877929688,204.0399932861328,203.9199981689453,203.9300994873047,6203,0.0,0.0
2024-12-18 13:42:00-05:00,203.92999267578125,203.98989868164062,203.80999755859375,203.80999755859375,5848,0.0,0.0
2024-12-18 13:43:00-05:00,203.85150146484375,203.86000061035156,203.77000427246094,203.77630615234375,9713,0.0,0.0
2024-12-18 13:44:00-05:00,203.8000030517578,203.89500427246094,203.75010681152344,203.86000061035156,7873,0.0,0.0
2024-12-18 13:45:00-05:00,203.86000061035156,203.8800048828125,203.8300018310547,203.8800048828125,5052,0.0,0.0
2024-12-18 13:46:00-05:00,203.875,203.89999389648438,203.77999877929688,203.77999877929688,20734,0.0,0.0
2024-12-18 13:47:00-05:00,203.78500366210938,203.9199981689453,203.78500366210938,203.88999938964844,5889,0.0,0.0
2024-12-18 13:48:00-05:00,203.88690185546875,204.0050048828125,203.86000061035156,203.94239807128906,14349,0.0,0.0
2024-12-18 13:49:00-05:00,203.88999938964844,203.9788055419922,203.88999938964844,203.9600067138672,2834,0.0,0.0
2024-12-18 13:50:00-05:00,203.97000122070312,203.97000122070312,203.86000061035156,203.89500427246094,12822,0.0,0.0
2024-12-18 13:51:00-05:00,203.89500427246094,204.00999450683594,203.86000061035156,203.97999572753906,18604,0.0,0.0
2024-12-18 13:52:00-05:00,204.0050048828125,204.0050048828125,203.77000427246094,203.8249969482422,9054,0.0,0.0
2024-12-18 13:53:00-05:00,203.7899932861328,203.85000610351562,203.77999877929688,203.85000610351562,9630,0.0,0.0
2024-12-18 13:54:00-05:00,203.89999389648438,203.99000549316406,203.8699951171875,203.92999267578125,9583,0.0,0.0
2024-12-18 13:55:00-05:00,203.9199981689453,203.97999572753906,203.8800048828125,203.9199981689453,5558,0.0,0.0
2024-12-18 13:56:00-05:00,203.9499969482422,204.0,203.88999938964844,203.91000366210938,13782,0.0,0.0
2024-12-18 13:57:00-05:00,203.94500732421875,204.0,203.89999389648438,204.0,9253,0.0,0.0
2024-12-18 13:58:00-05:00,204.01499938964844,204.02999877929688,203.88999938964844,204.0,8436,0.0,0.0
2024-12-18 13:59:00-05:00,203.99000549316406,204.02999877929688,203.91000366210938,204.02000427246094,11084,0.0,0.0
2024-12-18 14:00:00-05:00,203.97500610351562,203.97500610351562,203.2100067138672,203.2100067138672,29165,0.0,0.0
2024-12-18 14:01:00-05:00,203.13999938964844,203.14999389648438,202.86500549316406,203.10000610351562,38891,0.0,0.0
2024-12-18 14:02:00-05:00,203.03500366210938,203.50399780273438,202.9700927734375,203.47000122070312,17632,0.0,0.0
2024-12-18 14:03:00-05:00,203.5220947265625,203.5220947265625,203.1199951171875,203.16000366210938,15470,0.0,0.0
2024-12-18 14:04:00-05:00,203.16000366210938,203.27999877929688,203.0,203.1199951171875,13938,0.0,0.0
2024-12-18 14:05:00-05:00,203.02999877929688,203.0500030517578,202.3800048828125,202.3800048828125,70973,0.0,0.0
2024-12-18 14:06:00-05:00,202.4199981689453,202.5,202.0500030517578,202.25999450683594,82209,0.0,0.0
2024-12-18 14:07:00-05:00,202.17999267578125,202.19000244140625,201.83999633789062,201.97999572753906,37608,0.0,0.0
2024-12-18 14:08:00-05:00,202.00999450683594,202.2100067138672,201.83999633789062,201.83999633789062,20038,0.0,0.0
2024-12-18 14:09:00-05:00,201.82000732421875,201.8699951171875,201.3800048828125,201.44000244140625,30460,0.0,0.0
2024-12-18 14:10:00-05:00,201.44000244140625,201.58999633789062,201.25010681152344,201.3000030517578,38512,0.0,0.0
2024-12-18 14:11:00-05:00,201.25,201.6699981689453,201.1999969482422,201.57000732421875,73572,0.0,0.0
2024-12-18 14:12:00-05:00,201.67990112304688,201.67990112304688,201.32000732421875,201.46499633789062,31067,0.0,0.0
2024-12-18 14:13:00-05:00,201.42999267578125,201.6190948486328,201.3699951171875,201.5,29027,0.0,0.0
2024-12-18 14:14:00-05:00,201.50999450683594,201.67999267578125,201.33999633789062,201.33999633789062,19793,0.0,0.0
2024-12-18 14:15:00-05:00,201.4199981689453,201.58999633789062,201.30999755859375,201.36749267578125,24477,0.0,0.0
2024-12-18 14:16:00-05:00,201.33999633789062,201.44000244140625,201.19000244140625,201.4199981689453,21347,0.0,0.0
2024-12-18 14:17:00-05:00,201.36000061035156,201.47999572753906,201.3000030517578,201.3000030517578,32299,0.0,0.0
2024-12-18 14:18:00-05:00,201.2899932861328,201.38999938964844,201.1999969482422,201.28500366210938,24455,0.0,0.0
2024-12-18 14:19:00-05:00,201.28720092773438,201.33999633789062,201.110107421875,201.25999450683594,32216,0.0,0.0
2024-12-18 14:20:00-05:00,201.25999450683594,201.5399932861328,201.2449951171875,201.5,20657,0.0,0.0
2024-12-18 14:21:00-05:00,201.47999572753906,201.5800018310547,201.3699951171875,201.50750732421875,22128,0.0,0.0
2024-12-18 14:22:00-05:00,201.50999450683594,201.79800415039062,201.47000122070312,201.72500610351562,37230,0.0,0.0
2024-12-18 14:23:00-05:00,201.7100067138672,201.80999755859375,201.6300048828125,201.6300048828125,23444,0.0,0.0
2024-12-18 14:24:00-05:00,201.6300048828125,201.9250030517578,201.5850067138672,201.88999938964844,24798,0.0,0.0
2024-12-18 14:25:00-05:00,201.88999938964844,201.88999938964844,201.5500030517578,201.55999755859375,28875,0.0,0.0
2024-12-18 14:26:00-05:00,201.55999755859375,201.6999969482422,201.52000427246094,201.5399932861328,18547,0.0,0.0
2024-12-18 14:27:00-05:00,201.50999450683594,201.57000732421875,201.36500549316406,201.4199981689453,29072,0.0,0.0
2024-12-18 14:28:00-05:00,201.33999633789062,201.40989685058594,200.88999938964844,200.88999938964844,42011,0.0,0.0
2024-12-18 14:29:00-05:00,200.8800048828125,200.92050170898438,200.60000610351562,200.67210388183594,41932,0.0,0.0
2024-12-18 14:30:00-05:00,200.75999450683594,200.75999450683594,200.36439514160156,200.42730712890625,36125,0.0,0.0
2024-12-18 14:31:00-05:00,200.3975067138672,201.16610717773438,200.39500427246094,201.08999633789062,40018,0.0,0.0
2024-12-18 14:32:00-05:00,201.0749969482422,201.47999572753906,201.0749969482422,201.30499267578125,19336,0.0,0.0
2024-12-18 14:33:00-05:00,201.30999755859375,201.41000366210938,201.1300048828125,201.3300018310547,27618,0.0,0.0
2024-12-18 14:34:00-05:00,201.2949981689453,201.3647003173828,201.1300048828125,201.1999969482422,18368,0.0,0.0
2024-12-18 14:35:00-05:00,201.24000549316406,201.25,200.99000549316406,201.18600463867188,22348,0.0,0.0
2024-12-18 14:36:00-05:00,201.1699981689453,201.1699981689453,200.86000061035156,200.9250030517578,11755,0.0,0.0
2024-12-18 14:37:00-05:00,200.9250030517578,200.96409606933594,200.6300048828125,200.6699981689453,19854,0.0,0.0
2024-12-18 14:38:00-05:00,200.63999938964844,200.6699981689453,200.25,200.27000427246094,31362,0.0,0.0
2024-12-18 14:39:00-05:00,200.25,200.6999969482422,200.25,200.6300048828125,21727,0.0,0.0
2024-12-18 14:40:00-05:00,200.6300048828125,200.94000244140625,200.5800018310547,200.77999877929688,25807,0.0,0.0
2024-12-18 14:41:00-05:00,200.722900390625,200.85000610351562,200.5500030517578,200.77999877929688,17839,0.0,0.0
2024-12-18 14:42:00-05:00,200.72000122070312,200.76007080078125,200.4499969482422,200.52000427246094,12193,0.0,0.0
2024-12-18 14:43:00-05:00,200.52499389648438,200.52499389648438,200.35000610351562,200.42999267578125,16796,0.0,0.0
2024-12-18 14:44:00-05:00,200.42999267578125,200.52999877929688,200.27999877929688,200.27999877929688,36804,0.0,0.0
2024-12-18 14:45:00-05:00,200.22999572753906,200.32000732421875,199.89999389648438,200.0,65403,0.0,0.0
2024-12-18 14:46:00-05:00,200.00999450683594,200.00999450683594,199.60000610351562,199.7104034423828,38970,0.0,0.0
2024-12-18 14:47:00-05:00,199.64500427246094,199.80999755859375,199.4499969482422,199.576904296875,35155,0.0,0.0
2024-12-18 14:48:00-05:00,199.52000427246094,199.6300048828125,199.1800994873047,199.3350067138672,35772,0.0,0.0
2024-12-18 14:49:00-05:00,199.36000061035156,199.91000366210938,199.31500244140625,199.8699951171875,30639,0.0,0.0
2024-12-18 14:50:00-05:00,199.86000061035156,200.0500030517578,199.66000366210938,199.7899932861328,36532,0.0,0.0
2024-12-18 14:51:00-05:00,199.75999450683594,200.2899932861328,199.75999450683594,200.0,35069,0.0,0.0
2024-12-18 14:52:00-05:00,200.0,200.0800018310547,199.82009887695312,199.9199981689453,43184,0.0,0.0
2024-12-18 14:53:00-05:00,199.85000610351562,199.885498046875,199.36000061035156,199.5500030517578,24641,0.0,0.0
2024-12-18 14:54:00-05:00,199.55499267578125,199.6199951171875,199.1999969482422,199.22000122070312,17126,0.0,0.0
2024-12-18 14:55:00-05:00,199.22000122070312,199.3000030517578,199.05999755859375,199.05999755859375,49316,0.0,0.0
2024-12-18 14:56:00-05:00,199.07000732421875,199.10000610351562,198.5800018310547,198.5800018310547,54281,0.0,0.0
2024-12-18 14:57:00-05:00,198.6300048828125,198.77999877929688,198.5,198.57000732421875,27691,0.0,0.0
2024-12-18 14:58:00-05:00,198.63499450683594,198.8000030517578,198.38499450683594,198.47999572753906,30342,0.0,0.0
2024-12-18 14:59:00-05:00,198.48500061035156,198.7100067138672,198.4600067138672,198.6699981689453,97989,0.0,0.0
2024-12-18 15:00:00-05:00,198.6999969482422,198.90139770507812,198.37420654296875,198.83999633789062,31402,0.0,0.0
2024-12-18 15:01:00-05:00,198.72000122070312,198.7698974609375,198.42010498046875,198.4550018310547,20764,0.0,0.0
2024-12-18 15:02:00-05:00,198.5,198.5,198.0200958251953,198.22999572753906,26923,0.0,0.0
2024-12-18 15:03:00-05:00,198.2100067138672,198.29879760742188,197.8262939453125,197.8262939453125,35471,0.0,0.0
2024-12-18 15:04:00-05:00,197.9199981689453,198.1999969482422,197.8845977783203,197.9199981689453,20004,0.0,0.0
2024-12-18 15:05:00-05:00,197.9199981689453,198.08999633789062,197.83999633789062,197.97000122070312,38557,0.0,0.0
2024-12-18 15:06:00-05:00,197.9199981689453,198.34500122070312,197.9199981689453,198.27999877929688,23328,0.0,0.0
2024-12-18 15:07:00-05:00,198.2899932861328,198.44650268554688,197.97000122070312,198.0,25914,0.0,0.0
2024-12-18 15:08:00-05:00,197.98500061035156,197.99240112304688,197.55999755859375,197.66000366210938,43298,0.0,0.0
2024-12-18 15:09:00-05:00,197.66000366210938,197.9499969482422,197.60000610351562,197.72999572753906,34444,0.0,0.0
2024-12-18 15:10:00-05:00,197.66000366210938,197.72959899902344,197.10000610351562,197.154296875,82250,0.0,0.0
2024-12-18 15:11:00-05:00,197.22000122070312,197.41000366210938,197.1627960205078,197.27000427246094,51126,0.0,0.0
2024-12-18 15:12:00-05:00,197.24000549316406,197.3300018310547,196.89999389648438,197.22999572753906,55399,0.0,0.0
2024-12-18 15:13:00-05:00,197.35000610351562,197.6009979248047,197.1112060546875,197.42999267578125,35754,0.0,0.0
2024-12-18 15:14:00-05:00,197.42999267578125,197.9499969482422,197.39930725097656,197.7949981689453,30591,0.0,0.0
2024-12-18 15:15:00-05:00,197.7100067138672,197.8623046875,197.42999267578125,197.52999877929688,22769,0.0,0.0
2024-12-18 15:16:00-05:00,197.51499938964844,197.75,197.47000122070312,197.69000244140625,28692,0.0,0.0
2024-12-18 15:17:00-05:00,197.69000244140625,197.69000244140625,197.3699951171875,197.39999389648438,34042,0.0,0.0
2024-12-18 15:18:00-05:00,197.39999389648438,197.58999633789062,197.16009521484375,197.23219299316406,27735,0.0,0.0
2024-12-18 15:19:00-05:00,197.2100067138672,197.3699951171875,197.10009765625,197.3000030517578,15982,0.0,0.0
2024-12-18 15:20:00-05:00,197.32000732421875,197.7899932861328,197.32000732421875,197.5894012451172,39976,0.0,0.0
2024-12-18 15:21:00-05:00,197.52999877929688,198.07000732421875,197.42999267578125,198.0399932861328,30069,0.0,0.0
2024-12-18 15:22:00-05:00,198.02000427246094,198.07000732421875,197.67999267578125,197.73939514160156,53631,0.0,0.0
2024-12-18 15:23:00-05:00,197.71499633789062,197.89190673828125,197.61000061035156,197.68499755859375,29271,0.0,0.0
2024-12-18 15:24:00-05:00,197.68499755859375,197.68499755859375,197.42999267578125,197.51499938964844,47001,0.0,0.0
2024-12-18 15:25:00-05:00,197.5124969482422,197.58999633789062,197.0,197.09500122070312,86643,0.0,0.0
2024-12-18 15:26:00-05:00,197.17999267578125,197.30999755859375,197.02110290527344,197.08999633789062,30580,0.0,0.0
2024-12-18 15:27:00-05:00,197.09300231933594,197.17999267578125,196.66000366210938,196.77000427246094,61202,0.0,0.0
2024-12-18 15:28:00-05:00,196.72999572753906,196.74000549316406,196.4207000732422,196.58999633789062,45514,0.0,0.0
2024-12-18 15:29:00-05:00,196.6300048828125,196.89999389648438,196.61000061035156,196.6999969482422,31443,0.0,0.0
2024-12-18 15:30:00-05:00,196.77999877929688,197.17999267578125,196.72000122070312,196.8000030517578,33198,0.0,0.0
2024-12-18 15:31:00-05:00,196.7899932861328,196.83999633789062,196.44000244140625,196.48500061035156,43753,0.0,0.0
2024-12-18 15:32:00-05:00,196.4600067138672,196.50709533691406,196.17770385742188,196.22999572753906,41149,0.0,0.0
2024-12-18 15:33:00-05:00,196.22999572753906,196.36000061035156,195.8800048828125,195.91000366210938,126815,0.0,0.0
2024-12-18 15:34:00-05:00,195.89999389648438,196.0800018310547,195.74000549316406,195.94000244140625,37254,0.0,0.0
2024-12-18 15:35:00-05:00,195.9031982421875,195.97999572753906,195.6300048828125,195.8000030517578,51480,0.0,0.0
2024-12-18 15:36:00-05:00,195.7949981689453,195.9600067138672,195.7100067138672,195.8000030517578,90298,0.0,0.0
2024-12-18 15:37:00-05:00,195.8000030517578,195.85000610351562,195.36000061035156,195.47500610351562,141640,0.0,0.0
2024-12-18 15:38:00-05:00,195.49000549316406,195.50999450683594,195.25,195.3000030517578,62048,0.0,0.0
2024-12-18 15:39:00-05:00,195.3350067138672,195.3699951171875,194.60000610351562,194.91000366210938,112281,0.0,0.0
2024-12-18 15:40:00-05:00,194.85000610351562,194.9149932861328,194.3699951171875,194.9149932861328,62886,0.0,0.0
2024-12-18 15:41:00-05:00,194.99000549316406,195.02000427246094,194.1300048828125,194.25999450683594,113630,0.0,0.0
2024-12-18 15:42:00-05:00,194.25999450683594,194.4499969482422,193.9600067138672,194.32000732421875,172336,0.0,0.0
2024-12-18 15:43:00-05:00,194.2899932861328,194.9199981689453,194.13999938964844,194.875,59876,0.0,0.0
2024-12-18 15:44:00-05:00,194.875,194.9199981689453,194.05999755859375,194.1300048828125,80257,0.0,0.0
2024-12-18 15:45:00-05:00,194.08999633789062,194.86000061035156,194.02999877929688,194.80999755859375,53687,0.0,0.0
2024-12-18 15:46:00-05:00,194.8000030517578,195.5299072265625,194.8000030517578,195.27560424804688,90362,0.0,0.0
2024-12-18 15:47:00-05:00,195.2949981689453,195.52999877929688,194.82000732421875,195.5050048828125,55241,0.0,0.0
2024-12-18 15:48:00-05:00,195.5500030517578,196.0500030517578,195.52999877929688,195.8708038330078,98395,0.0,0.0
2024-12-18 15:49:00-05:00,195.88999938964844,196.11000061035156,195.6699981689453,196.05999755859375,67270,0.0,0.0
2024-12-18 15:50:00-05:00,196.1699981689453,196.63999938964844,195.97000122070312,196.4499969482422,75167,0.0,0.0
2024-12-18 15:51:00-05:00,196.39300537109375,196.6925048828125,196.3000030517578,196.5500030517578,59673,0.0,0.0
2024-12-18 15:52:00-05:00,196.5500030517578,197.0,196.24000549316406,196.91000366210938,59348,0.0,0.0
2024-12-18 15:53:00-05:00,196.88999938964844,196.89999389648438,196.50999450683594,196.7100067138672,57082,0.0,0.0
2024-12-18 15:54:00-05:00,196.75999450683594,197.25,196.75999450683594,197.22000122070312,61775,0.0,0.0
2024-12-18 15:55:00-05:00,197.1300048828125,197.13499450683594,196.32589721679688,196.34500122070312,76748,0.0,0.0
2024-12-18 15:56:00-05:00,196.34500122070312,196.5,196.0800018310547,196.0800018310547,89597,0.0,0.0
2024-12-18 15:57:00-05:00,196.11000061035156,196.4499969482422,196.11000061035156,196.24000549316406,101408,0.0,0.0
2024-12-18 15:58:00-05:00,196.22000122070312,196.32699584960938,196.08999633789062,196.21730041503906,133860,0.0,0.0
2024-12-18 15:59:00-05:00,196.1999969482422,196.1999969482422,195.36000061035156,195.5,415366,0.0,0.0
2024-12-18 16:00:00-05:00,195.58,196.5,194.99,195.7,1213150,0.0,0.0
2024-12-18 16:01:00-05:00,195.37,196.07,194.12,194.1627,0,0.0,0.0
2024-12-18 16:02:00-05:00,195.4999,196.49,194.12,196.49,0,0.0,0.0
2024-12-18 16:03:00-05:00,194.5,196.71,194.5,195.5,0,0.0,0.0
2024-12-18 16:04:00-05:00,195.5,196.7088,194.15,194.36,0,0.0,0.0
2024-12-18 16:05:00-05:00,194.62,195.56,194.0,194.12,0,0.0,0.0
2024-12-18 16:06:00-05:00,194.0,194.71,193.95,194.17,0,0.0,0.0
2024-12-18 16:07:00-05:00,194.05,194.52,193.5,194.24,0,0.0,0.0
2024-12-18 16:08:00-05:00,194.24,195.0,193.85,194.0,0,0.0,0.0
2024-12-18 16:09:00-05:00,193.85,195.0,193.85,193.97,0,0.0,0.0
2024-12-18 16:10:00-05:00,193.97,195.0,193.85,194.0,0,0.0,0.0
2024-12-18 16:11:00-05:00,195.0,195.0,193.97,194.05,0,0.0,0.0
2024-12-18 16:12:00-05:00,194.4,195.0,194.0,194.1,0,0.0,0.0
2024-12-18 16:13:00-05:00,194.39,195.0,194.0,194.2,0,0.0,0.0
2024-12-18 16:14:00-05:00,194.38,201.79,194.2,194.75,0,0.0,0.0
2024-12-18 16:15:00-05:00,194.71,195.56,194.26,194.8,0,0.0,0.0
2024-12-18 16:16:00-05:00,194.78,195.0,194.441,195.0,0,0.0,0.0
2024-12-18 16:17:00-05:00,194.97,195.0,194.5,195.0,0,0.0,0.0
2024-12-18 16:18:00-05:00,195.0,195.0,194.44,194.55,0,0.0,0.0
2024-12-18 16:19:00-05:00,194.55,195.0,194.55,194.93,0,0.0,0.0
2024-12-18 16:20:00-05:00,194.6,195.56,194.44,194.78,0,0.0,0.0
2024-12-18 16:21:00-05:00,194.9,195.0,194.56,195.0,0,0.0,0.0
2024-12-18 16:22:00-05:00,194.57,195.0,194.57,194.94,0,0.0,0.0
2024-12-18 16:23:00-05:00,194.82,195.0,194.61,195.0,0,0.0,0.0
2024-12-18 16:24:00-05:00,195.5,195.5,194.8662,195.48,0,0.0,0.0
2024-12-18 16:25:00-05:00,195.48,195.5,194.63,195.15,0,0.0,0.0
2024-12-18 16:26:00-05:00,195.5,195.5,194.9384,195.31,0,0.0,0.0
2024-12-18 16:27:00-05:00,195.31,195.5,194.8,194.81,0,0.0,0.0
2024-12-18 16:28:00-05:00,195.0,195.5,194.86,195.39,0,0.0,0.0
2024-12-18 16:29:00-05:00,195.0,195.5,195.0,195.31,0,0.0,0.0
2024-12-18 16:30:00-05:00,195.28,195.56,195.03,195.2,0,0.0,0.0
2024-12-18 16:31:00-05:00,195.47,195.47,195.03,195.24,0,0.0,0.0
2024-12-18 16:32:00-05:00,195.26,195.47,195.19,195.46,0,0.0,0.0
2024-12-18 16:33:00-05:00,195.4,195.47,195.21,195.47,0,0.0,0.0
2024-12-18 16:34:00-05:00,195.22,195.33,195.14,195.2,0,0.0,0.0
2024-12-18 16:35:00-05:00,195.19,195.25,195.05,195.25,0,0.0,0.0
2024-12-18 16:36:00-05:00,195.11,195.47,195.05,195.05,0,0.0,0.0
2024-12-18 16:37:00-05:00,195.25,195.47,195.0501,195.3,0,0.0,0.0
2024-12-18 16:38:00-05:00,195.3996,195.4,195.05,195.4,0,0.0,0.0
2024-12-18 16:39:00-05:00,195.4,195.47,195.37,195.44,0,0.0,0.0
2024-12-18 16:40:00-05:00,195.45,195.47,195.0961,195.39,0,0.0,0.0
2024-12-18 16:41:00-05:00,195.42,195.5,195.1,195.49,0,0.0,0.0
2024-12-18 16:42:00-05:00,195.48,195.49,195.1,195.28,0,0.0,0.0
2024-12-18 16:43:00-05:00,195.28,195.49,195.1,195.31,0,0.0,0.0
2024-12-18 16:44:00-05:00,195.35,195.49,195.1031,195.23,0,0.0,0.0
2024-12-18 16:45:00-05:00,195.23,195.49,195.23,195.4,0,0.0,0.0
2024-12-18 16:46:00-05:00,195.4,195.43,195.31,195.43,0,0.0,0.0
2024-12-18 16:47:00-05:00,195.33,195.49,195.28,195.4,0,0.0,0.0
2024-12-18 16:48:00-05:00,195.34,195.49,195.33,195.4,0,0.0,0.0
2024-12-18 16:50:00-05:00,195.35,195.35,195.08,195.34,0,0.0,0.0
2024-12-18 16:51:00-05:00,195.25,195.35,195.04,195.2,0,0.0,0.0
2024-12-18 16:52:00-05:00,195.1,195.35,195.04,195.09,0,0.0,0.0
2024-12-18 16:53:00-05:00,195.0625,195.35,195.04,195.2,0,0.0,0.0
2024-12-18 16:54:00-05:00,195.2,195.35,195.2,195.35,0,0.0,0.0
2024-12-18 16:55:00-05:00,195.2,195.41,195.2,195.339,0,0.0,0.0
2024-12-18 16:56:00-05:00,195.33,195.34,195.21,195.26,0,0.0,0.0
2024-12-18 16:57:00-05:00,195.34,195.34,195.21,195.34,0,0.0,0.0
2024-12-18 16:58:00-05:00,195.34,195.34,195.2109,195.33,0,0.0,0.0
2024-12-18 16:59:00-05:00,195.33,195.56,195.11,195.29,0,0.0,0.0
2024-12-18 17:00:00-05:00,195.14,195.34,195.14,195.3,0,0.0,0.0
2024-12-18 17:01:00-05:00,195.3,195.35,195.122,195.29,0,0.0,0.0
2024-12-18 17:02:00-05:00,195.29,195.49,195.29,195.41,0,0.0,0.0
2024-12-18 17:03:00-05:00,195.4,195.48,195.31,195.31,0,0.0,0.0
2024-12-18 17:04:00-05:00,195.3,195.48,195.3,195.47,0,0.0,0.0
2024-12-18 17:05:00-05:00,195.47,195.48,195.25,195.2615,0,0.0,0.0
2024-12-18 17:06:00-05:00,195.3,195.47,195.3,195.3142,0,0.0,0.0
2024-12-18 17:07:00-05:00,195.47,195.4776,195.31,195.31,0,0.0,0.0
2024-12-18 17:08:00-05:00,195.36,196.0,195.33,196.0,0,0.0,0.0
2024-12-18 17:09:00-05:00,195.78,195.99,195.48,195.4996,0,0.0,0.0
2024-12-18 17:10:00-05:00,195.61,195.77,195.6,195.68,0,0.0,0.0
2024-12-18 17:11:00-05:00,195.77,195.99,195.68,195.94,0,0.0,0.0
2024-12-18 17:12:00-05:00,195.86,195.99,195.8,195.8,0,0.0,0.0
2024-12-18 17:13:00-05:00,195.98,195.99,195.8,195.8,0,0.0,0.0
2024-12-18 17:14:00-05:00,195.99,196.38,195.86,196.32,0,0.0,0.0
2024-12-18 17:15:00-05:00,196.02,196.38,196.0,196.37,0,0.0,0.0
2024-12-18 17:16:00-05:00,196.37,196.38,183.84,196.15,0,0.0,0.0
2024-12-18 17:17:00-05:00,196.3,197.2,196.25,196.5,0,0.0,0.0
2024-12-18 17:18:00-05:00,196.5,197.2,196.38,196.49,0,0.0,0.0
2024-12-18 17:19:00-05:00,196.5,196.73,196.26,196.73,0,0.0,0.0
2024-12-18 17:20:00-05:00,196.59,196.8,196.26,196.38,0,0.0,0.0
2024-12-18 17:21:00-05:00,196.26,196.8,196.26,196.53,0,0.0,0.0
2024-12-18 17:22:00-05:00,196.56,196.8,196.38,196.38,0,0.0,0.0
2024-12-18 17:23:00-05:00,196.45,196.5,196.27,196.27,0,0.0,0.0
2024-12-18 17:24:00-05:00,196.32,196.47,196.32,196.32,0,0.0,0.0
2024-12-18 17:25:00-05:00,196.39,196.46,196.0,196.01,0,0.0,0.0
2024-12-18 17:26:00-05:00,196.35,196.35,195.77,196.34,0,0.0,0.0
2024-12-18 17:27:00-05:00,196.02,196.35,196.0,196.23,0,0.0,0.0
2024-12-18 17:28:00-05:00,196.23,196.35,196.01,196.35,0,0.0,0.0
2024-12-18 17:29:00-05:00,196.33,196.62,196.2,196.3,0,0.0,0.0
2024-12-18 17:30:00-05:00,196.49,196.63,196.22,196.61,0,0.0,0.0
2024-12-18 17:31:00-05:00,197.3,197.3,196.7,196.8,0,0.0,0.0
2024-12-18 17:32:00-05:00,196.85,196.86,196.61,196.61,0,0.0,0.0
2024-12-18 17:33:00-05:00,196.8,196.8,196.67,196.79,0,0.0,0.0
2024-12-18 17:34:00-05:00,196.8,197.2,196.61,196.8,0,0.0,0.0
2024-12-18 17:35:00-05:00,196.8,196.9,196.61,196.85,0,0.0,0.0
2024-12-18 17:36:00-05:00,196.8,196.9,196.61,196.61,0,0.0,0.0
2024-12-18 17:37:00-05:00,196.88,197.2,196.63,197.2,0,0.0,0.0
2024-12-18 17:38:00-05:00,196.8942,197.2,196.77,196.88,0,0.0,0.0
2024-12-18 17:39:00-05:00,196.89,196.95,196.61,196.95,0,0.0,0.0
2024-12-18 17:40:00-05:00,196.79,196.81,196.61,196.79,0,0.0,0.0
2024-12-18 17:41:00-05:00,196.79,196.95,196.7,196.8,0,0.0,0.0
2024-12-18 17:42:00-05:00,196.84,197.0,196.77,196.9,0,0.0,0.0
2024-12-18 17:43:00-05:00,196.85,197.0,196.75,196.75,0,0.0,0.0
2024-12-18 17:44:00-05:00,196.96,197.2,196.75,196.95,0,0.0,0.0
2024-12-18 17:45:00-05:00,196.75,197.2,196.75,196.95,0,0.0,0.0
2024-12-18 17:46:00-05:00,196.8,196.8,196.66,196.73,0,0.0,0.0
2024-12-18 17:47:00-05:00,196.75,196.75,196.4,196.69,0,0.0,0.0
2024-12-18 17:48:00-05:00,196.41,196.64,196.4,196.64,0,0.0,0.0
2024-12-18 17:49:00-05:00,196.65,196.75,196.55,196.75,0,0.0,0.0
2024-12-18 17:50:00-05:00,196.69,197.18,196.53,197.18,0,0.0,0.0
2024-12-18 17:51:00-05:00,196.89,196.95,196.89,196.9,0,0.0,0.0
2024-12-18 17:52:00-05:00,196.9,196.9,196.7,196.71,0,0.0,0.0
2024-12-18 17:53:00-05:00,196.7,197.18,196.7,196.85,0,0.0,0.0
2024-12-18 17:54:00-05:00,196.85,196.85,196.75,196.85,0,0.0,0.0
2024-12-18 17:55:00-05:00,196.8,196.96,196.8,196.96,0,0.0,0.0
2024-12-18 17:56:00-05:00,196.96,197.9,196.7,196.88,0,0.0,0.0
2024-12-18 17:57:00-05:00,197.0,197.24,196.88,197.23,0,0.0,0.0
2024-12-18 17:58:00-05:00,197.0,197.24,197.0,197.2,0,0.0,0.0
2024-12-18 17:59:00-05:00,197.23,197.24,196.88,197.2,0,0.0,0.0
2024-12-18 18:00:00-05:00,197.2373,197.3,196.8,196.8,0,0.0,0.0
2024-12-18 18:01:00-05:00,197.06,197.06,196.5,196.5,0,0.0,0.0
2024-12-18 18:02:00-05:00,196.74,196.99,196.51,196.65,0,0.0,0.0
2024-12-18 18:03:00-05:00,196.65,196.875,196.5,196.5,0,0.0,0.0
2024-12-18 18:04:00-05:00,196.41,196.46,196.4,196.45,0,0.0,0.0
2024-12-18 18:05:00-05:00,196.4,196.4,196.4,196.4,0,0.0,0.0
2024-12-18 18:06:00-05:00,196.4,197.0,196.4,196.4,0,0.0,0.0
2024-12-18 18:07:00-05:00,196.4,197.0,196.2,196.2,0,0.0,0.0
2024-12-18 18:08:00-05:00,196.4,197.0,196.4,196.41,0,0.0,0.0
2024-12-18 18:09:00-05:00,196.41,196.42,196.4,196.4,0,0.0,0.0
2024-12-18 18:10:00-05:00,196.42,196.54,196.42,196.54,0,0.0,0.0
2024-12-18 18:11:00-05:00,197.0,197.0,196.4,196.4,0,0.0,0.0
2024-12-18 18:12:00-05:00,196.54,196.75,196.4,196.54,0,0.0,0.0
2024-12-18 18:13:00-05:00,196.5,196.87,196.5,196.53,0,0.0,0.0
2024-12-18 18:14:00-05:00,196.5,196.51,196.5,196.51,0,0.0,0.0
2024-12-18 18:15:00-05:00,196.5,196.86,196.5,196.5,0,0.0,0.0
2024-12-18 18:16:00-05:00,196.6,197.0,196.4,197.0,0,0.0,0.0
2024-12-18 18:17:00-05:00,196.54,197.0,196.5,196.54,0,0.0,0.0
2024-12-18 18:18:00-05:00,196.5,196.5966,196.3,196.5966,0,0.0,0.0
2024-12-18 18:19:00-05:00,196.5,196.588,196.33,196.33,0,0.0,0.0
2024-12-18 18:20:00-05:00,196.6,196.6,196.49,196.5,0,0.0,0.0
2024-12-18 18:21:00-05:00,196.53,196.6,196.5,196.6,0,0.0,0.0
2024-12-18 18:22:00-05:00,196.6,196.6,196.52,196.59,0,0.0,0.0
2024-12-18 18:23:00-05:00,196.6,196.95,196.5,196.63,0,0.0,0.0
2024-12-18 18:24:00-05:00,196.65,196.68,196.4,196.68,0,0.0,0.0
2024-12-18 18:25:00-05:00,196.8,196.8,196.65,196.65,0,0.0,0.0
2024-12-18 18:26:00-05:00,196.7,196.77,196.64,196.64,0,0.0,0.0
2024-12-18 18:27:00-05:00,196.7,196.95,196.63,196.63,0,0.0,0.0
2024-12-18 18:28:00-05:00,196.68,196.95,196.65,196.95,0,0.0,0.0
2024-12-18 18:29:00-05:00,196.95,196.95,196.77,196.77,0,0.0,0.0
2024-12-18 18:30:00-05:00,196.77,196.95,196.77,196.9,0,0.0,0.0
2024-12-18 18:31:00-05:00,196.92,196.9794,196.9,196.9,0,0.0,0.0
2024-12-18 18:32:00-05:00,196.94,196.94,196.9,196.9,0,0.0,0.0
2024-12-18 18:33:00-05:00,196.86,196.9,196.8,196.9,0,0.0,0.0
2024-12-18 18:34:00-05:00,196.89,197.0,196.75,196.92,0,0.0,0.0
2024-12-18 18:35:00-05:00,196.89,197.0,196.76,197.0,0,0.0,0.0
2024-12-18 18:36:00-05:00,196.76,196.89,196.75,196.87,0,0.0,0.0
2024-12-18 18:37:00-05:00,196.87,197.0,196.75,196.75,0,0.0,0.0
2024-12-18 18:38:00-05:00,197.0,197.0,197.0,197.0,0,0.0,0.0
2024-12-18 18:39:00-05:00,196.87,197.0,196.75,196.87,0,0.0,0.0
2024-12-18 18:40:00-05:00,196.85,196.88,196.75,196.88,0,0.0,0.0
2024-12-18 18:41:00-05:00,196.79,196.88,196.78,196.78,0,0.0,0.0
2024-12-18 18:42:00-05:00,196.74,196.84,195.56,196.73,0,0.0,0.0
2024-12-18 18:43:00-05:00,196.77,196.77,196.25,196.31,0,0.0,0.0
2024-12-18 18:44:00-05:00,196.7,196.7,196.25,196.25,0,0.0,0.0
2024-12-18 18:45:00-05:00,196.25,196.32,196.25,196.25,0,0.0,0.0
2024-12-18 18:46:00-05:00,196.64,196.64,196.25,196.25,0,0.0,0.0
2024-12-18 18:47:00-05:00,196.65,196.65,196.58,196.64,0,0.0,0.0
2024-12-18 18:48:00-05:00,196.64,196.64,196.311,196.59,0,0.0,0.0
2024-12-18 18:49:00-05:00,196.59,196.59,196.58,196.58,0,0.0,0.0
2024-12-18 18:50:00-05:00,196.22,196.59,196.21,196.21,0,0.0,0.0
2024-12-18 18:51:00-05:00,196.25,196.4,196.21,196.35,0,0.0,0.0
2024-12-18 18:52:00-05:00,196.21,196.39,196.21,196.39,0,0.0,0.0
2024-12-18 18:53:00-05:00,196.3,196.3888,196.25,196.25,0,0.0,0.0
2024-12-18 18:54:00-05:00,196.3,196.39,196.27,196.27,0,0.0,0.0
2024-12-18 18:55:00-05:00,196.39,196.39,196.35,196.38,0,0.0,0.0
2024-12-18 18:56:00-05:00,196.39,196.39,196.38,196.39,0,0.0,0.0
2024-12-18 18:57:00-05:00,196.38,196.38,196.2505,196.2505,0,0.0,0.0
2024-12-18 18:58:00-05:00,196.38,196.49,196.3,196.3,0,0.0,0.0
2024-12-18 18:59:00-05:00,196.41,196.41,196.36,196.39,0,0.0,0.0
2024-12-18 19:00:00-05:00,196.39,196.49,196.25,196.49,0,0.0,0.0
2024-12-18 19:01:00-05:00,196.3,196.49,196.21,196.49,0,0.0,0.0
2024-12-18 19:02:00-05:00,196.39,196.49,196.21,196.49,0,0.0,0.0
2024-12-18 19:03:00-05:00,196.35,196.38,196.22,196.29,0,0.0,0.0
2024-12-18 19:04:00-05:00,196.34,196.35,196.2,196.35,0,0.0,0.0
2024-12-18 19:05:00-05:00,196.35,196.35,195.75,195.75,0,0.0,0.0
2024-12-18 19:06:00-05:00,195.97,195.98,195.75,195.97,0,0.0,0.0
2024-12-18 19:07:00-05:00,195.91,195.98,195.9,195.97,0,0.0,0.0
2024-12-18 19:08:00-05:00,195.97,195.97,195.96,195.96,0,0.0,0.0
2024-12-18 19:09:00-05:00,195.87,195.95,195.86,195.86,0,0.0,0.0
2024-12-18 19:10:00-05:00,195.85,195.86,195.55,195.86,0,0.0,0.0
2024-12-18 19:11:00-05:00,195.86,195.86,195.4,195.6,0,0.0,0.0
2024-12-18 19:12:00-05:00,195.6,195.86,195.5,195.8599,0,0.0,0.0
2024-12-18 19:13:00-05:00,195.61,195.75,195.4,195.4,0,0.0,0.0
2024-12-18 19:14:00-05:00,195.41,195.63,195.4,195.59,0,0.0,0.0
2024-12-18 19:15:00-05:00,195.6,195.8143,195.6,195.8143,0,0.0,0.0
2024-12-18 19:16:00-05:00,195.68,195.86,195.59,195.6,0,0.0,0.0
2024-12-18 19:17:00-05:00,195.6,195.94,195.6,195.94,0,0.0,0.0
2024-12-18 19:18:00-05:00,195.9477,195.9477,195.69,195.69,0,0.0,0.0
2024-12-18 19:19:00-05:00,195.7,195.99,195.7,195.99,0,0.0,0.0
2024-12-18 19:20:00-05:00,195.98,196.0,195.98,196.0,0,0.0,0.0
2024-12-18 19:21:00-05:00,195.99,195.99,195.76,195.99,0,0.0,0.0
2024-12-18 19:22:00-05:00,196.0,196.16,195.7501,196.0,0,0.0,0.0
2024-12-18 19:23:00-05:00,196.15,196.47,196.15,196.16,0,0.0,0.0
2024-12-18 19:24:00-05:00,196.16,196.49,196.16,196.49,0,0.0,0.0
2024-12-18 19:25:00-05:00,196.01,196.29,196.01,196.28,0,0.0,0.0
2024-12-18 19:26:00-05:00,196.28,196.5,196.28,196.47,0,0.0,0.0
2024-12-18 19:27:00-05:00,196.47,196.5,196.47,196.4999,0,0.0,0.0
2024-12-18 19:28:00-05:00,196.5,196.5,196.35,196.35,0,0.0,0.0
2024-12-18 19:29:00-05:00,196.47,196.5,196.47,196.48,0,0.0,0.0
2024-12-18 19:30:00-05:00,196.47,196.5,196.4,196.4,0,0.0,0.0
2024-12-18 19:31:00-05:00,196.47,196.5,196.27,196.4987,0,0.0,0.0
2024-12-18 19:32:00-05:00,196.4,196.4733,196.0092,196.0092,0,0.0,0.0
2024-12-18 19:33:00-05:00,196.45,196.5,196.28,196.5,0,0.0,0.0
2024-12-18 19:34:00-05:00,196.0184,196.5,196.01,196.46,0,0.0,0.0
2024-12-18 19:35:00-05:00,196.2,196.5,196.2,196.46,0,0.0,0.0
2024-12-18 19:36:00-05:00,196.38,196.75,196.38,196.75,0,0.0,0.0
2024-12-18 19:37:00-05:00,196.9,196.99,196.14,196.14,0,0.0,0.0
2024-12-18 19:38:00-05:00,196.73,196.89,196.0,196.8,0,0.0,0.0
2024-12-18 19:39:00-05:00,196.8,196.89,196.52,196.88,0,0.0,0.0
2024-12-18 19:40:00-05:00,196.89,196.89,196.7,196.7,0,0.0,0.0
2024-12-18 19:41:00-05:00,196.89,196.89,196.68,196.88,0,0.0,0.0
2024-12-18 19:42:00-05:00,196.88,196.88,196.51,196.83,0,0.0,0.0
2024-12-18 19:43:00-05:00,196.79,196.79,196.79,196.79,0,0.0,0.0
2024-12-18 19:44:00-05:00,196.77,196.7942,196.4,196.51,0,0.0,0.0
2024-12-18 19:45:00-05:00,196.4,196.95,196.4,196.88,0,0.0,0.0
2024-12-18 19:46:00-05:00,196.88,197.25,196.88,197.16,0,0.0,0.0
2024-12-18 19:47:00-05:00,197.1,197.1,197.08,197.09,0,0.0,0.0
2024-12-18 19:48:00-05:00,197.08,197.08,197.08,197.08,0,0.0,0.0
2024-12-18 19:49:00-05:00,196.98,197.15,196.98,196.99,0,0.0,0.0
2024-12-18 19:50:00-05:00,197.0,197.0,196.92,197.0,0,0.0,0.0
2024-12-18 19:51:00-05:00,196.55,196.98,196.55,196.98,0,0.0,0.0
2024-12-18 19:52:00-05:00,196.98,197.09,196.55,197.045,0,0.0,0.0
2024-12-18 19:53:00-05:00,196.55,197.23,196.55,197.23,0,0.0,0.0
2024-12-18 19:54:00-05:00,197.15,197.22,197.09,197.15,0,0.0,0.0
2024-12-18 19:55:00-05:00,197.18,197.28,197.18,197.2799,0,0.0,0.0
2024-12-18 19:56:00-05:00,197.28,197.3,196.7,197.28,0,0.0,0.0
2024-12-18 19:57:00-05:00,197.01,197.3,197.0,197.3,0,0.0,0.0
2024-12-18 19:58:00-05:00,197.15,197.15,197.0,197.0,0,0.0,0.0
2024-12-18 19:59:00-05:00,197.0,197.045,196.8,197.0,0,0.0,0.0
