time,Open,High,Low,Close,Volume,Dividends,Stock Splits
2024-12-12 04:00:00-05:00,195.5,196.37,195.0,195.27,0,0.0,0.0
2024-12-12 04:01:00-05:00,195.01,195.41,195.01,195.26,0,0.0,0.0
2024-12-12 04:02:00-05:00,195.45,195.46,195.23,195.37,0,0.0,0.0
2024-12-12 04:03:00-05:00,195.37,195.49,195.14,195.31,0,0.0,0.0
2024-12-12 04:04:00-05:00,195.4,195.41,195.36,195.41,0,0.0,0.0
2024-12-12 04:05:00-05:00,195.41,195.45,195.36,195.43,0,0.0,0.0
2024-12-12 04:06:00-05:00,195.45,195.45,195.23,195.33,0,0.0,0.0
2024-12-12 04:07:00-05:00,195.33,195.41,195.23,195.37,0,0.0,0.0
2024-12-12 04:08:00-05:00,195.36,195.43,195.01,195.2,0,0.0,0.0
2024-12-12 04:09:00-05:00,195.08,195.13,195.01,195.13,0,0.0,0.0
2024-12-12 04:10:00-05:00,195.09,195.11,195.01,195.01,0,0.0,0.0
2024-12-12 04:11:00-05:00,195.09,195.19,195.09,195.19,0,0.0,0.0
2024-12-12 04:12:00-05:00,195.19,195.26,195.17,195.26,0,0.0,0.0
2024-12-12 04:13:00-05:00,195.26,195.35,195.21,195.21,0,0.0,0.0
2024-12-12 04:14:00-05:00,195.21,195.26,195.13,195.13,0,0.0,0.0
2024-12-12 04:15:00-05:00,195.2,195.2,195.11,195.19,0,0.0,0.0
2024-12-12 04:16:00-05:00,195.06,195.2,195.06,195.2,0,0.0,0.0
2024-12-12 04:17:00-05:00,195.1,195.19,195.1,195.19,0,0.0,0.0
2024-12-12 04:18:00-05:00,195.19,195.25,195.19,195.22,0,0.0,0.0
2024-12-12 04:19:00-05:00,195.25,195.25,195.25,195.25,0,0.0,0.0
2024-12-12 04:20:00-05:00,195.25,195.25,195.21,195.21,0,0.0,0.0
2024-12-12 04:21:00-05:00,195.21,195.25,195.21,195.25,0,0.0,0.0
2024-12-12 04:22:00-05:00,195.25,195.26,195.05,195.05,0,0.0,0.0
2024-12-12 04:23:00-05:00,195.19,195.19,195.19,195.19,0,0.0,0.0
2024-12-12 04:24:00-05:00,195.16,195.19,195.11,195.19,0,0.0,0.0
2024-12-12 04:26:00-05:00,195.17,195.17,195.14,195.15,0,0.0,0.0
2024-12-12 04:27:00-05:00,195.1,195.15,195.04,195.13,0,0.0,0.0
2024-12-12 04:28:00-05:00,195.17,195.17,195.1,195.1,0,0.0,0.0
2024-12-12 04:29:00-05:00,195.15,195.15,195.15,195.15,0,0.0,0.0
2024-12-12 04:30:00-05:00,195.12,195.19,195.06,195.18,0,0.0,0.0
2024-12-12 04:33:00-05:00,195.02,195.02,195.02,195.02,0,0.0,0.0
2024-12-12 04:35:00-05:00,195.1,195.1,195.1,195.1,0,0.0,0.0
2024-12-12 04:38:00-05:00,195.14,195.14,195.1,195.1,0,0.0,0.0
2024-12-12 04:42:44-05:00,195.1,195.1,195.1,195.1,0,0.0,0.0
