time,Open,High,Low,Close,Volume,Dividends,Stock Splits
2024-12-04 04:00:00-05:00,199.11,199.73,199.0,199.34,0,0.0,0.0
2024-12-04 04:01:00-05:00,199.36,199.51,199.36,199.48,0,0.0,0.0
2024-12-04 04:02:00-05:00,199.38,199.41,199.21,199.32,0,0.0,0.0
2024-12-04 04:03:00-05:00,199.25,199.34,199.19,199.32,0,0.0,0.0
2024-12-04 04:04:00-05:00,199.21,199.28,199.16,199.18,0,0.0,0.0
2024-12-04 04:05:00-05:00,199.21,199.31,199.21,199.22,0,0.0,0.0
2024-12-04 04:06:00-05:00,199.19,199.26,198.8,198.98,0,0.0,0.0
2024-12-04 04:07:00-05:00,199.04,199.1,198.76,198.81,0,0.0,0.0
2024-12-04 04:08:00-05:00,198.95,198.95,198.74,198.81,0,0.0,0.0
2024-12-04 04:09:00-05:00,198.81,198.9,198.73,198.73,0,0.0,0.0
2024-12-04 04:10:00-05:00,198.9,198.9,198.79,198.9,0,0.0,0.0
2024-12-04 04:11:00-05:00,198.9,199.08,198.9,199.07,0,0.0,0.0
2024-12-04 04:12:00-05:00,199.09,199.14,199.08,199.14,0,0.0,0.0
2024-12-04 04:13:00-05:00,199.2,199.2,199.2,199.2,0,0.0,0.0
2024-12-04 04:14:00-05:00,199.32,199.34,199.2,199.2,0,0.0,0.0
2024-12-04 04:15:00-05:00,199.27,199.35,199.27,199.3,0,0.0,0.0
2024-12-04 04:16:00-05:00,199.3,199.53,199.3,199.53,0,0.0,0.0
2024-12-04 04:17:00-05:00,199.5,199.5,199.38,199.47,0,0.0,0.0
2024-12-04 04:18:00-05:00,199.47,199.47,199.47,199.47,0,0.0,0.0
2024-12-04 04:19:00-05:00,199.32,199.47,199.32,199.47,0,0.0,0.0
2024-12-04 04:20:00-05:00,199.47,199.53,199.47,199.53,0,0.0,0.0
2024-12-04 04:21:00-05:00,199.53,199.65,199.47,199.47,0,0.0,0.0
2024-12-04 04:22:00-05:00,199.52,199.52,199.48,199.48,0,0.0,0.0
2024-12-04 04:23:00-05:00,199.5,199.5,199.48,199.48,0,0.0,0.0
2024-12-04 04:24:00-05:00,199.48,199.49,199.44,199.48,0,0.0,0.0
2024-12-04 04:25:00-05:00,199.44,199.48,199.44,199.44,0,0.0,0.0
2024-12-04 04:26:00-05:00,199.49,199.5,199.49,199.5,0,0.0,0.0
2024-12-04 04:27:00-05:00,199.61,199.61,199.57,199.59,0,0.0,0.0
2024-12-04 04:28:00-05:00,199.6,199.6,199.4,199.5,0,0.0,0.0
2024-12-04 04:29:00-05:00,199.44,199.6,199.44,199.5,0,0.0,0.0
2024-12-04 04:30:00-05:00,199.52,199.52,199.35,199.35,0,0.0,0.0
2024-12-04 04:31:00-05:00,199.44,199.45,199.44,199.45,0,0.0,0.0
2024-12-04 04:33:00-05:00,199.5,199.62,199.5,199.55,0,0.0,0.0
2024-12-04 04:34:00-05:00,199.6,199.61,199.6,199.61,0,0.0,0.0
2024-12-04 04:35:00-05:00,199.56,199.75,199.56,199.68,0,0.0,0.0
2024-12-04 04:36:00-05:00,199.68,199.73,199.68,199.69,0,0.0,0.0
2024-12-04 04:37:00-05:00,199.68,199.76,199.68,199.71,0,0.0,0.0
2024-12-04 04:38:00-05:00,199.71,199.76,199.69,199.69,0,0.0,0.0
2024-12-04 04:39:00-05:00,199.69,199.69,199.67,199.69,0,0.0,0.0
2024-12-04 04:40:00-05:00,199.67,199.75,199.67,199.75,0,0.0,0.0
2024-12-04 04:41:00-05:00,199.75,199.76,199.72,199.74,0,0.0,0.0
2024-12-04 04:42:00-05:00,199.74,199.76,199.74,199.76,0,0.0,0.0
2024-12-04 04:43:00-05:00,199.77,199.86,199.76,199.86,0,0.0,0.0
2024-12-04 04:44:00-05:00,199.86,199.91,199.84,199.85,0,0.0,0.0
2024-12-04 04:45:00-05:00,199.91,199.97,199.91,199.97,0,0.0,0.0
2024-12-04 04:46:00-05:00,199.97,200.1,199.95,200.1,0,0.0,0.0
2024-12-04 04:47:00-05:00,200.1,200.2,200.1,200.16,0,0.0,0.0
2024-12-04 04:48:00-05:00,200.16,200.24,200.11,200.14,0,0.0,0.0
2024-12-04 04:49:00-05:00,200.22,200.22,200.13,200.16,0,0.0,0.0
2024-12-04 04:50:00-05:00,200.19,200.29,200.13,200.29,0,0.0,0.0
2024-12-04 04:51:00-05:00,200.23,200.25,200.13,200.13,0,0.0,0.0
2024-12-04 04:52:00-05:00,200.23,200.25,200.12,200.13,0,0.0,0.0
2024-12-04 04:53:00-05:00,200.12,200.24,200.12,200.24,0,0.0,0.0
2024-12-04 04:54:00-05:00,200.1,200.1,200.02,200.03,0,0.0,0.0
2024-12-04 04:55:00-05:00,200.02,200.03,200.02,200.02,0,0.0,0.0
2024-12-04 04:56:00-05:00,200.02,200.03,200.01,200.03,0,0.0,0.0
2024-12-04 04:57:00-05:00,200.03,200.03,199.99,199.99,0,0.0,0.0
2024-12-04 04:58:00-05:00,200.06,200.06,200.01,200.01,0,0.0,0.0
2024-12-04 04:59:00-05:00,200.01,200.01,199.99,199.99,0,0.0,0.0
2024-12-04 05:00:00-05:00,200.03,200.03,199.97,199.99,0,0.0,0.0
2024-12-04 05:01:00-05:00,199.99,200.05,199.99,200.05,0,0.0,0.0
2024-12-04 05:02:00-05:00,199.99,200.15,199.99,200.13,0,0.0,0.0
2024-12-04 05:03:00-05:00,200.13,200.13,200.11,200.11,0,0.0,0.0
2024-12-04 05:04:00-05:00,199.99,200.06,199.99,200.06,0,0.0,0.0
2024-12-04 05:05:00-05:00,200.1,200.12,200.1,200.12,0,0.0,0.0
2024-12-04 05:06:00-05:00,200.1,200.11,200.04,200.11,0,0.0,0.0
2024-12-04 05:08:00-05:00,200.11,200.11,200.05,200.09,0,0.0,0.0
2024-12-04 05:09:00-05:00,200.04,200.05,200.02,200.02,0,0.0,0.0
2024-12-04 05:10:00-05:00,200.05,200.05,199.94,200.01,0,0.0,0.0
2024-12-04 05:11:00-05:00,200.01,200.01,200.0,200.0,0,0.0,0.0
2024-12-04 05:12:00-05:00,200.01,200.01,200.0,200.01,0,0.0,0.0
2024-12-04 05:13:00-05:00,200.01,200.01,200.01,200.01,0,0.0,0.0
2024-12-04 05:14:00-05:00,200.0,200.01,199.83,199.83,0,0.0,0.0
2024-12-04 05:15:00-05:00,199.9,199.97,199.89,199.89,0,0.0,0.0
2024-12-04 05:16:00-05:00,199.89,199.91,199.85,199.9,0,0.0,0.0
2024-12-04 05:17:00-05:00,199.88,199.9,199.87,199.9,0,0.0,0.0
2024-12-04 05:18:00-05:00,199.85,199.87,199.85,199.87,0,0.0,0.0
2024-12-04 05:19:00-05:00,199.85,199.9,199.85,199.9,0,0.0,0.0
2024-12-04 05:20:00-05:00,199.91,199.91,199.85,199.85,0,0.0,0.0
2024-12-04 05:21:00-05:00,199.82,199.84,199.8,199.8,0,0.0,0.0
2024-12-04 05:22:00-05:00,199.83,199.83,199.73,199.73,0,0.0,0.0
2024-12-04 05:23:00-05:00,199.83,199.84,199.72,199.72,0,0.0,0.0
2024-12-04 05:24:00-05:00,199.72,199.75,199.68,199.68,0,0.0,0.0
2024-12-04 05:25:00-05:00,199.68,199.77,199.65,199.65,0,0.0,0.0
2024-12-04 05:26:00-05:00,199.75,199.75,199.65,199.65,0,0.0,0.0
2024-12-04 05:27:00-05:00,199.65,199.66,199.65,199.66,0,0.0,0.0
2024-12-04 05:28:00-05:00,199.7,199.7,199.7,199.7,0,0.0,0.0
2024-12-04 05:29:00-05:00,199.73,199.75,199.7,199.7,0,0.0,0.0
2024-12-04 05:31:00-05:00,199.72,199.85,199.72,199.85,0,0.0,0.0
2024-12-04 05:32:00-05:00,199.74,199.85,199.74,199.85,0,0.0,0.0
2024-12-04 05:33:00-05:00,199.85,199.85,199.85,199.85,0,0.0,0.0
2024-12-04 05:34:00-05:00,199.8,199.81,199.8,199.81,0,0.0,0.0
2024-12-04 05:35:00-05:00,199.85,199.85,199.82,199.82,0,0.0,0.0
2024-12-04 05:36:00-05:00,199.82,199.82,199.81,199.81,0,0.0,0.0
2024-12-04 05:37:00-05:00,199.85,199.85,199.85,199.85,0,0.0,0.0
2024-12-04 05:38:00-05:00,199.81,199.93,199.81,199.85,0,0.0,0.0
2024-12-04 05:40:00-05:00,199.93,199.96,199.9,199.96,0,0.0,0.0
2024-12-04 05:41:00-05:00,199.91,199.96,199.91,199.91,0,0.0,0.0
2024-12-04 05:42:00-05:00,199.96,199.96,199.96,199.96,0,0.0,0.0
2024-12-04 05:43:00-05:00,199.96,199.99,199.95,199.99,0,0.0,0.0
2024-12-04 05:44:00-05:00,199.97,199.97,199.97,199.97,0,0.0,0.0
2024-12-04 05:45:00-05:00,199.99,200.05,199.98,200.05,0,0.0,0.0
2024-12-04 05:47:00-05:00,200.01,200.01,199.97,199.97,0,0.0,0.0
2024-12-04 05:48:00-05:00,199.99,199.99,199.99,199.99,0,0.0,0.0
2024-12-04 05:49:00-05:00,199.99,200.04,199.99,199.99,0,0.0,0.0
2024-12-04 05:50:00-05:00,199.99,199.99,199.84,199.89,0,0.0,0.0
2024-12-04 05:51:00-05:00,199.98,199.98,199.98,199.98,0,0.0,0.0
2024-12-04 05:52:00-05:00,199.94,199.94,199.9,199.9,0,0.0,0.0
2024-12-04 05:53:00-05:00,199.9,199.9,199.82,199.82,0,0.0,0.0
2024-12-04 05:55:00-05:00,199.93,199.96,199.93,199.96,0,0.0,0.0
2024-12-04 05:57:00-05:00,199.96,199.99,199.96,199.99,0,0.0,0.0
2024-12-04 05:58:00-05:00,199.96,199.96,199.95,199.96,0,0.0,0.0
2024-12-04 05:59:00-05:00,199.96,200.03,199.96,200.02,0,0.0,0.0
2024-12-04 06:00:00-05:00,199.99,199.99,199.9,199.9,0,0.0,0.0
2024-12-04 06:01:00-05:00,199.98,199.99,199.98,199.99,0,0.0,0.0
2024-12-04 06:02:00-05:00,199.99,199.99,199.99,199.99,0,0.0,0.0
2024-12-04 06:03:00-05:00,199.99,199.99,199.99,199.99,0,0.0,0.0
2024-12-04 06:04:00-05:00,199.99,199.99,199.88,199.98,0,0.0,0.0
2024-12-04 06:05:00-05:00,199.99,199.99,199.98,199.99,0,0.0,0.0
2024-12-04 06:06:00-05:00,200.0,200.05,199.99,200.05,0,0.0,0.0
2024-12-04 06:07:00-05:00,200.01,200.01,200.01,200.01,0,0.0,0.0
2024-12-04 06:08:00-05:00,200.01,200.01,199.98,199.98,0,0.0,0.0
2024-12-04 06:09:00-05:00,199.97,199.98,199.9,199.9,0,0.0,0.0
2024-12-04 06:10:00-05:00,199.93,199.97,199.93,199.93,0,0.0,0.0
2024-12-04 06:11:00-05:00,199.95,200.05,199.95,200.05,0,0.0,0.0
2024-12-04 06:12:00-05:00,200.0,200.0,199.94,200.0,0,0.0,0.0
2024-12-04 06:13:00-05:00,200.0,200.0,200.0,200.0,0,0.0,0.0
2024-12-04 06:14:00-05:00,199.93,200.0,199.93,200.0,0,0.0,0.0
2024-12-04 06:15:00-05:00,200.0,200.0,200.0,200.0,0,0.0,0.0
2024-12-04 06:17:00-05:00,200.0,200.0,199.89,199.95,0,0.0,0.0
2024-12-04 06:18:00-05:00,200.0,200.0,200.0,200.0,0,0.0,0.0
2024-12-04 06:19:00-05:00,199.95,199.95,199.93,199.93,0,0.0,0.0
2024-12-04 06:20:00-05:00,199.99,200.0,199.95,199.99,0,0.0,0.0
2024-12-04 06:21:00-05:00,199.99,199.99,199.95,199.98,0,0.0,0.0
2024-12-04 06:22:00-05:00,200.0,200.0,199.96,199.99,0,0.0,0.0
2024-12-04 06:23:00-05:00,199.98,199.98,199.98,199.98,0,0.0,0.0
2024-12-04 06:24:00-05:00,199.96,199.96,199.96,199.96,0,0.0,0.0
2024-12-04 06:25:00-05:00,199.98,200.0,199.98,199.98,0,0.0,0.0
2024-12-04 06:26:00-05:00,199.98,199.98,199.96,199.96,0,0.0,0.0
2024-12-04 06:27:00-05:00,199.96,199.96,199.96,199.96,0,0.0,0.0
2024-12-04 06:28:00-05:00,199.96,199.98,199.96,199.96,0,0.0,0.0
2024-12-04 06:29:00-05:00,199.96,200.0,199.96,200.0,0,0.0,0.0
2024-12-04 06:30:00-05:00,199.99,200.0,199.98,199.98,0,0.0,0.0
2024-12-04 06:31:00-05:00,199.97,199.99,199.95,199.96,0,0.0,0.0
2024-12-04 06:32:00-05:00,199.97,200.0,199.97,200.0,0,0.0,0.0
2024-12-04 06:33:00-05:00,200.05,200.05,200.0,200.05,0,0.0,0.0
2024-12-04 06:35:00-05:00,200.05,200.19,200.05,200.15,0,0.0,0.0
2024-12-04 06:36:00-05:00,200.11,200.22,200.11,200.21,0,0.0,0.0
2024-12-04 06:37:00-05:00,200.23,200.23,200.12,200.12,0,0.0,0.0
2024-12-04 06:38:00-05:00,200.21,200.21,200.06,200.17,0,0.0,0.0
2024-12-04 06:40:00-05:00,200.07,200.12,200.07,200.09,0,0.0,0.0
2024-12-04 06:41:00-05:00,200.08,200.18,200.08,200.18,0,0.0,0.0
2024-12-04 06:43:00-05:00,200.14,200.14,200.11,200.11,0,0.0,0.0
2024-12-04 06:44:00-05:00,200.14,200.21,200.14,200.21,0,0.0,0.0
2024-12-04 06:45:00-05:00,200.18,200.18,200.12,200.17,0,0.0,0.0
2024-12-04 06:46:00-05:00,200.11,200.11,200.03,200.06,0,0.0,0.0
2024-12-04 06:47:00-05:00,200.09,200.12,200.05,200.12,0,0.0,0.0
2024-12-04 06:48:00-05:00,200.11,200.11,200.1,200.1,0,0.0,0.0
2024-12-04 06:49:00-05:00,200.1,200.1,200.03,200.03,0,0.0,0.0
2024-12-04 06:50:00-05:00,200.07,200.07,200.07,200.07,0,0.0,0.0
2024-12-04 06:51:00-05:00,200.07,200.13,200.07,200.12,0,0.0,0.0
2024-12-04 06:52:00-05:00,200.11,200.11,200.11,200.11,0,0.0,0.0
2024-12-04 06:53:00-05:00,200.11,200.11,200.11,200.11,0,0.0,0.0
2024-12-04 06:54:00-05:00,200.1,200.1,200.09,200.09,0,0.0,0.0
2024-12-04 06:55:00-05:00,200.1,200.1,200.06,200.06,0,0.0,0.0
2024-12-04 06:56:00-05:00,200.09,200.12,200.09,200.12,0,0.0,0.0
2024-12-04 06:57:00-05:00,200.12,200.16,200.12,200.16,0,0.0,0.0
2024-12-04 06:58:00-05:00,200.12,200.21,200.11,200.21,0,0.0,0.0
2024-12-04 06:59:00-05:00,200.18,200.2,200.17,200.2,0,0.0,0.0
2024-12-04 07:00:00-05:00,200.17,200.17,199.85,200.0,0,0.0,0.0
2024-12-04 07:01:00-05:00,200.0,200.18,199.93,200.1,0,0.0,0.0
2024-12-04 07:02:00-05:00,200.13,200.25,200.13,200.25,0,0.0,0.0
2024-12-04 07:03:00-05:00,200.25,200.3,200.25,200.3,0,0.0,0.0
2024-12-04 07:04:00-05:00,200.29,200.38,200.28,200.29,0,0.0,0.0
2024-12-04 07:05:00-05:00,200.29,200.3,200.25,200.29,0,0.0,0.0
2024-12-04 07:06:00-05:00,200.3,200.3,200.28,200.28,0,0.0,0.0
2024-12-04 07:07:00-05:00,200.28,200.32,200.25,200.31,0,0.0,0.0
2024-12-04 07:08:00-05:00,200.31,200.33,200.3,200.33,0,0.0,0.0
2024-12-04 07:09:00-05:00,200.32,200.35,200.32,200.34,0,0.0,0.0
2024-12-04 07:10:00-05:00,200.34,200.4,200.32,200.4,0,0.0,0.0
2024-12-04 07:11:00-05:00,200.4,200.46,200.4,200.42,0,0.0,0.0
2024-12-04 07:12:00-05:00,200.43,200.43,200.32,200.38,0,0.0,0.0
2024-12-04 07:13:00-05:00,200.34,200.4,200.34,200.4,0,0.0,0.0
2024-12-04 07:14:00-05:00,200.34,200.4,200.33,200.4,0,0.0,0.0
2024-12-04 07:15:00-05:00,200.4,200.45,200.4,200.41,0,0.0,0.0
2024-12-04 07:16:00-05:00,200.4,200.44,200.4,200.4,0,0.0,0.0
2024-12-04 07:17:00-05:00,200.43,200.47,200.41,200.47,0,0.0,0.0
2024-12-04 07:18:00-05:00,200.47,200.55,200.45,200.49,0,0.0,0.0
2024-12-04 07:19:00-05:00,200.47,200.47,200.45,200.45,0,0.0,0.0
2024-12-04 07:20:00-05:00,200.48,200.48,200.39,200.39,0,0.0,0.0
2024-12-04 07:21:00-05:00,200.33,200.44,200.33,200.44,0,0.0,0.0
2024-12-04 07:22:00-05:00,200.44,200.44,200.44,200.44,0,0.0,0.0
2024-12-04 07:23:00-05:00,200.43,200.43,200.43,200.43,0,0.0,0.0
2024-12-04 07:24:00-05:00,200.43,200.43,200.4,200.4,0,0.0,0.0
2024-12-04 07:25:00-05:00,200.4,200.48,200.4,200.43,0,0.0,0.0
2024-12-04 07:26:00-05:00,200.39,200.41,200.39,200.41,0,0.0,0.0
2024-12-04 07:27:00-05:00,200.41,200.5,200.4,200.5,0,0.0,0.0
2024-12-04 07:28:00-05:00,200.47,200.49,200.43,200.43,0,0.0,0.0
2024-12-04 07:29:00-05:00,200.41,200.49,200.41,200.43,0,0.0,0.0
2024-12-04 07:30:00-05:00,200.43,200.45,200.43,200.45,0,0.0,0.0
2024-12-04 07:31:00-05:00,200.43,200.57,200.41,200.51,0,0.0,0.0
2024-12-04 07:32:00-05:00,200.5,200.56,200.46,200.52,0,0.0,0.0
2024-12-04 07:33:00-05:00,200.53,200.55,200.48,200.52,0,0.0,0.0
2024-12-04 07:34:00-05:00,200.52,200.57,200.47,200.53,0,0.0,0.0
2024-12-04 07:35:00-05:00,200.49,200.52,200.43,200.52,0,0.0,0.0
2024-12-04 07:36:00-05:00,200.5,200.5,200.47,200.47,0,0.0,0.0
2024-12-04 07:37:00-05:00,200.48,200.5,200.48,200.5,0,0.0,0.0
2024-12-04 07:38:00-05:00,200.43,200.48,200.4,200.45,0,0.0,0.0
2024-12-04 07:39:00-05:00,200.45,200.58,200.45,200.51,0,0.0,0.0
2024-12-04 07:40:00-05:00,200.5,200.58,200.5,200.57,0,0.0,0.0
2024-12-04 07:41:00-05:00,200.57,200.57,200.57,200.57,0,0.0,0.0
2024-12-04 07:42:00-05:00,200.54,200.57,200.53,200.53,0,0.0,0.0
2024-12-04 07:43:00-05:00,200.57,200.57,200.51,200.51,0,0.0,0.0
2024-12-04 07:44:00-05:00,200.5,200.5,200.4,200.41,0,0.0,0.0
2024-12-04 07:45:00-05:00,200.48,200.59,200.48,200.59,0,0.0,0.0
2024-12-04 07:46:00-05:00,200.58,200.63,200.56,200.56,0,0.0,0.0
2024-12-04 07:47:00-05:00,200.63,200.7,200.6,200.7,0,0.0,0.0
2024-12-04 07:48:00-05:00,200.66,200.75,200.66,200.71,0,0.0,0.0
2024-12-04 07:49:00-05:00,200.69,200.69,200.69,200.69,0,0.0,0.0
2024-12-04 07:50:00-05:00,200.69,200.69,200.54,200.54,0,0.0,0.0
2024-12-04 07:51:00-05:00,200.67,200.68,200.62,200.65,0,0.0,0.0
2024-12-04 07:52:00-05:00,200.68,200.69,200.58,200.58,0,0.0,0.0
2024-12-04 07:53:00-05:00,200.66,200.67,200.66,200.67,0,0.0,0.0
2024-12-04 07:54:00-05:00,200.66,200.67,200.55,200.55,0,0.0,0.0
2024-12-04 07:55:00-05:00,200.59,200.59,200.39,200.41,0,0.0,0.0
2024-12-04 07:56:00-05:00,200.49,200.53,200.49,200.5,0,0.0,0.0
2024-12-04 07:57:00-05:00,200.4,200.47,200.38,200.47,0,0.0,0.0
2024-12-04 07:58:00-05:00,200.46,200.49,200.4,200.4,0,0.0,0.0
2024-12-04 07:59:00-05:00,200.38,200.41,200.33,200.39,0,0.0,0.0
2024-12-04 08:00:00-05:00,198.9115,200.77,198.35,200.39,0,0.0,0.0
2024-12-04 08:01:00-05:00,200.47,200.47,199.14,200.35,0,0.0,0.0
2024-12-04 08:02:00-05:00,200.3,200.3,200.14,200.14,0,0.0,0.0
2024-12-04 08:03:00-05:00,200.1267,200.3,200.0,200.15,0,0.0,0.0
2024-12-04 08:04:00-05:00,200.26,200.26,200.15,200.15,0,0.0,0.0
2024-12-04 08:05:00-05:00,200.15,200.2643,200.15,200.15,0,0.0,0.0
2024-12-04 08:06:00-05:00,200.25,200.33,200.15,200.32,0,0.0,0.0
2024-12-04 08:07:00-05:00,200.15,200.4682,200.15,200.3,0,0.0,0.0
2024-12-04 08:08:00-05:00,200.31,200.31,200.31,200.31,0,0.0,0.0
2024-12-04 08:09:00-05:00,200.34,200.48,200.2,200.4,0,0.0,0.0
2024-12-04 08:10:00-05:00,200.47,200.47,200.4,200.45,0,0.0,0.0
2024-12-04 08:11:00-05:00,200.45,200.47,200.4,200.42,0,0.0,0.0
2024-12-04 08:12:00-05:00,200.45,200.45,200.3012,200.31,0,0.0,0.0
2024-12-04 08:13:00-05:00,200.3,200.43,200.3,200.32,0,0.0,0.0
2024-12-04 08:14:00-05:00,200.35,200.45,200.31,200.45,0,0.0,0.0
2024-12-04 08:15:00-05:00,200.48,200.48,200.361,200.43,0,0.0,0.0
2024-12-04 08:16:00-05:00,200.45,200.45,200.16,200.3,0,0.0,0.0
2024-12-04 08:17:00-05:00,200.44,200.4499,200.2182,200.35,0,0.0,0.0
2024-12-04 08:18:00-05:00,200.34,200.45,200.3,200.34,0,0.0,0.0
2024-12-04 08:19:00-05:00,200.37,200.44,200.34,200.41,0,0.0,0.0
2024-12-04 08:20:00-05:00,200.37,200.438,200.33,200.34,0,0.0,0.0
2024-12-04 08:21:00-05:00,200.37,200.39,200.3,200.39,0,0.0,0.0
2024-12-04 08:22:00-05:00,200.38,200.4399,200.3,200.3,0,0.0,0.0
2024-12-04 08:23:00-05:00,200.41,200.438,200.3,200.3,0,0.0,0.0
2024-12-04 08:24:00-05:00,200.4,200.4,200.3,200.3101,0,0.0,0.0
2024-12-04 08:25:00-05:00,200.31,200.35,200.2,200.29,0,0.0,0.0
2024-12-04 08:26:00-05:00,200.29,200.34,200.23,200.34,0,0.0,0.0
2024-12-04 08:27:00-05:00,200.2394,200.37,200.2394,200.34,0,0.0,0.0
2024-12-04 08:28:00-05:00,200.3,200.34,200.15,200.3,0,0.0,0.0
2024-12-04 08:29:00-05:00,200.24,200.32,200.15,200.3,0,0.0,0.0
2024-12-04 08:30:00-05:00,200.2,200.31,200.15,200.15,0,0.0,0.0
2024-12-04 08:31:00-05:00,200.15,200.29,200.15,200.19,0,0.0,0.0
2024-12-04 08:32:00-05:00,200.19,200.29,200.15,200.29,0,0.0,0.0
2024-12-04 08:33:00-05:00,200.35,200.35,200.15,200.29,0,0.0,0.0
2024-12-04 08:34:00-05:00,200.32,200.3262,200.15,200.3,0,0.0,0.0
2024-12-04 08:35:00-05:00,200.15,200.3,200.15,200.29,0,0.0,0.0
2024-12-04 08:36:00-05:00,200.2,200.35,200.2,200.34,0,0.0,0.0
2024-12-04 08:37:00-05:00,200.35,200.35,200.3,200.31,0,0.0,0.0
2024-12-04 08:38:00-05:00,200.34,200.43,200.28,200.4,0,0.0,0.0
2024-12-04 08:39:00-05:00,200.4,200.44,200.362,200.44,0,0.0,0.0
2024-12-04 08:40:00-05:00,200.44,200.48,200.4321,200.46,0,0.0,0.0
2024-12-04 08:41:00-05:00,200.46,200.47,200.23,200.44,0,0.0,0.0
2024-12-04 08:42:00-05:00,200.3,200.48,200.3,200.35,0,0.0,0.0
2024-12-04 08:43:00-05:00,200.43,200.4776,200.3012,200.3012,0,0.0,0.0
2024-12-04 08:44:00-05:00,200.4,200.48,200.4,200.45,0,0.0,0.0
2024-12-04 08:45:00-05:00,200.2576,200.48,200.2,200.2,0,0.0,0.0
2024-12-04 08:46:00-05:00,200.41,200.48,200.2,200.2,0,0.0,0.0
2024-12-04 08:47:00-05:00,200.39,200.39,200.2132,200.39,0,0.0,0.0
2024-12-04 08:48:00-05:00,200.39,200.45,200.3,200.44,0,0.0,0.0
2024-12-04 08:49:00-05:00,200.37,200.45,200.24,200.335,0,0.0,0.0
2024-12-04 08:50:00-05:00,200.45,200.45,200.22,200.22,0,0.0,0.0
2024-12-04 08:51:00-05:00,200.22,200.45,200.22,200.335,0,0.0,0.0
2024-12-04 08:52:00-05:00,200.335,200.45,200.22,200.22,0,0.0,0.0
2024-12-04 08:53:00-05:00,200.281,200.45,200.22,200.335,0,0.0,0.0
2024-12-04 08:54:00-05:00,200.32,200.335,200.23,200.31,0,0.0,0.0
2024-12-04 08:55:00-05:00,200.335,200.4,200.22,200.29,0,0.0,0.0
2024-12-04 08:56:00-05:00,200.23,200.434,200.22,200.39,0,0.0,0.0
2024-12-04 08:57:00-05:00,200.39,200.39,200.22,200.22,0,0.0,0.0
2024-12-04 08:58:00-05:00,200.3,200.37,200.28,200.35,0,0.0,0.0
2024-12-04 08:59:00-05:00,200.251,200.43,200.24,200.43,0,0.0,0.0
2024-12-04 09:00:00-05:00,200.43,200.49,200.22,200.41,0,0.0,0.0
2024-12-04 09:01:00-05:00,200.41,200.49,200.3,200.31,0,0.0,0.0
2024-12-04 09:02:00-05:00,200.22,200.48,200.22,200.36,0,0.0,0.0
2024-12-04 09:03:00-05:00,200.49,200.49,200.29,200.37,0,0.0,0.0
2024-12-04 09:04:00-05:00,200.3,200.45,200.2787,200.3,0,0.0,0.0
2024-12-04 09:05:00-05:00,200.471,200.49,200.3,200.39,0,0.0,0.0
2024-12-04 09:06:00-05:00,200.39,200.48,200.39,200.392,0,0.0,0.0
2024-12-04 09:07:00-05:00,200.39,200.49,200.36,200.37,0,0.0,0.0
2024-12-04 09:08:00-05:00,200.4,200.48,200.4,200.4,0,0.0,0.0
2024-12-04 09:09:00-05:00,200.48,200.48,200.44,200.47,0,0.0,0.0
2024-12-04 09:10:00-05:00,200.46,200.5,200.45,200.45,0,0.0,0.0
2024-12-04 09:11:00-05:00,200.5,200.5,200.46,200.5,0,0.0,0.0
2024-12-04 09:12:00-05:00,200.47,200.5,200.35,200.35,0,0.0,0.0
2024-12-04 09:13:00-05:00,200.4,200.43,200.13,200.13,0,0.0,0.0
2024-12-04 09:14:00-05:00,200.2,200.2,200.1,200.16,0,0.0,0.0
2024-12-04 09:30:00-05:00,199.27499389648438,199.3300018310547,199.222900390625,199.3000030517578,599414,0.0,0.0
2024-12-04 09:31:00-05:00,199.2449951171875,199.42999267578125,198.6199951171875,198.75,103037,0.0,0.0
2024-12-04 09:32:00-05:00,198.75,200.0,198.72999572753906,199.80999755859375,103287,0.0,0.0
2024-12-04 09:33:00-05:00,199.77000427246094,199.89999389648438,199.3699951171875,199.75,88801,0.0,0.0
2024-12-04 09:34:00-05:00,199.72999572753906,199.8000030517578,199.22000122070312,199.52000427246094,87222,0.0,0.0
2024-12-04 09:35:00-05:00,199.5399932861328,199.72999572753906,199.4163055419922,199.6199951171875,73941,0.0,0.0
2024-12-04 09:36:00-05:00,199.6999969482422,199.89999389648438,199.3699951171875,199.6999969482422,102450,0.0,0.0
2024-12-04 09:37:00-05:00,199.66000366210938,199.91000366210938,199.14999389648438,199.14999389648438,42562,0.0,0.0
2024-12-04 09:38:00-05:00,199.18499755859375,199.3000030517578,198.88999938964844,199.1300048828125,59997,0.0,0.0
2024-12-04 09:39:00-05:00,199.11000061035156,199.1999969482422,198.53109741210938,198.71029663085938,49987,0.0,0.0
2024-12-04 09:40:00-05:00,198.75,198.97000122070312,198.5399932861328,198.86000061035156,36148,0.0,0.0
2024-12-04 09:41:00-05:00,198.85499572753906,199.0561065673828,198.8000030517578,198.88999938964844,68646,0.0,0.0
2024-12-04 09:42:00-05:00,198.91000366210938,198.97000122070312,198.3800048828125,198.56080627441406,73205,0.0,0.0
2024-12-04 09:43:00-05:00,198.55999755859375,198.8699951171875,198.4499969482422,198.77000427246094,32482,0.0,0.0
2024-12-04 09:44:00-05:00,198.7449951171875,199.3000030517578,198.7449951171875,199.16000366210938,51690,0.0,0.0
2024-12-04 09:45:00-05:00,199.1999969482422,199.35000610351562,198.99000549316406,199.1199951171875,38901,0.0,0.0
2024-12-04 09:46:00-05:00,199.10000610351562,199.5,199.0312042236328,199.38999938964844,32847,0.0,0.0
2024-12-04 09:47:00-05:00,199.36000061035156,199.60000610351562,199.36000061035156,199.55499267578125,33591,0.0,0.0
2024-12-04 09:48:00-05:00,199.55499267578125,199.88999938964844,199.49000549316406,199.8300018310547,82476,0.0,0.0
2024-12-04 09:49:00-05:00,199.77000427246094,199.7899932861328,199.47000122070312,199.47000122070312,38238,0.0,0.0
2024-12-04 09:50:00-05:00,199.5399932861328,199.60000610351562,199.3000030517578,199.42999267578125,23681,0.0,0.0
2024-12-04 09:51:00-05:00,199.38999938964844,199.57460021972656,199.3000030517578,199.5,23641,0.0,0.0
2024-12-04 09:52:00-05:00,199.5,199.63999938964844,199.3800048828125,199.4149932861328,26174,0.0,0.0
2024-12-04 09:53:00-05:00,199.3800048828125,199.3800048828125,199.0399932861328,199.0399932861328,20108,0.0,0.0
2024-12-04 09:54:00-05:00,199.0399932861328,199.375,199.02999877929688,199.10000610351562,45344,0.0,0.0
2024-12-04 09:55:00-05:00,199.13999938964844,199.30929565429688,198.69000244140625,198.69000244140625,58153,0.0,0.0
2024-12-04 09:56:00-05:00,198.69000244140625,198.97830200195312,198.50999450683594,198.55999755859375,48745,0.0,0.0
2024-12-04 09:57:00-05:00,198.57000732421875,198.74000549316406,198.27000427246094,198.56520080566406,67023,0.0,0.0
2024-12-04 09:58:00-05:00,198.5749969482422,198.5749969482422,198.3000030517578,198.5399932861328,32016,0.0,0.0
2024-12-04 09:59:00-05:00,198.5399932861328,198.83340454101562,198.4499969482422,198.7949981689453,31245,0.0,0.0
2024-12-04 10:00:00-05:00,198.75,198.9499969482422,198.50999450683594,198.52000427246094,34938,0.0,0.0
2024-12-04 10:01:00-05:00,198.53500366210938,198.75,198.4250030517578,198.69000244140625,28647,0.0,0.0
2024-12-04 10:02:00-05:00,198.68499755859375,199.11000061035156,198.64549255371094,199.07000732421875,29550,0.0,0.0
2024-12-04 10:03:00-05:00,199.07000732421875,199.42999267578125,199.07000732421875,199.2550048828125,24116,0.0,0.0
2024-12-04 10:04:00-05:00,199.35060119628906,199.35060119628906,199.18589782714844,199.3300018310547,32992,0.0,0.0
2024-12-04 10:05:00-05:00,199.3300018310547,199.7899932861328,199.3300018310547,199.7899932861328,65556,0.0,0.0
2024-12-04 10:06:00-05:00,199.7899932861328,199.9499969482422,199.75999450683594,199.8249969482422,39436,0.0,0.0
2024-12-04 10:07:00-05:00,199.8249969482422,200.08999633789062,199.72999572753906,199.90499877929688,105371,0.0,0.0
2024-12-04 10:08:00-05:00,199.9066925048828,199.9066925048828,199.61000061035156,199.69500732421875,36896,0.0,0.0
2024-12-04 10:09:00-05:00,199.72000122070312,199.72000122070312,199.47000122070312,199.69500732421875,21839,0.0,0.0
2024-12-04 10:10:00-05:00,199.69749450683594,199.89999389648438,199.69749450683594,199.74989318847656,29826,0.0,0.0
2024-12-04 10:11:00-05:00,199.72998046875,199.8800048828125,199.6999969482422,199.84500122070312,33259,0.0,0.0
2024-12-04 10:12:00-05:00,199.83999633789062,200.0,199.75,199.7899932861328,49828,0.0,0.0
2024-12-04 10:13:00-05:00,199.7899932861328,200.0,199.7899932861328,199.91000366210938,43885,0.0,0.0
2024-12-04 10:14:00-05:00,199.92999267578125,199.9600067138672,199.8300018310547,199.83999633789062,22949,0.0,0.0
2024-12-04 10:15:00-05:00,199.875,199.875,199.58999633789062,199.6699981689453,45203,0.0,0.0
2024-12-04 10:16:00-05:00,199.6300048828125,199.6999969482422,199.56500244140625,199.6999969482422,20296,0.0,0.0
2024-12-04 10:17:00-05:00,199.65499877929688,199.6999969482422,199.5800018310547,199.5800018310547,27566,0.0,0.0
2024-12-04 10:18:00-05:00,199.5500030517578,199.6300048828125,199.47000122070312,199.51499938964844,22974,0.0,0.0
2024-12-04 10:19:00-05:00,199.51499938964844,199.6199951171875,199.4600067138672,199.56500244140625,21928,0.0,0.0
2024-12-04 10:20:00-05:00,199.60000610351562,199.77999877929688,199.60000610351562,199.72000122070312,25467,0.0,0.0
2024-12-04 10:21:00-05:00,199.7100067138672,199.8000030517578,199.50999450683594,199.61000061035156,18256,0.0,0.0
2024-12-04 10:22:00-05:00,199.64999389648438,199.69549560546875,199.36500549316406,199.36500549316406,31564,0.0,0.0
2024-12-04 10:23:00-05:00,199.35000610351562,199.47999572753906,199.24000549316406,199.42999267578125,27951,0.0,0.0
2024-12-04 10:24:00-05:00,199.42999267578125,199.5601043701172,199.33999633789062,199.4600067138672,25202,0.0,0.0
2024-12-04 10:25:00-05:00,199.4600067138672,199.5,199.33999633789062,199.48500061035156,23851,0.0,0.0
2024-12-04 10:26:00-05:00,199.49989318847656,199.61990356445312,199.47000122070312,199.4949951171875,19242,0.0,0.0
2024-12-04 10:27:00-05:00,199.50999450683594,199.52999877929688,199.39999389648438,199.47999572753906,14858,0.0,0.0
2024-12-04 10:28:00-05:00,199.47999572753906,199.64999389648438,199.4199981689453,199.64999389648438,20816,0.0,0.0
2024-12-04 10:29:00-05:00,199.64999389648438,199.66510009765625,199.53250122070312,199.61000061035156,21705,0.0,0.0
2024-12-04 10:30:00-05:00,199.625,199.86000061035156,199.625,199.72000122070312,46398,0.0,0.0
2024-12-04 10:31:00-05:00,199.76980590820312,200.05999755859375,199.75999450683594,199.99009704589844,95646,0.0,0.0
2024-12-04 10:32:00-05:00,200.0399932861328,200.36000061035156,199.89999389648438,200.32000732421875,77531,0.0,0.0
2024-12-04 10:33:00-05:00,200.32000732421875,200.60000610351562,200.22999572753906,200.50999450683594,76756,0.0,0.0
2024-12-04 10:34:00-05:00,200.47999572753906,200.50999450683594,200.22999572753906,200.3699951171875,18100,0.0,0.0
2024-12-04 10:35:00-05:00,200.343505859375,200.60000610351562,200.25,200.45010375976562,29670,0.0,0.0
2024-12-04 10:36:00-05:00,200.47999572753906,200.5800018310547,200.45199584960938,200.49000549316406,20282,0.0,0.0
2024-12-04 10:37:00-05:00,200.50999450683594,200.52000427246094,200.39999389648438,200.47000122070312,22147,0.0,0.0
2024-12-04 10:38:00-05:00,200.47000122070312,200.48500061035156,200.25,200.3000030517578,20205,0.0,0.0
2024-12-04 10:39:00-05:00,200.30999755859375,200.33999633789062,200.22999572753906,200.32000732421875,31106,0.0,0.0
2024-12-04 10:40:00-05:00,200.3000030517578,200.44000244140625,200.0800018310547,200.22999572753906,40184,0.0,0.0
2024-12-04 10:41:00-05:00,200.22999572753906,200.34500122070312,200.2050018310547,200.3300018310547,22464,0.0,0.0
2024-12-04 10:42:00-05:00,200.33999633789062,200.44979858398438,200.3249969482422,200.40499877929688,21125,0.0,0.0
2024-12-04 10:43:00-05:00,200.3800048828125,200.40499877929688,200.22500610351562,200.26499938964844,16926,0.0,0.0
2024-12-04 10:44:00-05:00,200.27000427246094,200.2949981689453,200.0399932861328,200.27000427246094,37320,0.0,0.0
2024-12-04 10:45:00-05:00,200.27000427246094,200.44000244140625,200.23500061035156,200.310302734375,18908,0.0,0.0
2024-12-04 10:46:00-05:00,200.35000610351562,200.41000366210938,200.25,200.39500427246094,13335,0.0,0.0
2024-12-04 10:47:00-05:00,200.3800048828125,200.4199981689453,199.85000610351562,200.11000061035156,31134,0.0,0.0
2024-12-04 10:48:00-05:00,200.05999755859375,200.2899932861328,199.9600067138672,200.1300048828125,49091,0.0,0.0
2024-12-04 10:49:00-05:00,200.1300048828125,200.17999267578125,200.00999450683594,200.05029296875,23382,0.0,0.0
2024-12-04 10:50:00-05:00,200.05999755859375,200.22000122070312,200.0,200.14999389648438,44246,0.0,0.0
2024-12-04 10:51:00-05:00,200.13499450683594,200.27999877929688,200.0850067138672,200.25,31653,0.0,0.0
2024-12-04 10:52:00-05:00,200.19000244140625,200.5500030517578,200.1300048828125,200.5,38138,0.0,0.0
2024-12-04 10:53:00-05:00,200.51499938964844,200.67999267578125,200.49000549316406,200.67999267578125,34226,0.0,0.0
2024-12-04 10:54:00-05:00,200.6719970703125,200.99000549316406,200.65499877929688,200.96499633789062,70587,0.0,0.0
2024-12-04 10:55:00-05:00,200.99000549316406,200.99000549316406,200.85000610351562,200.9250030517578,55011,0.0,0.0
2024-12-04 10:56:00-05:00,200.96499633789062,201.05999755859375,200.80999755859375,200.89999389648438,119548,0.0,0.0
2024-12-04 10:57:00-05:00,200.89999389648438,201.14999389648438,200.89999389648438,201.1199951171875,31377,0.0,0.0
2024-12-04 10:58:00-05:00,201.1300048828125,201.36000061035156,201.125,201.36000061035156,47637,0.0,0.0
2024-12-04 10:59:00-05:00,201.36000061035156,201.3699951171875,201.02999877929688,201.09500122070312,28532,0.0,0.0
2024-12-04 11:00:00-05:00,201.11000061035156,201.6300048828125,200.9600067138672,201.6300048828125,108209,0.0,0.0
2024-12-04 11:01:00-05:00,201.5800018310547,201.64999389648438,201.32000732421875,201.49000549316406,80411,0.0,0.0
2024-12-04 11:02:00-05:00,201.52000427246094,201.6199951171875,201.4199981689453,201.50999450683594,41121,0.0,0.0
2024-12-04 11:03:00-05:00,201.50999450683594,201.72999572753906,201.36000061035156,201.60470581054688,47306,0.0,0.0
2024-12-04 11:04:00-05:00,201.58726501464844,201.77000427246094,201.50999450683594,201.6999969482422,21287,0.0,0.0
2024-12-04 11:05:00-05:00,201.6750030517578,201.6999969482422,201.47999572753906,201.5399932861328,42382,0.0,0.0
2024-12-04 11:06:00-05:00,201.5500030517578,201.64999389648438,201.36500549316406,201.4134979248047,54447,0.0,0.0
2024-12-04 11:07:00-05:00,201.36500549316406,201.3800048828125,201.1300048828125,201.3000030517578,34541,0.0,0.0
2024-12-04 11:08:00-05:00,201.25,201.4499969482422,201.1300048828125,201.27000427246094,44047,0.0,0.0
2024-12-04 11:09:00-05:00,201.27000427246094,201.38999938964844,201.0399932861328,201.07000732421875,20953,0.0,0.0
2024-12-04 11:10:00-05:00,201.07000732421875,201.3000030517578,201.0399932861328,201.26010131835938,31955,0.0,0.0
2024-12-04 11:11:00-05:00,201.27000427246094,201.39999389648438,201.24440002441406,201.36000061035156,13898,0.0,0.0
2024-12-04 11:12:00-05:00,201.36000061035156,201.5299072265625,201.3350067138672,201.3350067138672,26060,0.0,0.0
2024-12-04 11:13:00-05:00,201.3800048828125,201.44000244140625,201.32000732421875,201.34950256347656,18368,0.0,0.0
2024-12-04 11:14:00-05:00,201.3249969482422,201.38999938964844,201.11000061035156,201.11000061035156,20103,0.0,0.0
2024-12-04 11:15:00-05:00,201.13999938964844,201.13999938964844,200.85000610351562,200.9199981689453,27638,0.0,0.0
2024-12-04 11:16:00-05:00,200.89999389648438,201.02999877929688,200.85169982910156,200.85169982910156,25144,0.0,0.0
2024-12-04 11:17:00-05:00,200.89999389648438,201.25999450683594,200.89999389648438,201.25999450683594,25240,0.0,0.0
2024-12-04 11:18:00-05:00,201.25999450683594,201.33999633789062,201.1999969482422,201.3350067138672,11639,0.0,0.0
2024-12-04 11:19:00-05:00,201.30999755859375,201.50999450683594,201.2899932861328,201.47000122070312,38224,0.0,0.0
2024-12-04 11:20:00-05:00,201.44500732421875,201.77999877929688,201.44500732421875,201.77000427246094,51242,0.0,0.0
2024-12-04 11:21:00-05:00,201.7449951171875,201.97999572753906,201.7449951171875,201.95150756835938,65612,0.0,0.0
2024-12-04 11:22:00-05:00,201.9600067138672,202.0399932861328,201.8300018310547,201.9250030517578,139149,0.0,0.0
2024-12-04 11:23:00-05:00,201.94500732421875,202.0,201.7899932861328,201.83999633789062,17884,0.0,0.0
2024-12-04 11:24:00-05:00,201.85000610351562,201.9600067138672,201.80999755859375,201.9199981689453,53579,0.0,0.0
2024-12-04 11:25:00-05:00,201.9199981689453,202.27999877929688,201.8800048828125,202.22000122070312,89844,0.0,0.0
2024-12-04 11:26:00-05:00,202.22000122070312,202.38999938964844,202.08999633789062,202.27499389648438,53480,0.0,0.0
2024-12-04 11:27:00-05:00,202.27499389648438,202.4199981689453,202.2449951171875,202.30999755859375,40394,0.0,0.0
2024-12-04 11:28:00-05:00,202.32000732421875,202.5399932861328,202.22000122070312,202.50999450683594,51132,0.0,0.0
2024-12-04 11:29:00-05:00,202.52999877929688,202.60000610351562,202.14999389648438,202.5500030517578,86123,0.0,0.0
2024-12-04 11:30:00-05:00,202.4499969482422,202.55999755859375,202.25999450683594,202.2899932861328,56604,0.0,0.0
2024-12-04 11:31:00-05:00,202.24000549316406,202.38999938964844,202.22410583496094,202.2899932861328,21907,0.0,0.0
2024-12-04 11:32:00-05:00,202.3000030517578,202.3000030517578,202.07000732421875,202.22500610351562,16633,0.0,0.0
2024-12-04 11:33:00-05:00,202.25999450683594,202.31500244140625,202.10000610351562,202.11000061035156,33316,0.0,0.0
2024-12-04 11:34:00-05:00,202.14999389648438,202.47000122070312,202.110107421875,202.3300018310547,27014,0.0,0.0
2024-12-04 11:35:00-05:00,202.32000732421875,202.32000732421875,202.14999389648438,202.23069763183594,24027,0.0,0.0
2024-12-04 11:36:00-05:00,202.22999572753906,202.27000427246094,202.19009399414062,202.27000427246094,15902,0.0,0.0
2024-12-04 11:37:00-05:00,202.26499938964844,202.2899932861328,202.0800018310547,202.2899932861328,23181,0.0,0.0
2024-12-04 11:38:00-05:00,202.3000030517578,202.35989379882812,202.10699462890625,202.10699462890625,17528,0.0,0.0
2024-12-04 11:39:00-05:00,202.1300048828125,202.2100067138672,202.00999450683594,202.1999969482422,25423,0.0,0.0
2024-12-04 11:40:00-05:00,202.1699981689453,202.25,202.10879516601562,202.125,13734,0.0,0.0
2024-12-04 11:41:00-05:00,202.125,202.125,201.8000030517578,201.82069396972656,34368,0.0,0.0
2024-12-04 11:42:00-05:00,201.85009765625,201.94000244140625,201.82090759277344,201.8936004638672,21824,0.0,0.0
2024-12-04 11:43:00-05:00,201.88499450683594,201.94000244140625,201.69000244140625,201.69290161132812,19523,0.0,0.0
2024-12-04 11:44:00-05:00,201.69960021972656,201.80999755859375,201.69000244140625,201.74000549316406,24812,0.0,0.0
2024-12-04 11:45:00-05:00,201.72999572753906,201.77999877929688,201.65150451660156,201.71499633789062,24825,0.0,0.0
2024-12-04 11:46:00-05:00,201.69000244140625,201.69000244140625,201.44000244140625,201.66000366210938,28400,0.0,0.0
2024-12-04 11:47:00-05:00,201.6199951171875,201.6699981689453,201.52000427246094,201.61279296875,12062,0.0,0.0
2024-12-04 11:48:00-05:00,201.59500122070312,201.6699981689453,201.52999877929688,201.64999389648438,17536,0.0,0.0
2024-12-04 11:49:00-05:00,201.69000244140625,201.7899932861328,201.64999389648438,201.77999877929688,9287,0.0,0.0
2024-12-04 11:50:00-05:00,201.77999877929688,201.78799438476562,201.68499755859375,201.72000122070312,14669,0.0,0.0
2024-12-04 11:51:00-05:00,201.72000122070312,201.72000122070312,201.61500549316406,201.61500549316406,9010,0.0,0.0
2024-12-04 11:52:00-05:00,201.62229919433594,201.62229919433594,201.1199951171875,201.14999389648438,44193,0.0,0.0
2024-12-04 11:53:00-05:00,201.16000366210938,201.22000122070312,201.0800018310547,201.10000610351562,15808,0.0,0.0
2024-12-04 11:54:00-05:00,201.10000610351562,201.33999633789062,201.0800018310547,201.33999633789062,17226,0.0,0.0
2024-12-04 11:55:00-05:00,201.33999633789062,201.4600067138672,201.3000030517578,201.4499969482422,12459,0.0,0.0
2024-12-04 11:56:00-05:00,201.4600067138672,201.48919677734375,201.3101043701172,201.47560119628906,14555,0.0,0.0
2024-12-04 11:57:00-05:00,201.52000427246094,201.55999755859375,201.43690490722656,201.43820190429688,12481,0.0,0.0
2024-12-04 11:58:00-05:00,201.49000549316406,201.60169982910156,201.37010192871094,201.47999572753906,25138,0.0,0.0
2024-12-04 11:59:00-05:00,201.52999877929688,201.52999877929688,201.39999389648438,201.4499969482422,9173,0.0,0.0
2024-12-04 12:00:00-05:00,201.44000244140625,201.50999450683594,201.41000366210938,201.41000366210938,10485,0.0,0.0
2024-12-04 12:01:00-05:00,201.44000244140625,201.6898956298828,201.4250030517578,201.67930603027344,11227,0.0,0.0
2024-12-04 12:02:00-05:00,201.63999938964844,201.8000030517578,201.6300048828125,201.64500427246094,23651,0.0,0.0
2024-12-04 12:03:00-05:00,201.6479949951172,201.7397003173828,201.6199951171875,201.6699981689453,15067,0.0,0.0
2024-12-04 12:04:00-05:00,201.66000366210938,201.70269775390625,201.61000061035156,201.61349487304688,8934,0.0,0.0
2024-12-04 12:05:00-05:00,201.5850067138672,201.66000366210938,201.5800018310547,201.65310668945312,7617,0.0,0.0
2024-12-04 12:06:00-05:00,201.6300048828125,201.6699981689453,201.57000732421875,201.5800018310547,5810,0.0,0.0
2024-12-04 12:07:00-05:00,201.59500122070312,201.639892578125,201.52000427246094,201.6300048828125,9396,0.0,0.0
2024-12-04 12:08:00-05:00,201.6300048828125,201.77999877929688,201.6300048828125,201.67999267578125,12526,0.0,0.0
2024-12-04 12:09:00-05:00,201.64100646972656,201.6898956298828,201.6300048828125,201.67999267578125,5018,0.0,0.0
2024-12-04 12:10:00-05:00,201.68499755859375,201.68499755859375,201.5850067138672,201.63499450683594,7435,0.0,0.0
2024-12-04 12:11:00-05:00,201.64999389648438,201.66000366210938,201.5850067138672,201.606201171875,10733,0.0,0.0
2024-12-04 12:12:00-05:00,201.60000610351562,201.8699951171875,201.60000610351562,201.8699951171875,11349,0.0,0.0
2024-12-04 12:13:00-05:00,201.8699951171875,201.89999389648438,201.77999877929688,201.78500366210938,11533,0.0,0.0
2024-12-04 12:14:00-05:00,201.80990600585938,201.8300018310547,201.64999389648438,201.69000244140625,11119,0.0,0.0
2024-12-04 12:15:00-05:00,201.6750030517578,201.77999877929688,201.63499450683594,201.69500732421875,15577,0.0,0.0
2024-12-04 12:16:00-05:00,201.69500732421875,201.72999572753906,201.5850067138672,201.63499450683594,18865,0.0,0.0
2024-12-04 12:17:00-05:00,201.6300048828125,201.72999572753906,201.6300048828125,201.70779418945312,8476,0.0,0.0
2024-12-04 12:18:00-05:00,201.69500732421875,201.7100067138672,201.6300048828125,201.63999938964844,7370,0.0,0.0
2024-12-04 12:19:00-05:00,201.63999938964844,201.6999969482422,201.63999938964844,201.68499755859375,5468,0.0,0.0
2024-12-04 12:20:00-05:00,201.68499755859375,201.6999969482422,201.625,201.64990234375,9394,0.0,0.0
2024-12-04 12:21:00-05:00,201.63999938964844,201.6999969482422,201.36000061035156,201.4550018310547,21418,0.0,0.0
2024-12-04 12:22:00-05:00,201.47999572753906,201.58999633789062,201.47000122070312,201.58999633789062,12065,0.0,0.0
2024-12-04 12:23:00-05:00,201.60000610351562,201.64500427246094,201.5399932861328,201.64500427246094,10459,0.0,0.0
2024-12-04 12:24:00-05:00,201.64500427246094,201.76499938964844,201.64500427246094,201.76499938964844,14310,0.0,0.0
2024-12-04 12:25:00-05:00,201.75999450683594,201.80499267578125,201.75,201.8000030517578,5897,0.0,0.0
2024-12-04 12:26:00-05:00,201.77999877929688,201.7899932861328,201.47500610351562,201.60499572753906,21076,0.0,0.0
2024-12-04 12:27:00-05:00,201.6300048828125,201.63499450683594,201.52000427246094,201.58169555664062,12238,0.0,0.0
2024-12-04 12:28:00-05:00,201.55999755859375,201.5749969482422,201.4499969482422,201.45179748535156,8950,0.0,0.0
2024-12-04 12:29:00-05:00,201.43499755859375,201.49000549316406,201.43499755859375,201.47000122070312,5944,0.0,0.0
2024-12-04 12:30:00-05:00,201.47410583496094,201.48500061035156,201.30999755859375,201.30999755859375,10319,0.0,0.0
2024-12-04 12:31:00-05:00,201.3350067138672,201.3350067138672,201.25,201.25,7191,0.0,0.0
2024-12-04 12:32:00-05:00,201.24000549316406,201.30999755859375,201.2100067138672,201.27499389648438,11323,0.0,0.0
2024-12-04 12:33:00-05:00,201.27999877929688,201.3199005126953,201.25999450683594,201.2613983154297,8194,0.0,0.0
2024-12-04 12:34:00-05:00,201.3000030517578,201.33999633789062,201.27000427246094,201.2978973388672,10529,0.0,0.0
2024-12-04 12:35:00-05:00,201.3000030517578,201.36000061035156,201.19000244140625,201.2050018310547,10972,0.0,0.0
2024-12-04 12:36:00-05:00,201.2100067138672,201.3000030517578,201.16000366210938,201.3000030517578,12981,0.0,0.0
2024-12-04 12:37:00-05:00,201.31820678710938,201.33999633789062,201.26229858398438,201.30499267578125,18280,0.0,0.0
2024-12-04 12:38:00-05:00,201.31959533691406,201.39999389648438,201.2899932861328,201.36500549316406,17733,0.0,0.0
2024-12-04 12:39:00-05:00,201.38999938964844,201.55999755859375,201.3699951171875,201.5155029296875,18173,0.0,0.0
2024-12-04 12:40:00-05:00,201.52999877929688,201.6300048828125,201.52999877929688,201.5500030517578,17947,0.0,0.0
2024-12-04 12:41:00-05:00,201.5500030517578,201.56190490722656,201.32000732421875,201.39999389648438,32545,0.0,0.0
2024-12-04 12:42:00-05:00,201.4199981689453,201.55999755859375,201.3721923828125,201.55999755859375,14778,0.0,0.0
2024-12-04 12:43:00-05:00,201.5200958251953,201.8090057373047,201.5200958251953,201.7794952392578,22624,0.0,0.0
2024-12-04 12:44:00-05:00,201.7248992919922,201.75999450683594,201.6300048828125,201.75999450683594,8070,0.0,0.0
2024-12-04 12:45:00-05:00,201.7100067138672,201.7100067138672,201.5800018310547,201.66000366210938,9630,0.0,0.0
2024-12-04 12:46:00-05:00,201.6199951171875,201.6999969482422,201.58999633789062,201.6699981689453,14811,0.0,0.0
2024-12-04 12:47:00-05:00,201.6405029296875,201.6649932861328,201.47999572753906,201.57000732421875,13641,0.0,0.0
2024-12-04 12:48:00-05:00,201.55999755859375,201.57000732421875,201.47999572753906,201.47999572753906,11889,0.0,0.0
2024-12-04 12:49:00-05:00,201.48500061035156,201.60000610351562,201.48500061035156,201.57000732421875,11860,0.0,0.0
2024-12-04 12:50:00-05:00,201.55999755859375,201.7100067138672,201.5399932861328,201.68260192871094,16480,0.0,0.0
2024-12-04 12:51:00-05:00,201.67799377441406,201.72000122070312,201.5800018310547,201.5850067138672,11394,0.0,0.0
2024-12-04 12:52:00-05:00,201.60000610351562,201.63999938964844,201.50999450683594,201.63999938964844,11201,0.0,0.0
2024-12-04 12:53:00-05:00,201.60499572753906,201.66000366210938,201.5926055908203,201.65499877929688,4692,0.0,0.0
2024-12-04 12:54:00-05:00,201.66000366210938,201.72999572753906,201.63999938964844,201.72999572753906,14330,0.0,0.0
2024-12-04 12:55:00-05:00,201.72999572753906,201.82989501953125,201.72999572753906,201.82989501953125,17314,0.0,0.0
2024-12-04 12:56:00-05:00,201.81500244140625,201.9600067138672,201.81500244140625,201.83999633789062,29988,0.0,0.0
2024-12-04 12:57:00-05:00,201.86500549316406,201.89999389648438,201.77999877929688,201.8094940185547,24497,0.0,0.0
2024-12-04 12:58:00-05:00,201.8070068359375,201.8070068359375,201.72000122070312,201.75999450683594,17607,0.0,0.0
2024-12-04 12:59:00-05:00,201.75999450683594,201.75999450683594,201.67999267578125,201.75,12741,0.0,0.0
2024-12-04 13:00:00-05:00,201.72500610351562,201.77999877929688,201.70010375976562,201.72999572753906,18760,0.0,0.0
2024-12-04 13:01:00-05:00,201.72999572753906,201.72999572753906,201.6699981689453,201.69500732421875,10040,0.0,0.0
2024-12-04 13:02:00-05:00,201.6999969482422,201.8000030517578,201.6999969482422,201.8000030517578,12178,0.0,0.0
2024-12-04 13:03:00-05:00,201.8000030517578,201.85000610351562,201.74000549316406,201.82000732421875,31313,0.0,0.0
2024-12-04 13:04:00-05:00,201.80709838867188,201.8300018310547,201.77999877929688,201.8000030517578,6736,0.0,0.0
2024-12-04 13:05:00-05:00,201.8000030517578,202.02999877929688,201.8000030517578,202.02999877929688,35603,0.0,0.0
2024-12-04 13:06:00-05:00,202.02999877929688,202.1699981689453,202.02000427246094,202.1300048828125,19390,0.0,0.0
2024-12-04 13:07:00-05:00,202.13999938964844,202.16610717773438,202.08999633789062,202.14999389648438,14422,0.0,0.0
2024-12-04 13:08:00-05:00,202.13999938964844,202.44000244140625,202.13499450683594,202.42340087890625,31848,0.0,0.0
2024-12-04 13:09:00-05:00,202.44000244140625,202.5,202.1300048828125,202.1699981689453,37561,0.0,0.0
2024-12-04 13:10:00-05:00,202.15499877929688,202.30999755859375,202.15499877929688,202.26600646972656,18428,0.0,0.0
2024-12-04 13:11:00-05:00,202.2938995361328,202.4600067138672,202.27000427246094,202.4600067138672,23411,0.0,0.0
2024-12-04 13:12:00-05:00,202.4149932861328,202.49989318847656,202.4149932861328,202.45179748535156,14659,0.0,0.0
2024-12-04 13:13:00-05:00,202.4499969482422,202.46499633789062,202.3000030517578,202.32000732421875,17552,0.0,0.0
2024-12-04 13:14:00-05:00,202.32159423828125,202.32159423828125,202.10000610351562,202.10000610351562,12414,0.0,0.0
2024-12-04 13:15:00-05:00,202.13999938964844,202.13999938964844,202.02859497070312,202.02859497070312,8021,0.0,0.0
2024-12-04 13:16:00-05:00,202.0200958251953,202.12120056152344,202.02000427246094,202.02000427246094,15586,0.0,0.0
2024-12-04 13:17:00-05:00,202.07000732421875,202.07000732421875,201.85000610351562,201.86000061035156,11364,0.0,0.0
2024-12-04 13:18:00-05:00,201.85000610351562,201.97999572753906,201.80020141601562,201.97999572753906,8902,0.0,0.0
2024-12-04 13:19:00-05:00,201.9499969482422,202.02999877929688,201.9199981689453,202.02499389648438,16321,0.0,0.0
2024-12-04 13:20:00-05:00,202.0500030517578,202.1300048828125,202.00999450683594,202.1300048828125,12694,0.0,0.0
2024-12-04 13:21:00-05:00,202.10499572753906,202.14999389648438,201.80999755859375,201.86000061035156,31374,0.0,0.0
2024-12-04 13:22:00-05:00,201.83999633789062,201.88999938964844,201.69000244140625,201.71499633789062,29501,0.0,0.0
2024-12-04 13:23:00-05:00,201.69000244140625,201.77999877929688,201.69000244140625,201.76499938964844,14760,0.0,0.0
2024-12-04 13:24:00-05:00,201.76499938964844,201.8000030517578,201.66000366210938,201.69000244140625,24574,0.0,0.0
2024-12-04 13:25:00-05:00,201.69000244140625,201.69000244140625,201.52999877929688,201.57000732421875,15673,0.0,0.0
2024-12-04 13:26:00-05:00,201.5800018310547,201.5800018310547,201.39999389648438,201.44000244140625,29480,0.0,0.0
2024-12-04 13:27:00-05:00,201.42999267578125,201.50999450683594,201.41000366210938,201.4600067138672,21895,0.0,0.0
2024-12-04 13:28:00-05:00,201.4499969482422,201.46499633789062,201.2899932861328,201.2899932861328,14595,0.0,0.0
2024-12-04 13:29:00-05:00,201.27499389648438,201.4250946044922,201.22000122070312,201.4250946044922,118388,0.0,0.0
2024-12-04 13:30:00-05:00,201.4149932861328,201.4499969482422,201.27999877929688,201.35000610351562,27236,0.0,0.0
2024-12-04 13:31:00-05:00,201.36000061035156,201.36000061035156,201.25,201.3300018310547,6936,0.0,0.0
2024-12-04 13:32:00-05:00,201.35000610351562,201.35000610351562,201.19000244140625,201.2050018310547,14259,0.0,0.0
2024-12-04 13:33:00-05:00,201.17999267578125,201.4149932861328,201.1699981689453,201.39999389648438,13738,0.0,0.0
2024-12-04 13:34:00-05:00,201.38999938964844,201.47120666503906,201.36000061035156,201.37030029296875,11496,0.0,0.0
2024-12-04 13:35:00-05:00,201.3800048828125,201.4550018310547,201.35000610351562,201.35000610351562,11252,0.0,0.0
2024-12-04 13:36:00-05:00,201.32000732421875,201.32000732421875,201.13690185546875,201.3000030517578,8106,0.0,0.0
2024-12-04 13:37:00-05:00,201.3000030517578,201.35499572753906,201.27499389648438,201.27499389648438,12170,0.0,0.0
2024-12-04 13:38:00-05:00,201.25,201.35000610351562,201.1999969482422,201.33999633789062,22391,0.0,0.0
2024-12-04 13:39:00-05:00,201.30999755859375,201.3800048828125,201.25999450683594,201.3249969482422,23013,0.0,0.0
2024-12-04 13:40:00-05:00,201.3350067138672,201.4199981689453,201.32000732421875,201.39500427246094,13200,0.0,0.0
2024-12-04 13:41:00-05:00,201.3800048828125,201.4199981689453,201.3699951171875,201.3699951171875,21963,0.0,0.0
2024-12-04 13:42:00-05:00,201.36000061035156,201.38290405273438,201.33999633789062,201.3800048828125,4831,0.0,0.0
2024-12-04 13:43:00-05:00,201.35879516601562,201.49000549316406,201.33009338378906,201.3800048828125,10780,0.0,0.0
2024-12-04 13:44:00-05:00,201.3800048828125,201.49000549316406,201.3800048828125,201.47000122070312,7198,0.0,0.0
2024-12-04 13:45:00-05:00,201.4700927734375,201.5800018310547,201.4700927734375,201.49000549316406,10350,0.0,0.0
2024-12-04 13:46:00-05:00,201.47999572753906,201.49000549316406,201.4290008544922,201.49000549316406,7079,0.0,0.0
2024-12-04 13:47:00-05:00,201.49000549316406,201.5500030517578,201.49000549316406,201.5198974609375,7494,0.0,0.0
2024-12-04 13:48:00-05:00,201.50999450683594,201.5709991455078,201.5050048828125,201.5399932861328,10856,0.0,0.0
2024-12-04 13:49:00-05:00,201.5500030517578,201.57040405273438,201.5500030517578,201.57000732421875,4084,0.0,0.0
2024-12-04 13:50:00-05:00,201.56500244140625,201.67999267578125,201.55999755859375,201.64999389648438,13555,0.0,0.0
2024-12-04 13:51:00-05:00,201.65499877929688,201.69000244140625,201.63499450683594,201.69000244140625,10895,0.0,0.0
2024-12-04 13:52:00-05:00,201.6999053955078,201.7100067138672,201.5399932861328,201.5500030517578,21446,0.0,0.0
2024-12-04 13:53:00-05:00,201.58999633789062,201.7100067138672,201.58999633789062,201.69000244140625,10001,0.0,0.0
2024-12-04 13:54:00-05:00,201.69000244140625,201.77499389648438,201.6699981689453,201.72999572753906,16672,0.0,0.0
2024-12-04 13:55:00-05:00,201.72999572753906,201.82000732421875,201.7100067138672,201.82000732421875,8006,0.0,0.0
2024-12-04 13:56:00-05:00,201.85000610351562,202.00250244140625,201.85000610351562,201.875,17915,0.0,0.0
2024-12-04 13:57:00-05:00,201.89999389648438,201.91000366210938,201.88499450683594,201.89999389648438,3779,0.0,0.0
2024-12-04 13:58:00-05:00,201.88999938964844,201.91000366210938,201.77999877929688,201.86000061035156,15599,0.0,0.0
2024-12-04 13:59:00-05:00,201.86000061035156,201.88819885253906,201.64999389648438,201.66000366210938,16133,0.0,0.0
2024-12-04 14:00:00-05:00,201.64999389648438,201.85000610351562,201.5800018310547,201.7899932861328,14763,0.0,0.0
2024-12-04 14:01:00-05:00,201.82000732421875,201.91000366210938,201.82000732421875,201.85000610351562,8682,0.0,0.0
2024-12-04 14:02:00-05:00,201.8699951171875,201.89999389648438,201.83999633789062,201.8800048828125,19723,0.0,0.0
2024-12-04 14:03:00-05:00,201.8800048828125,201.97999572753906,201.8800048828125,201.95730590820312,7192,0.0,0.0
2024-12-04 14:04:00-05:00,201.9499969482422,201.97000122070312,201.85000610351562,201.9250030517578,10333,0.0,0.0
2024-12-04 14:05:00-05:00,201.91000366210938,201.97999572753906,201.80999755859375,201.83990478515625,11103,0.0,0.0
2024-12-04 14:06:00-05:00,201.80999755859375,201.9149932861328,201.80929565429688,201.8800048828125,13831,0.0,0.0
2024-12-04 14:07:00-05:00,201.86000061035156,201.86000061035156,201.8000030517578,201.82000732421875,16740,0.0,0.0
2024-12-04 14:08:00-05:00,201.8350067138672,201.8350067138672,201.7449951171875,201.77999877929688,10317,0.0,0.0
2024-12-04 14:09:00-05:00,201.77000427246094,201.85000610351562,201.75,201.84500122070312,20328,0.0,0.0
2024-12-04 14:10:00-05:00,201.85499572753906,202.0,201.85499572753906,201.9600067138672,11575,0.0,0.0
2024-12-04 14:11:00-05:00,201.94000244140625,202.02000427246094,201.88999938964844,201.9199981689453,20597,0.0,0.0
2024-12-04 14:12:00-05:00,201.89999389648438,201.89999389648438,201.8000030517578,201.82000732421875,6070,0.0,0.0
2024-12-04 14:13:00-05:00,201.80499267578125,201.81350708007812,201.6999969482422,201.6999969482422,6420,0.0,0.0
2024-12-04 14:14:00-05:00,201.72000122070312,201.77000427246094,201.6999969482422,201.77000427246094,9267,0.0,0.0
2024-12-04 14:15:00-05:00,201.77000427246094,201.88999938964844,201.7550048828125,201.8802947998047,8940,0.0,0.0
2024-12-04 14:16:00-05:00,201.88999938964844,201.92999267578125,201.7899932861328,201.85679626464844,12567,0.0,0.0
2024-12-04 14:17:00-05:00,201.8800048828125,201.8800048828125,201.83999633789062,201.8699951171875,10956,0.0,0.0
2024-12-04 14:18:00-05:00,201.88999938964844,202.00999450683594,201.8800048828125,202.00999450683594,11177,0.0,0.0
2024-12-04 14:19:00-05:00,202.0,202.11000061035156,201.99000549316406,202.11000061035156,29566,0.0,0.0
2024-12-04 14:20:00-05:00,202.08999633789062,202.16000366210938,202.07000732421875,202.11749267578125,12696,0.0,0.0
2024-12-04 14:21:00-05:00,202.09500122070312,202.1699981689453,202.08999633789062,202.0915069580078,10802,0.0,0.0
2024-12-04 14:22:00-05:00,202.10000610351562,202.11000061035156,201.9600067138672,201.97999572753906,12838,0.0,0.0
2024-12-04 14:23:00-05:00,201.97999572753906,202.1199951171875,201.94000244140625,202.10000610351562,15933,0.0,0.0
2024-12-04 14:24:00-05:00,202.11000061035156,202.11000061035156,202.0200958251953,202.0800018310547,9757,0.0,0.0
2024-12-04 14:25:00-05:00,202.0800018310547,202.0800018310547,201.93499755859375,201.94000244140625,12870,0.0,0.0
2024-12-04 14:26:00-05:00,201.94000244140625,202.0,201.91000366210938,201.92999267578125,10818,0.0,0.0
2024-12-04 14:27:00-05:00,201.94000244140625,201.95050048828125,201.83999633789062,201.86000061035156,7333,0.0,0.0
2024-12-04 14:28:00-05:00,201.84559631347656,201.8800048828125,201.75999450683594,201.8242950439453,9607,0.0,0.0
2024-12-04 14:29:00-05:00,201.81500244140625,201.8834991455078,201.8000946044922,201.8300018310547,10168,0.0,0.0
2024-12-04 14:30:00-05:00,201.8300018310547,201.86000061035156,201.72999572753906,201.86000061035156,10535,0.0,0.0
2024-12-04 14:31:00-05:00,201.88499450683594,201.92999267578125,201.85850524902344,201.89959716796875,14936,0.0,0.0
2024-12-04 14:32:00-05:00,201.8800048828125,201.9499969482422,201.8448944091797,201.8699951171875,35619,0.0,0.0
2024-12-04 14:33:00-05:00,201.8699951171875,201.97000122070312,201.8699951171875,201.8800048828125,12670,0.0,0.0
2024-12-04 14:34:00-05:00,201.88499450683594,201.89999389648438,201.85000610351562,201.8699951171875,10398,0.0,0.0
2024-12-04 14:35:00-05:00,201.8800048828125,201.91000366210938,201.86000061035156,201.88670349121094,12387,0.0,0.0
2024-12-04 14:36:00-05:00,201.89999389648438,201.89999389648438,201.75,201.81500244140625,7684,0.0,0.0
2024-12-04 14:37:00-05:00,201.81500244140625,201.8699951171875,201.7270050048828,201.7270050048828,10545,0.0,0.0
2024-12-04 14:38:00-05:00,201.75,201.91000366210938,201.7301025390625,201.9029998779297,10254,0.0,0.0
2024-12-04 14:39:00-05:00,201.9499969482422,201.9499969482422,201.8791046142578,201.92999267578125,6527,0.0,0.0
2024-12-04 14:40:00-05:00,201.94000244140625,201.94000244140625,201.86000061035156,201.8800048828125,12427,0.0,0.0
2024-12-04 14:41:00-05:00,201.92999267578125,201.99000549316406,201.92999267578125,201.9803009033203,10094,0.0,0.0
2024-12-04 14:42:00-05:00,201.97999572753906,201.98500061035156,201.8699951171875,201.9550018310547,22191,0.0,0.0
2024-12-04 14:43:00-05:00,201.9600067138672,202.0,201.90640258789062,201.97999572753906,7419,0.0,0.0
2024-12-04 14:44:00-05:00,201.9600067138672,201.97000122070312,201.88999938964844,201.88999938964844,8579,0.0,0.0
2024-12-04 14:45:00-05:00,201.8800048828125,201.8800048828125,201.8300018310547,201.8524932861328,5572,0.0,0.0
2024-12-04 14:46:00-05:00,201.83999633789062,201.83999633789062,201.77000427246094,201.8000030517578,8124,0.0,0.0
2024-12-04 14:47:00-05:00,201.8000030517578,201.83999633789062,201.76499938964844,201.76499938964844,14623,0.0,0.0
2024-12-04 14:48:00-05:00,201.76499938964844,201.77000427246094,201.6934051513672,201.7100067138672,12631,0.0,0.0
2024-12-04 14:49:00-05:00,201.7050018310547,201.77999877929688,201.64999389648438,201.77999877929688,12097,0.0,0.0
2024-12-04 14:50:00-05:00,201.77000427246094,201.7899932861328,201.67999267578125,201.76220703125,13438,0.0,0.0
2024-12-04 14:51:00-05:00,201.77000427246094,201.8135986328125,201.75030517578125,201.77000427246094,7630,0.0,0.0
2024-12-04 14:52:00-05:00,201.77999877929688,201.77999877929688,201.61000061035156,201.61500549316406,16634,0.0,0.0
2024-12-04 14:53:00-05:00,201.61500549316406,201.6199951171875,201.55499267578125,201.55499267578125,13589,0.0,0.0
2024-12-04 14:54:00-05:00,201.5428009033203,201.625,201.50999450683594,201.5399932861328,11299,0.0,0.0
2024-12-04 14:55:00-05:00,201.5399932861328,201.61000061035156,201.52999877929688,201.61000061035156,8750,0.0,0.0
2024-12-04 14:56:00-05:00,201.61000061035156,201.6699981689453,201.5500030517578,201.6300048828125,10285,0.0,0.0
2024-12-04 14:57:00-05:00,201.6300048828125,201.64999389648438,201.61000061035156,201.61500549316406,11855,0.0,0.0
2024-12-04 14:58:00-05:00,201.60679626464844,201.63999938964844,201.60679626464844,201.62010192871094,4240,0.0,0.0
2024-12-04 14:59:00-05:00,201.6300048828125,201.6300048828125,201.53500366210938,201.57000732421875,23431,0.0,0.0
2024-12-04 15:00:00-05:00,201.56500244140625,201.56500244140625,201.48500061035156,201.5500030517578,9938,0.0,0.0
2024-12-04 15:01:00-05:00,201.57000732421875,201.57000732421875,201.47999572753906,201.50990295410156,12217,0.0,0.0
2024-12-04 15:02:00-05:00,201.47000122070312,201.5,201.36000061035156,201.46080017089844,15530,0.0,0.0
2024-12-04 15:03:00-05:00,201.48500061035156,201.61749267578125,201.48500061035156,201.58999633789062,8907,0.0,0.0
2024-12-04 15:04:00-05:00,201.5850067138672,201.64520263671875,201.57000732421875,201.57000732421875,7299,0.0,0.0
2024-12-04 15:05:00-05:00,201.53500366210938,201.66000366210938,201.46499633789062,201.6199951171875,30132,0.0,0.0
2024-12-04 15:06:00-05:00,201.60499572753906,201.7100067138672,201.60499572753906,201.6699981689453,11426,0.0,0.0
2024-12-04 15:07:00-05:00,201.6750030517578,201.72999572753906,201.66000366210938,201.66000366210938,6159,0.0,0.0
2024-12-04 15:08:00-05:00,201.6699981689453,201.6999969482422,201.610107421875,201.6199951171875,14614,0.0,0.0
2024-12-04 15:09:00-05:00,201.6300048828125,201.6699981689453,201.6199951171875,201.66189575195312,9971,0.0,0.0
2024-12-04 15:10:00-05:00,201.69000244140625,201.69000244140625,201.66000366210938,201.6699981689453,8169,0.0,0.0
2024-12-04 15:11:00-05:00,201.6699981689453,201.68499755859375,201.58999633789062,201.61000061035156,19303,0.0,0.0
2024-12-04 15:12:00-05:00,201.60499572753906,201.60499572753906,201.47999572753906,201.52999877929688,17319,0.0,0.0
2024-12-04 15:13:00-05:00,201.52000427246094,201.54010009765625,201.47999572753906,201.49000549316406,11570,0.0,0.0
2024-12-04 15:14:00-05:00,201.47999572753906,201.52999877929688,201.47999572753906,201.48500061035156,19440,0.0,0.0
2024-12-04 15:15:00-05:00,201.5,201.58990478515625,201.5,201.51499938964844,14459,0.0,0.0
2024-12-04 15:16:00-05:00,201.50999450683594,201.50999450683594,201.36000061035156,201.3800048828125,14828,0.0,0.0
2024-12-04 15:17:00-05:00,201.38999938964844,201.41000366210938,201.3699951171875,201.3800048828125,18299,0.0,0.0
2024-12-04 15:18:00-05:00,201.3800048828125,201.4600067138672,201.33999633789062,201.44000244140625,16070,0.0,0.0
2024-12-04 15:19:00-05:00,201.43499755859375,201.43499755859375,201.38999938964844,201.39999389648438,9009,0.0,0.0
2024-12-04 15:20:00-05:00,201.38999938964844,201.38999938964844,201.27999877929688,201.2899932861328,12614,0.0,0.0
2024-12-04 15:21:00-05:00,201.25999450683594,201.3000030517578,201.25,201.2899932861328,15274,0.0,0.0
2024-12-04 15:22:00-05:00,201.2841033935547,201.30999755859375,201.22000122070312,201.27000427246094,17476,0.0,0.0
2024-12-04 15:23:00-05:00,201.27999877929688,201.27999877929688,201.02999877929688,201.02999877929688,22613,0.0,0.0
2024-12-04 15:24:00-05:00,201.07000732421875,201.11000061035156,200.9600067138672,200.97999572753906,33051,0.0,0.0
2024-12-04 15:25:00-05:00,200.99000549316406,201.02000427246094,200.5,200.75,119589,0.0,0.0
2024-12-04 15:26:00-05:00,200.75,200.83999633789062,200.5500030517578,200.5500030517578,53097,0.0,0.0
2024-12-04 15:27:00-05:00,200.55029296875,200.7899932861328,200.48849487304688,200.66000366210938,29254,0.0,0.0
2024-12-04 15:28:00-05:00,200.6699981689453,200.75,200.58999633789062,200.75,25107,0.0,0.0
2024-12-04 15:29:00-05:00,200.72000122070312,200.97000122070312,200.69590759277344,200.9199981689453,23528,0.0,0.0
2024-12-04 15:30:00-05:00,200.94000244140625,201.07000732421875,200.92999267578125,200.9600067138672,23216,0.0,0.0
2024-12-04 15:31:00-05:00,200.9510955810547,201.0500030517578,200.94000244140625,201.0500030517578,8431,0.0,0.0
2024-12-04 15:32:00-05:00,201.05999755859375,201.22000122070312,201.02999877929688,201.19000244140625,21033,0.0,0.0
2024-12-04 15:33:00-05:00,201.19500732421875,201.22000122070312,201.1649932861328,201.21499633789062,14110,0.0,0.0
2024-12-04 15:34:00-05:00,201.1999969482422,201.3000030517578,201.14999389648438,201.1656036376953,34012,0.0,0.0
2024-12-04 15:35:00-05:00,201.17999267578125,201.17999267578125,201.10000610351562,201.13999938964844,24445,0.0,0.0
2024-12-04 15:36:00-05:00,201.16000366210938,201.32000732421875,201.13999938964844,201.3000030517578,17080,0.0,0.0
2024-12-04 15:37:00-05:00,201.2899932861328,201.31410217285156,201.16000366210938,201.18499755859375,21159,0.0,0.0
2024-12-04 15:38:00-05:00,201.17999267578125,201.1999969482422,200.99000549316406,201.19500732421875,18271,0.0,0.0
2024-12-04 15:39:00-05:00,201.19000244140625,201.25999450683594,201.1199951171875,201.20779418945312,21851,0.0,0.0
2024-12-04 15:40:00-05:00,201.2050018310547,201.2100067138672,201.06410217285156,201.1699981689453,22916,0.0,0.0
2024-12-04 15:41:00-05:00,201.17999267578125,201.3699951171875,201.1699981689453,201.3699951171875,17626,0.0,0.0
2024-12-04 15:42:00-05:00,201.35000610351562,201.3800048828125,201.32000732421875,201.3623046875,19364,0.0,0.0
2024-12-04 15:43:00-05:00,201.36500549316406,201.39500427246094,201.2949981689453,201.3350067138672,21295,0.0,0.0
2024-12-04 15:44:00-05:00,201.30999755859375,201.33999633789062,201.22000122070312,201.22000122070312,21212,0.0,0.0
2024-12-04 15:45:00-05:00,201.24000549316406,201.3300018310547,201.17999267578125,201.18499755859375,29291,0.0,0.0
2024-12-04 15:46:00-05:00,201.18499755859375,201.2100067138672,201.11000061035156,201.19500732421875,26036,0.0,0.0
2024-12-04 15:47:00-05:00,201.2050018310547,201.27999877929688,201.2050018310547,201.2100067138672,18421,0.0,0.0
2024-12-04 15:48:00-05:00,201.2071075439453,201.22000122070312,201.10000610351562,201.13499450683594,17003,0.0,0.0
2024-12-04 15:49:00-05:00,201.14999389648438,201.16000366210938,201.02000427246094,201.1300048828125,35138,0.0,0.0
2024-12-04 15:50:00-05:00,201.14999389648438,201.2100067138672,200.94000244140625,201.06500244140625,49305,0.0,0.0
2024-12-04 15:51:00-05:00,201.06500244140625,201.06500244140625,200.80999755859375,200.8300018310547,47725,0.0,0.0
2024-12-04 15:52:00-05:00,200.8350067138672,200.9600067138672,200.779296875,200.8000030517578,56206,0.0,0.0
2024-12-04 15:53:00-05:00,200.8000030517578,200.86000061035156,200.74000549316406,200.8300018310547,43884,0.0,0.0
2024-12-04 15:54:00-05:00,200.8699951171875,200.8800048828125,200.77999877929688,200.77999877929688,46230,0.0,0.0
2024-12-04 15:55:00-05:00,200.7899932861328,200.92999267578125,200.64999389648438,200.66000366210938,77774,0.0,0.0
2024-12-04 15:56:00-05:00,200.64999389648438,200.8699951171875,200.5500030517578,200.7449951171875,64411,0.0,0.0
2024-12-04 15:57:00-05:00,200.75,200.82000732421875,200.6199951171875,200.7449951171875,72987,0.0,0.0
2024-12-04 15:58:00-05:00,200.74000549316406,200.75999450683594,200.5800018310547,200.61000061035156,146236,0.0,0.0
2024-12-04 15:59:00-05:00,200.6199951171875,200.9600067138672,200.41000366210938,200.6649932861328,306101,0.0,0.0
2024-12-04 16:00:00-05:00,200.69,200.91,200.22,200.69,1212130,0.0,0.0
2024-12-04 16:01:00-05:00,200.69,200.9,200.68,200.7,0,0.0,0.0
2024-12-04 16:02:00-05:00,200.7,200.79,200.7,200.73,0,0.0,0.0
2024-12-04 16:03:00-05:00,200.55,200.73,200.55,200.73,0,0.0,0.0
2024-12-04 16:04:00-05:00,200.69,200.7,200.61,200.68,0,0.0,0.0
2024-12-04 16:05:00-05:00,200.69,200.91,200.5625,200.91,0,0.0,0.0
2024-12-04 16:06:00-05:00,200.69,200.94,200.69,200.91,0,0.0,0.0
2024-12-04 16:07:00-05:00,200.9111,200.98,200.84,200.96,0,0.0,0.0
2024-12-04 16:08:00-05:00,200.85,201.11,200.85,201.11,0,0.0,0.0
2024-12-04 16:09:00-05:00,201.1,201.15,201.01,201.01,0,0.0,0.0
2024-12-04 16:10:00-05:00,200.95,201.03,200.91,200.95,0,0.0,0.0
2024-12-04 16:11:00-05:00,200.95,201.03,200.95,201.0,0,0.0,0.0
2024-12-04 16:12:00-05:00,201.0,201.0794,201.0,201.0794,0,0.0,0.0
2024-12-04 16:13:00-05:00,201.07,201.07,200.78,200.78,0,0.0,0.0
2024-12-04 16:14:00-05:00,200.86,200.875,200.69,200.77,0,0.0,0.0
2024-12-04 16:15:00-05:00,200.69,200.9616,200.69,200.82,0,0.0,0.0
2024-12-04 16:16:00-05:00,200.83,200.83,200.69,200.69,0,0.0,0.0
2024-12-04 16:17:00-05:00,200.82,200.82,200.69,200.75,0,0.0,0.0
2024-12-04 16:18:00-05:00,200.69,200.8,200.69,200.7,0,0.0,0.0
2024-12-04 16:19:00-05:00,200.8,200.8,200.7,200.73,0,0.0,0.0
2024-12-04 16:20:00-05:00,200.69,200.8,200.69,200.8,0,0.0,0.0
2024-12-04 16:21:00-05:00,200.7,200.7,200.69,200.69,0,0.0,0.0
2024-12-04 16:22:00-05:00,200.77,200.8,200.77,200.77,0,0.0,0.0
2024-12-04 16:23:00-05:00,200.7999,200.7999,200.69,200.69,0,0.0,0.0
2024-12-04 16:24:00-05:00,200.69,200.83,200.69,200.82,0,0.0,0.0
2024-12-04 16:25:00-05:00,200.82,201.07,200.82,201.07,0,0.0,0.0
2024-12-04 16:26:00-05:00,200.83,201.0788,200.8265,200.8425,0,0.0,0.0
2024-12-04 16:27:00-05:00,201.0,201.08,200.84,200.84,0,0.0,0.0
2024-12-04 16:28:00-05:00,200.83,200.85,200.69,200.81,0,0.0,0.0
2024-12-04 16:29:00-05:00,201.07,201.07,200.89,200.89,0,0.0,0.0
2024-12-04 16:30:00-05:00,200.88,200.88,200.823,200.86,0,0.0,0.0
2024-12-04 16:31:00-05:00,200.89,200.9,200.69,200.9,0,0.0,0.0
2024-12-04 16:32:00-05:00,200.82,201.3599,200.69,200.85,0,0.0,0.0
2024-12-04 16:33:00-05:00,200.9,200.9,200.69,200.69,0,0.0,0.0
2024-12-04 16:34:00-05:00,200.9,201.36,200.82,200.82,0,0.0,0.0
2024-12-04 16:35:00-05:00,201.36,201.36,200.69,200.83,0,0.0,0.0
2024-12-04 16:36:00-05:00,200.83,201.36,200.83,200.9,0,0.0,0.0
2024-12-04 16:37:00-05:00,200.99,201.36,200.99,201.36,0,0.0,0.0
2024-12-04 16:38:00-05:00,200.89,201.36,200.84,201.36,0,0.0,0.0
2024-12-04 16:39:00-05:00,200.89,200.99,200.89,200.99,0,0.0,0.0
2024-12-04 16:40:00-05:00,200.95,201.0,200.95,200.96,0,0.0,0.0
2024-12-04 16:41:00-05:00,201.0,201.15,200.88,200.88,0,0.0,0.0
2024-12-04 16:42:00-05:00,200.9,201.29,200.9,201.14,0,0.0,0.0
2024-12-04 16:43:00-05:00,200.95,201.15,200.95,200.95,0,0.0,0.0
2024-12-04 16:44:00-05:00,201.15,201.15,200.95,201.01,0,0.0,0.0
2024-12-04 16:45:00-05:00,201.0,201.36,200.97,201.05,0,0.0,0.0
2024-12-04 16:46:00-05:00,201.09,201.3599,200.97,200.97,0,0.0,0.0
2024-12-04 16:47:00-05:00,201.02,201.02,201.0,201.0,0,0.0,0.0
2024-12-04 16:48:00-05:00,201.0,201.0,201.0,201.0,0,0.0,0.0
2024-12-04 16:49:00-05:00,201.0,201.068,200.95,200.97,0,0.0,0.0
2024-12-04 16:50:00-05:00,201.19,201.19,200.88,200.88,0,0.0,0.0
2024-12-04 16:51:00-05:00,200.88,200.94,200.88,200.94,0,0.0,0.0
2024-12-04 16:52:00-05:00,200.96,200.97,200.96,200.97,0,0.0,0.0
2024-12-04 16:53:00-05:00,200.97,201.072,200.97,201.072,0,0.0,0.0
2024-12-04 16:54:00-05:00,200.97,200.97,200.97,200.97,0,0.0,0.0
2024-12-04 16:55:00-05:00,200.69,200.69,200.69,200.69,0,0.0,0.0
2024-12-04 16:56:00-05:00,200.96,200.96,200.88,200.94,0,0.0,0.0
2024-12-04 16:57:00-05:00,201.25,201.25,200.94,200.97,0,0.0,0.0
2024-12-04 16:58:00-05:00,200.97,200.97,200.89,200.89,0,0.0,0.0
2024-12-04 16:59:00-05:00,201.25,201.25,200.93,201.2407,0,0.0,0.0
2024-12-04 17:00:00-05:00,200.96,200.98,200.96,200.97,0,0.0,0.0
2024-12-04 17:01:00-05:00,200.89,200.89,200.88,200.88,0,0.0,0.0
2024-12-04 17:03:00-05:00,200.99,201.0,200.88,200.92,0,0.0,0.0
2024-12-04 17:04:00-05:00,200.9,200.9,200.88,200.89,0,0.0,0.0
2024-12-04 17:05:00-05:00,201.01,201.01,200.69,200.69,0,0.0,0.0
2024-12-04 17:06:00-05:00,200.89,200.96,200.89,200.96,0,0.0,0.0
2024-12-04 17:07:00-05:00,200.89,200.99,200.89,200.95,0,0.0,0.0
2024-12-04 17:08:00-05:00,200.95,200.95,200.95,200.95,0,0.0,0.0
2024-12-04 17:09:00-05:00,200.95,201.01,200.95,200.98,0,0.0,0.0
2024-12-04 17:10:00-05:00,200.98,201.0,200.98,201.0,0,0.0,0.0
2024-12-04 17:11:00-05:00,200.97,201.0,200.97,201.0,0,0.0,0.0
2024-12-04 17:12:00-05:00,201.01,201.01,201.01,201.01,0,0.0,0.0
2024-12-04 17:13:00-05:00,200.95,200.95,200.95,200.95,0,0.0,0.0
2024-12-04 17:14:00-05:00,201.0,201.0,200.95,201.0,0,0.0,0.0
2024-12-04 17:15:00-05:00,200.95,200.96,200.8,200.8,0,0.0,0.0
2024-12-04 17:16:00-05:00,200.95,200.99,200.93,200.98,0,0.0,0.0
2024-12-04 17:17:00-05:00,200.98,200.98,200.8,200.8,0,0.0,0.0
2024-12-04 17:18:00-05:00,200.94,200.94,200.93,200.93,0,0.0,0.0
2024-12-04 17:19:00-05:00,200.95,201.01,200.95,201.0,0,0.0,0.0
2024-12-04 17:20:00-05:00,201.01,201.01,200.99,201.01,0,0.0,0.0
2024-12-04 17:21:00-05:00,201.01,201.01,201.01,201.01,0,0.0,0.0
2024-12-04 17:22:00-05:00,200.98,201.01,200.95,201.01,0,0.0,0.0
2024-12-04 17:23:00-05:00,200.69,200.69,200.69,200.69,0,0.0,0.0
2024-12-04 17:24:00-05:00,201.0,201.0096,200.94,201.0096,0,0.0,0.0
2024-12-04 17:25:00-05:00,201.01,201.01,200.94,201.002,0,0.0,0.0
2024-12-04 17:26:00-05:00,201.0,201.0,200.8908,200.94,0,0.0,0.0
2024-12-04 17:27:00-05:00,200.9,200.9,200.9,200.9,0,0.0,0.0
2024-12-04 17:28:00-05:00,200.92,200.92,200.82,200.82,0,0.0,0.0
2024-12-04 17:29:00-05:00,200.88,201.0,200.69,200.69,0,0.0,0.0
2024-12-04 17:30:00-05:00,200.7311,200.94,200.69,200.85,0,0.0,0.0
2024-12-04 17:31:00-05:00,200.85,200.85,200.81,200.81,0,0.0,0.0
2024-12-04 17:32:00-05:00,200.8497,200.88,200.83,200.84,0,0.0,0.0
2024-12-04 17:33:00-05:00,200.94,200.94,200.69,200.69,0,0.0,0.0
2024-12-04 17:34:00-05:00,200.88,200.88,200.88,200.88,0,0.0,0.0
2024-12-04 17:35:00-05:00,200.81,201.01,200.81,201.01,0,0.0,0.0
2024-12-04 17:36:00-05:00,200.82,201.0,200.82,200.83,0,0.0,0.0
2024-12-04 17:37:00-05:00,200.94,200.99,200.84,200.84,0,0.0,0.0
2024-12-04 17:38:00-05:00,200.84,200.84,200.7268,200.7268,0,0.0,0.0
2024-12-04 17:39:00-05:00,200.83,200.83,200.69,200.69,0,0.0,0.0
2024-12-04 17:40:00-05:00,200.84,200.84,200.82,200.82,0,0.0,0.0
2024-12-04 17:41:00-05:00,200.84,200.84,200.83,200.84,0,0.0,0.0
2024-12-04 17:42:00-05:00,200.84,200.84,200.69,200.83,0,0.0,0.0
2024-12-04 17:43:00-05:00,200.8,200.8,200.8,200.8,0,0.0,0.0
2024-12-04 17:44:00-05:00,200.83,200.83,200.8,200.83,0,0.0,0.0
2024-12-04 17:45:00-05:00,200.8,200.8,200.7,200.7,0,0.0,0.0
2024-12-04 17:46:00-05:00,200.71,200.83,200.69,200.69,0,0.0,0.0
2024-12-04 17:47:00-05:00,200.69,200.71,200.69,200.7,0,0.0,0.0
2024-12-04 17:48:00-05:00,200.71,200.71,200.7,200.71,0,0.0,0.0
2024-12-04 17:49:00-05:00,200.75,200.8,200.7,200.8,0,0.0,0.0
2024-12-04 17:50:00-05:00,200.8296,200.8296,200.69,200.69,0,0.0,0.0
2024-12-04 17:51:00-05:00,200.7,200.83,200.69,200.83,0,0.0,0.0
2024-12-04 17:52:00-05:00,200.71,200.71,200.69,200.71,0,0.0,0.0
2024-12-04 17:53:00-05:00,200.82,200.82,200.82,200.82,0,0.0,0.0
2024-12-04 17:54:00-05:00,200.82,200.82,200.82,200.82,0,0.0,0.0
2024-12-04 17:55:00-05:00,200.74,200.83,200.74,200.8,0,0.0,0.0
2024-12-04 17:56:00-05:00,200.83,200.83,200.83,200.83,0,0.0,0.0
2024-12-04 17:58:00-05:00,200.8,200.83,200.8,200.83,0,0.0,0.0
2024-12-04 17:59:00-05:00,200.82,200.83,200.8,200.83,0,0.0,0.0
2024-12-04 18:01:00-05:00,200.83,201.01,200.8,200.8,0,0.0,0.0
2024-12-04 18:02:00-05:00,201.0,201.0,200.73,201.0,0,0.0,0.0
2024-12-04 18:04:00-05:00,200.7,200.93,200.7,200.93,0,0.0,0.0
2024-12-04 18:06:00-05:00,200.7,200.7,200.7,200.7,0,0.0,0.0
2024-12-04 18:07:00-05:00,200.99,200.99,200.75,200.75,0,0.0,0.0
2024-12-04 18:08:00-05:00,200.75,201.0,200.75,201.0,0,0.0,0.0
2024-12-04 18:09:00-05:00,200.96,200.96,200.69,200.92,0,0.0,0.0
2024-12-04 18:10:00-05:00,200.938,200.938,200.7,200.7,0,0.0,0.0
2024-12-04 18:11:00-05:00,200.944,200.944,200.75,200.75,0,0.0,0.0
2024-12-04 18:12:00-05:00,200.75,200.96,200.75,200.96,0,0.0,0.0
2024-12-04 18:13:00-05:00,200.96,200.96,200.96,200.96,0,0.0,0.0
2024-12-04 18:14:00-05:00,200.76,200.76,200.76,200.76,0,0.0,0.0
2024-12-04 18:15:00-05:00,200.76,200.99,200.76,200.99,0,0.0,0.0
2024-12-04 18:16:00-05:00,200.83,200.9488,200.77,200.77,0,0.0,0.0
2024-12-04 18:18:00-05:00,200.9,200.9,200.9,200.9,0,0.0,0.0
2024-12-04 18:19:00-05:00,200.7711,200.78,200.7711,200.78,0,0.0,0.0
2024-12-04 18:20:00-05:00,200.8996,200.8996,200.8996,200.8996,0,0.0,0.0
2024-12-04 18:22:00-05:00,200.79,200.79,200.77,200.78,0,0.0,0.0
2024-12-04 18:23:00-05:00,200.78,200.78,200.78,200.78,0,0.0,0.0
2024-12-04 18:24:00-05:00,200.8,200.89,200.8,200.89,0,0.0,0.0
2024-12-04 18:25:00-05:00,200.87,200.9,200.77,200.85,0,0.0,0.0
2024-12-04 18:26:00-05:00,200.87,200.87,200.768,200.77,0,0.0,0.0
2024-12-04 18:27:00-05:00,200.75,200.75,200.75,200.75,0,0.0,0.0
2024-12-04 18:28:00-05:00,200.77,200.77,200.7511,200.7511,0,0.0,0.0
2024-12-04 18:29:00-05:00,200.86,200.86,200.86,200.86,0,0.0,0.0
2024-12-04 18:30:00-05:00,200.75,200.75,200.75,200.75,0,0.0,0.0
2024-12-04 18:31:00-05:00,200.87,200.87,200.75,200.75,0,0.0,0.0
2024-12-04 18:32:00-05:00,200.75,200.87,200.75,200.87,0,0.0,0.0
2024-12-04 18:34:00-05:00,200.865,200.8695,200.865,200.8695,0,0.0,0.0
2024-12-04 18:35:00-05:00,200.75,200.86,200.69,200.86,0,0.0,0.0
2024-12-04 18:36:00-05:00,200.69,200.69,200.69,200.69,0,0.0,0.0
2024-12-04 18:37:00-05:00,200.69,200.6916,200.69,200.6916,0,0.0,0.0
2024-12-04 18:38:00-05:00,200.69,200.69,200.69,200.69,0,0.0,0.0
2024-12-04 18:39:00-05:00,200.69,200.87,200.69,200.87,0,0.0,0.0
2024-12-04 18:40:00-05:00,200.82,200.87,200.69,200.69,0,0.0,0.0
2024-12-04 18:41:00-05:00,200.82,200.82,200.69,200.69,0,0.0,0.0
2024-12-04 18:42:00-05:00,200.9,200.9,200.7,200.7,0,0.0,0.0
2024-12-04 18:43:00-05:00,200.69,200.69,200.69,200.69,0,0.0,0.0
2024-12-04 18:44:00-05:00,200.69,200.7,200.69,200.7,0,0.0,0.0
2024-12-04 18:46:00-05:00,200.7,200.9,200.6901,200.6901,0,0.0,0.0
2024-12-04 18:47:00-05:00,200.87,200.87,200.7,200.7,0,0.0,0.0
2024-12-04 18:49:00-05:00,200.84,200.84,200.84,200.84,0,0.0,0.0
2024-12-04 18:51:00-05:00,200.86,200.86,200.86,200.86,0,0.0,0.0
2024-12-04 18:52:00-05:00,200.69,200.84,200.69,200.7,0,0.0,0.0
2024-12-04 18:53:00-05:00,200.7,200.7,200.69,200.69,0,0.0,0.0
2024-12-04 18:54:00-05:00,200.69,200.69,200.69,200.69,0,0.0,0.0
2024-12-04 18:55:00-05:00,200.74,200.75,200.7,200.7,0,0.0,0.0
2024-12-04 18:56:00-05:00,200.79,200.8,200.71,200.75,0,0.0,0.0
2024-12-04 18:57:00-05:00,200.8,200.87,200.8,200.87,0,0.0,0.0
2024-12-04 18:58:00-05:00,200.87,200.87,200.76,200.76,0,0.0,0.0
2024-12-04 18:59:00-05:00,200.76,200.76,200.75,200.75,0,0.0,0.0
2024-12-04 19:00:00-05:00,200.75,200.75,200.71,200.71,0,0.0,0.0
2024-12-04 19:02:00-05:00,200.75,200.75,200.75,200.75,0,0.0,0.0
2024-12-04 19:03:00-05:00,200.75,200.75,200.69,200.69,0,0.0,0.0
2024-12-04 19:05:00-05:00,200.7,200.7,200.7,200.7,0,0.0,0.0
2024-12-04 19:06:00-05:00,200.86,200.87,200.71,200.71,0,0.0,0.0
2024-12-04 19:07:00-05:00,200.69,200.87,200.69,200.6905,0,0.0,0.0
2024-12-04 19:08:00-05:00,200.88,200.88,200.69,200.88,0,0.0,0.0
2024-12-04 19:09:00-05:00,200.87,200.88,200.6908,200.6908,0,0.0,0.0
2024-12-04 19:10:00-05:00,200.87,200.87,200.69,200.69,0,0.0,0.0
2024-12-04 19:11:00-05:00,200.86,200.87,200.69,200.69,0,0.0,0.0
2024-12-04 19:12:00-05:00,200.69,200.69,200.69,200.69,0,0.0,0.0
2024-12-04 19:13:00-05:00,200.8791,200.8791,200.8,200.8,0,0.0,0.0
2024-12-04 19:14:00-05:00,200.8,200.8,200.8,200.8,0,0.0,0.0
2024-12-04 19:16:00-05:00,200.8,200.8,200.74,200.74,0,0.0,0.0
2024-12-04 19:18:00-05:00,200.75,200.88,200.74,200.74,0,0.0,0.0
2024-12-04 19:19:00-05:00,200.75,200.87,200.75,200.825,0,0.0,0.0
2024-12-04 19:22:00-05:00,200.8,200.8,200.8,200.8,0,0.0,0.0
2024-12-04 19:23:00-05:00,200.8,200.8,200.8,200.8,0,0.0,0.0
2024-12-04 19:24:00-05:00,200.8,200.8,200.78,200.78,0,0.0,0.0
2024-12-04 19:25:00-05:00,200.78,200.78,200.78,200.78,0,0.0,0.0
2024-12-04 19:28:00-05:00,200.78,200.78,200.78,200.78,0,0.0,0.0
2024-12-04 19:29:00-05:00,200.87,200.87,200.87,200.87,0,0.0,0.0
2024-12-04 19:30:00-05:00,200.85,200.85,200.78,200.78,0,0.0,0.0
2024-12-04 19:31:00-05:00,200.84,200.84,200.6909,200.6909,0,0.0,0.0
2024-12-04 19:32:00-05:00,200.85,200.85,200.6906,200.691,0,0.0,0.0
2024-12-04 19:33:00-05:00,200.87,200.87,200.87,200.87,0,0.0,0.0
2024-12-04 19:36:56-05:00,200.69,200.69,200.69,200.69,0,0.0,0.0
