time,Open,High,Low,Close,Volume,Dividends,Stock Splits
2024-12-12 04:00:00-05:00,139.06,139.43,138.94,138.94,0,0.0,0.0
2024-12-12 04:01:00-05:00,138.92,139.03,138.84,138.87,0,0.0,0.0
2024-12-12 04:02:00-05:00,138.99,139.05,138.9,138.97,0,0.0,0.0
2024-12-12 04:03:00-05:00,138.97,139.1,138.9,138.96,0,0.0,0.0
2024-12-12 04:04:00-05:00,138.96,139.15,138.96,139.13,0,0.0,0.0
2024-12-12 04:05:00-05:00,139.09,139.15,139.02,139.05,0,0.0,0.0
2024-12-12 04:06:00-05:00,139.05,139.09,138.95,138.98,0,0.0,0.0
2024-12-12 04:07:00-05:00,138.97,138.98,138.8,138.83,0,0.0,0.0
2024-12-12 04:08:00-05:00,138.85,138.9,138.75,138.75,0,0.0,0.0
2024-12-12 04:09:00-05:00,138.75,138.75,138.69,138.72,0,0.0,0.0
2024-12-12 04:10:00-05:00,138.69,138.73,138.61,138.71,0,0.0,0.0
2024-12-12 04:11:00-05:00,138.68,138.8,138.68,138.8,0,0.0,0.0
2024-12-12 04:12:00-05:00,138.8,138.8,138.6,138.61,0,0.0,0.0
2024-12-12 04:13:00-05:00,138.67,138.69,138.5,138.53,0,0.0,0.0
2024-12-12 04:14:00-05:00,138.55,138.59,138.49,138.5,0,0.0,0.0
2024-12-12 04:15:00-05:00,138.54,138.56,138.45,138.45,0,0.0,0.0
2024-12-12 04:16:00-05:00,138.46,138.6,138.42,138.48,0,0.0,0.0
2024-12-12 04:17:00-05:00,138.5,138.57,138.5,138.57,0,0.0,0.0
2024-12-12 04:18:00-05:00,138.59,138.73,138.57,138.73,0,0.0,0.0
2024-12-12 04:19:00-05:00,138.68,138.7,138.65,138.68,0,0.0,0.0
2024-12-12 04:20:00-05:00,138.68,138.75,138.68,138.72,0,0.0,0.0
2024-12-12 04:21:00-05:00,138.74,138.74,138.63,138.72,0,0.0,0.0
2024-12-12 04:22:00-05:00,138.71,138.72,138.67,138.67,0,0.0,0.0
2024-12-12 04:23:00-05:00,138.67,138.8,138.67,138.73,0,0.0,0.0
2024-12-12 04:24:00-05:00,138.73,138.73,138.68,138.68,0,0.0,0.0
2024-12-12 04:25:00-05:00,138.68,138.69,138.57,138.57,0,0.0,0.0
2024-12-12 04:26:00-05:00,138.56,138.67,138.55,138.64,0,0.0,0.0
2024-12-12 04:27:00-05:00,138.64,138.64,138.61,138.61,0,0.0,0.0
2024-12-12 04:28:00-05:00,138.6,138.62,138.5,138.51,0,0.0,0.0
2024-12-12 04:29:00-05:00,138.54,138.61,138.54,138.6,0,0.0,0.0
2024-12-12 04:30:00-05:00,138.65,138.66,138.62,138.66,0,0.0,0.0
2024-12-12 04:31:00-05:00,138.66,138.66,138.42,138.42,0,0.0,0.0
2024-12-12 04:32:00-05:00,138.41,138.42,138.38,138.4,0,0.0,0.0
2024-12-12 04:33:00-05:00,138.4,138.5,138.4,138.43,0,0.0,0.0
2024-12-12 04:34:00-05:00,138.47,138.55,138.47,138.51,0,0.0,0.0
2024-12-12 04:35:00-05:00,138.57,138.6,138.55,138.6,0,0.0,0.0
2024-12-12 04:36:00-05:00,138.6,138.64,138.6,138.6,0,0.0,0.0
2024-12-12 04:37:00-05:00,138.58,138.58,138.58,138.58,0,0.0,0.0
2024-12-12 04:38:00-05:00,138.53,138.53,138.47,138.47,0,0.0,0.0
2024-12-12 04:39:00-05:00,138.46,138.48,138.42,138.43,0,0.0,0.0
2024-12-12 04:40:00-05:00,138.46,138.49,138.46,138.49,0,0.0,0.0
2024-12-12 04:41:00-05:00,138.53,138.6,138.53,138.55,0,0.0,0.0
2024-12-12 04:42:00-05:00,138.56,138.56,138.56,138.56,0,0.0,0.0
2024-12-12 04:43:00-05:00,138.55,138.55,138.55,138.55,0,0.0,0.0
2024-12-12 04:44:00-05:00,138.57,138.57,138.55,138.55,0,0.0,0.0
2024-12-12 04:45:00-05:00,138.57,138.59,138.56,138.56,0,0.0,0.0
2024-12-12 04:46:21-05:00,138.56,138.56,138.56,138.56,0,0.0,0.0
