time,Open,High,Low,Close,Volume,Dividends,Stock Splits
2024-12-09 04:00:00-05:00,142.01,142.49,142.01,142.09,0,0.0,0.0
2024-12-09 04:01:00-05:00,142.08,142.28,142.0,142.0,0,0.0,0.0
2024-12-09 04:02:00-05:00,142.0,142.05,141.91,142.01,0,0.0,0.0
2024-12-09 04:03:00-05:00,142.06,142.11,142.0,142.0,0,0.0,0.0
2024-12-09 04:04:00-05:00,142.0,142.02,141.88,141.94,0,0.0,0.0
2024-12-09 04:05:00-05:00,141.95,141.97,141.8,141.81,0,0.0,0.0
2024-12-09 04:06:00-05:00,141.83,141.85,141.7,141.71,0,0.0,0.0
2024-12-09 04:07:00-05:00,141.71,141.72,141.58,141.59,0,0.0,0.0
2024-12-09 04:08:00-05:00,141.59,141.71,141.54,141.65,0,0.0,0.0
2024-12-09 04:09:00-05:00,141.68,141.68,141.6,141.6,0,0.0,0.0
2024-12-09 04:10:00-05:00,141.59,141.59,141.2,141.25,0,0.0,0.0
2024-12-09 04:11:00-05:00,141.21,141.44,141.21,141.35,0,0.0,0.0
2024-12-09 04:12:00-05:00,141.35,141.39,141.3,141.37,0,0.0,0.0
2024-12-09 04:13:00-05:00,141.38,141.43,141.32,141.36,0,0.0,0.0
2024-12-09 04:14:00-05:00,141.32,141.42,141.28,141.34,0,0.0,0.0
2024-12-09 04:15:00-05:00,141.36,141.44,141.36,141.4,0,0.0,0.0
2024-12-09 04:16:00-05:00,141.44,141.52,141.42,141.49,0,0.0,0.0
2024-12-09 04:17:00-05:00,141.45,141.56,141.4,141.4,0,0.0,0.0
2024-12-09 04:18:00-05:00,141.39,141.6,141.36,141.6,0,0.0,0.0
2024-12-09 04:19:00-05:00,141.58,141.6,141.52,141.52,0,0.0,0.0
2024-12-09 04:20:00-05:00,141.5,141.59,141.49,141.55,0,0.0,0.0
2024-12-09 04:21:00-05:00,141.55,141.64,141.52,141.59,0,0.0,0.0
2024-12-09 04:22:00-05:00,141.58,141.64,141.55,141.63,0,0.0,0.0
2024-12-09 04:23:00-05:00,141.64,141.74,141.63,141.66,0,0.0,0.0
2024-12-09 04:24:00-05:00,141.66,141.77,141.63,141.74,0,0.0,0.0
2024-12-09 04:25:00-05:00,141.74,141.74,141.65,141.68,0,0.0,0.0
2024-12-09 04:26:00-05:00,141.66,141.69,141.63,141.63,0,0.0,0.0
2024-12-09 04:27:00-05:00,141.65,141.67,141.62,141.64,0,0.0,0.0
2024-12-09 04:28:00-05:00,141.64,141.64,141.52,141.55,0,0.0,0.0
2024-12-09 04:29:00-05:00,141.55,141.56,141.35,141.38,0,0.0,0.0
2024-12-09 04:30:00-05:00,141.35,141.44,141.3,141.4,0,0.0,0.0
2024-12-09 04:31:00-05:00,141.4,141.46,141.38,141.46,0,0.0,0.0
2024-12-09 04:32:00-05:00,141.48,141.48,141.43,141.44,0,0.0,0.0
2024-12-09 04:33:00-05:00,141.48,141.5,141.4,141.41,0,0.0,0.0
2024-12-09 04:34:00-05:00,141.41,141.51,141.4,141.51,0,0.0,0.0
2024-12-09 04:35:00-05:00,141.5,141.5,141.42,141.42,0,0.0,0.0
2024-12-09 04:36:00-05:00,141.45,141.47,141.31,141.31,0,0.0,0.0
2024-12-09 04:37:00-05:00,141.34,141.36,141.11,141.11,0,0.0,0.0
2024-12-09 04:38:00-05:00,141.15,141.3,141.06,141.29,0,0.0,0.0
2024-12-09 04:39:00-05:00,141.29,141.29,141.14,141.24,0,0.0,0.0
2024-12-09 04:40:00-05:00,141.24,141.35,141.24,141.29,0,0.0,0.0
2024-12-09 04:41:00-05:00,141.26,141.26,141.23,141.24,0,0.0,0.0
2024-12-09 04:42:00-05:00,141.22,141.22,141.14,141.15,0,0.0,0.0
2024-12-09 04:43:00-05:00,141.15,141.2,141.15,141.2,0,0.0,0.0
2024-12-09 04:44:00-05:00,141.23,141.29,141.22,141.29,0,0.0,0.0
2024-12-09 04:45:00-05:00,141.29,141.29,141.18,141.18,0,0.0,0.0
2024-12-09 04:46:00-05:00,141.14,141.17,141.13,141.16,0,0.0,0.0
2024-12-09 04:47:00-05:00,141.14,141.2,141.14,141.2,0,0.0,0.0
2024-12-09 04:48:00-05:00,141.21,141.34,141.17,141.29,0,0.0,0.0
2024-12-09 04:49:00-05:00,141.25,141.25,141.09,141.09,0,0.0,0.0
2024-12-09 04:50:00-05:00,141.1,141.15,141.1,141.15,0,0.0,0.0
2024-12-09 04:51:00-05:00,141.11,141.14,141.1,141.14,0,0.0,0.0
2024-12-09 04:52:00-05:00,141.14,141.14,141.07,141.1,0,0.0,0.0
2024-12-09 04:53:00-05:00,141.11,141.12,141.04,141.1,0,0.0,0.0
2024-12-09 04:54:00-05:00,141.08,141.1,141.02,141.02,0,0.0,0.0
2024-12-09 04:55:00-05:00,141.02,141.05,140.94,140.94,0,0.0,0.0
2024-12-09 04:56:00-05:00,140.91,140.92,140.82,140.82,0,0.0,0.0
2024-12-09 04:57:00-05:00,140.82,140.93,140.73,140.92,0,0.0,0.0
2024-12-09 04:58:00-05:00,140.99,141.1,140.95,141.04,0,0.0,0.0
2024-12-09 04:59:00-05:00,141.04,141.04,140.9,140.97,0,0.0,0.0
2024-12-09 05:00:00-05:00,140.93,140.93,140.91,140.91,0,0.0,0.0
2024-12-09 05:01:00-05:00,140.87,140.95,140.83,140.93,0,0.0,0.0
2024-12-09 05:02:00-05:00,140.92,140.93,140.91,140.91,0,0.0,0.0
2024-12-09 05:03:00-05:00,140.91,140.91,140.89,140.89,0,0.0,0.0
2024-12-09 05:04:00-05:00,140.89,141.05,140.89,141.05,0,0.0,0.0
2024-12-09 05:05:00-05:00,141.04,141.1,141.04,141.09,0,0.0,0.0
2024-12-09 05:06:00-05:00,141.09,141.12,141.09,141.1,0,0.0,0.0
2024-12-09 05:07:00-05:00,141.13,141.13,141.0,141.01,0,0.0,0.0
2024-12-09 05:08:00-05:00,141.04,141.04,141.03,141.03,0,0.0,0.0
2024-12-09 05:09:00-05:00,141.01,141.1,141.01,141.1,0,0.0,0.0
2024-12-09 05:10:00-05:00,141.1,141.1,141.04,141.05,0,0.0,0.0
2024-12-09 05:11:00-05:00,141.08,141.11,141.08,141.11,0,0.0,0.0
2024-12-09 05:12:00-05:00,141.13,141.15,141.08,141.13,0,0.0,0.0
2024-12-09 05:13:00-05:00,141.15,141.22,141.15,141.21,0,0.0,0.0
2024-12-09 05:14:00-05:00,141.22,141.3,141.22,141.3,0,0.0,0.0
2024-12-09 05:15:00-05:00,141.25,141.26,141.2,141.25,0,0.0,0.0
2024-12-09 05:16:00-05:00,141.23,141.24,141.15,141.2,0,0.0,0.0
2024-12-09 05:17:00-05:00,141.21,141.26,141.2,141.21,0,0.0,0.0
2024-12-09 05:18:00-05:00,141.27,141.27,140.95,141.01,0,0.0,0.0
2024-12-09 05:19:00-05:00,141.05,141.16,141.05,141.16,0,0.0,0.0
2024-12-09 05:20:00-05:00,141.15,141.16,141.15,141.16,0,0.0,0.0
2024-12-09 05:21:00-05:00,141.17,141.19,141.1,141.1,0,0.0,0.0
2024-12-09 05:22:00-05:00,141.12,141.12,141.05,141.1,0,0.0,0.0
2024-12-09 05:23:00-05:00,141.1,141.1,141.07,141.07,0,0.0,0.0
2024-12-09 05:24:00-05:00,141.07,141.07,140.96,140.96,0,0.0,0.0
2024-12-09 05:25:00-05:00,140.97,141.06,140.97,141.06,0,0.0,0.0
2024-12-09 05:26:00-05:00,141.06,141.08,141.05,141.06,0,0.0,0.0
2024-12-09 05:27:00-05:00,141.08,141.08,141.04,141.08,0,0.0,0.0
2024-12-09 05:28:00-05:00,141.06,141.06,141.03,141.04,0,0.0,0.0
2024-12-09 05:29:00-05:00,141.03,141.03,141.03,141.03,0,0.0,0.0
2024-12-09 05:30:00-05:00,141.05,141.19,141.05,141.17,0,0.0,0.0
2024-12-09 05:31:00-05:00,141.14,141.2,141.11,141.17,0,0.0,0.0
2024-12-09 05:32:00-05:00,141.18,141.2,141.18,141.2,0,0.0,0.0
2024-12-09 05:33:00-05:00,141.2,141.23,141.18,141.2,0,0.0,0.0
2024-12-09 05:34:00-05:00,141.24,141.24,141.2,141.2,0,0.0,0.0
2024-12-09 05:35:00-05:00,141.18,141.18,140.98,141.0,0,0.0,0.0
2024-12-09 05:36:00-05:00,141.0,141.0,140.99,141.0,0,0.0,0.0
2024-12-09 05:37:00-05:00,141.0,141.05,140.99,141.03,0,0.0,0.0
2024-12-09 05:38:00-05:00,141.03,141.05,140.95,141.0,0,0.0,0.0
2024-12-09 05:39:00-05:00,140.98,141.0,140.96,140.97,0,0.0,0.0
2024-12-09 05:40:00-05:00,140.97,140.98,140.9,140.92,0,0.0,0.0
2024-12-09 05:41:00-05:00,140.91,140.96,140.91,140.93,0,0.0,0.0
2024-12-09 05:42:00-05:00,140.92,140.96,140.92,140.93,0,0.0,0.0
2024-12-09 05:43:00-05:00,140.94,140.94,140.86,140.86,0,0.0,0.0
2024-12-09 05:44:00-05:00,140.9,140.93,140.9,140.9,0,0.0,0.0
2024-12-09 05:45:00-05:00,140.89,140.89,140.61,140.67,0,0.0,0.0
2024-12-09 05:46:00-05:00,140.67,140.78,140.67,140.69,0,0.0,0.0
2024-12-09 05:47:00-05:00,140.71,140.91,140.69,140.87,0,0.0,0.0
2024-12-09 05:48:00-05:00,140.89,141.04,140.89,140.89,0,0.0,0.0
2024-12-09 05:49:00-05:00,140.89,140.91,140.85,140.87,0,0.0,0.0
2024-12-09 05:50:00-05:00,140.82,140.85,140.82,140.84,0,0.0,0.0
2024-12-09 05:51:00-05:00,140.85,140.99,140.85,140.91,0,0.0,0.0
2024-12-09 05:52:00-05:00,140.91,140.96,140.88,140.96,0,0.0,0.0
2024-12-09 05:53:00-05:00,140.9,140.98,140.9,140.93,0,0.0,0.0
2024-12-09 05:54:00-05:00,140.98,140.99,140.9,140.9,0,0.0,0.0
2024-12-09 05:55:00-05:00,140.9,140.9,140.88,140.88,0,0.0,0.0
2024-12-09 05:56:00-05:00,140.9,140.95,140.9,140.95,0,0.0,0.0
2024-12-09 05:57:00-05:00,140.95,140.97,140.95,140.96,0,0.0,0.0
2024-12-09 05:58:00-05:00,140.95,140.95,140.94,140.94,0,0.0,0.0
2024-12-09 05:59:00-05:00,140.94,140.94,140.84,140.84,0,0.0,0.0
2024-12-09 06:00:00-05:00,140.85,140.85,140.83,140.83,0,0.0,0.0
2024-12-09 06:01:00-05:00,140.83,140.93,140.7,140.74,0,0.0,0.0
2024-12-09 06:02:00-05:00,140.77,140.83,140.77,140.77,0,0.0,0.0
2024-12-09 06:03:00-05:00,140.8,140.8,140.77,140.79,0,0.0,0.0
2024-12-09 06:04:00-05:00,140.79,140.79,140.77,140.77,0,0.0,0.0
2024-12-09 06:05:00-05:00,140.71,140.71,140.64,140.65,0,0.0,0.0
2024-12-09 06:06:00-05:00,140.64,140.74,140.64,140.7,0,0.0,0.0
2024-12-09 06:07:00-05:00,140.71,140.71,140.65,140.7,0,0.0,0.0
2024-12-09 06:08:00-05:00,140.69,140.7,140.65,140.66,0,0.0,0.0
2024-12-09 06:09:00-05:00,140.67,140.69,140.63,140.64,0,0.0,0.0
2024-12-09 06:10:00-05:00,140.67,140.68,140.63,140.68,0,0.0,0.0
2024-12-09 06:11:00-05:00,140.67,140.7,140.64,140.7,0,0.0,0.0
2024-12-09 06:12:00-05:00,140.72,140.8,140.72,140.75,0,0.0,0.0
2024-12-09 06:13:00-05:00,140.77,140.81,140.77,140.81,0,0.0,0.0
2024-12-09 06:14:00-05:00,140.84,140.84,140.82,140.83,0,0.0,0.0
2024-12-09 06:15:00-05:00,140.83,140.83,140.79,140.8,0,0.0,0.0
2024-12-09 06:16:00-05:00,140.81,140.9,140.78,140.9,0,0.0,0.0
2024-12-09 06:17:00-05:00,140.86,140.91,140.86,140.91,0,0.0,0.0
2024-12-09 06:18:00-05:00,140.93,140.94,140.93,140.94,0,0.0,0.0
2024-12-09 06:19:00-05:00,140.95,140.96,140.93,140.93,0,0.0,0.0
2024-12-09 06:20:00-05:00,140.91,140.92,140.9,140.92,0,0.0,0.0
2024-12-09 06:21:00-05:00,140.97,140.98,140.97,140.98,0,0.0,0.0
2024-12-09 06:22:00-05:00,140.96,141.04,140.92,141.04,0,0.0,0.0
2024-12-09 06:23:00-05:00,141.0,141.07,141.0,141.0,0,0.0,0.0
2024-12-09 06:24:00-05:00,141.0,141.09,140.97,141.0,0,0.0,0.0
2024-12-09 06:25:00-05:00,141.0,141.0,140.95,140.95,0,0.0,0.0
2024-12-09 06:26:00-05:00,140.98,141.0,140.98,141.0,0,0.0,0.0
2024-12-09 06:27:00-05:00,141.01,141.06,141.0,141.0,0,0.0,0.0
2024-12-09 06:28:00-05:00,141.01,141.04,141.0,141.04,0,0.0,0.0
2024-12-09 06:29:00-05:00,141.07,141.12,141.04,141.08,0,0.0,0.0
2024-12-09 06:30:00-05:00,141.09,141.1,141.08,141.1,0,0.0,0.0
2024-12-09 06:31:00-05:00,141.1,141.1,141.03,141.08,0,0.0,0.0
2024-12-09 06:32:00-05:00,141.05,141.05,141.03,141.03,0,0.0,0.0
2024-12-09 06:33:00-05:00,141.04,141.04,140.57,140.57,0,0.0,0.0
2024-12-09 06:34:00-05:00,140.55,140.55,139.5,139.5,0,0.0,0.0
2024-12-09 06:35:00-05:00,139.54,139.85,139.35,139.66,0,0.0,0.0
2024-12-09 06:36:00-05:00,139.7,139.91,139.26,139.34,0,0.0,0.0
2024-12-09 06:37:00-05:00,139.37,139.37,138.95,139.16,0,0.0,0.0
2024-12-09 06:38:00-05:00,139.16,139.25,139.01,139.14,0,0.0,0.0
2024-12-09 06:39:00-05:00,139.16,139.5,139.08,139.49,0,0.0,0.0
2024-12-09 06:40:00-05:00,139.49,139.5,139.32,139.4,0,0.0,0.0
2024-12-09 06:41:00-05:00,139.37,139.68,139.37,139.43,0,0.0,0.0
2024-12-09 06:42:00-05:00,139.4,139.42,139.06,139.1,0,0.0,0.0
2024-12-09 06:43:00-05:00,139.14,139.19,139.01,139.01,0,0.0,0.0
2024-12-09 06:44:00-05:00,139.05,139.07,138.81,138.84,0,0.0,0.0
2024-12-09 06:45:00-05:00,138.87,139.54,138.85,139.54,0,0.0,0.0
2024-12-09 06:46:00-05:00,139.51,139.63,139.37,139.6,0,0.0,0.0
2024-12-09 06:47:00-05:00,139.58,139.6,139.36,139.36,0,0.0,0.0
2024-12-09 06:48:00-05:00,139.39,139.63,139.3,139.52,0,0.0,0.0
2024-12-09 06:49:00-05:00,139.53,139.57,139.41,139.49,0,0.0,0.0
2024-12-09 06:50:00-05:00,139.48,139.56,139.4,139.48,0,0.0,0.0
2024-12-09 06:51:00-05:00,139.47,139.47,139.3,139.31,0,0.0,0.0
2024-12-09 06:52:00-05:00,139.31,139.4,139.29,139.34,0,0.0,0.0
2024-12-09 06:53:00-05:00,139.33,139.33,139.18,139.18,0,0.0,0.0
2024-12-09 06:54:00-05:00,139.2,139.41,139.2,139.37,0,0.0,0.0
2024-12-09 06:55:00-05:00,139.37,139.42,139.3,139.38,0,0.0,0.0
2024-12-09 06:56:00-05:00,139.4,139.58,139.39,139.53,0,0.0,0.0
2024-12-09 06:57:00-05:00,139.51,139.65,139.51,139.57,0,0.0,0.0
2024-12-09 06:58:00-05:00,139.56,139.6,139.53,139.6,0,0.0,0.0
2024-12-09 06:59:00-05:00,139.61,139.79,139.61,139.74,0,0.0,0.0
2024-12-09 07:00:00-05:00,139.77,140.05,139.65,139.7,0,0.0,0.0
2024-12-09 07:01:00-05:00,139.69,139.89,139.65,139.79,0,0.0,0.0
2024-12-09 07:02:00-05:00,139.78,140.08,139.76,139.93,0,0.0,0.0
2024-12-09 07:03:00-05:00,139.96,140.169,139.94,140.13,0,0.0,0.0
2024-12-09 07:04:00-05:00,140.14,140.2,140.0,140.0,0,0.0,0.0
2024-12-09 07:05:00-05:00,140.0,140.0,139.83,139.83,0,0.0,0.0
2024-12-09 07:06:00-05:00,139.86,139.86,139.73,139.75,0,0.0,0.0
2024-12-09 07:07:00-05:00,139.74,139.81,139.711,139.81,0,0.0,0.0
2024-12-09 07:08:00-05:00,139.82,139.89,139.8,139.89,0,0.0,0.0
2024-12-09 07:09:00-05:00,139.93,139.95,139.82,139.92,0,0.0,0.0
2024-12-09 07:10:00-05:00,139.91,139.91,139.82,139.83,0,0.0,0.0
2024-12-09 07:11:00-05:00,139.83,139.88,139.8,139.86,0,0.0,0.0
2024-12-09 07:12:00-05:00,139.86,140.05,139.84,140.05,0,0.0,0.0
2024-12-09 07:13:00-05:00,140.08,140.1,139.87,139.89,0,0.0,0.0
2024-12-09 07:14:00-05:00,139.9,139.94,139.85,139.93,0,0.0,0.0
2024-12-09 07:15:00-05:00,139.96,140.0,139.9,139.91,0,0.0,0.0
2024-12-09 07:16:00-05:00,139.9,139.95,139.88,139.89,0,0.0,0.0
2024-12-09 07:17:00-05:00,139.88,139.88,139.58,139.58,0,0.0,0.0
2024-12-09 07:18:00-05:00,139.58,139.66,139.58,139.6,0,0.0,0.0
2024-12-09 07:19:00-05:00,139.6,139.65,139.5,139.51,0,0.0,0.0
2024-12-09 07:20:00-05:00,139.52,139.52,139.41,139.49,0,0.0,0.0
2024-12-09 07:21:00-05:00,139.49,139.5,139.4,139.41,0,0.0,0.0
2024-12-09 07:22:00-05:00,139.4,139.77,139.39,139.73,0,0.0,0.0
2024-12-09 07:23:00-05:00,139.711,139.72,139.64,139.701,0,0.0,0.0
2024-12-09 07:24:00-05:00,139.71,139.79,139.65,139.76,0,0.0,0.0
2024-12-09 07:25:00-05:00,139.75,139.799,139.63,139.799,0,0.0,0.0
2024-12-09 07:26:00-05:00,139.78,139.87,139.75,139.821,0,0.0,0.0
2024-12-09 07:27:00-05:00,139.83,139.9,139.8,139.86,0,0.0,0.0
2024-12-09 07:28:00-05:00,139.88,139.9,139.8,139.88,0,0.0,0.0
2024-12-09 07:29:00-05:00,139.88,139.89,139.78,139.88,0,0.0,0.0
2024-12-09 07:30:00-05:00,139.9,139.95,139.9,139.93,0,0.0,0.0
2024-12-09 07:31:00-05:00,139.93,139.95,139.88,139.901,0,0.0,0.0
2024-12-09 07:32:00-05:00,139.9,139.94,139.9,139.93,0,0.0,0.0
2024-12-09 07:33:00-05:00,139.94,140.049,139.94,140.029,0,0.0,0.0
2024-12-09 07:34:00-05:00,140.04,140.13,140.04,140.13,0,0.0,0.0
2024-12-09 07:35:00-05:00,140.12,140.14,140.06,140.13,0,0.0,0.0
2024-12-09 07:36:00-05:00,140.14,140.14,140.1,140.139,0,0.0,0.0
2024-12-09 07:37:00-05:00,140.11,140.14,140.06,140.08,0,0.0,0.0
2024-12-09 07:38:00-05:00,140.05,140.099,140.05,140.089,0,0.0,0.0
2024-12-09 07:39:00-05:00,140.08,140.099,139.99,140.03,0,0.0,0.0
2024-12-09 07:40:00-05:00,140.03,140.03,139.88,139.89,0,0.0,0.0
2024-12-09 07:41:00-05:00,139.861,139.92,139.82,139.91,0,0.0,0.0
2024-12-09 07:42:00-05:00,139.92,139.97,139.89,139.89,0,0.0,0.0
2024-12-09 07:43:00-05:00,139.921,139.921,139.85,139.85,0,0.0,0.0
2024-12-09 07:44:00-05:00,139.85,139.88,139.82,139.85,0,0.0,0.0
2024-12-09 07:45:00-05:00,139.87,139.87,139.8,139.85,0,0.0,0.0
2024-12-09 07:46:00-05:00,139.85,139.85,139.72,139.73,0,0.0,0.0
2024-12-09 07:47:00-05:00,139.75,139.75,139.56,139.71,0,0.0,0.0
2024-12-09 07:48:00-05:00,139.71,139.739,139.64,139.69,0,0.0,0.0
2024-12-09 07:49:00-05:00,139.7,139.751,139.69,139.751,0,0.0,0.0
2024-12-09 07:50:00-05:00,139.75,139.77,139.7,139.73,0,0.0,0.0
2024-12-09 07:51:00-05:00,139.72,139.79,139.72,139.75,0,0.0,0.0
2024-12-09 07:52:00-05:00,139.75,139.75,139.721,139.74,0,0.0,0.0
2024-12-09 07:53:00-05:00,139.74,139.839,139.74,139.839,0,0.0,0.0
2024-12-09 07:54:00-05:00,139.83,139.83,139.78,139.82,0,0.0,0.0
2024-12-09 07:55:00-05:00,139.81,139.81,139.78,139.78,0,0.0,0.0
2024-12-09 07:56:00-05:00,139.77,139.8,139.76,139.79,0,0.0,0.0
2024-12-09 07:57:00-05:00,139.781,139.86,139.781,139.85,0,0.0,0.0
2024-12-09 07:58:00-05:00,139.84,139.89,139.84,139.89,0,0.0,0.0
2024-12-09 07:59:00-05:00,139.88,139.95,139.88,139.94,0,0.0,0.0
2024-12-09 08:00:00-05:00,142.3242,143.0988,138.856,139.38,0,0.0,0.0
2024-12-09 08:01:00-05:00,139.3828,142.62,139.3395,139.9,0,0.0,0.0
2024-12-09 08:02:00-05:00,139.9103,142.64,139.7897,139.9,0,0.0,0.0
2024-12-09 08:03:00-05:00,139.9199,139.92,139.81,139.87,0,0.0,0.0
2024-12-09 08:04:00-05:00,139.87,139.87,139.7507,139.76,0,0.0,0.0
2024-12-09 08:05:00-05:00,139.7699,142.44,139.75,139.8,0,0.0,0.0
2024-12-09 08:06:00-05:00,139.77,139.7999,139.56,139.6,0,0.0,0.0
2024-12-09 08:07:00-05:00,139.6,139.6,139.57,139.5898,0,0.0,0.0
2024-12-09 08:08:00-05:00,139.59,139.6,139.56,139.56,0,0.0,0.0
2024-12-09 08:09:00-05:00,139.5699,139.6,139.49,139.49,0,0.0,0.0
2024-12-09 08:10:00-05:00,139.5,139.5101,139.47,139.49,0,0.0,0.0
2024-12-09 08:11:00-05:00,139.49,139.5,139.43,139.46,0,0.0,0.0
2024-12-09 08:12:00-05:00,139.47,139.48,139.38,139.3995,0,0.0,0.0
2024-12-09 08:13:00-05:00,139.38,139.4,139.33,139.3788,0,0.0,0.0
2024-12-09 08:14:00-05:00,139.3701,139.4,139.29,139.29,0,0.0,0.0
2024-12-09 08:15:00-05:00,139.2976,142.084,139.24,139.38,0,0.0,0.0
2024-12-09 08:16:00-05:00,139.3764,139.38,139.3,139.35,0,0.0,0.0
2024-12-09 08:17:00-05:00,139.32,139.35,139.3,139.325,0,0.0,0.0
2024-12-09 08:18:00-05:00,139.33,139.33,139.27,139.29,0,0.0,0.0
2024-12-09 08:19:00-05:00,139.2706,139.3,139.23,139.23,0,0.0,0.0
2024-12-09 08:20:00-05:00,139.25,139.25,139.04,139.13,0,0.0,0.0
2024-12-09 08:21:00-05:00,139.115,139.2,139.06,139.1888,0,0.0,0.0
2024-12-09 08:22:00-05:00,139.19,139.19,139.1,139.11,0,0.0,0.0
2024-12-09 08:23:00-05:00,139.11,139.12,139.06,139.0988,0,0.0,0.0
2024-12-09 08:24:00-05:00,139.0988,139.1,139.05,139.065,0,0.0,0.0
2024-12-09 08:25:00-05:00,139.05,139.09,139.04,139.05,0,0.0,0.0
2024-12-09 08:26:00-05:00,139.06,139.1,139.05,139.1,0,0.0,0.0
2024-12-09 08:27:00-05:00,139.0951,139.1,139.05,139.09,0,0.0,0.0
2024-12-09 08:28:00-05:00,139.1,139.19,139.06,139.146,0,0.0,0.0
2024-12-09 08:29:00-05:00,139.18,139.2,139.15,139.1901,0,0.0,0.0
2024-12-09 08:30:00-05:00,139.19,139.24,139.19,139.21,0,0.0,0.0
2024-12-09 08:31:00-05:00,139.225,139.25,139.2,139.24,0,0.0,0.0
2024-12-09 08:32:00-05:00,139.2497,139.25,139.01,139.02,0,0.0,0.0
2024-12-09 08:33:00-05:00,139.03,139.07,139.01,139.02,0,0.0,0.0
2024-12-09 08:34:00-05:00,139.03,139.05,138.97,139.0099,0,0.0,0.0
2024-12-09 08:35:00-05:00,139.0088,139.06,138.91,139.0336,0,0.0,0.0
2024-12-09 08:36:00-05:00,139.04,139.12,139.0,139.12,0,0.0,0.0
2024-12-09 08:37:00-05:00,139.1,139.2,139.05,139.17,0,0.0,0.0
2024-12-09 08:38:00-05:00,139.16,139.47,139.14,139.3976,0,0.0,0.0
2024-12-09 08:39:00-05:00,139.38,139.45,139.34,139.38,0,0.0,0.0
2024-12-09 08:40:00-05:00,139.4,139.5,139.35,139.385,0,0.0,0.0
2024-12-09 08:41:00-05:00,139.38,139.48,139.37,139.435,0,0.0,0.0
2024-12-09 08:42:00-05:00,139.45,139.48,139.42,139.46,0,0.0,0.0
2024-12-09 08:43:00-05:00,139.46,139.58,139.45,139.555,0,0.0,0.0
2024-12-09 08:44:00-05:00,139.55,139.57,139.48,139.57,0,0.0,0.0
2024-12-09 08:45:00-05:00,139.56,139.57,139.45,139.47,0,0.0,0.0
2024-12-09 08:46:00-05:00,139.46,139.55,139.45,139.5052,0,0.0,0.0
2024-12-09 08:47:00-05:00,139.51,139.58,139.47,139.57,0,0.0,0.0
2024-12-09 08:48:00-05:00,139.58,139.6,139.53,139.5736,0,0.0,0.0
2024-12-09 08:49:00-05:00,139.58,139.6,139.53,139.5676,0,0.0,0.0
2024-12-09 08:50:00-05:00,139.57,139.57,139.38,139.48,0,0.0,0.0
2024-12-09 08:51:00-05:00,139.46,139.55,139.46,139.5,0,0.0,0.0
2024-12-09 08:52:00-05:00,139.48,139.55,139.48,139.54,0,0.0,0.0
2024-12-09 08:53:00-05:00,139.53,139.56,139.51,139.54,0,0.0,0.0
2024-12-09 08:54:00-05:00,139.535,139.54,139.42,139.49,0,0.0,0.0
2024-12-09 08:55:00-05:00,139.49,139.53,139.44,139.5176,0,0.0,0.0
2024-12-09 08:56:00-05:00,139.5199,139.59,139.5,139.58,0,0.0,0.0
2024-12-09 08:57:00-05:00,139.5899,139.6,139.55,139.6,0,0.0,0.0
2024-12-09 08:58:00-05:00,139.59,139.6,139.55,139.57,0,0.0,0.0
2024-12-09 08:59:00-05:00,139.55,139.57,139.49,139.5,0,0.0,0.0
2024-12-09 09:00:00-05:00,139.53,139.55,139.49,139.54,0,0.0,0.0
2024-12-09 09:01:00-05:00,139.53,139.54,139.5,139.52,0,0.0,0.0
2024-12-09 09:02:00-05:00,139.5203,139.53,139.49,139.4924,0,0.0,0.0
2024-12-09 09:03:00-05:00,139.49,139.51,139.47,139.48,0,0.0,0.0
2024-12-09 09:04:00-05:00,139.48,139.51,139.47,139.4999,0,0.0,0.0
2024-12-09 09:05:00-05:00,139.4995,139.5,139.47,139.49,0,0.0,0.0
2024-12-09 09:06:00-05:00,139.47,139.49,139.3,139.31,0,0.0,0.0
2024-12-09 09:07:00-05:00,139.32,139.36,139.15,139.19,0,0.0,0.0
2024-12-09 09:08:00-05:00,139.18,139.2,139.11,139.1101,0,0.0,0.0
2024-12-09 09:09:00-05:00,139.12,139.12,139.05,139.1,0,0.0,0.0
2024-12-09 09:10:00-05:00,139.0901,139.16,139.09,139.13,0,0.0,0.0
2024-12-09 09:11:00-05:00,139.14,139.16,139.11,139.15,0,0.0,0.0
2024-12-09 09:12:00-05:00,139.15,139.18,139.13,139.155,0,0.0,0.0
2024-12-09 09:13:00-05:00,139.155,139.29,139.15,139.28,0,0.0,0.0
2024-12-09 09:14:00-05:00,139.28,139.4399,139.25,139.43,0,0.0,0.0
2024-12-09 09:15:00-05:00,139.43,139.46,139.38,139.43,0,0.0,0.0
2024-12-09 09:16:00-05:00,139.41,139.49,139.4,139.4,0,0.0,0.0
2024-12-09 09:17:00-05:00,139.4,139.41,139.29,139.3164,0,0.0,0.0
2024-12-09 09:18:00-05:00,139.32,139.32,139.2,139.22,0,0.0,0.0
2024-12-09 09:19:00-05:00,139.23,139.24,139.15,139.165,0,0.0,0.0
2024-12-09 09:20:00-05:00,139.1601,139.2,139.13,139.16,0,0.0,0.0
2024-12-09 09:21:00-05:00,139.1795,139.2,139.14,139.182,0,0.0,0.0
2024-12-09 09:22:00-05:00,139.181,139.2,139.16,139.1697,0,0.0,0.0
2024-12-09 09:23:00-05:00,139.1602,139.17,139.07,139.08,0,0.0,0.0
2024-12-09 09:24:00-05:00,139.07,139.09,139.02,139.0298,0,0.0,0.0
2024-12-09 09:25:00-05:00,139.0,139.0,138.9336,138.9336,0,0.0,0.0
2024-12-09 09:26:00-05:00,138.945,139.0,138.93,138.98,0,0.0,0.0
2024-12-09 09:27:00-05:00,138.99,139.1,138.9,139.025,0,0.0,0.0
2024-12-09 09:28:00-05:00,139.0,139.13,138.91,138.985,0,0.0,0.0
2024-12-09 09:29:00-05:00,138.99,139.0,138.91,139.0,0,0.0,0.0
2024-12-09 09:30:00-05:00,138.9875030517578,139.0,137.42999267578125,137.99000549316406,21451774,0.0,0.0
2024-12-09 09:31:00-05:00,137.97999572753906,138.78599548339844,137.80999755859375,138.77999877929688,1771505,0.0,0.0
2024-12-09 09:32:00-05:00,138.74000549316406,138.97000122070312,138.42140197753906,138.61790466308594,1282402,0.0,0.0
2024-12-09 09:33:00-05:00,138.625,138.75,137.97039794921875,138.12550354003906,1495721,0.0,0.0
2024-12-09 09:34:00-05:00,138.11000061035156,138.38999938964844,137.91000366210938,138.1999969482422,1137886,0.0,0.0
2024-12-09 09:35:00-05:00,138.19500732421875,138.6999969482422,138.0601043701172,138.64999389648438,1210320,0.0,0.0
2024-12-09 09:36:00-05:00,138.66000366210938,138.77000427246094,138.3300018310547,138.67999267578125,1070215,0.0,0.0
2024-12-09 09:37:00-05:00,138.6699981689453,138.7899932861328,138.41000366210938,138.4499969482422,897191,0.0,0.0
2024-12-09 09:38:00-05:00,138.44000244140625,138.47999572753906,138.16000366210938,138.16990661621094,825159,0.0,0.0
2024-12-09 09:39:00-05:00,138.16000366210938,138.6999969482422,138.05999755859375,138.67959594726562,832917,0.0,0.0
2024-12-09 09:40:00-05:00,138.677001953125,138.85000610351562,138.55999755859375,138.8397979736328,873097,0.0,0.0
2024-12-09 09:41:00-05:00,138.8238983154297,139.02000427246094,138.77000427246094,139.0,1168026,0.0,0.0
2024-12-09 09:42:00-05:00,138.9949951171875,139.27999877929688,138.85000610351562,139.14999389648438,1178447,0.0,0.0
2024-12-09 09:43:00-05:00,139.15499877929688,139.35000610351562,138.97999572753906,139.07000732421875,1065150,0.0,0.0
2024-12-09 09:44:00-05:00,139.05999755859375,139.27999877929688,138.97999572753906,139.0334930419922,814202,0.0,0.0
2024-12-09 09:45:00-05:00,139.0500030517578,139.5,139.00999450683594,139.39520263671875,1017491,0.0,0.0
2024-12-09 09:46:00-05:00,139.39500427246094,139.5198974609375,139.10000610351562,139.27000427246094,779562,0.0,0.0
2024-12-09 09:47:00-05:00,139.26800537109375,139.27000427246094,138.9199981689453,139.10000610351562,1069795,0.0,0.0
2024-12-09 09:48:00-05:00,139.10000610351562,139.3159942626953,139.0,139.25,465013,0.0,0.0
2024-12-09 09:49:00-05:00,139.25,139.27000427246094,139.0399932861328,139.1199951171875,546301,0.0,0.0
2024-12-09 09:50:00-05:00,139.11000061035156,139.1999969482422,138.9199981689453,138.9700927734375,590713,0.0,0.0
2024-12-09 09:51:00-05:00,138.97000122070312,139.0,138.63999938964844,138.64010620117188,882310,0.0,0.0
2024-12-09 09:52:00-05:00,138.64999389648438,139.14999389648438,138.6199951171875,139.14999389648438,704048,0.0,0.0
2024-12-09 09:53:00-05:00,139.14500427246094,139.27000427246094,139.0399932861328,139.2449951171875,694042,0.0,0.0
2024-12-09 09:54:00-05:00,139.2449951171875,139.86000061035156,139.22500610351562,139.84429931640625,1250772,0.0,0.0
2024-12-09 09:55:00-05:00,139.8350067138672,139.9499969482422,139.79010009765625,139.86050415039062,953374,0.0,0.0
2024-12-09 09:56:00-05:00,139.8699951171875,139.8699951171875,139.60000610351562,139.60000610351562,597413,0.0,0.0
2024-12-09 09:57:00-05:00,139.60009765625,139.7382049560547,139.52999877929688,139.54660034179688,490795,0.0,0.0
2024-12-09 09:58:00-05:00,139.5500030517578,139.6999969482422,139.45260620117188,139.63999938964844,450059,0.0,0.0
2024-12-09 09:59:00-05:00,139.64999389648438,139.7899932861328,139.52000427246094,139.6699981689453,483880,0.0,0.0
2024-12-09 10:00:00-05:00,139.67999267578125,139.92999267578125,139.58999633789062,139.91650390625,563908,0.0,0.0
2024-12-09 10:01:00-05:00,139.89999389648438,139.92950439453125,139.6927032470703,139.80999755859375,533888,0.0,0.0
2024-12-09 10:02:00-05:00,139.8000030517578,139.80999755859375,139.49000549316406,139.52999877929688,502547,0.0,0.0
2024-12-09 10:03:00-05:00,139.5364990234375,139.7899932861328,139.49000549316406,139.6199951171875,432394,0.0,0.0
2024-12-09 10:04:00-05:00,139.60009765625,139.73500061035156,139.51499938964844,139.7021942138672,395025,0.0,0.0
2024-12-09 10:05:00-05:00,139.7100067138672,139.71380615234375,139.47000122070312,139.5198974609375,341189,0.0,0.0
2024-12-09 10:06:00-05:00,139.51499938964844,139.5189971923828,139.27999877929688,139.31239318847656,555181,0.0,0.0
2024-12-09 10:07:00-05:00,139.30999755859375,139.49000549316406,139.26010131835938,139.30140686035156,489613,0.0,0.0
2024-12-09 10:08:00-05:00,139.3000030517578,139.38999938964844,139.2100067138672,139.36000061035156,381375,0.0,0.0
2024-12-09 10:09:00-05:00,139.3424072265625,139.5399932861328,139.3300018310547,139.42779541015625,448443,0.0,0.0
2024-12-09 10:10:00-05:00,139.4250030517578,139.4499969482422,139.25,139.40859985351562,386981,0.0,0.0
2024-12-09 10:11:00-05:00,139.41000366210938,139.5,138.94000244140625,138.9550018310547,922796,0.0,0.0
2024-12-09 10:12:00-05:00,138.9550018310547,139.08999633789062,138.9199981689453,139.08090209960938,511440,0.0,0.0
2024-12-09 10:13:00-05:00,139.10000610351562,139.12820434570312,138.9199981689453,138.9700927734375,390747,0.0,0.0
2024-12-09 10:14:00-05:00,138.97500610351562,139.0592041015625,138.8699951171875,138.94500732421875,440903,0.0,0.0
2024-12-09 10:15:00-05:00,138.9600067138672,139.02000427246094,138.88290405273438,138.9600067138672,368411,0.0,0.0
2024-12-09 10:16:00-05:00,138.96099853515625,138.9949951171875,138.82000732421875,138.89999389648438,405066,0.0,0.0
2024-12-09 10:17:00-05:00,138.90499877929688,139.05389404296875,138.88150024414062,138.9801025390625,363731,0.0,0.0
2024-12-09 10:18:00-05:00,138.98500061035156,139.3000030517578,138.96009826660156,139.25619506835938,530465,0.0,0.0
2024-12-09 10:19:00-05:00,139.25010681152344,139.2899932861328,139.00999450683594,139.0399932861328,368522,0.0,0.0
2024-12-09 10:20:00-05:00,139.0500030517578,139.0800018310547,138.92999267578125,138.99000549316406,431069,0.0,0.0
2024-12-09 10:21:00-05:00,138.97000122070312,139.32000732421875,138.82000732421875,139.2301025390625,776001,0.0,0.0
2024-12-09 10:22:00-05:00,139.23500061035156,139.52049255371094,139.22000122070312,139.4709930419922,714631,0.0,0.0
2024-12-09 10:23:00-05:00,139.47999572753906,139.57000732421875,139.33999633789062,139.4510040283203,615170,0.0,0.0
2024-12-09 10:24:00-05:00,139.4499969482422,139.58999633789062,139.44000244140625,139.5601043701172,394647,0.0,0.0
2024-12-09 10:25:00-05:00,139.57000732421875,139.64999389648438,139.50999450683594,139.5399932861328,349628,0.0,0.0
2024-12-09 10:26:00-05:00,139.5449981689453,139.55999755859375,139.16000366210938,139.18499755859375,491861,0.0,0.0
2024-12-09 10:27:00-05:00,139.17999267578125,139.33999633789062,139.02999877929688,139.18899536132812,469081,0.0,0.0
2024-12-09 10:28:00-05:00,139.19000244140625,139.28500366210938,138.85000610351562,138.85000610351562,525922,0.0,0.0
2024-12-09 10:29:00-05:00,138.83999633789062,138.97000122070312,138.61000061035156,138.66000366210938,876044,0.0,0.0
2024-12-09 10:30:00-05:00,138.66000366210938,138.86729431152344,138.5500946044922,138.67990112304688,597959,0.0,0.0
2024-12-09 10:31:00-05:00,138.66000366210938,138.80999755859375,138.4600067138672,138.6199951171875,675736,0.0,0.0
2024-12-09 10:32:00-05:00,138.6300048828125,138.7698974609375,138.57000732421875,138.58880615234375,352776,0.0,0.0
2024-12-09 10:33:00-05:00,138.57989501953125,138.63099670410156,138.39999389648438,138.47999572753906,509262,0.0,0.0
2024-12-09 10:34:00-05:00,138.47000122070312,138.50999450683594,138.1510009765625,138.25010681152344,712639,0.0,0.0
2024-12-09 10:35:00-05:00,138.25999450683594,138.2899932861328,138.00999450683594,138.00999450683594,767458,0.0,0.0
2024-12-09 10:36:00-05:00,138.00999450683594,138.27999877929688,137.9600067138672,138.2799072265625,1171952,0.0,0.0
2024-12-09 10:37:00-05:00,138.27999877929688,138.2899932861328,137.92999267578125,137.9499969482422,569376,0.0,0.0
2024-12-09 10:38:00-05:00,137.9600067138672,138.0399932861328,137.74000549316406,137.75999450683594,813596,0.0,0.0
2024-12-09 10:39:00-05:00,137.77000427246094,137.8000030517578,137.6199951171875,137.6649932861328,791277,0.0,0.0
2024-12-09 10:40:00-05:00,137.6699981689453,138.12600708007812,137.6199951171875,138.11659240722656,711629,0.0,0.0
2024-12-09 10:41:00-05:00,138.0955047607422,138.2445068359375,138.08999633789062,138.19000244140625,546103,0.0,0.0
2024-12-09 10:42:00-05:00,138.19000244140625,138.3000030517578,138.16000366210938,138.2696990966797,425330,0.0,0.0
2024-12-09 10:43:00-05:00,138.2700958251953,138.41990661621094,138.2449951171875,138.39990234375,433378,0.0,0.0
2024-12-09 10:44:00-05:00,138.38999938964844,138.42999267578125,138.25,138.35000610351562,509433,0.0,0.0
2024-12-09 10:45:00-05:00,138.3300018310547,138.5,138.30999755859375,138.43499755859375,1476123,0.0,0.0
2024-12-09 10:46:00-05:00,138.43919372558594,138.50759887695312,138.2899932861328,138.35000610351562,432956,0.0,0.0
2024-12-09 10:47:00-05:00,138.3498992919922,138.39999389648438,138.25999450683594,138.375,344435,0.0,0.0
2024-12-09 10:48:00-05:00,138.38009643554688,138.38499450683594,138.10000610351562,138.14010620117188,434947,0.0,0.0
2024-12-09 10:49:00-05:00,138.13999938964844,138.1898956298828,137.97000122070312,137.99000549316406,503516,0.0,0.0
2024-12-09 10:50:00-05:00,138.0,138.1199951171875,137.9600067138672,138.08999633789062,449313,0.0,0.0
2024-12-09 10:51:00-05:00,138.0800018310547,138.12989807128906,137.9949951171875,138.02000427246094,414385,0.0,0.0
2024-12-09 10:52:00-05:00,138.02000427246094,138.14999389648438,137.92999267578125,137.9499969482422,453630,0.0,0.0
2024-12-09 10:53:00-05:00,137.94500732421875,138.0498046875,137.94000244140625,137.9550018310547,359829,0.0,0.0
2024-12-09 10:54:00-05:00,137.9550018310547,138.13999938964844,137.92999267578125,138.0,421019,0.0,0.0
2024-12-09 10:55:00-05:00,138.0,138.07000732421875,137.82000732421875,137.97000122070312,362159,0.0,0.0
2024-12-09 10:56:00-05:00,137.97000122070312,138.0,137.8699951171875,137.9311065673828,258175,0.0,0.0
2024-12-09 10:57:00-05:00,137.93499755859375,137.9499969482422,137.68499755859375,137.8000030517578,527042,0.0,0.0
2024-12-09 10:58:00-05:00,137.8000030517578,137.8699951171875,137.58999633789062,137.86000061035156,619759,0.0,0.0
2024-12-09 10:59:00-05:00,137.8699951171875,137.9199981689453,137.81500244140625,137.8300018310547,289637,0.0,0.0
2024-12-09 11:00:00-05:00,137.8300018310547,138.0050048828125,137.77999877929688,137.9949951171875,415966,0.0,0.0
2024-12-09 11:01:00-05:00,138.0,138.14999389648438,137.8000030517578,137.8000946044922,497641,0.0,0.0
2024-12-09 11:02:00-05:00,137.80999755859375,137.8256072998047,137.50999450683594,137.52000427246094,528772,0.0,0.0
2024-12-09 11:03:00-05:00,137.52000427246094,137.5800018310547,137.30999755859375,137.35000610351562,1185145,0.0,0.0
2024-12-09 11:04:00-05:00,137.35499572753906,137.44000244140625,137.1300048828125,137.21499633789062,1031110,0.0,0.0
2024-12-09 11:05:00-05:00,137.2100067138672,137.63499450683594,137.2100067138672,137.61000061035156,622193,0.0,0.0
2024-12-09 11:06:00-05:00,137.6009979248047,137.72000122070312,137.52000427246094,137.5200958251953,446946,0.0,0.0
2024-12-09 11:07:00-05:00,137.52000427246094,137.55999755859375,137.41000366210938,137.52479553222656,433332,0.0,0.0
2024-12-09 11:08:00-05:00,137.5207977294922,137.7949981689453,137.5207977294922,137.7165069580078,462785,0.0,0.0
2024-12-09 11:09:00-05:00,137.72950744628906,137.72999572753906,137.32000732421875,137.360107421875,446364,0.0,0.0
2024-12-09 11:10:00-05:00,137.3800048828125,137.41549682617188,137.17999267578125,137.39990234375,670072,0.0,0.0
2024-12-09 11:11:00-05:00,137.39500427246094,137.47999572753906,137.2100067138672,137.26499938964844,455439,0.0,0.0
2024-12-09 11:12:00-05:00,137.26010131835938,137.49009704589844,137.2100067138672,137.43899536132812,401332,0.0,0.0
2024-12-09 11:13:00-05:00,137.44000244140625,137.61000061035156,137.44000244140625,137.53500366210938,439554,0.0,0.0
2024-12-09 11:16:00-05:00,137.55499267578125,137.6999969482422,137.5,137.60879516601562,1293958,0.0,0.0
2024-12-09 11:17:00-05:00,137.60499572753906,137.84500122070312,137.57000732421875,137.84500122070312,362913,0.0,0.0
2024-12-09 11:18:00-05:00,137.84500122070312,137.92999267578125,137.6199951171875,137.87240600585938,477443,0.0,0.0
2024-12-09 11:19:00-05:00,137.875,137.88819885253906,137.7100067138672,137.84979248046875,296879,0.0,0.0
2024-12-09 11:20:00-05:00,137.84500122070312,137.875,137.75,137.84500122070312,262222,0.0,0.0
2024-12-09 11:21:00-05:00,137.85000610351562,137.94000244140625,137.7899932861328,137.8800048828125,346632,0.0,0.0
2024-12-09 11:22:00-05:00,137.88499450683594,137.9499969482422,137.8000030517578,137.80209350585938,299258,0.0,0.0
2024-12-09 11:23:00-05:00,137.80499267578125,138.0500030517578,137.8000030517578,138.03500366210938,390924,0.0,0.0
2024-12-09 11:24:00-05:00,138.0330047607422,138.11000061035156,138.02999877929688,138.0850067138672,450263,0.0,0.0
2024-12-09 11:25:00-05:00,138.0850067138672,138.11000061035156,137.97999572753906,138.0,391568,0.0,0.0
2024-12-09 11:26:00-05:00,138.00990295410156,138.22999572753906,137.9600067138672,138.22000122070312,587352,0.0,0.0
2024-12-09 11:27:00-05:00,138.21499633789062,138.21499633789062,138.02000427246094,138.10989379882812,324562,0.0,0.0
2024-12-09 11:28:00-05:00,138.11000061035156,138.17990112304688,138.05499267578125,138.07470703125,235035,0.0,0.0
2024-12-09 11:29:00-05:00,138.0749969482422,138.1199951171875,137.97000122070312,138.08999633789062,321553,0.0,0.0
2024-12-09 11:30:00-05:00,138.08999633789062,138.16000366210938,138.0449981689453,138.14500427246094,198520,0.0,0.0
2024-12-09 11:31:00-05:00,138.14999389648438,138.1649932861328,138.03919982910156,138.152099609375,233932,0.0,0.0
2024-12-09 11:32:00-05:00,138.15379333496094,138.22000122070312,138.11000061035156,138.12899780273438,267625,0.0,0.0
2024-12-09 11:33:00-05:00,138.1298065185547,138.15499877929688,138.0500030517578,138.06500244140625,195441,0.0,0.0
2024-12-09 11:34:00-05:00,138.05999755859375,138.32000732421875,138.0500030517578,138.30999755859375,405076,0.0,0.0
2024-12-09 11:35:00-05:00,138.3000030517578,138.3000030517578,138.19000244140625,138.22500610351562,237020,0.0,0.0
2024-12-09 11:36:00-05:00,138.22000122070312,138.22999572753906,138.05999755859375,138.0800018310547,273143,0.0,0.0
2024-12-09 11:37:00-05:00,138.0749969482422,138.1199951171875,137.9801025390625,137.99220275878906,330483,0.0,0.0
2024-12-09 11:38:00-05:00,137.99000549316406,138.1199951171875,137.9709930419922,138.02490234375,327253,0.0,0.0
2024-12-09 11:39:00-05:00,138.02999877929688,138.16000366210938,138.0,138.1230010986328,205636,0.0,0.0
2024-12-09 11:40:00-05:00,138.12930297851562,138.17999267578125,138.0500030517578,138.11070251464844,204551,0.0,0.0
2024-12-09 11:41:00-05:00,138.11000061035156,138.1999969482422,138.0500030517578,138.06500244140625,263181,0.0,0.0
2024-12-09 11:42:00-05:00,138.0657958984375,138.125,137.9600067138672,137.99000549316406,282536,0.0,0.0
2024-12-09 11:43:00-05:00,137.98500061035156,138.0301055908203,137.9199981689453,137.9600067138672,236670,0.0,0.0
2024-12-09 11:44:00-05:00,137.960693359375,138.0399932861328,137.9499969482422,138.03990173339844,145185,0.0,0.0
2024-12-09 11:45:00-05:00,138.0301055908203,138.16000366210938,138.02000427246094,138.125,202974,0.0,0.0
2024-12-09 11:46:00-05:00,138.1251983642578,138.16000366210938,138.07000732421875,138.07000732421875,130187,0.0,0.0
2024-12-09 11:47:00-05:00,138.0762939453125,138.0800018310547,137.9199981689453,137.9250030517578,231097,0.0,0.0
2024-12-09 11:48:00-05:00,137.9250030517578,138.0,137.8800048828125,137.9499053955078,188074,0.0,0.0
2024-12-09 11:49:00-05:00,137.94500732421875,138.02000427246094,137.9199981689453,138.00509643554688,127142,0.0,0.0
2024-12-09 11:50:00-05:00,138.00999450683594,138.14999389648438,138.0,138.02499389648438,235067,0.0,0.0
2024-12-09 11:51:00-05:00,138.02000427246094,138.19000244140625,138.0,138.10499572753906,230544,0.0,0.0
2024-12-09 11:52:00-05:00,138.10499572753906,138.18600463867188,138.10499572753906,138.15130615234375,201734,0.0,0.0
2024-12-09 11:53:00-05:00,138.15859985351562,138.15859985351562,138.07000732421875,138.09010314941406,207502,0.0,0.0
2024-12-09 11:54:00-05:00,138.09519958496094,138.13999938964844,138.0399932861328,138.1156005859375,199294,0.0,0.0
2024-12-09 11:55:00-05:00,138.11000061035156,138.2899932861328,138.10000610351562,138.21009826660156,397245,0.0,0.0
2024-12-09 11:56:00-05:00,138.22000122070312,138.27000427246094,138.1699981689453,138.17999267578125,204473,0.0,0.0
2024-12-09 11:57:00-05:00,138.1842041015625,138.2899932861328,138.17999267578125,138.27999877929688,210119,0.0,0.0
2024-12-09 11:58:00-05:00,138.28500366210938,138.47000122070312,138.27999877929688,138.45379638671875,1008585,0.0,0.0
2024-12-09 11:59:00-05:00,138.4698944091797,138.49000549316406,138.2899932861328,138.32000732421875,373051,0.0,0.0
2024-12-09 12:00:00-05:00,138.375,138.49000549316406,138.22000122070312,138.42860412597656,366958,0.0,0.0
2024-12-09 12:01:00-05:00,138.43069458007812,138.57000732421875,138.3800048828125,138.52499389648438,451288,0.0,0.0
2024-12-09 12:02:00-05:00,138.52630615234375,138.7100067138672,138.52000427246094,138.65499877929688,418890,0.0,0.0
2024-12-09 12:03:00-05:00,138.64999389648438,138.66000366210938,138.5399932861328,138.5800018310547,227434,0.0,0.0
2024-12-09 12:04:00-05:00,138.5998992919922,138.6300048828125,138.5175018310547,138.52499389648438,198045,0.0,0.0
2024-12-09 12:05:00-05:00,138.53500366210938,138.6300048828125,138.5,138.5399932861328,176879,0.0,0.0
2024-12-09 12:06:00-05:00,138.5449981689453,138.6199951171875,138.5,138.6186065673828,188190,0.0,0.0
2024-12-09 12:07:00-05:00,138.61500549316406,138.6999969482422,138.51010131835938,138.51010131835938,381979,0.0,0.0
2024-12-09 12:08:00-05:00,138.50999450683594,138.6029052734375,138.5,138.59939575195312,244960,0.0,0.0
2024-12-09 12:09:00-05:00,138.6199951171875,138.65499877929688,138.57000732421875,138.61099243164062,195999,0.0,0.0
2024-12-09 12:10:00-05:00,138.61610412597656,138.64999389648438,138.52999877929688,138.5500030517578,130296,0.0,0.0
2024-12-09 12:11:00-05:00,138.5449981689453,138.6199951171875,138.5449981689453,138.58999633789062,118229,0.0,0.0
2024-12-09 12:12:00-05:00,138.60000610351562,138.67880249023438,138.55999755859375,138.64990234375,153044,0.0,0.0
2024-12-09 12:13:00-05:00,138.63999938964844,138.66000366210938,138.5800018310547,138.595703125,226372,0.0,0.0
2024-12-09 12:14:00-05:00,138.59930419921875,138.63589477539062,138.57000732421875,138.5800018310547,237338,0.0,0.0
2024-12-09 12:15:00-05:00,138.5800018310547,138.5876007080078,138.52000427246094,138.5388946533203,252226,0.0,0.0
2024-12-09 12:16:00-05:00,138.53500366210938,138.53990173339844,138.41000366210938,138.4199981689453,254741,0.0,0.0
2024-12-09 12:17:00-05:00,138.4250030517578,138.48989868164062,138.41000366210938,138.42999267578125,160801,0.0,0.0
2024-12-09 12:18:00-05:00,138.43499755859375,138.4499969482422,138.3699951171875,138.4199981689453,292046,0.0,0.0
2024-12-09 12:19:00-05:00,138.4199981689453,138.4199981689453,138.22999572753906,138.32330322265625,281886,0.0,0.0
2024-12-09 12:20:00-05:00,138.3300018310547,138.3699951171875,138.32000732421875,138.35499572753906,194380,0.0,0.0
2024-12-09 12:21:00-05:00,138.36000061035156,138.49000549316406,138.36000061035156,138.3800048828125,263193,0.0,0.0
2024-12-09 12:22:00-05:00,138.3800048828125,138.44000244140625,138.30999755859375,138.34500122070312,247710,0.0,0.0
2024-12-09 12:23:00-05:00,138.33999633789062,138.42999267578125,138.32000732421875,138.40989685058594,240270,0.0,0.0
2024-12-09 12:24:00-05:00,138.4199981689453,138.47999572753906,138.41000366210938,138.4600067138672,176374,0.0,0.0
2024-12-09 12:25:00-05:00,138.4499969482422,138.55999755859375,138.4499969482422,138.5198974609375,218111,0.0,0.0
2024-12-09 12:26:00-05:00,138.51499938964844,138.55059814453125,138.35000610351562,138.3699951171875,236495,0.0,0.0
2024-12-09 12:27:00-05:00,138.36500549316406,138.3800048828125,138.27000427246094,138.360107421875,195604,0.0,0.0
2024-12-09 12:28:00-05:00,138.36990356445312,138.3800048828125,138.22999572753906,138.29010009765625,168397,0.0,0.0
2024-12-09 12:29:00-05:00,138.29989624023438,138.4792022705078,138.2602996826172,138.4499969482422,139365,0.0,0.0
2024-12-09 12:30:00-05:00,138.4550018310547,138.55999755859375,138.43040466308594,138.55999755859375,181988,0.0,0.0
2024-12-09 12:31:00-05:00,138.55499267578125,138.6699981689453,138.53500366210938,138.6300048828125,221653,0.0,0.0
2024-12-09 12:32:00-05:00,138.63299560546875,138.7899932861328,138.63299560546875,138.77000427246094,348937,0.0,0.0
2024-12-09 12:33:00-05:00,138.75999450683594,138.78990173339844,138.6999969482422,138.768798828125,165644,0.0,0.0
2024-12-09 12:34:00-05:00,138.75999450683594,138.89999389648438,138.72000122070312,138.851806640625,307769,0.0,0.0
2024-12-09 12:35:00-05:00,138.85499572753906,138.88999938964844,138.7899932861328,138.875,217495,0.0,0.0
2024-12-09 12:36:00-05:00,138.87899780273438,138.9499969482422,138.85000610351562,138.92010498046875,242606,0.0,0.0
2024-12-09 12:37:00-05:00,138.9290008544922,139.0500030517578,138.9199981689453,139.00379943847656,475791,0.0,0.0
2024-12-09 12:38:00-05:00,139.00999450683594,139.02499389648438,138.97999572753906,138.99119567871094,215620,0.0,0.0
2024-12-09 12:39:00-05:00,139.0,139.1490020751953,138.9600067138672,139.1490020751953,250466,0.0,0.0
2024-12-09 12:40:00-05:00,139.13999938964844,139.25,139.13999938964844,139.24000549316406,291957,0.0,0.0
2024-12-09 12:41:00-05:00,139.2407989501953,139.25,139.08999633789062,139.10000610351562,290158,0.0,0.0
2024-12-09 12:42:00-05:00,139.08999633789062,139.14990234375,139.0500030517578,139.11000061035156,226658,0.0,0.0
2024-12-09 12:43:00-05:00,139.0989990234375,139.11500549316406,139.0500030517578,139.0850067138672,143590,0.0,0.0
2024-12-09 12:44:00-05:00,139.08999633789062,139.17990112304688,139.0500030517578,139.06039428710938,210793,0.0,0.0
2024-12-09 12:45:00-05:00,139.05999755859375,139.19000244140625,139.0399932861328,139.18499755859375,255362,0.0,0.0
2024-12-09 12:46:00-05:00,139.18539428710938,139.35000610351562,139.17999267578125,139.3311004638672,359452,0.0,0.0
2024-12-09 12:47:00-05:00,139.33030700683594,139.35000610351562,139.25,139.2700958251953,227592,0.0,0.0
2024-12-09 12:48:00-05:00,139.2790985107422,139.3300018310547,139.25,139.30999755859375,187444,0.0,0.0
2024-12-09 12:49:00-05:00,139.30999755859375,139.44000244140625,139.2899932861328,139.4398956298828,309431,0.0,0.0
2024-12-09 12:50:00-05:00,139.4385986328125,139.5500030517578,139.43499755859375,139.54010009765625,404188,0.0,0.0
2024-12-09 12:51:00-05:00,139.5489959716797,139.6300048828125,139.5,139.61000061035156,350795,0.0,0.0
2024-12-09 12:52:00-05:00,139.61000061035156,139.6300048828125,139.52999877929688,139.58999633789062,235640,0.0,0.0
2024-12-09 12:53:00-05:00,139.5850067138672,139.61000061035156,139.52000427246094,139.55999755859375,269454,0.0,0.0
2024-12-09 12:54:00-05:00,139.57400512695312,139.69000244140625,139.5500030517578,139.6800994873047,298183,0.0,0.0
2024-12-09 12:55:00-05:00,139.6887969970703,139.72000122070312,139.6199951171875,139.63999938964844,301957,0.0,0.0
2024-12-09 12:56:00-05:00,139.63009643554688,139.63999938964844,139.52000427246094,139.57000732421875,311664,0.0,0.0
2024-12-09 12:57:00-05:00,139.56149291992188,139.56500244140625,139.36000061035156,139.38499450683594,462065,0.0,0.0
2024-12-09 12:58:00-05:00,139.38999938964844,139.4600067138672,139.3699951171875,139.38499450683594,236927,0.0,0.0
2024-12-09 12:59:00-05:00,139.38079833984375,139.41000366210938,139.3300018310547,139.33999633789062,252639,0.0,0.0
2024-12-09 13:00:00-05:00,139.33999633789062,139.41909790039062,139.22999572753906,139.27999877929688,378752,0.0,0.0
2024-12-09 13:01:00-05:00,139.27499389648438,139.32000732421875,139.2100067138672,139.28070068359375,235889,0.0,0.0
2024-12-09 13:02:00-05:00,139.28990173339844,139.2899932861328,139.1699981689453,139.19500732421875,267147,0.0,0.0
2024-12-09 13:03:00-05:00,139.19549560546875,139.24989318847656,139.14999389648438,139.22000122070312,282557,0.0,0.0
2024-12-09 13:04:00-05:00,139.2310028076172,139.2310028076172,139.0706024169922,139.19000244140625,392909,0.0,0.0
2024-12-09 13:05:00-05:00,139.18499755859375,139.39999389648438,139.17999267578125,139.34500122070312,357219,0.0,0.0
2024-12-09 13:06:00-05:00,139.35000610351562,139.39999389648438,139.24000549316406,139.2888946533203,310722,0.0,0.0
2024-12-09 13:07:00-05:00,139.27999877929688,139.3800048828125,139.24000549316406,139.27000427246094,236798,0.0,0.0
2024-12-09 13:08:00-05:00,139.2899932861328,139.3199005126953,139.2100067138672,139.27999877929688,145527,0.0,0.0
2024-12-09 13:09:00-05:00,139.28709411621094,139.32000732421875,139.25999450683594,139.27000427246094,96824,0.0,0.0
2024-12-09 13:10:00-05:00,139.27999877929688,139.35499572753906,139.24000549316406,139.26019287109375,137816,0.0,0.0
2024-12-09 13:11:00-05:00,139.2698974609375,139.32000732421875,139.22000122070312,139.23500061035156,101029,0.0,0.0
2024-12-09 13:12:00-05:00,139.22999572753906,139.32000732421875,139.22000122070312,139.32000732421875,110664,0.0,0.0
2024-12-09 13:13:00-05:00,139.32000732421875,139.5,139.31700134277344,139.49000549316406,227305,0.0,0.0
2024-12-09 13:14:00-05:00,139.48500061035156,139.63499450683594,139.4199981689453,139.59500122070312,321203,0.0,0.0
2024-12-09 13:15:00-05:00,139.61000061035156,139.6199951171875,139.5,139.5500030517578,204622,0.0,0.0
2024-12-09 13:16:00-05:00,139.5500030517578,139.55999755859375,139.3800048828125,139.4001007080078,251324,0.0,0.0
2024-12-09 13:17:00-05:00,139.40499877929688,139.5,139.39500427246094,139.42999267578125,158834,0.0,0.0
2024-12-09 13:18:00-05:00,139.43499755859375,139.49000549316406,139.39999389648438,139.49000549316406,147073,0.0,0.0
2024-12-09 13:19:00-05:00,139.48500061035156,139.4897003173828,139.27000427246094,139.3000030517578,250509,0.0,0.0
2024-12-09 13:20:00-05:00,139.30630493164062,139.3300018310547,139.25999450683594,139.28990173339844,148555,0.0,0.0
2024-12-09 13:21:00-05:00,139.27999877929688,139.38999938964844,139.27000427246094,139.318603515625,156880,0.0,0.0
2024-12-09 13:22:00-05:00,139.3249969482422,139.4199981689453,139.27000427246094,139.39999389648438,138708,0.0,0.0
2024-12-09 13:23:00-05:00,139.39999389648438,139.5,139.38999938964844,139.47999572753906,155486,0.0,0.0
2024-12-09 13:24:00-05:00,139.47000122070312,139.5,139.44000244140625,139.45809936523438,159993,0.0,0.0
2024-12-09 13:25:00-05:00,139.44000244140625,139.47000122070312,139.40499877929688,139.44869995117188,109105,0.0,0.0
2024-12-09 13:26:00-05:00,139.44000244140625,139.4499969482422,139.39500427246094,139.4001007080078,123259,0.0,0.0
2024-12-09 13:27:00-05:00,139.40499877929688,139.5500030517578,139.40499877929688,139.54989624023438,227469,0.0,0.0
2024-12-09 13:28:00-05:00,139.54409790039062,139.7830047607422,139.54010009765625,139.63519287109375,425280,0.0,0.0
2024-12-09 13:29:00-05:00,139.63499450683594,139.65499877929688,139.5500030517578,139.56500244140625,236348,0.0,0.0
2024-12-09 13:30:00-05:00,139.57000732421875,139.63999938964844,139.5399932861328,139.625,171959,0.0,0.0
2024-12-09 13:31:00-05:00,139.6300048828125,139.6300048828125,139.44009399414062,139.55499267578125,243527,0.0,0.0
2024-12-09 13:32:00-05:00,139.54849243164062,139.55999755859375,139.47999572753906,139.51499938964844,131792,0.0,0.0
2024-12-09 13:33:00-05:00,139.50999450683594,139.6199951171875,139.5,139.61109924316406,140959,0.0,0.0
2024-12-09 13:34:00-05:00,139.61619567871094,139.72000122070312,139.60000610351562,139.71499633789062,214632,0.0,0.0
2024-12-09 13:35:00-05:00,139.71499633789062,139.82000732421875,139.7100067138672,139.8000946044922,465594,0.0,0.0
2024-12-09 13:36:00-05:00,139.8070068359375,139.83999633789062,139.7100067138672,139.7301025390625,214139,0.0,0.0
2024-12-09 13:37:00-05:00,139.72999572753906,139.77000427246094,139.66000366210938,139.75999450683594,308086,0.0,0.0
2024-12-09 13:38:00-05:00,139.7550048828125,139.83999633789062,139.7550048828125,139.82000732421875,214557,0.0,0.0
2024-12-09 13:39:00-05:00,139.80880737304688,139.82000732421875,139.76010131835938,139.76319885253906,118777,0.0,0.0
2024-12-09 13:40:00-05:00,139.75999450683594,139.8300018310547,139.74000549316406,139.7606964111328,170404,0.0,0.0
2024-12-09 13:41:00-05:00,139.76010131835938,139.77000427246094,139.625,139.64540100097656,178990,0.0,0.0
2024-12-09 13:42:00-05:00,139.64010620117188,139.6699981689453,139.60000610351562,139.6501007080078,136804,0.0,0.0
2024-12-09 13:43:00-05:00,139.65989685058594,139.66709899902344,139.60000610351562,139.66000366210938,136680,0.0,0.0
2024-12-09 13:44:00-05:00,139.65499877929688,139.66700744628906,139.60000610351562,139.63999938964844,122671,0.0,0.0
2024-12-09 13:45:00-05:00,139.63499450683594,139.63999938964844,139.55099487304688,139.56500244140625,149442,0.0,0.0
2024-12-09 13:46:00-05:00,139.55999755859375,139.6300048828125,139.52000427246094,139.5684051513672,168667,0.0,0.0
2024-12-09 13:47:00-05:00,139.56919860839844,139.60000610351562,139.5200958251953,139.53990173339844,123667,0.0,0.0
2024-12-09 13:48:00-05:00,139.53990173339844,139.57839965820312,139.50999450683594,139.52999877929688,135240,0.0,0.0
2024-12-09 13:49:00-05:00,139.5399932861328,139.56500244140625,139.5,139.53500366210938,112548,0.0,0.0
2024-12-09 13:50:00-05:00,139.53500366210938,139.54750061035156,139.4499969482422,139.5050048828125,201323,0.0,0.0
2024-12-09 13:51:00-05:00,139.50929260253906,139.50929260253906,139.35000610351562,139.36000061035156,231496,0.0,0.0
2024-12-09 13:52:00-05:00,139.35549926757812,139.4199981689453,139.35549926757812,139.4149932861328,200914,0.0,0.0
2024-12-09 13:53:00-05:00,139.40859985351562,139.4199981689453,139.34500122070312,139.3513946533203,130719,0.0,0.0
2024-12-09 13:54:00-05:00,139.352294921875,139.3699951171875,139.17999267578125,139.2100067138672,357176,0.0,0.0
2024-12-09 13:55:00-05:00,139.2100067138672,139.25,139.05999755859375,139.08999633789062,299642,0.0,0.0
2024-12-09 13:56:00-05:00,139.09930419921875,139.17349243164062,139.09500122070312,139.11500549316406,145301,0.0,0.0
2024-12-09 13:57:00-05:00,139.125,139.14999389648438,139.10000610351562,139.12939453125,138630,0.0,0.0
2024-12-09 13:58:00-05:00,139.13999938964844,139.17999267578125,139.0800018310547,139.17019653320312,155475,0.0,0.0
2024-12-09 13:59:00-05:00,139.17999267578125,139.19000244140625,139.10000610351562,139.11900329589844,150482,0.0,0.0
2024-12-09 14:00:00-05:00,139.11500549316406,139.1195068359375,138.97999572753906,139.0590057373047,360382,0.0,0.0
2024-12-09 14:01:00-05:00,139.0500030517578,139.07000732421875,138.92999267578125,138.94900512695312,273432,0.0,0.0
2024-12-09 14:02:00-05:00,138.93499755859375,138.94000244140625,138.85499572753906,138.90499877929688,328027,0.0,0.0
2024-12-09 14:03:00-05:00,138.89999389648438,138.97999572753906,138.88999938964844,138.9499969482422,214077,0.0,0.0
2024-12-09 14:04:00-05:00,138.94000244140625,138.9550018310547,138.86000061035156,138.88870239257812,183446,0.0,0.0
2024-12-09 14:05:00-05:00,138.88499450683594,138.91000366210938,138.85009765625,138.91000366210938,146959,0.0,0.0
2024-12-09 14:06:00-05:00,138.90499877929688,138.92999267578125,138.86000061035156,138.86129760742188,147926,0.0,0.0
2024-12-09 14:07:00-05:00,138.86199951171875,139.02000427246094,138.86199951171875,138.94760131835938,299040,0.0,0.0
2024-12-09 14:08:00-05:00,138.9488067626953,139.02000427246094,138.92010498046875,139.00999450683594,174410,0.0,0.0
2024-12-09 14:09:00-05:00,139.00100708007812,139.02000427246094,138.9600067138672,138.9947967529297,121014,0.0,0.0
2024-12-09 14:10:00-05:00,139.0,139.02000427246094,138.94000244140625,139.00990295410156,131560,0.0,0.0
2024-12-09 14:11:00-05:00,139.00990295410156,139.0800018310547,139.0050048828125,139.0749969482422,195473,0.0,0.0
2024-12-09 14:12:00-05:00,139.0749969482422,139.14999389648438,139.0749969482422,139.0998992919922,236891,0.0,0.0
2024-12-09 14:13:00-05:00,139.10000610351562,139.11000061035156,139.0,139.02000427246094,151410,0.0,0.0
2024-12-09 14:14:00-05:00,139.02999877929688,139.08999633789062,139.02999877929688,139.08880615234375,122107,0.0,0.0
2024-12-09 14:15:00-05:00,139.08999633789062,139.16000366210938,139.07000732421875,139.0800018310547,201996,0.0,0.0
2024-12-09 14:16:00-05:00,139.07000732421875,139.08889770507812,139.01010131835938,139.01109313964844,119151,0.0,0.0
2024-12-09 14:17:00-05:00,139.00999450683594,139.05999755859375,138.97000122070312,139.05999755859375,173694,0.0,0.0
2024-12-09 14:18:00-05:00,139.05999755859375,139.07000732421875,138.97500610351562,138.9949951171875,134603,0.0,0.0
2024-12-09 14:19:00-05:00,138.9949951171875,139.0,138.91000366210938,138.9199981689453,136200,0.0,0.0
2024-12-09 14:20:00-05:00,138.91110229492188,138.9199981689453,138.7899932861328,138.8079071044922,368662,0.0,0.0
2024-12-09 14:21:00-05:00,138.8000030517578,138.89999389648438,138.7899932861328,138.875,164550,0.0,0.0
2024-12-09 14:22:00-05:00,138.8800048828125,138.91990661621094,138.83999633789062,138.84500122070312,143682,0.0,0.0
2024-12-09 14:23:00-05:00,138.84500122070312,138.86000061035156,138.77000427246094,138.7899932861328,215020,0.0,0.0
2024-12-09 14:24:00-05:00,138.77999877929688,138.83999633789062,138.77000427246094,138.79519653320312,177105,0.0,0.0
2024-12-09 14:25:00-05:00,138.8000030517578,138.8000030517578,138.66000366210938,138.6699981689453,244273,0.0,0.0
2024-12-09 14:26:00-05:00,138.64999389648438,138.7100067138672,138.63999938964844,138.7050018310547,171935,0.0,0.0
2024-12-09 14:27:00-05:00,138.70669555664062,138.72000122070312,138.63999938964844,138.6999053955078,175049,0.0,0.0
2024-12-09 14:28:00-05:00,138.697998046875,138.75,138.67999267578125,138.67999267578125,128026,0.0,0.0
2024-12-09 14:29:00-05:00,138.68499755859375,138.74000549316406,138.6750030517578,138.67999267578125,118123,0.0,0.0
2024-12-09 14:30:00-05:00,138.69000244140625,138.77000427246094,138.67999267578125,138.7100067138672,117656,0.0,0.0
2024-12-09 14:31:00-05:00,138.6999969482422,138.7050018310547,138.53500366210938,138.5449981689453,326054,0.0,0.0
2024-12-09 14:32:00-05:00,138.5449981689453,138.6199951171875,138.47000122070312,138.47999572753906,326182,0.0,0.0
2024-12-09 14:33:00-05:00,138.48989868164062,138.54989624023438,138.45010375976562,138.47500610351562,229392,0.0,0.0
2024-12-09 14:34:00-05:00,138.47079467773438,138.5500030517578,138.4600067138672,138.4915008544922,167021,0.0,0.0
2024-12-09 14:35:00-05:00,138.49989318847656,138.52810668945312,138.4199981689453,138.52810668945312,205616,0.0,0.0
2024-12-09 14:36:00-05:00,138.51499938964844,138.5500030517578,138.4199981689453,138.4250030517578,162140,0.0,0.0
2024-12-09 14:37:00-05:00,138.42919921875,138.44500732421875,138.37010192871094,138.39999389648438,217764,0.0,0.0
2024-12-09 14:38:00-05:00,138.4199981689453,138.44000244140625,138.3502960205078,138.38999938964844,145610,0.0,0.0
2024-12-09 14:39:00-05:00,138.38999938964844,138.4499969482422,138.3300018310547,138.44659423828125,152564,0.0,0.0
2024-12-09 14:40:00-05:00,138.44000244140625,138.4499969482422,138.33999633789062,138.36000061035156,147527,0.0,0.0
2024-12-09 14:41:00-05:00,138.36669921875,138.3800048828125,138.25999450683594,138.27000427246094,308944,0.0,0.0
2024-12-09 14:42:00-05:00,138.2700958251953,138.33999633789062,138.27000427246094,138.28500366210938,177437,0.0,0.0
2024-12-09 14:43:00-05:00,138.27999877929688,138.4499969482422,138.27000427246094,138.4158935546875,235585,0.0,0.0
2024-12-09 14:44:00-05:00,138.41000366210938,138.4591064453125,138.3800048828125,138.3903045654297,216693,0.0,0.0
2024-12-09 14:45:00-05:00,138.38999938964844,138.41000366210938,138.2949981689453,138.3090057373047,136265,0.0,0.0
2024-12-09 14:46:00-05:00,138.3000030517578,138.36000061035156,138.27999877929688,138.29010009765625,158268,0.0,0.0
2024-12-09 14:47:00-05:00,138.29989624023438,138.30499267578125,138.19000244140625,138.2100067138672,406228,0.0,0.0
2024-12-09 14:48:00-05:00,138.20469665527344,138.25999450683594,138.1699981689453,138.25,249037,0.0,0.0
2024-12-09 14:49:00-05:00,138.25,138.30999755859375,138.1699981689453,138.25,198420,0.0,0.0
2024-12-09 14:50:00-05:00,138.24249267578125,138.27000427246094,138.1593017578125,138.18080139160156,172100,0.0,0.0
2024-12-09 14:51:00-05:00,138.17999267578125,138.24000549316406,138.11000061035156,138.125,211202,0.0,0.0
2024-12-09 14:52:00-05:00,138.1300048828125,138.15989685058594,138.0500030517578,138.15989685058594,359576,0.0,0.0
2024-12-09 14:53:00-05:00,138.14500427246094,138.16000366210938,138.11000061035156,138.11599731445312,122994,0.0,0.0
2024-12-09 14:54:00-05:00,138.11929321289062,138.23989868164062,138.10000610351562,138.21499633789062,174996,0.0,0.0
2024-12-09 14:55:00-05:00,138.2191925048828,138.33999633789062,138.2100067138672,138.25999450683594,302283,0.0,0.0
2024-12-09 14:56:00-05:00,138.25999450683594,138.40919494628906,138.25010681152344,138.40499877929688,280980,0.0,0.0
2024-12-09 14:57:00-05:00,138.4075927734375,138.4199981689453,138.3708038330078,138.40499877929688,210613,0.0,0.0
2024-12-09 14:58:00-05:00,138.39999389648438,138.4600067138672,138.38999938964844,138.4199981689453,190404,0.0,0.0
2024-12-09 14:59:00-05:00,138.4199981689453,138.5,138.39999389648438,138.4481964111328,237888,0.0,0.0
2024-12-09 15:00:00-05:00,138.44000244140625,138.47000122070312,138.37010192871094,138.4199981689453,153686,0.0,0.0
2024-12-09 15:01:00-05:00,138.42689514160156,138.43649291992188,138.3350067138672,138.39500427246094,185782,0.0,0.0
2024-12-09 15:02:00-05:00,138.38499450683594,138.38999938964844,138.25,138.30239868164062,197037,0.0,0.0
2024-12-09 15:03:00-05:00,138.3000030517578,138.32000732421875,138.22000122070312,138.26080322265625,229113,0.0,0.0
2024-12-09 15:04:00-05:00,138.26089477539062,138.32879638671875,138.2550048828125,138.29010009765625,144245,0.0,0.0
2024-12-09 15:05:00-05:00,138.3000030517578,138.3300018310547,138.2100067138672,138.24000549316406,272294,0.0,0.0
2024-12-09 15:06:00-05:00,138.24000549316406,138.27000427246094,138.22000122070312,138.25999450683594,119415,0.0,0.0
2024-12-09 15:07:00-05:00,138.25999450683594,138.35000610351562,138.2501983642578,138.26919555664062,165389,0.0,0.0
2024-12-09 15:08:00-05:00,138.26499938964844,138.34579467773438,138.25,138.32000732421875,131572,0.0,0.0
2024-12-09 15:09:00-05:00,138.32000732421875,138.35000610351562,138.27000427246094,138.27029418945312,158180,0.0,0.0
2024-12-09 15:10:00-05:00,138.27000427246094,138.3000030517578,138.1999969482422,138.22000122070312,180379,0.0,0.0
2024-12-09 15:11:00-05:00,138.21820068359375,138.24000549316406,138.1300048828125,138.1649932861328,174850,0.0,0.0
2024-12-09 15:12:00-05:00,138.16000366210938,138.25,138.14999389648438,138.25,204283,0.0,0.0
2024-12-09 15:13:00-05:00,138.23500061035156,138.256103515625,138.17999267578125,138.25,137005,0.0,0.0
2024-12-09 15:14:00-05:00,138.25,138.27999877929688,138.19000244140625,138.22999572753906,150872,0.0,0.0
2024-12-09 15:15:00-05:00,138.24000549316406,138.38999938964844,138.24000549316406,138.3699951171875,213714,0.0,0.0
2024-12-09 15:16:00-05:00,138.3699951171875,138.3800048828125,138.25999450683594,138.27000427246094,191229,0.0,0.0
2024-12-09 15:17:00-05:00,138.28990173339844,138.3365936279297,138.2100067138672,138.24989318847656,193433,0.0,0.0
2024-12-09 15:18:00-05:00,138.24989318847656,138.33999633789062,138.24009704589844,138.3300018310547,182421,0.0,0.0
2024-12-09 15:19:00-05:00,138.32000732421875,138.41000366210938,138.28500366210938,138.39999389648438,226376,0.0,0.0
2024-12-09 15:20:00-05:00,138.39999389648438,138.52999877929688,138.38999938964844,138.4949951171875,274580,0.0,0.0
2024-12-09 15:21:00-05:00,138.4949951171875,138.5500030517578,138.47000122070312,138.52499389648438,185541,0.0,0.0
2024-12-09 15:22:00-05:00,138.5299072265625,138.57000732421875,138.49000549316406,138.56820678710938,176887,0.0,0.0
2024-12-09 15:23:00-05:00,138.56500244140625,138.58999633789062,138.4600067138672,138.49000549316406,237670,0.0,0.0
2024-12-09 15:24:00-05:00,138.5,138.6208038330078,138.4801025390625,138.61380004882812,203021,0.0,0.0
2024-12-09 15:25:00-05:00,138.61180114746094,138.63999938964844,138.52999877929688,138.55999755859375,213969,0.0,0.0
2024-12-09 15:26:00-05:00,138.5399932861328,138.58999633789062,138.41229248046875,138.4199981689453,284259,0.0,0.0
2024-12-09 15:27:00-05:00,138.42999267578125,138.47999572753906,138.38499450683594,138.41000366210938,276332,0.0,0.0
2024-12-09 15:28:00-05:00,138.39999389648438,138.41000366210938,138.2700958251953,138.27999877929688,235627,0.0,0.0
2024-12-09 15:29:00-05:00,138.2899932861328,138.35000610351562,138.25999450683594,138.28500366210938,205886,0.0,0.0
2024-12-09 15:30:00-05:00,138.3000030517578,138.41000366210938,138.24000549316406,138.37010192871094,285901,0.0,0.0
2024-12-09 15:31:00-05:00,138.39500427246094,138.52999877929688,138.39500427246094,138.47999572753906,252139,0.0,0.0
2024-12-09 15:32:00-05:00,138.47000122070312,138.49989318847656,138.41000366210938,138.4550018310547,179259,0.0,0.0
2024-12-09 15:33:00-05:00,138.4499969482422,138.47000122070312,138.38999938964844,138.46060180664062,131181,0.0,0.0
2024-12-09 15:34:00-05:00,138.46490478515625,138.47000122070312,138.2949981689453,138.33009338378906,295586,0.0,0.0
2024-12-09 15:35:00-05:00,138.33999633789062,138.3800048828125,138.3000030517578,138.36929321289062,181601,0.0,0.0
2024-12-09 15:36:00-05:00,138.36500549316406,138.3800048828125,138.30499267578125,138.3769989013672,135952,0.0,0.0
2024-12-09 15:37:00-05:00,138.3699951171875,138.3986053466797,138.30999755859375,138.35989379882812,193795,0.0,0.0
2024-12-09 15:38:00-05:00,138.35879516601562,138.35879516601562,138.3000030517578,138.3300018310547,146228,0.0,0.0
2024-12-09 15:39:00-05:00,138.33999633789062,138.3800048828125,138.3000030517578,138.3699951171875,187461,0.0,0.0
2024-12-09 15:40:00-05:00,138.375,138.47999572753906,138.3699951171875,138.4600067138672,288607,0.0,0.0
2024-12-09 15:41:00-05:00,138.4700927734375,138.49000549316406,138.39999389648438,138.4499969482422,203238,0.0,0.0
2024-12-09 15:42:00-05:00,138.45889282226562,138.5500030517578,138.42999267578125,138.5399932861328,331168,0.0,0.0
2024-12-09 15:43:00-05:00,138.5301971435547,138.59500122070312,138.52099609375,138.5301055908203,235187,0.0,0.0
2024-12-09 15:44:00-05:00,138.5301055908203,138.5399932861328,138.47000122070312,138.52000427246094,183121,0.0,0.0
2024-12-09 15:45:00-05:00,138.50999450683594,138.52999877929688,138.4199981689453,138.4250030517578,188276,0.0,0.0
2024-12-09 15:46:00-05:00,138.4199981689453,138.4600067138672,138.38999938964844,138.4199981689453,218493,0.0,0.0
2024-12-09 15:47:00-05:00,138.42999267578125,138.4340057373047,138.3300018310547,138.4199981689453,256605,0.0,0.0
2024-12-09 15:48:00-05:00,138.4250030517578,138.5897979736328,138.39999389648438,138.4949951171875,313132,0.0,0.0
2024-12-09 15:49:00-05:00,138.5,138.5800018310547,138.49000549316406,138.57000732421875,218338,0.0,0.0
2024-12-09 15:50:00-05:00,138.5800018310547,138.8000030517578,138.5500030517578,138.77999877929688,495075,0.0,0.0
2024-12-09 15:51:00-05:00,138.77000427246094,138.83999633789062,138.72999572753906,138.8300018310547,355211,0.0,0.0
2024-12-09 15:52:00-05:00,138.8209991455078,138.99000549316406,138.77999877929688,138.98599243164062,461621,0.0,0.0
2024-12-09 15:53:00-05:00,139.0,139.11000061035156,138.9199981689453,139.11000061035156,467034,0.0,0.0
2024-12-09 15:54:00-05:00,139.11000061035156,139.13999938964844,138.8000030517578,138.8699951171875,673949,0.0,0.0
2024-12-09 15:55:00-05:00,138.85000610351562,138.90499877929688,138.68910217285156,138.69000244140625,679480,0.0,0.0
2024-12-09 15:56:00-05:00,138.69000244140625,138.72999572753906,138.51499938964844,138.54010009765625,566523,0.0,0.0
2024-12-09 15:57:00-05:00,138.55650329589844,138.69000244140625,138.52999877929688,138.66000366210938,680724,0.0,0.0
2024-12-09 15:58:00-05:00,138.6699981689453,138.7899932861328,138.64999389648438,138.68499755859375,703451,0.0,0.0
2024-12-09 15:59:00-05:00,138.67999267578125,138.99000549316406,138.64999389648438,138.80499267578125,1944897,0.0,0.0
2024-12-09 16:00:00-05:00,138.805,139.1204,138.805,138.99,14528079,0.0,0.0
2024-12-09 16:01:00-05:00,138.985,138.99,138.81,138.9,0,0.0,0.0
2024-12-09 16:02:00-05:00,138.92,138.93,138.67,138.8793,0,0.0,0.0
2024-12-09 16:03:00-05:00,138.88,139.29,138.81,139.0,0,0.0,0.0
2024-12-09 16:04:00-05:00,139.0,139.0,138.88,138.93,0,0.0,0.0
2024-12-09 16:05:00-05:00,138.9299,138.93,138.81,138.851,0,0.0,0.0
2024-12-09 16:06:00-05:00,138.85,138.9,138.81,138.82,0,0.0,0.0
2024-12-09 16:07:00-05:00,138.81,138.9,138.7,138.7,0,0.0,0.0
2024-12-09 16:08:00-05:00,138.76,138.81,138.63,138.72,0,0.0,0.0
2024-12-09 16:09:00-05:00,138.73,138.8,138.7,138.73,0,0.0,0.0
2024-12-09 16:10:00-05:00,138.765,138.8,138.71,138.75,0,0.0,0.0
2024-12-09 16:11:00-05:00,138.77,138.79,138.63,138.66,0,0.0,0.0
2024-12-09 16:12:00-05:00,138.69,138.69,138.56,138.585,0,0.0,0.0
2024-12-09 16:13:00-05:00,138.57,138.64,138.56,138.58,0,0.0,0.0
2024-12-09 16:14:00-05:00,138.58,138.64,138.56,138.62,0,0.0,0.0
2024-12-09 16:15:00-05:00,138.64,138.81,138.55,138.56,0,0.0,0.0
2024-12-09 16:16:00-05:00,138.6,138.64,138.56,138.63,0,0.0,0.0
2024-12-09 16:17:00-05:00,138.595,138.62,138.56,138.57,0,0.0,0.0
2024-12-09 16:18:00-05:00,138.57,138.58,138.5,138.51,0,0.0,0.0
2024-12-09 16:19:00-05:00,138.57,138.59,138.5,138.565,0,0.0,0.0
2024-12-09 16:20:00-05:00,138.59,138.62,138.53,138.5739,0,0.0,0.0
2024-12-09 16:21:00-05:00,138.605,138.605,138.52,138.55,0,0.0,0.0
2024-12-09 16:22:00-05:00,138.5995,138.6,138.5,138.52,0,0.0,0.0
2024-12-09 16:23:00-05:00,138.54,138.81,138.53,138.56,0,0.0,0.0
2024-12-09 16:24:00-05:00,138.6,138.64,138.55,138.615,0,0.0,0.0
2024-12-09 16:25:00-05:00,138.6,138.64,138.55,138.565,0,0.0,0.0
2024-12-09 16:26:00-05:00,138.5504,138.59,138.51,138.55,0,0.0,0.0
2024-12-09 16:27:00-05:00,138.59,138.59,138.53,138.56,0,0.0,0.0
2024-12-09 16:28:00-05:00,138.59,138.59,138.53,138.56,0,0.0,0.0
2024-12-09 16:29:00-05:00,138.56,138.59,138.54,138.57,0,0.0,0.0
2024-12-09 16:30:00-05:00,138.59,138.59,138.54,138.55,0,0.0,0.0
2024-12-09 16:31:00-05:00,138.5676,138.57,138.45,138.54,0,0.0,0.0
2024-12-09 16:32:00-05:00,138.54,138.54,138.45,138.475,0,0.0,0.0
2024-12-09 16:33:00-05:00,138.46,141.95,138.46,138.56,0,0.0,0.0
2024-12-09 16:34:00-05:00,138.56,145.475,138.5,138.525,0,0.0,0.0
2024-12-09 16:35:00-05:00,138.55,138.81,138.5,138.535,0,0.0,0.0
2024-12-09 16:36:00-05:00,138.57,138.7,138.51,138.7,0,0.0,0.0
2024-12-09 16:37:00-05:00,138.67,138.7,138.64,138.64,0,0.0,0.0
2024-12-09 16:38:00-05:00,138.68,138.68,138.61,138.625,0,0.0,0.0
2024-12-09 16:39:00-05:00,138.625,138.63,138.53,138.53,0,0.0,0.0
2024-12-09 16:40:00-05:00,138.61,138.61,138.52,138.56,0,0.0,0.0
2024-12-09 16:41:00-05:00,138.56,138.81,138.51,138.51,0,0.0,0.0
2024-12-09 16:42:00-05:00,138.5599,138.63,138.51,138.59,0,0.0,0.0
2024-12-09 16:43:00-05:00,138.59,138.59,138.45,138.5005,0,0.0,0.0
2024-12-09 16:44:00-05:00,138.52,138.6,138.5,138.58,0,0.0,0.0
2024-12-09 16:45:00-05:00,138.59,138.63,138.5,138.63,0,0.0,0.0
2024-12-09 16:46:00-05:00,138.59,143.8339,138.54,138.58,0,0.0,0.0
2024-12-09 16:47:00-05:00,138.585,140.76,138.51,138.59,0,0.0,0.0
2024-12-09 16:48:00-05:00,138.59,143.8339,138.475,138.475,0,0.0,0.0
2024-12-09 16:49:00-05:00,138.49,138.55,138.46,138.5389,0,0.0,0.0
2024-12-09 16:50:00-05:00,138.5381,138.54,131.5215,138.51,0,0.0,0.0
2024-12-09 16:51:00-05:00,138.52,138.53,138.49,138.515,0,0.0,0.0
2024-12-09 16:52:00-05:00,138.52,138.53,138.46,138.475,0,0.0,0.0
2024-12-09 16:53:00-05:00,138.48,138.5,138.47,138.485,0,0.0,0.0
2024-12-09 16:54:00-05:00,138.5,138.5,138.46,138.5,0,0.0,0.0
2024-12-09 16:55:00-05:00,138.46,138.58,138.46,138.56,0,0.0,0.0
2024-12-09 16:56:00-05:00,138.57,138.58,138.45,138.47,0,0.0,0.0
2024-12-09 16:57:00-05:00,138.47,138.54,138.45,138.475,0,0.0,0.0
2024-12-09 16:58:00-05:00,138.5,140.76,131.5215,138.5,0,0.0,0.0
2024-12-09 16:59:00-05:00,138.49,138.5,138.45,138.475,0,0.0,0.0
2024-12-09 17:00:00-05:00,138.45,138.53,138.45,138.52,0,0.0,0.0
2024-12-09 17:01:00-05:00,138.4898,138.54,138.44,138.5188,0,0.0,0.0
2024-12-09 17:02:00-05:00,138.52,138.54,138.46,138.51,0,0.0,0.0
2024-12-09 17:03:00-05:00,138.5,138.54,138.46,138.495,0,0.0,0.0
2024-12-09 17:04:00-05:00,138.51,138.545,138.49,138.545,0,0.0,0.0
2024-12-09 17:05:00-05:00,138.5401,138.55,138.51,138.55,0,0.0,0.0
2024-12-09 17:06:00-05:00,138.55,138.57,138.53,138.56,0,0.0,0.0
2024-12-09 17:07:00-05:00,138.55,138.57,138.55,138.5501,0,0.0,0.0
2024-12-09 17:08:00-05:00,138.55,138.56,138.5,138.53,0,0.0,0.0
2024-12-09 17:09:00-05:00,138.56,138.56,138.5,138.52,0,0.0,0.0
2024-12-09 17:10:00-05:00,138.51,138.52,138.5,138.5,0,0.0,0.0
2024-12-09 17:11:00-05:00,138.51,138.81,138.5,138.53,0,0.0,0.0
2024-12-09 17:12:00-05:00,138.54,138.56,138.5,138.51,0,0.0,0.0
2024-12-09 17:13:00-05:00,138.5,138.52,138.4801,138.495,0,0.0,0.0
2024-12-09 17:14:00-05:00,138.5,138.52,138.47,138.5098,0,0.0,0.0
2024-12-09 17:15:00-05:00,138.5,138.55,138.49,138.53,0,0.0,0.0
2024-12-09 17:16:00-05:00,138.51,138.55,138.51,138.55,0,0.0,0.0
2024-12-09 17:17:00-05:00,138.55,138.55,138.51,138.55,0,0.0,0.0
2024-12-09 17:18:00-05:00,138.53,138.55,138.48,138.51,0,0.0,0.0
2024-12-09 17:19:00-05:00,138.52,138.52,138.5,138.51,0,0.0,0.0
2024-12-09 17:20:00-05:00,138.505,138.51,138.5,138.5001,0,0.0,0.0
2024-12-09 17:21:00-05:00,138.51,138.56,138.5,138.55,0,0.0,0.0
2024-12-09 17:22:00-05:00,138.55,138.55,138.5,138.5396,0,0.0,0.0
2024-12-09 17:23:00-05:00,138.53,138.53,138.5,138.515,0,0.0,0.0
2024-12-09 17:24:00-05:00,138.5299,138.53,138.5,138.5,0,0.0,0.0
2024-12-09 17:25:00-05:00,138.5,138.54,138.5,138.5382,0,0.0,0.0
2024-12-09 17:26:00-05:00,138.52,138.55,138.5,138.51,0,0.0,0.0
2024-12-09 17:27:00-05:00,138.54,138.56,138.52,138.52,0,0.0,0.0
2024-12-09 17:28:00-05:00,138.52,138.53,138.52,138.525,0,0.0,0.0
2024-12-09 17:29:00-05:00,138.5298,138.54,138.51,138.53,0,0.0,0.0
2024-12-09 17:30:00-05:00,138.53,138.53,138.51,138.525,0,0.0,0.0
2024-12-09 17:31:00-05:00,138.525,138.81,138.51,138.525,0,0.0,0.0
2024-12-09 17:32:00-05:00,138.54,138.54,138.51,138.53,0,0.0,0.0
2024-12-09 17:33:00-05:00,138.53,138.81,138.49,138.52,0,0.0,0.0
2024-12-09 17:34:00-05:00,138.51,138.54,138.5,138.5,0,0.0,0.0
2024-12-09 17:35:00-05:00,138.52,138.54,138.5,138.52,0,0.0,0.0
2024-12-09 17:36:00-05:00,138.52,138.54,138.5,138.54,0,0.0,0.0
2024-12-09 17:37:00-05:00,138.507,138.539,138.47,138.4998,0,0.0,0.0
2024-12-09 17:38:00-05:00,138.4999,138.5,138.46,138.46,0,0.0,0.0
2024-12-09 17:39:00-05:00,138.475,138.49,138.46,138.46,0,0.0,0.0
2024-12-09 17:40:00-05:00,138.48,138.51,138.47,138.49,0,0.0,0.0
2024-12-09 17:41:00-05:00,138.49,138.5,138.48,138.49,0,0.0,0.0
2024-12-09 17:42:00-05:00,138.495,138.5,138.48,138.48,0,0.0,0.0
2024-12-09 17:43:00-05:00,138.49,138.49,138.48,138.485,0,0.0,0.0
2024-12-09 17:44:00-05:00,138.485,138.49,138.45,138.46,0,0.0,0.0
2024-12-09 17:45:00-05:00,138.47,138.48,138.45,138.47,0,0.0,0.0
2024-12-09 17:46:00-05:00,138.47,138.49,138.36,138.4,0,0.0,0.0
2024-12-09 17:47:00-05:00,138.43,138.43,138.35,138.37,0,0.0,0.0
2024-12-09 17:48:00-05:00,138.371,138.4,138.33,138.345,0,0.0,0.0
2024-12-09 17:49:00-05:00,138.33,138.36,138.31,138.33,0,0.0,0.0
2024-12-09 17:50:00-05:00,138.31,138.36,138.31,138.33,0,0.0,0.0
2024-12-09 17:51:00-05:00,138.36,138.4,138.345,138.351,0,0.0,0.0
2024-12-09 17:52:00-05:00,138.3501,138.39,138.34,138.38,0,0.0,0.0
2024-12-09 17:53:00-05:00,138.4,138.42,138.35,138.41,0,0.0,0.0
2024-12-09 17:54:00-05:00,138.37,138.41,138.35,138.39,0,0.0,0.0
2024-12-09 17:55:00-05:00,138.41,138.41,138.37,138.3996,0,0.0,0.0
2024-12-09 17:56:00-05:00,138.4,138.4,138.37,138.37,0,0.0,0.0
2024-12-09 17:57:00-05:00,138.35,138.4,138.35,138.37,0,0.0,0.0
2024-12-09 17:58:00-05:00,138.37,138.4,138.37,138.4,0,0.0,0.0
2024-12-09 17:59:00-05:00,138.385,138.4,138.38,138.395,0,0.0,0.0
2024-12-09 18:00:00-05:00,138.4,138.4,138.35,138.35,0,0.0,0.0
2024-12-09 18:01:00-05:00,138.3501,138.3899,138.3501,138.36,0,0.0,0.0
2024-12-09 18:02:00-05:00,138.37,138.38,138.35,138.37,0,0.0,0.0
2024-12-09 18:03:00-05:00,138.37,138.38,138.35,138.375,0,0.0,0.0
2024-12-09 18:04:00-05:00,138.37,138.39,138.35,138.365,0,0.0,0.0
2024-12-09 18:05:00-05:00,138.365,138.38,138.35,138.3501,0,0.0,0.0
2024-12-09 18:06:00-05:00,138.3599,138.37,138.35,138.36,0,0.0,0.0
2024-12-09 18:07:00-05:00,138.36,138.38,138.35,138.36,0,0.0,0.0
2024-12-09 18:08:00-05:00,138.34,138.35,138.31,138.35,0,0.0,0.0
2024-12-09 18:09:00-05:00,138.335,138.35,138.32,138.34,0,0.0,0.0
2024-12-09 18:10:00-05:00,138.3495,138.35,138.32,138.33,0,0.0,0.0
2024-12-09 18:11:00-05:00,138.34,138.34,138.26,138.2601,0,0.0,0.0
2024-12-09 18:12:00-05:00,138.265,138.29,138.25,138.29,0,0.0,0.0
2024-12-09 18:13:00-05:00,138.27,138.34,138.26,138.32,0,0.0,0.0
2024-12-09 18:14:00-05:00,138.3,138.32,138.26,138.2996,0,0.0,0.0
2024-12-09 18:15:00-05:00,138.29,138.29,138.26,138.2606,0,0.0,0.0
2024-12-09 18:16:00-05:00,138.275,138.29,138.25,138.26,0,0.0,0.0
2024-12-09 18:17:00-05:00,138.26,138.26,138.25,138.26,0,0.0,0.0
2024-12-09 18:18:00-05:00,138.26,138.28,138.25,138.28,0,0.0,0.0
2024-12-09 18:19:00-05:00,138.2703,138.32,138.25,138.31,0,0.0,0.0
2024-12-09 18:20:00-05:00,138.32,138.32,138.23,138.23,0,0.0,0.0
2024-12-09 18:21:00-05:00,138.26,138.29,138.22,138.22,0,0.0,0.0
2024-12-09 18:22:00-05:00,138.2298,138.23,138.19,138.2,0,0.0,0.0
2024-12-09 18:23:00-05:00,138.2,138.21,138.17,138.19,0,0.0,0.0
2024-12-09 18:24:00-05:00,138.18,138.2,138.16,138.2,0,0.0,0.0
2024-12-09 18:25:00-05:00,138.2,138.2,138.18,138.2,0,0.0,0.0
2024-12-09 18:26:00-05:00,138.2,138.21,138.12,138.19,0,0.0,0.0
2024-12-09 18:27:00-05:00,138.19,138.19,138.11,138.15,0,0.0,0.0
2024-12-09 18:28:00-05:00,138.15,138.19,138.11,138.15,0,0.0,0.0
2024-12-09 18:29:00-05:00,138.155,138.18,138.13,138.15,0,0.0,0.0
2024-12-09 18:30:00-05:00,138.17,138.17,138.148,138.16,0,0.0,0.0
2024-12-09 18:31:00-05:00,138.17,138.17,138.15,138.1501,0,0.0,0.0
2024-12-09 18:32:00-05:00,138.1599,138.16,138.11,138.14,0,0.0,0.0
2024-12-09 18:33:00-05:00,138.12,138.14,138.12,138.13,0,0.0,0.0
2024-12-09 18:34:00-05:00,138.13,138.13,138.11,138.129,0,0.0,0.0
2024-12-09 18:35:00-05:00,138.12,138.12,138.1,138.11,0,0.0,0.0
2024-12-09 18:36:00-05:00,138.11,138.11,138.06,138.075,0,0.0,0.0
2024-12-09 18:37:00-05:00,138.07,138.08,138.065,138.065,0,0.0,0.0
2024-12-09 18:38:00-05:00,138.07,138.07,138.06,138.06,0,0.0,0.0
2024-12-09 18:39:00-05:00,138.06,138.07,138.02,138.05,0,0.0,0.0
2024-12-09 18:40:00-05:00,138.04,138.05,138.01,138.04,0,0.0,0.0
2024-12-09 18:41:00-05:00,138.01,138.03,138.0,138.01,0,0.0,0.0
2024-12-09 18:42:00-05:00,138.015,138.07,138.0,138.045,0,0.0,0.0
2024-12-09 18:43:00-05:00,138.045,138.06,138.0,138.03,0,0.0,0.0
2024-12-09 18:44:00-05:00,138.04,138.06,138.02,138.05,0,0.0,0.0
2024-12-09 18:45:00-05:00,138.04,138.08,138.02,138.055,0,0.0,0.0
2024-12-09 18:46:00-05:00,138.03,138.09,138.03,138.08,0,0.0,0.0
2024-12-09 18:47:00-05:00,138.09,138.12,138.07,138.12,0,0.0,0.0
2024-12-09 18:48:00-05:00,138.12,138.12,138.09,138.12,0,0.0,0.0
2024-12-09 18:49:00-05:00,138.12,138.12,138.05,138.1,0,0.0,0.0
2024-12-09 18:50:00-05:00,138.1,138.1,138.05,138.055,0,0.0,0.0
2024-12-09 18:51:00-05:00,138.06,138.08,138.03,138.05,0,0.0,0.0
2024-12-09 18:52:00-05:00,138.03,138.06,138.02,138.02,0,0.0,0.0
2024-12-09 18:53:00-05:00,138.03,138.03,138.0,138.01,0,0.0,0.0
2024-12-09 18:54:00-05:00,138.01,138.02,138.0,138.02,0,0.0,0.0
2024-12-09 18:55:00-05:00,138.01,138.08,138.01,138.065,0,0.0,0.0
2024-12-09 18:56:00-05:00,138.07,138.12,138.06,138.1001,0,0.0,0.0
2024-12-09 18:57:00-05:00,138.11,138.13,138.1,138.13,0,0.0,0.0
2024-12-09 18:58:00-05:00,138.13,138.15,138.1102,138.135,0,0.0,0.0
2024-12-09 18:59:00-05:00,138.13,138.15,138.12,138.12,0,0.0,0.0
2024-12-09 19:00:00-05:00,138.12,138.14,138.05,138.065,0,0.0,0.0
2024-12-09 19:01:00-05:00,138.05,138.1,138.05,138.1,0,0.0,0.0
2024-12-09 19:02:00-05:00,138.07,138.1,138.06,138.08,0,0.0,0.0
2024-12-09 19:03:00-05:00,138.1,138.1,138.05,138.05,0,0.0,0.0
2024-12-09 19:04:00-05:00,138.05,138.09,138.05,138.07,0,0.0,0.0
2024-12-09 19:05:00-05:00,138.07,138.09,138.05,138.07,0,0.0,0.0
2024-12-09 19:06:00-05:00,138.08,138.09,138.07,138.07,0,0.0,0.0
2024-12-09 19:07:00-05:00,138.0701,138.0701,138.02,138.02,0,0.0,0.0
2024-12-09 19:08:00-05:00,138.02,138.03,138.0,138.0002,0,0.0,0.0
2024-12-09 19:09:00-05:00,138.01,138.02,138.0,138.01,0,0.0,0.0
2024-12-09 19:10:00-05:00,138.0,138.05,138.0,138.03,0,0.0,0.0
2024-12-09 19:11:00-05:00,138.03,138.04,137.95,137.96,0,0.0,0.0
2024-12-09 19:12:00-05:00,137.97,138.04,137.95,138.01,0,0.0,0.0
2024-12-09 19:13:00-05:00,137.995,138.0876,137.98,138.04,0,0.0,0.0
2024-12-09 19:14:00-05:00,138.05,138.09,138.0,138.08,0,0.0,0.0
2024-12-09 19:15:00-05:00,138.08,138.08,138.01,138.025,0,0.0,0.0
2024-12-09 19:16:00-05:00,138.06,138.07,138.011,138.05,0,0.0,0.0
2024-12-09 19:17:00-05:00,138.06,138.06,138.03,138.03,0,0.0,0.0
2024-12-09 19:18:00-05:00,138.03,138.06,138.03,138.03,0,0.0,0.0
2024-12-09 19:19:00-05:00,138.035,138.04,138.02,138.03,0,0.0,0.0
2024-12-09 19:20:00-05:00,138.0204,138.04,138.01,138.03,0,0.0,0.0
2024-12-09 19:21:00-05:00,138.03,138.05,138.02,138.04,0,0.0,0.0
2024-12-09 19:22:00-05:00,138.03,138.04,138.02,138.03,0,0.0,0.0
2024-12-09 19:23:00-05:00,138.0201,138.05,138.02,138.04,0,0.0,0.0
2024-12-09 19:24:00-05:00,138.03,138.07,138.03,138.06,0,0.0,0.0
2024-12-09 19:25:00-05:00,138.055,138.07,138.03,138.04,0,0.0,0.0
2024-12-09 19:26:00-05:00,138.05,138.05,138.035,138.04,0,0.0,0.0
2024-12-09 19:27:00-05:00,138.04,138.05,138.03,138.04,0,0.0,0.0
2024-12-09 19:28:00-05:00,138.04,138.04,138.03,138.0397,0,0.0,0.0
2024-12-09 19:29:00-05:00,138.04,138.04,138.03,138.04,0,0.0,0.0
2024-12-09 19:30:00-05:00,138.03,138.07,138.03,138.04,0,0.0,0.0
2024-12-09 19:31:00-05:00,138.06,138.07,138.05,138.06,0,0.0,0.0
2024-12-09 19:32:00-05:00,138.05,138.07,138.02,138.025,0,0.0,0.0
2024-12-09 19:33:00-05:00,138.04,138.04,138.0,138.0199,0,0.0,0.0
2024-12-09 19:34:00-05:00,138.02,138.02,138.0,138.0,0,0.0,0.0
2024-12-09 19:35:00-05:00,138.02,138.02,138.0,138.0,0,0.0,0.0
2024-12-09 19:36:00-05:00,138.0,138.01,137.97,137.98,0,0.0,0.0
2024-12-09 19:37:00-05:00,137.98,137.9878,137.9202,137.9407,0,0.0,0.0
2024-12-09 19:38:00-05:00,137.95,137.95,137.9,137.91,0,0.0,0.0
2024-12-09 19:39:00-05:00,137.905,137.91,137.8799,137.88,0,0.0,0.0
2024-12-09 19:40:00-05:00,137.88,137.9,137.87,137.88,0,0.0,0.0
2024-12-09 19:41:00-05:00,137.89,137.96,137.88,137.94,0,0.0,0.0
2024-12-09 19:42:00-05:00,137.96,137.98,137.9,137.95,0,0.0,0.0
2024-12-09 19:43:00-05:00,137.95,137.95,137.9,137.9201,0,0.0,0.0
2024-12-09 19:44:00-05:00,137.93,137.93,137.89,137.9,0,0.0,0.0
2024-12-09 19:45:00-05:00,137.92,137.92,137.89,137.9,0,0.0,0.0
2024-12-09 19:46:00-05:00,137.9,137.91,137.89,137.8999,0,0.0,0.0
2024-12-09 19:47:00-05:00,137.89,137.9,137.89,137.895,0,0.0,0.0
2024-12-09 19:48:00-05:00,137.895,137.92,137.89,137.9,0,0.0,0.0
2024-12-09 19:49:00-05:00,137.91,137.92,137.8801,137.9,0,0.0,0.0
2024-12-09 19:50:00-05:00,137.9,137.9,137.89,137.8902,0,0.0,0.0
2024-12-09 19:51:00-05:00,137.8999,137.9,137.88,137.89,0,0.0,0.0
2024-12-09 19:52:00-05:00,137.89,137.9,137.88,137.89,0,0.0,0.0
2024-12-09 19:53:00-05:00,137.895,137.92,137.88,137.9003,0,0.0,0.0
2024-12-09 19:54:00-05:00,137.905,137.919,137.9,137.91,0,0.0,0.0
2024-12-09 19:55:00-05:00,137.91,137.93,137.9,137.92,0,0.0,0.0
2024-12-09 19:56:00-05:00,137.92,137.93,137.87,137.9,0,0.0,0.0
2024-12-09 19:57:00-05:00,137.9,137.93,137.87,137.93,0,0.0,0.0
2024-12-09 19:58:00-05:00,137.93,137.94,137.9,137.925,0,0.0,0.0
2024-12-09 19:59:00-05:00,137.93,137.94,137.92,137.94,0,0.0,0.0
