time,Open,High,Low,Close,Volume,Dividends,Stock Splits
2024-12-12 04:00:00-05:00,139.06,139.43,138.94,138.94,0,0.0,0.0
2024-12-12 04:01:00-05:00,138.92,139.03,138.84,138.87,0,0.0,0.0
2024-12-12 04:02:00-05:00,138.99,139.05,138.9,138.97,0,0.0,0.0
2024-12-12 04:03:00-05:00,138.97,139.1,138.9,138.96,0,0.0,0.0
2024-12-12 04:04:00-05:00,138.96,139.15,138.96,139.13,0,0.0,0.0
2024-12-12 04:05:00-05:00,139.09,139.15,139.02,139.05,0,0.0,0.0
2024-12-12 04:06:00-05:00,139.05,139.09,138.95,138.98,0,0.0,0.0
2024-12-12 04:07:00-05:00,138.97,138.98,138.8,138.83,0,0.0,0.0
2024-12-12 04:08:00-05:00,138.85,138.9,138.75,138.75,0,0.0,0.0
2024-12-12 04:09:00-05:00,138.75,138.75,138.69,138.72,0,0.0,0.0
2024-12-12 04:10:00-05:00,138.69,138.73,138.61,138.71,0,0.0,0.0
2024-12-12 04:11:00-05:00,138.68,138.8,138.68,138.8,0,0.0,0.0
2024-12-12 04:12:00-05:00,138.8,138.8,138.6,138.61,0,0.0,0.0
2024-12-12 04:13:00-05:00,138.67,138.69,138.5,138.53,0,0.0,0.0
2024-12-12 04:14:00-05:00,138.55,138.59,138.49,138.5,0,0.0,0.0
2024-12-12 04:15:00-05:00,138.54,138.56,138.45,138.45,0,0.0,0.0
2024-12-12 04:16:00-05:00,138.46,138.6,138.42,138.48,0,0.0,0.0
2024-12-12 04:17:00-05:00,138.5,138.57,138.5,138.57,0,0.0,0.0
2024-12-12 04:18:00-05:00,138.59,138.73,138.57,138.73,0,0.0,0.0
2024-12-12 04:19:00-05:00,138.68,138.7,138.65,138.68,0,0.0,0.0
2024-12-12 04:20:00-05:00,138.68,138.75,138.68,138.72,0,0.0,0.0
2024-12-12 04:21:00-05:00,138.74,138.74,138.63,138.72,0,0.0,0.0
2024-12-12 04:22:00-05:00,138.71,138.72,138.67,138.67,0,0.0,0.0
2024-12-12 04:23:00-05:00,138.67,138.8,138.67,138.73,0,0.0,0.0
2024-12-12 04:24:00-05:00,138.73,138.73,138.68,138.68,0,0.0,0.0
2024-12-12 04:25:00-05:00,138.68,138.69,138.57,138.57,0,0.0,0.0
2024-12-12 04:26:00-05:00,138.56,138.67,138.55,138.64,0,0.0,0.0
2024-12-12 04:27:00-05:00,138.64,138.64,138.61,138.61,0,0.0,0.0
2024-12-12 04:28:00-05:00,138.6,138.62,138.5,138.51,0,0.0,0.0
2024-12-12 04:29:00-05:00,138.54,138.61,138.54,138.6,0,0.0,0.0
2024-12-12 04:30:00-05:00,138.65,138.66,138.62,138.66,0,0.0,0.0
2024-12-12 04:31:00-05:00,138.66,138.66,138.42,138.42,0,0.0,0.0
2024-12-12 04:32:00-05:00,138.41,138.42,138.38,138.4,0,0.0,0.0
2024-12-12 04:33:00-05:00,138.4,138.5,138.4,138.43,0,0.0,0.0
2024-12-12 04:34:00-05:00,138.47,138.55,138.47,138.51,0,0.0,0.0
2024-12-12 04:35:00-05:00,138.57,138.6,138.55,138.6,0,0.0,0.0
2024-12-12 04:36:00-05:00,138.6,138.64,138.6,138.6,0,0.0,0.0
2024-12-12 04:37:00-05:00,138.58,138.58,138.58,138.58,0,0.0,0.0
2024-12-12 04:38:00-05:00,138.53,138.53,138.47,138.47,0,0.0,0.0
2024-12-12 04:39:00-05:00,138.46,138.48,138.42,138.43,0,0.0,0.0
2024-12-12 04:40:00-05:00,138.46,138.49,138.46,138.49,0,0.0,0.0
2024-12-12 04:41:00-05:00,138.53,138.6,138.53,138.55,0,0.0,0.0
2024-12-12 04:42:00-05:00,138.56,138.56,138.56,138.56,0,0.0,0.0
2024-12-12 04:43:00-05:00,138.55,138.55,138.55,138.55,0,0.0,0.0
2024-12-12 04:44:00-05:00,138.57,138.57,138.55,138.55,0,0.0,0.0
2024-12-12 04:45:00-05:00,138.57,138.59,138.56,138.56,0,0.0,0.0
2024-12-12 04:46:00-05:00,138.57,138.57,138.55,138.57,0,0.0,0.0
2024-12-12 04:47:00-05:00,138.57,138.57,138.51,138.53,0,0.0,0.0
2024-12-12 04:48:00-05:00,138.59,138.59,138.57,138.57,0,0.0,0.0
2024-12-12 04:49:00-05:00,138.54,138.54,138.54,138.54,0,0.0,0.0
2024-12-12 04:50:00-05:00,138.51,138.53,138.5,138.53,0,0.0,0.0
2024-12-12 04:51:00-05:00,138.5,138.54,138.5,138.54,0,0.0,0.0
2024-12-12 04:52:00-05:00,138.5,138.64,138.5,138.64,0,0.0,0.0
2024-12-12 04:53:00-05:00,138.63,138.68,138.63,138.68,0,0.0,0.0
2024-12-12 04:54:00-05:00,138.65,138.68,138.64,138.68,0,0.0,0.0
2024-12-12 04:55:00-05:00,138.66,138.73,138.66,138.7,0,0.0,0.0
2024-12-12 04:56:00-05:00,138.67,138.69,138.67,138.69,0,0.0,0.0
2024-12-12 04:57:00-05:00,138.69,138.69,138.63,138.63,0,0.0,0.0
2024-12-12 04:58:00-05:00,138.56,138.64,138.55,138.64,0,0.0,0.0
2024-12-12 04:59:00-05:00,138.6,138.6,138.6,138.6,0,0.0,0.0
2024-12-12 05:00:00-05:00,138.6,138.6,138.59,138.59,0,0.0,0.0
2024-12-12 05:01:00-05:00,138.59,138.6,138.52,138.52,0,0.0,0.0
2024-12-12 05:03:00-05:00,138.53,138.58,138.52,138.58,0,0.0,0.0
2024-12-12 05:04:00-05:00,138.57,138.57,138.57,138.57,0,0.0,0.0
2024-12-12 05:05:00-05:00,138.53,138.54,138.51,138.54,0,0.0,0.0
2024-12-12 05:06:00-05:00,138.53,138.61,138.53,138.6,0,0.0,0.0
2024-12-12 05:07:00-05:00,138.61,138.7,138.61,138.69,0,0.0,0.0
2024-12-12 05:08:00-05:00,138.68,138.75,138.63,138.69,0,0.0,0.0
2024-12-12 05:09:00-05:00,138.68,138.68,138.63,138.68,0,0.0,0.0
2024-12-12 05:10:00-05:00,138.62,138.62,138.6,138.6,0,0.0,0.0
2024-12-12 05:11:00-05:00,138.6,138.6,138.53,138.58,0,0.0,0.0
2024-12-12 05:12:00-05:00,138.58,138.58,138.51,138.53,0,0.0,0.0
2024-12-12 05:13:00-05:00,138.51,138.65,138.51,138.65,0,0.0,0.0
2024-12-12 05:14:00-05:00,138.59,138.59,138.59,138.59,0,0.0,0.0
2024-12-12 05:15:00-05:00,138.57,138.64,138.57,138.61,0,0.0,0.0
2024-12-12 05:17:00-05:00,138.61,138.61,138.61,138.61,0,0.0,0.0
2024-12-12 05:18:00-05:00,138.67,138.69,138.67,138.69,0,0.0,0.0
2024-12-12 05:19:00-05:00,138.71,138.74,138.7,138.74,0,0.0,0.0
2024-12-12 05:20:00-05:00,138.72,138.73,138.68,138.71,0,0.0,0.0
2024-12-12 05:21:00-05:00,138.71,138.75,138.7,138.7,0,0.0,0.0
2024-12-12 05:22:00-05:00,138.73,138.73,138.67,138.68,0,0.0,0.0
2024-12-12 05:23:00-05:00,138.73,138.75,138.73,138.75,0,0.0,0.0
2024-12-12 05:24:00-05:00,138.76,138.85,138.76,138.84,0,0.0,0.0
2024-12-12 05:25:00-05:00,138.85,139.05,138.85,139.0,0,0.0,0.0
2024-12-12 05:26:00-05:00,139.04,139.04,138.97,138.97,0,0.0,0.0
2024-12-12 05:27:00-05:00,138.99,138.99,138.88,138.88,0,0.0,0.0
2024-12-12 05:28:00-05:00,138.95,138.95,138.94,138.95,0,0.0,0.0
2024-12-12 05:29:00-05:00,138.94,138.94,138.94,138.94,0,0.0,0.0
2024-12-12 05:31:00-05:00,138.9,138.93,138.9,138.93,0,0.0,0.0
2024-12-12 05:32:00-05:00,138.89,138.89,138.88,138.88,0,0.0,0.0
2024-12-12 05:33:00-05:00,138.88,138.93,138.88,138.93,0,0.0,0.0
2024-12-12 05:34:00-05:00,138.91,138.91,138.86,138.86,0,0.0,0.0
2024-12-12 05:35:00-05:00,138.9,138.9,138.83,138.83,0,0.0,0.0
2024-12-12 05:36:00-05:00,138.85,138.85,138.83,138.83,0,0.0,0.0
2024-12-12 05:37:00-05:00,138.84,138.84,138.84,138.84,0,0.0,0.0
2024-12-12 05:38:00-05:00,138.83,138.88,138.83,138.88,0,0.0,0.0
2024-12-12 05:39:00-05:00,138.85,138.88,138.82,138.82,0,0.0,0.0
2024-12-12 05:40:00-05:00,138.8,138.8,138.76,138.8,0,0.0,0.0
2024-12-12 05:41:00-05:00,138.8,138.8,138.76,138.76,0,0.0,0.0
2024-12-12 05:42:00-05:00,138.79,138.8,138.76,138.8,0,0.0,0.0
2024-12-12 05:43:00-05:00,138.78,138.78,138.78,138.78,0,0.0,0.0
2024-12-12 05:44:00-05:00,138.8,138.8,138.79,138.8,0,0.0,0.0
2024-12-12 05:46:00-05:00,138.81,138.81,138.81,138.81,0,0.0,0.0
2024-12-12 05:47:00-05:00,138.88,138.88,138.82,138.82,0,0.0,0.0
2024-12-12 05:48:00-05:00,138.85,138.85,138.78,138.8,0,0.0,0.0
2024-12-12 05:49:00-05:00,138.79,138.79,138.79,138.79,0,0.0,0.0
2024-12-12 05:50:00-05:00,138.78,138.78,138.74,138.74,0,0.0,0.0
2024-12-12 05:51:00-05:00,138.74,138.74,138.74,138.74,0,0.0,0.0
2024-12-12 05:52:00-05:00,138.79,138.81,138.79,138.81,0,0.0,0.0
2024-12-12 05:53:00-05:00,138.82,138.85,138.82,138.85,0,0.0,0.0
2024-12-12 05:54:00-05:00,138.85,138.85,138.85,138.85,0,0.0,0.0
2024-12-12 05:55:00-05:00,138.85,138.89,138.85,138.89,0,0.0,0.0
2024-12-12 05:56:00-05:00,138.9,138.95,138.89,138.9,0,0.0,0.0
2024-12-12 05:57:00-05:00,138.89,138.89,138.89,138.89,0,0.0,0.0
2024-12-12 05:58:00-05:00,138.9,138.91,138.88,138.91,0,0.0,0.0
2024-12-12 05:59:00-05:00,138.95,139.07,138.86,139.06,0,0.0,0.0
2024-12-12 06:00:00-05:00,139.07,139.1,139.03,139.03,0,0.0,0.0
2024-12-12 06:01:00-05:00,139.06,139.16,139.02,139.16,0,0.0,0.0
2024-12-12 06:02:00-05:00,139.17,139.2,139.1,139.13,0,0.0,0.0
2024-12-12 06:03:00-05:00,139.12,139.12,139.08,139.09,0,0.0,0.0
2024-12-12 06:04:00-05:00,139.08,139.08,139.05,139.05,0,0.0,0.0
2024-12-12 06:05:00-05:00,139.01,139.03,139.0,139.03,0,0.0,0.0
2024-12-12 06:06:00-05:00,139.07,139.15,139.04,139.1,0,0.0,0.0
2024-12-12 06:07:00-05:00,139.1,139.15,139.09,139.15,0,0.0,0.0
2024-12-12 06:08:00-05:00,139.14,139.16,139.08,139.1,0,0.0,0.0
2024-12-12 06:09:00-05:00,139.1,139.14,139.09,139.11,0,0.0,0.0
2024-12-12 06:10:00-05:00,139.09,139.11,139.08,139.08,0,0.0,0.0
2024-12-12 06:11:00-05:00,139.1,139.11,139.0,139.0,0,0.0,0.0
2024-12-12 06:12:00-05:00,138.99,139.0,138.95,138.96,0,0.0,0.0
2024-12-12 06:13:00-05:00,138.95,138.96,138.9,138.9,0,0.0,0.0
2024-12-12 06:14:00-05:00,138.9,138.9,138.8,138.8,0,0.0,0.0
2024-12-12 06:15:00-05:00,138.8,138.8,138.65,138.65,0,0.0,0.0
2024-12-12 06:16:00-05:00,138.67,138.75,138.62,138.75,0,0.0,0.0
2024-12-12 06:17:00-05:00,138.75,138.75,138.64,138.69,0,0.0,0.0
2024-12-12 06:18:00-05:00,138.75,138.94,138.75,138.94,0,0.0,0.0
2024-12-12 06:19:00-05:00,138.91,138.95,138.86,138.86,0,0.0,0.0
2024-12-12 06:20:00-05:00,138.85,138.85,138.81,138.81,0,0.0,0.0
2024-12-12 06:21:00-05:00,138.81,138.81,138.75,138.76,0,0.0,0.0
2024-12-12 06:22:00-05:00,138.76,138.79,138.76,138.76,0,0.0,0.0
2024-12-12 06:23:00-05:00,138.72,138.78,138.72,138.78,0,0.0,0.0
2024-12-12 06:24:00-05:00,138.8,138.8,138.8,138.8,0,0.0,0.0
2024-12-12 06:25:00-05:00,138.8,138.92,138.8,138.87,0,0.0,0.0
2024-12-12 06:26:00-05:00,138.87,138.87,138.85,138.86,0,0.0,0.0
2024-12-12 06:27:00-05:00,138.87,138.87,138.85,138.85,0,0.0,0.0
2024-12-12 06:28:00-05:00,138.86,138.88,138.85,138.88,0,0.0,0.0
2024-12-12 06:29:00-05:00,138.91,138.91,138.91,138.91,0,0.0,0.0
2024-12-12 06:30:00-05:00,138.9,139.0,138.9,138.99,0,0.0,0.0
2024-12-12 06:31:00-05:00,138.98,138.98,138.95,138.98,0,0.0,0.0
2024-12-12 06:32:00-05:00,138.98,138.99,138.98,138.98,0,0.0,0.0
2024-12-12 06:33:00-05:00,138.94,138.98,138.94,138.98,0,0.0,0.0
2024-12-12 06:34:00-05:00,138.99,139.05,138.99,139.05,0,0.0,0.0
2024-12-12 06:35:00-05:00,139.04,139.04,139.04,139.04,0,0.0,0.0
2024-12-12 06:36:00-05:00,139.03,139.03,139.03,139.03,0,0.0,0.0
2024-12-12 06:37:00-05:00,139.02,139.02,139.02,139.02,0,0.0,0.0
2024-12-12 06:38:00-05:00,139.0,139.03,139.0,139.03,0,0.0,0.0
2024-12-12 06:39:00-05:00,139.05,139.05,139.05,139.05,0,0.0,0.0
2024-12-12 06:40:00-05:00,139.06,139.07,139.01,139.01,0,0.0,0.0
2024-12-12 06:41:00-05:00,139.07,139.12,139.06,139.1,0,0.0,0.0
2024-12-12 06:42:00-05:00,139.1,139.17,139.1,139.15,0,0.0,0.0
2024-12-12 06:43:00-05:00,139.15,139.18,139.13,139.15,0,0.0,0.0
2024-12-12 06:44:00-05:00,139.15,139.15,139.12,139.12,0,0.0,0.0
2024-12-12 06:45:00-05:00,139.12,139.12,139.1,139.1,0,0.0,0.0
2024-12-12 06:46:00-05:00,139.01,139.05,139.0,139.05,0,0.0,0.0
2024-12-12 06:47:00-05:00,139.0,139.0,138.99,138.99,0,0.0,0.0
2024-12-12 06:48:00-05:00,139.0,139.02,138.99,139.01,0,0.0,0.0
2024-12-12 06:49:00-05:00,139.0,139.0,138.8,138.91,0,0.0,0.0
2024-12-12 06:50:00-05:00,138.86,138.96,138.86,138.96,0,0.0,0.0
2024-12-12 06:51:00-05:00,138.9,138.92,138.89,138.92,0,0.0,0.0
2024-12-12 06:52:00-05:00,138.89,138.9,138.83,138.83,0,0.0,0.0
2024-12-12 06:53:00-05:00,138.8,138.84,138.69,138.84,0,0.0,0.0
2024-12-12 06:54:00-05:00,138.88,138.95,138.87,138.95,0,0.0,0.0
2024-12-12 06:55:00-05:00,138.96,138.97,138.89,138.9,0,0.0,0.0
2024-12-12 06:56:00-05:00,138.92,138.99,138.89,138.97,0,0.0,0.0
2024-12-12 06:57:00-05:00,138.93,139.0,138.93,139.0,0,0.0,0.0
2024-12-12 06:58:00-05:00,139.03,139.03,139.0,139.0,0,0.0,0.0
2024-12-12 06:59:00-05:00,138.97,139.0,138.97,139.0,0,0.0,0.0
2024-12-12 07:00:00-05:00,139.0,139.0,138.83,138.89,0,0.0,0.0
2024-12-12 07:01:00-05:00,138.86,138.93,138.86,138.88,0,0.0,0.0
2024-12-12 07:02:00-05:00,138.88,138.9,138.86,138.86,0,0.0,0.0
2024-12-12 07:03:00-05:00,138.82,138.85,138.75,138.75,0,0.0,0.0
2024-12-12 07:04:00-05:00,138.76,138.85,138.73,138.84,0,0.0,0.0
2024-12-12 07:05:00-05:00,138.821,138.821,138.82,138.82,0,0.0,0.0
2024-12-12 07:06:00-05:00,138.94,138.98,138.86,138.88,0,0.0,0.0
2024-12-12 07:07:00-05:00,138.93,138.98,138.93,138.94,0,0.0,0.0
2024-12-12 07:08:00-05:00,138.95,138.97,138.941,138.97,0,0.0,0.0
2024-12-12 07:09:00-05:00,138.98,138.99,138.83,138.87,0,0.0,0.0
2024-12-12 07:10:00-05:00,138.86,138.86,138.85,138.86,0,0.0,0.0
2024-12-12 07:11:00-05:00,138.96,138.96,138.94,138.95,0,0.0,0.0
2024-12-12 07:12:00-05:00,138.96,138.96,138.91,138.93,0,0.0,0.0
2024-12-12 07:13:00-05:00,138.92,138.94,138.92,138.94,0,0.0,0.0
2024-12-12 07:14:00-05:00,138.94,138.94,138.93,138.94,0,0.0,0.0
2024-12-12 07:15:00-05:00,138.94,138.96,138.88,138.88,0,0.0,0.0
2024-12-12 07:16:00-05:00,138.89,138.89,138.87,138.87,0,0.0,0.0
2024-12-12 07:17:00-05:00,138.86,138.86,138.75,138.79,0,0.0,0.0
2024-12-12 07:18:00-05:00,138.8,138.8,138.8,138.8,0,0.0,0.0
2024-12-12 07:19:00-05:00,138.81,138.81,138.77,138.78,0,0.0,0.0
2024-12-12 07:20:00-05:00,138.78,138.81,138.77,138.77,0,0.0,0.0
2024-12-12 07:21:00-05:00,138.78,138.78,138.72,138.73,0,0.0,0.0
2024-12-12 07:22:00-05:00,138.72,138.75,138.71,138.75,0,0.0,0.0
2024-12-12 07:23:00-05:00,138.8,138.81,138.74,138.75,0,0.0,0.0
2024-12-12 07:24:00-05:00,138.79,138.79,138.79,138.79,0,0.0,0.0
2024-12-12 07:25:00-05:00,138.81,138.81,138.73,138.77,0,0.0,0.0
2024-12-12 07:26:00-05:00,138.77,138.79,138.76,138.79,0,0.0,0.0
2024-12-12 07:27:00-05:00,138.81,138.85,138.81,138.84,0,0.0,0.0
2024-12-12 07:28:00-05:00,138.85,138.88,138.83,138.84,0,0.0,0.0
2024-12-12 07:29:00-05:00,138.82,138.83,138.8,138.8,0,0.0,0.0
2024-12-12 07:30:00-05:00,138.82,138.83,138.81,138.81,0,0.0,0.0
2024-12-12 07:31:00-05:00,138.77,138.77,138.66,138.66,0,0.0,0.0
2024-12-12 07:32:00-05:00,138.65,138.7,138.65,138.66,0,0.0,0.0
2024-12-12 07:33:00-05:00,138.7,138.7,138.59,138.6,0,0.0,0.0
2024-12-12 07:34:00-05:00,138.6,138.63,138.52,138.6,0,0.0,0.0
2024-12-12 07:35:00-05:00,138.61,138.63,138.57,138.63,0,0.0,0.0
2024-12-12 07:36:00-05:00,138.63,138.63,138.5,138.5,0,0.0,0.0
2024-12-12 07:37:00-05:00,138.54,138.56,138.54,138.55,0,0.0,0.0
2024-12-12 07:38:00-05:00,138.55,138.58,138.54,138.56,0,0.0,0.0
2024-12-12 07:39:00-05:00,138.57,138.59,138.55,138.55,0,0.0,0.0
2024-12-12 07:40:00-05:00,138.53,138.53,138.52,138.52,0,0.0,0.0
2024-12-12 07:41:00-05:00,138.52,138.53,138.51,138.52,0,0.0,0.0
2024-12-12 07:42:00-05:00,138.51,138.53,138.5,138.53,0,0.0,0.0
2024-12-12 07:43:00-05:00,138.53,138.53,138.51,138.52,0,0.0,0.0
2024-12-12 07:44:00-05:00,138.52,138.53,138.52,138.52,0,0.0,0.0
2024-12-12 07:45:00-05:00,138.52,138.53,138.46,138.53,0,0.0,0.0
2024-12-12 07:46:00-05:00,138.54,138.55,138.521,138.521,0,0.0,0.0
2024-12-12 07:47:00-05:00,138.54,138.56,138.54,138.56,0,0.0,0.0
2024-12-12 07:48:00-05:00,138.56,138.56,138.55,138.56,0,0.0,0.0
2024-12-12 07:49:00-05:00,138.55,138.56,138.54,138.56,0,0.0,0.0
2024-12-12 07:50:00-05:00,138.56,138.56,138.54,138.56,0,0.0,0.0
2024-12-12 07:51:00-05:00,138.56,138.66,138.56,138.66,0,0.0,0.0
2024-12-12 07:52:00-05:00,138.66,138.67,138.61,138.61,0,0.0,0.0
2024-12-12 07:53:00-05:00,138.6,138.67,138.6,138.67,0,0.0,0.0
2024-12-12 07:54:00-05:00,138.66,138.66,138.54,138.55,0,0.0,0.0
2024-12-12 07:55:00-05:00,138.56,138.56,138.56,138.56,0,0.0,0.0
2024-12-12 07:56:00-05:00,138.55,138.56,138.54,138.56,0,0.0,0.0
2024-12-12 07:57:00-05:00,138.61,138.619,138.58,138.59,0,0.0,0.0
2024-12-12 07:58:00-05:00,138.55,138.56,138.55,138.55,0,0.0,0.0
2024-12-12 07:59:00-05:00,138.551,138.58,138.551,138.57,0,0.0,0.0
2024-12-12 08:00:00-05:00,138.93,139.43,138.3797,138.58,0,0.0,0.0
2024-12-12 08:01:00-05:00,138.65,139.27,138.475,138.6,0,0.0,0.0
2024-12-12 08:02:00-05:00,138.6,138.66,138.55,138.56,0,0.0,0.0
2024-12-12 08:03:00-05:00,138.55,138.58,138.52,138.56,0,0.0,0.0
2024-12-12 08:04:00-05:00,138.56,138.64,138.54,138.6,0,0.0,0.0
2024-12-12 08:05:00-05:00,138.58,139.31,138.58,138.71,0,0.0,0.0
2024-12-12 08:06:00-05:00,138.7001,138.74,138.66,138.6672,0,0.0,0.0
2024-12-12 08:07:00-05:00,138.72,138.77,138.66,138.7601,0,0.0,0.0
2024-12-12 08:08:00-05:00,138.76,138.8,138.76,138.7776,0,0.0,0.0
2024-12-12 08:09:00-05:00,138.78,138.78,138.685,138.725,0,0.0,0.0
2024-12-12 08:10:00-05:00,138.71,138.74,138.6,138.7,0,0.0,0.0
2024-12-12 08:11:00-05:00,138.7,138.73,138.65,138.68,0,0.0,0.0
2024-12-12 08:12:00-05:00,138.6797,138.73,138.61,138.69,0,0.0,0.0
2024-12-12 08:13:00-05:00,138.73,138.74,138.69,138.71,0,0.0,0.0
2024-12-12 08:14:00-05:00,138.71,138.74,138.65,138.69,0,0.0,0.0
2024-12-12 08:15:00-05:00,138.67,138.74,138.65,138.725,0,0.0,0.0
2024-12-12 08:16:00-05:00,138.7301,138.74,138.68,138.71,0,0.0,0.0
2024-12-12 08:17:00-05:00,138.73,138.73,138.68,138.72,0,0.0,0.0
2024-12-12 08:18:00-05:00,138.71,138.72,138.67,138.695,0,0.0,0.0
2024-12-12 08:19:00-05:00,138.695,138.72,138.67,138.68,0,0.0,0.0
2024-12-12 08:20:00-05:00,138.69,138.74,138.68,138.74,0,0.0,0.0
2024-12-12 08:21:00-05:00,138.74,138.75,138.65,138.65,0,0.0,0.0
2024-12-12 08:22:00-05:00,138.68,138.74,138.67,138.71,0,0.0,0.0
2024-12-12 08:23:00-05:00,138.7195,138.74,138.7,138.74,0,0.0,0.0
2024-12-12 08:24:00-05:00,138.74,138.7499,138.7,138.74,0,0.0,0.0
2024-12-12 08:25:00-05:00,138.72,138.74,138.66,138.69,0,0.0,0.0
2024-12-12 08:26:00-05:00,138.66,138.75,138.64,138.75,0,0.0,0.0
2024-12-12 08:27:00-05:00,138.75,138.85,138.72,138.8203,0,0.0,0.0
2024-12-12 08:28:00-05:00,138.84,138.84,138.76,138.8,0,0.0,0.0
2024-12-12 08:29:00-05:00,138.81,138.85,138.76,138.8094,0,0.0,0.0
2024-12-12 08:30:00-05:00,138.81,139.09,138.64,138.71,0,0.0,0.0
2024-12-12 08:31:00-05:00,138.7,138.71,138.3,138.3,0,0.0,0.0
2024-12-12 08:32:00-05:00,138.38,138.53,138.36,138.45,0,0.0,0.0
2024-12-12 08:33:00-05:00,138.45,138.45,138.14,138.19,0,0.0,0.0
2024-12-12 08:34:00-05:00,138.29,138.29,138.04,138.0785,0,0.0,0.0
2024-12-12 08:35:00-05:00,138.08,138.08,137.78,137.79,0,0.0,0.0
2024-12-12 08:36:00-05:00,137.8,137.879,137.6601,137.7499,0,0.0,0.0
2024-12-12 08:37:00-05:00,137.71,137.73,137.6,137.65,0,0.0,0.0
2024-12-12 08:38:00-05:00,137.82,137.85,137.79,137.85,0,0.0,0.0
2024-12-12 08:39:00-05:00,137.85,137.91,137.7,137.83,0,0.0,0.0
2024-12-12 08:40:00-05:00,137.85,137.85,137.55,137.65,0,0.0,0.0
2024-12-12 08:41:00-05:00,137.675,137.75,137.55,137.5503,0,0.0,0.0
2024-12-12 08:42:00-05:00,137.5599,137.6,137.44,137.5352,0,0.0,0.0
2024-12-12 08:43:00-05:00,137.54,137.94,137.5236,137.92,0,0.0,0.0
2024-12-12 08:44:00-05:00,137.95,138.1,137.89,137.93,0,0.0,0.0
2024-12-12 08:45:00-05:00,137.99,137.99,137.84,137.86,0,0.0,0.0
2024-12-12 08:46:00-05:00,137.8418,137.9899,137.84,137.92,0,0.0,0.0
2024-12-12 08:47:00-05:00,137.9,138.03,137.9,137.985,0,0.0,0.0
2024-12-12 08:48:00-05:00,137.9724,137.99,137.86,137.86,0,0.0,0.0
2024-12-12 08:49:00-05:00,137.865,137.9,137.84,137.87,0,0.0,0.0
2024-12-12 08:50:00-05:00,137.8576,137.8576,137.75,137.76,0,0.0,0.0
2024-12-12 08:51:00-05:00,137.76,137.8,137.75,137.755,0,0.0,0.0
2024-12-12 08:52:00-05:00,137.76,137.84,137.75,137.75,0,0.0,0.0
2024-12-12 08:53:00-05:00,137.75,137.9,137.75,137.85,0,0.0,0.0
2024-12-12 08:54:00-05:00,137.89,137.91,137.81,137.87,0,0.0,0.0
2024-12-12 08:55:00-05:00,137.88,137.88,137.75,137.815,0,0.0,0.0
2024-12-12 08:56:00-05:00,137.8,137.8198,137.74,137.76,0,0.0,0.0
2024-12-12 08:57:00-05:00,137.75,137.77,137.53,137.56,0,0.0,0.0
2024-12-12 08:58:00-05:00,137.5899,137.78,137.58,137.7,0,0.0,0.0
2024-12-12 08:59:00-05:00,137.69,137.74,137.65,137.74,0,0.0,0.0
2024-12-12 09:00:00-05:00,137.74,137.88,137.71,137.78,0,0.0,0.0
2024-12-12 09:01:00-05:00,137.77,137.8,137.69,137.75,0,0.0,0.0
2024-12-12 09:02:00-05:00,137.7464,137.92,137.735,137.92,0,0.0,0.0
2024-12-12 09:03:00-05:00,137.91,137.98,137.88,137.919,0,0.0,0.0
2024-12-12 09:04:00-05:00,137.87,137.97,136.635,137.8607,0,0.0,0.0
2024-12-12 09:05:00-05:00,137.86,139.055,137.78,137.86,0,0.0,0.0
2024-12-12 09:06:00-05:00,137.87,137.89,137.8,137.835,0,0.0,0.0
2024-12-12 09:07:00-05:00,137.8581,137.96,137.82,137.91,0,0.0,0.0
2024-12-12 09:08:00-05:00,137.91,137.99,137.9,137.965,0,0.0,0.0
2024-12-12 09:09:00-05:00,137.965,137.99,137.83,137.85,0,0.0,0.0
2024-12-12 09:10:00-05:00,137.834,137.9,137.8027,137.89,0,0.0,0.0
2024-12-12 09:11:00-05:00,137.88,137.91,137.86,137.88,0,0.0,0.0
2024-12-12 09:12:00-05:00,137.875,137.91,137.8101,137.83,0,0.0,0.0
2024-12-12 09:13:00-05:00,137.8376,137.9,137.83,137.89,0,0.0,0.0
2024-12-12 09:14:00-05:00,137.885,137.93,137.86,137.9,0,0.0,0.0
2024-12-12 09:15:00-05:00,137.9,137.94,137.81,137.93,0,0.0,0.0
2024-12-12 09:16:00-05:00,137.93,138.05,137.9,138.0299,0,0.0,0.0
2024-12-12 09:17:00-05:00,138.03,138.03,137.91,137.925,0,0.0,0.0
2024-12-12 09:18:00-05:00,137.95,138.02,137.91,137.92,0,0.0,0.0
2024-12-12 09:19:00-05:00,137.9299,137.94,137.81,137.9,0,0.0,0.0
2024-12-12 09:20:00-05:00,137.88,137.97,137.85,137.97,0,0.0,0.0
2024-12-12 09:21:00-05:00,137.945,137.97,137.9,137.96,0,0.0,0.0
2024-12-12 09:22:00-05:00,137.9301,138.0,137.93,137.9781,0,0.0,0.0
2024-12-12 09:23:00-05:00,137.955,138.0,137.93,138.0,0,0.0,0.0
2024-12-12 09:24:00-05:00,137.9802,138.0,137.92,137.985,0,0.0,0.0
2024-12-12 09:25:00-05:00,137.99,138.07,137.13,137.37,0,0.0,0.0
2024-12-12 09:26:00-05:00,137.42,137.44,137.13,137.38,0,0.0,0.0
2024-12-12 09:27:00-05:00,137.37,137.4,137.0,137.21,0,0.0,0.0
2024-12-12 09:28:00-05:00,137.15,137.25,137.05,137.14,0,0.0,0.0
2024-12-12 09:29:00-05:00,137.14,137.1805,137.02,137.0595,0,0.0,0.0
2024-12-12 09:30:00-05:00,137.10000610351562,137.35000610351562,136.69000244140625,136.93479919433594,12448683,0.0,0.0
2024-12-12 09:31:00-05:00,136.9199981689453,136.97999572753906,136.42999267578125,136.6199951171875,1289840,0.0,0.0
2024-12-12 09:32:00-05:00,136.6199951171875,136.83999633789062,136.38999938964844,136.4167022705078,971587,0.0,0.0
2024-12-12 09:33:00-05:00,136.4398956298828,136.52810668945312,136.13499450683594,136.41990661621094,1105011,0.0,0.0
2024-12-12 09:34:00-05:00,136.41000366210938,136.64199829101562,136.3000030517578,136.58009338378906,978627,0.0,0.0
2024-12-12 09:35:00-05:00,136.58999633789062,136.72000122070312,136.10000610351562,136.11000061035156,1106801,0.0,0.0
2024-12-12 09:36:00-05:00,136.1199951171875,136.55999755859375,135.8800048828125,136.5050048828125,1805374,0.0,0.0
2024-12-12 09:37:00-05:00,136.50999450683594,136.52000427246094,136.19000244140625,136.42999267578125,692130,0.0,0.0
2024-12-12 09:38:00-05:00,136.44000244140625,137.02000427246094,136.44000244140625,137.00010681152344,1129769,0.0,0.0
2024-12-12 09:39:00-05:00,137.0,137.13999938964844,136.80999755859375,137.0937957763672,855974,0.0,0.0
2024-12-12 09:40:00-05:00,137.08999633789062,137.25,136.877197265625,137.16470336914062,1016347,0.0,0.0
2024-12-12 09:41:00-05:00,137.1699981689453,137.19000244140625,136.7301025390625,136.7899932861328,809704,0.0,0.0
2024-12-12 09:42:00-05:00,136.7899932861328,136.89999389648438,136.39999389648438,136.40989685058594,924665,0.0,0.0
2024-12-12 09:43:00-05:00,136.4149932861328,136.83999633789062,136.39999389648438,136.81019592285156,584547,0.0,0.0
2024-12-12 09:44:00-05:00,136.80999755859375,137.09500122070312,136.8000030517578,137.00999450683594,580252,0.0,0.0
2024-12-12 09:45:00-05:00,137.00999450683594,137.07000732421875,136.7100067138672,136.7779998779297,565203,0.0,0.0
2024-12-12 09:46:00-05:00,136.77000427246094,137.0800018310547,136.72000122070312,136.93099975585938,556689,0.0,0.0
2024-12-12 09:47:00-05:00,136.9199981689453,137.1199951171875,136.8699951171875,136.91000366210938,598399,0.0,0.0
2024-12-12 09:48:00-05:00,136.91000366210938,137.1699981689453,136.82000732421875,137.12060546875,511758,0.0,0.0
2024-12-12 09:49:00-05:00,137.1300048828125,137.17999267578125,136.82000732421875,136.85499572753906,437999,0.0,0.0
2024-12-12 09:50:00-05:00,136.85000610351562,137.13999938964844,136.8300018310547,136.92010498046875,440558,0.0,0.0
2024-12-12 09:51:00-05:00,136.9250030517578,137.47999572753906,136.89999389648438,137.4600067138672,805243,0.0,0.0
2024-12-12 09:52:00-05:00,137.4600067138672,137.5500030517578,137.25999450683594,137.4799041748047,737772,0.0,0.0
2024-12-12 09:53:00-05:00,137.4770050048828,137.4969940185547,137.02999877929688,137.1199951171875,649527,0.0,0.0
2024-12-12 09:54:00-05:00,137.1199951171875,137.14999389648438,136.8800048828125,136.89500427246094,448995,0.0,0.0
2024-12-12 09:55:00-05:00,136.9499969482422,137.0,136.9499969482422,136.9759063720703,780096,0.0,0.0
2024-12-12 09:56:00-05:00,136.97000122070312,137.13499450683594,136.9199981689453,137.01499938964844,564070,0.0,0.0
2024-12-12 09:57:00-05:00,137.0189971923828,137.1708984375,136.9199981689453,136.9613037109375,450114,0.0,0.0
2024-12-12 09:58:00-05:00,136.9600067138672,137.0028076171875,136.7899932861328,136.79559326171875,456770,0.0,0.0
2024-12-12 09:59:00-05:00,136.7949981689453,136.9600067138672,136.72000122070312,136.89999389648438,474802,0.0,0.0
2024-12-12 10:00:00-05:00,136.89999389648438,137.14999389648438,136.80499267578125,136.9801025390625,568488,0.0,0.0
2024-12-12 10:01:00-05:00,136.99000549316406,137.0,136.72999572753906,136.77499389648438,420908,0.0,0.0
2024-12-12 10:02:00-05:00,136.77999877929688,136.8000030517578,136.5509033203125,136.6300048828125,659488,0.0,0.0
2024-12-12 10:03:00-05:00,136.6199951171875,136.83999633789062,136.5,136.8300018310547,750294,0.0,0.0
2024-12-12 10:04:00-05:00,136.8345947265625,137.08999633789062,136.7899932861328,137.0850067138672,531766,0.0,0.0
2024-12-12 10:05:00-05:00,137.0850067138672,137.1999969482422,136.94000244140625,136.97500610351562,578537,0.0,0.0
2024-12-12 10:06:00-05:00,136.98500061035156,137.14999389648438,136.7722930908203,136.7899932861328,521738,0.0,0.0
2024-12-12 10:07:00-05:00,136.77090454101562,136.79580688476562,136.60000610351562,136.66490173339844,558785,0.0,0.0
2024-12-12 10:08:00-05:00,136.66000366210938,136.75990295410156,136.35000610351562,136.36990356445312,838560,0.0,0.0
2024-12-12 10:09:00-05:00,136.36500549316406,136.47999572753906,136.14390563964844,136.14500427246094,812647,0.0,0.0
2024-12-12 10:10:00-05:00,136.13999938964844,136.4949951171875,136.13999938964844,136.25,699564,0.0,0.0
2024-12-12 10:11:00-05:00,136.27000427246094,136.41000366210938,135.97999572753906,136.02999877929688,1258398,0.0,0.0
2024-12-12 10:12:00-05:00,136.0299072265625,136.0800018310547,135.8000030517578,135.89999389648438,963933,0.0,0.0
2024-12-12 10:13:00-05:00,135.91000366210938,136.1999969482422,135.8699951171875,136.18389892578125,669330,0.0,0.0
2024-12-12 10:14:00-05:00,136.19500732421875,136.4499969482422,136.0800018310547,136.44009399414062,676018,0.0,0.0
2024-12-12 10:15:00-05:00,136.44769287109375,136.52999877929688,136.1999969482422,136.2100067138672,508526,0.0,0.0
2024-12-12 10:16:00-05:00,136.1999969482422,136.3800048828125,136.125,136.23890686035156,349804,0.0,0.0
2024-12-12 10:17:00-05:00,136.25,136.64999389648438,136.17999267578125,136.52499389648438,588920,0.0,0.0
2024-12-12 10:18:00-05:00,136.52999877929688,136.77000427246094,136.49000549316406,136.65049743652344,625006,0.0,0.0
2024-12-12 10:19:00-05:00,136.66000366210938,136.8350067138672,136.63009643554688,136.6699981689453,547834,0.0,0.0
2024-12-12 10:20:00-05:00,136.6699981689453,136.8800048828125,136.60000610351562,136.67999267578125,489251,0.0,0.0
2024-12-12 10:21:00-05:00,136.6616973876953,136.85000610351562,136.57009887695312,136.7899932861328,323347,0.0,0.0
2024-12-12 10:22:00-05:00,136.7949981689453,136.91000366210938,136.6300048828125,136.6300048828125,563094,0.0,0.0
2024-12-12 10:23:00-05:00,136.6199951171875,136.889892578125,136.6199951171875,136.86790466308594,320685,0.0,0.0
2024-12-12 10:24:00-05:00,136.86000061035156,136.9499969482422,136.67999267578125,136.67999267578125,526762,0.0,0.0
2024-12-12 10:25:00-05:00,136.6999969482422,137.00999450683594,136.65499877929688,136.9199981689453,509825,0.0,0.0
2024-12-12 10:26:00-05:00,136.9199981689453,136.94000244140625,136.72000122070312,136.75,339793,0.0,0.0
2024-12-12 10:27:00-05:00,136.7899932861328,136.82989501953125,136.57000732421875,136.72000122070312,445853,0.0,0.0
2024-12-12 10:28:00-05:00,136.7261962890625,136.8000030517578,136.50999450683594,136.57650756835938,388250,0.0,0.0
2024-12-12 10:29:00-05:00,136.57000732421875,136.68800354003906,136.5211944580078,136.6739959716797,291401,0.0,0.0
2024-12-12 10:30:00-05:00,136.66000366210938,136.69000244140625,136.4600067138672,136.6262969970703,360033,0.0,0.0
2024-12-12 10:31:00-05:00,136.6300048828125,136.77999877929688,136.5399932861328,136.61000061035156,307849,0.0,0.0
2024-12-12 10:32:00-05:00,136.61000061035156,136.6999969482422,136.5,136.52999877929688,285072,0.0,0.0
2024-12-12 10:33:00-05:00,136.52020263671875,136.6699981689453,136.5,136.55990600585938,988657,0.0,0.0
2024-12-12 10:34:00-05:00,136.55999755859375,136.56500244140625,136.3800048828125,136.4447021484375,381535,0.0,0.0
2024-12-12 10:35:00-05:00,136.44500732421875,136.61990356445312,136.39999389648438,136.58990478515625,231963,0.0,0.0
2024-12-12 10:36:00-05:00,136.58990478515625,136.86700439453125,136.5800018310547,136.83670043945312,517867,0.0,0.0
2024-12-12 10:37:00-05:00,136.8582000732422,137.14999389648438,136.8300018310547,137.10580444335938,627300,0.0,0.0
2024-12-12 10:38:00-05:00,137.11000061035156,137.2899932861328,137.08999633789062,137.22999572753906,666800,0.0,0.0
2024-12-12 10:39:00-05:00,137.22999572753906,137.30999755859375,137.1300048828125,137.22000122070312,420257,0.0,0.0
2024-12-12 10:40:00-05:00,137.1938018798828,137.1999969482422,137.10000610351562,137.14999389648438,267040,0.0,0.0
2024-12-12 10:41:00-05:00,137.13999938964844,137.14999389648438,136.97000122070312,137.02999877929688,409547,0.0,0.0
2024-12-12 10:42:00-05:00,137.0399932861328,137.1300048828125,136.92689514160156,137.10000610351562,374334,0.0,0.0
2024-12-12 10:43:00-05:00,137.10560607910156,137.1199951171875,136.96099853515625,136.97000122070312,233748,0.0,0.0
2024-12-12 10:44:00-05:00,136.97000122070312,137.0800018310547,136.9199981689453,136.98500061035156,224134,0.0,0.0
2024-12-12 10:45:00-05:00,136.99000549316406,137.08999633789062,136.88999938964844,137.07949829101562,274961,0.0,0.0
2024-12-12 10:46:00-05:00,137.0789031982422,137.16900634765625,137.00999450683594,137.1300048828125,381887,0.0,0.0
2024-12-12 10:47:00-05:00,137.125,137.39999389648438,137.08999633789062,137.2949981689453,591110,0.0,0.0
2024-12-12 10:48:00-05:00,137.2899932861328,137.44000244140625,137.25,137.3000030517578,451232,0.0,0.0
2024-12-12 10:49:00-05:00,137.30209350585938,137.45559692382812,137.30209350585938,137.4304962158203,349386,0.0,0.0
2024-12-12 10:50:00-05:00,137.4387969970703,137.5,137.2899932861328,137.29989624023438,577396,0.0,0.0
2024-12-12 10:51:00-05:00,137.3000030517578,137.37899780273438,137.2512969970703,137.35499572753906,254554,0.0,0.0
2024-12-12 10:52:00-05:00,137.35000610351562,137.4499053955078,137.25,137.30569458007812,282439,0.0,0.0
2024-12-12 10:53:00-05:00,137.30999755859375,137.38499450683594,137.2230987548828,137.23150634765625,263328,0.0,0.0
2024-12-12 10:54:00-05:00,137.22999572753906,137.3350067138672,137.2100067138672,137.30990600585938,279268,0.0,0.0
2024-12-12 10:55:00-05:00,137.30999755859375,137.4600067138672,137.30999755859375,137.41000366210938,306957,0.0,0.0
2024-12-12 10:56:00-05:00,137.40989685058594,137.52999877929688,137.36500549316406,137.40499877929688,400793,0.0,0.0
2024-12-12 10:57:00-05:00,137.4062042236328,137.44000244140625,137.05999755859375,137.07000732421875,340649,0.0,0.0
2024-12-12 10:58:00-05:00,137.0749969482422,137.17990112304688,137.0500030517578,137.0500030517578,294694,0.0,0.0
2024-12-12 10:59:00-05:00,137.0500030517578,137.10000610351562,136.99600219726562,137.07000732421875,381691,0.0,0.0
2024-12-12 11:00:00-05:00,137.07000732421875,137.1999969482422,137.0500030517578,137.1800994873047,248789,0.0,0.0
2024-12-12 11:01:00-05:00,137.19500732421875,137.1999969482422,137.02999877929688,137.13999938964844,248203,0.0,0.0
2024-12-12 11:02:00-05:00,137.13999938964844,137.27000427246094,137.05999755859375,137.24000549316406,235687,0.0,0.0
2024-12-12 11:03:00-05:00,137.24989318847656,137.3300018310547,137.2100067138672,137.2700958251953,227724,0.0,0.0
2024-12-12 11:04:00-05:00,137.2899932861328,137.3699951171875,137.2548065185547,137.3011016845703,183775,0.0,0.0
2024-12-12 11:05:00-05:00,137.30499267578125,137.38999938964844,137.25999450683594,137.3300018310547,193706,0.0,0.0
2024-12-12 11:06:00-05:00,137.3383026123047,137.36000061035156,137.2100067138672,137.25030517578125,245119,0.0,0.0
2024-12-12 11:07:00-05:00,137.2532958984375,137.2550048828125,137.0449981689453,137.09500122070312,350027,0.0,0.0
2024-12-12 11:08:00-05:00,137.09500122070312,137.11500549316406,136.92999267578125,137.02499389648438,355506,0.0,0.0
2024-12-12 11:09:00-05:00,137.0281982421875,137.08999633789062,136.89999389648438,136.9228057861328,243368,0.0,0.0
2024-12-12 11:10:00-05:00,136.9199981689453,137.02999877929688,136.89999389648438,136.94479370117188,255941,0.0,0.0
2024-12-12 11:11:00-05:00,136.9499053955078,137.02980041503906,136.91000366210938,137.0050048828125,169805,0.0,0.0
2024-12-12 11:12:00-05:00,137.00970458984375,137.089599609375,136.86000061035156,136.88369750976562,238462,0.0,0.0
2024-12-12 11:14:00-05:00,136.8300018310547,136.83949279785156,136.77999877929688,136.8096923828125,733139,0.0,0.0
2024-12-12 11:15:00-05:00,136.8155975341797,136.92930603027344,136.78599548339844,136.8800048828125,266524,0.0,0.0
2024-12-12 11:16:00-05:00,136.88999938964844,137.0,136.86000061035156,136.97000122070312,232880,0.0,0.0
2024-12-12 11:17:00-05:00,136.9654998779297,137.0500030517578,136.9199981689453,137.0,159863,0.0,0.0
2024-12-12 11:18:00-05:00,137.0,137.02999877929688,136.94000244140625,137.0095977783203,177425,0.0,0.0
2024-12-12 11:19:00-05:00,137.00999450683594,137.0800018310547,137.0009002685547,137.05990600585938,163508,0.0,0.0
2024-12-12 11:20:00-05:00,137.0500030517578,137.07000732421875,136.8800048828125,136.89239501953125,205997,0.0,0.0
2024-12-12 11:21:00-05:00,136.89990234375,136.91000366210938,136.75999450683594,136.85009765625,328906,0.0,0.0
2024-12-12 11:22:00-05:00,136.85000610351562,136.8699951171875,136.7100067138672,136.72000122070312,242212,0.0,0.0
2024-12-12 11:23:00-05:00,136.71200561523438,136.78500366210938,136.64999389648438,136.65179443359375,260293,0.0,0.0
2024-12-12 11:24:00-05:00,136.64999389648438,136.75,136.625,136.67999267578125,203417,0.0,0.0
2024-12-12 11:25:00-05:00,136.67999267578125,136.70989990234375,136.62010192871094,136.681396484375,199843,0.0,0.0
2024-12-12 11:26:00-05:00,136.7050018310547,136.73989868164062,136.60000610351562,136.60499572753906,174146,0.0,0.0
2024-12-12 11:27:00-05:00,136.60000610351562,136.72000122070312,136.52139282226562,136.67599487304688,236998,0.0,0.0
2024-12-12 11:28:00-05:00,136.68910217285156,136.75999450683594,136.64999389648438,136.6627960205078,190325,0.0,0.0
2024-12-12 11:29:00-05:00,136.6649932861328,136.75999450683594,136.64999389648438,136.72000122070312,186065,0.0,0.0
2024-12-12 11:30:00-05:00,136.72999572753906,136.80819702148438,136.6699981689453,136.71279907226562,168532,0.0,0.0
2024-12-12 11:31:00-05:00,136.7100067138672,136.75,136.67999267578125,136.7100067138672,107655,0.0,0.0
2024-12-12 11:32:00-05:00,136.72999572753906,136.88999938964844,136.72000122070312,136.85000610351562,170375,0.0,0.0
2024-12-12 11:33:00-05:00,136.85000610351562,136.86000061035156,136.74000549316406,136.82000732421875,138950,0.0,0.0
2024-12-12 11:34:00-05:00,136.82040405273438,136.85000610351562,136.75999450683594,136.77520751953125,144283,0.0,0.0
2024-12-12 11:35:00-05:00,136.77499389648438,136.8000030517578,136.64500427246094,136.64999389648438,187445,0.0,0.0
2024-12-12 11:36:00-05:00,136.64999389648438,136.65280151367188,136.55499267578125,136.55990600585938,235616,0.0,0.0
2024-12-12 11:37:00-05:00,136.5500030517578,136.69000244140625,136.5399932861328,136.6199951171875,205046,0.0,0.0
2024-12-12 11:38:00-05:00,136.62989807128906,136.7100067138672,136.5399932861328,136.5749969482422,205433,0.0,0.0
2024-12-12 11:39:00-05:00,136.5709991455078,136.60000610351562,136.4499969482422,136.4813995361328,346504,0.0,0.0
2024-12-12 11:40:00-05:00,136.48500061035156,136.50999450683594,136.42999267578125,136.4600067138672,224786,0.0,0.0
2024-12-12 11:41:00-05:00,136.4698944091797,136.5500030517578,136.44000244140625,136.4600067138672,176980,0.0,0.0
2024-12-12 11:42:00-05:00,136.4499969482422,136.4882049560547,136.38999938964844,136.4550018310547,271420,0.0,0.0
2024-12-12 11:43:00-05:00,136.4550018310547,136.47000122070312,136.38999938964844,136.4499969482422,174702,0.0,0.0
2024-12-12 11:44:00-05:00,136.45010375976562,136.57839965820312,136.44309997558594,136.5500030517578,247565,0.0,0.0
2024-12-12 11:45:00-05:00,136.5399932861328,136.55160522460938,136.3699951171875,136.38999938964844,215904,0.0,0.0
2024-12-12 11:46:00-05:00,136.38479614257812,136.38999938964844,136.22999572753906,136.23379516601562,382949,0.0,0.0
2024-12-12 11:47:00-05:00,136.23500061035156,136.3000030517578,136.1699981689453,136.21499633789062,259736,0.0,0.0
2024-12-12 11:48:00-05:00,136.2147979736328,136.25999450683594,136.09010314941406,136.231201171875,419734,0.0,0.0
2024-12-12 11:49:00-05:00,136.23500061035156,136.4199981689453,136.23500061035156,136.39500427246094,328815,0.0,0.0
2024-12-12 11:50:00-05:00,136.38999938964844,136.4199981689453,136.25,136.25,305651,0.0,0.0
2024-12-12 11:51:00-05:00,136.25889587402344,136.32000732421875,136.22999572753906,136.27499389648438,180138,0.0,0.0
2024-12-12 11:52:00-05:00,136.27000427246094,136.27999877929688,136.13999938964844,136.2465057373047,340114,0.0,0.0
2024-12-12 11:53:00-05:00,136.24000549316406,136.26980590820312,136.1300048828125,136.1970977783203,184654,0.0,0.0
2024-12-12 11:54:00-05:00,136.2299041748047,136.27999877929688,136.2270050048828,136.25010681152344,154334,0.0,0.0
2024-12-12 11:55:00-05:00,136.2550048828125,136.3699951171875,136.25,136.25999450683594,196560,0.0,0.0
2024-12-12 11:56:00-05:00,136.25,136.31939697265625,136.1999969482422,136.27000427246094,168943,0.0,0.0
2024-12-12 11:57:00-05:00,136.25,136.35000610351562,136.22000122070312,136.3040008544922,151935,0.0,0.0
2024-12-12 11:58:00-05:00,136.30909729003906,136.35000610351562,136.25,136.25469970703125,160170,0.0,0.0
2024-12-12 11:59:00-05:00,136.25990295410156,136.33099365234375,136.22000122070312,136.2449951171875,116824,0.0,0.0
2024-12-12 12:00:00-05:00,136.24000549316406,136.38999938964844,136.15499877929688,136.38999938964844,367827,0.0,0.0
2024-12-12 12:01:00-05:00,136.38499450683594,136.4199981689453,136.30999755859375,136.3800048828125,241428,0.0,0.0
2024-12-12 12:02:00-05:00,136.3800048828125,136.6699981689453,136.3800048828125,136.63499450683594,467440,0.0,0.0
2024-12-12 12:03:00-05:00,136.6334991455078,136.75999450683594,136.6300048828125,136.7100067138672,339435,0.0,0.0
2024-12-12 12:04:00-05:00,136.7050018310547,136.74000549316406,136.66000366210938,136.72059631347656,220502,0.0,0.0
2024-12-12 12:05:00-05:00,136.71009826660156,136.80999755859375,136.7100067138672,136.7283935546875,251032,0.0,0.0
2024-12-12 12:06:00-05:00,136.7238006591797,136.7899932861328,136.67999267578125,136.6999969482422,198597,0.0,0.0
2024-12-12 12:07:00-05:00,136.6999969482422,136.77499389648438,136.64999389648438,136.76499938964844,143643,0.0,0.0
2024-12-12 12:08:00-05:00,136.77000427246094,136.88999938964844,136.75999450683594,136.88119506835938,288846,0.0,0.0
2024-12-12 12:09:00-05:00,136.8843994140625,137.0399932861328,136.85499572753906,136.9600067138672,431816,0.0,0.0
2024-12-12 12:10:00-05:00,136.9600067138672,137.03500366210938,136.9499969482422,136.98500061035156,203273,0.0,0.0
2024-12-12 12:11:00-05:00,136.98500061035156,137.02000427246094,136.94000244140625,136.99000549316406,187732,0.0,0.0
2024-12-12 12:12:00-05:00,136.9949951171875,137.0800018310547,136.9600067138672,137.06700134277344,201808,0.0,0.0
2024-12-12 12:13:00-05:00,137.07989501953125,137.1300048828125,136.99000549316406,137.11000061035156,239368,0.0,0.0
2024-12-12 12:14:00-05:00,137.10000610351562,137.11000061035156,137.02000427246094,137.02499389648438,182988,0.0,0.0
2024-12-12 12:15:00-05:00,137.02999877929688,137.07440185546875,136.97000122070312,136.98159790039062,187240,0.0,0.0
2024-12-12 12:16:00-05:00,136.98500061035156,137.14500427246094,136.97999572753906,137.13009643554688,183383,0.0,0.0
2024-12-12 12:17:00-05:00,137.1300048828125,137.14630126953125,137.05499267578125,137.09559631347656,149682,0.0,0.0
2024-12-12 12:18:00-05:00,137.09500122070312,137.11000061035156,137.0,137.00999450683594,171699,0.0,0.0
2024-12-12 12:19:00-05:00,137.0050048828125,137.0399932861328,136.94000244140625,136.97900390625,239507,0.0,0.0
2024-12-12 12:20:00-05:00,136.97999572753906,137.11000061035156,136.95350646972656,137.11000061035156,214177,0.0,0.0
2024-12-12 12:21:00-05:00,137.1072998046875,137.1072998046875,137.0,137.00669860839844,135758,0.0,0.0
2024-12-12 12:22:00-05:00,137.00990295410156,137.05499267578125,136.97999572753906,137.0500030517578,132080,0.0,0.0
2024-12-12 12:23:00-05:00,137.02999877929688,137.10000610351562,137.02000427246094,137.0399932861328,126639,0.0,0.0
2024-12-12 12:24:00-05:00,137.04269409179688,137.14999389648438,137.00999450683594,137.11500549316406,268951,0.0,0.0
2024-12-12 12:25:00-05:00,137.11599731445312,137.14990234375,137.02000427246094,137.14309692382812,153328,0.0,0.0
2024-12-12 12:26:00-05:00,137.13479614257812,137.2899932861328,137.08999633789062,137.20880126953125,398394,0.0,0.0
2024-12-12 12:27:00-05:00,137.2050018310547,137.2899932861328,137.1699981689453,137.27000427246094,147279,0.0,0.0
2024-12-12 12:28:00-05:00,137.2666015625,137.30499267578125,137.22019958496094,137.2946014404297,182869,0.0,0.0
2024-12-12 12:29:00-05:00,137.2989044189453,137.38999938964844,137.2801055908203,137.37010192871094,328306,0.0,0.0
2024-12-12 12:30:00-05:00,137.3699951171875,137.3699951171875,137.27999877929688,137.35000610351562,178133,0.0,0.0
2024-12-12 12:31:00-05:00,137.34300231933594,137.3800048828125,137.16009521484375,137.1999969482422,280429,0.0,0.0
2024-12-12 12:32:00-05:00,137.1999969482422,137.25990295410156,137.07000732421875,137.07000732421875,313881,0.0,0.0
2024-12-12 12:33:00-05:00,137.0782928466797,137.1300048828125,137.05999755859375,137.09010314941406,217259,0.0,0.0
2024-12-12 12:34:00-05:00,137.10499572753906,137.13999938964844,137.0399932861328,137.1300048828125,146767,0.0,0.0
2024-12-12 12:35:00-05:00,137.125,137.16000366210938,136.99000549316406,137.01190185546875,313187,0.0,0.0
2024-12-12 12:36:00-05:00,137.01170349121094,137.11000061035156,136.9499969482422,137.07110595703125,298614,0.0,0.0
2024-12-12 12:37:00-05:00,137.08999633789062,137.13999938964844,137.0399932861328,137.10000610351562,154325,0.0,0.0
2024-12-12 12:38:00-05:00,137.11000061035156,137.22999572753906,137.0924072265625,137.17999267578125,256053,0.0,0.0
2024-12-12 12:39:00-05:00,137.16000366210938,137.25990295410156,137.14999389648438,137.2274932861328,150819,0.0,0.0
2024-12-12 12:40:00-05:00,137.20309448242188,137.24000549316406,137.1501007080078,137.23500061035156,111986,0.0,0.0
2024-12-12 12:41:00-05:00,137.23500061035156,137.27999877929688,137.1999969482422,137.22500610351562,164924,0.0,0.0
2024-12-12 12:42:00-05:00,137.22999572753906,137.25799560546875,137.14500427246094,137.17999267578125,121820,0.0,0.0
2024-12-12 12:43:00-05:00,137.1999969482422,137.2292022705078,137.16000366210938,137.2196044921875,73392,0.0,0.0
2024-12-12 12:44:00-05:00,137.22000122070312,137.3199005126953,137.2100067138672,137.30999755859375,163801,0.0,0.0
2024-12-12 12:45:00-05:00,137.30990600585938,137.4499969482422,137.30990600585938,137.4250030517578,338941,0.0,0.0
2024-12-12 12:46:00-05:00,137.4250030517578,137.52000427246094,137.36000061035156,137.47850036621094,376783,0.0,0.0
2024-12-12 12:47:00-05:00,137.47500610351562,137.6199951171875,137.46249389648438,137.61500549316406,375623,0.0,0.0
2024-12-12 12:48:00-05:00,137.61000061035156,137.67999267578125,137.55999755859375,137.6300048828125,305291,0.0,0.0
2024-12-12 12:49:00-05:00,137.63999938964844,137.7100067138672,137.61000061035156,137.69500732421875,242706,0.0,0.0
2024-12-12 12:50:00-05:00,137.6999969482422,137.83999633789062,137.69090270996094,137.81689453125,366600,0.0,0.0
2024-12-12 12:51:00-05:00,137.8101043701172,137.94000244140625,137.79010009765625,137.89500427246094,421000,0.0,0.0
2024-12-12 12:52:00-05:00,137.89219665527344,138.0,137.8699951171875,137.91990661621094,666923,0.0,0.0
2024-12-12 12:53:00-05:00,137.90060424804688,137.92990112304688,137.74000549316406,137.82000732421875,322525,0.0,0.0
2024-12-12 12:54:00-05:00,137.81500244140625,137.89500427246094,137.8000030517578,137.893798828125,162048,0.0,0.0
2024-12-12 12:55:00-05:00,137.88999938964844,137.9499969482422,137.8699951171875,137.88119506835938,214952,0.0,0.0
2024-12-12 12:56:00-05:00,137.88819885253906,137.89999389648438,137.72000122070312,137.7449951171875,267821,0.0,0.0
2024-12-12 12:57:00-05:00,137.74009704589844,137.80999755859375,137.71009826660156,137.74009704589844,164942,0.0,0.0
2024-12-12 12:58:00-05:00,137.75,137.8699951171875,137.74130249023438,137.86500549316406,147195,0.0,0.0
2024-12-12 12:59:00-05:00,137.85499572753906,137.9199981689453,137.83200073242188,137.90829467773438,174164,0.0,0.0
2024-12-12 13:00:00-05:00,137.89999389648438,138.0,137.85000610351562,137.99000549316406,268734,0.0,0.0
2024-12-12 13:01:00-05:00,137.99989318847656,138.08999633789062,137.94000244140625,138.06910705566406,335870,0.0,0.0
2024-12-12 13:02:00-05:00,138.0699005126953,138.08399963378906,137.9499969482422,137.97000122070312,235460,0.0,0.0
2024-12-12 13:03:00-05:00,137.9600067138672,137.99000549316406,137.860107421875,137.88499450683594,227619,0.0,0.0
2024-12-12 13:04:00-05:00,137.889892578125,137.89999389648438,137.77000427246094,137.78030395507812,212208,0.0,0.0
2024-12-12 13:05:00-05:00,137.78990173339844,137.87049865722656,137.74000549316406,137.85000610351562,249647,0.0,0.0
2024-12-12 13:06:00-05:00,137.85189819335938,138.1699981689453,137.85189819335938,138.10009765625,376169,0.0,0.0
2024-12-12 13:07:00-05:00,138.11000061035156,138.22000122070312,138.0500946044922,138.17019653320312,322972,0.0,0.0
2024-12-12 13:08:00-05:00,138.1719970703125,138.19000244140625,138.08999633789062,138.1208038330078,318802,0.0,0.0
2024-12-12 13:09:00-05:00,138.11000061035156,138.24000549316406,138.10000610351562,138.1999969482422,326387,0.0,0.0
2024-12-12 13:10:00-05:00,138.18089294433594,138.27000427246094,138.1699981689453,138.19000244140625,257564,0.0,0.0
2024-12-12 13:11:00-05:00,138.1826934814453,138.19830322265625,138.0500030517578,138.06500244140625,369156,0.0,0.0
2024-12-12 13:12:00-05:00,138.06069946289062,138.1999969482422,137.97000122070312,138.18600463867188,289900,0.0,0.0
2024-12-12 13:13:00-05:00,138.18499755859375,138.36000061035156,138.14999389648438,138.33920288085938,349794,0.0,0.0
2024-12-12 13:14:00-05:00,138.33299255371094,138.36000061035156,138.24000549316406,138.26499938964844,255535,0.0,0.0
2024-12-12 13:15:00-05:00,138.27000427246094,138.41000366210938,138.22999572753906,138.36990356445312,327085,0.0,0.0
2024-12-12 13:16:00-05:00,138.3690948486328,138.38499450683594,138.27999877929688,138.30990600585938,197033,0.0,0.0
2024-12-12 13:17:00-05:00,138.3199005126953,138.32989501953125,138.1999969482422,138.2530059814453,987845,0.0,0.0
2024-12-12 13:18:00-05:00,138.2592010498047,138.3699951171875,138.24000549316406,138.34109497070312,200670,0.0,0.0
2024-12-12 13:19:00-05:00,138.3415985107422,138.3800048828125,138.25999450683594,138.36349487304688,193017,0.0,0.0
2024-12-12 13:20:00-05:00,138.3699951171875,138.3699951171875,138.17999267578125,138.25999450683594,254374,0.0,0.0
2024-12-12 13:21:00-05:00,138.25999450683594,138.2678985595703,138.02999877929688,138.04969787597656,301656,0.0,0.0
2024-12-12 13:22:00-05:00,138.04989624023438,138.11000061035156,137.91000366210938,137.9207000732422,368035,0.0,0.0
2024-12-12 13:23:00-05:00,137.93519592285156,138.0800018310547,137.92999267578125,137.99000549316406,367932,0.0,0.0
2024-12-12 13:24:00-05:00,138.0,138.14999389648438,137.9824981689453,138.08999633789062,265546,0.0,0.0
2024-12-12 13:25:00-05:00,138.09010314941406,138.22860717773438,138.06370544433594,138.21380615234375,227334,0.0,0.0
2024-12-12 13:26:00-05:00,138.22000122070312,138.25,138.1300048828125,138.16090393066406,252980,0.0,0.0
2024-12-12 13:27:00-05:00,138.16099548339844,138.25999450683594,138.14199829101562,138.25990295410156,169406,0.0,0.0
2024-12-12 13:28:00-05:00,138.25900268554688,138.2899932861328,138.1999969482422,138.20599365234375,235261,0.0,0.0
2024-12-12 13:29:00-05:00,138.2028045654297,138.25,138.14999389648438,138.2050018310547,253449,0.0,0.0
2024-12-12 13:30:00-05:00,138.2050018310547,138.25,138.14999389648438,138.23049926757812,293349,0.0,0.0
2024-12-12 13:31:00-05:00,138.23049926757812,138.23049926757812,138.0,138.02999877929688,462208,0.0,0.0
2024-12-12 13:32:00-05:00,138.02000427246094,138.03799438476562,137.9199981689453,138.01100158691406,293019,0.0,0.0
2024-12-12 13:33:00-05:00,138.01499938964844,138.07949829101562,138.0,138.05999755859375,159383,0.0,0.0
2024-12-12 13:34:00-05:00,138.0500030517578,138.11000061035156,138.00999450683594,138.03610229492188,141348,0.0,0.0
2024-12-12 13:35:00-05:00,138.03500366210938,138.0800018310547,137.89999389648438,138.064697265625,282894,0.0,0.0
2024-12-12 13:36:00-05:00,138.06520080566406,138.16000366210938,138.02999877929688,138.10000610351562,207345,0.0,0.0
2024-12-12 13:37:00-05:00,138.10000610351562,138.1300048828125,137.9499969482422,137.98989868164062,225256,0.0,0.0
2024-12-12 13:38:00-05:00,137.99000549316406,138.02000427246094,137.93499755859375,137.9700927734375,161852,0.0,0.0
2024-12-12 13:39:00-05:00,137.97500610351562,138.0749969482422,137.97000122070312,138.06500244140625,144516,0.0,0.0
2024-12-12 13:40:00-05:00,138.05999755859375,138.13999938964844,138.0399932861328,138.04010009765625,262627,0.0,0.0
2024-12-12 13:41:00-05:00,138.0447998046875,138.0449981689453,137.82000732421875,137.85000610351562,389705,0.0,0.0
2024-12-12 13:42:00-05:00,137.8470001220703,137.91000366210938,137.77000427246094,137.82989501953125,297030,0.0,0.0
2024-12-12 13:43:00-05:00,137.82949829101562,137.8800048828125,137.77000427246094,137.78700256347656,168586,0.0,0.0
2024-12-12 13:44:00-05:00,137.77999877929688,137.80279541015625,137.64500427246094,137.64999389648438,328036,0.0,0.0
2024-12-12 13:45:00-05:00,137.64999389648438,137.72500610351562,137.61000061035156,137.69000244140625,275989,0.0,0.0
2024-12-12 13:46:00-05:00,137.69000244140625,137.77999877929688,137.69000244140625,137.77890014648438,172178,0.0,0.0
2024-12-12 13:47:00-05:00,137.77499389648438,137.82000732421875,137.6999969482422,137.7700958251953,200938,0.0,0.0
2024-12-12 13:48:00-05:00,137.77020263671875,137.83999633789062,137.69000244140625,137.72999572753906,209510,0.0,0.0
2024-12-12 13:49:00-05:00,137.75,137.78500366210938,137.68789672851562,137.74000549316406,151321,0.0,0.0
2024-12-12 13:50:00-05:00,137.74000549316406,137.8061981201172,137.72000122070312,137.7657012939453,148697,0.0,0.0
2024-12-12 13:51:00-05:00,137.75999450683594,137.77999877929688,137.7100067138672,137.74000549316406,151128,0.0,0.0
2024-12-12 13:52:00-05:00,137.73500061035156,137.74000549316406,137.4499969482422,137.51629638671875,420995,0.0,0.0
2024-12-12 13:53:00-05:00,137.50999450683594,137.57989501953125,137.41000366210938,137.43789672851562,285599,0.0,0.0
2024-12-12 13:54:00-05:00,137.44000244140625,137.4893035888672,137.3699951171875,137.4600067138672,217935,0.0,0.0
2024-12-12 13:55:00-05:00,137.4550018310547,137.48500061035156,137.32000732421875,137.4429931640625,273277,0.0,0.0
2024-12-12 13:56:00-05:00,137.4600067138672,137.47999572753906,137.3800048828125,137.4134063720703,132427,0.0,0.0
2024-12-12 13:57:00-05:00,137.40240478515625,137.5,137.39500427246094,137.47000122070312,230025,0.0,0.0
2024-12-12 13:58:00-05:00,137.47000122070312,137.47000122070312,137.37010192871094,137.4199981689453,168373,0.0,0.0
2024-12-12 13:59:00-05:00,137.41029357910156,137.49000549316406,137.4001007080078,137.49000549316406,143884,0.0,0.0
2024-12-12 14:00:00-05:00,137.49000549316406,137.5399932861328,137.3800048828125,137.47000122070312,239409,0.0,0.0
2024-12-12 14:01:00-05:00,137.47500610351562,137.6313018798828,137.4499969482422,137.60499572753906,296478,0.0,0.0
2024-12-12 14:02:00-05:00,137.60989379882812,137.72000122070312,137.60000610351562,137.7113037109375,256860,0.0,0.0
2024-12-12 14:03:00-05:00,137.71539306640625,137.7899932861328,137.67999267578125,137.6898956298828,210537,0.0,0.0
2024-12-12 14:04:00-05:00,137.69000244140625,137.7686004638672,137.67999267578125,137.72999572753906,131393,0.0,0.0
2024-12-12 14:05:00-05:00,137.73500061035156,137.89999389648438,137.6999969482422,137.89999389648438,276823,0.0,0.0
2024-12-12 14:06:00-05:00,137.89999389648438,137.91000366210938,137.8000030517578,137.8249969482422,252984,0.0,0.0
2024-12-12 14:07:00-05:00,137.82000732421875,137.85989379882812,137.77000427246094,137.82949829101562,192720,0.0,0.0
2024-12-12 14:08:00-05:00,137.82000732421875,137.94400024414062,137.82000732421875,137.88999938964844,188605,0.0,0.0
2024-12-12 14:09:00-05:00,137.89089965820312,137.94500732421875,137.8699951171875,137.9197998046875,133681,0.0,0.0
2024-12-12 14:10:00-05:00,137.9199981689453,138.0399932861328,137.9199981689453,137.97500610351562,252210,0.0,0.0
2024-12-12 14:11:00-05:00,137.98609924316406,138.10000610351562,137.97230529785156,138.01499938964844,232977,0.0,0.0
2024-12-12 14:12:00-05:00,138.0106964111328,138.01499938964844,137.9199981689453,138.00180053710938,180307,0.0,0.0
2024-12-12 14:13:00-05:00,138.00120544433594,138.0399932861328,137.92999267578125,137.98489379882812,245655,0.0,0.0
2024-12-12 14:14:00-05:00,137.98500061035156,137.99000549316406,137.86000061035156,137.9801025390625,231972,0.0,0.0
2024-12-12 14:15:00-05:00,137.9882049560547,138.02999877929688,137.9799041748047,138.02000427246094,35215,0.0,0.0
2024-12-12 14:16:00-05:00,137.84930419921875,137.85000610351562,137.77000427246094,137.77499389648438,426337,0.0,0.0
2024-12-12 14:17:00-05:00,137.77000427246094,137.94000244140625,137.75819396972656,137.8800048828125,246880,0.0,0.0
2024-12-12 14:18:00-05:00,137.88999938964844,137.99000549316406,137.8699951171875,137.91000366210938,149576,0.0,0.0
2024-12-12 14:19:00-05:00,137.89999389648438,137.97000122070312,137.87010192871094,137.92999267578125,168648,0.0,0.0
2024-12-12 14:20:00-05:00,137.93499755859375,137.95989990234375,137.8000030517578,137.8249969482422,143338,0.0,0.0
2024-12-12 14:21:00-05:00,137.8300018310547,137.8300018310547,137.61000061035156,137.72999572753906,338156,0.0,0.0
2024-12-12 14:22:00-05:00,137.73089599609375,137.7949981689453,137.6815948486328,137.7100067138672,164018,0.0,0.0
2024-12-12 14:23:00-05:00,137.7050018310547,137.7799072265625,137.66009521484375,137.6999969482422,142543,0.0,0.0
2024-12-12 14:24:00-05:00,137.69500732421875,137.88999938964844,137.67999267578125,137.7899932861328,271148,0.0,0.0
2024-12-12 14:25:00-05:00,137.80499267578125,137.92999267578125,137.75999450683594,137.9199981689453,214007,0.0,0.0
2024-12-12 14:26:00-05:00,137.939697265625,137.99000549316406,137.8800048828125,137.94000244140625,122581,0.0,0.0
2024-12-12 14:27:00-05:00,137.94000244140625,138.02999877929688,137.92010498046875,138.0198974609375,184503,0.0,0.0
2024-12-12 14:28:00-05:00,138.00999450683594,138.00999450683594,137.94000244140625,137.94500732421875,175474,0.0,0.0
2024-12-12 14:29:00-05:00,137.94500732421875,137.98500061035156,137.8800048828125,137.96090698242188,175405,0.0,0.0
2024-12-12 14:30:00-05:00,137.9600067138672,138.07000732421875,137.83819580078125,138.06480407714844,260867,0.0,0.0
2024-12-12 14:31:00-05:00,138.05999755859375,138.08999633789062,137.94000244140625,137.9694061279297,199775,0.0,0.0
2024-12-12 14:32:00-05:00,137.97000122070312,138.0500030517578,137.87010192871094,137.8800048828125,143118,0.0,0.0
2024-12-12 14:33:00-05:00,137.88670349121094,137.97959899902344,137.86199951171875,137.97959899902344,194446,0.0,0.0
2024-12-12 14:34:00-05:00,137.9781951904297,138.05999755859375,137.9600067138672,138.02499389648438,221677,0.0,0.0
2024-12-12 14:35:00-05:00,138.02499389648438,138.11729431152344,138.02000427246094,138.0500030517578,254747,0.0,0.0
2024-12-12 14:36:00-05:00,138.05999755859375,138.11000061035156,138.0399932861328,138.07000732421875,127578,0.0,0.0
2024-12-12 14:37:00-05:00,138.068603515625,138.07000732421875,138.0,138.02000427246094,151988,0.0,0.0
2024-12-12 14:38:00-05:00,138.01499938964844,138.07000732421875,138.0,138.02999877929688,110440,0.0,0.0
2024-12-12 14:39:00-05:00,138.02999877929688,138.10000610351562,138.01010131835938,138.091796875,117092,0.0,0.0
2024-12-12 14:40:00-05:00,138.09500122070312,138.1199951171875,138.0,138.02000427246094,118078,0.0,0.0
2024-12-12 14:41:00-05:00,138.02000427246094,138.03990173339844,137.97999572753906,137.9949951171875,214490,0.0,0.0
2024-12-12 14:42:00-05:00,137.9949951171875,138.07000732421875,137.97999572753906,138.0050048828125,151479,0.0,0.0
2024-12-12 14:43:00-05:00,138.00399780273438,138.00999450683594,137.8249969482422,137.83999633789062,411289,0.0,0.0
2024-12-12 14:44:00-05:00,137.8350067138672,138.00999450683594,137.80999755859375,137.97000122070312,234252,0.0,0.0
2024-12-12 14:45:00-05:00,137.97250366210938,138.07989501953125,137.96499633789062,138.0399932861328,155712,0.0,0.0
2024-12-12 14:46:00-05:00,138.0449981689453,138.0800018310547,138.0,138.06910705566406,1095411,0.0,0.0
2024-12-12 14:47:00-05:00,138.0699005126953,138.07989501953125,137.97999572753906,138.01499938964844,101139,0.0,0.0
2024-12-12 14:48:00-05:00,138.0198974609375,138.02000427246094,137.9499969482422,138.01229858398438,122860,0.0,0.0
2024-12-12 14:49:00-05:00,138.00999450683594,138.02000427246094,137.95370483398438,138.01499938964844,95623,0.0,0.0
2024-12-12 14:50:00-05:00,138.01499938964844,138.1199951171875,138.00999450683594,138.03990173339844,208028,0.0,0.0
2024-12-12 14:51:00-05:00,138.02999877929688,138.05299377441406,137.97999572753906,137.98069763183594,116640,0.0,0.0
2024-12-12 14:52:00-05:00,137.9886932373047,137.9949951171875,137.88999938964844,137.96029663085938,198531,0.0,0.0
2024-12-12 14:53:00-05:00,137.96449279785156,138.0,137.83009338378906,137.83079528808594,101250,0.0,0.0
2024-12-12 14:54:00-05:00,137.83909606933594,137.9600067138672,137.8300018310547,137.9149932861328,118651,0.0,0.0
2024-12-12 14:55:00-05:00,137.9149932861328,138.0500030517578,137.91000366210938,138.0500030517578,121973,0.0,0.0
2024-12-12 14:56:00-05:00,138.0399932861328,138.0850067138672,138.0050048828125,138.02000427246094,139296,0.0,0.0
2024-12-12 14:57:00-05:00,138.02000427246094,138.04910278320312,137.99000549316406,138.02999877929688,129311,0.0,0.0
2024-12-12 14:58:00-05:00,138.02499389648438,138.0399932861328,137.9600067138672,137.97500610351562,90649,0.0,0.0
2024-12-12 14:59:00-05:00,137.97500610351562,138.07000732421875,137.97000122070312,138.05979919433594,128397,0.0,0.0
2024-12-12 15:00:00-05:00,138.0500030517578,138.0500030517578,137.9499969482422,137.9499969482422,231984,0.0,0.0
2024-12-12 15:01:00-05:00,137.9600067138672,137.9600067138672,137.8699951171875,137.91000366210938,199753,0.0,0.0
2024-12-12 15:02:00-05:00,137.90139770507812,137.96539306640625,137.85000610351562,137.9499969482422,150684,0.0,0.0
2024-12-12 15:03:00-05:00,137.9499053955078,138.00999450683594,137.9199981689453,137.98500061035156,141412,0.0,0.0
2024-12-12 15:04:00-05:00,137.99000549316406,138.0299072265625,137.92999267578125,137.95989990234375,125640,0.0,0.0
2024-12-12 15:05:00-05:00,137.9499969482422,137.97000122070312,137.7801055908203,137.81919860839844,253320,0.0,0.0
2024-12-12 15:06:00-05:00,137.80999755859375,137.85000610351562,137.75999450683594,137.8350067138672,183925,0.0,0.0
2024-12-12 15:07:00-05:00,137.8249969482422,137.90499877929688,137.81500244140625,137.86289978027344,122606,0.0,0.0
2024-12-12 15:08:00-05:00,137.87989807128906,137.88999938964844,137.6199951171875,137.6284942626953,260442,0.0,0.0
2024-12-12 15:09:00-05:00,137.625,137.6894989013672,137.5615997314453,137.66000366210938,248876,0.0,0.0
2024-12-12 15:10:00-05:00,137.6699981689453,137.6699981689453,137.5,137.52000427246094,254052,0.0,0.0
2024-12-12 15:11:00-05:00,137.52000427246094,137.5399932861328,137.47000122070312,137.50900268554688,186830,0.0,0.0
2024-12-12 15:12:00-05:00,137.50999450683594,137.52999877929688,137.49000549316406,137.50840759277344,143702,0.0,0.0
2024-12-12 15:13:00-05:00,137.5050048828125,137.5399932861328,137.41000366210938,137.53439331054688,221111,0.0,0.0
2024-12-12 15:14:00-05:00,137.53990173339844,137.61000061035156,137.50999450683594,137.61000061035156,198002,0.0,0.0
2024-12-12 15:15:00-05:00,137.60989379882812,137.7299041748047,137.60549926757812,137.70989990234375,215938,0.0,0.0
2024-12-12 15:16:00-05:00,137.6999969482422,137.7346954345703,137.56500244140625,137.60499572753906,159882,0.0,0.0
2024-12-12 15:17:00-05:00,137.60499572753906,137.61000061035156,137.5,137.56910705566406,245219,0.0,0.0
2024-12-12 15:18:00-05:00,137.55999755859375,137.6199951171875,137.52540588378906,137.58999633789062,104242,0.0,0.0
2024-12-12 15:19:00-05:00,137.5850067138672,137.60000610351562,137.52999877929688,137.5399932861328,119494,0.0,0.0
2024-12-12 15:20:00-05:00,137.5500030517578,137.5800018310547,137.49000549316406,137.55999755859375,157315,0.0,0.0
2024-12-12 15:21:00-05:00,137.57000732421875,137.58990478515625,137.4250030517578,137.43919372558594,229573,0.0,0.0
2024-12-12 15:22:00-05:00,137.44000244140625,137.4600067138672,137.27000427246094,137.3000030517578,547361,0.0,0.0
2024-12-12 15:23:00-05:00,137.3197021484375,137.39999389648438,137.3000030517578,137.375,186647,0.0,0.0
2024-12-12 15:24:00-05:00,137.37109375,137.389892578125,137.29469299316406,137.36500549316406,178597,0.0,0.0
2024-12-12 15:25:00-05:00,137.3699951171875,137.5,137.31500244140625,137.42649841308594,399050,0.0,0.0
2024-12-12 15:26:00-05:00,137.42999267578125,137.43649291992188,137.36000061035156,137.39999389648438,166216,0.0,0.0
2024-12-12 15:27:00-05:00,137.39999389648438,137.47000122070312,137.3699951171875,137.39999389648438,158227,0.0,0.0
2024-12-12 15:28:00-05:00,137.39999389648438,137.41990661621094,137.30999755859375,137.30999755859375,141035,0.0,0.0
2024-12-12 15:29:00-05:00,137.30999755859375,137.4199981689453,137.27000427246094,137.38499450683594,216992,0.0,0.0
2024-12-12 15:30:00-05:00,137.38999938964844,137.56500244140625,137.38499450683594,137.52000427246094,285516,0.0,0.0
2024-12-12 15:31:00-05:00,137.52969360351562,137.61000061035156,137.51699829101562,137.57000732421875,163752,0.0,0.0
2024-12-12 15:32:00-05:00,137.5800018310547,137.5800018310547,137.4199981689453,137.44000244140625,132845,0.0,0.0
2024-12-12 15:33:00-05:00,137.44009399414062,137.47999572753906,137.39999389648438,137.4600067138672,119188,0.0,0.0
2024-12-12 15:34:00-05:00,137.4696044921875,137.5,137.4199981689453,137.47999572753906,124818,0.0,0.0
2024-12-12 15:35:00-05:00,137.47999572753906,137.49000549316406,137.36000061035156,137.39450073242188,177250,0.0,0.0
2024-12-12 15:36:00-05:00,137.39120483398438,137.5,137.38999938964844,137.4998016357422,127464,0.0,0.0
2024-12-12 15:37:00-05:00,137.4801025390625,137.5,137.39999389648438,137.39999389648438,115298,0.0,0.0
2024-12-12 15:38:00-05:00,137.39999389648438,137.42999267578125,137.32000732421875,137.39999389648438,207633,0.0,0.0
2024-12-12 15:39:00-05:00,137.39500427246094,137.47000122070312,137.38999938964844,137.42999267578125,140969,0.0,0.0
2024-12-12 15:40:00-05:00,137.42010498046875,137.42999267578125,137.27999877929688,137.36500549316406,213497,0.0,0.0
2024-12-12 15:41:00-05:00,137.36990356445312,137.42999267578125,137.32000732421875,137.34939575195312,182532,0.0,0.0
2024-12-12 15:42:00-05:00,137.35000610351562,137.4499969482422,137.33999633789062,137.4199981689453,153333,0.0,0.0
2024-12-12 15:43:00-05:00,137.4149932861328,137.49000549316406,137.39999389648438,137.4716033935547,160947,0.0,0.0
2024-12-12 15:44:00-05:00,137.47500610351562,137.53500366210938,137.47000122070312,137.50999450683594,181350,0.0,0.0
2024-12-12 15:45:00-05:00,137.50900268554688,137.60000610351562,137.50900268554688,137.5749969482422,191154,0.0,0.0
2024-12-12 15:46:00-05:00,137.57080078125,137.6699981689453,137.5402069091797,137.57949829101562,262096,0.0,0.0
2024-12-12 15:47:00-05:00,137.59500122070312,137.6300048828125,137.55499267578125,137.55999755859375,180704,0.0,0.0
2024-12-12 15:48:00-05:00,137.5601043701172,137.5800018310547,137.52000427246094,137.52999877929688,156083,0.0,0.0
2024-12-12 15:49:00-05:00,137.53160095214844,137.5500030517578,137.4199981689453,137.4499969482422,171733,0.0,0.0
2024-12-12 15:50:00-05:00,137.4600067138672,137.75,137.4600067138672,137.5500030517578,472143,0.0,0.0
2024-12-12 15:51:00-05:00,137.5500030517578,137.5500030517578,137.30039978027344,137.3699951171875,305750,0.0,0.0
2024-12-12 15:52:00-05:00,137.3800048828125,137.40989685058594,137.19000244140625,137.279296875,369664,0.0,0.0
2024-12-12 15:53:00-05:00,137.27999877929688,137.3300018310547,137.13560485839844,137.20010375976562,384043,0.0,0.0
2024-12-12 15:54:00-05:00,137.1999969482422,137.3699951171875,137.0800018310547,137.1248016357422,673029,0.0,0.0
2024-12-12 15:55:00-05:00,137.1300048828125,137.35000610351562,137.0,137.2550048828125,795787,0.0,0.0
2024-12-12 15:56:00-05:00,137.2550048828125,137.41000366210938,137.24000549316406,137.39500427246094,457897,0.0,0.0
2024-12-12 15:57:00-05:00,137.38999938964844,137.4600067138672,137.36000061035156,137.4250030517578,364057,0.0,0.0
2024-12-12 15:58:00-05:00,137.42999267578125,137.55999755859375,137.42999267578125,137.52720642089844,651070,0.0,0.0
2024-12-12 15:59:00-05:00,137.52000427246094,137.5500030517578,137.3000030517578,137.30999755859375,1364918,0.0,0.0
2024-12-12 16:00:00-05:00,137.3,137.47,137.2,137.26,12359785,0.0,0.0
2024-12-12 16:01:00-05:00,137.24,137.34,137.18,137.22,0,0.0,0.0
2024-12-12 16:02:00-05:00,137.2387,141.95,137.13,137.25,0,0.0,0.0
2024-12-12 16:03:00-05:00,137.25,137.34,137.0,137.08,0,0.0,0.0
2024-12-12 16:04:00-05:00,137.1,137.34,137.1,137.15,0,0.0,0.0
2024-12-12 16:05:00-05:00,137.18,137.34,137.1,137.14,0,0.0,0.0
2024-12-12 16:06:00-05:00,137.1101,137.19,137.1,137.15,0,0.0,0.0
2024-12-12 16:07:00-05:00,137.15,137.34,137.1,137.11,0,0.0,0.0
2024-12-12 16:08:00-05:00,137.1,137.19,137.1,137.17,0,0.0,0.0
2024-12-12 16:09:00-05:00,137.16,137.19,137.03,137.08,0,0.0,0.0
2024-12-12 16:10:00-05:00,137.12,137.12,136.93,137.011,0,0.0,0.0
2024-12-12 16:11:00-05:00,137.05,137.1,137.0,137.05,0,0.0,0.0
2024-12-12 16:12:00-05:00,137.05,137.05,136.95,137.035,0,0.0,0.0
2024-12-12 16:13:00-05:00,137.02,137.34,136.97,136.98,0,0.0,0.0
2024-12-12 16:14:00-05:00,136.99,137.05,136.97,137.03,0,0.0,0.0
2024-12-12 16:15:00-05:00,137.34,137.74,136.95,137.06,0,0.0,0.0
2024-12-12 16:16:00-05:00,136.95,137.5,136.95,137.5,0,0.0,0.0
2024-12-12 16:17:00-05:00,137.5,137.55,137.14,137.54,0,0.0,0.0
2024-12-12 16:18:00-05:00,137.54,137.82,137.34,137.74,0,0.0,0.0
2024-12-12 16:19:00-05:00,137.74,137.79,137.61,137.75,0,0.0,0.0
2024-12-12 16:20:00-05:00,137.34,137.79,137.34,137.56,0,0.0,0.0
2024-12-12 16:21:00-05:00,137.596,137.7,137.52,137.52,0,0.0,0.0
2024-12-12 16:22:00-05:00,137.55,137.65,137.46,137.6,0,0.0,0.0
2024-12-12 16:23:00-05:00,137.6,137.72,137.51,137.627,0,0.0,0.0
2024-12-12 16:24:00-05:00,137.63,137.7,137.5283,137.68,0,0.0,0.0
2024-12-12 16:25:00-05:00,137.69,137.74,137.62,137.71,0,0.0,0.0
2024-12-12 16:26:00-05:00,137.6999,137.72,137.63,137.7,0,0.0,0.0
2024-12-12 16:27:00-05:00,137.699,137.699,137.6,137.6,0,0.0,0.0
2024-12-12 16:28:00-05:00,137.65,137.72,137.6,137.69,0,0.0,0.0
2024-12-12 16:29:00-05:00,137.655,137.82,137.63,137.82,0,0.0,0.0
2024-12-12 16:30:00-05:00,137.82,137.82,137.71,137.75,0,0.0,0.0
2024-12-12 16:31:00-05:00,137.75,137.79,137.62,137.74,0,0.0,0.0
2024-12-12 16:32:00-05:00,137.73,137.82,137.7,137.77,0,0.0,0.0
2024-12-12 16:33:00-05:00,137.7889,137.7889,137.7,137.77,0,0.0,0.0
2024-12-12 16:34:00-05:00,137.735,137.77,137.61,137.66,0,0.0,0.0
2024-12-12 16:35:00-05:00,137.692,137.7,137.51,137.55,0,0.0,0.0
2024-12-12 16:36:00-05:00,137.555,137.58,137.4,137.455,0,0.0,0.0
2024-12-12 16:37:00-05:00,137.5066,137.51,137.4,137.5099,0,0.0,0.0
2024-12-12 16:38:00-05:00,137.47,137.49,137.35,137.43,0,0.0,0.0
2024-12-12 16:39:00-05:00,137.44,137.5,137.38,137.455,0,0.0,0.0
2024-12-12 16:40:00-05:00,137.45,137.55,137.4232,137.5,0,0.0,0.0
2024-12-12 16:41:00-05:00,137.5002,137.5002,137.41,137.41,0,0.0,0.0
2024-12-12 16:42:00-05:00,137.425,137.425,137.3,137.32,0,0.0,0.0
2024-12-12 16:43:00-05:00,137.32,137.42,137.26,137.385,0,0.0,0.0
2024-12-12 16:44:00-05:00,137.45,137.54,137.35,137.45,0,0.0,0.0
2024-12-12 16:45:00-05:00,137.37,137.45,137.21,137.25,0,0.0,0.0
2024-12-12 16:46:00-05:00,137.21,137.38,137.21,137.21,0,0.0,0.0
2024-12-12 16:47:00-05:00,137.269,137.269,137.15,137.18,0,0.0,0.0
2024-12-12 16:48:00-05:00,137.1999,137.37,137.15,137.295,0,0.0,0.0
2024-12-12 16:49:00-05:00,137.31,137.31,137.25,137.285,0,0.0,0.0
2024-12-12 16:50:00-05:00,137.29,137.34,137.25,137.27,0,0.0,0.0
2024-12-12 16:51:00-05:00,137.2888,137.35,137.26,137.32,0,0.0,0.0
2024-12-12 16:52:00-05:00,137.3001,137.34,137.2,137.25,0,0.0,0.0
2024-12-12 16:53:00-05:00,137.2982,137.3,137.21,137.25,0,0.0,0.0
2024-12-12 16:54:00-05:00,137.27,137.34,137.27,137.32,0,0.0,0.0
2024-12-12 16:55:00-05:00,137.3,137.3399,137.25,137.28,0,0.0,0.0
2024-12-12 16:56:00-05:00,137.28,137.34,137.22,137.27,0,0.0,0.0
2024-12-12 16:57:00-05:00,137.22,137.3,137.22,137.25,0,0.0,0.0
2024-12-12 16:58:00-05:00,137.29,137.29,137.24,137.25,0,0.0,0.0
2024-12-12 16:59:00-05:00,137.25,137.29,137.22,137.245,0,0.0,0.0
2024-12-12 17:00:00-05:00,137.29,137.32,137.21,137.29,0,0.0,0.0
2024-12-12 17:01:00-05:00,137.23,137.34,137.23,137.28,0,0.0,0.0
2024-12-12 17:02:00-05:00,137.28,137.34,137.23,137.28,0,0.0,0.0
2024-12-12 17:03:00-05:00,137.24,140.8663,137.24,137.265,0,0.0,0.0
2024-12-12 17:04:00-05:00,137.28,142.596,137.25,137.27,0,0.0,0.0
2024-12-12 17:05:00-05:00,137.27,140.6607,137.25,137.3,0,0.0,0.0
2024-12-12 17:06:00-05:00,137.275,137.3,137.23,137.24,0,0.0,0.0
2024-12-12 17:07:00-05:00,137.265,137.3,137.23,137.3,0,0.0,0.0
2024-12-12 17:08:00-05:00,137.275,137.3,137.2,137.24,0,0.0,0.0
2024-12-12 17:09:00-05:00,140.6607,145.5944,137.1601,137.24,0,0.0,0.0
2024-12-12 17:10:00-05:00,137.2,146.8387,137.19,137.245,0,0.0,0.0
2024-12-12 17:11:00-05:00,137.245,145.7486,129.1495,137.2282,0,0.0,0.0
2024-12-12 17:12:00-05:00,137.26,137.26,137.21,137.25,0,0.0,0.0
2024-12-12 17:13:00-05:00,137.23,141.0553,137.14,137.15,0,0.0,0.0
2024-12-12 17:14:00-05:00,137.1794,137.3,137.12,137.28,0,0.0,0.0
2024-12-12 17:15:00-05:00,137.225,137.32,137.18,137.24,0,0.0,0.0
2024-12-12 17:16:00-05:00,137.31,146.8387,137.21,137.41,0,0.0,0.0
2024-12-12 17:17:00-05:00,137.4108,137.47,137.25,137.41,0,0.0,0.0
2024-12-12 17:18:00-05:00,137.4,137.45,137.34,137.439,0,0.0,0.0
2024-12-12 17:19:00-05:00,137.43,137.58,137.35,137.55,0,0.0,0.0
2024-12-12 17:20:00-05:00,137.54,137.65,137.52,137.56,0,0.0,0.0
2024-12-12 17:21:00-05:00,137.53,137.65,137.4503,137.53,0,0.0,0.0
2024-12-12 17:22:00-05:00,137.63,137.63,137.53,137.56,0,0.0,0.0
2024-12-12 17:23:00-05:00,137.5769,137.75,137.53,137.66,0,0.0,0.0
2024-12-12 17:24:00-05:00,137.66,137.8,137.63,137.79,0,0.0,0.0
2024-12-12 17:25:00-05:00,137.8,137.89,137.74,137.815,0,0.0,0.0
2024-12-12 17:26:00-05:00,137.82,137.95,137.76,137.8799,0,0.0,0.0
2024-12-12 17:27:00-05:00,137.87,137.92,137.77,137.88,0,0.0,0.0
2024-12-12 17:28:00-05:00,137.875,137.95,137.85,137.88,0,0.0,0.0
2024-12-12 17:29:00-05:00,137.89,138.05,137.88,138.01,0,0.0,0.0
2024-12-12 17:30:00-05:00,138.02,138.19,138.01,138.18,0,0.0,0.0
2024-12-12 17:31:00-05:00,138.17,138.25,138.14,138.2,0,0.0,0.0
2024-12-12 17:32:00-05:00,138.1993,138.25,138.11,138.2001,0,0.0,0.0
2024-12-12 17:33:00-05:00,138.2297,138.29,138.2,138.22,0,0.0,0.0
2024-12-12 17:34:00-05:00,138.215,138.37,138.2,138.37,0,0.0,0.0
2024-12-12 17:35:00-05:00,138.3299,138.44,138.3,138.4,0,0.0,0.0
2024-12-12 17:36:00-05:00,138.44,138.49,138.39,138.48,0,0.0,0.0
2024-12-12 17:37:00-05:00,138.4899,138.5,138.4,138.45,0,0.0,0.0
2024-12-12 17:38:00-05:00,138.45,138.57,138.4103,138.4991,0,0.0,0.0
2024-12-12 17:39:00-05:00,138.4406,138.6,138.4406,138.53,0,0.0,0.0
2024-12-12 17:40:00-05:00,138.53,138.59,138.52,138.53,0,0.0,0.0
2024-12-12 17:41:00-05:00,138.52,138.58,138.22,138.25,0,0.0,0.0
2024-12-12 17:42:00-05:00,138.3001,138.48,138.3,138.3301,0,0.0,0.0
2024-12-12 17:43:00-05:00,138.38,138.52,138.24,138.39,0,0.0,0.0
2024-12-12 17:44:00-05:00,138.39,138.39,138.28,138.35,0,0.0,0.0
2024-12-12 17:45:00-05:00,138.345,138.5,138.34,138.47,0,0.0,0.0
2024-12-12 17:46:00-05:00,138.45,138.47,138.24,138.4,0,0.0,0.0
2024-12-12 17:47:00-05:00,138.4,138.42,138.31,138.33,0,0.0,0.0
2024-12-12 17:48:00-05:00,138.3399,138.39,138.3,138.3,0,0.0,0.0
2024-12-12 17:49:00-05:00,138.31,138.41,138.27,138.34,0,0.0,0.0
2024-12-12 17:50:00-05:00,138.39,138.4,138.33,138.36,0,0.0,0.0
2024-12-12 17:51:00-05:00,138.34,138.4,138.33,138.3976,0,0.0,0.0
2024-12-12 17:52:00-05:00,138.4,138.48,138.3394,138.46,0,0.0,0.0
2024-12-12 17:53:00-05:00,138.46,138.48,138.3207,138.45,0,0.0,0.0
2024-12-12 17:54:00-05:00,138.4,138.58,138.4,138.53,0,0.0,0.0
2024-12-12 17:55:00-05:00,138.54,138.65,138.515,138.65,0,0.0,0.0
2024-12-12 17:56:00-05:00,138.61,138.65,138.55,138.5999,0,0.0,0.0
2024-12-12 17:57:00-05:00,138.6,138.9,138.56,138.83,0,0.0,0.0
2024-12-12 17:58:00-05:00,138.87,138.98,138.68,138.95,0,0.0,0.0
2024-12-12 17:59:00-05:00,138.97,139.0,138.9,138.96,0,0.0,0.0
2024-12-12 18:00:00-05:00,138.95,138.98,138.58,138.81,0,0.0,0.0
2024-12-12 18:01:00-05:00,138.8101,138.86,138.75,138.75,0,0.0,0.0
2024-12-12 18:02:00-05:00,138.7884,138.8499,138.7,138.82,0,0.0,0.0
2024-12-12 18:03:00-05:00,138.8199,138.84,138.77,138.84,0,0.0,0.0
2024-12-12 18:04:00-05:00,138.81,138.84,138.7104,138.77,0,0.0,0.0
2024-12-12 18:05:00-05:00,138.78,138.78,138.7,138.7,0,0.0,0.0
2024-12-12 18:06:00-05:00,138.73,138.75,138.7,138.74,0,0.0,0.0
2024-12-12 18:07:00-05:00,138.7399,138.74,138.61,138.63,0,0.0,0.0
2024-12-12 18:08:00-05:00,138.63,138.69,138.49,138.665,0,0.0,0.0
2024-12-12 18:09:00-05:00,138.65,138.68,138.51,138.549,0,0.0,0.0
2024-12-12 18:10:00-05:00,138.55,138.57,138.5,138.535,0,0.0,0.0
2024-12-12 18:11:00-05:00,138.55,138.55,138.5,138.53,0,0.0,0.0
2024-12-12 18:12:00-05:00,138.54,138.55,138.52,138.52,0,0.0,0.0
2024-12-12 18:13:00-05:00,138.5199,138.6,138.5014,138.57,0,0.0,0.0
2024-12-12 18:14:00-05:00,138.55,138.68,137.34,138.6694,0,0.0,0.0
2024-12-12 18:15:00-05:00,138.67,138.8,138.66,138.73,0,0.0,0.0
2024-12-12 18:16:00-05:00,138.72,138.75,138.62,138.6799,0,0.0,0.0
2024-12-12 18:17:00-05:00,138.63,138.82,138.62,138.75,0,0.0,0.0
2024-12-12 18:18:00-05:00,138.7512,138.85,138.75,138.75,0,0.0,0.0
2024-12-12 18:19:00-05:00,138.76,138.76,138.7,138.7,0,0.0,0.0
2024-12-12 18:20:00-05:00,138.74,138.75,138.7,138.74,0,0.0,0.0
2024-12-12 18:21:00-05:00,138.72,138.75,138.66,138.69,0,0.0,0.0
2024-12-12 18:22:00-05:00,138.69,138.74,138.69,138.7105,0,0.0,0.0
2024-12-12 18:23:00-05:00,138.72,138.77,138.7,138.75,0,0.0,0.0
2024-12-12 18:24:00-05:00,138.77,138.79,138.72,138.76,0,0.0,0.0
2024-12-12 18:25:00-05:00,138.7595,138.77,138.71,138.76,0,0.0,0.0
2024-12-12 18:26:00-05:00,138.735,138.76,138.52,138.7,0,0.0,0.0
2024-12-12 18:27:00-05:00,138.7,138.73,138.7,138.7105,0,0.0,0.0
2024-12-12 18:28:00-05:00,138.7,138.76,138.66,138.66,0,0.0,0.0
2024-12-12 18:29:00-05:00,138.76,138.95,138.71,138.88,0,0.0,0.0
2024-12-12 18:30:00-05:00,138.88,138.91,138.83,138.85,0,0.0,0.0
2024-12-12 18:31:00-05:00,138.86,138.86,138.82,138.86,0,0.0,0.0
2024-12-12 18:32:00-05:00,138.86,138.94,138.83,138.9,0,0.0,0.0
2024-12-12 18:33:00-05:00,138.91,138.98,138.86,138.9699,0,0.0,0.0
2024-12-12 18:34:00-05:00,138.98,139.0,138.91,138.925,0,0.0,0.0
2024-12-12 18:35:00-05:00,138.9006,139.0,138.9,138.965,0,0.0,0.0
2024-12-12 18:36:00-05:00,138.99,139.07,138.93,139.04,0,0.0,0.0
2024-12-12 18:37:00-05:00,139.02,139.0788,138.98,139.0788,0,0.0,0.0
2024-12-12 18:38:00-05:00,139.065,139.09,139.0,139.09,0,0.0,0.0
2024-12-12 18:39:00-05:00,139.1,139.18,139.09,139.15,0,0.0,0.0
2024-12-12 18:40:00-05:00,139.18,139.18,139.13,139.16,0,0.0,0.0
2024-12-12 18:41:00-05:00,139.14,139.16,139.01,139.06,0,0.0,0.0
2024-12-12 18:42:00-05:00,139.08,139.25,139.0,139.23,0,0.0,0.0
2024-12-12 18:43:00-05:00,139.23,139.24,139.14,139.21,0,0.0,0.0
2024-12-12 18:44:00-05:00,139.175,139.24,139.14,139.24,0,0.0,0.0
2024-12-12 18:45:00-05:00,139.24,139.29,139.22,139.255,0,0.0,0.0
2024-12-12 18:46:00-05:00,139.26,139.35,139.22,139.301,0,0.0,0.0
2024-12-12 18:47:00-05:00,139.31,139.37,139.3,139.325,0,0.0,0.0
2024-12-12 18:48:00-05:00,139.35,139.35,139.3,139.35,0,0.0,0.0
2024-12-12 18:49:00-05:00,139.3497,139.41,139.339,139.36,0,0.0,0.0
2024-12-12 18:50:00-05:00,139.36,139.37,139.28,139.31,0,0.0,0.0
2024-12-12 18:51:00-05:00,139.289,139.3,139.2198,139.23,0,0.0,0.0
2024-12-12 18:52:00-05:00,139.2591,139.3,139.22,139.22,0,0.0,0.0
2024-12-12 18:53:00-05:00,139.22,139.25,138.9,139.0005,0,0.0,0.0
2024-12-12 18:54:00-05:00,139.03,139.1,138.95,138.98,0,0.0,0.0
2024-12-12 18:55:00-05:00,138.96,139.0,138.9,138.94,0,0.0,0.0
2024-12-12 18:56:00-05:00,138.93,138.95,138.88,138.88,0,0.0,0.0
2024-12-12 18:57:00-05:00,138.88,138.89,138.85,138.87,0,0.0,0.0
2024-12-12 18:58:00-05:00,138.88,138.88,138.71,138.8,0,0.0,0.0
2024-12-12 18:59:00-05:00,138.79,138.84,138.75,138.79,0,0.0,0.0
2024-12-12 19:00:00-05:00,138.805,138.83,138.75,138.795,0,0.0,0.0
2024-12-12 19:01:00-05:00,138.81,138.83,138.75,138.765,0,0.0,0.0
2024-12-12 19:02:00-05:00,138.77,138.78,138.75,138.76,0,0.0,0.0
2024-12-12 19:03:00-05:00,138.78,138.85,138.76,138.85,0,0.0,0.0
2024-12-12 19:04:00-05:00,138.85,138.85,138.76,138.82,0,0.0,0.0
2024-12-12 19:05:00-05:00,138.82,138.82,138.78,138.81,0,0.0,0.0
2024-12-12 19:06:00-05:00,138.81,138.82,138.8,138.81,0,0.0,0.0
2024-12-12 19:07:00-05:00,138.82,138.82,138.8,138.81,0,0.0,0.0
2024-12-12 19:08:00-05:00,138.82,138.82,138.8,138.82,0,0.0,0.0
2024-12-12 19:09:00-05:00,138.8199,138.82,138.8,138.81,0,0.0,0.0
2024-12-12 19:10:00-05:00,138.8,138.82,138.77,138.81,0,0.0,0.0
2024-12-12 19:11:00-05:00,138.77,138.82,138.75,138.77,0,0.0,0.0
2024-12-12 19:12:00-05:00,138.76,138.82,138.75,138.805,0,0.0,0.0
2024-12-12 19:13:00-05:00,138.82,138.82,138.79,138.81,0,0.0,0.0
2024-12-12 19:14:00-05:00,138.82,138.85,138.78,138.8,0,0.0,0.0
2024-12-12 19:15:00-05:00,138.8,138.94,138.79,138.9202,0,0.0,0.0
2024-12-12 19:16:00-05:00,138.94,138.94,138.85,138.9,0,0.0,0.0
2024-12-12 19:17:00-05:00,138.91,138.94,138.9,138.9191,0,0.0,0.0
2024-12-12 19:18:00-05:00,138.92,138.9892,138.9,138.9799,0,0.0,0.0
2024-12-12 19:19:00-05:00,138.97,138.99,138.95,138.975,0,0.0,0.0
2024-12-12 19:20:00-05:00,138.97,139.0,138.96,139.0,0,0.0,0.0
2024-12-12 19:21:00-05:00,138.97,139.05,138.97,139.0,0,0.0,0.0
2024-12-12 19:22:00-05:00,139.0499,139.14,139.01,139.14,0,0.0,0.0
2024-12-12 19:23:00-05:00,139.1,139.15,139.09,139.13,0,0.0,0.0
2024-12-12 19:24:00-05:00,139.11,139.12,139.01,139.06,0,0.0,0.0
2024-12-12 19:25:00-05:00,139.0999,139.1,139.05,139.0701,0,0.0,0.0
2024-12-12 19:26:23-05:00,139.13,139.13,139.13,139.13,0,0.0,0.0
