time,Open,High,Low,Close,Volume,Dividends,Stock Splits
2024-11-29 04:00:00-05:00,137.56,137.68,137.0,137.4,0,0.0,0.0
2024-11-29 04:01:00-05:00,137.4,137.46,137.32,137.43,0,0.0,0.0
2024-11-29 04:02:00-05:00,137.41,137.5,137.25,137.5,0,0.0,0.0
2024-11-29 04:03:00-05:00,137.49,137.5,137.42,137.46,0,0.0,0.0
2024-11-29 04:04:00-05:00,137.38,137.4,137.22,137.36,0,0.0,0.0
2024-11-29 04:05:00-05:00,137.39,137.41,137.31,137.34,0,0.0,0.0
2024-11-29 04:06:00-05:00,137.31,137.45,137.31,137.43,0,0.0,0.0
2024-11-29 04:07:00-05:00,137.42,137.42,137.25,137.25,0,0.0,0.0
2024-11-29 04:08:00-05:00,137.26,137.26,137.03,137.18,0,0.0,0.0
2024-11-29 04:09:00-05:00,137.2,137.31,137.18,137.31,0,0.0,0.0
2024-11-29 04:10:00-05:00,137.35,137.38,137.31,137.35,0,0.0,0.0
2024-11-29 04:11:00-05:00,137.32,137.34,137.27,137.33,0,0.0,0.0
2024-11-29 04:12:00-05:00,137.35,137.47,137.33,137.44,0,0.0,0.0
2024-11-29 04:13:00-05:00,137.44,137.47,137.37,137.38,0,0.0,0.0
2024-11-29 04:14:00-05:00,137.4,137.4,137.35,137.38,0,0.0,0.0
2024-11-29 04:15:00-05:00,137.38,137.43,137.36,137.43,0,0.0,0.0
2024-11-29 04:16:00-05:00,137.4,137.47,137.37,137.41,0,0.0,0.0
2024-11-29 04:17:00-05:00,137.41,137.45,137.41,137.45,0,0.0,0.0
2024-11-29 04:18:00-05:00,137.45,137.55,137.41,137.52,0,0.0,0.0
2024-11-29 04:19:00-05:00,137.48,137.59,137.2,137.4,0,0.0,0.0
2024-11-29 04:20:00-05:00,137.4,137.47,137.4,137.47,0,0.0,0.0
2024-11-29 04:21:00-05:00,137.47,137.49,137.44,137.46,0,0.0,0.0
2024-11-29 04:22:00-05:00,137.45,137.55,137.43,137.55,0,0.0,0.0
2024-11-29 04:23:00-05:00,137.57,137.76,137.57,137.73,0,0.0,0.0
2024-11-29 04:24:00-05:00,137.76,137.79,137.68,137.72,0,0.0,0.0
2024-11-29 04:25:00-05:00,137.72,137.79,137.71,137.75,0,0.0,0.0
2024-11-29 04:26:00-05:00,137.75,137.77,137.69,137.74,0,0.0,0.0
2024-11-29 04:27:00-05:00,137.73,137.73,137.64,137.65,0,0.0,0.0
2024-11-29 04:28:00-05:00,137.63,137.63,137.61,137.63,0,0.0,0.0
2024-11-29 04:29:00-05:00,137.64,137.72,137.64,137.72,0,0.0,0.0
2024-11-29 04:30:00-05:00,137.72,137.75,137.69,137.7,0,0.0,0.0
2024-11-29 04:31:00-05:00,137.72,137.73,137.69,137.69,0,0.0,0.0
2024-11-29 04:32:00-05:00,137.66,137.75,137.6,137.62,0,0.0,0.0
2024-11-29 04:33:00-05:00,137.67,137.67,137.54,137.54,0,0.0,0.0
2024-11-29 04:34:00-05:00,137.55,137.63,137.55,137.63,0,0.0,0.0
2024-11-29 04:35:00-05:00,137.62,137.66,137.62,137.64,0,0.0,0.0
2024-11-29 04:36:00-05:00,137.66,137.66,137.59,137.62,0,0.0,0.0
2024-11-29 04:37:00-05:00,137.64,137.65,137.63,137.65,0,0.0,0.0
2024-11-29 04:38:00-05:00,137.65,137.67,137.65,137.67,0,0.0,0.0
2024-11-29 04:39:00-05:00,137.69,137.69,137.66,137.67,0,0.0,0.0
2024-11-29 04:40:00-05:00,137.67,137.67,137.63,137.63,0,0.0,0.0
2024-11-29 04:41:00-05:00,137.62,137.65,137.61,137.64,0,0.0,0.0
2024-11-29 04:42:00-05:00,137.61,137.61,137.54,137.59,0,0.0,0.0
2024-11-29 04:43:00-05:00,137.55,137.56,137.48,137.48,0,0.0,0.0
2024-11-29 04:44:00-05:00,137.44,137.44,137.36,137.38,0,0.0,0.0
2024-11-29 04:45:00-05:00,137.44,137.44,137.4,137.42,0,0.0,0.0
2024-11-29 04:46:00-05:00,137.4,137.46,137.36,137.46,0,0.0,0.0
2024-11-29 04:47:00-05:00,137.42,137.52,137.42,137.46,0,0.0,0.0
2024-11-29 04:48:00-05:00,137.46,137.52,137.46,137.46,0,0.0,0.0
2024-11-29 04:49:00-05:00,137.52,137.52,137.44,137.44,0,0.0,0.0
2024-11-29 04:50:00-05:00,137.44,137.47,137.42,137.45,0,0.0,0.0
2024-11-29 04:51:00-05:00,137.43,137.43,137.38,137.4,0,0.0,0.0
2024-11-29 04:52:00-05:00,137.41,137.45,137.4,137.44,0,0.0,0.0
2024-11-29 04:53:00-05:00,137.44,137.44,137.44,137.44,0,0.0,0.0
2024-11-29 04:54:00-05:00,137.44,137.45,137.44,137.45,0,0.0,0.0
2024-11-29 04:55:00-05:00,137.45,137.5,137.45,137.45,0,0.0,0.0
2024-11-29 04:56:00-05:00,137.45,137.46,137.45,137.46,0,0.0,0.0
2024-11-29 04:57:00-05:00,137.48,137.48,137.46,137.46,0,0.0,0.0
2024-11-29 04:58:00-05:00,137.45,137.46,137.43,137.43,0,0.0,0.0
2024-11-29 04:59:00-05:00,137.44,137.45,137.43,137.45,0,0.0,0.0
2024-11-29 05:00:00-05:00,137.45,137.45,137.4,137.42,0,0.0,0.0
2024-11-29 05:01:00-05:00,137.43,137.43,137.43,137.43,0,0.0,0.0
2024-11-29 05:02:00-05:00,137.4,137.4,137.31,137.32,0,0.0,0.0
2024-11-29 05:03:00-05:00,137.33,137.35,137.24,137.28,0,0.0,0.0
2024-11-29 05:04:00-05:00,137.32,137.35,137.32,137.35,0,0.0,0.0
2024-11-29 05:05:00-05:00,137.38,137.49,137.38,137.49,0,0.0,0.0
2024-11-29 05:06:00-05:00,137.49,137.49,137.43,137.45,0,0.0,0.0
2024-11-29 05:07:00-05:00,137.45,137.55,137.45,137.5,0,0.0,0.0
2024-11-29 05:08:00-05:00,137.49,137.55,137.49,137.55,0,0.0,0.0
2024-11-29 05:09:00-05:00,137.55,137.6,137.55,137.56,0,0.0,0.0
2024-11-29 05:10:00-05:00,137.57,137.58,137.55,137.56,0,0.0,0.0
2024-11-29 05:11:00-05:00,137.56,137.65,137.56,137.6,0,0.0,0.0
2024-11-29 05:12:00-05:00,137.6,137.64,137.56,137.64,0,0.0,0.0
2024-11-29 05:13:00-05:00,137.62,137.62,137.59,137.59,0,0.0,0.0
2024-11-29 05:14:00-05:00,137.58,137.58,137.58,137.58,0,0.0,0.0
2024-11-29 05:15:00-05:00,137.53,137.58,137.53,137.58,0,0.0,0.0
2024-11-29 05:16:00-05:00,137.58,137.58,137.57,137.57,0,0.0,0.0
2024-11-29 05:17:00-05:00,137.6,137.62,137.6,137.62,0,0.0,0.0
2024-11-29 05:18:00-05:00,137.62,137.69,137.62,137.69,0,0.0,0.0
2024-11-29 05:19:00-05:00,137.69,137.69,137.67,137.67,0,0.0,0.0
2024-11-29 05:20:00-05:00,137.67,137.67,137.6,137.63,0,0.0,0.0
2024-11-29 05:21:00-05:00,137.66,137.66,137.6,137.61,0,0.0,0.0
2024-11-29 05:22:00-05:00,137.61,137.65,137.61,137.65,0,0.0,0.0
2024-11-29 05:23:00-05:00,137.65,137.66,137.54,137.58,0,0.0,0.0
2024-11-29 05:24:00-05:00,137.65,137.65,137.59,137.6,0,0.0,0.0
2024-11-29 05:25:00-05:00,137.61,137.62,137.59,137.6,0,0.0,0.0
2024-11-29 05:26:00-05:00,137.58,137.58,137.5,137.52,0,0.0,0.0
2024-11-29 05:27:00-05:00,137.53,137.53,137.49,137.5,0,0.0,0.0
2024-11-29 05:28:00-05:00,137.49,137.49,137.49,137.49,0,0.0,0.0
2024-11-29 05:29:00-05:00,137.52,137.52,137.48,137.48,0,0.0,0.0
2024-11-29 05:30:00-05:00,137.47,137.47,137.39,137.42,0,0.0,0.0
2024-11-29 05:31:00-05:00,137.42,137.44,137.41,137.44,0,0.0,0.0
2024-11-29 05:32:00-05:00,137.45,137.45,137.42,137.42,0,0.0,0.0
2024-11-29 05:33:00-05:00,137.43,137.45,137.42,137.42,0,0.0,0.0
2024-11-29 05:34:00-05:00,137.4,137.42,137.4,137.42,0,0.0,0.0
2024-11-29 05:35:00-05:00,137.45,137.47,137.44,137.45,0,0.0,0.0
2024-11-29 05:36:00-05:00,137.45,137.48,137.45,137.48,0,0.0,0.0
2024-11-29 05:37:00-05:00,137.45,137.45,137.45,137.45,0,0.0,0.0
2024-11-29 05:38:00-05:00,137.42,137.47,137.42,137.46,0,0.0,0.0
2024-11-29 05:39:00-05:00,137.46,137.46,137.46,137.46,0,0.0,0.0
2024-11-29 05:40:00-05:00,137.46,137.46,137.38,137.38,0,0.0,0.0
2024-11-29 05:41:00-05:00,137.38,137.4,137.37,137.4,0,0.0,0.0
2024-11-29 05:42:00-05:00,137.42,137.54,137.42,137.54,0,0.0,0.0
2024-11-29 05:43:00-05:00,137.5,137.52,137.5,137.52,0,0.0,0.0
2024-11-29 05:44:00-05:00,137.5,137.5,137.5,137.5,0,0.0,0.0
2024-11-29 05:45:00-05:00,137.51,137.54,137.51,137.51,0,0.0,0.0
2024-11-29 05:46:00-05:00,137.54,137.59,137.54,137.56,0,0.0,0.0
2024-11-29 05:47:00-05:00,137.57,137.67,137.57,137.65,0,0.0,0.0
2024-11-29 05:48:00-05:00,137.64,137.64,137.59,137.6,0,0.0,0.0
2024-11-29 05:49:00-05:00,137.58,137.63,137.58,137.62,0,0.0,0.0
2024-11-29 05:50:00-05:00,137.62,137.63,137.62,137.63,0,0.0,0.0
2024-11-29 05:51:00-05:00,137.65,137.67,137.64,137.67,0,0.0,0.0
2024-11-29 05:52:00-05:00,137.65,137.65,137.63,137.64,0,0.0,0.0
2024-11-29 05:53:00-05:00,137.63,137.64,137.63,137.64,0,0.0,0.0
2024-11-29 05:54:00-05:00,137.65,137.65,137.52,137.58,0,0.0,0.0
2024-11-29 05:55:00-05:00,137.58,137.59,137.58,137.59,0,0.0,0.0
2024-11-29 05:56:00-05:00,137.59,137.59,137.58,137.58,0,0.0,0.0
2024-11-29 05:57:00-05:00,137.57,137.59,137.55,137.59,0,0.0,0.0
2024-11-29 05:58:00-05:00,137.61,137.61,137.61,137.61,0,0.0,0.0
2024-11-29 05:59:00-05:00,137.58,137.59,137.57,137.57,0,0.0,0.0
2024-11-29 06:00:00-05:00,137.58,137.59,137.58,137.58,0,0.0,0.0
2024-11-29 06:01:00-05:00,137.58,137.58,137.54,137.56,0,0.0,0.0
2024-11-29 06:02:00-05:00,137.58,137.59,137.58,137.59,0,0.0,0.0
2024-11-29 06:03:00-05:00,137.54,137.54,137.51,137.53,0,0.0,0.0
2024-11-29 06:04:00-05:00,137.51,137.54,137.48,137.5,0,0.0,0.0
2024-11-29 06:05:00-05:00,137.54,137.54,137.52,137.53,0,0.0,0.0
2024-11-29 06:06:00-05:00,137.53,137.55,137.49,137.5,0,0.0,0.0
2024-11-29 06:07:00-05:00,137.5,137.52,137.5,137.5,0,0.0,0.0
2024-11-29 06:08:00-05:00,137.52,137.55,137.49,137.55,0,0.0,0.0
2024-11-29 06:09:00-05:00,137.56,137.56,137.56,137.56,0,0.0,0.0
2024-11-29 06:10:00-05:00,137.56,137.6,137.55,137.6,0,0.0,0.0
2024-11-29 06:11:00-05:00,137.64,137.64,137.58,137.58,0,0.0,0.0
2024-11-29 06:12:00-05:00,137.6,137.6,137.51,137.58,0,0.0,0.0
2024-11-29 06:13:00-05:00,137.57,137.6,137.56,137.58,0,0.0,0.0
2024-11-29 06:14:00-05:00,137.57,137.57,137.55,137.55,0,0.0,0.0
2024-11-29 06:15:00-05:00,137.53,137.55,137.53,137.54,0,0.0,0.0
2024-11-29 06:16:00-05:00,137.52,137.55,137.51,137.51,0,0.0,0.0
2024-11-29 06:17:00-05:00,137.51,137.56,137.51,137.56,0,0.0,0.0
2024-11-29 06:18:00-05:00,137.59,137.59,137.56,137.56,0,0.0,0.0
2024-11-29 06:19:00-05:00,137.56,137.58,137.54,137.54,0,0.0,0.0
2024-11-29 06:20:00-05:00,137.54,137.54,137.54,137.54,0,0.0,0.0
2024-11-29 06:21:00-05:00,137.56,137.57,137.56,137.57,0,0.0,0.0
2024-11-29 06:22:00-05:00,137.57,137.6,137.55,137.6,0,0.0,0.0
2024-11-29 06:23:00-05:00,137.59,137.6,137.59,137.59,0,0.0,0.0
2024-11-29 06:24:00-05:00,137.6,137.6,137.56,137.56,0,0.0,0.0
2024-11-29 06:25:00-05:00,137.56,137.58,137.56,137.58,0,0.0,0.0
2024-11-29 06:26:00-05:00,137.58,137.6,137.56,137.59,0,0.0,0.0
2024-11-29 06:27:00-05:00,137.58,137.6,137.55,137.57,0,0.0,0.0
2024-11-29 06:28:00-05:00,137.55,137.57,137.54,137.55,0,0.0,0.0
2024-11-29 06:29:00-05:00,137.58,137.59,137.58,137.59,0,0.0,0.0
2024-11-29 06:30:00-05:00,137.6,137.8,137.59,137.77,0,0.0,0.0
2024-11-29 06:31:00-05:00,137.75,137.77,137.71,137.71,0,0.0,0.0
2024-11-29 06:32:00-05:00,137.7,137.71,137.67,137.67,0,0.0,0.0
2024-11-29 06:33:00-05:00,137.69,137.7,137.68,137.69,0,0.0,0.0
2024-11-29 06:34:00-05:00,137.67,137.68,137.66,137.68,0,0.0,0.0
2024-11-29 06:35:00-05:00,137.68,137.68,137.59,137.59,0,0.0,0.0
2024-11-29 06:36:00-05:00,137.57,137.57,137.52,137.56,0,0.0,0.0
2024-11-29 06:37:00-05:00,137.56,137.57,137.56,137.57,0,0.0,0.0
2024-11-29 06:38:00-05:00,137.52,137.57,137.5,137.57,0,0.0,0.0
2024-11-29 06:39:00-05:00,137.55,137.55,137.35,137.4,0,0.0,0.0
2024-11-29 06:40:00-05:00,137.4,137.44,137.4,137.42,0,0.0,0.0
2024-11-29 06:41:00-05:00,137.4,137.45,137.33,137.43,0,0.0,0.0
2024-11-29 06:42:00-05:00,137.45,137.49,137.45,137.49,0,0.0,0.0
2024-11-29 06:43:00-05:00,137.46,137.47,137.45,137.45,0,0.0,0.0
2024-11-29 06:44:00-05:00,137.49,137.52,137.47,137.52,0,0.0,0.0
2024-11-29 06:45:00-05:00,137.52,137.52,137.45,137.47,0,0.0,0.0
2024-11-29 06:46:00-05:00,137.49,137.5,137.43,137.48,0,0.0,0.0
2024-11-29 06:47:00-05:00,137.52,137.52,137.48,137.48,0,0.0,0.0
2024-11-29 06:48:00-05:00,137.51,137.52,137.48,137.48,0,0.0,0.0
2024-11-29 06:49:00-05:00,137.48,137.5,137.48,137.48,0,0.0,0.0
2024-11-29 06:50:00-05:00,137.49,137.58,137.49,137.53,0,0.0,0.0
2024-11-29 06:51:00-05:00,137.5,137.53,137.5,137.53,0,0.0,0.0
2024-11-29 06:52:00-05:00,137.54,137.57,137.53,137.55,0,0.0,0.0
2024-11-29 06:53:00-05:00,137.53,137.53,137.51,137.51,0,0.0,0.0
2024-11-29 06:54:00-05:00,137.52,137.52,137.42,137.43,0,0.0,0.0
2024-11-29 06:55:00-05:00,137.46,137.51,137.46,137.5,0,0.0,0.0
2024-11-29 06:56:00-05:00,137.47,137.47,137.4,137.4,0,0.0,0.0
2024-11-29 06:57:00-05:00,137.46,137.47,137.46,137.46,0,0.0,0.0
2024-11-29 06:58:00-05:00,137.46,137.48,137.38,137.38,0,0.0,0.0
2024-11-29 06:59:00-05:00,137.38,137.38,137.31,137.34,0,0.0,0.0
2024-11-29 07:00:00-05:00,137.33,137.39,137.25,137.26,0,0.0,0.0
2024-11-29 07:01:00-05:00,137.3,137.3,137.15,137.2,0,0.0,0.0
2024-11-29 07:02:00-05:00,137.23,137.31,137.22,137.27,0,0.0,0.0
2024-11-29 07:03:00-05:00,137.26,137.27,137.19,137.25,0,0.0,0.0
2024-11-29 07:04:00-05:00,137.25,137.25,137.18,137.2,0,0.0,0.0
2024-11-29 07:05:00-05:00,137.2,137.27,137.2,137.22,0,0.0,0.0
2024-11-29 07:06:00-05:00,137.25,137.26,137.15,137.18,0,0.0,0.0
2024-11-29 07:07:00-05:00,137.18,137.2,137.17,137.18,0,0.0,0.0
2024-11-29 07:08:00-05:00,137.19,137.23,137.15,137.18,0,0.0,0.0
2024-11-29 07:09:00-05:00,137.19,137.25,137.18,137.24,0,0.0,0.0
2024-11-29 07:10:00-05:00,137.26,137.28,137.25,137.27,0,0.0,0.0
2024-11-29 07:11:00-05:00,137.25,137.25,137.2,137.2,0,0.0,0.0
2024-11-29 07:12:00-05:00,137.19,137.249,137.19,137.21,0,0.0,0.0
2024-11-29 07:13:00-05:00,137.249,137.35,137.24,137.35,0,0.0,0.0
2024-11-29 07:14:00-05:00,137.35,137.36,137.35,137.35,0,0.0,0.0
2024-11-29 07:15:00-05:00,137.33,137.36,137.321,137.33,0,0.0,0.0
2024-11-29 07:16:00-05:00,137.37,137.39,137.37,137.39,0,0.0,0.0
2024-11-29 07:17:00-05:00,137.4,137.44,137.4,137.44,0,0.0,0.0
2024-11-29 07:18:00-05:00,137.44,137.44,137.29,137.3,0,0.0,0.0
2024-11-29 07:19:00-05:00,137.28,137.31,137.28,137.31,0,0.0,0.0
2024-11-29 07:20:00-05:00,137.32,137.35,137.31,137.33,0,0.0,0.0
2024-11-29 07:21:00-05:00,137.35,137.379,137.33,137.35,0,0.0,0.0
2024-11-29 07:22:00-05:00,137.35,137.36,137.31,137.32,0,0.0,0.0
2024-11-29 07:23:00-05:00,137.25,137.339,137.25,137.32,0,0.0,0.0
2024-11-29 07:24:00-05:00,137.32,137.34,137.32,137.33,0,0.0,0.0
2024-11-29 07:25:00-05:00,137.33,137.34,137.3,137.34,0,0.0,0.0
2024-11-29 07:26:00-05:00,137.34,137.34,137.3,137.31,0,0.0,0.0
2024-11-29 07:27:00-05:00,137.31,137.31,137.3,137.3,0,0.0,0.0
2024-11-29 07:28:00-05:00,137.31,137.32,137.3,137.31,0,0.0,0.0
2024-11-29 07:29:00-05:00,137.32,137.32,137.27,137.27,0,0.0,0.0
2024-11-29 07:30:00-05:00,137.25,137.3,137.24,137.29,0,0.0,0.0
2024-11-29 07:31:00-05:00,137.27,137.29,137.27,137.29,0,0.0,0.0
2024-11-29 07:32:00-05:00,137.27,137.28,137.221,137.221,0,0.0,0.0
2024-11-29 07:33:00-05:00,137.221,137.28,137.221,137.25,0,0.0,0.0
2024-11-29 07:34:00-05:00,137.23,137.25,137.21,137.25,0,0.0,0.0
2024-11-29 07:35:00-05:00,137.21,137.21,137.14,137.14,0,0.0,0.0
2024-11-29 07:36:00-05:00,137.15,137.17,137.11,137.12,0,0.0,0.0
2024-11-29 07:37:00-05:00,137.11,137.18,137.08,137.15,0,0.0,0.0
2024-11-29 07:38:00-05:00,137.15,137.169,137.11,137.11,0,0.0,0.0
2024-11-29 07:39:00-05:00,137.13,137.17,137.12,137.12,0,0.0,0.0
2024-11-29 07:40:00-05:00,137.1,137.1,136.81,136.82,0,0.0,0.0
2024-11-29 07:41:00-05:00,136.82,136.92,136.81,136.92,0,0.0,0.0
2024-11-29 07:42:00-05:00,136.89,136.89,136.761,136.78,0,0.0,0.0
2024-11-29 07:43:00-05:00,136.78,136.78,136.74,136.76,0,0.0,0.0
2024-11-29 07:44:00-05:00,136.751,136.779,136.62,136.62,0,0.0,0.0
2024-11-29 07:45:00-05:00,136.63,136.73,136.6,136.73,0,0.0,0.0
2024-11-29 07:46:00-05:00,136.72,136.85,136.69,136.84,0,0.0,0.0
2024-11-29 07:47:00-05:00,136.85,136.9,136.85,136.87,0,0.0,0.0
2024-11-29 07:48:00-05:00,136.86,136.949,136.86,136.9,0,0.0,0.0
2024-11-29 07:49:00-05:00,136.9,136.92,136.84,136.84,0,0.0,0.0
2024-11-29 07:50:00-05:00,136.84,136.85,136.8,136.81,0,0.0,0.0
2024-11-29 07:51:00-05:00,136.81,136.91,136.79,136.91,0,0.0,0.0
2024-11-29 07:52:00-05:00,136.92,136.98,136.92,136.92,0,0.0,0.0
2024-11-29 07:53:00-05:00,136.901,136.96,136.901,136.96,0,0.0,0.0
2024-11-29 07:54:00-05:00,136.96,136.97,136.95,136.96,0,0.0,0.0
2024-11-29 07:55:00-05:00,136.96,137.03,136.96,136.99,0,0.0,0.0
2024-11-29 07:56:00-05:00,137.05,137.12,137.05,137.12,0,0.0,0.0
2024-11-29 07:57:00-05:00,137.13,137.13,136.97,136.99,0,0.0,0.0
2024-11-29 07:58:00-05:00,136.99,136.99,136.92,136.92,0,0.0,0.0
2024-11-29 07:59:00-05:00,136.95,136.95,136.89,136.95,0,0.0,0.0
2024-11-29 08:00:00-05:00,137.34,137.9988,136.6,136.92,0,0.0,0.0
2024-11-29 08:01:00-05:00,136.78,137.82,136.63,136.95,0,0.0,0.0
2024-11-29 08:02:00-05:00,136.95,137.0,136.93,137.0,0,0.0,0.0
2024-11-29 08:03:00-05:00,137.0,137.0,136.98,136.98,0,0.0,0.0
2024-11-29 08:04:00-05:00,136.97,137.0,136.97,136.9964,0,0.0,0.0
2024-11-29 08:05:00-05:00,136.985,137.07,135.34,137.05,0,0.0,0.0
2024-11-29 08:06:00-05:00,137.05,137.05,137.0,137.04,0,0.0,0.0
2024-11-29 08:07:00-05:00,137.0476,137.05,137.02,137.0203,0,0.0,0.0
2024-11-29 08:08:00-05:00,137.03,137.04,136.9544,136.9676,0,0.0,0.0
2024-11-29 08:09:00-05:00,136.95,137.02,136.94,136.95,0,0.0,0.0
2024-11-29 08:10:00-05:00,136.96,137.0,136.95,137.0,0,0.0,0.0
2024-11-29 08:11:00-05:00,136.99,137.02,136.99,137.0,0,0.0,0.0
2024-11-29 08:12:00-05:00,137.0,137.02,137.0,137.01,0,0.0,0.0
2024-11-29 08:13:00-05:00,137.02,137.02,137.01,137.02,0,0.0,0.0
2024-11-29 08:14:00-05:00,137.0199,137.02,136.95,136.9703,0,0.0,0.0
2024-11-29 08:15:00-05:00,136.95,136.9778,136.87,136.87,0,0.0,0.0
2024-11-29 08:16:00-05:00,136.89,136.9,136.8,136.8,0,0.0,0.0
2024-11-29 08:17:00-05:00,136.8006,136.89,136.76,136.76,0,0.0,0.0
2024-11-29 08:18:00-05:00,136.76,136.84,136.75,136.7852,0,0.0,0.0
2024-11-29 08:19:00-05:00,136.751,136.79,136.6838,136.7,0,0.0,0.0
2024-11-29 08:20:00-05:00,136.7,136.78,136.7,136.71,0,0.0,0.0
2024-11-29 08:21:00-05:00,136.71,136.755,136.7,136.744,0,0.0,0.0
2024-11-29 08:22:00-05:00,136.755,136.84,136.74,136.83,0,0.0,0.0
2024-11-29 08:23:00-05:00,136.84,136.91,136.82,136.87,0,0.0,0.0
2024-11-29 08:24:00-05:00,136.9,136.9,136.74,136.85,0,0.0,0.0
2024-11-29 08:25:00-05:00,136.8313,136.88,136.81,136.86,0,0.0,0.0
2024-11-29 08:26:00-05:00,136.84,136.88,136.74,136.74,0,0.0,0.0
2024-11-29 08:27:00-05:00,136.75,136.8,136.7,136.79,0,0.0,0.0
2024-11-29 08:28:00-05:00,136.771,136.8,136.75,136.765,0,0.0,0.0
2024-11-29 08:29:00-05:00,136.75,136.78,136.68,136.7101,0,0.0,0.0
2024-11-29 08:30:00-05:00,136.71,136.72,136.58,136.58,0,0.0,0.0
2024-11-29 08:31:00-05:00,136.6,136.6,136.4101,136.48,0,0.0,0.0
2024-11-29 08:32:00-05:00,136.4801,136.52,136.36,136.41,0,0.0,0.0
2024-11-29 08:33:00-05:00,136.44,136.44,136.36,136.37,0,0.0,0.0
2024-11-29 08:34:00-05:00,136.3824,136.5,136.3824,136.46,0,0.0,0.0
2024-11-29 08:35:00-05:00,136.46,136.49,136.36,136.43,0,0.0,0.0
2024-11-29 08:36:00-05:00,136.43,136.46,136.37,136.41,0,0.0,0.0
2024-11-29 08:37:00-05:00,136.42,136.42,136.37,136.42,0,0.0,0.0
2024-11-29 08:38:00-05:00,136.41,136.53,136.4017,136.5088,0,0.0,0.0
2024-11-29 08:39:00-05:00,136.51,136.59,136.5,136.565,0,0.0,0.0
2024-11-29 08:40:00-05:00,136.55,136.67,136.54,136.6099,0,0.0,0.0
2024-11-29 08:41:00-05:00,136.585,136.65,136.56,136.6296,0,0.0,0.0
2024-11-29 08:42:00-05:00,136.59,136.63,136.51,136.5101,0,0.0,0.0
2024-11-29 08:43:00-05:00,136.5699,136.5699,136.48,136.5099,0,0.0,0.0
2024-11-29 08:44:00-05:00,136.5006,136.59,136.48,136.52,0,0.0,0.0
2024-11-29 08:45:00-05:00,136.5191,136.5199,136.37,136.4,0,0.0,0.0
2024-11-29 08:46:00-05:00,136.4001,136.45,136.38,136.4,0,0.0,0.0
2024-11-29 08:47:00-05:00,136.4,136.43,136.36,136.41,0,0.0,0.0
2024-11-29 08:48:00-05:00,136.43,136.44,136.36,136.3676,0,0.0,0.0
2024-11-29 08:49:00-05:00,136.36,136.37,136.275,136.2801,0,0.0,0.0
2024-11-29 08:50:00-05:00,136.2999,136.4,136.27,136.4,0,0.0,0.0
2024-11-29 08:51:00-05:00,136.4199,136.55,136.41,136.5,0,0.0,0.0
2024-11-29 08:52:00-05:00,136.4994,136.5395,136.46,136.5,0,0.0,0.0
2024-11-29 08:53:00-05:00,136.5101,136.55,136.44,136.4601,0,0.0,0.0
2024-11-29 08:54:00-05:00,136.48,136.5,136.35,136.365,0,0.0,0.0
2024-11-29 08:55:00-05:00,136.37,136.51,136.32,136.5,0,0.0,0.0
2024-11-29 08:56:00-05:00,136.5,136.57,136.5,136.5698,0,0.0,0.0
2024-11-29 08:57:00-05:00,136.56,136.57,136.5,136.5699,0,0.0,0.0
2024-11-29 08:58:00-05:00,136.53,136.61,136.53,136.595,0,0.0,0.0
2024-11-29 08:59:00-05:00,136.6,136.67,136.58,136.603,0,0.0,0.0
2024-11-29 09:00:00-05:00,136.615,136.69,136.615,136.69,0,0.0,0.0
2024-11-29 09:01:00-05:00,136.69,136.74,136.67,136.739,0,0.0,0.0
2024-11-29 09:02:00-05:00,136.74,136.8,136.72,136.79,0,0.0,0.0
2024-11-29 09:03:00-05:00,136.79,136.8,136.7,136.78,0,0.0,0.0
2024-11-29 09:04:00-05:00,136.77,136.8,136.7605,136.7997,0,0.0,0.0
2024-11-29 09:05:00-05:00,136.8,136.8,136.78,136.8,0,0.0,0.0
2024-11-29 09:06:00-05:00,136.7999,136.81,136.76,136.78,0,0.0,0.0
2024-11-29 09:07:00-05:00,136.76,136.78,136.66,136.75,0,0.0,0.0
2024-11-29 09:08:00-05:00,136.75,136.76,136.7,136.7501,0,0.0,0.0
2024-11-29 09:09:00-05:00,136.765,136.8,136.75,136.8,0,0.0,0.0
2024-11-29 09:10:00-05:00,136.79,136.8,136.77,136.8,0,0.0,0.0
2024-11-29 09:11:00-05:00,136.7701,136.79,136.75,136.79,0,0.0,0.0
2024-11-29 09:12:00-05:00,136.8,136.8,136.72,136.72,0,0.0,0.0
2024-11-29 09:13:00-05:00,136.72,136.87,136.72,136.87,0,0.0,0.0
2024-11-29 09:14:00-05:00,136.87,136.87,136.81,136.87,0,0.0,0.0
2024-11-29 09:15:00-05:00,136.85,136.87,136.8,136.82,0,0.0,0.0
2024-11-29 09:16:00-05:00,136.81,136.88,136.8,136.88,0,0.0,0.0
2024-11-29 09:17:00-05:00,136.88,136.96,136.88,136.9,0,0.0,0.0
2024-11-29 09:18:00-05:00,136.9,136.9,136.77,136.79,0,0.0,0.0
2024-11-29 09:19:00-05:00,136.785,136.8,136.7318,136.74,0,0.0,0.0
2024-11-29 09:20:00-05:00,136.77,136.8,136.75,136.8,0,0.0,0.0
2024-11-29 09:21:00-05:00,136.8,136.8,136.75,136.765,0,0.0,0.0
2024-11-29 09:22:00-05:00,136.76,136.7696,136.65,136.65,0,0.0,0.0
2024-11-29 09:23:00-05:00,136.65,136.73,132.51,136.73,0,0.0,0.0
2024-11-29 09:24:00-05:00,136.73,138.15,136.6506,136.67,0,0.0,0.0
2024-11-29 09:25:00-05:00,136.67,136.7,136.65,136.68,0,0.0,0.0
2024-11-29 09:26:00-05:00,136.68,136.74,136.65,136.6724,0,0.0,0.0
2024-11-29 09:27:00-05:00,136.7,136.89,136.66,136.77,0,0.0,0.0
2024-11-29 09:28:00-05:00,136.81,136.81,136.65,136.68,0,0.0,0.0
2024-11-29 09:29:00-05:00,136.69,136.75,136.6718,136.71,0,0.0,0.0
2024-11-29 09:30:00-05:00,136.85000610351562,136.97999572753906,136.47000122070312,136.5,12360146,0.0,0.0
2024-11-29 09:31:00-05:00,136.48500061035156,137.06959533691406,136.47000122070312,136.80999755859375,1206607,0.0,0.0
2024-11-29 09:32:00-05:00,136.79400634765625,136.8300018310547,136.16000366210938,136.80990600585938,945006,0.0,0.0
2024-11-29 09:33:00-05:00,136.79139709472656,136.83999633789062,136.4499969482422,136.6999969482422,582159,0.0,0.0
2024-11-29 09:34:00-05:00,136.70989990234375,136.7899932861328,136.1501007080078,136.3509979248047,639845,0.0,0.0
2024-11-29 09:35:00-05:00,136.35000610351562,136.38999938964844,136.0500030517578,136.33999633789062,706615,0.0,0.0
2024-11-29 09:36:00-05:00,136.343994140625,136.8300018310547,136.2301025390625,136.7801055908203,827627,0.0,0.0
2024-11-29 09:37:00-05:00,136.781494140625,136.92999267578125,136.65499877929688,136.89999389648438,851833,0.0,0.0
2024-11-29 09:38:00-05:00,136.9199981689453,137.0500030517578,136.77000427246094,136.77999877929688,1004609,0.0,0.0
2024-11-29 09:39:00-05:00,136.77499389648438,136.97999572753906,136.5800018310547,136.91000366210938,673961,0.0,0.0
2024-11-29 09:40:00-05:00,136.9199981689453,136.97000122070312,136.67999267578125,136.7100067138672,631672,0.0,0.0
2024-11-29 09:41:00-05:00,136.7100067138672,136.8800048828125,136.58999633789062,136.60699462890625,481237,0.0,0.0
2024-11-29 09:42:00-05:00,136.58999633789062,136.60000610351562,136.3800048828125,136.49009704589844,605472,0.0,0.0
2024-11-29 09:43:00-05:00,136.49000549316406,136.8300018310547,136.4600067138672,136.7799072265625,536998,0.0,0.0
2024-11-29 09:44:00-05:00,136.7799072265625,136.94000244140625,136.6201934814453,136.91969299316406,498067,0.0,0.0
2024-11-29 09:45:00-05:00,136.9199981689453,137.0399932861328,136.63999938964844,136.82000732421875,842152,0.0,0.0
2024-11-29 09:46:00-05:00,136.82919311523438,137.0,136.75999450683594,136.99000549316406,461699,0.0,0.0
2024-11-29 09:47:00-05:00,137.0,137.1999969482422,136.9199981689453,136.98179626464844,989972,0.0,0.0
2024-11-29 09:48:00-05:00,136.97999572753906,137.1199951171875,136.82000732421875,136.91000366210938,662765,0.0,0.0
2024-11-29 09:49:00-05:00,136.91000366210938,136.9199981689453,136.68020629882812,136.73989868164062,509746,0.0,0.0
2024-11-29 09:50:00-05:00,136.74000549316406,137.2899932861328,136.74000549316406,137.1999053955078,1056737,0.0,0.0
2024-11-29 09:51:00-05:00,137.1947021484375,137.3800048828125,137.13009643554688,137.36990356445312,668748,0.0,0.0
2024-11-29 09:52:00-05:00,137.37989807128906,137.67999267578125,137.32000732421875,137.67010498046875,1005348,0.0,0.0
2024-11-29 09:53:00-05:00,137.6699981689453,137.85000610351562,137.52000427246094,137.69000244140625,1125959,0.0,0.0
2024-11-29 09:54:00-05:00,137.67999267578125,137.75999450683594,137.5,137.6999969482422,666074,0.0,0.0
2024-11-29 09:55:00-05:00,137.6999969482422,137.83990478515625,137.56129455566406,137.8000030517578,595086,0.0,0.0
2024-11-29 09:56:00-05:00,137.8184051513672,137.94000244140625,137.72999572753906,137.8699951171875,724401,0.0,0.0
2024-11-29 09:57:00-05:00,137.86500549316406,138.08999633789062,137.86000061035156,137.98500061035156,1355331,0.0,0.0
2024-11-29 09:58:00-05:00,137.99000549316406,138.2899932861328,137.97000122070312,138.25999450683594,1082654,0.0,0.0
2024-11-29 09:59:00-05:00,138.26019287109375,138.49000549316406,138.25999450683594,138.47760009765625,1016663,0.0,0.0
2024-11-29 10:00:00-05:00,138.47500610351562,138.5500030517578,138.3000030517578,138.35499572753906,1069153,0.0,0.0
2024-11-29 10:01:00-05:00,138.35890197753906,138.3699951171875,138.08999633789062,138.11000061035156,836057,0.0,0.0
2024-11-29 10:02:00-05:00,138.10000610351562,138.27999877929688,138.0,138.27000427246094,897690,0.0,0.0
2024-11-29 10:03:00-05:00,138.25999450683594,138.4499969482422,138.13999938964844,138.1999969482422,737115,0.0,0.0
2024-11-29 10:04:00-05:00,138.20919799804688,138.44000244140625,138.1699981689453,138.43800354003906,555246,0.0,0.0
2024-11-29 10:05:00-05:00,138.44000244140625,138.75999450683594,138.4199981689453,138.72999572753906,1164896,0.0,0.0
2024-11-29 10:06:00-05:00,138.72000122070312,138.85000610351562,138.6999969482422,138.75990295410156,916098,0.0,0.0
2024-11-29 10:07:00-05:00,138.7550048828125,138.97000122070312,138.5800018310547,138.88999938964844,1043070,0.0,0.0
2024-11-29 10:08:00-05:00,138.88999938964844,139.09710693359375,138.8300018310547,139.07919311523438,1293202,0.0,0.0
2024-11-29 10:09:00-05:00,139.07000732421875,139.2100067138672,138.92999267578125,139.19000244140625,1087997,0.0,0.0
2024-11-29 10:10:00-05:00,139.19000244140625,139.22000122070312,139.02999877929688,139.13999938964844,778518,0.0,0.0
2024-11-29 10:11:00-05:00,139.13999938964844,139.3300018310547,139.10000610351562,139.22500610351562,1081746,0.0,0.0
2024-11-29 10:12:00-05:00,139.2292938232422,139.27999877929688,138.97000122070312,139.03500366210938,950473,0.0,0.0
2024-11-29 10:13:00-05:00,139.03500366210938,139.2998046875,139.02999877929688,139.24000549316406,655391,0.0,0.0
2024-11-29 10:14:00-05:00,139.24000549316406,139.32000732421875,139.10009765625,139.19000244140625,470236,0.0,0.0
2024-11-29 10:15:00-05:00,139.1800994873047,139.22000122070312,138.89999389648438,138.9149932861328,797742,0.0,0.0
2024-11-29 10:16:00-05:00,138.91000366210938,139.24000549316406,138.89999389648438,139.10800170898438,678478,0.0,0.0
2024-11-29 10:17:00-05:00,139.11000061035156,139.30870056152344,139.05999755859375,139.25990295410156,628427,0.0,0.0
2024-11-29 10:18:00-05:00,139.2550048828125,139.3000030517578,139.02999877929688,139.05999755859375,498917,0.0,0.0
2024-11-29 10:19:00-05:00,139.0449981689453,139.27000427246094,139.0399932861328,139.25,488394,0.0,0.0
2024-11-29 10:20:00-05:00,139.2449951171875,139.35000610351562,139.02999877929688,139.1009979248047,740206,0.0,0.0
2024-11-29 10:21:00-05:00,139.10499572753906,139.27999877929688,139.0500030517578,139.1199951171875,483975,0.0,0.0
2024-11-29 10:22:00-05:00,139.1300048828125,139.2899932861328,138.9600067138672,139.1020050048828,653357,0.0,0.0
2024-11-29 10:23:00-05:00,139.10800170898438,139.12989807128906,138.9199981689453,138.97940063476562,582544,0.0,0.0
2024-11-29 10:24:00-05:00,138.99000549316406,138.99000549316406,138.67999267578125,138.74000549316406,796048,0.0,0.0
2024-11-29 10:25:00-05:00,138.74000549316406,138.89999389648438,138.7100067138672,138.7899932861328,574256,0.0,0.0
2024-11-29 10:26:00-05:00,138.78829956054688,138.82000732421875,138.64500427246094,138.68499755859375,577134,0.0,0.0
2024-11-29 10:27:00-05:00,138.69000244140625,138.8000030517578,138.66000366210938,138.7449951171875,473761,0.0,0.0
2024-11-29 10:28:00-05:00,138.7449951171875,138.80999755859375,138.6699981689453,138.7100067138672,519522,0.0,0.0
2024-11-29 10:29:00-05:00,138.7100067138672,138.8000030517578,138.64999389648438,138.6750030517578,378466,0.0,0.0
2024-11-29 10:30:00-05:00,138.6699981689453,138.80990600585938,138.5800018310547,138.69500732421875,739352,0.0,0.0
2024-11-29 10:31:00-05:00,138.6999969482422,138.80999755859375,138.69000244140625,138.77499389648438,340779,0.0,0.0
2024-11-29 10:32:00-05:00,138.7899932861328,139.0,138.76499938964844,139.0,647298,0.0,0.0
2024-11-29 10:33:00-05:00,138.9925994873047,139.0399932861328,138.91000366210938,138.9499969482422,518876,0.0,0.0
2024-11-29 10:34:00-05:00,138.9499969482422,139.1300048828125,138.8699951171875,139.12010192871094,441603,0.0,0.0
2024-11-29 10:35:00-05:00,139.125,139.1300048828125,138.91000366210938,138.97019958496094,392739,0.0,0.0
2024-11-29 10:36:00-05:00,138.97650146484375,139.10000610351562,138.82000732421875,139.0399932861328,449389,0.0,0.0
2024-11-29 10:37:00-05:00,139.0469970703125,139.10000610351562,138.9250030517578,138.94009399414062,357686,0.0,0.0
2024-11-29 10:38:00-05:00,138.9250030517578,139.10000610351562,138.9250030517578,138.9801025390625,353696,0.0,0.0
2024-11-29 10:39:00-05:00,138.9907989501953,139.0399932861328,138.9499969482422,139.00010681152344,287019,0.0,0.0
2024-11-29 10:40:00-05:00,139.0050048828125,139.0050048828125,138.84010314941406,138.84500122070312,356235,0.0,0.0
2024-11-29 10:41:00-05:00,138.83999633789062,139.0659942626953,138.83999633789062,139.02999877929688,358728,0.0,0.0
2024-11-29 10:42:00-05:00,139.035400390625,139.05999755859375,138.9600067138672,138.97500610351562,359940,0.0,0.0
2024-11-29 10:43:00-05:00,138.97500610351562,139.14999389648438,138.97500610351562,139.02969360351562,428037,0.0,0.0
2024-11-29 10:44:00-05:00,139.02999877929688,139.02999877929688,138.8643035888672,138.9149932861328,382154,0.0,0.0
2024-11-29 10:45:00-05:00,138.89999389648438,138.92999267578125,138.69000244140625,138.75,553073,0.0,0.0
2024-11-29 10:46:00-05:00,138.75999450683594,138.77999877929688,138.50999450683594,138.5989990234375,543656,0.0,0.0
2024-11-29 10:47:00-05:00,138.60350036621094,138.63999938964844,138.36000061035156,138.42999267578125,866666,0.0,0.0
2024-11-29 10:48:00-05:00,138.42669677734375,138.56829833984375,138.2899932861328,138.2949981689453,589945,0.0,0.0
2024-11-29 10:49:00-05:00,138.2899932861328,138.44000244140625,138.25,138.32159423828125,731735,0.0,0.0
2024-11-29 10:50:00-05:00,138.32000732421875,138.49000549316406,138.25,138.2949981689453,671552,0.0,0.0
2024-11-29 10:51:00-05:00,138.30999755859375,138.5,138.3000030517578,138.44000244140625,563985,0.0,0.0
2024-11-29 10:52:00-05:00,138.4199981689453,138.5,138.3300018310547,138.3699951171875,300350,0.0,0.0
2024-11-29 10:53:00-05:00,138.36500549316406,138.5,138.36019897460938,138.4700927734375,269123,0.0,0.0
2024-11-29 10:54:00-05:00,138.472900390625,138.5399932861328,138.39999389648438,138.50880432128906,266102,0.0,0.0
2024-11-29 10:55:00-05:00,138.5,138.61000061035156,138.4499969482422,138.50999450683594,362949,0.0,0.0
2024-11-29 10:56:00-05:00,138.49000549316406,138.57000732421875,138.4600067138672,138.52000427246094,306285,0.0,0.0
2024-11-29 10:57:00-05:00,138.50999450683594,138.5198974609375,138.3800048828125,138.38900756835938,275786,0.0,0.0
2024-11-29 10:58:00-05:00,138.38499450683594,138.4499969482422,138.35000610351562,138.36129760742188,358391,0.0,0.0
2024-11-29 10:59:00-05:00,138.36500549316406,138.52000427246094,138.33999633789062,138.389892578125,341923,0.0,0.0
2024-11-29 11:00:00-05:00,138.38499450683594,138.49000549316406,138.3800048828125,138.47000122070312,235914,0.0,0.0
2024-11-29 11:01:00-05:00,138.47000122070312,138.6699981689453,138.4600067138672,138.60809326171875,456843,0.0,0.0
2024-11-29 11:02:00-05:00,138.60499572753906,138.66990661621094,138.55999755859375,138.65499877929688,279869,0.0,0.0
2024-11-29 11:03:00-05:00,138.65499877929688,138.6649932861328,138.5800018310547,138.62669372558594,285068,0.0,0.0
2024-11-29 11:04:00-05:00,138.6199951171875,138.625,138.3699951171875,138.4600067138672,458233,0.0,0.0
2024-11-29 11:05:00-05:00,138.44000244140625,138.52000427246094,138.360107421875,138.50999450683594,295938,0.0,0.0
2024-11-29 11:06:00-05:00,138.50970458984375,138.52000427246094,138.25999450683594,138.3000030517578,463395,0.0,0.0
2024-11-29 11:07:00-05:00,138.29879760742188,138.5399932861328,138.27999877929688,138.52000427246094,433897,0.0,0.0
2024-11-29 11:08:00-05:00,138.5290985107422,138.60000610351562,138.47000122070312,138.55999755859375,310476,0.0,0.0
2024-11-29 11:09:00-05:00,138.56500244140625,138.60499572753906,138.5301055908203,138.54080200195312,435506,0.0,0.0
2024-11-29 11:10:00-05:00,138.54519653320312,138.5500030517578,138.39999389648438,138.5399932861328,425491,0.0,0.0
2024-11-29 11:11:00-05:00,138.54660034179688,138.7100067138672,138.50999450683594,138.7012939453125,462927,0.0,0.0
2024-11-29 11:12:00-05:00,138.7091064453125,138.77000427246094,138.61000061035156,138.7050018310547,464109,0.0,0.0
2024-11-29 11:13:00-05:00,138.7100067138672,138.7100067138672,138.61000061035156,138.6999969482422,276225,0.0,0.0
2024-11-29 11:14:00-05:00,138.69020080566406,138.7115020751953,138.61000061035156,138.6649932861328,201808,0.0,0.0
2024-11-29 11:15:00-05:00,138.66000366210938,138.75,138.62130737304688,138.74000549316406,346540,0.0,0.0
2024-11-29 11:16:00-05:00,138.72999572753906,138.72999572753906,138.625,138.69000244140625,199112,0.0,0.0
2024-11-29 11:17:00-05:00,138.6999969482422,138.72000122070312,138.50999450683594,138.5937042236328,418922,0.0,0.0
2024-11-29 11:18:00-05:00,138.59820556640625,138.63999938964844,138.48500061035156,138.5500030517578,224963,0.0,0.0
2024-11-29 11:19:00-05:00,138.55499267578125,138.55520629882812,138.4199981689453,138.53500366210938,319213,0.0,0.0
2024-11-29 11:20:00-05:00,138.53500366210938,138.6199951171875,138.52000427246094,138.52000427246094,227624,0.0,0.0
2024-11-29 11:21:00-05:00,138.52000427246094,138.52000427246094,138.38999938964844,138.4600067138672,318814,0.0,0.0
2024-11-29 11:22:00-05:00,138.4600067138672,138.5,138.42999267578125,138.5,290361,0.0,0.0
2024-11-29 11:23:00-05:00,138.49000549316406,138.49000549316406,138.41000366210938,138.47500610351562,359299,0.0,0.0
2024-11-29 11:24:00-05:00,138.47000122070312,138.49000549316406,138.36000061035156,138.44000244140625,265044,0.0,0.0
2024-11-29 11:25:00-05:00,138.43299865722656,138.47000122070312,138.25149536132812,138.35009765625,451431,0.0,0.0
2024-11-29 11:26:00-05:00,138.35009765625,138.39999389648438,138.1999969482422,138.24000549316406,381169,0.0,0.0
2024-11-29 11:27:00-05:00,138.2519989013672,138.29989624023438,138.2100067138672,138.22500610351562,297361,0.0,0.0
2024-11-29 11:28:00-05:00,138.23500061035156,138.3699951171875,138.2100067138672,138.3699951171875,329553,0.0,0.0
2024-11-29 11:29:00-05:00,138.36000061035156,138.39999389648438,138.2899932861328,138.35000610351562,276109,0.0,0.0
2024-11-29 11:30:00-05:00,138.35000610351562,138.41799926757812,138.27999877929688,138.35499572753906,248092,0.0,0.0
2024-11-29 11:31:00-05:00,138.35000610351562,138.40989685058594,138.3300018310547,138.35499572753906,295819,0.0,0.0
2024-11-29 11:32:00-05:00,138.35299682617188,138.4499969482422,138.30999755859375,138.33999633789062,275073,0.0,0.0
2024-11-29 11:33:00-05:00,138.33999633789062,138.35000610351562,138.25999450683594,138.310302734375,216032,0.0,0.0
2024-11-29 11:34:00-05:00,138.3101043701172,138.35000610351562,138.2449951171875,138.26499938964844,208643,0.0,0.0
2024-11-29 11:35:00-05:00,138.26300048828125,138.33990478515625,138.23199462890625,138.24000549316406,210489,0.0,0.0
2024-11-29 11:36:00-05:00,138.2449951171875,138.27890014648438,138.1300048828125,138.16000366210938,422722,0.0,0.0
2024-11-29 11:37:00-05:00,138.16009521484375,138.23500061035156,138.16000366210938,138.1999969482422,252937,0.0,0.0
2024-11-29 11:38:00-05:00,138.1999969482422,138.23880004882812,138.16009521484375,138.17999267578125,220740,0.0,0.0
2024-11-29 11:39:00-05:00,138.19500732421875,138.36000061035156,138.19500732421875,138.34140014648438,423883,0.0,0.0
2024-11-29 11:40:00-05:00,138.35000610351562,138.4499969482422,138.34500122070312,138.4499969482422,472082,0.0,0.0
2024-11-29 11:41:00-05:00,138.4499969482422,138.52000427246094,138.43499755859375,138.51919555664062,401594,0.0,0.0
2024-11-29 11:42:00-05:00,138.5186004638672,138.57809448242188,138.49000549316406,138.52000427246094,452697,0.0,0.0
2024-11-29 11:43:00-05:00,138.51010131835938,138.5399932861328,138.44000244140625,138.47000122070312,213328,0.0,0.0
2024-11-29 11:44:00-05:00,138.4550018310547,138.52999877929688,138.39999389648438,138.49000549316406,267613,0.0,0.0
2024-11-29 11:45:00-05:00,138.48919677734375,138.5800018310547,138.47000122070312,138.57969665527344,216787,0.0,0.0
2024-11-29 11:46:00-05:00,138.5749969482422,138.6199951171875,138.5,138.61500549316406,244224,0.0,0.0
2024-11-29 11:47:00-05:00,138.61019897460938,138.69900512695312,138.5800018310547,138.68499755859375,516094,0.0,0.0
2024-11-29 11:48:00-05:00,138.69000244140625,138.72000122070312,138.6649932861328,138.71009826660156,210910,0.0,0.0
2024-11-29 11:49:00-05:00,138.7100067138672,138.8800048828125,138.6999969482422,138.8800048828125,482293,0.0,0.0
2024-11-29 11:50:00-05:00,138.8800048828125,138.88999938964844,138.76499938964844,138.85499572753906,472210,0.0,0.0
2024-11-29 11:51:00-05:00,138.85000610351562,138.91000366210938,138.82000732421875,138.8699951171875,381310,0.0,0.0
2024-11-29 11:52:00-05:00,138.875,139.0,138.86000061035156,138.98989868164062,438047,0.0,0.0
2024-11-29 11:53:00-05:00,138.98500061035156,139.01919555664062,138.92999267578125,139.0032958984375,607812,0.0,0.0
2024-11-29 11:54:00-05:00,138.9949951171875,139.00999450683594,138.9499969482422,138.97999572753906,233683,0.0,0.0
2024-11-29 11:55:00-05:00,138.97500610351562,138.9947052001953,138.94009399414062,138.9687042236328,184203,0.0,0.0
2024-11-29 11:56:00-05:00,138.96189880371094,138.9949951171875,138.94500732421875,138.97000122070312,218956,0.0,0.0
2024-11-29 11:57:00-05:00,138.97500610351562,138.97869873046875,138.8800048828125,138.9499969482422,329053,0.0,0.0
2024-11-29 11:58:00-05:00,138.94039916992188,138.9499969482422,138.8800048828125,138.94500732421875,247412,0.0,0.0
2024-11-29 11:59:00-05:00,138.94790649414062,138.9499969482422,138.88499450683594,138.89999389648438,219818,0.0,0.0
2024-11-29 12:00:00-05:00,138.88999938964844,138.9091033935547,138.75999450683594,138.82899475097656,423766,0.0,0.0
2024-11-29 12:01:00-05:00,138.82969665527344,138.8300018310547,138.74000549316406,138.76019287109375,322756,0.0,0.0
2024-11-29 12:02:00-05:00,138.75999450683594,138.81829833984375,138.72300720214844,138.80999755859375,267578,0.0,0.0
2024-11-29 12:03:00-05:00,138.8199005126953,138.97999572753906,138.81280517578125,138.9499053955078,477344,0.0,0.0
2024-11-29 12:04:00-05:00,138.94009399414062,138.9738006591797,138.83999633789062,138.9199981689453,298105,0.0,0.0
2024-11-29 12:05:00-05:00,138.9199981689453,138.94000244140625,138.8350067138672,138.83889770507812,271241,0.0,0.0
2024-11-29 12:06:00-05:00,138.8350067138672,138.85000610351562,138.77000427246094,138.7949981689453,266367,0.0,0.0
2024-11-29 12:07:00-05:00,138.7899932861328,138.79949951171875,138.69000244140625,138.72979736328125,295958,0.0,0.0
2024-11-29 12:08:00-05:00,138.72979736328125,138.8179931640625,138.7100067138672,138.75999450683594,256067,0.0,0.0
2024-11-29 12:09:00-05:00,138.7711944580078,138.8000030517578,138.63499450683594,138.6699981689453,268559,0.0,0.0
2024-11-29 12:10:00-05:00,138.66000366210938,138.6699981689453,138.57000732421875,138.61000061035156,331831,0.0,0.0
2024-11-29 12:11:00-05:00,138.60000610351562,138.6999969482422,138.5800018310547,138.6291961669922,271755,0.0,0.0
2024-11-29 12:12:00-05:00,138.61990356445312,138.6999969482422,138.57000732421875,138.6649932861328,261293,0.0,0.0
2024-11-29 12:13:00-05:00,138.65499877929688,138.7899932861328,138.60009765625,138.6092071533203,279363,0.0,0.0
2024-11-29 12:14:00-05:00,138.60000610351562,138.67239379882812,138.52000427246094,138.66000366210938,297994,0.0,0.0
2024-11-29 12:15:00-05:00,138.64999389648438,138.8699951171875,138.6199951171875,138.8498992919922,335278,0.0,0.0
2024-11-29 12:16:00-05:00,138.85000610351562,138.92999267578125,138.80999755859375,138.87879943847656,293566,0.0,0.0
2024-11-29 12:17:00-05:00,138.875,138.97999572753906,138.8300018310547,138.97000122070312,319089,0.0,0.0
2024-11-29 12:18:00-05:00,138.97000122070312,139.02999877929688,138.90750122070312,138.98280334472656,597180,0.0,0.0
2024-11-29 12:19:00-05:00,138.97500610351562,139.02000427246094,138.89999389648438,138.9499969482422,320227,0.0,0.0
2024-11-29 12:20:00-05:00,138.94500732421875,139.0800018310547,138.86000061035156,139.05999755859375,483521,0.0,0.0
2024-11-29 12:21:00-05:00,139.0500030517578,139.0800018310547,138.84100341796875,138.91009521484375,396512,0.0,0.0
2024-11-29 12:22:00-05:00,138.9149932861328,138.99000549316406,138.8800048828125,138.89500427246094,267659,0.0,0.0
2024-11-29 12:23:00-05:00,138.88999938964844,138.89500427246094,138.82000732421875,138.83880615234375,241731,0.0,0.0
2024-11-29 12:24:00-05:00,138.83009338378906,138.8800048828125,138.82000732421875,138.85499572753906,276726,0.0,0.0
2024-11-29 12:25:00-05:00,138.85000610351562,138.9949951171875,138.85000610351562,138.99000549316406,328205,0.0,0.0
2024-11-29 12:26:00-05:00,138.98980712890625,139.02000427246094,138.92120361328125,138.94500732421875,289932,0.0,0.0
2024-11-29 12:27:00-05:00,138.94000244140625,138.97860717773438,138.8300018310547,138.85499572753906,239952,0.0,0.0
2024-11-29 12:28:00-05:00,138.85499572753906,138.88999938964844,138.75999450683594,138.76499938964844,370511,0.0,0.0
2024-11-29 12:29:00-05:00,138.8000030517578,138.88839721679688,138.76499938964844,138.82000732421875,325230,0.0,0.0
2024-11-29 12:30:00-05:00,138.81500244140625,138.88999938964844,138.77999877929688,138.82000732421875,200440,0.0,0.0
2024-11-29 12:31:00-05:00,138.8112030029297,138.84500122070312,138.77999877929688,138.8350067138672,249500,0.0,0.0
2024-11-29 12:32:00-05:00,138.83999633789062,138.8800048828125,138.80999755859375,138.8699951171875,218953,0.0,0.0
2024-11-29 12:33:00-05:00,138.86000061035156,138.9600067138672,138.86000061035156,138.92999267578125,291093,0.0,0.0
2024-11-29 12:34:00-05:00,138.9199981689453,139.0,138.91000366210938,138.97799682617188,236894,0.0,0.0
2024-11-29 12:35:00-05:00,138.97999572753906,139.02999877929688,138.91000366210938,138.9600067138672,354045,0.0,0.0
2024-11-29 12:36:00-05:00,138.9550018310547,138.96780395507812,138.8699951171875,138.92999267578125,342323,0.0,0.0
2024-11-29 12:37:00-05:00,138.92999267578125,138.9499969482422,138.7899932861328,138.85989379882812,314929,0.0,0.0
2024-11-29 12:38:00-05:00,138.8520965576172,138.8699951171875,138.7100067138672,138.7700958251953,383590,0.0,0.0
2024-11-29 12:39:00-05:00,138.77000427246094,138.82000732421875,138.74000549316406,138.80880737304688,272384,0.0,0.0
2024-11-29 12:40:00-05:00,138.80990600585938,138.8249969482422,138.69000244140625,138.7050018310547,458282,0.0,0.0
2024-11-29 12:41:00-05:00,138.7050018310547,138.75,138.6300048828125,138.6804962158203,375868,0.0,0.0
2024-11-29 12:42:00-05:00,138.68499755859375,138.73500061035156,138.62010192871094,138.63499450683594,251033,0.0,0.0
2024-11-29 12:43:00-05:00,138.63499450683594,138.6699981689453,138.58999633789062,138.64999389648438,385192,0.0,0.0
2024-11-29 12:44:00-05:00,138.64889526367188,138.67999267578125,138.57000732421875,138.60499572753906,277403,0.0,0.0
2024-11-29 12:45:00-05:00,138.60499572753906,138.6199951171875,138.5500030517578,138.61500549316406,270962,0.0,0.0
2024-11-29 12:46:00-05:00,138.61500549316406,138.6199951171875,138.44000244140625,138.53050231933594,677408,0.0,0.0
2024-11-29 12:47:00-05:00,138.54400634765625,138.55999755859375,138.4600067138672,138.5,354888,0.0,0.0
2024-11-29 12:48:00-05:00,138.49819946289062,138.57000732421875,138.4499969482422,138.52499389648438,488275,0.0,0.0
2024-11-29 12:49:00-05:00,138.52000427246094,138.639892578125,138.49000549316406,138.6199951171875,373989,0.0,0.0
2024-11-29 12:50:00-05:00,138.625,138.75,138.41000366210938,138.7301025390625,843150,0.0,0.0
2024-11-29 12:51:00-05:00,138.73590087890625,138.75,138.52000427246094,138.5500030517578,492246,0.0,0.0
2024-11-29 12:52:00-05:00,138.55499267578125,138.64999389648438,138.52000427246094,138.60499572753906,337313,0.0,0.0
2024-11-29 12:53:00-05:00,138.60000610351562,138.7100067138672,138.5800018310547,138.6750030517578,376176,0.0,0.0
2024-11-29 12:54:00-05:00,138.6699981689453,138.7899932861328,138.625,138.68499755859375,590331,0.0,0.0
2024-11-29 12:55:00-05:00,138.67999267578125,138.6999969482422,138.37010192871094,138.55999755859375,1007025,0.0,0.0
2024-11-29 12:56:00-05:00,138.55499267578125,138.61000061035156,138.50999450683594,138.5399932861328,576323,0.0,0.0
2024-11-29 12:57:00-05:00,138.5399932861328,138.5449981689453,138.3300018310547,138.40499877929688,808537,0.0,0.0
2024-11-29 12:58:00-05:00,138.40499877929688,138.42999267578125,138.30999755859375,138.37869262695312,873627,0.0,0.0
2024-11-29 12:59:00-05:00,138.375,138.38999938964844,138.24000549316406,138.27999877929688,1432498,0.0,0.0
2024-11-29 13:00:00-05:00,138.27999877929688,138.3000030517578,138.25,138.25,27159057,0.0,0.0
2024-11-29 13:01:00-05:00,138.3,138.31,138.15,138.195,0,0.0,0.0
2024-11-29 13:02:00-05:00,138.195,138.25,138.18,138.24,0,0.0,0.0
2024-11-29 13:03:00-05:00,138.24,138.25,138.13,138.1495,0,0.0,0.0
2024-11-29 13:04:00-05:00,138.1499,138.15,138.11,138.14,0,0.0,0.0
2024-11-29 13:05:00-05:00,138.1302,138.25,138.12,138.155,0,0.0,0.0
2024-11-29 13:06:00-05:00,138.155,138.25,138.09,138.0997,0,0.0,0.0
2024-11-29 13:07:00-05:00,138.085,138.1,138.0,138.005,0,0.0,0.0
2024-11-29 13:08:00-05:00,138.01,138.25,138.0,138.0401,0,0.0,0.0
2024-11-29 13:09:00-05:00,138.0543,138.1,138.04,138.04,0,0.0,0.0
2024-11-29 13:10:00-05:00,138.05,138.25,138.04,138.1299,0,0.0,0.0
2024-11-29 13:11:00-05:00,138.12,138.17,138.1,138.15,0,0.0,0.0
2024-11-29 13:12:00-05:00,138.16,138.175,138.1201,138.1699,0,0.0,0.0
2024-11-29 13:13:00-05:00,138.17,138.17,138.12,138.14,0,0.0,0.0
2024-11-29 13:14:00-05:00,138.145,138.15,138.12,138.13,0,0.0,0.0
2024-11-29 13:15:00-05:00,138.13,138.25,138.12,138.13,0,0.0,0.0
2024-11-29 13:16:00-05:00,138.13,138.14,138.1225,138.135,0,0.0,0.0
2024-11-29 13:17:00-05:00,138.14,138.15,138.13,138.14,0,0.0,0.0
2024-11-29 13:18:00-05:00,138.14,138.15,138.12,138.13,0,0.0,0.0
2024-11-29 13:19:00-05:00,138.13,138.13,138.1,138.13,0,0.0,0.0
2024-11-29 13:20:00-05:00,138.1201,138.25,138.1,138.1,0,0.0,0.0
2024-11-29 13:21:00-05:00,138.1,138.13,138.1,138.1103,0,0.0,0.0
2024-11-29 13:22:00-05:00,138.115,138.12,138.1,138.105,0,0.0,0.0
2024-11-29 13:23:00-05:00,138.105,138.12,138.08,138.08,0,0.0,0.0
2024-11-29 13:24:00-05:00,138.09,138.13,138.065,138.075,0,0.0,0.0
2024-11-29 13:25:00-05:00,138.075,138.09,138.05,138.0703,0,0.0,0.0
2024-11-29 13:26:00-05:00,138.075,138.25,138.07,138.095,0,0.0,0.0
2024-11-29 13:27:00-05:00,138.0999,138.1,138.06,138.075,0,0.0,0.0
2024-11-29 13:28:00-05:00,138.0702,138.09,138.0701,138.0899,0,0.0,0.0
2024-11-29 13:29:00-05:00,138.085,138.09,138.0701,138.0803,0,0.0,0.0
2024-11-29 13:30:00-05:00,138.0899,138.1,138.06,138.07,0,0.0,0.0
2024-11-29 13:31:00-05:00,138.065,138.07,138.05,138.0601,0,0.0,0.0
2024-11-29 13:32:00-05:00,138.07,138.07,138.03,138.05,0,0.0,0.0
2024-11-29 13:33:00-05:00,138.03,138.0301,138.01,138.01,0,0.0,0.0
2024-11-29 13:34:00-05:00,138.015,138.02,138.01,138.02,0,0.0,0.0
2024-11-29 13:35:00-05:00,138.02,138.02,138.01,138.0199,0,0.0,0.0
2024-11-29 13:36:00-05:00,138.015,138.25,138.01,138.03,0,0.0,0.0
2024-11-29 13:37:00-05:00,138.02,138.25,138.02,138.05,0,0.0,0.0
2024-11-29 13:38:00-05:00,138.05,138.07,138.0496,138.06,0,0.0,0.0
2024-11-29 13:39:00-05:00,138.055,138.09,138.03,138.07,0,0.0,0.0
2024-11-29 13:40:00-05:00,138.08,138.09,138.0501,138.061,0,0.0,0.0
2024-11-29 13:41:00-05:00,138.07,138.08,138.0401,138.065,0,0.0,0.0
2024-11-29 13:42:00-05:00,138.07,138.07,138.04,138.055,0,0.0,0.0
2024-11-29 13:43:00-05:00,138.055,138.07,138.05,138.065,0,0.0,0.0
2024-11-29 13:44:00-05:00,138.07,138.08,138.05,138.06,0,0.0,0.0
2024-11-29 13:45:00-05:00,138.08,138.11,138.06,138.109,0,0.0,0.0
2024-11-29 13:46:00-05:00,138.0801,138.11,138.045,138.045,0,0.0,0.0
2024-11-29 13:47:00-05:00,138.045,138.05,138.03,138.035,0,0.0,0.0
2024-11-29 13:48:00-05:00,138.035,138.06,138.03,138.055,0,0.0,0.0
2024-11-29 13:49:00-05:00,138.055,138.25,138.05,138.075,0,0.0,0.0
2024-11-29 13:50:00-05:00,138.075,138.11,138.07,138.105,0,0.0,0.0
2024-11-29 13:51:00-05:00,138.1,138.16,138.1,138.16,0,0.0,0.0
2024-11-29 13:52:00-05:00,138.16,138.22,138.15,138.205,0,0.0,0.0
2024-11-29 13:53:00-05:00,138.2,138.28,138.2,138.25,0,0.0,0.0
2024-11-29 13:54:00-05:00,138.25,138.28,138.23,138.26,0,0.0,0.0
2024-11-29 13:55:00-05:00,138.27,138.29,138.2501,138.2501,0,0.0,0.0
2024-11-29 13:56:00-05:00,138.255,138.3,138.2308,138.275,0,0.0,0.0
2024-11-29 13:57:00-05:00,138.29,138.385,138.28,138.35,0,0.0,0.0
2024-11-29 13:58:00-05:00,138.36,138.38,138.3,138.3,0,0.0,0.0
2024-11-29 13:59:00-05:00,138.305,138.33,138.2112,138.26,0,0.0,0.0
2024-11-29 14:00:00-05:00,138.275,138.275,138.2,138.235,0,0.0,0.0
2024-11-29 14:01:00-05:00,138.24,138.27,138.2,138.23,0,0.0,0.0
2024-11-29 14:02:00-05:00,138.22,138.28,138.21,138.22,0,0.0,0.0
2024-11-29 14:03:00-05:00,138.28,138.28,138.22,138.245,0,0.0,0.0
2024-11-29 14:04:00-05:00,138.25,138.27,138.22,138.25,0,0.0,0.0
2024-11-29 14:05:00-05:00,138.245,138.27,138.245,138.265,0,0.0,0.0
2024-11-29 14:06:00-05:00,138.26,138.3,138.26,138.27,0,0.0,0.0
2024-11-29 14:07:00-05:00,138.29,138.3,138.25,138.27,0,0.0,0.0
2024-11-29 14:08:00-05:00,138.25,138.3,138.25,138.28,0,0.0,0.0
2024-11-29 14:09:00-05:00,138.28,138.29,138.26,138.26,0,0.0,0.0
2024-11-29 14:10:00-05:00,138.275,138.2899,138.26,138.28,0,0.0,0.0
2024-11-29 14:11:00-05:00,138.28,138.29,138.25,138.265,0,0.0,0.0
2024-11-29 14:12:00-05:00,138.28,138.28,138.25,138.27,0,0.0,0.0
2024-11-29 14:13:00-05:00,138.26,138.28,138.25,138.26,0,0.0,0.0
2024-11-29 14:14:00-05:00,138.2599,138.28,138.25,138.27,0,0.0,0.0
2024-11-29 14:15:00-05:00,138.275,138.28,138.25,138.265,0,0.0,0.0
2024-11-29 14:16:00-05:00,138.27,138.27,138.25,138.26,0,0.0,0.0
2024-11-29 14:17:00-05:00,138.2699,138.27,138.25,138.26,0,0.0,0.0
2024-11-29 14:18:00-05:00,138.255,138.255,138.2,138.2099,0,0.0,0.0
2024-11-29 14:19:00-05:00,138.205,138.205,138.18,138.2,0,0.0,0.0
2024-11-29 14:20:00-05:00,138.19,138.2,138.16,138.18,0,0.0,0.0
2024-11-29 14:21:00-05:00,138.1899,138.19,138.17,138.19,0,0.0,0.0
2024-11-29 14:22:00-05:00,138.1801,138.19,138.17,138.18,0,0.0,0.0
2024-11-29 14:23:00-05:00,138.18,138.18,138.16,138.165,0,0.0,0.0
2024-11-29 14:24:00-05:00,138.17,138.17,138.13,138.13,0,0.0,0.0
2024-11-29 14:25:00-05:00,138.12,138.14,138.11,138.11,0,0.0,0.0
2024-11-29 14:26:00-05:00,138.1111,138.15,138.1111,138.15,0,0.0,0.0
2024-11-29 14:27:00-05:00,138.13,138.15,138.13,138.15,0,0.0,0.0
2024-11-29 14:28:00-05:00,138.1308,138.15,138.13,138.145,0,0.0,0.0
2024-11-29 14:29:00-05:00,138.14,138.15,138.14,138.1401,0,0.0,0.0
2024-11-29 14:30:00-05:00,138.15,138.2,138.14,138.2,0,0.0,0.0
2024-11-29 14:31:00-05:00,138.2,138.2,138.19,138.2,0,0.0,0.0
2024-11-29 14:32:00-05:00,138.1999,138.2,138.19,138.195,0,0.0,0.0
2024-11-29 14:33:00-05:00,138.2,138.2,138.19,138.195,0,0.0,0.0
2024-11-29 14:34:00-05:00,138.19,138.2,138.15,138.18,0,0.0,0.0
2024-11-29 14:35:00-05:00,138.17,138.19,138.16,138.19,0,0.0,0.0
2024-11-29 14:36:00-05:00,138.17,138.18,138.09,138.14,0,0.0,0.0
2024-11-29 14:37:00-05:00,138.13,138.16,138.11,138.16,0,0.0,0.0
2024-11-29 14:38:00-05:00,138.16,138.17,138.15,138.16,0,0.0,0.0
2024-11-29 14:39:00-05:00,138.16,138.17,138.15,138.16,0,0.0,0.0
2024-11-29 14:40:00-05:00,138.15,138.17,138.15,138.15,0,0.0,0.0
2024-11-29 14:41:00-05:00,138.155,138.17,138.15,138.15,0,0.0,0.0
2024-11-29 14:42:00-05:00,138.17,138.2,138.15,138.19,0,0.0,0.0
2024-11-29 14:43:00-05:00,138.1982,138.2,138.161,138.19,0,0.0,0.0
2024-11-29 14:44:00-05:00,138.185,138.21,138.17,138.1999,0,0.0,0.0
2024-11-29 14:45:00-05:00,138.2,138.22,138.19,138.21,0,0.0,0.0
2024-11-29 14:46:00-05:00,138.2,138.24,138.2,138.21,0,0.0,0.0
2024-11-29 14:47:00-05:00,138.21,138.25,138.21,138.24,0,0.0,0.0
2024-11-29 14:48:00-05:00,138.23,138.25,138.22,138.2297,0,0.0,0.0
2024-11-29 14:49:00-05:00,138.225,138.24,138.2,138.225,0,0.0,0.0
2024-11-29 14:50:00-05:00,138.225,138.23,138.22,138.2297,0,0.0,0.0
2024-11-29 14:51:00-05:00,138.22,138.245,138.22,138.23,0,0.0,0.0
2024-11-29 14:52:00-05:00,138.23,138.24,138.2,138.2,0,0.0,0.0
2024-11-29 14:53:00-05:00,138.21,138.23,138.21,138.23,0,0.0,0.0
2024-11-29 14:54:00-05:00,138.225,138.23,138.22,138.23,0,0.0,0.0
2024-11-29 14:55:00-05:00,138.22,138.23,138.21,138.22,0,0.0,0.0
2024-11-29 14:56:00-05:00,138.21,138.22,138.2,138.215,0,0.0,0.0
2024-11-29 14:57:00-05:00,138.21,138.22,138.2,138.21,0,0.0,0.0
2024-11-29 14:58:00-05:00,138.2,138.21,138.2,138.205,0,0.0,0.0
2024-11-29 14:59:00-05:00,138.22,138.22,138.18,138.195,0,0.0,0.0
2024-11-29 15:00:00-05:00,138.2,138.2,138.19,138.1903,0,0.0,0.0
2024-11-29 15:01:00-05:00,138.195,138.4516,138.19,138.21,0,0.0,0.0
2024-11-29 15:02:00-05:00,138.22,142.596,138.2,138.22,0,0.0,0.0
2024-11-29 15:03:00-05:00,138.2059,138.22,138.2,138.205,0,0.0,0.0
2024-11-29 15:04:00-05:00,138.2,138.22,138.19,138.205,0,0.0,0.0
2024-11-29 15:05:00-05:00,138.21,138.22,138.19,138.2,0,0.0,0.0
2024-11-29 15:06:00-05:00,138.2,138.21,138.19,138.195,0,0.0,0.0
2024-11-29 15:07:00-05:00,138.19,138.2,138.19,138.2,0,0.0,0.0
2024-11-29 15:08:00-05:00,138.2,138.21,138.19,138.205,0,0.0,0.0
2024-11-29 15:09:00-05:00,138.21,138.21,138.2,138.205,0,0.0,0.0
2024-11-29 15:10:00-05:00,138.205,138.21,138.2,138.205,0,0.0,0.0
2024-11-29 15:11:00-05:00,138.2,145.5944,138.2,138.2,0,0.0,0.0
2024-11-29 15:12:00-05:00,138.2,138.21,138.19,138.195,0,0.0,0.0
2024-11-29 15:13:00-05:00,138.2,138.2,138.18,138.19,0,0.0,0.0
2024-11-29 15:14:00-05:00,138.19,146.8387,138.18,138.19,0,0.0,0.0
2024-11-29 15:15:00-05:00,138.2,145.5944,138.18,138.19,0,0.0,0.0
2024-11-29 15:16:00-05:00,138.2,138.2,138.18,138.19,0,0.0,0.0
2024-11-29 15:17:00-05:00,138.2,141.0553,129.1495,138.19,0,0.0,0.0
2024-11-29 15:18:00-05:00,138.18,138.2,138.18,138.1831,0,0.0,0.0
2024-11-29 15:19:00-05:00,138.4516,138.4516,138.18,138.18,0,0.0,0.0
2024-11-29 15:20:00-05:00,138.19,139.0312,138.19,138.2,0,0.0,0.0
2024-11-29 15:21:00-05:00,138.19,138.22,138.19,138.2,0,0.0,0.0
2024-11-29 15:22:00-05:00,138.2,141.0553,138.19,138.205,0,0.0,0.0
2024-11-29 15:23:00-05:00,138.21,138.22,138.2,138.2196,0,0.0,0.0
2024-11-29 15:24:00-05:00,138.2199,138.22,138.2,138.21,0,0.0,0.0
2024-11-29 15:25:00-05:00,138.21,146.8387,138.18,138.2,0,0.0,0.0
2024-11-29 15:26:00-05:00,138.1899,138.19,138.15,138.17,0,0.0,0.0
2024-11-29 15:27:00-05:00,138.17,138.18,138.15,138.16,0,0.0,0.0
2024-11-29 15:28:00-05:00,138.165,138.18,138.15,138.1701,0,0.0,0.0
2024-11-29 15:29:00-05:00,138.18,138.19,138.17,138.19,0,0.0,0.0
2024-11-29 15:30:00-05:00,138.19,138.2,138.18,138.1995,0,0.0,0.0
2024-11-29 15:31:00-05:00,138.2,138.2,138.18,138.1995,0,0.0,0.0
2024-11-29 15:32:00-05:00,138.19,138.2,138.19,138.1999,0,0.0,0.0
2024-11-29 15:33:00-05:00,138.2,138.2,138.16,138.1701,0,0.0,0.0
2024-11-29 15:34:00-05:00,138.18,138.18,138.16,138.18,0,0.0,0.0
2024-11-29 15:35:00-05:00,138.18,138.18,138.16,138.17,0,0.0,0.0
2024-11-29 15:36:00-05:00,138.18,138.18,138.16,138.16,0,0.0,0.0
2024-11-29 15:37:00-05:00,138.18,138.18,138.16,138.17,0,0.0,0.0
2024-11-29 15:38:00-05:00,138.175,138.18,138.17,138.1701,0,0.0,0.0
2024-11-29 15:39:00-05:00,138.18,138.18,138.17,138.17,0,0.0,0.0
2024-11-29 15:40:00-05:00,138.18,138.18,138.17,138.18,0,0.0,0.0
2024-11-29 15:41:00-05:00,138.18,138.18,138.16,138.17,0,0.0,0.0
2024-11-29 15:42:00-05:00,138.16,138.17,138.16,138.165,0,0.0,0.0
2024-11-29 15:43:00-05:00,138.17,138.17,138.16,138.165,0,0.0,0.0
2024-11-29 15:44:00-05:00,138.165,138.17,138.16,138.1601,0,0.0,0.0
2024-11-29 15:45:00-05:00,138.165,138.17,138.16,138.16,0,0.0,0.0
2024-11-29 15:46:00-05:00,138.17,138.17,138.15,138.1501,0,0.0,0.0
2024-11-29 15:47:00-05:00,138.15,138.18,138.15,138.17,0,0.0,0.0
2024-11-29 15:48:00-05:00,138.16,138.18,138.15,138.1799,0,0.0,0.0
2024-11-29 15:49:00-05:00,138.16,138.18,138.16,138.17,0,0.0,0.0
2024-11-29 15:50:00-05:00,138.16,138.18,138.15,138.155,0,0.0,0.0
2024-11-29 15:51:00-05:00,138.16,138.16,138.15,138.155,0,0.0,0.0
2024-11-29 15:52:00-05:00,138.1501,138.19,138.15,138.165,0,0.0,0.0
2024-11-29 15:53:00-05:00,138.179,138.19,138.151,138.17,0,0.0,0.0
2024-11-29 15:54:00-05:00,138.17,138.18,138.16,138.175,0,0.0,0.0
2024-11-29 15:55:00-05:00,138.18,138.18,138.17,138.18,0,0.0,0.0
2024-11-29 15:56:00-05:00,138.175,138.18,138.13,138.145,0,0.0,0.0
2024-11-29 15:57:00-05:00,138.145,138.15,138.12,138.15,0,0.0,0.0
2024-11-29 15:58:00-05:00,138.13,138.15,138.12,138.13,0,0.0,0.0
2024-11-29 15:59:00-05:00,138.12,138.15,138.0,138.12,0,0.0,0.0
2024-11-29 16:00:00-05:00,138.1,138.17,138.1,138.14,0,0.0,0.0
2024-11-29 16:01:00-05:00,138.14,138.15,138.1201,138.14,0,0.0,0.0
2024-11-29 16:02:00-05:00,138.12,138.17,138.12,138.155,0,0.0,0.0
2024-11-29 16:03:00-05:00,138.155,138.17,138.14,138.17,0,0.0,0.0
2024-11-29 16:04:00-05:00,138.17,138.17,138.15,138.165,0,0.0,0.0
2024-11-29 16:05:00-05:00,138.16,138.25,138.16,138.16,0,0.0,0.0
2024-11-29 16:06:00-05:00,138.1699,138.17,138.15,138.16,0,0.0,0.0
2024-11-29 16:07:00-05:00,138.16,138.17,138.15,138.165,0,0.0,0.0
2024-11-29 16:08:00-05:00,138.17,138.19,138.16,138.18,0,0.0,0.0
2024-11-29 16:09:00-05:00,138.18,138.19,138.17,138.17,0,0.0,0.0
2024-11-29 16:10:00-05:00,138.155,138.17,138.14,138.14,0,0.0,0.0
2024-11-29 16:11:00-05:00,138.125,138.17,138.12,138.12,0,0.0,0.0
2024-11-29 16:12:00-05:00,138.125,138.17,138.1,138.17,0,0.0,0.0
2024-11-29 16:13:00-05:00,138.14,138.16,138.1,138.125,0,0.0,0.0
2024-11-29 16:14:00-05:00,138.125,138.16,138.125,138.145,0,0.0,0.0
2024-11-29 16:15:00-05:00,138.16,138.16,138.12,138.13,0,0.0,0.0
2024-11-29 16:16:00-05:00,138.13,138.13,138.09,138.1,0,0.0,0.0
2024-11-29 16:17:00-05:00,138.08,138.1,138.08,138.09,0,0.0,0.0
2024-11-29 16:18:00-05:00,138.09,138.11,138.075,138.08,0,0.0,0.0
2024-11-29 16:19:00-05:00,138.075,138.08,138.06,138.065,0,0.0,0.0
2024-11-29 16:20:00-05:00,138.0601,138.08,138.06,138.0798,0,0.0,0.0
2024-11-29 16:21:00-05:00,138.08,138.08,138.06,138.075,0,0.0,0.0
2024-11-29 16:22:00-05:00,138.075,138.08,138.07,138.08,0,0.0,0.0
2024-11-29 16:23:00-05:00,138.075,138.1,138.07,138.07,0,0.0,0.0
2024-11-29 16:24:00-05:00,138.085,138.1,138.07,138.08,0,0.0,0.0
2024-11-29 16:25:00-05:00,138.08,138.085,138.06,138.07,0,0.0,0.0
2024-11-29 16:26:00-05:00,138.08,138.08,138.07,138.08,0,0.0,0.0
2024-11-29 16:27:00-05:00,138.0799,138.1,138.0799,138.0999,0,0.0,0.0
2024-11-29 16:28:00-05:00,138.09,138.1,138.06,138.085,0,0.0,0.0
2024-11-29 16:29:00-05:00,138.0984,138.16,138.07,138.125,0,0.0,0.0
2024-11-29 16:30:00-05:00,138.1107,138.14,138.1,138.14,0,0.0,0.0
2024-11-29 16:31:00-05:00,138.12,138.15,138.12,138.13,0,0.0,0.0
2024-11-29 16:32:00-05:00,138.14,138.14,138.12,138.1399,0,0.0,0.0
2024-11-29 16:33:00-05:00,138.14,138.19,138.1395,138.185,0,0.0,0.0
2024-11-29 16:34:00-05:00,138.18,138.2,138.16,138.16,0,0.0,0.0
2024-11-29 16:35:00-05:00,138.175,138.19,138.16,138.18,0,0.0,0.0
2024-11-29 16:36:00-05:00,138.18,138.2,138.17,138.18,0,0.0,0.0
2024-11-29 16:37:00-05:00,138.19,138.19,138.12,138.15,0,0.0,0.0
2024-11-29 16:38:00-05:00,138.14,138.18,138.11,138.12,0,0.0,0.0
2024-11-29 16:39:00-05:00,138.1,138.12,138.1,138.1002,0,0.0,0.0
2024-11-29 16:40:00-05:00,138.1,138.12,138.1,138.11,0,0.0,0.0
2024-11-29 16:41:00-05:00,138.1,138.12,138.1,138.1001,0,0.0,0.0
2024-11-29 16:42:00-05:00,138.1195,138.12,138.1,138.11,0,0.0,0.0
2024-11-29 16:43:00-05:00,138.1,138.12,138.1,138.105,0,0.0,0.0
2024-11-29 16:44:00-05:00,138.12,138.12,138.1,138.115,0,0.0,0.0
2024-11-29 16:45:00-05:00,138.12,138.12,138.11,138.115,0,0.0,0.0
2024-11-29 16:46:00-05:00,138.12,138.12,138.11,138.12,0,0.0,0.0
2024-11-29 16:47:00-05:00,138.115,138.12,138.11,138.1101,0,0.0,0.0
2024-11-29 16:48:00-05:00,138.12,138.12,138.11,138.115,0,0.0,0.0
2024-11-29 16:49:00-05:00,138.115,138.12,138.11,138.1199,0,0.0,0.0
2024-11-29 16:50:00-05:00,138.12,138.12,138.11,138.12,0,0.0,0.0
2024-11-29 16:51:00-05:00,138.12,138.12,138.11,138.115,0,0.0,0.0
2024-11-29 16:52:00-05:00,138.11,138.12,138.11,138.115,0,0.0,0.0
2024-11-29 16:53:00-05:00,138.115,138.12,138.11,138.115,0,0.0,0.0
2024-11-29 16:54:00-05:00,138.1101,138.12,138.11,138.1197,0,0.0,0.0
2024-11-29 16:55:00-05:00,138.12,138.13,138.11,138.12,0,0.0,0.0
2024-11-29 16:56:00-05:00,138.1102,138.13,138.11,138.11,0,0.0,0.0
2024-11-29 16:57:00-05:00,138.12,138.13,138.11,138.13,0,0.0,0.0
2024-11-29 16:58:00-05:00,138.11,138.13,138.11,138.125,0,0.0,0.0
2024-11-29 16:59:00-05:00,138.1299,138.15,138.12,138.12,0,0.0,0.0
