time,Open,High,Low,Close,Volume,Dividends,Stock Splits
2024-12-05 04:00:00-05:00,144.47,144.48,144.2,144.24,0,0.0,0.0
2024-12-05 04:01:00-05:00,144.27,144.54,144.16,144.5,0,0.0,0.0
2024-12-05 04:02:00-05:00,144.5,144.54,144.37,144.37,0,0.0,0.0
2024-12-05 04:03:00-05:00,144.37,144.37,144.15,144.21,0,0.0,0.0
2024-12-05 04:04:00-05:00,144.25,144.37,144.2,144.31,0,0.0,0.0
2024-12-05 04:05:00-05:00,144.26,144.33,144.18,144.32,0,0.0,0.0
2024-12-05 04:06:00-05:00,144.31,144.34,144.24,144.27,0,0.0,0.0
2024-12-05 04:07:00-05:00,144.27,144.42,144.27,144.42,0,0.0,0.0
2024-12-05 04:08:00-05:00,144.37,144.42,144.33,144.42,0,0.0,0.0
2024-12-05 04:09:00-05:00,144.4,144.5,144.4,144.45,0,0.0,0.0
2024-12-05 04:10:00-05:00,144.42,144.5,144.42,144.45,0,0.0,0.0
2024-12-05 04:11:00-05:00,144.46,144.47,144.39,144.4,0,0.0,0.0
2024-12-05 04:12:00-05:00,144.43,144.43,144.38,144.42,0,0.0,0.0
2024-12-05 04:13:00-05:00,144.41,144.43,144.33,144.43,0,0.0,0.0
2024-12-05 04:14:00-05:00,144.39,144.43,144.38,144.43,0,0.0,0.0
2024-12-05 04:15:00-05:00,144.43,144.43,144.31,144.38,0,0.0,0.0
2024-12-05 04:16:00-05:00,144.4,144.56,144.4,144.51,0,0.0,0.0
2024-12-05 04:17:00-05:00,144.51,144.55,144.48,144.54,0,0.0,0.0
2024-12-05 04:18:00-05:00,144.54,144.65,144.54,144.61,0,0.0,0.0
2024-12-05 04:19:00-05:00,144.63,144.66,144.62,144.62,0,0.0,0.0
2024-12-05 04:20:00-05:00,144.6,144.6,144.52,144.58,0,0.0,0.0
2024-12-05 04:21:00-05:00,144.58,144.58,144.52,144.56,0,0.0,0.0
2024-12-05 04:22:00-05:00,144.54,144.56,144.46,144.49,0,0.0,0.0
2024-12-05 04:23:00-05:00,144.48,144.48,144.4,144.43,0,0.0,0.0
2024-12-05 04:24:00-05:00,144.43,144.45,144.42,144.45,0,0.0,0.0
2024-12-05 04:25:00-05:00,144.45,144.48,144.45,144.47,0,0.0,0.0
2024-12-05 04:26:00-05:00,144.48,144.53,144.48,144.53,0,0.0,0.0
2024-12-05 04:27:00-05:00,144.51,144.51,144.46,144.46,0,0.0,0.0
2024-12-05 04:28:00-05:00,144.47,144.51,144.47,144.51,0,0.0,0.0
2024-12-05 04:29:00-05:00,144.48,144.51,144.47,144.51,0,0.0,0.0
2024-12-05 04:30:00-05:00,144.49,144.51,144.49,144.51,0,0.0,0.0
2024-12-05 04:31:00-05:00,144.49,144.49,144.48,144.48,0,0.0,0.0
2024-12-05 04:32:00-05:00,144.47,144.52,144.47,144.47,0,0.0,0.0
2024-12-05 04:33:00-05:00,144.48,144.48,144.48,144.48,0,0.0,0.0
2024-12-05 04:34:00-05:00,144.47,144.49,144.46,144.48,0,0.0,0.0
2024-12-05 04:35:00-05:00,144.47,144.51,144.47,144.51,0,0.0,0.0
2024-12-05 04:36:00-05:00,144.51,144.51,144.48,144.48,0,0.0,0.0
2024-12-05 04:37:00-05:00,144.46,144.47,144.41,144.44,0,0.0,0.0
2024-12-05 04:38:00-05:00,144.41,144.44,144.41,144.42,0,0.0,0.0
2024-12-05 04:39:00-05:00,144.41,144.41,144.33,144.33,0,0.0,0.0
2024-12-05 04:40:00-05:00,144.32,144.35,144.31,144.35,0,0.0,0.0
2024-12-05 04:41:00-05:00,144.41,144.41,144.36,144.38,0,0.0,0.0
2024-12-05 04:42:00-05:00,144.37,144.37,144.36,144.36,0,0.0,0.0
2024-12-05 04:43:00-05:00,144.37,144.37,144.36,144.36,0,0.0,0.0
2024-12-05 04:44:00-05:00,144.36,144.36,144.35,144.36,0,0.0,0.0
2024-12-05 04:45:00-05:00,144.36,144.37,144.36,144.36,0,0.0,0.0
2024-12-05 04:46:00-05:00,144.38,144.42,144.38,144.42,0,0.0,0.0
2024-12-05 04:47:00-05:00,144.42,144.42,144.4,144.4,0,0.0,0.0
2024-12-05 04:48:00-05:00,144.42,144.43,144.42,144.42,0,0.0,0.0
2024-12-05 04:49:00-05:00,144.43,144.43,144.41,144.41,0,0.0,0.0
2024-12-05 04:50:00-05:00,144.43,144.44,144.41,144.42,0,0.0,0.0
2024-12-05 04:51:00-05:00,144.42,144.43,144.41,144.41,0,0.0,0.0
2024-12-05 04:52:00-05:00,144.43,144.45,144.43,144.45,0,0.0,0.0
2024-12-05 04:55:00-05:00,144.46,144.48,144.46,144.47,0,0.0,0.0
2024-12-05 04:56:00-05:00,144.45,144.45,144.42,144.43,0,0.0,0.0
2024-12-05 04:57:00-05:00,144.41,144.43,144.41,144.43,0,0.0,0.0
2024-12-05 04:58:00-05:00,144.43,144.45,144.43,144.45,0,0.0,0.0
2024-12-05 04:59:00-05:00,144.45,144.45,144.44,144.44,0,0.0,0.0
2024-12-05 05:00:00-05:00,144.44,144.45,144.44,144.45,0,0.0,0.0
2024-12-05 05:01:00-05:00,144.46,144.49,144.45,144.45,0,0.0,0.0
2024-12-05 05:02:00-05:00,144.45,144.46,144.45,144.45,0,0.0,0.0
2024-12-05 05:03:00-05:00,144.45,144.49,144.45,144.48,0,0.0,0.0
2024-12-05 05:04:00-05:00,144.46,144.46,144.39,144.39,0,0.0,0.0
2024-12-05 05:05:00-05:00,144.39,144.39,144.38,144.38,0,0.0,0.0
2024-12-05 05:06:00-05:00,144.39,144.41,144.39,144.41,0,0.0,0.0
2024-12-05 05:07:00-05:00,144.42,144.42,144.42,144.42,0,0.0,0.0
2024-12-05 05:08:00-05:00,144.42,144.45,144.42,144.45,0,0.0,0.0
2024-12-05 05:09:00-05:00,144.42,144.48,144.4,144.47,0,0.0,0.0
2024-12-05 05:10:00-05:00,144.47,144.48,144.46,144.48,0,0.0,0.0
2024-12-05 05:11:00-05:00,144.46,144.5,144.46,144.5,0,0.0,0.0
2024-12-05 05:12:00-05:00,144.5,144.52,144.46,144.46,0,0.0,0.0
2024-12-05 05:13:00-05:00,144.48,144.48,144.46,144.46,0,0.0,0.0
2024-12-05 05:14:00-05:00,144.46,144.49,144.46,144.47,0,0.0,0.0
2024-12-05 05:15:00-05:00,144.49,144.5,144.42,144.42,0,0.0,0.0
2024-12-05 05:17:00-05:00,144.5,144.51,144.5,144.51,0,0.0,0.0
2024-12-05 05:18:00-05:00,144.51,144.51,144.5,144.5,0,0.0,0.0
2024-12-05 05:19:00-05:00,144.51,144.51,144.5,144.5,0,0.0,0.0
2024-12-05 05:20:00-05:00,144.48,144.51,144.48,144.51,0,0.0,0.0
2024-12-05 05:21:00-05:00,144.5,144.55,144.5,144.55,0,0.0,0.0
2024-12-05 05:22:00-05:00,144.54,144.64,144.54,144.61,0,0.0,0.0
2024-12-05 05:23:00-05:00,144.62,144.65,144.62,144.65,0,0.0,0.0
2024-12-05 05:24:00-05:00,144.62,144.62,144.53,144.53,0,0.0,0.0
2024-12-05 05:25:00-05:00,144.53,144.61,144.51,144.61,0,0.0,0.0
2024-12-05 05:26:00-05:00,144.6,144.63,144.6,144.63,0,0.0,0.0
2024-12-05 05:27:00-05:00,144.64,144.66,144.63,144.66,0,0.0,0.0
2024-12-05 05:28:00-05:00,144.66,144.66,144.65,144.65,0,0.0,0.0
2024-12-05 05:29:00-05:00,144.63,144.67,144.63,144.67,0,0.0,0.0
2024-12-05 05:30:00-05:00,144.69,144.72,144.68,144.72,0,0.0,0.0
2024-12-05 05:31:00-05:00,144.7,144.77,144.7,144.77,0,0.0,0.0
2024-12-05 05:32:00-05:00,144.77,144.77,144.64,144.64,0,0.0,0.0
2024-12-05 05:33:00-05:00,144.73,144.73,144.7,144.7,0,0.0,0.0
2024-12-05 05:34:00-05:00,144.69,144.71,144.68,144.71,0,0.0,0.0
2024-12-05 05:35:00-05:00,144.73,144.77,144.72,144.72,0,0.0,0.0
2024-12-05 05:36:00-05:00,144.72,144.72,144.64,144.64,0,0.0,0.0
2024-12-05 05:37:00-05:00,144.64,144.66,144.62,144.66,0,0.0,0.0
2024-12-05 05:38:00-05:00,144.66,144.66,144.65,144.66,0,0.0,0.0
2024-12-05 05:39:00-05:00,144.64,144.66,144.62,144.66,0,0.0,0.0
2024-12-05 05:40:00-05:00,144.67,144.67,144.65,144.65,0,0.0,0.0
2024-12-05 05:41:00-05:00,144.66,144.67,144.65,144.65,0,0.0,0.0
2024-12-05 05:42:00-05:00,144.62,144.64,144.62,144.62,0,0.0,0.0
2024-12-05 05:43:00-05:00,144.62,144.65,144.62,144.64,0,0.0,0.0
2024-12-05 05:44:00-05:00,144.63,144.63,144.56,144.56,0,0.0,0.0
2024-12-05 05:45:00-05:00,144.55,144.55,144.55,144.55,0,0.0,0.0
2024-12-05 05:46:00-05:00,144.54,144.56,144.54,144.56,0,0.0,0.0
2024-12-05 05:47:00-05:00,144.56,144.56,144.55,144.55,0,0.0,0.0
2024-12-05 05:48:00-05:00,144.55,144.58,144.55,144.56,0,0.0,0.0
2024-12-05 05:49:00-05:00,144.56,144.6,144.56,144.6,0,0.0,0.0
2024-12-05 05:51:00-05:00,144.62,144.62,144.58,144.62,0,0.0,0.0
2024-12-05 05:52:00-05:00,144.62,144.62,144.58,144.58,0,0.0,0.0
2024-12-05 05:53:00-05:00,144.59,144.65,144.59,144.63,0,0.0,0.0
2024-12-05 05:54:00-05:00,144.62,144.63,144.62,144.62,0,0.0,0.0
2024-12-05 05:55:00-05:00,144.66,144.88,144.66,144.8,0,0.0,0.0
2024-12-05 05:56:00-05:00,144.79,144.81,144.79,144.81,0,0.0,0.0
2024-12-05 05:57:00-05:00,144.79,144.82,144.76,144.82,0,0.0,0.0
2024-12-05 05:58:00-05:00,144.84,144.85,144.78,144.78,0,0.0,0.0
2024-12-05 05:59:00-05:00,144.77,144.82,144.76,144.76,0,0.0,0.0
2024-12-05 06:00:00-05:00,144.76,144.76,144.72,144.72,0,0.0,0.0
2024-12-05 06:01:00-05:00,144.73,144.77,144.73,144.77,0,0.0,0.0
2024-12-05 06:02:00-05:00,144.77,144.79,144.77,144.79,0,0.0,0.0
2024-12-05 06:03:00-05:00,144.76,144.79,144.75,144.75,0,0.0,0.0
2024-12-05 06:04:00-05:00,144.73,144.75,144.7,144.75,0,0.0,0.0
2024-12-05 06:05:00-05:00,144.73,144.73,144.72,144.72,0,0.0,0.0
2024-12-05 06:06:00-05:00,144.73,144.73,144.68,144.68,0,0.0,0.0
2024-12-05 06:07:00-05:00,144.68,144.7,144.68,144.69,0,0.0,0.0
2024-12-05 06:08:00-05:00,144.7,144.72,144.7,144.72,0,0.0,0.0
2024-12-05 06:09:00-05:00,144.71,144.71,144.68,144.68,0,0.0,0.0
2024-12-05 06:10:00-05:00,144.7,144.71,144.7,144.71,0,0.0,0.0
2024-12-05 06:11:00-05:00,144.7,144.72,144.7,144.72,0,0.0,0.0
2024-12-05 06:12:00-05:00,144.69,144.77,144.69,144.77,0,0.0,0.0
2024-12-05 06:13:00-05:00,144.73,144.79,144.7,144.79,0,0.0,0.0
2024-12-05 06:14:00-05:00,144.78,144.8,144.78,144.8,0,0.0,0.0
2024-12-05 06:15:00-05:00,144.8,144.83,144.8,144.83,0,0.0,0.0
2024-12-05 06:16:00-05:00,144.82,144.85,144.82,144.85,0,0.0,0.0
2024-12-05 06:17:00-05:00,144.83,144.86,144.82,144.82,0,0.0,0.0
2024-12-05 06:18:00-05:00,144.8,144.8,144.76,144.79,0,0.0,0.0
2024-12-05 06:19:00-05:00,144.78,144.8,144.77,144.8,0,0.0,0.0
2024-12-05 06:20:00-05:00,144.75,144.75,144.69,144.69,0,0.0,0.0
2024-12-05 06:21:00-05:00,144.67,144.69,144.66,144.66,0,0.0,0.0
2024-12-05 06:22:00-05:00,144.7,144.72,144.68,144.68,0,0.0,0.0
2024-12-05 06:23:00-05:00,144.66,144.66,144.66,144.66,0,0.0,0.0
2024-12-05 06:24:00-05:00,144.68,144.68,144.68,144.68,0,0.0,0.0
2024-12-05 06:25:00-05:00,144.66,144.68,144.66,144.68,0,0.0,0.0
2024-12-05 06:26:00-05:00,144.69,144.7,144.69,144.7,0,0.0,0.0
2024-12-05 06:27:00-05:00,144.7,144.72,144.7,144.72,0,0.0,0.0
2024-12-05 06:28:00-05:00,144.73,144.8,144.73,144.8,0,0.0,0.0
2024-12-05 06:29:00-05:00,144.81,144.82,144.81,144.82,0,0.0,0.0
2024-12-05 06:30:00-05:00,144.81,144.83,144.8,144.82,0,0.0,0.0
2024-12-05 06:31:00-05:00,144.82,144.84,144.82,144.84,0,0.0,0.0
2024-12-05 06:32:00-05:00,144.84,144.87,144.79,144.79,0,0.0,0.0
2024-12-05 06:33:00-05:00,144.79,144.83,144.79,144.83,0,0.0,0.0
2024-12-05 06:34:00-05:00,144.82,144.82,144.81,144.82,0,0.0,0.0
2024-12-05 06:35:00-05:00,144.82,144.93,144.82,144.92,0,0.0,0.0
2024-12-05 06:36:00-05:00,144.9,144.94,144.9,144.94,0,0.0,0.0
2024-12-05 06:37:00-05:00,144.94,144.94,144.92,144.94,0,0.0,0.0
2024-12-05 06:38:00-05:00,144.94,144.96,144.93,144.96,0,0.0,0.0
2024-12-05 06:39:00-05:00,144.95,144.96,144.88,144.88,0,0.0,0.0
2024-12-05 06:40:00-05:00,144.86,144.99,144.86,144.96,0,0.0,0.0
2024-12-05 06:41:00-05:00,145.0,145.08,144.97,145.06,0,0.0,0.0
2024-12-05 06:42:00-05:00,145.06,145.32,145.05,145.27,0,0.0,0.0
2024-12-05 06:43:00-05:00,145.24,145.26,145.14,145.2,0,0.0,0.0
2024-12-05 06:44:00-05:00,145.19,145.24,145.19,145.23,0,0.0,0.0
2024-12-05 06:45:00-05:00,145.24,145.26,145.17,145.25,0,0.0,0.0
2024-12-05 06:46:00-05:00,145.25,145.3,145.22,145.22,0,0.0,0.0
2024-12-05 06:47:00-05:00,145.23,145.27,145.23,145.23,0,0.0,0.0
2024-12-05 06:48:00-05:00,145.25,145.28,145.2,145.28,0,0.0,0.0
2024-12-05 06:49:00-05:00,145.26,145.26,145.2,145.21,0,0.0,0.0
2024-12-05 06:50:00-05:00,145.2,145.2,145.17,145.2,0,0.0,0.0
2024-12-05 06:51:00-05:00,145.2,145.23,145.18,145.18,0,0.0,0.0
2024-12-05 06:52:00-05:00,145.18,145.18,145.05,145.09,0,0.0,0.0
2024-12-05 06:53:00-05:00,145.08,145.14,145.08,145.14,0,0.0,0.0
2024-12-05 06:54:00-05:00,145.16,145.16,145.14,145.14,0,0.0,0.0
2024-12-05 06:55:00-05:00,145.12,145.14,145.12,145.14,0,0.0,0.0
2024-12-05 06:56:00-05:00,145.12,145.12,145.1,145.1,0,0.0,0.0
2024-12-05 06:57:00-05:00,145.11,145.13,145.1,145.11,0,0.0,0.0
2024-12-05 06:58:00-05:00,145.16,145.2,145.16,145.18,0,0.0,0.0
2024-12-05 06:59:00-05:00,145.17,145.17,145.08,145.08,0,0.0,0.0
2024-12-05 07:00:00-05:00,145.09,145.1,144.92,144.99,0,0.0,0.0
2024-12-05 07:01:00-05:00,144.98,145.01,144.95,144.98,0,0.0,0.0
2024-12-05 07:02:00-05:00,144.98,145.0,144.941,144.98,0,0.0,0.0
2024-12-05 07:03:00-05:00,144.98,145.0,144.98,145.0,0,0.0,0.0
2024-12-05 07:04:00-05:00,145.0,145.04,145.0,145.04,0,0.0,0.0
2024-12-05 07:05:00-05:00,145.049,145.08,145.0,145.08,0,0.0,0.0
2024-12-05 07:06:00-05:00,145.1,145.17,145.1,145.16,0,0.0,0.0
2024-12-05 07:07:00-05:00,145.14,145.21,145.14,145.18,0,0.0,0.0
2024-12-05 07:08:00-05:00,145.19,145.23,145.19,145.23,0,0.0,0.0
2024-12-05 07:09:00-05:00,145.23,145.23,145.11,145.14,0,0.0,0.0
2024-12-05 07:10:00-05:00,145.11,145.19,145.1,145.19,0,0.0,0.0
2024-12-05 07:11:00-05:00,145.19,145.23,145.19,145.23,0,0.0,0.0
2024-12-05 07:12:00-05:00,145.22,145.25,145.21,145.24,0,0.0,0.0
2024-12-05 07:13:00-05:00,145.25,145.33,145.25,145.33,0,0.0,0.0
2024-12-05 07:14:00-05:00,145.32,145.4,145.32,145.35,0,0.0,0.0
2024-12-05 07:15:00-05:00,145.37,145.48,145.35,145.48,0,0.0,0.0
2024-12-05 07:16:00-05:00,145.48,145.49,145.39,145.39,0,0.0,0.0
2024-12-05 07:17:00-05:00,145.39,145.46,145.39,145.46,0,0.0,0.0
2024-12-05 07:18:00-05:00,145.46,145.47,145.37,145.37,0,0.0,0.0
2024-12-05 07:19:00-05:00,145.359,145.36,145.24,145.27,0,0.0,0.0
2024-12-05 07:20:00-05:00,145.28,145.34,145.26,145.32,0,0.0,0.0
2024-12-05 07:21:00-05:00,145.3,145.34,145.29,145.3,0,0.0,0.0
2024-12-05 07:22:00-05:00,145.31,145.31,145.29,145.31,0,0.0,0.0
2024-12-05 07:23:00-05:00,145.31,145.36,145.309,145.36,0,0.0,0.0
2024-12-05 07:24:00-05:00,145.37,145.44,145.37,145.44,0,0.0,0.0
2024-12-05 07:25:00-05:00,145.45,145.48,145.41,145.45,0,0.0,0.0
2024-12-05 07:26:00-05:00,145.44,145.44,145.42,145.43,0,0.0,0.0
2024-12-05 07:27:00-05:00,145.42,145.42,145.32,145.33,0,0.0,0.0
2024-12-05 07:28:00-05:00,145.34,145.35,145.25,145.25,0,0.0,0.0
2024-12-05 07:29:00-05:00,145.27,145.37,145.26,145.32,0,0.0,0.0
2024-12-05 07:30:00-05:00,145.28,145.33,145.27,145.33,0,0.0,0.0
2024-12-05 07:31:00-05:00,145.33,145.33,145.29,145.29,0,0.0,0.0
2024-12-05 07:32:00-05:00,145.29,145.33,145.29,145.29,0,0.0,0.0
2024-12-05 07:33:00-05:00,145.3,145.4,145.3,145.4,0,0.0,0.0
2024-12-05 07:34:00-05:00,145.4,145.4,145.36,145.38,0,0.0,0.0
2024-12-05 07:35:00-05:00,145.36,145.37,145.34,145.36,0,0.0,0.0
2024-12-05 07:36:00-05:00,145.37,145.37,145.33,145.34,0,0.0,0.0
2024-12-05 07:37:00-05:00,145.36,145.36,145.32,145.33,0,0.0,0.0
2024-12-05 07:38:00-05:00,145.33,145.37,145.33,145.35,0,0.0,0.0
2024-12-05 07:39:00-05:00,145.34,145.34,145.3,145.32,0,0.0,0.0
2024-12-05 07:40:00-05:00,145.31,145.31,145.25,145.251,0,0.0,0.0
2024-12-05 07:41:00-05:00,145.27,145.27,145.23,145.23,0,0.0,0.0
2024-12-05 07:42:00-05:00,145.22,145.23,145.11,145.11,0,0.0,0.0
2024-12-05 07:43:00-05:00,145.14,145.2,145.1,145.1,0,0.0,0.0
2024-12-05 07:44:00-05:00,145.101,145.13,145.101,145.13,0,0.0,0.0
2024-12-05 07:45:00-05:00,145.13,145.13,145.09,145.11,0,0.0,0.0
2024-12-05 07:46:00-05:00,145.12,145.13,145.11,145.12,0,0.0,0.0
2024-12-05 07:47:00-05:00,145.1,145.12,145.07,145.11,0,0.0,0.0
2024-12-05 07:48:00-05:00,145.1,145.11,145.1,145.1,0,0.0,0.0
2024-12-05 07:49:00-05:00,145.11,145.16,145.1,145.15,0,0.0,0.0
2024-12-05 07:50:00-05:00,145.14,145.16,145.14,145.16,0,0.0,0.0
2024-12-05 07:51:00-05:00,145.18,145.269,145.18,145.23,0,0.0,0.0
2024-12-05 07:52:00-05:00,145.27,145.31,145.25,145.3,0,0.0,0.0
2024-12-05 07:53:00-05:00,145.3,145.31,145.27,145.28,0,0.0,0.0
2024-12-05 07:54:00-05:00,145.26,145.27,145.23,145.27,0,0.0,0.0
2024-12-05 07:55:00-05:00,145.27,145.27,145.26,145.26,0,0.0,0.0
2024-12-05 07:56:00-05:00,145.26,145.28,145.26,145.28,0,0.0,0.0
2024-12-05 07:57:00-05:00,145.29,145.29,145.28,145.28,0,0.0,0.0
2024-12-05 07:58:00-05:00,145.29,145.3,145.28,145.28,0,0.0,0.0
2024-12-05 07:59:00-05:00,145.299,145.32,145.299,145.32,0,0.0,0.0
2024-12-05 08:00:00-05:00,144.5275,145.49,144.19,145.18,0,0.0,0.0
2024-12-05 08:01:00-05:00,145.1674,145.485,144.925,145.2,0,0.0,0.0
2024-12-05 08:02:00-05:00,145.1824,145.22,145.1824,145.22,0,0.0,0.0
2024-12-05 08:03:00-05:00,145.22,145.32,145.21,145.31,0,0.0,0.0
2024-12-05 08:04:00-05:00,145.3002,145.32,145.23,145.24,0,0.0,0.0
2024-12-05 08:05:00-05:00,145.22,145.23,145.1,145.13,0,0.0,0.0
2024-12-05 08:06:00-05:00,145.14,145.18,145.1,145.115,0,0.0,0.0
2024-12-05 08:07:00-05:00,145.09,145.1,145.0,145.04,0,0.0,0.0
2024-12-05 08:08:00-05:00,145.04,145.08,144.9,145.0076,0,0.0,0.0
2024-12-05 08:09:00-05:00,144.96,145.08,144.94,145.0499,0,0.0,0.0
2024-12-05 08:10:00-05:00,145.05,145.07,145.01,145.02,0,0.0,0.0
2024-12-05 08:11:00-05:00,145.01,145.015,144.9,144.9497,0,0.0,0.0
2024-12-05 08:12:00-05:00,144.95,145.06,144.94,145.01,0,0.0,0.0
2024-12-05 08:13:00-05:00,145.01,145.1451,145.01,145.085,0,0.0,0.0
2024-12-05 08:14:00-05:00,145.109,145.13,145.03,145.055,0,0.0,0.0
2024-12-05 08:15:00-05:00,145.06,145.06,144.9795,144.99,0,0.0,0.0
2024-12-05 08:16:00-05:00,144.98,145.0163,144.97,145.0,0,0.0,0.0
2024-12-05 08:17:00-05:00,145.0079,145.0079,144.93,144.9493,0,0.0,0.0
2024-12-05 08:18:00-05:00,144.9452,144.96,144.9,144.9,0,0.0,0.0
2024-12-05 08:19:00-05:00,144.91,144.98,144.9,144.92,0,0.0,0.0
2024-12-05 08:20:00-05:00,144.94,144.9588,144.8,144.8,0,0.0,0.0
2024-12-05 08:21:00-05:00,144.8188,144.84,144.76,144.8297,0,0.0,0.0
2024-12-05 08:22:00-05:00,144.82,144.83,144.79,144.82,0,0.0,0.0
2024-12-05 08:23:00-05:00,144.81,144.82,144.76,144.78,0,0.0,0.0
2024-12-05 08:24:00-05:00,144.8,144.82,144.78,144.7999,0,0.0,0.0
2024-12-05 08:25:00-05:00,144.78,144.8,144.78,144.78,0,0.0,0.0
2024-12-05 08:26:00-05:00,144.78,144.8302,144.78,144.8302,0,0.0,0.0
2024-12-05 08:27:00-05:00,144.82,144.84,144.78,144.79,0,0.0,0.0
2024-12-05 08:28:00-05:00,144.84,144.94,144.8,144.92,0,0.0,0.0
2024-12-05 08:29:00-05:00,144.94,145.07,144.92,145.0201,0,0.0,0.0
2024-12-05 08:30:00-05:00,145.02,145.1,145.02,145.08,0,0.0,0.0
2024-12-05 08:31:00-05:00,145.0999,145.1,145.03,145.03,0,0.0,0.0
2024-12-05 08:32:00-05:00,145.04,145.11,145.02,145.11,0,0.0,0.0
2024-12-05 08:33:00-05:00,145.1,145.16,145.09,145.15,0,0.0,0.0
2024-12-05 08:34:00-05:00,145.1452,145.15,145.02,145.07,0,0.0,0.0
2024-12-05 08:35:00-05:00,145.05,145.1,145.0301,145.07,0,0.0,0.0
2024-12-05 08:36:00-05:00,145.07,145.07,145.0,145.01,0,0.0,0.0
2024-12-05 08:37:00-05:00,145.02,145.02,144.94,144.96,0,0.0,0.0
2024-12-05 08:38:00-05:00,144.95,145.0,144.9201,145.0,0,0.0,0.0
2024-12-05 08:39:00-05:00,144.995,145.02,144.97,144.99,0,0.0,0.0
2024-12-05 08:40:00-05:00,144.99,145.0,144.87,144.915,0,0.0,0.0
2024-12-05 08:41:00-05:00,144.9,144.96,144.88,144.88,0,0.0,0.0
2024-12-05 08:42:00-05:00,144.89,144.89,144.8,144.86,0,0.0,0.0
2024-12-05 08:43:00-05:00,144.8,144.85,144.8,144.84,0,0.0,0.0
2024-12-05 08:44:00-05:00,144.84,144.84,144.7098,144.715,0,0.0,0.0
2024-12-05 08:45:00-05:00,144.7,144.77,144.7,144.7499,0,0.0,0.0
2024-12-05 08:46:00-05:00,144.75,144.76,144.72,144.7394,0,0.0,0.0
2024-12-05 08:47:00-05:00,144.73,144.78,144.7,144.7236,0,0.0,0.0
2024-12-05 08:48:00-05:00,144.74,144.77,144.72,144.73,0,0.0,0.0
2024-12-05 08:49:00-05:00,144.7599,144.85,144.75,144.78,0,0.0,0.0
2024-12-05 08:50:00-05:00,144.79,144.88,144.78,144.87,0,0.0,0.0
2024-12-05 08:51:00-05:00,144.84,144.86,144.78,144.79,0,0.0,0.0
2024-12-05 08:52:00-05:00,144.78,144.87,144.78,144.87,0,0.0,0.0
2024-12-05 08:53:00-05:00,144.85,144.87,144.8,144.82,0,0.0,0.0
2024-12-05 08:54:00-05:00,144.8207,144.89,144.8207,144.89,0,0.0,0.0
2024-12-05 08:55:00-05:00,144.89,144.91,144.87,144.89,0,0.0,0.0
2024-12-05 08:56:00-05:00,144.89,144.94,144.88,144.91,0,0.0,0.0
2024-12-05 08:57:00-05:00,144.92,144.96,144.92,144.92,0,0.0,0.0
2024-12-05 08:58:00-05:00,144.93,144.96,144.88,144.8997,0,0.0,0.0
2024-12-05 08:59:00-05:00,144.8901,144.95,144.87,144.91,0,0.0,0.0
2024-12-05 09:00:00-05:00,144.9101,144.95,144.83,144.84,0,0.0,0.0
2024-12-05 09:01:00-05:00,144.84,144.96,144.81,144.9,0,0.0,0.0
2024-12-05 09:02:00-05:00,144.9,144.99,144.9,144.97,0,0.0,0.0
2024-12-05 09:03:00-05:00,144.97,144.98,144.93,144.955,0,0.0,0.0
2024-12-05 09:04:00-05:00,144.955,145.0,144.95,144.98,0,0.0,0.0
2024-12-05 09:05:00-05:00,144.985,145.07,144.98,145.02,0,0.0,0.0
2024-12-05 09:06:00-05:00,145.015,145.04,144.94,144.97,0,0.0,0.0
2024-12-05 09:07:00-05:00,144.97,144.999,144.93,144.9504,0,0.0,0.0
2024-12-05 09:08:00-05:00,144.96,145.0,144.95,144.99,0,0.0,0.0
2024-12-05 09:09:00-05:00,144.98,145.02,144.96,144.985,0,0.0,0.0
2024-12-05 09:10:00-05:00,145.0,145.02,144.95,145.0,0,0.0,0.0
2024-12-05 09:11:00-05:00,144.98,145.0,144.85,144.8519,0,0.0,0.0
2024-12-05 09:12:00-05:00,144.85,144.89,144.83,144.89,0,0.0,0.0
2024-12-05 09:13:00-05:00,144.89,144.9,144.84,144.87,0,0.0,0.0
2024-12-05 09:14:00-05:00,144.8445,144.87,144.8,144.83,0,0.0,0.0
2024-12-05 09:15:00-05:00,144.8376,144.87,144.82,144.8505,0,0.0,0.0
2024-12-05 09:16:00-05:00,144.85,144.8676,144.82,144.8391,0,0.0,0.0
2024-12-05 09:17:00-05:00,144.84,144.85,144.8,144.845,0,0.0,0.0
2024-12-05 09:18:00-05:00,144.85,144.87,144.84,144.855,0,0.0,0.0
2024-12-05 09:19:00-05:00,144.86,144.88,144.85,144.8701,0,0.0,0.0
2024-12-05 09:20:00-05:00,144.87,144.88,144.83,144.85,0,0.0,0.0
2024-12-05 09:21:00-05:00,144.84,144.85,144.81,144.84,0,0.0,0.0
2024-12-05 09:22:00-05:00,144.85,144.85,141.045,144.81,0,0.0,0.0
2024-12-05 09:23:00-05:00,144.8099,144.81,144.78,144.785,0,0.0,0.0
2024-12-05 09:24:00-05:00,144.78,144.8,144.78,144.7998,0,0.0,0.0
2024-12-05 09:25:00-05:00,144.78,144.83,144.77,144.8,0,0.0,0.0
2024-12-05 09:26:00-05:00,144.81,144.83,144.76,144.7964,0,0.0,0.0
2024-12-05 09:27:00-05:00,144.79,145.08,144.75,145.0,0,0.0,0.0
2024-12-05 09:28:00-05:00,145.08,145.15,144.9454,145.1452,0,0.0,0.0
2024-12-05 09:29:00-05:00,145.13,145.18,145.1,145.12,0,0.0,0.0
2024-12-05 09:30:00-05:00,145.1199951171875,145.14999389648438,144.25,144.25,7395439,0.0,0.0
2024-12-05 09:31:00-05:00,144.25,144.8699951171875,144.17999267578125,144.81500244140625,1415842,0.0,0.0
2024-12-05 09:32:00-05:00,144.82000732421875,145.4199981689453,144.72000122070312,145.3300018310547,1274080,0.0,0.0
2024-12-05 09:33:00-05:00,145.30999755859375,145.50999450683594,144.9199981689453,145.1300048828125,1161592,0.0,0.0
2024-12-05 09:34:00-05:00,145.1300048828125,145.59500122070312,144.9199981689453,145.5050048828125,1110323,0.0,0.0
2024-12-05 09:35:00-05:00,145.5,145.9600067138672,145.38009643554688,145.6300048828125,1538837,0.0,0.0
2024-12-05 09:36:00-05:00,145.6199951171875,145.8300018310547,145.5,145.8292999267578,974925,0.0,0.0
2024-12-05 09:37:00-05:00,145.8300018310547,145.83999633789062,145.4499969482422,145.55349731445312,823430,0.0,0.0
2024-12-05 09:38:00-05:00,145.5399932861328,145.5500030517578,145.11000061035156,145.15499877929688,879706,0.0,0.0
2024-12-05 09:39:00-05:00,145.13999938964844,145.22500610351562,144.97000122070312,145.05999755859375,865727,0.0,0.0
2024-12-05 09:40:00-05:00,145.1199951171875,145.28070068359375,144.97000122070312,144.97999572753906,904974,0.0,0.0
2024-12-05 09:41:00-05:00,144.97000122070312,145.13999938964844,144.85009765625,144.8800048828125,729349,0.0,0.0
2024-12-05 09:42:00-05:00,144.88499450683594,145.39999389648438,144.8699951171875,145.14999389648438,736024,0.0,0.0
2024-12-05 09:43:00-05:00,145.14010620117188,145.8000030517578,145.14010620117188,145.77000427246094,846537,0.0,0.0
2024-12-05 09:44:00-05:00,145.77499389648438,145.9550018310547,145.69000244140625,145.88999938964844,951461,0.0,0.0
2024-12-05 09:45:00-05:00,145.88999938964844,146.07000732421875,145.5399932861328,145.69729614257812,1464560,0.0,0.0
2024-12-05 09:46:00-05:00,145.67999267578125,145.89999389648438,145.63999938964844,145.7628936767578,528487,0.0,0.0
2024-12-05 09:47:00-05:00,145.77999877929688,145.77999877929688,145.47000122070312,145.51100158691406,573416,0.0,0.0
2024-12-05 09:48:00-05:00,145.51780700683594,145.57000732421875,145.24000549316406,145.4862060546875,825260,0.0,0.0
2024-12-05 09:49:00-05:00,145.4427947998047,145.56500244140625,145.19000244140625,145.22000122070312,629301,0.0,0.0
2024-12-05 09:50:00-05:00,145.22000122070312,145.24000549316406,144.8699951171875,144.9949951171875,984666,0.0,0.0
2024-12-05 09:51:00-05:00,144.99000549316406,145.3000030517578,144.97000122070312,145.0449981689453,653749,0.0,0.0
2024-12-05 09:52:00-05:00,145.0500030517578,145.1313934326172,144.8300018310547,144.93499755859375,653132,0.0,0.0
2024-12-05 09:53:00-05:00,144.92999267578125,145.08999633789062,144.89999389648438,144.94000244140625,547730,0.0,0.0
2024-12-05 09:54:00-05:00,144.92999267578125,145.0500030517578,144.74000549316406,144.79640197753906,684215,0.0,0.0
2024-12-05 09:55:00-05:00,144.8105926513672,144.86000061035156,144.61000061035156,144.73500061035156,617695,0.0,0.0
2024-12-05 09:56:00-05:00,144.72999572753906,144.88999938964844,144.6699981689453,144.8000030517578,457437,0.0,0.0
2024-12-05 09:57:00-05:00,144.80999755859375,144.88999938964844,144.69000244140625,144.74000549316406,383091,0.0,0.0
2024-12-05 09:58:00-05:00,144.7498016357422,144.75999450683594,144.4499969482422,144.57000732421875,759423,0.0,0.0
2024-12-05 09:59:00-05:00,144.55419921875,144.77999877929688,144.49000549316406,144.67999267578125,653166,0.0,0.0
2024-12-05 10:00:00-05:00,144.6999969482422,145.10000610351562,144.66000366210938,144.9801025390625,886575,0.0,0.0
2024-12-05 10:01:00-05:00,145.0,145.1298065185547,144.86000061035156,145.12969970703125,744898,0.0,0.0
2024-12-05 10:02:00-05:00,145.1300048828125,145.14999389648438,144.91000366210938,144.9600067138672,372514,0.0,0.0
2024-12-05 10:03:00-05:00,144.96499633789062,145.139892578125,144.8820037841797,145.0850067138672,760569,0.0,0.0
2024-12-05 10:04:00-05:00,145.085205078125,145.1999969482422,144.94000244140625,144.9600067138672,456010,0.0,0.0
2024-12-05 10:05:00-05:00,144.95799255371094,144.9799041748047,144.66000366210938,144.72999572753906,626920,0.0,0.0
2024-12-05 10:06:00-05:00,144.7449951171875,144.75999450683594,144.47999572753906,144.58009338378906,683001,0.0,0.0
2024-12-05 10:07:00-05:00,144.58349609375,144.85000610351562,144.57000732421875,144.85000610351562,413466,0.0,0.0
2024-12-05 10:08:00-05:00,144.85000610351562,145.0500030517578,144.84500122070312,145.02999877929688,576060,0.0,0.0
2024-12-05 10:09:00-05:00,145.03500366210938,145.1929931640625,145.02999877929688,145.13499450683594,521814,0.0,0.0
2024-12-05 10:10:00-05:00,145.1300048828125,145.25999450683594,144.97999572753906,145.05999755859375,729276,0.0,0.0
2024-12-05 10:11:00-05:00,145.07009887695312,145.0970001220703,144.74000549316406,144.77499389648438,511637,0.0,0.0
2024-12-05 10:12:00-05:00,144.77000427246094,145.05999755859375,144.75999450683594,144.98500061035156,370808,0.0,0.0
2024-12-05 10:13:00-05:00,144.99429321289062,145.0399932861328,144.88270568847656,145.02000427246094,268094,0.0,0.0
2024-12-05 10:14:00-05:00,145.02000427246094,145.02999877929688,144.83999633789062,144.88999938964844,208577,0.0,0.0
2024-12-05 10:15:00-05:00,144.8800048828125,145.05999755859375,144.8000030517578,145.05780029296875,366336,0.0,0.0
2024-12-05 10:16:00-05:00,145.0500030517578,145.05999755859375,144.89999389648438,144.9149932861328,240255,0.0,0.0
2024-12-05 10:17:00-05:00,144.91000366210938,144.97000122070312,144.8000030517578,144.89500427246094,282399,0.0,0.0
2024-12-05 10:18:00-05:00,144.89500427246094,145.02999877929688,144.8800048828125,144.97000122070312,325632,0.0,0.0
2024-12-05 10:19:00-05:00,144.96200561523438,145.07000732421875,144.85000610351562,144.860107421875,323143,0.0,0.0
2024-12-05 10:20:00-05:00,144.86720275878906,144.86990356445312,144.63499450683594,144.63499450683594,747454,0.0,0.0
2024-12-05 10:21:00-05:00,144.6300048828125,144.6699981689453,144.47000122070312,144.47999572753906,616489,0.0,0.0
2024-12-05 10:22:00-05:00,144.48280334472656,144.55999755859375,144.1300048828125,144.15499877929688,972970,0.0,0.0
2024-12-05 10:23:00-05:00,144.1593017578125,144.22999572753906,143.9600067138672,144.02000427246094,1130711,0.0,0.0
2024-12-05 10:24:00-05:00,144.0399932861328,144.22000122070312,143.9499969482422,144.21009826660156,755313,0.0,0.0
2024-12-05 10:25:00-05:00,144.21539306640625,144.39999389648438,144.19000244140625,144.31930541992188,541654,0.0,0.0
2024-12-05 10:26:00-05:00,144.31919860839844,144.4199981689453,144.3000030517578,144.3455047607422,302486,0.0,0.0
2024-12-05 10:27:00-05:00,144.3300018310547,144.57000732421875,144.3300018310547,144.4730987548828,471028,0.0,0.0
2024-12-05 10:28:00-05:00,144.47999572753906,144.54989624023438,144.38999938964844,144.49000549316406,322065,0.0,0.0
2024-12-05 10:29:00-05:00,144.4949951171875,144.63999938964844,144.44000244140625,144.61000061035156,432469,0.0,0.0
2024-12-05 10:30:00-05:00,144.610107421875,144.6699981689453,144.35000610351562,144.39010620117188,595836,0.0,0.0
2024-12-05 10:31:00-05:00,144.39999389648438,144.61000061035156,144.24000549316406,144.52000427246094,425519,0.0,0.0
2024-12-05 10:32:00-05:00,144.52999877929688,144.73989868164062,144.50999450683594,144.72000122070312,450458,0.0,0.0
2024-12-05 10:33:00-05:00,144.72000122070312,144.8800048828125,144.72000122070312,144.79969787597656,530610,0.0,0.0
2024-12-05 10:34:00-05:00,144.781494140625,144.8000030517578,144.5756072998047,144.58099365234375,395276,0.0,0.0
2024-12-05 10:35:00-05:00,144.5800018310547,144.63999938964844,144.5709991455078,144.610107421875,208474,0.0,0.0
2024-12-05 10:36:00-05:00,144.6114044189453,144.70989990234375,144.52999877929688,144.6221923828125,261328,0.0,0.0
2024-12-05 10:37:00-05:00,144.6300048828125,144.96519470214844,144.6300048828125,144.9499969482422,450303,0.0,0.0
2024-12-05 10:38:00-05:00,144.9499969482422,145.05999755859375,144.85499572753906,144.85519409179688,667694,0.0,0.0
2024-12-05 10:39:00-05:00,144.8699951171875,144.88999938964844,144.60000610351562,144.66650390625,403498,0.0,0.0
2024-12-05 10:40:00-05:00,144.66990661621094,144.86000061035156,144.64700317382812,144.8000030517578,275088,0.0,0.0
2024-12-05 10:41:00-05:00,144.7899932861328,144.85499572753906,144.5399932861328,144.57989501953125,308120,0.0,0.0
2024-12-05 10:42:00-05:00,144.5709991455078,144.74000549316406,144.5500030517578,144.72000122070312,252731,0.0,0.0
2024-12-05 10:43:00-05:00,144.72000122070312,144.8300018310547,144.70010375976562,144.8300018310547,304384,0.0,0.0
2024-12-05 10:44:00-05:00,144.8289031982422,144.88999938964844,144.78109741210938,144.8699951171875,301412,0.0,0.0
2024-12-05 10:45:00-05:00,144.87989807128906,144.94000244140625,144.77000427246094,144.8800048828125,286244,0.0,0.0
2024-12-05 10:46:00-05:00,144.8699951171875,144.9384002685547,144.75,144.82240295410156,274352,0.0,0.0
2024-12-05 10:47:00-05:00,144.82000732421875,144.92999267578125,144.7899932861328,144.8800048828125,317882,0.0,0.0
2024-12-05 10:48:00-05:00,144.8800048828125,145.0399932861328,144.85000610351562,144.8896942138672,683735,0.0,0.0
2024-12-05 10:49:00-05:00,144.88999938964844,144.9799041748047,144.8000030517578,144.8209991455078,280914,0.0,0.0
2024-12-05 10:50:00-05:00,144.8249969482422,144.87989807128906,144.58999633789062,144.77999877929688,378997,0.0,0.0
2024-12-05 10:51:00-05:00,144.77999877929688,144.8000030517578,144.6199951171875,144.72999572753906,189883,0.0,0.0
2024-12-05 10:52:00-05:00,144.73500061035156,144.77999877929688,144.6999969482422,144.75,217711,0.0,0.0
2024-12-05 10:53:00-05:00,144.7449951171875,144.82989501953125,144.7100067138672,144.81500244140625,225586,0.0,0.0
2024-12-05 10:54:00-05:00,144.82000732421875,145.25,144.80999755859375,145.1999969482422,1146621,0.0,0.0
2024-12-05 10:55:00-05:00,145.1999969482422,145.25999450683594,145.09140014648438,145.11000061035156,434821,0.0,0.0
2024-12-05 10:56:00-05:00,145.1199951171875,145.35499572753906,145.1060028076172,145.25999450683594,477144,0.0,0.0
2024-12-05 10:57:00-05:00,145.25799560546875,145.39999389648438,145.22999572753906,145.3300018310547,418176,0.0,0.0
2024-12-05 10:58:00-05:00,145.3249969482422,145.36000061035156,145.22999572753906,145.3000030517578,343422,0.0,0.0
2024-12-05 10:59:00-05:00,145.30999755859375,145.4499969482422,145.2899932861328,145.3300018310547,501823,0.0,0.0
2024-12-05 11:00:00-05:00,145.33999633789062,145.35000610351562,145.25,145.33050537109375,237977,0.0,0.0
2024-12-05 11:01:00-05:00,145.33999633789062,145.5500030517578,145.33009338378906,145.5290985107422,710085,0.0,0.0
2024-12-05 11:02:00-05:00,145.52999877929688,145.5800018310547,145.3699951171875,145.4700927734375,429749,0.0,0.0
2024-12-05 11:03:00-05:00,145.47999572753906,145.5,145.27999877929688,145.49000549316406,385666,0.0,0.0
2024-12-05 11:04:00-05:00,145.4801025390625,145.5,145.27999877929688,145.38999938964844,277034,0.0,0.0
2024-12-05 11:05:00-05:00,145.39500427246094,145.4788055419922,145.27999877929688,145.39999389648438,335895,0.0,0.0
2024-12-05 11:06:00-05:00,145.41000366210938,145.42010498046875,145.30999755859375,145.35989379882812,194041,0.0,0.0
2024-12-05 11:07:00-05:00,145.36000061035156,145.42999267578125,145.32000732421875,145.39999389648438,247653,0.0,0.0
2024-12-05 11:08:00-05:00,145.39500427246094,145.5800018310547,145.38999938964844,145.56500244140625,485705,0.0,0.0
2024-12-05 11:09:00-05:00,145.56629943847656,145.74000549316406,145.55999755859375,145.61000061035156,576011,0.0,0.0
2024-12-05 11:10:00-05:00,145.61000061035156,145.66000366210938,145.57000732421875,145.63999938964844,216295,0.0,0.0
2024-12-05 11:11:00-05:00,145.63119506835938,145.6999969482422,145.6199951171875,145.6999969482422,230544,0.0,0.0
2024-12-05 11:12:00-05:00,145.69000244140625,145.83999633789062,145.67999267578125,145.69119262695312,601445,0.0,0.0
2024-12-05 11:13:00-05:00,145.69850158691406,145.69859313964844,145.50999450683594,145.5800018310547,425501,0.0,0.0
2024-12-05 11:14:00-05:00,145.57000732421875,145.6300048828125,145.42999267578125,145.49009704589844,328952,0.0,0.0
2024-12-05 11:15:00-05:00,145.49000549316406,145.58999633789062,145.41000366210938,145.55499267578125,272810,0.0,0.0
2024-12-05 11:16:00-05:00,145.55099487304688,145.63999938964844,145.48500061035156,145.62010192871094,270640,0.0,0.0
2024-12-05 11:17:00-05:00,145.62759399414062,145.82000732421875,145.61000061035156,145.78500366210938,341743,0.0,0.0
2024-12-05 11:18:00-05:00,145.7808074951172,146.0500030517578,145.75999450683594,146.00999450683594,1384088,0.0,0.0
2024-12-05 11:19:00-05:00,146.0,146.02000427246094,145.92999267578125,145.95159912109375,443696,0.0,0.0
2024-12-05 11:20:00-05:00,145.9499969482422,146.0,145.89999389648438,145.92999267578125,280310,0.0,0.0
2024-12-05 11:21:00-05:00,145.92080688476562,146.02000427246094,145.8800048828125,145.97909545898438,354941,0.0,0.0
2024-12-05 11:22:00-05:00,145.97999572753906,146.1199951171875,145.9499969482422,146.07179260253906,589200,0.0,0.0
2024-12-05 11:23:00-05:00,146.0800018310547,146.19000244140625,146.02000427246094,146.0500946044922,470334,0.0,0.0
2024-12-05 11:24:00-05:00,146.05999755859375,146.1699981689453,146.01010131835938,146.10079956054688,334264,0.0,0.0
2024-12-05 11:25:00-05:00,146.10499572753906,146.14999389648438,146.01010131835938,146.04010009765625,296649,0.0,0.0
2024-12-05 11:26:00-05:00,146.0500030517578,146.05999755859375,145.86419677734375,145.90550231933594,466124,0.0,0.0
2024-12-05 11:27:00-05:00,145.9011993408203,146.02499389648438,145.8800048828125,146.0050048828125,261841,0.0,0.0
2024-12-05 11:28:00-05:00,146.00010681152344,146.02999877929688,145.9149932861328,145.98159790039062,186301,0.0,0.0
2024-12-05 11:29:00-05:00,145.98069763183594,146.0399932861328,145.87359619140625,145.94500732421875,299929,0.0,0.0
2024-12-05 11:30:00-05:00,145.94979858398438,146.2100067138672,145.9199981689453,146.1999969482422,538914,0.0,0.0
2024-12-05 11:31:00-05:00,146.20989990234375,146.22000122070312,146.11099243164062,146.21499633789062,341935,0.0,0.0
2024-12-05 11:32:00-05:00,146.22000122070312,146.2899932861328,146.18499755859375,146.25999450683594,457662,0.0,0.0
2024-12-05 11:33:00-05:00,146.2617950439453,146.3300018310547,146.24000549316406,146.30990600585938,363305,0.0,0.0
2024-12-05 11:34:00-05:00,146.3000030517578,146.31089782714844,146.11000061035156,146.17999267578125,403428,0.0,0.0
2024-12-05 11:35:00-05:00,146.1884002685547,146.19000244140625,146.08999633789062,146.16009521484375,258809,0.0,0.0
2024-12-05 11:36:00-05:00,146.1699981689453,146.44000244140625,146.1602020263672,146.36500549316406,576536,0.0,0.0
2024-12-05 11:37:00-05:00,146.36000061035156,146.37989807128906,146.27000427246094,146.27999877929688,260836,0.0,0.0
2024-12-05 11:38:00-05:00,146.28700256347656,146.30499267578125,146.13160705566406,146.17999267578125,328414,0.0,0.0
2024-12-05 11:39:00-05:00,146.18499755859375,146.24000549316406,146.08070373535156,146.0850067138672,311972,0.0,0.0
2024-12-05 11:40:00-05:00,146.08090209960938,146.1967010498047,146.0,146.19000244140625,384819,0.0,0.0
2024-12-05 11:41:00-05:00,146.19000244140625,146.25999450683594,146.08999633789062,146.12249755859375,320707,0.0,0.0
2024-12-05 11:42:00-05:00,146.1300048828125,146.36900329589844,146.1199951171875,146.30079650878906,321391,0.0,0.0
2024-12-05 11:43:00-05:00,146.3000030517578,146.3300018310547,146.19000244140625,146.2550048828125,292918,0.0,0.0
2024-12-05 11:44:00-05:00,146.27999877929688,146.5,146.27000427246094,146.4197998046875,536479,0.0,0.0
2024-12-05 11:45:00-05:00,146.4199981689453,146.49000549316406,146.36000061035156,146.4149932861328,244128,0.0,0.0
2024-12-05 11:46:00-05:00,146.41050720214844,146.5399932861328,146.3000030517578,146.38999938964844,587609,0.0,0.0
2024-12-05 11:47:00-05:00,146.39500427246094,146.44009399414062,146.30999755859375,146.3800048828125,178863,0.0,0.0
2024-12-05 11:48:00-05:00,146.37010192871094,146.3800048828125,146.25,146.32000732421875,308393,0.0,0.0
2024-12-05 11:49:00-05:00,146.30999755859375,146.31500244140625,146.17999267578125,146.1999053955078,290981,0.0,0.0
2024-12-05 11:50:00-05:00,146.1999969482422,146.38999938964844,146.19000244140625,146.33999633789062,320783,0.0,0.0
2024-12-05 11:51:00-05:00,146.3300018310547,146.33999633789062,146.22999572753906,146.25149536132812,171009,0.0,0.0
2024-12-05 11:52:00-05:00,146.25579833984375,146.25579833984375,146.0800018310547,146.17999267578125,357582,0.0,0.0
2024-12-05 11:53:00-05:00,146.1699981689453,146.1999969482422,146.07000732421875,146.13999938964844,196899,0.0,0.0
2024-12-05 11:54:00-05:00,146.14990234375,146.19000244140625,146.05999755859375,146.08999633789062,232593,0.0,0.0
2024-12-05 11:55:00-05:00,146.08999633789062,146.08999633789062,145.92999267578125,146.00010681152344,561865,0.0,0.0
2024-12-05 11:56:00-05:00,146.00999450683594,146.08990478515625,145.9499969482422,145.98500061035156,274500,0.0,0.0
2024-12-05 11:57:00-05:00,145.97999572753906,146.06500244140625,145.9700927734375,146.0301055908203,237781,0.0,0.0
2024-12-05 11:58:00-05:00,146.02999877929688,146.07000732421875,146.0,146.0655059814453,140546,0.0,0.0
2024-12-05 11:59:00-05:00,146.0601043701172,146.11000061035156,146.02999877929688,146.0749969482422,275195,0.0,0.0
2024-12-05 12:00:00-05:00,146.0800018310547,146.10000610351562,145.85000610351562,145.91000366210938,470609,0.0,0.0
2024-12-05 12:01:00-05:00,145.89999389648438,145.97999572753906,145.82000732421875,145.97000122070312,397033,0.0,0.0
2024-12-05 12:02:00-05:00,145.97999572753906,146.0800018310547,145.8699951171875,145.89500427246094,355670,0.0,0.0
2024-12-05 12:03:00-05:00,145.9001007080078,146.00990295410156,145.8800048828125,145.99929809570312,197041,0.0,0.0
2024-12-05 12:04:00-05:00,145.99000549316406,146.02969360351562,145.8699951171875,145.91000366210938,289848,0.0,0.0
2024-12-05 12:05:00-05:00,145.89999389648438,145.99000549316406,145.88999938964844,145.89500427246094,147038,0.0,0.0
2024-12-05 12:06:00-05:00,145.89999389648438,145.89999389648438,145.75999450683594,145.80740356445312,413950,0.0,0.0
2024-12-05 12:07:00-05:00,145.80499267578125,145.88999938964844,145.77999877929688,145.82000732421875,195324,0.0,0.0
2024-12-05 12:08:00-05:00,145.82020568847656,145.88999938964844,145.80999755859375,145.86669921875,204163,0.0,0.0
2024-12-05 12:09:00-05:00,145.8699951171875,145.94500732421875,145.8300018310547,145.93499755859375,191659,0.0,0.0
2024-12-05 12:10:00-05:00,145.92999267578125,146.0399932861328,145.91009521484375,145.9781951904297,277068,0.0,0.0
2024-12-05 12:11:00-05:00,145.97950744628906,145.99989318847656,145.8800048828125,145.99000549316406,205129,0.0,0.0
2024-12-05 12:12:00-05:00,145.99989318847656,146.135498046875,145.97999572753906,146.10000610351562,330574,0.0,0.0
2024-12-05 12:13:00-05:00,146.09869384765625,146.12989807128906,146.02000427246094,146.0800018310547,245431,0.0,0.0
2024-12-05 12:14:00-05:00,146.0800018310547,146.20989990234375,146.0500030517578,146.20010375976562,252931,0.0,0.0
2024-12-05 12:15:00-05:00,146.1970977783203,146.24989318847656,146.14999389648438,146.1750030517578,251736,0.0,0.0
2024-12-05 12:16:00-05:00,146.1699981689453,146.24000549316406,146.11000061035156,146.201904296875,223714,0.0,0.0
2024-12-05 12:17:00-05:00,146.2050018310547,146.25999450683594,146.125,146.2050018310547,186364,0.0,0.0
2024-12-05 12:18:00-05:00,146.2050018310547,146.3498992919922,146.2050018310547,146.3300018310547,239770,0.0,0.0
2024-12-05 12:19:00-05:00,146.3300018310547,146.35000610351562,146.2200927734375,146.27499389648438,267412,0.0,0.0
2024-12-05 12:20:00-05:00,146.27000427246094,146.27999877929688,146.14999389648438,146.19000244140625,164691,0.0,0.0
2024-12-05 12:21:00-05:00,146.18499755859375,146.2449951171875,146.1649932861328,146.1956024169922,136052,0.0,0.0
2024-12-05 12:22:00-05:00,146.19000244140625,146.19000244140625,146.08009338378906,146.1199951171875,182184,0.0,0.0
2024-12-05 12:23:00-05:00,146.11000061035156,146.11990356445312,146.05999755859375,146.07000732421875,423113,0.0,0.0
2024-12-05 12:24:00-05:00,146.0792999267578,146.16000366210938,145.93319702148438,145.98109436035156,371949,0.0,0.0
2024-12-05 12:25:00-05:00,145.97999572753906,146.05990600585938,145.97999572753906,146.00010681152344,144421,0.0,0.0
2024-12-05 12:26:00-05:00,146.0,146.13999938964844,145.97999572753906,146.13999938964844,227538,0.0,0.0
2024-12-05 12:27:00-05:00,146.13040161132812,146.1999969482422,146.07000732421875,146.1002960205078,175551,0.0,0.0
2024-12-05 12:28:00-05:00,146.10499572753906,146.17990112304688,146.0800018310547,146.12139892578125,998695,0.0,0.0
2024-12-05 12:29:00-05:00,146.1204071044922,146.1204071044922,145.98500061035156,146.0,198053,0.0,0.0
2024-12-05 12:30:00-05:00,145.99000549316406,146.03990173339844,145.9600067138672,145.9813995361328,240832,0.0,0.0
2024-12-05 12:31:00-05:00,146.0,146.0,145.8800048828125,145.9293975830078,310965,0.0,0.0
2024-12-05 12:32:00-05:00,145.9199981689453,145.99000549316406,145.91000366210938,145.92999267578125,118785,0.0,0.0
2024-12-05 12:33:00-05:00,145.9470977783203,145.9499969482422,145.8699951171875,145.92010498046875,169505,0.0,0.0
2024-12-05 12:34:00-05:00,145.9199981689453,145.9499969482422,145.83999633789062,145.9499969482422,241954,0.0,0.0
2024-12-05 12:35:00-05:00,145.9488983154297,145.98789978027344,145.88999938964844,145.88999938964844,179601,0.0,0.0
2024-12-05 12:36:00-05:00,145.89999389648438,146.00999450683594,145.89100646972656,145.99000549316406,140420,0.0,0.0
2024-12-05 12:37:00-05:00,145.99400329589844,146.05889892578125,145.94749450683594,146.05889892578125,182519,0.0,0.0
2024-12-05 12:38:00-05:00,146.05130004882812,146.16000366210938,146.02999877929688,146.05999755859375,289803,0.0,0.0
2024-12-05 12:39:00-05:00,146.05499267578125,146.1699981689453,146.05499267578125,146.12010192871094,122355,0.0,0.0
2024-12-05 12:40:00-05:00,146.12010192871094,146.17990112304688,146.09500122070312,146.10049438476562,130174,0.0,0.0
2024-12-05 12:41:00-05:00,146.1092987060547,146.13999938964844,146.0,146.0500030517578,216446,0.0,0.0
2024-12-05 12:42:00-05:00,146.05990600585938,146.05990600585938,145.89999389648438,145.93850708007812,201821,0.0,0.0
2024-12-05 12:43:00-05:00,145.93089294433594,145.9499969482422,145.86000061035156,145.9001007080078,223251,0.0,0.0
2024-12-05 12:44:00-05:00,145.90589904785156,145.90989685058594,145.83999633789062,145.8533935546875,245367,0.0,0.0
2024-12-05 12:45:00-05:00,145.860107421875,145.9199981689453,145.8300018310547,145.91000366210938,178950,0.0,0.0
2024-12-05 12:46:00-05:00,145.90609741210938,146.0,145.88999938964844,145.9949951171875,187618,0.0,0.0
2024-12-05 12:47:00-05:00,145.99899291992188,146.05999755859375,145.9499969482422,145.99000549316406,580876,0.0,0.0
2024-12-05 12:48:00-05:00,145.97999572753906,146.08999633789062,145.94000244140625,146.0699005126953,201051,0.0,0.0
2024-12-05 12:49:00-05:00,146.0655059814453,146.07000732421875,145.95989990234375,145.97000122070312,148728,0.0,0.0
2024-12-05 12:50:00-05:00,145.97500610351562,145.99000549316406,145.92250061035156,145.95010375976562,136733,0.0,0.0
2024-12-05 12:51:00-05:00,145.9499969482422,146.05999755859375,145.94000244140625,146.0050048828125,154063,0.0,0.0
2024-12-05 12:52:00-05:00,146.00010681152344,146.00990295410156,145.91000366210938,145.9149932861328,641559,0.0,0.0
2024-12-05 12:53:00-05:00,145.91000366210938,145.97999572753906,145.86000061035156,145.89999389648438,168426,0.0,0.0
2024-12-05 12:54:00-05:00,145.91000366210938,145.91000366210938,145.82000732421875,145.88009643554688,491877,0.0,0.0
2024-12-05 12:55:00-05:00,145.88609313964844,145.95889282226562,145.86000061035156,145.91000366210938,131054,0.0,0.0
2024-12-05 12:56:00-05:00,145.91659545898438,145.9600067138672,145.89120483398438,145.91990661621094,140378,0.0,0.0
2024-12-05 12:57:00-05:00,145.90020751953125,145.9499969482422,145.85499572753906,145.914794921875,123205,0.0,0.0
2024-12-05 12:58:00-05:00,145.91990661621094,145.98989868164062,145.89999389648438,145.9199981689453,151386,0.0,0.0
2024-12-05 12:59:00-05:00,145.9199981689453,145.97000122070312,145.9199981689453,145.9499053955078,96678,0.0,0.0
2024-12-05 13:00:00-05:00,145.9499969482422,145.9600067138672,145.8800048828125,145.9073028564453,156983,0.0,0.0
2024-12-05 13:01:00-05:00,145.90379333496094,146.0050048828125,145.8800048828125,145.97999572753906,184150,0.0,0.0
2024-12-05 13:02:00-05:00,145.98269653320312,145.98989868164062,145.82000732421875,145.84869384765625,188436,0.0,0.0
2024-12-05 13:03:00-05:00,145.85000610351562,145.88999938964844,145.77000427246094,145.86000061035156,268293,0.0,0.0
2024-12-05 13:04:00-05:00,145.85000610351562,145.8699951171875,145.67999267578125,145.69000244140625,324031,0.0,0.0
2024-12-05 13:05:00-05:00,145.72000122070312,145.72500610351562,145.5800018310547,145.58920288085938,1635921,0.0,0.0
2024-12-05 13:06:00-05:00,145.58999633789062,145.69000244140625,145.5850067138672,145.63499450683594,252588,0.0,0.0
2024-12-05 13:07:00-05:00,145.639892578125,145.67999267578125,145.5500030517578,145.60499572753906,213552,0.0,0.0
2024-12-05 13:08:00-05:00,145.60499572753906,145.75999450683594,145.60009765625,145.72140502929688,242468,0.0,0.0
2024-12-05 13:09:00-05:00,145.72000122070312,145.7899932861328,145.72000122070312,145.75,176011,0.0,0.0
2024-12-05 13:10:00-05:00,145.75999450683594,145.76499938964844,145.6199951171875,145.68499755859375,176956,0.0,0.0
2024-12-05 13:11:00-05:00,145.68499755859375,145.68580627441406,145.61000061035156,145.6300048828125,137180,0.0,0.0
2024-12-05 13:12:00-05:00,145.625,145.64500427246094,145.5749969482422,145.60890197753906,164782,0.0,0.0
2024-12-05 13:13:00-05:00,145.6199951171875,145.63999938964844,145.59010314941406,145.6300048828125,141551,0.0,0.0
2024-12-05 13:14:00-05:00,145.62139892578125,145.6479034423828,145.58999633789062,145.63999938964844,139012,0.0,0.0
2024-12-05 13:15:00-05:00,145.62989807128906,145.6999969482422,145.5937042236328,145.68069458007812,188320,0.0,0.0
2024-12-05 13:16:00-05:00,145.69000244140625,145.69000244140625,145.47999572753906,145.51499938964844,1416646,0.0,0.0
2024-12-05 13:17:00-05:00,145.52000427246094,145.52499389648438,145.3800048828125,145.38999938964844,369145,0.0,0.0
2024-12-05 13:18:00-05:00,145.38999938964844,145.39999389648438,145.21009826660156,145.22999572753906,587222,0.0,0.0
2024-12-05 13:19:00-05:00,145.22000122070312,145.35000610351562,145.16000366210938,145.1732940673828,358159,0.0,0.0
2024-12-05 13:20:00-05:00,145.19000244140625,145.3314971923828,145.19000244140625,145.24989318847656,270922,0.0,0.0
2024-12-05 13:21:00-05:00,145.2449951171875,145.30999755859375,145.19500732421875,145.2449951171875,225161,0.0,0.0
2024-12-05 13:22:00-05:00,145.22000122070312,145.3000030517578,145.1300048828125,145.16099548339844,352878,0.0,0.0
2024-12-05 13:23:00-05:00,145.14999389648438,145.1750030517578,144.92999267578125,144.93380737304688,856408,0.0,0.0
2024-12-05 13:24:00-05:00,144.92999267578125,144.97000122070312,144.8000030517578,144.8719940185547,502390,0.0,0.0
2024-12-05 13:25:00-05:00,144.875,144.89999389648438,144.66000366210938,144.71009826660156,649955,0.0,0.0
2024-12-05 13:26:00-05:00,144.7299041748047,144.91000366210938,144.72000122070312,144.7301025390625,422667,0.0,0.0
2024-12-05 13:27:00-05:00,144.73500061035156,144.8300018310547,144.66000366210938,144.75010681152344,359384,0.0,0.0
2024-12-05 13:28:00-05:00,144.7519073486328,144.8800048828125,144.74009704589844,144.7949981689453,238351,0.0,0.0
2024-12-05 13:29:00-05:00,144.7949981689453,144.9398956298828,144.79010009765625,144.9199981689453,305531,0.0,0.0
2024-12-05 13:30:00-05:00,144.9149932861328,144.94960021972656,144.77999877929688,144.82000732421875,334611,0.0,0.0
2024-12-05 13:31:00-05:00,144.80909729003906,144.898193359375,144.71009826660156,144.72500610351562,231295,0.0,0.0
2024-12-05 13:32:00-05:00,144.72000122070312,144.75999450683594,144.5854949951172,144.69329833984375,372364,0.0,0.0
2024-12-05 13:33:00-05:00,144.69000244140625,144.8300018310547,144.68499755859375,144.82000732421875,244261,0.0,0.0
2024-12-05 13:34:00-05:00,144.80999755859375,145.02000427246094,144.7949981689453,144.97500610351562,529150,0.0,0.0
2024-12-05 13:35:00-05:00,144.96339416503906,145.00999450683594,144.9199981689453,144.96060180664062,321999,0.0,0.0
2024-12-05 13:36:00-05:00,144.96499633789062,144.98989868164062,144.86000061035156,144.9499969482422,269325,0.0,0.0
2024-12-05 13:37:00-05:00,144.9499969482422,144.9600067138672,144.86000061035156,144.90499877929688,152336,0.0,0.0
2024-12-05 13:38:00-05:00,144.90089416503906,145.00990295410156,144.8800048828125,144.96099853515625,280220,0.0,0.0
2024-12-05 13:39:00-05:00,144.96499633789062,145.0,144.88999938964844,144.97500610351562,144332,0.0,0.0
2024-12-05 13:40:00-05:00,144.97000122070312,145.0,144.9105987548828,144.98500061035156,188500,0.0,0.0
2024-12-05 13:41:00-05:00,144.98500061035156,145.0800018310547,144.9499969482422,145.0500030517578,405691,0.0,0.0
2024-12-05 13:42:00-05:00,145.05999755859375,145.07989501953125,144.89999389648438,144.90499877929688,206253,0.0,0.0
2024-12-05 13:43:00-05:00,144.91209411621094,144.97999572753906,144.8800048828125,144.96080017089844,203758,0.0,0.0
2024-12-05 13:44:00-05:00,144.9600067138672,145.02000427246094,144.9199981689453,144.98280334472656,147758,0.0,0.0
2024-12-05 13:45:00-05:00,144.99000549316406,144.99000549316406,144.91000366210938,144.9600067138672,124317,0.0,0.0
2024-12-05 13:46:00-05:00,144.9499969482422,144.97000122070312,144.81069946289062,144.83999633789062,164617,0.0,0.0
2024-12-05 13:47:00-05:00,144.85499572753906,144.90989685058594,144.83999633789062,144.88999938964844,147389,0.0,0.0
2024-12-05 13:48:00-05:00,144.8809051513672,144.9394073486328,144.87989807128906,144.87989807128906,162298,0.0,0.0
2024-12-05 13:49:00-05:00,144.8699951171875,144.8699951171875,144.6999969482422,144.71629333496094,289210,0.0,0.0
2024-12-05 13:50:00-05:00,144.72000122070312,144.77000427246094,144.63999938964844,144.67999267578125,261920,0.0,0.0
2024-12-05 13:51:00-05:00,144.67999267578125,144.7100067138672,144.51499938964844,144.5399932861328,255732,0.0,0.0
2024-12-05 13:52:00-05:00,144.5399932861328,144.5800018310547,144.4600067138672,144.47000122070312,538459,0.0,0.0
2024-12-05 13:53:00-05:00,144.4799041748047,144.52000427246094,144.3603057861328,144.43499755859375,355552,0.0,0.0
2024-12-05 13:54:00-05:00,144.43080139160156,144.52000427246094,144.40499877929688,144.44000244140625,220143,0.0,0.0
2024-12-05 13:55:00-05:00,144.44500732421875,144.50999450683594,144.31410217285156,144.35459899902344,278881,0.0,0.0
2024-12-05 13:56:00-05:00,144.35980224609375,144.44000244140625,144.30999755859375,144.43980407714844,277084,0.0,0.0
2024-12-05 13:57:00-05:00,144.42999267578125,144.5399932861328,144.39999389648438,144.51010131835938,318529,0.0,0.0
2024-12-05 13:58:00-05:00,144.52000427246094,144.57000732421875,144.49000549316406,144.50999450683594,277655,0.0,0.0
2024-12-05 13:59:00-05:00,144.5050048828125,144.5500030517578,144.47999572753906,144.50999450683594,142212,0.0,0.0
2024-12-05 14:00:00-05:00,144.51499938964844,144.62989807128906,144.47999572753906,144.62989807128906,257741,0.0,0.0
2024-12-05 14:01:00-05:00,144.6300048828125,144.65989685058594,144.51499938964844,144.5915985107422,245571,0.0,0.0
2024-12-05 14:02:00-05:00,144.58999633789062,144.60000610351562,144.3800048828125,144.41600036621094,325188,0.0,0.0
2024-12-05 14:03:00-05:00,144.4199981689453,144.47999572753906,144.35000610351562,144.389892578125,295252,0.0,0.0
2024-12-05 14:04:00-05:00,144.3800048828125,144.47999572753906,144.36000061035156,144.4694061279297,211402,0.0,0.0
2024-12-05 14:05:00-05:00,144.4600067138672,144.60000610351562,144.4499969482422,144.5399932861328,188813,0.0,0.0
2024-12-05 14:06:00-05:00,144.53500366210938,144.55499267578125,144.4199981689453,144.5050048828125,204059,0.0,0.0
2024-12-05 14:07:00-05:00,144.50120544433594,144.72999572753906,144.49000549316406,144.6999969482422,341126,0.0,0.0
2024-12-05 14:08:00-05:00,144.70140075683594,144.82000732421875,144.70140075683594,144.81910705566406,329090,0.0,0.0
2024-12-05 14:09:00-05:00,144.81500244140625,144.8800048828125,144.7899932861328,144.875,273943,0.0,0.0
2024-12-05 14:10:00-05:00,144.8699951171875,144.8800048828125,144.80999755859375,144.82000732421875,185035,0.0,0.0
2024-12-05 14:11:00-05:00,144.8199005126953,144.83999633789062,144.79649353027344,144.80999755859375,171085,0.0,0.0
2024-12-05 14:12:00-05:00,144.79400634765625,144.86000061035156,144.77999877929688,144.82550048828125,149202,0.0,0.0
2024-12-05 14:13:00-05:00,144.82659912109375,144.91000366210938,144.82009887695312,144.88999938964844,207448,0.0,0.0
2024-12-05 14:14:00-05:00,144.9040069580078,144.99000549316406,144.8800048828125,144.97059631347656,290224,0.0,0.0
2024-12-05 14:15:00-05:00,144.97000122070312,145.0,144.9010009765625,144.9949951171875,264114,0.0,0.0
2024-12-05 14:16:00-05:00,144.99000549316406,145.0500030517578,144.9770965576172,145.04989624023438,247634,0.0,0.0
2024-12-05 14:17:00-05:00,145.0500030517578,145.07000732421875,144.96499633789062,145.0399932861328,303597,0.0,0.0
2024-12-05 14:18:00-05:00,145.03070068359375,145.08999633789062,145.01499938964844,145.0500030517578,306731,0.0,0.0
2024-12-05 14:19:00-05:00,145.0500030517578,145.0753936767578,144.97999572753906,145.07009887695312,166908,0.0,0.0
2024-12-05 14:20:00-05:00,145.0800018310547,145.1710968017578,145.0500030517578,145.11500549316406,295094,0.0,0.0
2024-12-05 14:21:00-05:00,145.11000061035156,145.1300048828125,145.0500030517578,145.11500549316406,193947,0.0,0.0
2024-12-05 14:22:00-05:00,145.10000610351562,145.10000610351562,145.00999450683594,145.0449981689453,188552,0.0,0.0
2024-12-05 14:23:00-05:00,145.0449981689453,145.0998992919922,144.97999572753906,145.03500366210938,283027,0.0,0.0
2024-12-05 14:24:00-05:00,145.03500366210938,145.0800018310547,145.02000427246094,145.0500030517578,183546,0.0,0.0
2024-12-05 14:25:00-05:00,145.0500030517578,145.05020141601562,144.9600067138672,144.99000549316406,221079,0.0,0.0
2024-12-05 14:26:00-05:00,144.9824981689453,145.0,144.85000610351562,144.96499633789062,589763,0.0,0.0
2024-12-05 14:27:00-05:00,144.96499633789062,145.0,144.9199981689453,144.98500061035156,177602,0.0,0.0
2024-12-05 14:28:00-05:00,144.9801025390625,145.02000427246094,144.92999267578125,144.96499633789062,122245,0.0,0.0
2024-12-05 14:29:00-05:00,144.96009826660156,144.99000549316406,144.82000732421875,144.87600708007812,305827,0.0,0.0
2024-12-05 14:30:00-05:00,144.86000061035156,144.95989990234375,144.85000610351562,144.94090270996094,166624,0.0,0.0
2024-12-05 14:31:00-05:00,144.9499969482422,145.07000732421875,144.9499969482422,145.06069946289062,607107,0.0,0.0
2024-12-05 14:32:00-05:00,145.0605926513672,145.07000732421875,144.99000549316406,145.00999450683594,118264,0.0,0.0
2024-12-05 14:33:00-05:00,145.0,145.0498046875,144.9600067138672,145.0200958251953,109591,0.0,0.0
2024-12-05 14:34:00-05:00,145.0200958251953,145.0800018310547,144.96009826660156,145.07000732421875,200390,0.0,0.0
2024-12-05 14:35:00-05:00,145.05999755859375,145.11000061035156,145.00999450683594,145.0991973876953,249530,0.0,0.0
2024-12-05 14:36:00-05:00,145.09100341796875,145.22999572753906,145.08999633789062,145.2100067138672,363936,0.0,0.0
2024-12-05 14:37:00-05:00,145.22000122070312,145.23500061035156,145.1300048828125,145.1300048828125,317480,0.0,0.0
2024-12-05 14:38:00-05:00,145.125,145.22000122070312,145.1201934814453,145.19009399414062,163522,0.0,0.0
2024-12-05 14:39:00-05:00,145.19500732421875,145.25,145.17999267578125,145.22500610351562,207256,0.0,0.0
2024-12-05 14:40:00-05:00,145.22999572753906,145.22999572753906,145.13999938964844,145.19009399414062,115486,0.0,0.0
2024-12-05 14:41:00-05:00,145.19000244140625,145.22000122070312,145.14999389648438,145.1699981689453,136221,0.0,0.0
2024-12-05 14:42:00-05:00,145.19000244140625,145.21499633789062,145.02999877929688,145.0500946044922,281376,0.0,0.0
2024-12-05 14:43:00-05:00,145.0500030517578,145.16000366210938,145.0500030517578,145.1199951171875,162292,0.0,0.0
2024-12-05 14:44:00-05:00,145.1219024658203,145.1300048828125,145.0500030517578,145.0601043701172,136512,0.0,0.0
2024-12-05 14:45:00-05:00,145.05999755859375,145.13999938964844,145.0399932861328,145.1300048828125,124900,0.0,0.0
2024-12-05 14:46:00-05:00,145.1300048828125,145.13729858398438,145.02000427246094,145.02999877929688,201987,0.0,0.0
2024-12-05 14:47:00-05:00,145.03500366210938,145.05999755859375,144.97999572753906,145.02999877929688,210788,0.0,0.0
2024-12-05 14:48:00-05:00,145.0386962890625,145.11500549316406,145.0,145.06500244140625,196108,0.0,0.0
2024-12-05 14:49:00-05:00,145.05999755859375,145.139892578125,145.02000427246094,145.12989807128906,140421,0.0,0.0
2024-12-05 14:50:00-05:00,145.1199951171875,145.21499633789062,145.11000061035156,145.21499633789062,196243,0.0,0.0
2024-12-05 14:51:00-05:00,145.21499633789062,145.22999572753906,145.0800018310547,145.125,200708,0.0,0.0
2024-12-05 14:52:00-05:00,145.12710571289062,145.1300048828125,145.05999755859375,145.0800018310547,151649,0.0,0.0
2024-12-05 14:53:00-05:00,145.05999755859375,145.10000610351562,145.0399932861328,145.0800018310547,171290,0.0,0.0
2024-12-05 14:54:00-05:00,145.0756072998047,145.10000610351562,145.00999450683594,145.01119995117188,145297,0.0,0.0
2024-12-05 14:55:00-05:00,145.0146942138672,145.1199951171875,144.9499969482422,145.09500122070312,270176,0.0,0.0
2024-12-05 14:56:00-05:00,145.10000610351562,145.17999267578125,145.07000732421875,145.14999389648438,199117,0.0,0.0
2024-12-05 14:57:00-05:00,145.14630126953125,145.216796875,145.14500427246094,145.1721954345703,160654,0.0,0.0
2024-12-05 14:58:00-05:00,145.17010498046875,145.20989990234375,145.14999389648438,145.2091064453125,103523,0.0,0.0
2024-12-05 14:59:00-05:00,145.1999969482422,145.2100067138672,145.16000366210938,145.1811981201172,183718,0.0,0.0
2024-12-05 15:00:00-05:00,145.17999267578125,145.17999267578125,145.0305938720703,145.1699981689453,174503,0.0,0.0
2024-12-05 15:01:00-05:00,145.1699981689453,145.1999969482422,145.05999755859375,145.14500427246094,288226,0.0,0.0
2024-12-05 15:02:00-05:00,145.15089416503906,145.27999877929688,145.1199951171875,145.24009704589844,310193,0.0,0.0
2024-12-05 15:03:00-05:00,145.2449951171875,145.2799072265625,145.2100067138672,145.25,231406,0.0,0.0
2024-12-05 15:04:00-05:00,145.24139404296875,145.27999877929688,145.22999572753906,145.26499938964844,117172,0.0,0.0
2024-12-05 15:05:00-05:00,145.26060485839844,145.4199981689453,145.25,145.36289978027344,447226,0.0,0.0
2024-12-05 15:06:00-05:00,145.3699951171875,145.41990661621094,145.3000030517578,145.3800048828125,238916,0.0,0.0
2024-12-05 15:07:00-05:00,145.37620544433594,145.44000244140625,145.32000732421875,145.42999267578125,221023,0.0,0.0
2024-12-05 15:08:00-05:00,145.44500732421875,145.5,145.4199981689453,145.47999572753906,268770,0.0,0.0
2024-12-05 15:09:00-05:00,145.49000549316406,145.5,145.42999267578125,145.42999267578125,162428,0.0,0.0
2024-12-05 15:10:00-05:00,145.42999267578125,145.44000244140625,145.3699951171875,145.42359924316406,202536,0.0,0.0
2024-12-05 15:11:00-05:00,145.42999267578125,145.439697265625,145.360107421875,145.39500427246094,131984,0.0,0.0
2024-12-05 15:12:00-05:00,145.397705078125,145.44000244140625,145.3011016845703,145.38999938964844,218488,0.0,0.0
2024-12-05 15:13:00-05:00,145.3800048828125,145.389892578125,145.25,145.2689971923828,249985,0.0,0.0
2024-12-05 15:14:00-05:00,145.25999450683594,145.39990234375,145.22000122070312,145.34500122070312,255530,0.0,0.0
2024-12-05 15:15:00-05:00,145.3408966064453,145.3699951171875,145.3000030517578,145.3000946044922,124681,0.0,0.0
2024-12-05 15:16:00-05:00,145.30999755859375,145.3300018310547,145.2100067138672,145.23989868164062,242106,0.0,0.0
2024-12-05 15:17:00-05:00,145.24000549316406,145.2899932861328,145.22999572753906,145.2510986328125,152898,0.0,0.0
2024-12-05 15:18:00-05:00,145.25,145.27999877929688,145.2100067138672,145.25999450683594,204392,0.0,0.0
2024-12-05 15:19:00-05:00,145.25999450683594,145.33999633789062,145.25,145.3175048828125,184058,0.0,0.0
2024-12-05 15:20:00-05:00,145.31939697265625,145.3209991455078,145.17999267578125,145.17999267578125,328430,0.0,0.0
2024-12-05 15:21:00-05:00,145.19000244140625,145.24000549316406,145.16000366210938,145.2198944091797,132809,0.0,0.0
2024-12-05 15:22:00-05:00,145.21499633789062,145.27000427246094,145.1699981689453,145.2550048828125,273395,0.0,0.0
2024-12-05 15:23:00-05:00,145.25010681152344,145.25999450683594,145.17999267578125,145.20989990234375,239810,0.0,0.0
2024-12-05 15:24:00-05:00,145.2100067138672,145.22000122070312,145.13619995117188,145.15499877929688,180389,0.0,0.0
2024-12-05 15:25:00-05:00,145.1522979736328,145.1750030517578,145.05999755859375,145.125,217329,0.0,0.0
2024-12-05 15:26:00-05:00,145.1300048828125,145.1300048828125,145.00999450683594,145.110107421875,225569,0.0,0.0
2024-12-05 15:27:00-05:00,145.11109924316406,145.1999969482422,145.08999633789062,145.1649932861328,215604,0.0,0.0
2024-12-05 15:28:00-05:00,145.16000366210938,145.1999969482422,145.00999450683594,145.03990173339844,242716,0.0,0.0
2024-12-05 15:29:00-05:00,145.0500030517578,145.1300048828125,144.9600067138672,144.98989868164062,298003,0.0,0.0
2024-12-05 15:30:00-05:00,144.97999572753906,145.02000427246094,144.9499969482422,144.9600067138672,197734,0.0,0.0
2024-12-05 15:31:00-05:00,144.97000122070312,144.99989318847656,144.88999938964844,144.9799041748047,317713,0.0,0.0
2024-12-05 15:32:00-05:00,144.9799041748047,145.0800018310547,144.9499969482422,145.07989501953125,250813,0.0,0.0
2024-12-05 15:33:00-05:00,145.06309509277344,145.1199951171875,145.0399932861328,145.0500030517578,239856,0.0,0.0
2024-12-05 15:34:00-05:00,145.05999755859375,145.14999389648438,144.97999572753906,145.14869689941406,292255,0.0,0.0
2024-12-05 15:35:00-05:00,145.14999389648438,145.22000122070312,145.11419677734375,145.17999267578125,318900,0.0,0.0
2024-12-05 15:36:00-05:00,145.1719970703125,145.22000122070312,145.1300048828125,145.1999969482422,226299,0.0,0.0
2024-12-05 15:37:00-05:00,145.2006072998047,145.22000122070312,145.1407928466797,145.14999389648438,290436,0.0,0.0
2024-12-05 15:38:00-05:00,145.13999938964844,145.16990661621094,145.0449981689453,145.0500946044922,265384,0.0,0.0
2024-12-05 15:39:00-05:00,145.05499267578125,145.11000061035156,144.97000122070312,144.98500061035156,254904,0.0,0.0
2024-12-05 15:40:00-05:00,144.98500061035156,145.12130737304688,144.92999267578125,145.1107940673828,223451,0.0,0.0
2024-12-05 15:41:00-05:00,145.125,145.16000366210938,145.02999877929688,145.0760040283203,219648,0.0,0.0
2024-12-05 15:42:00-05:00,145.0749969482422,145.11500549316406,145.02000427246094,145.02000427246094,138435,0.0,0.0
2024-12-05 15:43:00-05:00,145.01499938964844,145.02000427246094,144.8800048828125,144.93089294433594,294671,0.0,0.0
2024-12-05 15:44:00-05:00,144.94000244140625,144.99000549316406,144.89500427246094,144.97669982910156,244156,0.0,0.0
2024-12-05 15:45:00-05:00,144.97500610351562,145.0399932861328,144.97000122070312,144.99000549316406,304700,0.0,0.0
2024-12-05 15:46:00-05:00,144.9949951171875,145.1699981689453,144.9949951171875,145.139892578125,384481,0.0,0.0
2024-12-05 15:47:00-05:00,145.13499450683594,145.14999389648438,145.08999633789062,145.12339782714844,233928,0.0,0.0
2024-12-05 15:48:00-05:00,145.13499450683594,145.1699981689453,145.02999877929688,145.07000732421875,295106,0.0,0.0
2024-12-05 15:49:00-05:00,145.06500244140625,145.0800018310547,145.02000427246094,145.07000732421875,191683,0.0,0.0
2024-12-05 15:50:00-05:00,145.07000732421875,145.24000549316406,145.07000732421875,145.17010498046875,504691,0.0,0.0
2024-12-05 15:51:00-05:00,145.17909240722656,145.19000244140625,145.05999755859375,145.14500427246094,355640,0.0,0.0
2024-12-05 15:52:00-05:00,145.14999389648438,145.2100067138672,145.08999633789062,145.15499877929688,374711,0.0,0.0
2024-12-05 15:53:00-05:00,145.16000366210938,145.22999572753906,145.05999755859375,145.21499633789062,398405,0.0,0.0
2024-12-05 15:54:00-05:00,145.22000122070312,145.25,145.02000427246094,145.0800018310547,1004570,0.0,0.0
2024-12-05 15:55:00-05:00,145.05999755859375,145.13999938964844,144.99000549316406,145.11500549316406,564890,0.0,0.0
2024-12-05 15:56:00-05:00,145.1199951171875,145.19000244140625,144.9550018310547,145.0500030517578,593210,0.0,0.0
2024-12-05 15:57:00-05:00,145.0500030517578,145.10000610351562,145.00999450683594,145.09500122070312,564979,0.0,0.0
2024-12-05 15:58:00-05:00,145.09500122070312,145.10000610351562,145.0500030517578,145.08079528808594,613368,0.0,0.0
2024-12-05 15:59:00-05:00,145.08889770507812,145.13999938964844,144.97999572753906,145.00999450683594,2059198,0.0,0.0
2024-12-05 16:00:00-05:00,145.06,145.17,144.9,145.06,17995248,0.0,0.0
2024-12-05 16:01:00-05:00,145.0,145.06,144.84,144.88,0,0.0,0.0
2024-12-05 16:02:00-05:00,144.84,145.06,144.84,144.88,0,0.0,0.0
2024-12-05 16:03:00-05:00,144.89,145.06,144.82,144.86,0,0.0,0.0
2024-12-05 16:04:00-05:00,144.99,145.06,144.86,144.86,0,0.0,0.0
2024-12-05 16:05:00-05:00,144.86,145.06,144.83,144.9,0,0.0,0.0
2024-12-05 16:06:00-05:00,144.9,144.91,144.86,144.87,0,0.0,0.0
2024-12-05 16:07:00-05:00,144.8607,145.06,144.85,144.86,0,0.0,0.0
2024-12-05 16:08:00-05:00,144.87,144.9,144.75,144.7986,0,0.0,0.0
2024-12-05 16:09:00-05:00,144.775,144.79,144.71,144.72,0,0.0,0.0
2024-12-05 16:10:00-05:00,144.72,144.9,144.71,144.89,0,0.0,0.0
2024-12-05 16:11:00-05:00,144.855,144.89,144.82,144.83,0,0.0,0.0
2024-12-05 16:12:00-05:00,144.88,145.087,144.82,144.84,0,0.0,0.0
2024-12-05 16:13:00-05:00,144.87,144.89,144.82,144.835,0,0.0,0.0
2024-12-05 16:14:00-05:00,144.82,144.85,144.8,144.8,0,0.0,0.0
2024-12-05 16:15:00-05:00,145.06,145.06,144.8,144.8019,0,0.0,0.0
2024-12-05 16:16:00-05:00,144.82,144.84,144.8,144.82,0,0.0,0.0
2024-12-05 16:17:00-05:00,144.8386,144.84,144.8,144.81,0,0.0,0.0
2024-12-05 16:18:00-05:00,144.8,144.82,144.71,144.735,0,0.0,0.0
2024-12-05 16:19:00-05:00,144.76,144.82,144.71,144.7104,0,0.0,0.0
2024-12-05 16:20:00-05:00,144.72,144.82,144.67,144.8199,0,0.0,0.0
2024-12-05 16:21:00-05:00,144.82,144.82,144.71,144.75,0,0.0,0.0
2024-12-05 16:22:00-05:00,144.74,144.76,144.72,144.74,0,0.0,0.0
2024-12-05 16:23:00-05:00,144.74,144.78,144.73,144.755,0,0.0,0.0
2024-12-05 16:24:00-05:00,144.755,144.76,144.73,144.75,0,0.0,0.0
2024-12-05 16:25:00-05:00,144.74,144.75,144.71,144.7201,0,0.0,0.0
2024-12-05 16:26:00-05:00,144.7391,144.77,144.7,144.7001,0,0.0,0.0
2024-12-05 16:27:00-05:00,144.7,144.79,144.7,144.76,0,0.0,0.0
2024-12-05 16:28:00-05:00,144.74,144.765,144.72,144.7599,0,0.0,0.0
2024-12-05 16:29:00-05:00,144.76,144.76,144.72,144.72,0,0.0,0.0
2024-12-05 16:30:00-05:00,144.74,144.8,144.74,144.74,0,0.0,0.0
2024-12-05 16:31:00-05:00,144.74,144.76,144.74,144.7408,0,0.0,0.0
2024-12-05 16:32:00-05:00,144.7403,144.76,144.74,144.74,0,0.0,0.0
2024-12-05 16:33:00-05:00,144.75,144.76,144.74,144.75,0,0.0,0.0
2024-12-05 16:34:00-05:00,144.76,145.06,144.74,144.8,0,0.0,0.0
2024-12-05 16:35:00-05:00,144.77,144.8,144.74,144.775,0,0.0,0.0
2024-12-05 16:36:00-05:00,144.77,144.8,144.75,144.77,0,0.0,0.0
2024-12-05 16:37:00-05:00,144.77,144.79,144.75,144.76,0,0.0,0.0
2024-12-05 16:38:00-05:00,144.79,144.79,144.75,144.77,0,0.0,0.0
2024-12-05 16:39:00-05:00,144.77,144.77,144.75,144.75,0,0.0,0.0
2024-12-05 16:40:00-05:00,144.75,144.8,144.74,144.77,0,0.0,0.0
2024-12-05 16:41:00-05:00,144.77,144.8,144.74,144.775,0,0.0,0.0
2024-12-05 16:42:00-05:00,144.775,144.79,144.72,144.735,0,0.0,0.0
2024-12-05 16:43:00-05:00,144.72,145.06,144.72,144.73,0,0.0,0.0
2024-12-05 16:44:00-05:00,144.73,144.7699,144.72,144.76,0,0.0,0.0
2024-12-05 16:45:00-05:00,144.73,144.77,144.73,144.76,0,0.0,0.0
2024-12-05 16:46:00-05:00,144.75,144.76,144.75,144.7501,0,0.0,0.0
2024-12-05 16:47:00-05:00,144.75,144.76,144.73,144.74,0,0.0,0.0
2024-12-05 16:48:00-05:00,144.765,144.77,144.74,144.75,0,0.0,0.0
2024-12-05 16:49:00-05:00,144.77,144.78,144.74,144.76,0,0.0,0.0
2024-12-05 16:50:00-05:00,144.75,144.8,144.75,144.78,0,0.0,0.0
2024-12-05 16:51:00-05:00,144.7867,144.82,144.76,144.8,0,0.0,0.0
2024-12-05 16:52:00-05:00,144.8,144.85,144.76,144.85,0,0.0,0.0
2024-12-05 16:53:00-05:00,144.84,144.85,144.8,144.8,0,0.0,0.0
2024-12-05 16:54:00-05:00,144.81,144.85,144.76,144.83,0,0.0,0.0
2024-12-05 16:55:00-05:00,144.8294,144.83,144.8,144.82,0,0.0,0.0
2024-12-05 16:56:00-05:00,144.8,144.81,144.77,144.79,0,0.0,0.0
2024-12-05 16:57:00-05:00,144.8,144.8,144.76,144.7791,0,0.0,0.0
2024-12-05 16:58:00-05:00,144.7799,144.82,144.76,144.8,0,0.0,0.0
2024-12-05 16:59:00-05:00,144.82,144.83,144.78,144.8001,0,0.0,0.0
2024-12-05 17:00:00-05:00,144.81,144.83,144.8,144.8,0,0.0,0.0
2024-12-05 17:01:00-05:00,144.82,144.82,144.77,144.79,0,0.0,0.0
2024-12-05 17:02:00-05:00,144.8,144.81,144.78,144.8095,0,0.0,0.0
2024-12-05 17:03:00-05:00,144.81,144.81,144.78,144.8,0,0.0,0.0
2024-12-05 17:04:00-05:00,144.7812,144.81,144.78,144.795,0,0.0,0.0
2024-12-05 17:05:00-05:00,144.78,144.81,144.78,144.795,0,0.0,0.0
2024-12-05 17:06:00-05:00,144.795,144.81,144.78,144.78,0,0.0,0.0
2024-12-05 17:07:00-05:00,144.79,144.8,144.78,144.78,0,0.0,0.0
2024-12-05 17:08:00-05:00,144.79,144.8,144.75,144.8,0,0.0,0.0
2024-12-05 17:09:00-05:00,144.78,144.79,144.75,144.775,0,0.0,0.0
2024-12-05 17:10:00-05:00,144.79,144.79,144.76,144.77,0,0.0,0.0
2024-12-05 17:11:00-05:00,144.77,144.82,144.76,144.79,0,0.0,0.0
2024-12-05 17:12:00-05:00,144.81,144.81,144.77,144.7807,0,0.0,0.0
2024-12-05 17:13:00-05:00,144.8,145.06,144.77,144.77,0,0.0,0.0
2024-12-05 17:14:00-05:00,144.785,144.8,144.77,144.78,0,0.0,0.0
2024-12-05 17:15:00-05:00,144.78,144.79,144.75,144.751,0,0.0,0.0
2024-12-05 17:16:00-05:00,144.77,144.79,144.75,144.765,0,0.0,0.0
2024-12-05 17:17:00-05:00,144.78,144.78,144.75,144.77,0,0.0,0.0
2024-12-05 17:18:00-05:00,144.76,144.77,144.75,144.75,0,0.0,0.0
2024-12-05 17:19:00-05:00,144.77,144.77,144.75,144.755,0,0.0,0.0
2024-12-05 17:20:00-05:00,144.76,144.76,144.74,144.74,0,0.0,0.0
2024-12-05 17:21:00-05:00,144.72,144.75,144.71,144.72,0,0.0,0.0
2024-12-05 17:22:00-05:00,144.71,144.73,144.71,144.7257,0,0.0,0.0
2024-12-05 17:23:00-05:00,144.72,144.72,144.65,144.675,0,0.0,0.0
2024-12-05 17:24:00-05:00,144.67,144.68,144.66,144.67,0,0.0,0.0
2024-12-05 17:25:00-05:00,144.72,144.72,144.61,144.6401,0,0.0,0.0
2024-12-05 17:26:00-05:00,144.65,144.65,144.61,144.62,0,0.0,0.0
2024-12-05 17:27:00-05:00,144.61,144.7,144.61,144.645,0,0.0,0.0
2024-12-05 17:28:00-05:00,144.62,144.66,144.62,144.635,0,0.0,0.0
2024-12-05 17:29:00-05:00,144.635,144.64,144.6,144.625,0,0.0,0.0
2024-12-05 17:30:00-05:00,144.61,144.62,144.56,144.57,0,0.0,0.0
2024-12-05 17:31:00-05:00,144.57,144.5701,144.52,144.53,0,0.0,0.0
2024-12-05 17:32:00-05:00,144.52,144.64,144.52,144.6,0,0.0,0.0
2024-12-05 17:33:00-05:00,144.6,144.6393,144.52,144.56,0,0.0,0.0
2024-12-05 17:34:00-05:00,144.52,144.6,144.51,144.54,0,0.0,0.0
2024-12-05 17:35:00-05:00,144.54,144.56,144.51,144.55,0,0.0,0.0
2024-12-05 17:36:00-05:00,144.5596,144.56,144.52,144.54,0,0.0,0.0
2024-12-05 17:37:00-05:00,144.54,144.56,144.51,144.5191,0,0.0,0.0
2024-12-05 17:38:00-05:00,144.55,144.55,144.51,144.525,0,0.0,0.0
2024-12-05 17:39:00-05:00,144.51,144.56,144.5,144.51,0,0.0,0.0
2024-12-05 17:40:00-05:00,144.5101,144.54,144.49,144.505,0,0.0,0.0
2024-12-05 17:41:00-05:00,144.505,144.545,144.5,144.545,0,0.0,0.0
2024-12-05 17:42:00-05:00,144.545,147.833,144.5,144.53,0,0.0,0.0
2024-12-05 17:43:00-05:00,144.56,144.59,144.5,144.53,0,0.0,0.0
2024-12-05 17:44:00-05:00,144.555,147.833,144.52,144.535,0,0.0,0.0
2024-12-05 17:45:00-05:00,144.55,147.5161,144.54,144.6299,0,0.0,0.0
2024-12-05 17:46:00-05:00,144.59,147.5161,144.58,144.61,0,0.0,0.0
2024-12-05 17:47:00-05:00,144.61,144.65,144.58,144.61,0,0.0,0.0
2024-12-05 17:48:00-05:00,144.62,144.63,144.59,144.611,0,0.0,0.0
2024-12-05 17:49:00-05:00,144.62,144.64,144.6,144.61,0,0.0,0.0
2024-12-05 17:50:00-05:00,144.63,144.63,144.58,144.61,0,0.0,0.0
2024-12-05 17:51:00-05:00,144.6,144.62,144.58,144.595,0,0.0,0.0
2024-12-05 17:52:00-05:00,144.58,144.61,144.58,144.5801,0,0.0,0.0
2024-12-05 17:53:00-05:00,144.59,144.6,144.55,144.58,0,0.0,0.0
2024-12-05 17:54:00-05:00,144.55,144.58,144.54,144.57,0,0.0,0.0
2024-12-05 17:55:00-05:00,144.55,144.57,144.5212,144.54,0,0.0,0.0
2024-12-05 17:56:00-05:00,144.55,144.55,144.52,144.545,0,0.0,0.0
2024-12-05 17:57:00-05:00,144.55,144.55,144.52,144.53,0,0.0,0.0
2024-12-05 17:58:00-05:00,144.53,144.54,144.52,144.525,0,0.0,0.0
2024-12-05 17:59:00-05:00,144.52,144.55,144.52,144.52,0,0.0,0.0
2024-12-05 18:00:00-05:00,144.53,144.55,144.52,144.54,0,0.0,0.0
2024-12-05 18:01:00-05:00,144.55,144.61,144.53,144.54,0,0.0,0.0
2024-12-05 18:02:00-05:00,144.57,144.6,144.53,144.54,0,0.0,0.0
2024-12-05 18:03:00-05:00,144.54,144.6,144.53,144.59,0,0.0,0.0
2024-12-05 18:04:00-05:00,144.57,144.59,144.53,144.56,0,0.0,0.0
2024-12-05 18:05:00-05:00,144.53,144.58,144.5,144.51,0,0.0,0.0
2024-12-05 18:06:00-05:00,144.51,144.51,144.46,144.49,0,0.0,0.0
2024-12-05 18:07:00-05:00,144.48,144.49,144.44,144.48,0,0.0,0.0
2024-12-05 18:08:00-05:00,144.44,144.48,144.42,144.46,0,0.0,0.0
2024-12-05 18:09:00-05:00,144.43,144.46,144.41,144.41,0,0.0,0.0
2024-12-05 18:10:00-05:00,144.42,144.46,144.41,144.45,0,0.0,0.0
2024-12-05 18:11:00-05:00,144.45,144.47,144.44,144.4408,0,0.0,0.0
2024-12-05 18:12:00-05:00,144.4699,144.48,144.44,144.48,0,0.0,0.0
2024-12-05 18:13:00-05:00,144.465,144.5,144.45,144.48,0,0.0,0.0
2024-12-05 18:14:00-05:00,144.47,144.49,144.46,144.4794,0,0.0,0.0
2024-12-05 18:15:00-05:00,144.47,144.49,144.46,144.475,0,0.0,0.0
2024-12-05 18:16:00-05:00,144.47,144.55,144.46,144.525,0,0.0,0.0
2024-12-05 18:17:00-05:00,144.56,144.56,144.5,144.55,0,0.0,0.0
2024-12-05 18:18:00-05:00,144.545,145.06,144.5,144.515,0,0.0,0.0
2024-12-05 18:19:00-05:00,144.515,144.54,144.48,144.505,0,0.0,0.0
2024-12-05 18:20:00-05:00,144.505,144.54,144.4,144.42,0,0.0,0.0
2024-12-05 18:21:00-05:00,144.42,144.5,144.4,144.42,0,0.0,0.0
2024-12-05 18:22:00-05:00,144.46,144.5,144.36,144.3999,0,0.0,0.0
2024-12-05 18:23:00-05:00,144.385,144.44,144.37,144.415,0,0.0,0.0
2024-12-05 18:24:00-05:00,144.415,144.5,144.4,144.41,0,0.0,0.0
2024-12-05 18:25:00-05:00,144.445,144.5,144.4,144.435,0,0.0,0.0
2024-12-05 18:26:00-05:00,144.46,144.5,144.41,144.48,0,0.0,0.0
2024-12-05 18:27:00-05:00,144.43,144.48,144.43,144.45,0,0.0,0.0
2024-12-05 18:28:00-05:00,144.48,144.5,144.43,144.5,0,0.0,0.0
2024-12-05 18:29:00-05:00,144.47,144.5,144.44,144.47,0,0.0,0.0
2024-12-05 18:30:00-05:00,144.46,144.5,144.45,144.47,0,0.0,0.0
2024-12-05 18:31:00-05:00,144.5,144.5,144.45,144.451,0,0.0,0.0
2024-12-05 18:32:00-05:00,144.47,144.5,144.4303,144.5,0,0.0,0.0
2024-12-05 18:33:00-05:00,144.5,144.5,144.47,144.485,0,0.0,0.0
2024-12-05 18:34:00-05:00,144.5,144.5,144.47,144.49,0,0.0,0.0
2024-12-05 18:35:00-05:00,144.49,144.5,144.4801,144.49,0,0.0,0.0
2024-12-05 18:36:00-05:00,144.49,144.5,144.48,144.48,0,0.0,0.0
2024-12-05 18:37:00-05:00,144.5,144.5,144.46,144.46,0,0.0,0.0
2024-12-05 18:38:00-05:00,144.46,144.5,144.43,144.465,0,0.0,0.0
2024-12-05 18:39:00-05:00,144.5,144.5,144.4515,144.5,0,0.0,0.0
2024-12-05 18:40:00-05:00,144.5,144.5,144.45,144.48,0,0.0,0.0
2024-12-05 18:41:00-05:00,144.48,144.48,144.45,144.475,0,0.0,0.0
2024-12-05 18:42:00-05:00,144.47,144.5,144.47,144.5,0,0.0,0.0
2024-12-05 18:43:00-05:00,144.49,144.5,144.47,144.485,0,0.0,0.0
2024-12-05 18:44:00-05:00,144.5,144.5,144.45,144.4899,0,0.0,0.0
2024-12-05 18:45:00-05:00,144.48,144.5,144.46,144.49,0,0.0,0.0
2024-12-05 18:46:00-05:00,144.49,144.5,144.47,144.4999,0,0.0,0.0
2024-12-05 18:47:00-05:00,144.5,144.5,144.45,144.45,0,0.0,0.0
2024-12-05 18:48:00-05:00,144.45,144.5,144.43,144.49,0,0.0,0.0
2024-12-05 18:49:00-05:00,144.4809,144.5,144.48,144.49,0,0.0,0.0
2024-12-05 18:50:00-05:00,144.49,144.5,144.49,144.4997,0,0.0,0.0
2024-12-05 18:51:00-05:00,144.49,144.5,144.49,144.4901,0,0.0,0.0
2024-12-05 18:52:00-05:00,144.5,144.5,144.43,144.455,0,0.0,0.0
2024-12-05 18:53:00-05:00,144.43,144.48,144.43,144.45,0,0.0,0.0
2024-12-05 18:54:00-05:00,144.48,144.5,144.45,144.5,0,0.0,0.0
2024-12-05 18:55:00-05:00,144.47,144.5,144.44,144.48,0,0.0,0.0
2024-12-05 18:56:00-05:00,144.46,144.49,144.44,144.49,0,0.0,0.0
2024-12-05 18:57:00-05:00,144.47,144.49,144.43,144.44,0,0.0,0.0
2024-12-05 18:58:00-05:00,144.455,144.48,144.42,144.4391,0,0.0,0.0
2024-12-05 18:59:00-05:00,144.44,144.47,144.42,144.4212,0,0.0,0.0
2024-12-05 19:00:00-05:00,144.44,144.48,144.43,144.44,0,0.0,0.0
2024-12-05 19:01:00-05:00,144.48,144.5,144.4304,144.44,0,0.0,0.0
2024-12-05 19:02:00-05:00,144.455,144.48,144.43,144.4685,0,0.0,0.0
2024-12-05 19:03:00-05:00,144.45,144.47,144.43,144.46,0,0.0,0.0
2024-12-05 19:04:00-05:00,144.44,144.46,144.41,144.44,0,0.0,0.0
2024-12-05 19:05:00-05:00,144.44,144.46,144.42,144.45,0,0.0,0.0
2024-12-05 19:06:00-05:00,144.45,144.45,144.42,144.43,0,0.0,0.0
2024-12-05 19:07:00-05:00,144.44,144.44,144.42,144.425,0,0.0,0.0
2024-12-05 19:08:00-05:00,144.425,144.43,144.42,144.4299,0,0.0,0.0
2024-12-05 19:09:00-05:00,144.425,144.43,144.42,144.4299,0,0.0,0.0
2024-12-05 19:10:00-05:00,144.4299,144.44,144.42,144.4203,0,0.0,0.0
2024-12-05 19:11:00-05:00,144.425,144.43,144.42,144.42,0,0.0,0.0
2024-12-05 19:12:00-05:00,144.42,144.44,144.42,144.43,0,0.0,0.0
2024-12-05 19:13:00-05:00,144.43,144.44,144.43,144.44,0,0.0,0.0
2024-12-05 19:14:00-05:00,144.43,144.435,144.42,144.43,0,0.0,0.0
2024-12-05 19:15:00-05:00,144.435,144.44,144.43,144.435,0,0.0,0.0
2024-12-05 19:16:00-05:00,144.44,144.44,144.43,144.44,0,0.0,0.0
2024-12-05 19:17:00-05:00,144.44,144.44,144.43,144.43,0,0.0,0.0
2024-12-05 19:18:00-05:00,144.4301,144.45,144.43,144.45,0,0.0,0.0
2024-12-05 19:19:00-05:00,144.43,144.5,144.43,144.485,0,0.0,0.0
2024-12-05 19:20:00-05:00,144.485,144.5,144.47,144.48,0,0.0,0.0
2024-12-05 19:21:00-05:00,144.5,144.5,144.47,144.5,0,0.0,0.0
2024-12-05 19:22:00-05:00,144.5,144.5,144.46,144.46,0,0.0,0.0
2024-12-05 19:23:00-05:00,144.45,144.45,144.42,144.42,0,0.0,0.0
2024-12-05 19:24:00-05:00,144.435,144.47,144.41,144.425,0,0.0,0.0
2024-12-05 19:25:00-05:00,144.42,144.43,144.41,144.42,0,0.0,0.0
2024-12-05 19:26:00-05:00,144.42,144.43,144.41,144.42,0,0.0,0.0
2024-12-05 19:27:00-05:00,144.435,144.46,144.4109,144.43,0,0.0,0.0
2024-12-05 19:28:00-05:00,144.445,144.46,144.43,144.4408,0,0.0,0.0
2024-12-05 19:29:00-05:00,144.44,144.46,144.43,144.43,0,0.0,0.0
2024-12-05 19:30:00-05:00,144.43,144.45,144.42,144.44,0,0.0,0.0
2024-12-05 19:31:00-05:00,144.44,144.46,144.43,144.46,0,0.0,0.0
2024-12-05 19:32:00-05:00,144.45,144.47,144.45,144.47,0,0.0,0.0
2024-12-05 19:33:00-05:00,144.45,144.47,144.44,144.46,0,0.0,0.0
2024-12-05 19:34:00-05:00,144.46,144.46,144.44,144.46,0,0.0,0.0
2024-12-05 19:35:00-05:00,144.44,144.46,144.44,144.45,0,0.0,0.0
2024-12-05 19:36:00-05:00,144.46,144.46,144.44,144.4594,0,0.0,0.0
2024-12-05 19:37:00-05:00,144.44,144.46,144.44,144.45,0,0.0,0.0
2024-12-05 19:38:00-05:00,144.44,144.46,144.44,144.45,0,0.0,0.0
2024-12-05 19:39:00-05:00,144.45,144.45,144.43,144.44,0,0.0,0.0
2024-12-05 19:40:00-05:00,144.4399,144.44,144.43,144.44,0,0.0,0.0
2024-12-05 19:41:00-05:00,144.43,144.445,144.43,144.445,0,0.0,0.0
2024-12-05 19:42:00-05:00,144.4402,144.47,144.44,144.4603,0,0.0,0.0
2024-12-05 19:43:00-05:00,144.46,144.47,144.45,144.465,0,0.0,0.0
2024-12-05 19:44:00-05:00,144.46,144.47,144.45,144.47,0,0.0,0.0
2024-12-05 19:45:00-05:00,144.45,144.47,144.45,144.47,0,0.0,0.0
2024-12-05 19:46:00-05:00,144.45,144.47,144.45,144.465,0,0.0,0.0
2024-12-05 19:47:00-05:00,144.465,144.47,144.44,144.44,0,0.0,0.0
2024-12-05 19:48:00-05:00,144.4399,144.44,144.42,144.43,0,0.0,0.0
2024-12-05 19:49:00-05:00,144.42,144.44,144.41,144.42,0,0.0,0.0
2024-12-05 19:50:00-05:00,144.42,144.44,144.41,144.43,0,0.0,0.0
2024-12-05 19:51:00-05:00,144.44,144.44,144.41,144.42,0,0.0,0.0
2024-12-05 19:52:00-05:00,144.42,144.44,144.41,144.41,0,0.0,0.0
2024-12-05 19:53:00-05:00,144.42,144.46,144.42,144.445,0,0.0,0.0
2024-12-05 19:54:00-05:00,144.4591,144.46,144.43,144.45,0,0.0,0.0
2024-12-05 19:55:00-05:00,144.4501,144.47,144.42,144.46,0,0.0,0.0
2024-12-05 19:56:00-05:00,144.4698,144.47,144.4,144.445,0,0.0,0.0
2024-12-05 19:57:00-05:00,144.4499,144.45,144.44,144.45,0,0.0,0.0
2024-12-05 19:58:00-05:00,144.4499,144.45,144.44,144.44,0,0.0,0.0
2024-12-05 19:59:59-05:00,144.42,144.42,144.42,144.42,0,0.0,0.0
