time,Open,High,Low,Close,Volume,Dividends,Stock Splits
2024-12-18 04:00:00-05:00,131.91,132.17,131.84,131.93,0,0.0,0.0
2024-12-18 04:01:00-05:00,132.08,132.17,131.91,132.05,0,0.0,0.0
2024-12-18 04:02:00-05:00,132.07,132.3,132.05,132.25,0,0.0,0.0
2024-12-18 04:03:00-05:00,132.22,132.69,132.21,132.69,0,0.0,0.0
2024-12-18 04:04:00-05:00,132.7,132.97,132.68,132.96,0,0.0,0.0
2024-12-18 04:05:00-05:00,132.96,133.3,132.95,133.3,0,0.0,0.0
2024-12-18 04:06:00-05:00,133.27,133.65,133.27,133.42,0,0.0,0.0
2024-12-18 04:07:00-05:00,133.38,133.45,133.21,133.3,0,0.0,0.0
2024-12-18 04:08:00-05:00,133.3,133.4,132.9,132.98,0,0.0,0.0
2024-12-18 04:09:00-05:00,132.99,133.21,132.99,133.17,0,0.0,0.0
2024-12-18 04:10:00-05:00,133.19,133.7,133.19,133.7,0,0.0,0.0
2024-12-18 04:11:00-05:00,133.69,133.79,133.62,133.73,0,0.0,0.0
2024-12-18 04:12:00-05:00,133.73,133.83,133.64,133.78,0,0.0,0.0
2024-12-18 04:13:00-05:00,133.78,133.78,133.49,133.64,0,0.0,0.0
2024-12-18 04:14:00-05:00,133.62,133.73,133.49,133.49,0,0.0,0.0
2024-12-18 04:15:00-05:00,133.5,133.51,133.43,133.48,0,0.0,0.0
2024-12-18 04:16:00-05:00,133.47,133.6,133.47,133.52,0,0.0,0.0
2024-12-18 04:17:00-05:00,133.53,133.61,133.47,133.59,0,0.0,0.0
2024-12-18 04:18:00-05:00,133.58,133.67,133.51,133.6,0,0.0,0.0
2024-12-18 04:19:00-05:00,133.56,133.72,133.54,133.7,0,0.0,0.0
2024-12-18 04:20:00-05:00,133.7,133.75,133.64,133.75,0,0.0,0.0
2024-12-18 04:21:00-05:00,133.74,133.79,133.67,133.68,0,0.0,0.0
2024-12-18 04:22:00-05:00,133.67,133.67,133.5,133.5,0,0.0,0.0
2024-12-18 04:23:00-05:00,133.5,133.66,133.5,133.58,0,0.0,0.0
2024-12-18 04:24:00-05:00,133.57,133.64,133.53,133.54,0,0.0,0.0
2024-12-18 04:25:00-05:00,133.54,133.54,133.43,133.47,0,0.0,0.0
2024-12-18 04:26:00-05:00,133.49,133.57,133.41,133.57,0,0.0,0.0
2024-12-18 04:27:00-05:00,133.57,133.64,133.53,133.61,0,0.0,0.0
2024-12-18 04:28:00-05:00,133.64,133.69,133.62,133.65,0,0.0,0.0
2024-12-18 04:29:00-05:00,133.66,133.8,133.66,133.77,0,0.0,0.0
2024-12-18 04:30:00-05:00,133.77,133.77,133.65,133.65,0,0.0,0.0
2024-12-18 04:31:00-05:00,133.64,133.79,133.63,133.79,0,0.0,0.0
2024-12-18 04:32:00-05:00,133.77,133.83,133.77,133.83,0,0.0,0.0
2024-12-18 04:33:00-05:00,133.83,133.85,133.75,133.76,0,0.0,0.0
2024-12-18 04:34:00-05:00,133.76,133.8,133.76,133.8,0,0.0,0.0
2024-12-18 04:35:00-05:00,133.82,133.85,133.81,133.81,0,0.0,0.0
2024-12-18 04:36:00-05:00,133.83,133.87,133.8,133.87,0,0.0,0.0
2024-12-18 04:37:00-05:00,133.88,133.98,133.88,133.98,0,0.0,0.0
2024-12-18 04:38:00-05:00,133.98,134.1,133.98,134.07,0,0.0,0.0
2024-12-18 04:39:00-05:00,134.09,134.2,134.05,134.2,0,0.0,0.0
2024-12-18 04:40:00-05:00,134.2,134.28,134.15,134.28,0,0.0,0.0
2024-12-18 04:42:00-05:00,134.34,134.36,134.2,134.23,0,0.0,0.0
2024-12-18 04:43:00-05:00,134.2,134.31,134.14,134.3,0,0.0,0.0
2024-12-18 04:44:00-05:00,134.3,134.45,134.28,134.42,0,0.0,0.0
2024-12-18 04:45:00-05:00,134.44,134.5,134.31,134.46,0,0.0,0.0
2024-12-18 04:46:00-05:00,134.45,134.5,134.41,134.44,0,0.0,0.0
2024-12-18 04:47:00-05:00,134.41,134.45,134.39,134.42,0,0.0,0.0
2024-12-18 04:48:00-05:00,134.41,134.62,134.39,134.62,0,0.0,0.0
2024-12-18 04:49:00-05:00,134.65,134.75,134.57,134.6,0,0.0,0.0
2024-12-18 04:50:00-05:00,134.61,134.73,134.55,134.71,0,0.0,0.0
2024-12-18 04:51:00-05:00,134.72,134.78,134.7,134.78,0,0.0,0.0
2024-12-18 04:52:00-05:00,134.77,135.0,134.77,134.8,0,0.0,0.0
2024-12-18 04:53:00-05:00,134.81,134.9,134.75,134.77,0,0.0,0.0
2024-12-18 04:54:00-05:00,134.76,134.89,134.65,134.76,0,0.0,0.0
2024-12-18 04:55:00-05:00,134.75,134.76,134.56,134.62,0,0.0,0.0
2024-12-18 04:56:00-05:00,134.6,134.64,134.56,134.62,0,0.0,0.0
2024-12-18 04:57:00-05:00,134.61,134.62,134.46,134.52,0,0.0,0.0
2024-12-18 04:58:00-05:00,134.5,134.59,134.46,134.57,0,0.0,0.0
2024-12-18 04:59:00-05:00,134.6,134.8,134.6,134.74,0,0.0,0.0
2024-12-18 05:00:00-05:00,134.75,134.77,134.68,134.76,0,0.0,0.0
2024-12-18 05:01:00-05:00,134.77,134.88,134.75,134.88,0,0.0,0.0
2024-12-18 05:02:00-05:00,134.88,134.94,134.85,134.93,0,0.0,0.0
2024-12-18 05:03:00-05:00,134.93,134.93,134.81,134.84,0,0.0,0.0
2024-12-18 05:04:00-05:00,134.85,135.0,134.75,134.85,0,0.0,0.0
2024-12-18 05:05:00-05:00,134.85,134.95,134.85,134.9,0,0.0,0.0
2024-12-18 05:06:00-05:00,134.93,134.94,134.8,134.85,0,0.0,0.0
2024-12-18 05:07:00-05:00,134.82,134.89,134.82,134.87,0,0.0,0.0
2024-12-18 05:08:00-05:00,134.86,134.91,134.86,134.91,0,0.0,0.0
2024-12-18 05:09:00-05:00,134.91,134.93,134.91,134.92,0,0.0,0.0
2024-12-18 05:10:00-05:00,134.92,134.93,134.81,134.83,0,0.0,0.0
2024-12-18 05:11:00-05:00,134.83,134.83,134.7,134.73,0,0.0,0.0
2024-12-18 05:12:00-05:00,134.76,134.78,134.62,134.62,0,0.0,0.0
2024-12-18 05:13:00-05:00,134.62,134.69,134.61,134.61,0,0.0,0.0
2024-12-18 05:14:00-05:00,134.61,134.62,134.3,134.4,0,0.0,0.0
2024-12-18 05:15:00-05:00,134.36,134.46,134.35,134.46,0,0.0,0.0
2024-12-18 05:16:00-05:00,134.44,134.64,134.44,134.64,0,0.0,0.0
2024-12-18 05:17:00-05:00,134.64,134.75,134.63,134.72,0,0.0,0.0
2024-12-18 05:18:00-05:00,134.73,134.73,134.51,134.51,0,0.0,0.0
2024-12-18 05:19:00-05:00,134.52,134.52,134.45,134.47,0,0.0,0.0
2024-12-18 05:20:00-05:00,134.48,134.5,134.46,134.5,0,0.0,0.0
2024-12-18 05:21:00-05:00,134.5,134.5,134.4,134.41,0,0.0,0.0
2024-12-18 05:22:00-05:00,134.43,134.45,134.39,134.4,0,0.0,0.0
2024-12-18 05:23:00-05:00,134.39,134.5,134.35,134.5,0,0.0,0.0
2024-12-18 05:24:00-05:00,134.47,134.55,134.47,134.55,0,0.0,0.0
2024-12-18 05:25:00-05:00,134.54,134.6,134.51,134.51,0,0.0,0.0
2024-12-18 05:26:00-05:00,134.52,134.67,134.51,134.67,0,0.0,0.0
2024-12-18 05:27:00-05:00,134.66,134.72,134.63,134.69,0,0.0,0.0
2024-12-18 05:28:00-05:00,134.71,134.73,134.66,134.71,0,0.0,0.0
2024-12-18 05:29:00-05:00,134.71,134.71,134.6,134.6,0,0.0,0.0
2024-12-18 05:30:00-05:00,134.63,134.63,134.5,134.51,0,0.0,0.0
2024-12-18 05:31:00-05:00,134.53,134.53,134.41,134.42,0,0.0,0.0
2024-12-18 05:32:00-05:00,134.42,134.47,134.39,134.47,0,0.0,0.0
2024-12-18 05:33:00-05:00,134.43,134.46,134.37,134.37,0,0.0,0.0
2024-12-18 05:34:00-05:00,134.38,134.41,134.34,134.34,0,0.0,0.0
2024-12-18 05:35:00-05:00,134.34,134.42,134.34,134.4,0,0.0,0.0
2024-12-18 05:36:00-05:00,134.42,134.45,134.41,134.43,0,0.0,0.0
2024-12-18 05:37:00-05:00,134.42,134.42,134.4,134.41,0,0.0,0.0
2024-12-18 05:38:00-05:00,134.41,134.42,134.4,134.4,0,0.0,0.0
2024-12-18 05:39:00-05:00,134.39,134.39,134.34,134.37,0,0.0,0.0
2024-12-18 05:40:00-05:00,134.34,134.37,134.31,134.34,0,0.0,0.0
2024-12-18 05:41:00-05:00,134.36,134.43,134.36,134.43,0,0.0,0.0
2024-12-18 05:42:00-05:00,134.42,134.42,134.4,134.4,0,0.0,0.0
2024-12-18 05:43:00-05:00,134.41,134.5,134.39,134.39,0,0.0,0.0
2024-12-18 05:44:00-05:00,134.39,134.39,134.34,134.35,0,0.0,0.0
2024-12-18 05:45:00-05:00,134.35,134.35,134.25,134.25,0,0.0,0.0
2024-12-18 05:46:00-05:00,134.24,134.24,134.12,134.14,0,0.0,0.0
2024-12-18 05:47:00-05:00,134.13,134.2,134.1,134.13,0,0.0,0.0
2024-12-18 05:48:00-05:00,134.15,134.15,134.07,134.07,0,0.0,0.0
2024-12-18 05:49:00-05:00,134.05,134.12,134.02,134.04,0,0.0,0.0
2024-12-18 05:50:00-05:00,134.05,134.08,134.05,134.07,0,0.0,0.0
2024-12-18 05:51:00-05:00,134.06,134.07,133.95,133.96,0,0.0,0.0
2024-12-18 05:52:00-05:00,133.96,134.0,133.93,134.0,0,0.0,0.0
2024-12-18 05:53:00-05:00,134.01,134.01,133.86,133.86,0,0.0,0.0
2024-12-18 05:54:00-05:00,133.85,133.9,133.83,133.9,0,0.0,0.0
2024-12-18 05:55:00-05:00,133.95,134.03,133.95,134.03,0,0.0,0.0
2024-12-18 05:56:00-05:00,134.06,134.17,134.03,134.15,0,0.0,0.0
2024-12-18 05:57:00-05:00,134.15,134.19,134.06,134.06,0,0.0,0.0
2024-12-18 05:58:00-05:00,134.07,134.16,134.03,134.13,0,0.0,0.0
2024-12-18 05:59:00-05:00,134.17,134.19,134.14,134.18,0,0.0,0.0
2024-12-18 06:00:00-05:00,134.17,134.32,134.17,134.23,0,0.0,0.0
2024-12-18 06:01:00-05:00,134.22,134.22,134.15,134.17,0,0.0,0.0
2024-12-18 06:02:00-05:00,134.17,134.21,134.16,134.2,0,0.0,0.0
2024-12-18 06:03:00-05:00,134.24,134.28,134.18,134.21,0,0.0,0.0
2024-12-18 06:04:00-05:00,134.2,134.23,134.18,134.23,0,0.0,0.0
2024-12-18 06:05:00-05:00,134.23,134.3,134.22,134.26,0,0.0,0.0
2024-12-18 06:06:00-05:00,134.25,134.27,134.16,134.16,0,0.0,0.0
2024-12-18 06:07:00-05:00,134.19,134.19,134.05,134.05,0,0.0,0.0
2024-12-18 06:08:00-05:00,134.05,134.05,133.9,133.97,0,0.0,0.0
2024-12-18 06:09:00-05:00,133.97,133.98,133.93,133.94,0,0.0,0.0
2024-12-18 06:10:00-05:00,133.92,133.95,133.81,133.84,0,0.0,0.0
2024-12-18 06:11:00-05:00,133.85,133.89,133.83,133.84,0,0.0,0.0
2024-12-18 06:12:00-05:00,133.84,133.85,133.75,133.82,0,0.0,0.0
2024-12-18 06:13:00-05:00,133.83,133.92,133.83,133.87,0,0.0,0.0
2024-12-18 06:14:00-05:00,133.88,133.9,133.83,133.87,0,0.0,0.0
2024-12-18 06:15:00-05:00,133.9,133.96,133.7,133.8,0,0.0,0.0
2024-12-18 06:16:00-05:00,133.81,133.87,133.81,133.86,0,0.0,0.0
2024-12-18 06:17:00-05:00,133.87,133.89,133.85,133.89,0,0.0,0.0
2024-12-18 06:18:00-05:00,133.88,133.9,133.87,133.88,0,0.0,0.0
2024-12-18 06:19:00-05:00,133.91,133.91,133.88,133.88,0,0.0,0.0
2024-12-18 06:20:00-05:00,133.86,133.91,133.83,133.91,0,0.0,0.0
2024-12-18 06:21:00-05:00,133.9,133.98,133.9,133.98,0,0.0,0.0
2024-12-18 06:22:00-05:00,133.97,134.04,133.97,134.02,0,0.0,0.0
2024-12-18 06:23:00-05:00,134.04,134.18,134.04,134.18,0,0.0,0.0
2024-12-18 06:24:00-05:00,134.16,134.2,134.15,134.19,0,0.0,0.0
2024-12-18 06:25:00-05:00,134.2,134.2,134.14,134.14,0,0.0,0.0
2024-12-18 06:26:00-05:00,134.13,134.14,134.06,134.09,0,0.0,0.0
2024-12-18 06:27:00-05:00,134.09,134.09,133.98,133.98,0,0.0,0.0
2024-12-18 06:28:00-05:00,133.95,134.05,133.95,134.03,0,0.0,0.0
2024-12-18 06:29:00-05:00,134.03,134.12,134.03,134.12,0,0.0,0.0
2024-12-18 06:30:00-05:00,134.12,134.12,134.07,134.07,0,0.0,0.0
2024-12-18 06:31:00-05:00,134.07,134.1,134.03,134.05,0,0.0,0.0
2024-12-18 06:32:00-05:00,134.02,134.02,134.01,134.02,0,0.0,0.0
2024-12-18 06:33:00-05:00,134.04,134.06,134.04,134.04,0,0.0,0.0
2024-12-18 06:34:00-05:00,134.03,134.03,133.97,133.97,0,0.0,0.0
2024-12-18 06:35:00-05:00,133.97,133.97,133.82,133.86,0,0.0,0.0
2024-12-18 06:36:00-05:00,133.84,133.85,133.77,133.83,0,0.0,0.0
2024-12-18 06:37:00-05:00,133.82,133.9,133.82,133.9,0,0.0,0.0
2024-12-18 06:38:00-05:00,133.88,133.89,133.85,133.85,0,0.0,0.0
2024-12-18 06:39:00-05:00,133.85,133.9,133.85,133.9,0,0.0,0.0
2024-12-18 06:40:00-05:00,133.93,133.94,133.91,133.91,0,0.0,0.0
2024-12-18 06:41:00-05:00,133.93,133.93,133.9,133.91,0,0.0,0.0
2024-12-18 06:42:00-05:00,133.9,133.92,133.89,133.92,0,0.0,0.0
2024-12-18 06:43:00-05:00,133.92,133.92,133.86,133.87,0,0.0,0.0
2024-12-18 06:44:00-05:00,133.87,133.87,133.82,133.82,0,0.0,0.0
2024-12-18 06:45:00-05:00,133.82,133.9,133.82,133.9,0,0.0,0.0
2024-12-18 06:46:00-05:00,133.89,133.9,133.88,133.88,0,0.0,0.0
2024-12-18 06:47:00-05:00,133.87,133.88,133.84,133.85,0,0.0,0.0
2024-12-18 06:48:00-05:00,133.85,133.85,133.78,133.8,0,0.0,0.0
2024-12-18 06:49:00-05:00,133.8,133.8,133.8,133.8,0,0.0,0.0
2024-12-18 06:50:00-05:00,133.82,133.82,133.76,133.76,0,0.0,0.0
2024-12-18 06:51:00-05:00,133.76,133.79,133.75,133.77,0,0.0,0.0
2024-12-18 06:52:00-05:00,133.78,133.78,133.64,133.64,0,0.0,0.0
2024-12-18 06:53:00-05:00,133.63,133.65,133.56,133.58,0,0.0,0.0
2024-12-18 06:54:00-05:00,133.58,133.6,133.54,133.56,0,0.0,0.0
2024-12-18 06:55:00-05:00,133.56,133.58,133.46,133.55,0,0.0,0.0
2024-12-18 06:56:00-05:00,133.55,133.61,133.55,133.55,0,0.0,0.0
2024-12-18 06:57:00-05:00,133.54,133.55,133.34,133.35,0,0.0,0.0
2024-12-18 06:58:00-05:00,133.37,133.42,133.32,133.37,0,0.0,0.0
2024-12-18 06:59:00-05:00,133.37,133.5,133.36,133.5,0,0.0,0.0
2024-12-18 07:00:00-05:00,133.5,133.55,133.21,133.28,0,0.0,0.0
2024-12-18 07:01:00-05:00,133.26,133.3,133.1,133.17,0,0.0,0.0
2024-12-18 07:02:00-05:00,133.16,133.35,133.16,133.21,0,0.0,0.0
2024-12-18 07:03:00-05:00,133.2,133.31,133.19,133.31,0,0.0,0.0
2024-12-18 07:04:00-05:00,133.35,133.58,133.33,133.58,0,0.0,0.0
2024-12-18 07:05:00-05:00,133.6,133.73,133.6,133.63,0,0.0,0.0
2024-12-18 07:06:00-05:00,133.62,133.72,133.62,133.66,0,0.0,0.0
2024-12-18 07:07:00-05:00,133.65,133.67,133.64,133.67,0,0.0,0.0
2024-12-18 07:08:00-05:00,133.65,133.669,133.6,133.61,0,0.0,0.0
2024-12-18 07:09:00-05:00,133.64,133.65,133.59,133.65,0,0.0,0.0
2024-12-18 07:10:00-05:00,133.65,133.75,133.63,133.75,0,0.0,0.0
2024-12-18 07:11:00-05:00,133.76,133.83,133.75,133.83,0,0.0,0.0
2024-12-18 07:12:00-05:00,133.82,133.85,133.78,133.8,0,0.0,0.0
2024-12-18 07:13:00-05:00,133.81,133.82,133.81,133.81,0,0.0,0.0
2024-12-18 07:14:00-05:00,133.82,133.879,133.82,133.86,0,0.0,0.0
2024-12-18 07:15:00-05:00,133.86,133.9,133.8,133.81,0,0.0,0.0
2024-12-18 07:16:00-05:00,133.81,133.849,133.81,133.849,0,0.0,0.0
2024-12-18 07:17:00-05:00,133.86,133.95,133.86,133.94,0,0.0,0.0
2024-12-18 07:18:00-05:00,133.969,134.059,133.969,134.059,0,0.0,0.0
2024-12-18 07:19:00-05:00,134.059,134.23,134.059,134.23,0,0.0,0.0
2024-12-18 07:20:00-05:00,134.22,134.24,134.05,134.14,0,0.0,0.0
2024-12-18 07:21:00-05:00,134.14,134.23,134.14,134.23,0,0.0,0.0
2024-12-18 07:22:00-05:00,134.24,134.25,134.15,134.18,0,0.0,0.0
2024-12-18 07:23:00-05:00,134.15,134.18,134.05,134.18,0,0.0,0.0
2024-12-18 07:24:00-05:00,134.15,134.2,134.13,134.18,0,0.0,0.0
2024-12-18 07:25:00-05:00,134.19,134.21,134.18,134.18,0,0.0,0.0
2024-12-18 07:26:00-05:00,134.2,134.219,134.1,134.129,0,0.0,0.0
2024-12-18 07:27:00-05:00,134.1,134.11,133.97,133.97,0,0.0,0.0
2024-12-18 07:28:00-05:00,133.99,134.06,133.97,134.03,0,0.0,0.0
2024-12-18 07:29:00-05:00,134.06,134.07,134.03,134.06,0,0.0,0.0
2024-12-18 07:30:00-05:00,134.06,134.19,134.06,134.18,0,0.0,0.0
2024-12-18 07:31:00-05:00,134.17,134.2,134.14,134.18,0,0.0,0.0
2024-12-18 07:32:00-05:00,134.17,134.18,134.03,134.03,0,0.0,0.0
2024-12-18 07:33:00-05:00,134.02,134.06,133.961,134.06,0,0.0,0.0
2024-12-18 07:34:00-05:00,134.07,134.11,134.05,134.06,0,0.0,0.0
2024-12-18 07:35:00-05:00,134.07,134.089,134.06,134.089,0,0.0,0.0
2024-12-18 07:36:00-05:00,134.08,134.08,133.89,133.89,0,0.0,0.0
2024-12-18 07:37:00-05:00,133.9,133.91,133.861,133.9,0,0.0,0.0
2024-12-18 07:38:00-05:00,133.929,134.049,133.91,134.049,0,0.0,0.0
2024-12-18 07:39:00-05:00,134.04,134.08,133.98,134.08,0,0.0,0.0
2024-12-18 07:40:00-05:00,134.08,134.12,134.061,134.09,0,0.0,0.0
2024-12-18 07:41:00-05:00,134.1,134.1,133.95,133.97,0,0.0,0.0
2024-12-18 07:42:00-05:00,133.969,134.05,133.969,134.05,0,0.0,0.0
2024-12-18 07:43:00-05:00,134.05,134.06,134.03,134.05,0,0.0,0.0
2024-12-18 07:44:00-05:00,134.05,134.05,134.03,134.04,0,0.0,0.0
2024-12-18 07:45:00-05:00,134.04,134.1,134.01,134.1,0,0.0,0.0
2024-12-18 07:46:00-05:00,134.09,134.09,134.02,134.03,0,0.0,0.0
2024-12-18 07:47:00-05:00,134.01,134.02,133.98,134.02,0,0.0,0.0
2024-12-18 07:48:00-05:00,134.03,134.1,134.0,134.1,0,0.0,0.0
2024-12-18 07:49:00-05:00,134.099,134.1,134.04,134.04,0,0.0,0.0
2024-12-18 07:50:00-05:00,134.03,134.2,133.93,134.16,0,0.0,0.0
2024-12-18 07:51:00-05:00,134.13,134.259,134.13,134.259,0,0.0,0.0
2024-12-18 07:52:00-05:00,134.26,134.26,134.101,134.101,0,0.0,0.0
2024-12-18 07:53:00-05:00,134.17,134.179,134.151,134.179,0,0.0,0.0
2024-12-18 07:54:00-05:00,134.26,134.35,134.26,134.32,0,0.0,0.0
2024-12-18 07:55:00-05:00,134.31,134.39,134.3,134.39,0,0.0,0.0
2024-12-18 07:56:00-05:00,134.39,134.45,134.39,134.44,0,0.0,0.0
2024-12-18 07:57:00-05:00,134.44,134.53,134.44,134.53,0,0.0,0.0
2024-12-18 07:58:00-05:00,134.51,134.51,134.38,134.41,0,0.0,0.0
2024-12-18 07:59:00-05:00,134.42,134.42,134.3,134.36,0,0.0,0.0
2024-12-18 08:00:00-05:00,134.35,134.94,131.8904,134.3028,0,0.0,0.0
2024-12-18 08:01:00-05:00,134.256,134.5264,131.17,134.01,0,0.0,0.0
2024-12-18 08:02:00-05:00,134.0,134.03,133.9,133.99,0,0.0,0.0
2024-12-18 08:03:00-05:00,134.0,134.1,133.96,134.06,0,0.0,0.0
2024-12-18 08:04:00-05:00,134.06,134.09,133.87,133.8997,0,0.0,0.0
2024-12-18 08:05:00-05:00,133.8976,133.96,130.39,133.96,0,0.0,0.0
2024-12-18 08:06:00-05:00,133.945,134.0,133.74,133.8,0,0.0,0.0
2024-12-18 08:07:00-05:00,133.8,133.93,133.79,133.86,0,0.0,0.0
2024-12-18 08:08:00-05:00,133.88,133.95,133.86,133.93,0,0.0,0.0
2024-12-18 08:09:00-05:00,133.91,134.08,133.91,134.0799,0,0.0,0.0
2024-12-18 08:10:00-05:00,134.05,134.17,134.04,134.13,0,0.0,0.0
2024-12-18 08:11:00-05:00,134.1476,134.17,134.08,134.15,0,0.0,0.0
2024-12-18 08:12:00-05:00,134.15,134.1501,134.02,134.03,0,0.0,0.0
2024-12-18 08:13:00-05:00,134.05,134.2,134.03,134.2,0,0.0,0.0
2024-12-18 08:14:00-05:00,134.19,134.19,134.12,134.19,0,0.0,0.0
2024-12-18 08:15:00-05:00,134.19,134.24,134.15,134.1899,0,0.0,0.0
2024-12-18 08:16:00-05:00,134.22,134.23,134.1,134.17,0,0.0,0.0
2024-12-18 08:17:00-05:00,134.1,134.1705,134.06,134.08,0,0.0,0.0
2024-12-18 08:18:00-05:00,134.08,134.12,134.01,134.01,0,0.0,0.0
2024-12-18 08:19:00-05:00,134.04,134.05,134.01,134.0201,0,0.0,0.0
2024-12-18 08:20:00-05:00,134.03,134.04,133.93,134.04,0,0.0,0.0
2024-12-18 08:21:00-05:00,134.006,134.05,134.0,134.0107,0,0.0,0.0
2024-12-18 08:22:00-05:00,134.0,134.04,133.06,133.68,0,0.0,0.0
2024-12-18 08:23:00-05:00,133.665,133.87,133.665,133.823,0,0.0,0.0
2024-12-18 08:24:00-05:00,133.85,133.96,133.8015,133.86,0,0.0,0.0
2024-12-18 08:25:00-05:00,133.85,133.98,133.81,133.97,0,0.0,0.0
2024-12-18 08:26:00-05:00,133.96,134.19,133.94,134.189,0,0.0,0.0
2024-12-18 08:27:00-05:00,134.185,134.23,134.15,134.175,0,0.0,0.0
2024-12-18 08:28:00-05:00,134.2,134.2,134.05,134.05,0,0.0,0.0
2024-12-18 08:29:00-05:00,134.11,134.13,133.95,134.06,0,0.0,0.0
2024-12-18 08:30:00-05:00,134.01,134.07,133.9,133.98,0,0.0,0.0
2024-12-18 08:31:00-05:00,133.99,134.0,133.92,133.9599,0,0.0,0.0
2024-12-18 08:32:00-05:00,133.95,133.99,133.9001,133.9308,0,0.0,0.0
2024-12-18 08:33:00-05:00,133.93,133.95,133.8,133.84,0,0.0,0.0
2024-12-18 08:34:00-05:00,133.8,133.94,133.8,133.92,0,0.0,0.0
2024-12-18 08:35:00-05:00,133.9,134.0499,133.8862,134.0,0,0.0,0.0
2024-12-18 08:36:00-05:00,133.9999,134.05,133.98,134.015,0,0.0,0.0
2024-12-18 08:37:00-05:00,134.0,134.12,134.0,134.01,0,0.0,0.0
2024-12-18 08:38:00-05:00,134.01,134.02,133.3,133.89,0,0.0,0.0
2024-12-18 08:39:00-05:00,133.87,133.91,133.71,133.83,0,0.0,0.0
2024-12-18 08:40:00-05:00,133.83,133.85,133.65,133.73,0,0.0,0.0
2024-12-18 08:41:00-05:00,133.7202,133.81,133.68,133.71,0,0.0,0.0
2024-12-18 08:42:00-05:00,133.73,133.75,133.63,133.73,0,0.0,0.0
2024-12-18 08:43:00-05:00,133.75,133.87,133.74,133.82,0,0.0,0.0
2024-12-18 08:44:00-05:00,133.8299,133.83,133.73,133.7736,0,0.0,0.0
2024-12-18 08:45:00-05:00,133.8,133.85,133.77,133.82,0,0.0,0.0
2024-12-18 08:46:00-05:00,133.84,133.86,133.78,133.845,0,0.0,0.0
2024-12-18 08:47:00-05:00,133.85,133.88,133.68,133.77,0,0.0,0.0
2024-12-18 08:48:00-05:00,133.78,133.8,133.49,133.53,0,0.0,0.0
2024-12-18 08:49:00-05:00,133.56,133.75,133.49,133.7101,0,0.0,0.0
2024-12-18 08:50:00-05:00,133.738,133.8,133.67,133.77,0,0.0,0.0
2024-12-18 08:51:00-05:00,133.79,133.84,133.78,133.83,0,0.0,0.0
2024-12-18 08:52:00-05:00,133.8399,133.98,133.82,133.97,0,0.0,0.0
2024-12-18 08:53:00-05:00,133.97,134.0,133.93,133.96,0,0.0,0.0
2024-12-18 08:54:00-05:00,133.96,134.0,133.9,133.9552,0,0.0,0.0
2024-12-18 08:55:00-05:00,133.96,133.96,133.86,133.87,0,0.0,0.0
2024-12-18 08:56:00-05:00,133.87,133.91,133.81,133.86,0,0.0,0.0
2024-12-18 08:57:00-05:00,133.89,133.9,133.72,133.79,0,0.0,0.0
2024-12-18 08:58:00-05:00,133.78,133.89,133.69,133.75,0,0.0,0.0
2024-12-18 08:59:00-05:00,133.78,133.78,133.59,133.685,0,0.0,0.0
2024-12-18 09:00:00-05:00,133.69,133.69,133.6,133.623,0,0.0,0.0
2024-12-18 09:01:00-05:00,133.66,133.88,133.6199,133.8401,0,0.0,0.0
2024-12-18 09:02:00-05:00,133.85,134.0,133.82,133.99,0,0.0,0.0
2024-12-18 09:03:00-05:00,133.9864,134.0899,133.93,134.07,0,0.0,0.0
2024-12-18 09:04:00-05:00,134.09,134.24,134.0415,134.1,0,0.0,0.0
2024-12-18 09:05:00-05:00,134.11,134.17,134.0,134.115,0,0.0,0.0
2024-12-18 09:06:00-05:00,134.12,134.12,134.0,134.037,0,0.0,0.0
2024-12-18 09:07:00-05:00,134.0499,134.05,133.9,133.95,0,0.0,0.0
2024-12-18 09:08:00-05:00,134.0,134.0,133.83,133.86,0,0.0,0.0
2024-12-18 09:09:00-05:00,133.89,133.98,133.75,133.8,0,0.0,0.0
2024-12-18 09:10:00-05:00,133.78,133.8,133.71,133.7399,0,0.0,0.0
2024-12-18 09:11:00-05:00,133.74,133.87,133.71,133.87,0,0.0,0.0
2024-12-18 09:12:00-05:00,133.8602,133.89,133.75,133.76,0,0.0,0.0
2024-12-18 09:13:00-05:00,133.78,133.8,133.63,133.7881,0,0.0,0.0
2024-12-18 09:14:00-05:00,133.7886,133.79,133.66,133.7,0,0.0,0.0
2024-12-18 09:15:00-05:00,133.72,133.73,133.66,133.69,0,0.0,0.0
2024-12-18 09:16:00-05:00,133.7,133.72,133.6,133.7,0,0.0,0.0
2024-12-18 09:17:00-05:00,133.67,133.75,133.65,133.7,0,0.0,0.0
2024-12-18 09:18:00-05:00,133.7,133.7,133.64,133.68,0,0.0,0.0
2024-12-18 09:19:00-05:00,133.66,133.7,133.64,133.67,0,0.0,0.0
2024-12-18 09:20:00-05:00,133.67,133.76,133.67,133.74,0,0.0,0.0
2024-12-18 09:21:00-05:00,133.72,133.78,133.72,133.77,0,0.0,0.0
2024-12-18 09:22:00-05:00,133.77,133.84,133.75,133.82,0,0.0,0.0
2024-12-18 09:23:00-05:00,133.83,133.86,133.76,133.8,0,0.0,0.0
2024-12-18 09:24:00-05:00,133.7997,133.85,133.77,133.81,0,0.0,0.0
2024-12-18 09:25:00-05:00,133.81,133.83,133.6,133.6901,0,0.0,0.0
2024-12-18 09:26:00-05:00,133.71,133.79,133.6,133.645,0,0.0,0.0
2024-12-18 09:27:00-05:00,133.78,134.07,133.61,134.0,0,0.0,0.0
2024-12-18 09:28:00-05:00,134.0,134.03,133.9,133.94,0,0.0,0.0
2024-12-18 09:29:00-05:00,133.94,133.97,133.8608,133.8895,0,0.0,0.0
2024-12-18 09:30:00-05:00,133.8699951171875,133.9196014404297,133.27000427246094,133.4199981689453,13752091,0.0,0.0
2024-12-18 09:31:00-05:00,133.42999267578125,133.4499053955078,132.80999755859375,133.0850067138672,1532044,0.0,0.0
2024-12-18 09:32:00-05:00,133.07000732421875,134.52999877929688,133.05099487304688,134.42999267578125,2246279,0.0,0.0
2024-12-18 09:33:00-05:00,134.4149932861328,134.8300018310547,134.1999969482422,134.80999755859375,1770771,0.0,0.0
2024-12-18 09:34:00-05:00,134.8000030517578,134.8300018310547,133.85000610351562,134.1199951171875,1592004,0.0,0.0
2024-12-18 09:35:00-05:00,134.1199951171875,134.24000549316406,133.3300018310547,133.6999969482422,1229513,0.0,0.0
2024-12-18 09:36:00-05:00,133.6999969482422,134.10000610351562,133.4199981689453,134.0500030517578,997005,0.0,0.0
2024-12-18 09:37:00-05:00,134.06500244140625,134.99000549316406,134.06500244140625,134.9810028076172,1746701,0.0,0.0
2024-12-18 09:38:00-05:00,134.98809814453125,135.0,134.75999450683594,134.99000549316406,1394587,0.0,0.0
2024-12-18 09:39:00-05:00,134.99000549316406,135.38999938964844,134.98500061035156,135.31739807128906,2376280,0.0,0.0
2024-12-18 09:40:00-05:00,135.3300018310547,135.58999633789062,135.14999389648438,135.17999267578125,1699509,0.0,0.0
2024-12-18 09:41:00-05:00,135.1699981689453,135.47000122070312,134.89999389648438,135.42999267578125,1201747,0.0,0.0
2024-12-18 09:42:00-05:00,135.44000244140625,135.77999877929688,135.4199981689453,135.6699981689453,1469215,0.0,0.0
2024-12-18 09:43:00-05:00,135.66000366210938,135.66000366210938,135.27999877929688,135.3300018310547,954649,0.0,0.0
2024-12-18 09:44:00-05:00,135.33999633789062,135.4600067138672,135.16000366210938,135.4199981689453,1024641,0.0,0.0
2024-12-18 09:45:00-05:00,135.4199981689453,135.42999267578125,134.94000244140625,135.0800018310547,1050930,0.0,0.0
2024-12-18 09:46:00-05:00,135.0800018310547,135.13999938964844,134.7100067138672,134.7899932861328,892971,0.0,0.0
2024-12-18 09:47:00-05:00,134.7884979248047,135.1300048828125,134.71499633789062,134.93499755859375,945086,0.0,0.0
2024-12-18 09:48:00-05:00,134.94000244140625,134.9600067138672,134.6199951171875,134.65499877929688,610974,0.0,0.0
2024-12-18 09:49:00-05:00,134.64999389648438,134.8000030517578,134.591796875,134.75999450683594,728397,0.0,0.0
2024-12-18 09:50:00-05:00,134.75999450683594,134.88999938964844,134.35000610351562,134.44500732421875,977864,0.0,0.0
2024-12-18 09:51:00-05:00,134.4600067138672,134.57000732421875,134.1699981689453,134.4197998046875,852457,0.0,0.0
2024-12-18 09:52:00-05:00,134.42990112304688,134.5500030517578,134.27000427246094,134.44000244140625,619825,0.0,0.0
2024-12-18 09:53:00-05:00,134.44000244140625,134.50999450683594,134.22000122070312,134.4199981689453,634439,0.0,0.0
2024-12-18 09:54:00-05:00,134.41000366210938,134.69000244140625,134.40499877929688,134.67010498046875,792958,0.0,0.0
2024-12-18 09:55:00-05:00,134.67030334472656,135.02999877929688,134.67030334472656,134.9499969482422,1221750,0.0,0.0
2024-12-18 09:56:00-05:00,134.94000244140625,135.0500030517578,134.7100067138672,134.77000427246094,647722,0.0,0.0
2024-12-18 09:57:00-05:00,134.7799072265625,134.8238983154297,134.5500030517578,134.8238983154297,580074,0.0,0.0
2024-12-18 09:58:00-05:00,134.8251953125,134.86000061035156,134.6300048828125,134.8090057373047,410651,0.0,0.0
2024-12-18 09:59:00-05:00,134.81500244140625,135.0811004638672,134.77000427246094,134.86000061035156,856829,0.0,0.0
2024-12-18 10:00:00-05:00,134.86000061035156,135.1699981689453,134.7899932861328,134.8300018310547,809258,0.0,0.0
2024-12-18 10:01:00-05:00,134.85000610351562,135.19000244140625,134.83999633789062,135.06790161132812,554110,0.0,0.0
2024-12-18 10:02:00-05:00,135.0500030517578,135.0500030517578,134.47999572753906,134.6320037841797,890917,0.0,0.0
2024-12-18 10:03:00-05:00,134.62100219726562,134.9199981689453,134.59010314941406,134.77999877929688,526198,0.0,0.0
2024-12-18 10:04:00-05:00,134.77000427246094,134.92999267578125,134.72000122070312,134.83999633789062,484271,0.0,0.0
2024-12-18 10:05:00-05:00,134.85000610351562,134.89999389648438,134.5399932861328,134.8300018310547,585284,0.0,0.0
2024-12-18 10:06:00-05:00,134.82000732421875,134.8800048828125,134.5399932861328,134.67999267578125,476696,0.0,0.0
2024-12-18 10:07:00-05:00,134.67999267578125,134.72000122070312,134.5399932861328,134.67669677734375,327203,0.0,0.0
2024-12-18 10:08:00-05:00,134.6699981689453,134.6699981689453,134.22500610351562,134.27999877929688,852542,0.0,0.0
2024-12-18 10:09:00-05:00,134.27499389648438,134.47999572753906,134.25999450683594,134.38999938964844,487470,0.0,0.0
2024-12-18 10:10:00-05:00,134.38999938964844,134.6999969482422,134.3800048828125,134.6781005859375,472869,0.0,0.0
2024-12-18 10:11:00-05:00,134.67039489746094,134.7100067138672,134.55999755859375,134.70779418945312,398406,0.0,0.0
2024-12-18 10:12:00-05:00,134.7082061767578,134.8000030517578,134.61000061035156,134.79769897460938,585450,0.0,0.0
2024-12-18 10:13:00-05:00,134.7899932861328,134.97000122070312,134.77000427246094,134.8000030517578,512980,0.0,0.0
2024-12-18 10:14:00-05:00,134.7899932861328,135.1199951171875,134.75010681152344,134.97999572753906,858176,0.0,0.0
2024-12-18 10:15:00-05:00,134.97999572753906,135.0500030517578,134.88009643554688,134.93150329589844,379850,0.0,0.0
2024-12-18 10:16:00-05:00,134.92999267578125,135.10000610351562,134.85000610351562,134.88999938964844,514456,0.0,0.0
2024-12-18 10:17:00-05:00,134.89500427246094,134.92999267578125,134.6199951171875,134.6898956298828,547988,0.0,0.0
2024-12-18 10:18:00-05:00,134.68670654296875,134.75999450683594,134.5926055908203,134.72329711914062,540242,0.0,0.0
2024-12-18 10:19:00-05:00,134.72500610351562,134.82000732421875,134.60499572753906,134.75,380479,0.0,0.0
2024-12-18 10:20:00-05:00,134.75970458984375,134.86000061035156,134.55999755859375,134.86000061035156,405355,0.0,0.0
2024-12-18 10:22:00-05:00,135.42999267578125,135.47000122070312,135.1999969482422,135.28500366210938,1730026,0.0,0.0
2024-12-18 10:23:00-05:00,135.27999877929688,135.32000732421875,135.16000366210938,135.27000427246094,417393,0.0,0.0
2024-12-18 10:24:00-05:00,135.25999450683594,135.3699951171875,135.05999755859375,135.05999755859375,467835,0.0,0.0
2024-12-18 10:25:00-05:00,135.05999755859375,135.4199981689453,135.02000427246094,135.39990234375,499894,0.0,0.0
2024-12-18 10:26:00-05:00,135.39599609375,135.47000122070312,135.27870178222656,135.41000366210938,550643,0.0,0.0
2024-12-18 10:27:00-05:00,135.42599487304688,135.5500030517578,135.32000732421875,135.5500030517578,827217,0.0,0.0
2024-12-18 10:28:00-05:00,135.5500030517578,135.5800018310547,135.39999389648438,135.52000427246094,597688,0.0,0.0
2024-12-18 10:29:00-05:00,135.5106964111328,135.5800018310547,135.41009521484375,135.56370544433594,403256,0.0,0.0
2024-12-18 10:30:00-05:00,135.5601043701172,135.6699981689453,135.36000061035156,135.3697967529297,726253,0.0,0.0
2024-12-18 10:31:00-05:00,135.3800048828125,135.55999755859375,135.27000427246094,135.38009643554688,517112,0.0,0.0
2024-12-18 10:32:00-05:00,135.3800048828125,135.61000061035156,135.3300018310547,135.5457000732422,417034,0.0,0.0
2024-12-18 10:33:00-05:00,135.5500030517578,135.74000549316406,135.49009704589844,135.72869873046875,582752,0.0,0.0
2024-12-18 10:34:00-05:00,135.72999572753906,135.97000122070312,135.72999572753906,135.96009826660156,988124,0.0,0.0
2024-12-18 10:35:00-05:00,135.97000122070312,135.99000549316406,135.8699951171875,135.88999938964844,756457,0.0,0.0
2024-12-18 10:36:00-05:00,135.9001007080078,135.90499877929688,135.72999572753906,135.80999755859375,598385,0.0,0.0
2024-12-18 10:37:00-05:00,135.80999755859375,135.92999267578125,135.74000549316406,135.80999755859375,562362,0.0,0.0
2024-12-18 10:38:00-05:00,135.8300018310547,135.99000549316406,135.77000427246094,135.99000549316406,429259,0.0,0.0
2024-12-18 10:39:00-05:00,135.9801025390625,136.11000061035156,135.9600067138672,136.05880737304688,1377345,0.0,0.0
2024-12-18 10:40:00-05:00,136.05999755859375,136.16000366210938,135.97000122070312,136.01499938964844,574898,0.0,0.0
2024-12-18 10:41:00-05:00,136.01910400390625,136.1999969482422,136.00999450683594,136.04010009765625,522807,0.0,0.0
2024-12-18 10:42:00-05:00,136.0399932861328,136.09860229492188,135.86000061035156,135.889892578125,560026,0.0,0.0
2024-12-18 10:43:00-05:00,135.889404296875,135.92999267578125,135.5500030517578,135.59010314941406,847289,0.0,0.0
2024-12-18 10:44:00-05:00,135.60000610351562,135.74000549316406,135.4499969482422,135.72000122070312,660993,0.0,0.0
2024-12-18 10:45:00-05:00,135.68499755859375,136.0,135.68499755859375,135.98480224609375,482602,0.0,0.0
2024-12-18 10:46:00-05:00,135.98500061035156,136.08999633789062,135.91000366210938,135.9219970703125,502959,0.0,0.0
2024-12-18 10:47:00-05:00,135.91009521484375,136.02999877929688,135.79049682617188,135.89999389648438,465684,0.0,0.0
2024-12-18 10:48:00-05:00,135.89999389648438,136.07000732421875,135.88999938964844,136.0050048828125,405573,0.0,0.0
2024-12-18 10:49:00-05:00,136.02000427246094,136.13999938964844,135.86000061035156,135.88999938964844,488795,0.0,0.0
2024-12-18 10:50:00-05:00,135.88999938964844,136.13999938964844,135.860107421875,135.92999267578125,366978,0.0,0.0
2024-12-18 10:51:00-05:00,135.92010498046875,136.05999755859375,135.83999633789062,135.86500549316406,406644,0.0,0.0
2024-12-18 10:52:00-05:00,135.8699951171875,135.8800048828125,135.66000366210938,135.74000549316406,457483,0.0,0.0
2024-12-18 10:53:00-05:00,135.7301025390625,135.75999450683594,135.63999938964844,135.69479370117188,403458,0.0,0.0
2024-12-18 10:54:00-05:00,135.69000244140625,135.86000061035156,135.57269287109375,135.85000610351562,361373,0.0,0.0
2024-12-18 10:55:00-05:00,135.85000610351562,135.97999572753906,135.84500122070312,135.9499969482422,358514,0.0,0.0
2024-12-18 10:56:00-05:00,135.95989990234375,136.1300048828125,135.9221954345703,136.08340454101562,455686,0.0,0.0
2024-12-18 10:57:00-05:00,136.0800018310547,136.17999267578125,136.05999755859375,136.08999633789062,442683,0.0,0.0
2024-12-18 10:58:00-05:00,136.11019897460938,136.13999938964844,135.8800048828125,135.89500427246094,362729,0.0,0.0
2024-12-18 10:59:00-05:00,135.88999938964844,136.0,135.83999633789062,135.9499969482422,314424,0.0,0.0
2024-12-18 11:00:00-05:00,135.95989990234375,136.17999267578125,135.9149932861328,136.1649932861328,453937,0.0,0.0
2024-12-18 11:01:00-05:00,136.16029357910156,136.36500549316406,136.10000610351562,136.35499572753906,994553,0.0,0.0
2024-12-18 11:02:00-05:00,136.35499572753906,136.52999877929688,136.3300018310547,136.44500732421875,947070,0.0,0.0
2024-12-18 11:03:00-05:00,136.44000244140625,136.67999267578125,136.4333038330078,136.66969299316406,752864,0.0,0.0
2024-12-18 11:04:00-05:00,136.6699981689453,136.6999969482422,136.57000732421875,136.64010620117188,625042,0.0,0.0
2024-12-18 11:05:00-05:00,136.63999938964844,136.65499877929688,136.4600067138672,136.5500030517578,629322,0.0,0.0
2024-12-18 11:06:00-05:00,136.54119873046875,136.57000732421875,136.5399932861328,136.5697021484375,30102,0.0,0.0
2024-12-18 11:08:00-05:00,136.4600067138672,136.52000427246094,136.3699951171875,136.37030029296875,1252393,0.0,0.0
2024-12-18 11:09:00-05:00,136.37010192871094,136.4040069580078,136.17999267578125,136.2100067138672,496063,0.0,0.0
2024-12-18 11:10:00-05:00,136.1999969482422,136.27999877929688,136.13999938964844,136.2100067138672,439025,0.0,0.0
2024-12-18 11:11:00-05:00,136.20989990234375,136.35000610351562,136.11000061035156,136.28919982910156,404833,0.0,0.0
2024-12-18 11:12:00-05:00,136.3000030517578,136.44000244140625,136.27999877929688,136.27999877929688,413670,0.0,0.0
2024-12-18 11:13:00-05:00,136.28500366210938,136.3000030517578,135.99000549316406,135.99969482421875,606659,0.0,0.0
2024-12-18 11:14:00-05:00,135.9998016357422,136.1300048828125,135.99000549316406,136.0301055908203,387607,0.0,0.0
2024-12-18 11:15:00-05:00,136.02999877929688,136.03829956054688,135.6999969482422,135.75,708127,0.0,0.0
2024-12-18 11:16:00-05:00,135.75,135.8800048828125,135.6199951171875,135.66000366210938,513811,0.0,0.0
2024-12-18 11:17:00-05:00,135.64999389648438,135.6613006591797,135.3000030517578,135.32000732421875,919777,0.0,0.0
2024-12-18 11:18:00-05:00,135.3197021484375,135.52000427246094,135.30599975585938,135.44000244140625,421192,0.0,0.0
2024-12-18 11:19:00-05:00,135.44760131835938,135.4499969482422,135.1199951171875,135.25990295410156,695196,0.0,0.0
2024-12-18 11:20:00-05:00,135.25770568847656,135.27000427246094,135.02999877929688,135.2299041748047,569340,0.0,0.0
2024-12-18 11:21:00-05:00,135.2299041748047,135.32000732421875,135.02000427246094,135.0399932861328,558419,0.0,0.0
2024-12-18 11:22:00-05:00,135.03500366210938,135.19940185546875,135.02999877929688,135.05499267578125,434615,0.0,0.0
2024-12-18 11:23:00-05:00,135.05999755859375,135.22999572753906,135.00999450683594,135.1199951171875,481845,0.0,0.0
2024-12-18 11:24:00-05:00,135.1199951171875,135.25999450683594,135.00999450683594,135.16000366210938,482496,0.0,0.0
2024-12-18 11:25:00-05:00,135.1699981689453,135.25999450683594,135.08999633789062,135.2100067138672,406122,0.0,0.0
2024-12-18 11:26:00-05:00,135.19000244140625,135.30999755859375,134.9550018310547,134.97030639648438,848214,0.0,0.0
2024-12-18 11:27:00-05:00,134.9709014892578,135.24000549316406,134.9600067138672,135.17030334472656,354848,0.0,0.0
2024-12-18 11:28:00-05:00,135.1750030517578,135.35000610351562,135.07000732421875,135.33990478515625,470867,0.0,0.0
2024-12-18 11:29:00-05:00,135.33999633789062,135.3800048828125,135.19500732421875,135.25,380943,0.0,0.0
2024-12-18 11:30:00-05:00,135.27000427246094,135.29989624023438,135.1199951171875,135.1699981689453,335152,0.0,0.0
2024-12-18 11:31:00-05:00,135.16000366210938,135.1699981689453,135.0399932861328,135.1383056640625,375817,0.0,0.0
2024-12-18 11:32:00-05:00,135.13009643554688,135.2198944091797,135.08999633789062,135.10000610351562,336192,0.0,0.0
2024-12-18 11:33:00-05:00,135.10000610351562,135.17999267578125,135.02000427246094,135.0800018310547,376889,0.0,0.0
2024-12-18 11:34:00-05:00,135.08999633789062,135.1199951171875,134.82000732421875,134.92999267578125,725053,0.0,0.0
2024-12-18 11:35:00-05:00,134.89089965820312,134.92349243164062,134.66000366210938,134.75,597866,0.0,0.0
2024-12-18 11:36:00-05:00,134.7449951171875,134.9600067138672,134.72999572753906,134.93499755859375,447524,0.0,0.0
2024-12-18 11:37:00-05:00,134.93069458007812,135.0,134.89999389648438,134.9250030517578,280506,0.0,0.0
2024-12-18 11:38:00-05:00,134.9149932861328,134.97000122070312,134.86000061035156,134.9199981689453,259671,0.0,0.0
2024-12-18 11:39:00-05:00,134.9154052734375,134.9250030517578,134.72999572753906,134.88099670410156,338401,0.0,0.0
2024-12-18 11:40:00-05:00,134.88499450683594,134.9199981689453,134.75999450683594,134.83999633789062,253455,0.0,0.0
2024-12-18 11:41:00-05:00,134.83999633789062,134.87989807128906,134.6999969482422,134.77000427246094,361483,0.0,0.0
2024-12-18 11:42:00-05:00,134.77000427246094,134.82989501953125,134.7100067138672,134.7698974609375,253429,0.0,0.0
2024-12-18 11:43:00-05:00,134.76499938964844,134.82000732421875,134.6717987060547,134.77999877929688,429185,0.0,0.0
2024-12-18 11:44:00-05:00,134.7790985107422,134.83990478515625,134.6800994873047,134.72000122070312,318388,0.0,0.0
2024-12-18 11:45:00-05:00,134.72000122070312,134.8800048828125,134.72000122070312,134.83880615234375,266212,0.0,0.0
2024-12-18 11:46:00-05:00,134.8350067138672,135.01499938964844,134.8300018310547,134.91009521484375,421965,0.0,0.0
2024-12-18 11:47:00-05:00,134.9149932861328,134.9492950439453,134.80499267578125,134.88499450683594,271804,0.0,0.0
2024-12-18 11:48:00-05:00,134.875,135.0489959716797,134.8300018310547,134.9949951171875,295598,0.0,0.0
2024-12-18 11:49:00-05:00,134.99000549316406,135.08990478515625,134.99000549316406,135.05099487304688,324934,0.0,0.0
2024-12-18 11:50:00-05:00,135.0570068359375,135.24000549316406,135.00999450683594,135.22999572753906,471801,0.0,0.0
2024-12-18 11:51:00-05:00,135.22000122070312,135.3300018310547,135.2050018310547,135.29010009765625,452742,0.0,0.0
2024-12-18 11:52:00-05:00,135.2949981689453,135.3300018310547,135.16000366210938,135.3289031982422,319268,0.0,0.0
2024-12-18 11:53:00-05:00,135.32479858398438,135.38999938964844,135.29080200195312,135.30499267578125,304599,0.0,0.0
2024-12-18 11:54:00-05:00,135.29010009765625,135.30499267578125,135.22000122070312,135.24000549316406,180321,0.0,0.0
2024-12-18 11:55:00-05:00,135.25,135.32000732421875,135.10000610351562,135.17999267578125,287127,0.0,0.0
2024-12-18 11:56:00-05:00,135.17999267578125,135.2100067138672,135.10000610351562,135.13999938964844,182985,0.0,0.0
2024-12-18 11:57:00-05:00,135.13999938964844,135.15989685058594,135.02000427246094,135.0998992919922,221968,0.0,0.0
2024-12-18 11:58:00-05:00,135.09500122070312,135.12989807128906,135.02000427246094,135.11489868164062,223843,0.0,0.0
2024-12-18 11:59:00-05:00,135.12989807128906,135.1999969482422,135.10000610351562,135.15989685058594,231943,0.0,0.0
2024-12-18 12:00:00-05:00,135.15499877929688,135.1699981689453,135.11000061035156,135.14999389648438,138308,0.0,0.0
2024-12-18 12:01:00-05:00,135.14999389648438,135.22000122070312,134.89999389648438,135.02000427246094,505671,0.0,0.0
2024-12-18 12:02:00-05:00,135.02479553222656,135.1300048828125,134.89999389648438,134.9398956298828,295199,0.0,0.0
2024-12-18 12:03:00-05:00,134.9199981689453,135.0800018310547,134.82000732421875,135.05499267578125,337845,0.0,0.0
2024-12-18 12:04:00-05:00,135.0500030517578,135.10000610351562,135.0,135.09500122070312,255214,0.0,0.0
2024-12-18 12:05:00-05:00,135.0749969482422,135.13980102539062,134.97000122070312,135.03509521484375,198872,0.0,0.0
2024-12-18 12:06:00-05:00,135.03990173339844,135.11000061035156,134.98500061035156,135.08999633789062,169030,0.0,0.0
2024-12-18 12:07:00-05:00,135.08999633789062,135.19000244140625,135.0800018310547,135.125,275982,0.0,0.0
2024-12-18 12:08:00-05:00,135.125,135.32000732421875,135.1112060546875,135.3101043701172,282882,0.0,0.0
2024-12-18 12:09:00-05:00,135.30999755859375,135.3249969482422,135.22000122070312,135.27999877929688,245128,0.0,0.0
2024-12-18 12:10:00-05:00,135.2899932861328,135.30999755859375,135.1999969482422,135.20989990234375,191053,0.0,0.0
2024-12-18 12:11:00-05:00,135.2050018310547,135.35000610351562,135.18499755859375,135.30039978027344,206146,0.0,0.0
2024-12-18 12:12:00-05:00,135.30999755859375,135.375,135.1501007080078,135.20010375976562,335870,0.0,0.0
2024-12-18 12:13:00-05:00,135.2100067138672,135.22999572753906,135.07000732421875,135.12100219726562,259270,0.0,0.0
2024-12-18 12:14:00-05:00,135.11500549316406,135.22999572753906,135.0800018310547,135.22500610351562,245299,0.0,0.0
2024-12-18 12:15:00-05:00,135.22999572753906,135.33999633789062,135.1999969482422,135.30999755859375,303732,0.0,0.0
2024-12-18 12:16:00-05:00,135.3000030517578,135.33999633789062,135.24000549316406,135.3011932373047,307537,0.0,0.0
2024-12-18 12:17:00-05:00,135.30580139160156,135.47999572753906,135.2700958251953,135.4600067138672,330777,0.0,0.0
2024-12-18 12:18:00-05:00,135.47000122070312,135.57000732421875,135.45989990234375,135.55999755859375,371693,0.0,0.0
2024-12-18 12:19:00-05:00,135.55999755859375,135.6199951171875,135.5408935546875,135.60060119628906,293744,0.0,0.0
2024-12-18 12:20:00-05:00,135.61000061035156,135.6699981689453,135.52000427246094,135.5500030517578,334188,0.0,0.0
2024-12-18 12:21:00-05:00,135.55999755859375,135.6699981689453,135.53500366210938,135.66000366210938,265951,0.0,0.0
2024-12-18 12:22:00-05:00,135.66000366210938,135.75999450683594,135.6199951171875,135.69520568847656,374682,0.0,0.0
2024-12-18 12:23:00-05:00,135.69200134277344,135.7899932861328,135.69200134277344,135.77999877929688,261559,0.0,0.0
2024-12-18 12:24:00-05:00,135.77499389648438,135.86000061035156,135.7100067138672,135.8209991455078,281128,0.0,0.0
2024-12-18 12:25:00-05:00,135.82000732421875,135.85000610351562,135.8000030517578,135.8350067138672,199542,0.0,0.0
2024-12-18 12:26:00-05:00,135.8300018310547,135.85000610351562,135.66000366210938,135.71009826660156,310193,0.0,0.0
2024-12-18 12:27:00-05:00,135.7100067138672,135.75,135.6199951171875,135.63009643554688,181375,0.0,0.0
2024-12-18 12:28:00-05:00,135.6300048828125,135.72000122070312,135.6300048828125,135.7050018310547,165344,0.0,0.0
2024-12-18 12:29:00-05:00,135.6999969482422,135.7050018310547,135.59500122070312,135.61500549316406,249506,0.0,0.0
2024-12-18 12:30:00-05:00,135.61990356445312,135.63999938964844,135.55999755859375,135.5800018310547,158478,0.0,0.0
2024-12-18 12:31:00-05:00,135.57989501953125,135.5850067138672,135.3699951171875,135.4199981689453,385313,0.0,0.0
2024-12-18 12:32:00-05:00,135.4001007080078,135.4799041748047,135.38999938964844,135.44659423828125,197883,0.0,0.0
2024-12-18 12:33:00-05:00,135.4550018310547,135.49000549316406,135.35000610351562,135.47500610351562,191158,0.0,0.0
2024-12-18 12:34:00-05:00,135.4600067138672,135.55999755859375,135.4508056640625,135.5301055908203,307732,0.0,0.0
2024-12-18 12:35:00-05:00,135.5449981689453,135.5449981689453,135.30999755859375,135.3800048828125,286680,0.0,0.0
2024-12-18 12:36:00-05:00,135.38499450683594,135.41000366210938,135.2353973388672,135.3300018310547,313043,0.0,0.0
2024-12-18 12:37:00-05:00,135.3350067138672,135.39999389648438,135.3300018310547,135.38999938964844,171245,0.0,0.0
2024-12-18 12:38:00-05:00,135.3800048828125,135.47999572753906,135.34080505371094,135.34500122070312,161294,0.0,0.0
2024-12-18 12:39:00-05:00,135.35000610351562,135.35629272460938,135.2100067138672,135.31910705566406,295248,0.0,0.0
2024-12-18 12:40:00-05:00,135.30999755859375,135.3300018310547,135.2550048828125,135.26019287109375,140371,0.0,0.0
2024-12-18 12:41:00-05:00,135.2635040283203,135.32989501953125,135.2100067138672,135.30499267578125,169675,0.0,0.0
2024-12-18 12:42:00-05:00,135.3000030517578,135.3000030517578,135.21139526367188,135.24000549316406,110888,0.0,0.0
2024-12-18 12:43:00-05:00,135.2449951171875,135.27980041503906,135.11000061035156,135.16000366210938,300016,0.0,0.0
2024-12-18 12:44:00-05:00,135.1750030517578,135.32000732421875,135.1699981689453,135.29989624023438,966251,0.0,0.0
2024-12-18 12:45:00-05:00,135.29649353027344,135.49000549316406,135.27999877929688,135.49000549316406,208926,0.0,0.0
2024-12-18 12:46:00-05:00,135.47999572753906,135.52000427246094,135.36000061035156,135.43980407714844,223476,0.0,0.0
2024-12-18 12:47:00-05:00,135.4329071044922,135.47000122070312,135.4149932861328,135.46009826660156,177526,0.0,0.0
2024-12-18 12:48:00-05:00,135.4698944091797,135.55999755859375,135.4499969482422,135.50999450683594,206676,0.0,0.0
2024-12-18 12:49:00-05:00,135.51499938964844,135.58999633789062,135.49400329589844,135.5449981689453,172226,0.0,0.0
2024-12-18 12:50:00-05:00,135.5399932861328,135.5800018310547,135.4550018310547,135.4915008544922,123392,0.0,0.0
2024-12-18 12:51:00-05:00,135.49989318847656,135.57000732421875,135.47000122070312,135.51499938964844,158473,0.0,0.0
2024-12-18 12:52:00-05:00,135.50999450683594,135.60000610351562,135.47000122070312,135.48399353027344,194572,0.0,0.0
2024-12-18 12:53:00-05:00,135.49000549316406,135.52789306640625,135.39500427246094,135.46730041503906,189896,0.0,0.0
2024-12-18 12:54:00-05:00,135.4600067138672,135.60989379882812,135.4499969482422,135.593505859375,159344,0.0,0.0
2024-12-18 12:55:00-05:00,135.591796875,135.5988006591797,135.47000122070312,135.52499389648438,164576,0.0,0.0
2024-12-18 12:56:00-05:00,135.5399932861328,135.5771942138672,135.5001983642578,135.552001953125,103048,0.0,0.0
2024-12-18 12:57:00-05:00,135.5574951171875,135.5998992919922,135.52999877929688,135.5449981689453,145598,0.0,0.0
2024-12-18 12:58:00-05:00,135.5449981689453,135.69000244140625,135.5449981689453,135.68499755859375,202857,0.0,0.0
2024-12-18 12:59:00-05:00,135.6750030517578,135.77000427246094,135.66909790039062,135.72000122070312,235080,0.0,0.0
2024-12-18 13:00:00-05:00,135.72000122070312,135.77999877929688,135.69000244140625,135.75,162367,0.0,0.0
2024-12-18 13:01:00-05:00,135.75,135.80999755859375,135.74000549316406,135.80990600585938,169212,0.0,0.0
2024-12-18 13:02:00-05:00,135.80499267578125,135.85000610351562,135.75999450683594,135.8350067138672,238284,0.0,0.0
2024-12-18 13:03:00-05:00,135.8350067138672,135.86000061035156,135.75999450683594,135.8350067138672,237600,0.0,0.0
2024-12-18 13:04:00-05:00,135.8350067138672,135.83990478515625,135.75,135.77020263671875,152848,0.0,0.0
2024-12-18 13:05:00-05:00,135.772705078125,135.85000610351562,135.74000549316406,135.83180236816406,198831,0.0,0.0
2024-12-18 13:06:00-05:00,135.83999633789062,135.94000244140625,135.80999755859375,135.93499755859375,276676,0.0,0.0
2024-12-18 13:07:00-05:00,135.9300994873047,135.9600067138672,135.85000610351562,135.92999267578125,266248,0.0,0.0
2024-12-18 13:08:00-05:00,135.9300994873047,135.99000549316406,135.92999267578125,135.97500610351562,232587,0.0,0.0
2024-12-18 13:09:00-05:00,135.97500610351562,135.99000549316406,135.94000244140625,135.99000549316406,217645,0.0,0.0
2024-12-18 13:10:00-05:00,135.97250366210938,136.0399932861328,135.89999389648438,136.01499938964844,458469,0.0,0.0
2024-12-18 13:11:00-05:00,136.01499938964844,136.02999877929688,135.9600067138672,136.01499938964844,136027,0.0,0.0
2024-12-18 13:12:00-05:00,136.01499938964844,136.0800018310547,136.0,136.02000427246094,227081,0.0,0.0
2024-12-18 13:13:00-05:00,136.02000427246094,136.05999755859375,136.0,136.02499389648438,184699,0.0,0.0
2024-12-18 13:14:00-05:00,136.02000427246094,136.0399932861328,135.94000244140625,135.98500061035156,152118,0.0,0.0
2024-12-18 13:15:00-05:00,135.97999572753906,135.97999572753906,135.80999755859375,135.82000732421875,260833,0.0,0.0
2024-12-18 13:16:00-05:00,135.8300018310547,135.8800048828125,135.82000732421875,135.85000610351562,162318,0.0,0.0
2024-12-18 13:17:00-05:00,135.86000061035156,135.88999938964844,135.7801055908203,135.86500549316406,326387,0.0,0.0
2024-12-18 13:18:00-05:00,135.86090087890625,136.0,135.86000061035156,136.0,218949,0.0,0.0
2024-12-18 13:19:00-05:00,135.97999572753906,136.04989624023438,135.94000244140625,136.0399932861328,192749,0.0,0.0
2024-12-18 13:20:00-05:00,136.03709411621094,136.1199951171875,136.02000427246094,136.10989379882812,297265,0.0,0.0
2024-12-18 13:21:00-05:00,136.10499572753906,136.19000244140625,136.0850067138672,136.18499755859375,241449,0.0,0.0
2024-12-18 13:22:00-05:00,136.17999267578125,136.25,136.1699981689453,136.220703125,284294,0.0,0.0
2024-12-18 13:23:00-05:00,136.2299041748047,136.3350067138672,136.1999969482422,136.30999755859375,328547,0.0,0.0
2024-12-18 13:24:00-05:00,136.31109619140625,136.4199981689453,136.27999877929688,136.36000061035156,362238,0.0,0.0
2024-12-18 13:25:00-05:00,136.36500549316406,136.3699951171875,136.2100067138672,136.24989318847656,307811,0.0,0.0
2024-12-18 13:26:00-05:00,136.23500061035156,136.33999633789062,136.05999755859375,136.08799743652344,323588,0.0,0.0
2024-12-18 13:27:00-05:00,136.085693359375,136.14990234375,136.08079528808594,136.1488037109375,195499,0.0,0.0
2024-12-18 13:28:00-05:00,136.14520263671875,136.2100067138672,136.13999938964844,136.16250610351562,208693,0.0,0.0
2024-12-18 13:29:00-05:00,136.16990661621094,136.1699981689453,135.9499969482422,135.98500061035156,449837,0.0,0.0
2024-12-18 13:30:00-05:00,135.97999572753906,136.02999877929688,135.92999267578125,135.92999267578125,325955,0.0,0.0
2024-12-18 13:31:00-05:00,135.93499755859375,136.0299072265625,135.9199981689453,135.9600067138672,291214,0.0,0.0
2024-12-18 13:32:00-05:00,135.9698944091797,136.0,135.9600067138672,135.9600067138672,186856,0.0,0.0
2024-12-18 13:33:00-05:00,135.9600067138672,136.15989685058594,135.9600067138672,136.1300048828125,260769,0.0,0.0
2024-12-18 13:34:00-05:00,136.1199951171875,136.2097930908203,136.11000061035156,136.2097930908203,154309,0.0,0.0
2024-12-18 13:35:00-05:00,136.20399475097656,136.3350067138672,136.1999969482422,136.3188934326172,300813,0.0,0.0
2024-12-18 13:36:00-05:00,136.30999755859375,136.31500244140625,136.22999572753906,136.27999877929688,233253,0.0,0.0
2024-12-18 13:37:00-05:00,136.3000030517578,136.32000732421875,136.25010681152344,136.2799072265625,195628,0.0,0.0
2024-12-18 13:38:00-05:00,136.27499389648438,136.27999877929688,136.1699981689453,136.21099853515625,215880,0.0,0.0
2024-12-18 13:39:00-05:00,136.2100067138672,136.2100067138672,136.05999755859375,136.08749389648438,191193,0.0,0.0
2024-12-18 13:40:00-05:00,136.08999633789062,136.13999938964844,136.02999877929688,136.1199951171875,237214,0.0,0.0
2024-12-18 13:41:00-05:00,136.12010192871094,136.14500427246094,135.91000366210938,135.9199981689453,293172,0.0,0.0
2024-12-18 13:42:00-05:00,135.92160034179688,135.92919921875,135.8513946533203,135.86500549316406,211053,0.0,0.0
2024-12-18 13:43:00-05:00,135.86000061035156,135.9199981689453,135.66000366210938,135.67999267578125,407244,0.0,0.0
2024-12-18 13:44:00-05:00,135.67999267578125,135.74989318847656,135.6300048828125,135.72000122070312,305090,0.0,0.0
2024-12-18 13:45:00-05:00,135.71499633789062,135.71499633789062,135.5,135.57009887695312,344744,0.0,0.0
2024-12-18 13:46:00-05:00,135.57449340820312,135.625,135.5500030517578,135.58009338378906,156507,0.0,0.0
2024-12-18 13:47:00-05:00,135.5800018310547,135.6999969482422,135.5301055908203,135.6343994140625,250215,0.0,0.0
2024-12-18 13:48:00-05:00,135.6497039794922,135.7899932861328,135.64500427246094,135.7115936279297,234694,0.0,0.0
2024-12-18 13:49:00-05:00,135.7100067138672,135.74000549316406,135.6699981689453,135.6999969482422,148274,0.0,0.0
2024-12-18 13:50:00-05:00,135.69500732421875,135.72999572753906,135.66000366210938,135.6999969482422,146091,0.0,0.0
2024-12-18 13:51:00-05:00,135.7050018310547,135.77999877929688,135.64999389648438,135.77529907226562,172976,0.0,0.0
2024-12-18 13:52:00-05:00,135.77499389648438,135.82000732421875,135.72999572753906,135.73989868164062,173035,0.0,0.0
2024-12-18 13:53:00-05:00,135.73500061035156,135.82000732421875,135.7301025390625,135.77999877929688,116644,0.0,0.0
2024-12-18 13:54:00-05:00,135.77999877929688,135.80999755859375,135.74290466308594,135.80499267578125,141238,0.0,0.0
2024-12-18 13:55:00-05:00,135.80499267578125,135.88999938964844,135.80499267578125,135.82000732421875,233829,0.0,0.0
2024-12-18 13:56:00-05:00,135.8249969482422,135.8249969482422,135.64999389648438,135.6699981689453,260031,0.0,0.0
2024-12-18 13:57:00-05:00,135.6699981689453,135.8300018310547,135.58999633789062,135.75399780273438,238037,0.0,0.0
2024-12-18 13:58:00-05:00,135.7550048828125,135.8300018310547,135.68930053710938,135.72999572753906,181153,0.0,0.0
2024-12-18 13:59:00-05:00,135.72000122070312,135.75,135.6199951171875,135.63999938964844,168956,0.0,0.0
2024-12-18 14:00:00-05:00,135.64500427246094,135.69000244140625,135.05999755859375,135.11000061035156,663957,0.0,0.0
2024-12-18 14:01:00-05:00,135.10000610351562,135.1300048828125,134.6199951171875,135.0800018310547,970842,0.0,0.0
2024-12-18 14:02:00-05:00,135.0800018310547,135.47999572753906,134.89999389648438,135.44200134277344,649851,0.0,0.0
2024-12-18 14:03:00-05:00,135.4425048828125,135.47999572753906,135.1699981689453,135.25999450683594,430686,0.0,0.0
2024-12-18 14:04:00-05:00,135.25999450683594,135.44000244140625,135.10000610351562,135.2899932861328,465482,0.0,0.0
2024-12-18 14:05:00-05:00,135.27279663085938,135.27999877929688,134.66000366210938,134.6999969482422,656348,0.0,0.0
2024-12-18 14:06:00-05:00,134.6999969482422,134.8383026123047,134.3800048828125,134.50999450683594,984486,0.0,0.0
2024-12-18 14:07:00-05:00,134.49000549316406,134.63839721679688,134.25999450683594,134.55999755859375,759190,0.0,0.0
2024-12-18 14:08:00-05:00,134.5897979736328,134.7899932861328,134.25999450683594,134.27999877929688,589506,0.0,0.0
2024-12-18 14:09:00-05:00,134.2675018310547,134.289794921875,133.74000549316406,133.88999938964844,1149747,0.0,0.0
2024-12-18 14:10:00-05:00,133.91000366210938,134.0299072265625,133.80999755859375,133.92010498046875,539400,0.0,0.0
2024-12-18 14:11:00-05:00,133.9199981689453,134.42140197753906,133.85000610351562,134.35000610351562,816493,0.0,0.0
2024-12-18 14:12:00-05:00,134.3282928466797,134.38999938964844,134.1300048828125,134.27000427246094,426856,0.0,0.0
2024-12-18 14:13:00-05:00,134.25999450683594,134.3199005126953,134.1699981689453,134.28500366210938,293235,0.0,0.0
2024-12-18 14:14:00-05:00,134.2899932861328,134.41799926757812,134.08009338378906,134.1199951171875,481967,0.0,0.0
2024-12-18 14:15:00-05:00,134.110107421875,134.27000427246094,134.0399932861328,134.0500030517578,424900,0.0,0.0
2024-12-18 14:16:00-05:00,134.05999755859375,134.0800018310547,133.8699951171875,133.89999389648438,497452,0.0,0.0
2024-12-18 14:17:00-05:00,133.89999389648438,134.10000610351562,133.8699951171875,134.10000610351562,394274,0.0,0.0
2024-12-18 14:18:00-05:00,134.10000610351562,134.14999389648438,133.85000610351562,133.89500427246094,430301,0.0,0.0
2024-12-18 14:19:00-05:00,133.89500427246094,134.0299072265625,133.77000427246094,133.98739624023438,445788,0.0,0.0
2024-12-18 14:20:00-05:00,134.0,134.27000427246094,133.99000549316406,134.2198944091797,471580,0.0,0.0
2024-12-18 14:21:00-05:00,134.2100067138672,134.3800048828125,134.16000366210938,134.37600708007812,518337,0.0,0.0
2024-12-18 14:22:00-05:00,134.3699951171875,134.72000122070312,134.32000732421875,134.65989685058594,694470,0.0,0.0
2024-12-18 14:23:00-05:00,134.63999938964844,134.75999450683594,134.52000427246094,134.57960510253906,513518,0.0,0.0
2024-12-18 14:24:00-05:00,134.5800018310547,134.8000030517578,134.50999450683594,134.76499938964844,393827,0.0,0.0
2024-12-18 14:25:00-05:00,134.76499938964844,134.82000732421875,134.61000061035156,134.61000061035156,374603,0.0,0.0
2024-12-18 14:26:00-05:00,134.60000610351562,134.75100708007812,134.52499389648438,134.54769897460938,326264,0.0,0.0
2024-12-18 14:27:00-05:00,134.5301055908203,134.6999053955078,134.47999572753906,134.4949951171875,332249,0.0,0.0
2024-12-18 14:28:00-05:00,134.49000549316406,134.50990295410156,134.1009979248047,134.11000061035156,1431069,0.0,0.0
2024-12-18 14:29:00-05:00,134.1199951171875,134.1199951171875,133.74009704589844,133.8699951171875,592103,0.0,0.0
2024-12-18 14:30:00-05:00,133.8520050048828,133.875,133.2801055908203,133.2949981689453,914215,0.0,0.0
2024-12-18 14:31:00-05:00,133.2899932861328,133.8699951171875,133.2823028564453,133.7899932861328,706803,0.0,0.0
2024-12-18 14:32:00-05:00,133.8199005126953,134.24000549316406,133.77000427246094,134.13999938964844,589762,0.0,0.0
2024-12-18 14:33:00-05:00,134.1199951171875,134.37989807128906,134.11000061035156,134.2501983642578,543373,0.0,0.0
2024-12-18 14:34:00-05:00,134.26499938964844,134.3800048828125,134.13999938964844,134.30999755859375,341241,0.0,0.0
2024-12-18 14:35:00-05:00,134.28500366210938,134.4499969482422,134.13009643554688,134.29010009765625,481579,0.0,0.0
2024-12-18 14:36:00-05:00,134.27000427246094,134.2917938232422,134.02999877929688,134.1699981689453,316428,0.0,0.0
2024-12-18 14:37:00-05:00,134.1699981689453,134.1999969482422,133.94000244140625,134.139892578125,388077,0.0,0.0
2024-12-18 14:38:00-05:00,134.13999938964844,134.19000244140625,133.63999938964844,133.6428985595703,503173,0.0,0.0
2024-12-18 14:39:00-05:00,133.6407928466797,134.1385955810547,133.5500030517578,133.9405059814453,404612,0.0,0.0
2024-12-18 14:40:00-05:00,133.94000244140625,134.2899932861328,133.83009338378906,133.86000061035156,498585,0.0,0.0
2024-12-18 14:41:00-05:00,133.84339904785156,134.04449462890625,133.75,133.98219299316406,321022,0.0,0.0
2024-12-18 14:42:00-05:00,133.97999572753906,134.10000610351562,133.75999450683594,133.86000061035156,322131,0.0,0.0
2024-12-18 14:43:00-05:00,133.87449645996094,133.87449645996094,133.61399841308594,133.65989685058594,373288,0.0,0.0
2024-12-18 14:44:00-05:00,133.64999389648438,133.86000061035156,133.63999938964844,133.72300720214844,312353,0.0,0.0
2024-12-18 14:45:00-05:00,133.7198944091797,133.89979553222656,133.55999755859375,133.57449340820312,424742,0.0,0.0
2024-12-18 14:46:00-05:00,133.56320190429688,133.58970642089844,133.11000061035156,133.16700744628906,732256,0.0,0.0
2024-12-18 14:47:00-05:00,133.16000366210938,133.39999389648438,133.02999877929688,133.10000610351562,561190,0.0,0.0
2024-12-18 14:48:00-05:00,133.0800018310547,133.25999450683594,132.92999267578125,133.05349731445312,1016134,0.0,0.0
2024-12-18 14:49:00-05:00,133.0500030517578,133.75999450683594,133.01010131835938,133.70010375976562,844374,0.0,0.0
2024-12-18 14:50:00-05:00,133.69000244140625,133.88470458984375,133.57640075683594,133.74000549316406,448838,0.0,0.0
2024-12-18 14:51:00-05:00,133.74000549316406,134.02999877929688,133.67999267578125,133.98719787597656,406875,0.0,0.0
2024-12-18 14:52:00-05:00,133.9499969482422,134.0399932861328,133.78529357910156,133.8249969482422,388905,0.0,0.0
2024-12-18 14:53:00-05:00,133.83619689941406,133.83999633789062,133.44000244140625,133.50999450683594,459483,0.0,0.0
2024-12-18 14:54:00-05:00,133.5,133.5699005126953,133.07000732421875,133.10009765625,378120,0.0,0.0
2024-12-18 14:55:00-05:00,133.1199951171875,133.32989501953125,133.0399932861328,133.05499267578125,542525,0.0,0.0
2024-12-18 14:56:00-05:00,133.04440307617188,133.19540405273438,132.52999877929688,132.5500030517578,857980,0.0,0.0
2024-12-18 14:57:00-05:00,132.5500030517578,132.71839904785156,132.4611053466797,132.51499938964844,713130,0.0,0.0
2024-12-18 14:58:00-05:00,132.50999450683594,132.75999450683594,132.3800048828125,132.72999572753906,466245,0.0,0.0
2024-12-18 14:59:00-05:00,132.7100067138672,132.7895050048828,132.55999755859375,132.6999969482422,406058,0.0,0.0
2024-12-18 15:00:00-05:00,132.7100067138672,132.89999389648438,132.55419921875,132.85000610351562,438147,0.0,0.0
2024-12-18 15:01:00-05:00,132.86500549316406,132.86500549316406,132.4600067138672,132.52000427246094,490831,0.0,0.0
2024-12-18 15:02:00-05:00,132.50999450683594,132.6300048828125,132.14999389648438,132.48500061035156,578778,0.0,0.0
2024-12-18 15:03:00-05:00,132.4801025390625,132.49000549316406,131.85000610351562,131.93760681152344,1014137,0.0,0.0
2024-12-18 15:04:00-05:00,131.94000244140625,132.0998992919922,131.69000244140625,131.8498992919922,726757,0.0,0.0
2024-12-18 15:05:00-05:00,131.86000061035156,132.08990478515625,131.72000122070312,131.85000610351562,689178,0.0,0.0
2024-12-18 15:06:00-05:00,131.8350067138672,132.27999877929688,131.79010009765625,132.1999969482422,575030,0.0,0.0
2024-12-18 15:07:00-05:00,132.22250366210938,132.36000061035156,132.08999633789062,132.13999938964844,428423,0.0,0.0
2024-12-18 15:08:00-05:00,132.1699981689453,132.1898956298828,131.77999877929688,131.8997039794922,420501,0.0,0.0
2024-12-18 15:09:00-05:00,131.9499969482422,132.36700439453125,131.93629455566406,132.08999633789062,576766,0.0,0.0
2024-12-18 15:10:00-05:00,132.08999633789062,132.1898956298828,131.61000061035156,131.61000061035156,595735,0.0,0.0
2024-12-18 15:11:00-05:00,131.61000061035156,131.93960571289062,131.59500122070312,131.72000122070312,554433,0.0,0.0
2024-12-18 15:12:00-05:00,131.72500610351562,131.89999389648438,131.35000610351562,131.60000610351562,839129,0.0,0.0
2024-12-18 15:13:00-05:00,131.64999389648438,131.8000030517578,131.47999572753906,131.6699981689453,522354,0.0,0.0
2024-12-18 15:14:00-05:00,131.6999969482422,131.99000549316406,131.64999389648438,131.91990661621094,508403,0.0,0.0
2024-12-18 15:15:00-05:00,131.8699951171875,132.02999877929688,131.52999877929688,131.58999633789062,405725,0.0,0.0
2024-12-18 15:16:00-05:00,131.58999633789062,131.8300018310547,131.49000549316406,131.77999877929688,402321,0.0,0.0
2024-12-18 15:17:00-05:00,131.75,131.77000427246094,131.3300018310547,131.33299255371094,478470,0.0,0.0
2024-12-18 15:18:00-05:00,131.36000061035156,131.55999755859375,131.1300048828125,131.23150634765625,591685,0.0,0.0
2024-12-18 15:19:00-05:00,131.24000549316406,131.4600067138672,131.1699981689453,131.30999755859375,405345,0.0,0.0
2024-12-18 15:20:00-05:00,131.3699951171875,131.8800048828125,131.3000030517578,131.74000549316406,670797,0.0,0.0
2024-12-18 15:21:00-05:00,131.73170471191406,132.0800018310547,131.67999267578125,132.02999877929688,605455,0.0,0.0
2024-12-18 15:22:00-05:00,132.02000427246094,132.22000122070312,131.94000244140625,132.08999633789062,638183,0.0,0.0
2024-12-18 15:23:00-05:00,132.0850067138672,132.27000427246094,131.92010498046875,131.92630004882812,727379,0.0,0.0
2024-12-18 15:24:00-05:00,131.9281005859375,132.07000732421875,131.77000427246094,132.02000427246094,464771,0.0,0.0
2024-12-18 15:25:00-05:00,132.02000427246094,132.1300048828125,131.5500030517578,131.60499572753906,539051,0.0,0.0
2024-12-18 15:26:00-05:00,131.60000610351562,131.75979614257812,131.05999755859375,131.0850067138672,749615,0.0,0.0
2024-12-18 15:27:00-05:00,131.07000732421875,131.389892578125,131.02999877929688,131.2550048828125,652252,0.0,0.0
2024-12-18 15:28:00-05:00,131.25999450683594,131.3300018310547,130.88999938964844,131.03089904785156,929176,0.0,0.0
2024-12-18 15:29:00-05:00,131.0500030517578,131.1999969482422,130.7899932861328,130.97000122070312,673627,0.0,0.0
2024-12-18 15:30:00-05:00,130.9550018310547,131.47000122070312,130.9550018310547,131.25999450683594,713390,0.0,0.0
2024-12-18 15:31:00-05:00,131.24000549316406,131.27000427246094,130.97500610351562,130.97999572753906,482127,0.0,0.0
2024-12-18 15:32:00-05:00,130.9499969482422,131.1300048828125,130.86500549316406,130.9499969482422,636244,0.0,0.0
2024-12-18 15:33:00-05:00,130.94500732421875,131.0500030517578,130.71009826660156,130.8000030517578,620403,0.0,0.0
2024-12-18 15:34:00-05:00,130.7899932861328,130.9600067138672,130.64999389648438,130.80999755859375,614030,0.0,0.0
2024-12-18 15:35:00-05:00,130.80169677734375,130.89999389648438,130.1699981689453,130.20989990234375,1001611,0.0,0.0
2024-12-18 15:36:00-05:00,130.2100067138672,130.4600067138672,130.07000732421875,130.07000732421875,685987,0.0,0.0
2024-12-18 15:37:00-05:00,130.07000732421875,130.16990661621094,129.5800018310547,129.72000122070312,1520403,0.0,0.0
2024-12-18 15:38:00-05:00,129.7050018310547,129.8699951171875,129.4199981689453,129.4499969482422,916681,0.0,0.0
2024-12-18 15:39:00-05:00,129.42999267578125,129.5500030517578,128.9499969482422,129.13999938964844,1232192,0.0,0.0
2024-12-18 15:40:00-05:00,129.1300048828125,129.14999389648438,128.27999877929688,128.9600067138672,1421001,0.0,0.0
2024-12-18 15:41:00-05:00,128.97000122070312,129.11000061035156,128.42999267578125,128.97000122070312,980196,0.0,0.0
2024-12-18 15:42:00-05:00,128.95399475097656,129.3000030517578,128.8300018310547,129.00379943847656,904357,0.0,0.0
2024-12-18 15:43:00-05:00,129.00999450683594,129.32000732421875,128.7100067138672,129.14500427246094,876204,0.0,0.0
2024-12-18 15:44:00-05:00,129.13999938964844,129.3000030517578,128.75999450683594,128.9199981689453,824410,0.0,0.0
2024-12-18 15:45:00-05:00,128.875,129.67999267578125,128.64999389648438,129.6300048828125,1137976,0.0,0.0
2024-12-18 15:46:00-05:00,129.6300048828125,130.19000244140625,129.6199951171875,129.99000549316406,1250210,0.0,0.0
2024-12-18 15:47:00-05:00,130.0601043701172,130.35000610351562,129.6999969482422,130.29949951171875,845756,0.0,0.0
2024-12-18 15:48:00-05:00,130.3000030517578,130.85000610351562,130.27000427246094,130.74099731445312,1150026,0.0,0.0
2024-12-18 15:49:00-05:00,130.75999450683594,131.02999877929688,130.58099365234375,131.00999450683594,960620,0.0,0.0
2024-12-18 15:50:00-05:00,131.00999450683594,131.3795928955078,130.89999389648438,131.2100067138672,1133977,0.0,0.0
2024-12-18 15:51:00-05:00,131.17999267578125,131.3699951171875,131.0500030517578,131.22500610351562,1147760,0.0,0.0
2024-12-18 15:52:00-05:00,131.25,131.5,131.02999877929688,131.42999267578125,1505431,0.0,0.0
2024-12-18 15:53:00-05:00,131.44000244140625,131.44000244140625,131.0399932861328,131.18760681152344,1050606,0.0,0.0
2024-12-18 15:54:00-05:00,131.18930053710938,131.57989501953125,131.10000610351562,131.3455047607422,1330906,0.0,0.0
2024-12-18 15:55:00-05:00,131.3300018310547,131.3489990234375,130.1199951171875,130.14500427246094,2240302,0.0,0.0
2024-12-18 15:56:00-05:00,130.1300048828125,130.39990234375,129.94410705566406,130.07000732421875,1386253,0.0,0.0
2024-12-18 15:57:00-05:00,130.05999755859375,130.27999877929688,129.97999572753906,130.0,1256624,0.0,0.0
2024-12-18 15:58:00-05:00,130.0,130.05999755859375,129.77999877929688,129.87010192871094,1786616,0.0,0.0
2024-12-18 15:59:00-05:00,129.8699951171875,129.875,128.41000366210938,128.7100067138672,5238780,0.0,0.0
2024-12-18 16:00:00-05:00,128.76,128.94,128.0,128.91,25273298,0.0,0.0
2024-12-18 16:01:00-05:00,128.9,128.98,128.02,128.1,0,0.0,0.0
2024-12-18 16:02:00-05:00,128.05,128.91,127.51,127.685,0,0.0,0.0
2024-12-18 16:03:00-05:00,127.73,128.91,127.27,127.45,0,0.0,0.0
2024-12-18 16:04:00-05:00,127.4201,128.91,127.01,127.2693,0,0.0,0.0
2024-12-18 16:05:00-05:00,127.21,128.91,127.01,127.199,0,0.0,0.0
2024-12-18 16:06:00-05:00,127.14,128.91,127.05,127.1498,0,0.0,0.0
2024-12-18 16:07:00-05:00,127.14,127.15,127.01,127.08,0,0.0,0.0
2024-12-18 16:08:00-05:00,127.07,127.08,127.01,127.04,0,0.0,0.0
2024-12-18 16:09:00-05:00,127.06,127.06,126.6,126.72,0,0.0,0.0
2024-12-18 16:10:00-05:00,126.73,126.75,126.61,126.662,0,0.0,0.0
2024-12-18 16:11:00-05:00,126.7,126.71,126.62,126.7,0,0.0,0.0
2024-12-18 16:12:00-05:00,126.7,126.71,126.62,126.7,0,0.0,0.0
2024-12-18 16:13:00-05:00,126.6999,130.795,126.5,126.88,0,0.0,0.0
2024-12-18 16:14:00-05:00,126.88,134.36,126.8507,127.48,0,0.0,0.0
2024-12-18 16:15:00-05:00,127.5,128.91,127.3,127.62,0,0.0,0.0
2024-12-18 16:16:00-05:00,127.64,127.9,127.48,127.89,0,0.0,0.0
2024-12-18 16:17:00-05:00,127.89,127.89,127.25,127.2999,0,0.0,0.0
2024-12-18 16:18:00-05:00,127.3,128.91,127.1,127.4599,0,0.0,0.0
2024-12-18 16:19:00-05:00,127.4,127.5,127.32,127.4787,0,0.0,0.0
2024-12-18 16:20:00-05:00,127.4794,127.74,127.4101,127.7,0,0.0,0.0
2024-12-18 16:21:00-05:00,127.72,127.9,127.68,127.9,0,0.0,0.0
2024-12-18 16:22:00-05:00,127.9,128.07,127.8416,127.875,0,0.0,0.0
2024-12-18 16:23:00-05:00,127.9,128.22,127.72,128.14,0,0.0,0.0
2024-12-18 16:24:00-05:00,128.2,128.33,127.96,128.2,0,0.0,0.0
2024-12-18 16:25:00-05:00,128.2,128.24,128.03,128.2,0,0.0,0.0
2024-12-18 16:26:00-05:00,128.21,128.45,128.18,128.34,0,0.0,0.0
2024-12-18 16:27:00-05:00,128.31,128.35,128.02,128.22,0,0.0,0.0
2024-12-18 16:28:00-05:00,128.24,128.5,128.21,128.4494,0,0.0,0.0
2024-12-18 16:29:00-05:00,128.4898,128.74,128.44,128.715,0,0.0,0.0
2024-12-18 16:30:00-05:00,128.72,128.74,128.53,128.74,0,0.0,0.0
2024-12-18 16:31:00-05:00,128.72,128.77,128.31,128.49,0,0.0,0.0
2024-12-18 16:32:00-05:00,128.49,128.75,128.32,128.555,0,0.0,0.0
2024-12-18 16:33:00-05:00,128.6,128.61,128.3,128.375,0,0.0,0.0
2024-12-18 16:34:00-05:00,128.31,128.5,128.2,128.35,0,0.0,0.0
2024-12-18 16:35:00-05:00,128.35,128.55,128.25,128.489,0,0.0,0.0
2024-12-18 16:36:00-05:00,128.49,128.65,128.38,128.59,0,0.0,0.0
2024-12-18 16:37:00-05:00,128.5502,128.63,128.43,128.51,0,0.0,0.0
2024-12-18 16:38:00-05:00,128.51,128.7,128.44,128.7,0,0.0,0.0
2024-12-18 16:39:00-05:00,128.7,128.78,128.6,128.78,0,0.0,0.0
2024-12-18 16:40:00-05:00,128.78,128.91,128.7,128.8991,0,0.0,0.0
2024-12-18 16:41:00-05:00,128.85,128.91,128.72,128.76,0,0.0,0.0
2024-12-18 16:42:00-05:00,128.755,128.79,128.62,128.79,0,0.0,0.0
2024-12-18 16:43:00-05:00,128.72,128.8,128.6894,128.75,0,0.0,0.0
2024-12-18 16:44:00-05:00,128.75,128.8,128.67,128.75,0,0.0,0.0
2024-12-18 16:45:00-05:00,128.79,128.91,128.79,128.83,0,0.0,0.0
2024-12-18 16:46:00-05:00,128.89,128.91,128.8,128.86,0,0.0,0.0
2024-12-18 16:47:00-05:00,128.8792,128.91,128.8,128.845,0,0.0,0.0
2024-12-18 16:48:00-05:00,128.845,128.99,128.81,128.95,0,0.0,0.0
2024-12-18 16:49:00-05:00,128.9899,129.4,128.88,129.36,0,0.0,0.0
2024-12-18 16:50:00-05:00,129.325,129.49,129.3,129.43,0,0.0,0.0
2024-12-18 16:51:00-05:00,129.4399,129.72,129.36,129.7199,0,0.0,0.0
2024-12-18 16:52:00-05:00,129.7183,129.72,129.48,129.53,0,0.0,0.0
2024-12-18 16:53:00-05:00,129.5,129.5,129.2524,129.2524,0,0.0,0.0
2024-12-18 16:54:00-05:00,129.25,129.48,129.25,129.41,0,0.0,0.0
2024-12-18 16:55:00-05:00,129.44,129.48,129.33,129.34,0,0.0,0.0
2024-12-18 16:56:00-05:00,129.37,129.5,129.35,129.48,0,0.0,0.0
2024-12-18 16:57:00-05:00,129.5,129.87,129.47,129.85,0,0.0,0.0
2024-12-18 16:58:00-05:00,129.8293,130.19,129.7501,130.165,0,0.0,0.0
2024-12-18 16:59:00-05:00,130.19,130.21,129.551,129.771,0,0.0,0.0
2024-12-18 17:00:00-05:00,129.745,129.8,126.664,129.58,0,0.0,0.0
2024-12-18 17:01:00-05:00,129.565,129.79,129.55,129.76,0,0.0,0.0
2024-12-18 17:02:00-05:00,129.76,129.79,129.63,129.6999,0,0.0,0.0
2024-12-18 17:03:00-05:00,129.69,129.83,129.69,129.79,0,0.0,0.0
2024-12-18 17:05:00-05:00,130.05,130.12,130.03,130.0701,0,0.0,0.0
2024-12-18 17:06:00-05:00,130.08,130.34,130.0,130.26,0,0.0,0.0
2024-12-18 17:07:00-05:00,130.19,130.5,130.19,130.49,0,0.0,0.0
2024-12-18 17:08:00-05:00,130.5,130.65,130.4,130.65,0,0.0,0.0
2024-12-18 17:09:00-05:00,130.6485,130.8,128.91,130.71,0,0.0,0.0
2024-12-18 17:10:00-05:00,130.68,130.96,130.61,130.94,0,0.0,0.0
2024-12-18 17:11:00-05:00,130.93,131.2,130.85,131.09,0,0.0,0.0
2024-12-18 17:12:00-05:00,131.0906,131.29,131.07,131.11,0,0.0,0.0
2024-12-18 17:13:00-05:00,131.14,131.2,130.89,131.15,0,0.0,0.0
2024-12-18 17:14:00-05:00,131.2,131.35,131.1,131.33,0,0.0,0.0
2024-12-18 17:15:00-05:00,131.32,131.43,131.3,131.38,0,0.0,0.0
2024-12-18 17:16:00-05:00,131.39,131.39,128.91,131.2505,0,0.0,0.0
2024-12-18 17:17:00-05:00,131.251,131.35,125.2099,131.27,0,0.0,0.0
2024-12-18 17:18:00-05:00,131.23,131.28,131.1,131.21,0,0.0,0.0
2024-12-18 17:19:00-05:00,131.27,131.28,131.03,131.14,0,0.0,0.0
2024-12-18 17:20:00-05:00,131.0999,131.14,130.81,130.828,0,0.0,0.0
2024-12-18 17:21:00-05:00,130.86,130.99,130.8,130.85,0,0.0,0.0
2024-12-18 17:22:00-05:00,130.83,130.95,130.8,130.86,0,0.0,0.0
2024-12-18 17:23:00-05:00,130.879,131.0,130.84,130.98,0,0.0,0.0
2024-12-18 17:24:00-05:00,130.94,130.9892,130.8,130.8001,0,0.0,0.0
2024-12-18 17:25:00-05:00,130.83,130.95,130.8,130.9,0,0.0,0.0
2024-12-18 17:26:00-05:00,130.9,131.0,130.88,131.0,0,0.0,0.0
2024-12-18 17:27:00-05:00,130.99,131.05,130.8361,130.99,0,0.0,0.0
2024-12-18 17:28:00-05:00,130.88,131.0,130.8738,130.9811,0,0.0,0.0
2024-12-18 17:29:00-05:00,130.97,130.99,130.9,130.94,0,0.0,0.0
2024-12-18 17:30:00-05:00,130.94,130.97,130.81,130.8894,0,0.0,0.0
2024-12-18 17:31:00-05:00,130.83,130.83,130.6219,130.7,0,0.0,0.0
2024-12-18 17:32:00-05:00,130.66,130.72,130.42,130.4886,0,0.0,0.0
2024-12-18 17:33:00-05:00,130.43,130.49,130.08,130.29,0,0.0,0.0
2024-12-18 17:34:00-05:00,130.3,130.34,130.11,130.19,0,0.0,0.0
2024-12-18 17:35:00-05:00,130.15,130.39,130.11,130.3031,0,0.0,0.0
2024-12-18 17:36:00-05:00,130.36,130.6,130.3,130.56,0,0.0,0.0
2024-12-18 17:37:00-05:00,130.5994,130.86,128.91,130.85,0,0.0,0.0
2024-12-18 17:38:00-05:00,130.775,130.9,130.7,130.83,0,0.0,0.0
2024-12-18 17:39:00-05:00,130.83,130.84,130.62,130.62,0,0.0,0.0
2024-12-18 17:40:00-05:00,130.62,130.84,130.62,130.8,0,0.0,0.0
2024-12-18 17:41:00-05:00,130.8,130.9,130.7,130.83,0,0.0,0.0
2024-12-18 17:42:00-05:00,130.8498,130.9,130.71,130.795,0,0.0,0.0
2024-12-18 17:43:00-05:00,130.75,130.9,130.71,130.88,0,0.0,0.0
2024-12-18 17:44:00-05:00,130.9,130.9,130.71,130.7603,0,0.0,0.0
2024-12-18 17:45:00-05:00,130.82,130.85,130.7302,130.8363,0,0.0,0.0
2024-12-18 17:46:00-05:00,130.8399,130.84,130.65,130.7101,0,0.0,0.0
2024-12-18 17:47:00-05:00,130.7897,130.79,130.66,130.68,0,0.0,0.0
2024-12-18 17:48:00-05:00,130.69,130.8,130.52,130.64,0,0.0,0.0
2024-12-18 17:49:00-05:00,130.64,130.68,130.59,130.63,0,0.0,0.0
2024-12-18 17:50:00-05:00,130.59,130.62,130.41,130.425,0,0.0,0.0
2024-12-18 17:51:00-05:00,130.43,130.44,130.24,130.25,0,0.0,0.0
2024-12-18 17:52:00-05:00,130.25,130.4,130.24,130.3,0,0.0,0.0
2024-12-18 17:53:00-05:00,130.31,130.4,130.24,130.335,0,0.0,0.0
2024-12-18 17:54:00-05:00,130.29,130.41,130.27,130.39,0,0.0,0.0
2024-12-18 17:55:00-05:00,130.4,130.41,130.27,130.3,0,0.0,0.0
2024-12-18 17:56:00-05:00,130.298,130.32,130.26,130.29,0,0.0,0.0
2024-12-18 17:57:00-05:00,130.3,130.38,130.24,130.38,0,0.0,0.0
2024-12-18 17:58:00-05:00,130.38,130.57,130.3,130.549,0,0.0,0.0
2024-12-18 17:59:00-05:00,130.5494,130.66,130.51,130.6,0,0.0,0.0
2024-12-18 18:00:00-05:00,130.6006,130.66,130.29,130.3,0,0.0,0.0
2024-12-18 18:01:00-05:00,130.3,130.3,129.9,129.91,0,0.0,0.0
2024-12-18 18:02:00-05:00,129.91,130.18,129.65,130.18,0,0.0,0.0
2024-12-18 18:03:00-05:00,130.02,130.19,130.0,130.13,0,0.0,0.0
2024-12-18 18:04:00-05:00,130.1,130.13,130.0204,130.08,0,0.0,0.0
2024-12-18 18:05:00-05:00,130.08,130.1991,130.02,130.19,0,0.0,0.0
2024-12-18 18:06:00-05:00,130.1807,130.24,130.18,130.18,0,0.0,0.0
2024-12-18 18:07:00-05:00,130.23,130.24,130.08,130.15,0,0.0,0.0
2024-12-18 18:08:00-05:00,130.15,130.24,130.13,130.2,0,0.0,0.0
2024-12-18 18:09:00-05:00,130.225,130.24,130.0,130.1,0,0.0,0.0
2024-12-18 18:10:00-05:00,130.11,130.14,130.0,130.1,0,0.0,0.0
2024-12-18 18:11:00-05:00,130.0995,130.1,130.01,130.02,0,0.0,0.0
2024-12-18 18:12:00-05:00,130.04,130.1,130.01,130.06,0,0.0,0.0
2024-12-18 18:13:00-05:00,130.035,130.1,130.0,130.04,0,0.0,0.0
2024-12-18 18:14:00-05:00,130.04,130.1,130.03,130.07,0,0.0,0.0
2024-12-18 18:15:00-05:00,130.065,130.19,130.06,130.1799,0,0.0,0.0
2024-12-18 18:16:00-05:00,130.16,130.18,130.12,130.15,0,0.0,0.0
2024-12-18 18:17:00-05:00,130.14,130.2,130.11,130.13,0,0.0,0.0
2024-12-18 18:18:00-05:00,130.1201,130.25,130.12,130.24,0,0.0,0.0
2024-12-18 18:19:00-05:00,130.21,130.3,130.21,130.2896,0,0.0,0.0
2024-12-18 18:20:00-05:00,130.25,130.49,130.25,130.44,0,0.0,0.0
2024-12-18 18:21:00-05:00,130.45,130.6091,130.44,130.5615,0,0.0,0.0
2024-12-18 18:22:00-05:00,130.61,130.7,130.5,130.5703,0,0.0,0.0
2024-12-18 18:23:00-05:00,130.57,130.65,130.57,130.63,0,0.0,0.0
2024-12-18 18:24:00-05:00,130.61,130.71,130.61,130.6301,0,0.0,0.0
2024-12-18 18:25:00-05:00,130.69,130.7,130.62,130.695,0,0.0,0.0
2024-12-18 18:26:00-05:00,130.695,130.73,130.6639,130.7,0,0.0,0.0
2024-12-18 18:27:00-05:00,130.71,130.75,130.69,130.7296,0,0.0,0.0
2024-12-18 18:28:00-05:00,130.73,130.73,130.6,130.62,0,0.0,0.0
2024-12-18 18:29:00-05:00,130.6018,130.7,130.47,130.7,0,0.0,0.0
2024-12-18 18:30:00-05:00,130.675,130.69,130.65,130.69,0,0.0,0.0
2024-12-18 18:31:00-05:00,130.67,130.69,130.56,130.65,0,0.0,0.0
2024-12-18 18:32:00-05:00,130.65,130.65,130.53,130.56,0,0.0,0.0
2024-12-18 18:33:00-05:00,130.53,130.62,130.52,130.52,0,0.0,0.0
2024-12-18 18:34:00-05:00,130.55,130.55,130.5,130.55,0,0.0,0.0
2024-12-18 18:35:00-05:00,130.55,130.57,130.41,130.41,0,0.0,0.0
2024-12-18 18:36:00-05:00,130.44,130.54,130.3882,130.3882,0,0.0,0.0
2024-12-18 18:37:00-05:00,130.3899,130.48,130.28,130.4008,0,0.0,0.0
2024-12-18 18:38:00-05:00,130.46,130.54,130.37,130.4495,0,0.0,0.0
2024-12-18 18:39:00-05:00,130.4499,130.5,130.22,130.31,0,0.0,0.0
2024-12-18 18:40:00-05:00,130.31,130.35,130.0,130.03,0,0.0,0.0
2024-12-18 18:41:00-05:00,130.04,130.09,130.0,130.0587,0,0.0,0.0
2024-12-18 18:42:00-05:00,130.0,130.15,130.0,130.0,0,0.0,0.0
2024-12-18 18:43:00-05:00,130.0701,130.19,130.02,130.1,0,0.0,0.0
2024-12-18 18:44:00-05:00,130.16,130.25,130.11,130.24,0,0.0,0.0
2024-12-18 18:45:00-05:00,130.3,130.33,130.21,130.3026,0,0.0,0.0
2024-12-18 18:46:00-05:00,130.33,130.46,130.26,130.4,0,0.0,0.0
2024-12-18 18:47:00-05:00,130.4,130.6,130.3,130.55,0,0.0,0.0
2024-12-18 18:48:00-05:00,130.57,130.63,130.4,130.4,0,0.0,0.0
2024-12-18 18:49:00-05:00,130.45,130.59,130.4,130.4801,0,0.0,0.0
2024-12-18 18:50:00-05:00,130.5,130.5,130.3,130.43,0,0.0,0.0
2024-12-18 18:51:00-05:00,130.43,130.43,130.3,130.35,0,0.0,0.0
2024-12-18 18:52:00-05:00,130.3,130.39,130.3,130.325,0,0.0,0.0
2024-12-18 18:53:00-05:00,130.34,130.43,130.29,130.33,0,0.0,0.0
2024-12-18 18:54:00-05:00,130.3,130.35,130.28,130.32,0,0.0,0.0
2024-12-18 18:55:00-05:00,130.34,130.43,130.3201,130.38,0,0.0,0.0
2024-12-18 18:56:00-05:00,130.4,130.41,130.32,130.388,0,0.0,0.0
2024-12-18 18:57:00-05:00,130.38,130.45,130.32,130.4,0,0.0,0.0
2024-12-18 18:58:00-05:00,130.4,130.59,130.3909,130.5,0,0.0,0.0
2024-12-18 18:59:00-05:00,130.51,130.56,130.398,130.469,0,0.0,0.0
2024-12-18 19:00:00-05:00,130.47,130.5,130.4,130.48,0,0.0,0.0
2024-12-18 19:01:00-05:00,130.41,130.4906,130.41,130.44,0,0.0,0.0
2024-12-18 19:02:00-05:00,130.42,130.49,130.42,130.4507,0,0.0,0.0
2024-12-18 19:03:00-05:00,130.485,130.56,130.45,130.48,0,0.0,0.0
2024-12-18 19:04:00-05:00,130.47,130.48,130.42,130.44,0,0.0,0.0
2024-12-18 19:05:00-05:00,130.42,130.46,130.42,130.44,0,0.0,0.0
2024-12-18 19:06:00-05:00,130.4499,130.45,130.35,130.35,0,0.0,0.0
2024-12-18 19:07:00-05:00,130.39,130.4,130.35,130.3697,0,0.0,0.0
2024-12-18 19:08:00-05:00,130.37,130.44,130.35,130.4295,0,0.0,0.0
2024-12-18 19:09:00-05:00,130.41,130.48,130.4092,130.455,0,0.0,0.0
2024-12-18 19:10:00-05:00,130.455,130.47,130.43,130.46,0,0.0,0.0
2024-12-18 19:11:00-05:00,130.445,130.46,130.37,130.415,0,0.0,0.0
2024-12-18 19:12:00-05:00,130.37,130.45,130.35,130.4499,0,0.0,0.0
2024-12-18 19:13:00-05:00,130.4494,130.56,130.42,130.53,0,0.0,0.0
2024-12-18 19:14:00-05:00,130.5,130.56,130.44,130.5,0,0.0,0.0
2024-12-18 19:15:00-05:00,130.5099,130.56,130.45,130.52,0,0.0,0.0
2024-12-18 19:16:00-05:00,130.55,130.6,128.91,130.5791,0,0.0,0.0
2024-12-18 19:17:00-05:00,130.58,130.65,130.56,130.6497,0,0.0,0.0
2024-12-18 19:18:00-05:00,130.6497,130.68,130.6,130.66,0,0.0,0.0
2024-12-18 19:19:00-05:00,130.67,130.68,130.6,130.65,0,0.0,0.0
2024-12-18 19:20:00-05:00,130.68,130.68,130.61,130.67,0,0.0,0.0
2024-12-18 19:21:00-05:00,130.66,130.67,130.62,130.6684,0,0.0,0.0
2024-12-18 19:22:00-05:00,130.67,130.68,130.55,130.5504,0,0.0,0.0
2024-12-18 19:23:00-05:00,130.5999,130.6,130.55,130.6,0,0.0,0.0
2024-12-18 19:24:00-05:00,130.58,130.64,130.58,130.64,0,0.0,0.0
2024-12-18 19:25:00-05:00,130.64,130.7,130.62,130.6982,0,0.0,0.0
2024-12-18 19:26:00-05:00,130.7,130.75,130.66,130.75,0,0.0,0.0
2024-12-18 19:27:00-05:00,130.7498,130.76,130.69,130.7599,0,0.0,0.0
2024-12-18 19:28:00-05:00,130.76,130.78,130.7,130.76,0,0.0,0.0
2024-12-18 19:29:00-05:00,130.77,130.8,130.75,130.79,0,0.0,0.0
2024-12-18 19:30:00-05:00,130.83,130.95,130.795,130.91,0,0.0,0.0
2024-12-18 19:31:00-05:00,130.92,130.99,130.9,130.99,0,0.0,0.0
2024-12-18 19:32:00-05:00,130.96,131.08,130.9,130.95,0,0.0,0.0
2024-12-18 19:33:00-05:00,130.9482,131.0799,130.9,131.0799,0,0.0,0.0
2024-12-18 19:34:00-05:00,131.0501,131.15,131.05,131.13,0,0.0,0.0
2024-12-18 19:35:00-05:00,131.13,131.2,131.11,131.2,0,0.0,0.0
2024-12-18 19:36:00-05:00,131.1998,131.2,131.12,131.15,0,0.0,0.0
2024-12-18 19:37:00-05:00,131.1685,131.24,131.13,131.24,0,0.0,0.0
2024-12-18 19:38:00-05:00,131.235,131.26,131.05,131.11,0,0.0,0.0
2024-12-18 19:39:00-05:00,131.1,131.12,130.9,130.9009,0,0.0,0.0
2024-12-18 19:40:00-05:00,130.92,131.06,130.9,131.0201,0,0.0,0.0
2024-12-18 19:41:00-05:00,131.0,131.07,130.95,131.05,0,0.0,0.0
2024-12-18 19:42:00-05:00,131.0499,131.15,131.04,131.13,0,0.0,0.0
2024-12-18 19:43:00-05:00,131.15,131.25,131.11,131.205,0,0.0,0.0
2024-12-18 19:44:00-05:00,131.21,131.25,131.18,131.21,0,0.0,0.0
2024-12-18 19:45:00-05:00,131.18,131.2,131.16,131.19,0,0.0,0.0
2024-12-18 19:46:00-05:00,131.19,131.32,131.16,131.32,0,0.0,0.0
2024-12-18 19:47:00-05:00,131.33,131.35,131.28,131.3,0,0.0,0.0
2024-12-18 19:48:00-05:00,131.33,131.33,131.26,131.3,0,0.0,0.0
2024-12-18 19:49:00-05:00,131.28,131.3599,131.28,131.35,0,0.0,0.0
2024-12-18 19:50:00-05:00,131.35,131.4,131.35,131.38,0,0.0,0.0
2024-12-18 19:51:00-05:00,131.38,131.39,131.31,131.325,0,0.0,0.0
2024-12-18 19:52:00-05:00,131.33,131.43,131.28,131.425,0,0.0,0.0
2024-12-18 19:53:00-05:00,131.42,131.43,131.35,131.37,0,0.0,0.0
2024-12-18 19:54:00-05:00,131.35,131.44,131.35,131.4001,0,0.0,0.0
2024-12-18 19:55:00-05:00,131.4,131.41,131.35,131.3847,0,0.0,0.0
2024-12-18 19:56:00-05:00,131.39,131.41,131.31,131.37,0,0.0,0.0
2024-12-18 19:57:00-05:00,131.4,131.45,131.365,131.43,0,0.0,0.0
2024-12-18 19:58:00-05:00,131.46,131.48,131.4,131.48,0,0.0,0.0
2024-12-18 19:59:00-05:00,131.4603,131.51,131.46,131.5,0,0.0,0.0
2024-12-18 20:00:00-05:00,131.5,131.5,131.5,131.5,0,0.0,0.0
