time,Open,High,Low,Close,Volume,Dividends,Stock Splits
2024-12-16 04:00:00-05:00,134.27,134.27,133.69,133.8,0,0.0,0.0
2024-12-16 04:01:00-05:00,133.76,133.98,133.6,133.94,0,0.0,0.0
2024-12-16 04:02:00-05:00,133.95,133.98,133.79,133.8,0,0.0,0.0
2024-12-16 04:03:00-05:00,133.82,133.95,133.74,133.76,0,0.0,0.0
2024-12-16 04:04:00-05:00,133.77,133.8,133.71,133.77,0,0.0,0.0
2024-12-16 04:05:00-05:00,133.77,133.8,133.73,133.78,0,0.0,0.0
2024-12-16 04:06:00-05:00,133.77,133.8,133.75,133.79,0,0.0,0.0
2024-12-16 04:07:00-05:00,133.8,133.92,133.78,133.92,0,0.0,0.0
2024-12-16 04:08:00-05:00,133.94,133.96,133.91,133.95,0,0.0,0.0
2024-12-16 04:09:00-05:00,133.96,134.0,133.88,133.95,0,0.0,0.0
2024-12-16 04:10:00-05:00,133.95,133.99,133.94,133.97,0,0.0,0.0
2024-12-16 04:11:00-05:00,134.0,134.13,133.96,134.05,0,0.0,0.0
2024-12-16 04:12:00-05:00,134.05,134.08,133.94,133.99,0,0.0,0.0
2024-12-16 04:13:00-05:00,134.0,134.0,133.9,133.91,0,0.0,0.0
2024-12-16 04:14:00-05:00,133.88,133.88,133.8,133.84,0,0.0,0.0
2024-12-16 04:15:00-05:00,133.84,133.84,133.82,133.82,0,0.0,0.0
2024-12-16 04:16:00-05:00,133.81,133.82,133.8,133.81,0,0.0,0.0
2024-12-16 04:17:00-05:00,133.8,133.84,133.8,133.8,0,0.0,0.0
2024-12-16 04:18:00-05:00,133.81,133.81,133.7,133.74,0,0.0,0.0
2024-12-16 04:19:00-05:00,133.75,133.76,133.65,133.65,0,0.0,0.0
2024-12-16 04:20:00-05:00,133.65,133.67,133.56,133.59,0,0.0,0.0
2024-12-16 04:21:00-05:00,133.59,133.66,133.52,133.63,0,0.0,0.0
2024-12-16 04:22:00-05:00,133.65,133.68,133.6,133.66,0,0.0,0.0
2024-12-16 04:23:00-05:00,133.64,133.65,133.58,133.6,0,0.0,0.0
2024-12-16 04:24:00-05:00,133.58,133.58,133.5,133.5,0,0.0,0.0
2024-12-16 04:25:00-05:00,133.48,133.48,133.39,133.4,0,0.0,0.0
2024-12-16 04:26:00-05:00,133.41,133.52,133.32,133.49,0,0.0,0.0
2024-12-16 04:27:00-05:00,133.52,133.58,133.45,133.58,0,0.0,0.0
2024-12-16 04:28:00-05:00,133.58,133.6,133.56,133.59,0,0.0,0.0
2024-12-16 04:29:00-05:00,133.59,133.64,133.59,133.63,0,0.0,0.0
2024-12-16 04:30:00-05:00,133.63,133.63,133.5,133.5,0,0.0,0.0
2024-12-16 04:31:00-05:00,133.59,133.59,133.55,133.55,0,0.0,0.0
2024-12-16 04:32:00-05:00,133.55,133.57,133.54,133.54,0,0.0,0.0
2024-12-16 04:33:00-05:00,133.54,133.6,133.53,133.6,0,0.0,0.0
2024-12-16 04:34:00-05:00,133.63,133.63,133.55,133.56,0,0.0,0.0
2024-12-16 04:35:00-05:00,133.58,133.65,133.58,133.63,0,0.0,0.0
2024-12-16 04:36:00-05:00,133.64,133.64,133.64,133.64,0,0.0,0.0
2024-12-16 04:37:00-05:00,133.64,133.64,133.6,133.61,0,0.0,0.0
2024-12-16 04:38:00-05:00,133.64,133.65,133.62,133.64,0,0.0,0.0
2024-12-16 04:39:00-05:00,133.64,133.65,133.64,133.65,0,0.0,0.0
2024-12-16 04:41:00-05:00,133.63,133.63,133.63,133.63,0,0.0,0.0
2024-12-16 04:42:00-05:00,133.62,133.62,133.52,133.52,0,0.0,0.0
2024-12-16 04:43:00-05:00,133.52,133.56,133.51,133.56,0,0.0,0.0
2024-12-16 04:44:00-05:00,133.53,133.56,133.4,133.48,0,0.0,0.0
2024-12-16 04:45:00-05:00,133.45,133.48,133.42,133.43,0,0.0,0.0
2024-12-16 04:46:00-05:00,133.42,133.42,133.35,133.37,0,0.0,0.0
2024-12-16 04:47:00-05:00,133.35,133.35,133.19,133.2,0,0.0,0.0
2024-12-16 04:48:00-05:00,133.2,133.37,133.2,133.3,0,0.0,0.0
2024-12-16 04:49:00-05:00,133.32,133.36,133.32,133.35,0,0.0,0.0
2024-12-16 04:50:00-05:00,133.35,133.38,133.33,133.35,0,0.0,0.0
2024-12-16 04:51:00-05:00,133.33,133.4,133.33,133.4,0,0.0,0.0
2024-12-16 04:52:00-05:00,133.39,133.4,133.37,133.37,0,0.0,0.0
2024-12-16 04:53:00-05:00,133.38,133.39,133.35,133.35,0,0.0,0.0
2024-12-16 04:54:00-05:00,133.33,133.33,133.27,133.27,0,0.0,0.0
2024-12-16 04:55:00-05:00,133.27,133.28,133.21,133.21,0,0.0,0.0
2024-12-16 04:56:00-05:00,133.23,133.29,133.22,133.28,0,0.0,0.0
2024-12-16 04:57:00-05:00,133.28,133.28,133.26,133.26,0,0.0,0.0
2024-12-16 04:58:00-05:00,133.25,133.33,133.2,133.23,0,0.0,0.0
2024-12-16 04:59:00-05:00,133.23,133.24,133.21,133.21,0,0.0,0.0
2024-12-16 05:00:00-05:00,133.22,133.25,133.21,133.23,0,0.0,0.0
2024-12-16 05:01:00-05:00,133.24,133.24,133.2,133.24,0,0.0,0.0
2024-12-16 05:02:00-05:00,133.24,133.28,133.16,133.16,0,0.0,0.0
2024-12-16 05:03:00-05:00,133.18,133.18,133.05,133.05,0,0.0,0.0
2024-12-16 05:04:00-05:00,133.07,133.14,133.07,133.14,0,0.0,0.0
2024-12-16 05:05:00-05:00,133.13,133.28,133.13,133.28,0,0.0,0.0
2024-12-16 05:06:00-05:00,133.31,133.32,133.28,133.28,0,0.0,0.0
2024-12-16 05:07:00-05:00,133.32,133.37,133.31,133.32,0,0.0,0.0
2024-12-16 05:08:00-05:00,133.31,133.36,133.25,133.32,0,0.0,0.0
2024-12-16 05:09:00-05:00,133.32,133.33,133.29,133.3,0,0.0,0.0
2024-12-16 05:10:00-05:00,133.28,133.3,133.27,133.28,0,0.0,0.0
2024-12-16 05:11:00-05:00,133.27,133.27,133.18,133.2,0,0.0,0.0
2024-12-16 05:12:00-05:00,133.2,133.2,133.16,133.18,0,0.0,0.0
2024-12-16 05:13:00-05:00,133.18,133.19,133.18,133.18,0,0.0,0.0
2024-12-16 05:14:00-05:00,133.18,133.21,133.13,133.21,0,0.0,0.0
2024-12-16 05:15:00-05:00,133.21,133.22,133.19,133.22,0,0.0,0.0
2024-12-16 05:16:00-05:00,133.22,133.22,133.21,133.22,0,0.0,0.0
2024-12-16 05:17:00-05:00,133.24,133.27,133.23,133.25,0,0.0,0.0
2024-12-16 05:18:00-05:00,133.23,133.23,133.21,133.21,0,0.0,0.0
2024-12-16 05:19:00-05:00,133.21,133.28,133.21,133.27,0,0.0,0.0
2024-12-16 05:20:00-05:00,133.28,133.3,133.28,133.3,0,0.0,0.0
2024-12-16 05:21:00-05:00,133.28,133.28,133.2,133.2,0,0.0,0.0
2024-12-16 05:22:00-05:00,133.22,133.23,133.2,133.22,0,0.0,0.0
2024-12-16 05:23:00-05:00,133.22,133.23,133.22,133.22,0,0.0,0.0
2024-12-16 05:24:00-05:00,133.24,133.26,133.24,133.26,0,0.0,0.0
2024-12-16 05:25:00-05:00,133.29,133.3,133.25,133.27,0,0.0,0.0
2024-12-16 05:26:00-05:00,133.27,133.28,133.27,133.28,0,0.0,0.0
2024-12-16 05:27:00-05:00,133.28,133.35,133.28,133.35,0,0.0,0.0
2024-12-16 05:28:00-05:00,133.37,133.49,133.37,133.49,0,0.0,0.0
2024-12-16 05:29:00-05:00,133.48,133.54,133.48,133.54,0,0.0,0.0
2024-12-16 05:30:00-05:00,133.55,133.55,133.5,133.54,0,0.0,0.0
2024-12-16 05:31:00-05:00,133.55,133.57,133.5,133.55,0,0.0,0.0
2024-12-16 05:32:00-05:00,133.55,133.55,133.54,133.55,0,0.0,0.0
2024-12-16 05:33:00-05:00,133.55,133.58,133.55,133.58,0,0.0,0.0
2024-12-16 05:34:00-05:00,133.57,133.59,133.56,133.56,0,0.0,0.0
2024-12-16 05:35:00-05:00,133.56,133.56,133.51,133.53,0,0.0,0.0
2024-12-16 05:36:00-05:00,133.51,133.51,133.44,133.44,0,0.0,0.0
2024-12-16 05:37:00-05:00,133.43,133.43,133.4,133.42,0,0.0,0.0
2024-12-16 05:38:00-05:00,133.38,133.38,133.36,133.36,0,0.0,0.0
2024-12-16 05:39:00-05:00,133.4,133.43,133.39,133.43,0,0.0,0.0
2024-12-16 05:40:00-05:00,133.43,133.47,133.43,133.46,0,0.0,0.0
2024-12-16 05:41:00-05:00,133.44,133.47,133.44,133.46,0,0.0,0.0
2024-12-16 05:42:00-05:00,133.46,133.46,133.44,133.44,0,0.0,0.0
2024-12-16 05:43:00-05:00,133.45,133.52,133.44,133.52,0,0.0,0.0
2024-12-16 05:44:00-05:00,133.51,133.51,133.49,133.49,0,0.0,0.0
2024-12-16 05:45:00-05:00,133.52,133.52,133.45,133.45,0,0.0,0.0
2024-12-16 05:46:00-05:00,133.44,133.49,133.43,133.49,0,0.0,0.0
2024-12-16 05:47:00-05:00,133.45,133.45,133.43,133.43,0,0.0,0.0
2024-12-16 05:48:00-05:00,133.43,133.43,133.42,133.42,0,0.0,0.0
2024-12-16 05:49:00-05:00,133.4,133.4,133.37,133.37,0,0.0,0.0
2024-12-16 05:50:00-05:00,133.41,133.44,133.33,133.38,0,0.0,0.0
2024-12-16 05:51:00-05:00,133.38,133.38,133.36,133.36,0,0.0,0.0
2024-12-16 05:52:00-05:00,133.35,133.41,133.35,133.41,0,0.0,0.0
2024-12-16 05:53:00-05:00,133.45,133.45,133.37,133.37,0,0.0,0.0
2024-12-16 05:54:00-05:00,133.38,133.44,133.38,133.4,0,0.0,0.0
2024-12-16 05:55:00-05:00,133.42,133.42,133.4,133.4,0,0.0,0.0
2024-12-16 05:56:00-05:00,133.4,133.42,133.4,133.42,0,0.0,0.0
2024-12-16 05:57:00-05:00,133.4,133.46,133.4,133.46,0,0.0,0.0
2024-12-16 05:58:00-05:00,133.46,133.48,133.45,133.47,0,0.0,0.0
2024-12-16 05:59:00-05:00,133.48,133.48,133.45,133.46,0,0.0,0.0
2024-12-16 06:00:00-05:00,133.46,133.47,133.42,133.42,0,0.0,0.0
2024-12-16 06:01:00-05:00,133.42,133.42,133.38,133.38,0,0.0,0.0
2024-12-16 06:02:00-05:00,133.4,133.42,133.4,133.42,0,0.0,0.0
2024-12-16 06:03:00-05:00,133.4,133.41,133.39,133.41,0,0.0,0.0
2024-12-16 06:04:00-05:00,133.41,133.43,133.41,133.43,0,0.0,0.0
2024-12-16 06:05:00-05:00,133.43,133.52,133.43,133.52,0,0.0,0.0
2024-12-16 06:06:00-05:00,133.52,133.52,133.49,133.49,0,0.0,0.0
2024-12-16 06:07:00-05:00,133.46,133.51,133.45,133.51,0,0.0,0.0
2024-12-16 06:08:00-05:00,133.49,133.54,133.48,133.52,0,0.0,0.0
2024-12-16 06:09:00-05:00,133.52,133.61,133.52,133.61,0,0.0,0.0
2024-12-16 06:10:00-05:00,133.63,133.65,133.62,133.63,0,0.0,0.0
2024-12-16 06:11:00-05:00,133.62,133.62,133.57,133.57,0,0.0,0.0
2024-12-16 06:12:00-05:00,133.56,133.56,133.56,133.56,0,0.0,0.0
2024-12-16 06:13:00-05:00,133.48,133.49,133.47,133.47,0,0.0,0.0
2024-12-16 06:14:00-05:00,133.5,133.5,133.5,133.5,0,0.0,0.0
2024-12-16 06:15:00-05:00,133.48,133.57,133.48,133.57,0,0.0,0.0
2024-12-16 06:16:00-05:00,133.55,133.55,133.46,133.46,0,0.0,0.0
2024-12-16 06:17:00-05:00,133.5,133.51,133.5,133.51,0,0.0,0.0
2024-12-16 06:18:00-05:00,133.51,133.53,133.5,133.53,0,0.0,0.0
2024-12-16 06:19:00-05:00,133.57,133.58,133.55,133.55,0,0.0,0.0
2024-12-16 06:20:00-05:00,133.57,133.6,133.57,133.59,0,0.0,0.0
2024-12-16 06:21:00-05:00,133.56,133.59,133.55,133.59,0,0.0,0.0
2024-12-16 06:22:00-05:00,133.59,133.62,133.59,133.59,0,0.0,0.0
2024-12-16 06:23:00-05:00,133.62,133.64,133.6,133.6,0,0.0,0.0
2024-12-16 06:24:00-05:00,133.59,133.59,133.56,133.58,0,0.0,0.0
2024-12-16 06:25:00-05:00,133.57,133.57,133.54,133.57,0,0.0,0.0
2024-12-16 06:26:00-05:00,133.57,133.57,133.54,133.54,0,0.0,0.0
2024-12-16 06:27:00-05:00,133.54,133.56,133.54,133.56,0,0.0,0.0
2024-12-16 06:28:00-05:00,133.56,133.58,133.55,133.57,0,0.0,0.0
2024-12-16 06:29:00-05:00,133.61,133.7,133.61,133.63,0,0.0,0.0
2024-12-16 06:30:00-05:00,133.64,133.68,133.62,133.66,0,0.0,0.0
2024-12-16 06:31:00-05:00,133.67,133.67,133.61,133.63,0,0.0,0.0
2024-12-16 06:32:00-05:00,133.63,133.64,133.63,133.63,0,0.0,0.0
2024-12-16 06:33:00-05:00,133.62,133.62,133.6,133.6,0,0.0,0.0
2024-12-16 06:34:00-05:00,133.57,133.59,133.57,133.59,0,0.0,0.0
2024-12-16 06:35:00-05:00,133.57,133.65,133.57,133.64,0,0.0,0.0
2024-12-16 06:36:00-05:00,133.61,133.61,133.56,133.6,0,0.0,0.0
2024-12-16 06:37:00-05:00,133.61,133.61,133.57,133.57,0,0.0,0.0
2024-12-16 06:38:00-05:00,133.59,133.59,133.58,133.59,0,0.0,0.0
2024-12-16 06:39:00-05:00,133.59,133.59,133.56,133.59,0,0.0,0.0
2024-12-16 06:40:00-05:00,133.6,133.63,133.57,133.57,0,0.0,0.0
2024-12-16 06:41:00-05:00,133.58,133.65,133.58,133.62,0,0.0,0.0
2024-12-16 06:42:00-05:00,133.63,133.63,133.53,133.54,0,0.0,0.0
2024-12-16 06:43:00-05:00,133.54,133.55,133.49,133.49,0,0.0,0.0
2024-12-16 06:44:00-05:00,133.5,133.5,133.42,133.44,0,0.0,0.0
2024-12-16 06:45:00-05:00,133.47,133.52,133.47,133.52,0,0.0,0.0
2024-12-16 06:47:00-05:00,133.59,133.64,133.58,133.63,0,0.0,0.0
2024-12-16 06:48:00-05:00,133.61,133.61,133.59,133.6,0,0.0,0.0
2024-12-16 06:49:00-05:00,133.6,133.6,133.59,133.6,0,0.0,0.0
2024-12-16 06:51:00-05:00,133.58,133.6,133.58,133.6,0,0.0,0.0
2024-12-16 06:52:00-05:00,133.6,133.65,133.59,133.65,0,0.0,0.0
2024-12-16 06:53:00-05:00,133.67,133.75,133.67,133.74,0,0.0,0.0
2024-12-16 06:54:00-05:00,133.74,133.76,133.72,133.76,0,0.0,0.0
2024-12-16 06:55:00-05:00,133.76,133.76,133.7,133.7,0,0.0,0.0
2024-12-16 06:56:00-05:00,133.74,133.74,133.71,133.73,0,0.0,0.0
2024-12-16 06:57:00-05:00,133.71,133.73,133.69,133.69,0,0.0,0.0
2024-12-16 06:58:00-05:00,133.68,133.68,133.66,133.66,0,0.0,0.0
2024-12-16 06:59:00-05:00,133.69,133.73,133.69,133.72,0,0.0,0.0
2024-12-16 07:00:00-05:00,133.71,133.81,133.62,133.62,0,0.0,0.0
2024-12-16 07:01:00-05:00,133.65,133.679,133.48,133.49,0,0.0,0.0
2024-12-16 07:02:00-05:00,133.49,133.87,133.44,133.771,0,0.0,0.0
2024-12-16 07:03:00-05:00,133.78,133.78,133.74,133.74,0,0.0,0.0
2024-12-16 07:04:00-05:00,133.78,133.79,133.72,133.72,0,0.0,0.0
2024-12-16 07:05:00-05:00,133.73,133.73,133.7,133.7,0,0.0,0.0
2024-12-16 07:06:00-05:00,133.7,133.72,133.65,133.65,0,0.0,0.0
2024-12-16 07:07:00-05:00,133.65,133.65,133.51,133.55,0,0.0,0.0
2024-12-16 07:08:00-05:00,133.58,133.58,133.54,133.56,0,0.0,0.0
2024-12-16 07:09:00-05:00,133.53,133.54,133.46,133.49,0,0.0,0.0
2024-12-16 07:10:00-05:00,133.49,133.55,133.49,133.55,0,0.0,0.0
2024-12-16 07:11:00-05:00,133.55,133.55,133.5,133.55,0,0.0,0.0
2024-12-16 07:12:00-05:00,133.55,133.64,133.55,133.62,0,0.0,0.0
2024-12-16 07:13:00-05:00,133.65,133.7,133.65,133.67,0,0.0,0.0
2024-12-16 07:14:00-05:00,133.69,133.74,133.68,133.74,0,0.0,0.0
2024-12-16 07:15:00-05:00,133.75,133.75,133.71,133.71,0,0.0,0.0
2024-12-16 07:16:00-05:00,133.72,133.72,133.63,133.63,0,0.0,0.0
2024-12-16 07:17:00-05:00,133.61,133.65,133.61,133.65,0,0.0,0.0
2024-12-16 07:18:00-05:00,133.68,133.739,133.68,133.73,0,0.0,0.0
2024-12-16 07:19:00-05:00,133.73,133.74,133.7,133.74,0,0.0,0.0
2024-12-16 07:20:00-05:00,133.74,133.74,133.7,133.73,0,0.0,0.0
2024-12-16 07:21:00-05:00,133.73,133.75,133.73,133.74,0,0.0,0.0
2024-12-16 07:22:00-05:00,133.72,133.72,133.66,133.66,0,0.0,0.0
2024-12-16 07:23:00-05:00,133.68,133.68,133.63,133.659,0,0.0,0.0
2024-12-16 07:24:00-05:00,133.64,133.7,133.64,133.7,0,0.0,0.0
2024-12-16 07:25:00-05:00,133.7,133.719,133.67,133.71,0,0.0,0.0
2024-12-16 07:26:00-05:00,133.72,133.75,133.67,133.67,0,0.0,0.0
2024-12-16 07:27:00-05:00,133.72,133.8,133.72,133.8,0,0.0,0.0
2024-12-16 07:28:00-05:00,133.81,133.85,133.79,133.79,0,0.0,0.0
2024-12-16 07:29:00-05:00,133.799,133.82,133.799,133.81,0,0.0,0.0
2024-12-16 07:30:00-05:00,133.81,133.84,133.75,133.75,0,0.0,0.0
2024-12-16 07:31:00-05:00,133.75,133.78,133.73,133.76,0,0.0,0.0
2024-12-16 07:32:00-05:00,133.74,133.749,133.68,133.7,0,0.0,0.0
2024-12-16 07:33:00-05:00,133.68,133.699,133.65,133.67,0,0.0,0.0
2024-12-16 07:34:00-05:00,133.69,133.69,133.62,133.66,0,0.0,0.0
2024-12-16 07:35:00-05:00,133.64,133.68,133.64,133.68,0,0.0,0.0
2024-12-16 07:36:00-05:00,133.67,133.68,133.64,133.679,0,0.0,0.0
2024-12-16 07:37:00-05:00,133.67,133.75,133.67,133.699,0,0.0,0.0
2024-12-16 07:38:00-05:00,133.66,133.66,133.63,133.64,0,0.0,0.0
2024-12-16 07:39:00-05:00,133.64,133.66,133.64,133.65,0,0.0,0.0
2024-12-16 07:40:00-05:00,133.65,133.65,133.63,133.65,0,0.0,0.0
2024-12-16 07:41:00-05:00,133.65,133.69,133.65,133.69,0,0.0,0.0
2024-12-16 07:42:00-05:00,133.671,133.671,133.64,133.641,0,0.0,0.0
2024-12-16 07:43:00-05:00,133.631,133.631,133.49,133.53,0,0.0,0.0
2024-12-16 07:44:00-05:00,133.53,133.54,133.53,133.54,0,0.0,0.0
2024-12-16 07:45:00-05:00,133.54,133.55,133.49,133.5,0,0.0,0.0
2024-12-16 07:46:00-05:00,133.47,133.47,133.33,133.36,0,0.0,0.0
2024-12-16 07:47:00-05:00,133.41,133.43,133.4,133.43,0,0.0,0.0
2024-12-16 07:48:00-05:00,133.47,133.47,133.45,133.45,0,0.0,0.0
2024-12-16 07:49:00-05:00,133.43,133.43,133.4,133.4,0,0.0,0.0
2024-12-16 07:50:00-05:00,133.41,133.5,133.41,133.5,0,0.0,0.0
2024-12-16 07:51:00-05:00,133.51,133.56,133.51,133.56,0,0.0,0.0
2024-12-16 07:52:00-05:00,133.59,133.59,133.53,133.53,0,0.0,0.0
2024-12-16 07:53:00-05:00,133.53,133.55,133.52,133.55,0,0.0,0.0
2024-12-16 07:54:00-05:00,133.6,133.62,133.53,133.53,0,0.0,0.0
2024-12-16 07:55:00-05:00,133.52,133.52,133.5,133.52,0,0.0,0.0
2024-12-16 07:56:00-05:00,133.51,133.54,133.501,133.53,0,0.0,0.0
2024-12-16 07:57:00-05:00,133.55,133.58,133.52,133.52,0,0.0,0.0
2024-12-16 07:58:00-05:00,133.511,133.55,133.511,133.53,0,0.0,0.0
2024-12-16 07:59:00-05:00,133.54,133.58,133.54,133.58,0,0.0,0.0
2024-12-16 08:00:00-05:00,133.7,134.3488,133.0436,133.5464,0,0.0,0.0
2024-12-16 08:01:00-05:00,133.5476,134.34,133.35,133.6599,0,0.0,0.0
2024-12-16 08:02:00-05:00,133.5503,134.33,133.5503,133.6552,0,0.0,0.0
2024-12-16 08:03:00-05:00,133.645,133.7,133.6401,133.69,0,0.0,0.0
2024-12-16 08:04:00-05:00,133.68,133.75,133.68,133.701,0,0.0,0.0
2024-12-16 08:05:00-05:00,133.71,134.25,133.69,133.72,0,0.0,0.0
2024-12-16 08:06:00-05:00,133.715,133.75,133.7,133.7424,0,0.0,0.0
2024-12-16 08:07:00-05:00,133.75,133.76,133.74,133.7536,0,0.0,0.0
2024-12-16 08:08:00-05:00,133.76,133.78,133.7,133.72,0,0.0,0.0
2024-12-16 08:09:00-05:00,133.7176,133.72,133.7006,133.72,0,0.0,0.0
2024-12-16 08:10:00-05:00,133.7188,133.74,133.71,133.73,0,0.0,0.0
2024-12-16 08:11:00-05:00,133.73,133.8,133.72,133.79,0,0.0,0.0
2024-12-16 08:12:00-05:00,133.789,133.79,133.77,133.79,0,0.0,0.0
2024-12-16 08:13:00-05:00,133.78,133.84,133.78,133.83,0,0.0,0.0
2024-12-16 08:14:00-05:00,133.8399,133.88,133.8224,133.875,0,0.0,0.0
2024-12-16 08:15:00-05:00,133.87,133.88,133.8136,133.8136,0,0.0,0.0
2024-12-16 08:16:00-05:00,133.8459,133.9,133.81,133.8852,0,0.0,0.0
2024-12-16 08:17:00-05:00,133.87,133.89,133.85,133.88,0,0.0,0.0
2024-12-16 08:18:00-05:00,133.885,133.95,133.8806,133.93,0,0.0,0.0
2024-12-16 08:19:00-05:00,133.92,133.98,133.92,133.9799,0,0.0,0.0
2024-12-16 08:20:00-05:00,133.975,133.99,133.94,133.9799,0,0.0,0.0
2024-12-16 08:21:00-05:00,133.9795,133.99,133.95,133.9899,0,0.0,0.0
2024-12-16 08:22:00-05:00,133.979,134.09,133.9724,134.09,0,0.0,0.0
2024-12-16 08:23:00-05:00,134.09,134.23,134.08,134.2109,0,0.0,0.0
2024-12-16 08:24:00-05:00,134.23,134.3,134.211,134.2976,0,0.0,0.0
2024-12-16 08:25:00-05:00,134.3,134.4,134.2801,134.39,0,0.0,0.0
2024-12-16 08:26:00-05:00,134.4,134.5,134.38,134.49,0,0.0,0.0
2024-12-16 08:27:00-05:00,134.5,134.5,134.42,134.5,0,0.0,0.0
2024-12-16 08:28:00-05:00,134.49,134.65,134.49,134.63,0,0.0,0.0
2024-12-16 08:29:00-05:00,134.65,134.71,134.6,134.6,0,0.0,0.0
2024-12-16 08:30:00-05:00,134.63,134.74,134.6,134.7301,0,0.0,0.0
2024-12-16 08:31:00-05:00,134.7301,134.77,134.67,134.67,0,0.0,0.0
2024-12-16 08:32:00-05:00,134.6701,134.8,134.67,134.78,0,0.0,0.0
2024-12-16 08:33:00-05:00,134.78,134.7864,134.68,134.6976,0,0.0,0.0
2024-12-16 08:34:00-05:00,134.69,134.75,134.66,134.7388,0,0.0,0.0
2024-12-16 08:35:00-05:00,134.74,134.78,134.72,134.72,0,0.0,0.0
2024-12-16 08:36:00-05:00,134.7276,134.74,134.63,134.6401,0,0.0,0.0
2024-12-16 08:37:00-05:00,134.65,134.7,134.63,134.7,0,0.0,0.0
2024-12-16 08:38:00-05:00,134.69,134.7,134.66,134.6899,0,0.0,0.0
2024-12-16 08:39:00-05:00,134.68,134.7,134.63,134.65,0,0.0,0.0
2024-12-16 08:40:00-05:00,134.65,134.65,134.52,134.5201,0,0.0,0.0
2024-12-16 08:41:00-05:00,134.52,134.63,134.5,134.6,0,0.0,0.0
2024-12-16 08:42:00-05:00,134.6,134.65,134.56,134.5995,0,0.0,0.0
2024-12-16 08:43:00-05:00,134.6,134.6,134.41,134.42,0,0.0,0.0
2024-12-16 08:44:00-05:00,134.42,134.59,134.42,134.51,0,0.0,0.0
2024-12-16 08:45:00-05:00,134.53,134.55,134.46,134.5301,0,0.0,0.0
2024-12-16 08:46:00-05:00,134.55,134.59,134.52,134.565,0,0.0,0.0
2024-12-16 08:47:00-05:00,134.58,134.59,134.56,134.58,0,0.0,0.0
2024-12-16 08:48:00-05:00,134.58,134.59,134.52,134.55,0,0.0,0.0
2024-12-16 08:49:00-05:00,134.5464,134.57,134.5201,134.5598,0,0.0,0.0
2024-12-16 08:50:00-05:00,134.56,134.56,134.45,134.48,0,0.0,0.0
2024-12-16 08:51:00-05:00,134.49,134.53,134.48,134.51,0,0.0,0.0
2024-12-16 08:52:00-05:00,134.51,134.59,134.51,134.59,0,0.0,0.0
2024-12-16 08:53:00-05:00,134.58,134.59,134.5,134.52,0,0.0,0.0
2024-12-16 08:54:00-05:00,134.52,134.55,134.47,134.509,0,0.0,0.0
2024-12-16 08:55:00-05:00,134.49,134.58,134.48,134.58,0,0.0,0.0
2024-12-16 08:56:00-05:00,134.56,134.59,134.5408,134.57,0,0.0,0.0
2024-12-16 08:57:00-05:00,134.56,134.59,134.53,134.5788,0,0.0,0.0
2024-12-16 08:58:00-05:00,134.5891,134.74,134.5701,134.7376,0,0.0,0.0
2024-12-16 08:59:00-05:00,134.74,134.77,134.72,134.7688,0,0.0,0.0
2024-12-16 09:00:00-05:00,134.76,134.8,134.75,134.77,0,0.0,0.0
2024-12-16 09:01:00-05:00,134.78,134.81,134.69,134.81,0,0.0,0.0
2024-12-16 09:02:00-05:00,134.82,134.89,134.8105,134.88,0,0.0,0.0
2024-12-16 09:03:00-05:00,134.88,134.88,134.81,134.85,0,0.0,0.0
2024-12-16 09:04:00-05:00,134.84,134.85,134.8,134.8001,0,0.0,0.0
2024-12-16 09:05:00-05:00,134.8195,134.82,134.61,134.64,0,0.0,0.0
2024-12-16 09:06:00-05:00,134.67,134.67,134.41,134.41,0,0.0,0.0
2024-12-16 09:07:00-05:00,134.43,134.53,134.4,134.52,0,0.0,0.0
2024-12-16 09:08:00-05:00,134.51,134.55,134.45,134.51,0,0.0,0.0
2024-12-16 09:09:00-05:00,134.51,139.545,132.6,134.46,0,0.0,0.0
2024-12-16 09:10:00-05:00,134.5099,138.95,134.41,134.4799,0,0.0,0.0
2024-12-16 09:11:00-05:00,134.4799,134.54,134.43,134.54,0,0.0,0.0
2024-12-16 09:12:00-05:00,134.53,134.53,134.34,134.355,0,0.0,0.0
2024-12-16 09:13:00-05:00,134.34,134.37,134.3,134.32,0,0.0,0.0
2024-12-16 09:14:00-05:00,134.3101,134.45,134.3,134.4116,0,0.0,0.0
2024-12-16 09:15:00-05:00,134.45,134.48,134.4,134.41,0,0.0,0.0
2024-12-16 09:16:00-05:00,134.405,134.48,134.4,134.48,0,0.0,0.0
2024-12-16 09:17:00-05:00,134.4796,134.48,134.4,134.4,0,0.0,0.0
2024-12-16 09:18:00-05:00,134.41,134.43,134.36,134.4,0,0.0,0.0
2024-12-16 09:19:00-05:00,134.39,134.47,134.39,134.43,0,0.0,0.0
2024-12-16 09:20:00-05:00,134.41,134.43,134.36,134.36,0,0.0,0.0
2024-12-16 09:21:00-05:00,134.375,134.38,134.31,134.38,0,0.0,0.0
2024-12-16 09:22:00-05:00,134.36,134.41,134.36,134.385,0,0.0,0.0
2024-12-16 09:23:00-05:00,134.39,134.4,134.35,134.37,0,0.0,0.0
2024-12-16 09:24:00-05:00,134.37,134.39,134.31,134.33,0,0.0,0.0
2024-12-16 09:25:00-05:00,134.32,134.3464,134.0,134.12,0,0.0,0.0
2024-12-16 09:26:00-05:00,134.11,134.15,134.05,134.07,0,0.0,0.0
2024-12-16 09:27:00-05:00,134.05,134.19,133.95,134.05,0,0.0,0.0
2024-12-16 09:28:00-05:00,134.1,134.2,134.02,134.1,0,0.0,0.0
2024-12-16 09:29:00-05:00,134.14,134.23,134.08,134.23,0,0.0,0.0
2024-12-16 09:30:00-05:00,134.1649932861328,134.39999389648438,133.80999755859375,133.8350067138672,10378458,0.0,0.0
2024-12-16 09:31:00-05:00,133.82000732421875,133.9499969482422,132.94000244140625,133.05130004882812,2001658,0.0,0.0
2024-12-16 09:32:00-05:00,133.0,133.52870178222656,132.75,133.2664031982422,1793274,0.0,0.0
2024-12-16 09:33:00-05:00,133.27000427246094,133.3800048828125,132.32000732421875,132.44000244140625,1954598,0.0,0.0
2024-12-16 09:34:00-05:00,132.4250030517578,133.35000610351562,132.32000732421875,132.72999572753906,1570297,0.0,0.0
2024-12-16 09:35:00-05:00,132.6999969482422,133.07000732421875,131.5800018310547,131.75,3021933,0.0,0.0
2024-12-16 09:36:00-05:00,131.76499938964844,132.25,131.30999755859375,131.4499969482422,2114377,0.0,0.0
2024-12-16 09:37:00-05:00,131.4550018310547,131.6999969482422,131.00999450683594,131.12010192871094,1942231,0.0,0.0
2024-12-16 09:38:00-05:00,131.125,131.16000366210938,130.4499969482422,130.70449829101562,2851816,0.0,0.0
2024-12-16 09:39:00-05:00,130.72000122070312,131.16000366210938,130.5,131.11000061035156,2022237,0.0,0.0
2024-12-16 09:40:00-05:00,131.13999938964844,132.08999633789062,131.11000061035156,132.05999755859375,2090025,0.0,0.0
2024-12-16 09:41:00-05:00,132.0500030517578,132.32000732421875,131.77000427246094,132.2100067138672,1464335,0.0,0.0
2024-12-16 09:42:00-05:00,132.20989990234375,132.25999450683594,131.61000061035156,131.83999633789062,1187995,0.0,0.0
2024-12-16 09:43:00-05:00,131.8300018310547,132.10000610351562,131.52000427246094,131.92999267578125,1068491,0.0,0.0
2024-12-16 09:44:00-05:00,131.94000244140625,131.97999572753906,131.27999877929688,131.35000610351562,998198,0.0,0.0
2024-12-16 09:45:00-05:00,131.38999938964844,131.85000610351562,130.92010498046875,131.4600067138672,1492598,0.0,0.0
2024-12-16 09:46:00-05:00,131.50399780273438,131.72999572753906,131.32000732421875,131.5399932861328,784189,0.0,0.0
2024-12-16 09:47:00-05:00,131.5449981689453,131.74000549316406,131.36000061035156,131.4149932861328,822379,0.0,0.0
2024-12-16 09:48:00-05:00,131.39999389648438,131.4499969482422,131.02999877929688,131.2064971923828,1058978,0.0,0.0
2024-12-16 09:49:00-05:00,131.1846923828125,131.97000122070312,131.16000366210938,131.889892578125,936113,0.0,0.0
2024-12-16 09:50:00-05:00,131.8800048828125,132.2957000732422,131.7100067138672,131.85000610351562,1482223,0.0,0.0
2024-12-16 09:51:00-05:00,131.82000732421875,132.04989624023438,131.5500030517578,131.9833984375,885454,0.0,0.0
2024-12-16 09:52:00-05:00,131.97999572753906,132.2899932861328,131.97000122070312,132.2729949951172,791070,0.0,0.0
2024-12-16 09:53:00-05:00,132.3000030517578,132.47000122070312,131.97999572753906,132.3800048828125,902630,0.0,0.0
2024-12-16 09:54:00-05:00,132.3699951171875,132.7550048828125,132.33999633789062,132.6999969482422,1202538,0.0,0.0
2024-12-16 09:55:00-05:00,132.69000244140625,132.77999877929688,132.27999877929688,132.3699951171875,883062,0.0,0.0
2024-12-16 09:56:00-05:00,132.3800048828125,132.54989624023438,132.20379638671875,132.4199981689453,662246,0.0,0.0
2024-12-16 09:57:00-05:00,132.41000366210938,132.50999450683594,132.14999389648438,132.25999450683594,491307,0.0,0.0
2024-12-16 09:58:00-05:00,132.24000549316406,132.47000122070312,132.17999267578125,132.33999633789062,415341,0.0,0.0
2024-12-16 09:59:00-05:00,132.33999633789062,132.61000061035156,132.25999450683594,132.5198974609375,646822,0.0,0.0
2024-12-16 10:00:00-05:00,132.50999450683594,132.7899932861328,132.41000366210938,132.77980041503906,746619,0.0,0.0
2024-12-16 10:01:00-05:00,132.77000427246094,132.85910034179688,132.33999633789062,132.4777069091797,784231,0.0,0.0
2024-12-16 10:02:00-05:00,132.47000122070312,132.54989624023438,132.3000030517578,132.3699951171875,623125,0.0,0.0
2024-12-16 10:03:00-05:00,132.37820434570312,132.63999938964844,132.35879516601562,132.53909301757812,574693,0.0,0.0
2024-12-16 10:04:00-05:00,132.5399932861328,132.5500030517578,132.27000427246094,132.3000030517578,583228,0.0,0.0
2024-12-16 10:05:00-05:00,132.31500244140625,132.36000061035156,131.7899932861328,131.83090209960938,1021647,0.0,0.0
2024-12-16 10:06:00-05:00,131.85000610351562,131.88999938964844,131.5800018310547,131.67999267578125,632319,0.0,0.0
2024-12-16 10:07:00-05:00,131.69000244140625,131.8000030517578,131.4600067138672,131.67999267578125,768322,0.0,0.0
2024-12-16 10:08:00-05:00,131.67849731445312,132.17999267578125,131.66000366210938,132.14010620117188,742390,0.0,0.0
2024-12-16 10:09:00-05:00,132.14999389648438,132.39999389648438,132.13999938964844,132.30999755859375,698529,0.0,0.0
2024-12-16 10:10:00-05:00,132.30690002441406,132.35000610351562,132.11000061035156,132.16000366210938,491121,0.0,0.0
2024-12-16 10:11:00-05:00,132.14999389648438,132.20010375976562,131.88999938964844,131.89999389648438,519388,0.0,0.0
2024-12-16 10:12:00-05:00,131.89500427246094,132.02000427246094,131.6699981689453,131.6999969482422,513909,0.0,0.0
2024-12-16 10:13:00-05:00,131.702392578125,131.74000549316406,131.38499450683594,131.39999389648438,761257,0.0,0.0
2024-12-16 10:14:00-05:00,131.41000366210938,131.46499633789062,131.05999755859375,131.18499755859375,886282,0.0,0.0
2024-12-16 10:15:00-05:00,131.19000244140625,131.29299926757812,131.02999877929688,131.1199951171875,676797,0.0,0.0
2024-12-16 10:16:00-05:00,131.1199951171875,131.16000366210938,131.0500030517578,131.08999633789062,110896,0.0,0.0
2024-12-16 10:17:00-05:00,131.14920043945312,131.3000030517578,131.0301971435547,131.27000427246094,1306934,0.0,0.0
2024-12-16 10:18:00-05:00,131.26910400390625,131.26910400390625,130.793701171875,130.9600067138672,1320410,0.0,0.0
2024-12-16 10:19:00-05:00,130.97999572753906,131.16769409179688,130.7100067138672,130.7718048095703,763632,0.0,0.0
2024-12-16 10:20:00-05:00,130.78939819335938,130.89999389648438,130.52000427246094,130.76010131835938,1079622,0.0,0.0
2024-12-16 10:21:00-05:00,130.77999877929688,130.8000030517578,130.4199981689453,130.4998016357422,1362750,0.0,0.0
2024-12-16 10:22:00-05:00,130.52999877929688,131.04449462890625,130.49319458007812,130.99000549316406,1014868,0.0,0.0
2024-12-16 10:23:00-05:00,131.00999450683594,131.30999755859375,131.00999450683594,131.26910400390625,932911,0.0,0.0
2024-12-16 10:24:00-05:00,131.25999450683594,131.4600067138672,130.91000366210938,131.3498992919922,1300094,0.0,0.0
2024-12-16 10:25:00-05:00,131.35499572753906,131.8000030517578,131.3498992919922,131.7100067138672,1022538,0.0,0.0
2024-12-16 10:26:00-05:00,131.72000122070312,131.7899932861328,131.61000061035156,131.67660522460938,444624,0.0,0.0
2024-12-16 10:27:00-05:00,131.6699981689453,131.99000549316406,131.625,131.99000549316406,655119,0.0,0.0
2024-12-16 10:28:00-05:00,131.97560119628906,132.1300048828125,131.94000244140625,132.0800018310547,914136,0.0,0.0
2024-12-16 10:29:00-05:00,132.0792999267578,132.3000030517578,131.94000244140625,132.29010009765625,689428,0.0,0.0
2024-12-16 10:30:00-05:00,132.3000030517578,132.30999755859375,132.14999389648438,132.23300170898438,593893,0.0,0.0
2024-12-16 10:31:00-05:00,132.2259979248047,132.2761993408203,132.02000427246094,132.19000244140625,802417,0.0,0.0
2024-12-16 10:32:00-05:00,132.2100067138672,132.4199981689453,132.1699981689453,132.31910705566406,497630,0.0,0.0
2024-12-16 10:33:00-05:00,132.30999755859375,132.38999938964844,132.22000122070312,132.38250732421875,468388,0.0,0.0
2024-12-16 10:34:00-05:00,132.36000061035156,132.39999389648438,132.24380493164062,132.27999877929688,470560,0.0,0.0
2024-12-16 10:35:00-05:00,132.27999877929688,132.35000610351562,132.1999969482422,132.25999450683594,432833,0.0,0.0
2024-12-16 10:36:00-05:00,132.25999450683594,132.3300018310547,132.02000427246094,132.0800018310547,539938,0.0,0.0
2024-12-16 10:37:00-05:00,132.09669494628906,132.09669494628906,131.9199981689453,131.9600067138672,475552,0.0,0.0
2024-12-16 10:38:00-05:00,131.97000122070312,132.17990112304688,131.7899932861328,132.17990112304688,625326,0.0,0.0
2024-12-16 10:39:00-05:00,132.1699981689453,132.4600067138672,132.125,132.35940551757812,694521,0.0,0.0
2024-12-16 10:40:00-05:00,132.3701934814453,132.3769073486328,131.99989318847656,132.00990295410156,477426,0.0,0.0
2024-12-16 10:41:00-05:00,132.0,132.0749969482422,131.80499267578125,131.98500061035156,528233,0.0,0.0
2024-12-16 10:42:00-05:00,131.99000549316406,132.13999938964844,131.8800048828125,131.9499969482422,385645,0.0,0.0
2024-12-16 10:43:00-05:00,131.94960021972656,132.0399932861328,131.8000030517578,131.92999267578125,494425,0.0,0.0
2024-12-16 10:44:00-05:00,131.92990112304688,132.1199951171875,131.90989685058594,132.0399932861328,311044,0.0,0.0
2024-12-16 10:45:00-05:00,132.0399932861328,132.14999389648438,131.97999572753906,132.0399932861328,309307,0.0,0.0
2024-12-16 10:46:00-05:00,132.0395965576172,132.1699981689453,131.7498016357422,131.82000732421875,484301,0.0,0.0
2024-12-16 10:47:00-05:00,131.86000061035156,132.1300048828125,131.8300018310547,132.10000610351562,452188,0.0,0.0
2024-12-16 10:48:00-05:00,132.08999633789062,132.1199951171875,131.92999267578125,132.04299926757812,343667,0.0,0.0
2024-12-16 10:49:00-05:00,132.05999755859375,132.05999755859375,131.4499969482422,131.4600067138672,833722,0.0,0.0
2024-12-16 10:50:00-05:00,131.46080017089844,131.72000122070312,131.4600067138672,131.6699981689453,477034,0.0,0.0
2024-12-16 10:51:00-05:00,131.67999267578125,131.74000549316406,131.5050048828125,131.60809326171875,348103,0.0,0.0
2024-12-16 10:52:00-05:00,131.61000061035156,131.6699981689453,131.44000244140625,131.47999572753906,413782,0.0,0.0
2024-12-16 10:53:00-05:00,131.47000122070312,131.61000061035156,131.47000122070312,131.5316925048828,324935,0.0,0.0
2024-12-16 10:54:00-05:00,131.5399932861328,131.6999969482422,131.3800048828125,131.44000244140625,534755,0.0,0.0
2024-12-16 10:55:00-05:00,131.43649291992188,131.62989807128906,131.33009338378906,131.58399963378906,480501,0.0,0.0
2024-12-16 10:56:00-05:00,131.59170532226562,131.8498992919922,131.55999755859375,131.73080444335938,398641,0.0,0.0
2024-12-16 10:57:00-05:00,131.73060607910156,131.77000427246094,131.50999450683594,131.58009338378906,336681,0.0,0.0
2024-12-16 10:58:00-05:00,131.589599609375,131.6199951171875,131.40460205078125,131.49000549316406,312641,0.0,0.0
2024-12-16 10:59:00-05:00,131.49000549316406,131.63499450683594,131.49000549316406,131.5500030517578,255495,0.0,0.0
2024-12-16 11:00:00-05:00,131.55050659179688,132.1699981689453,131.52499389648438,132.11000061035156,672951,0.0,0.0
2024-12-16 11:01:00-05:00,132.1199951171875,132.1199951171875,131.8699951171875,131.92950439453125,327927,0.0,0.0
2024-12-16 11:02:00-05:00,131.92999267578125,132.0800018310547,131.89999389648438,131.91009521484375,344417,0.0,0.0
2024-12-16 11:03:00-05:00,131.9250030517578,131.92999267578125,131.72999572753906,131.80780029296875,293309,0.0,0.0
2024-12-16 11:04:00-05:00,131.8101043701172,132.00999450683594,131.8101043701172,131.97979736328125,400977,0.0,0.0
2024-12-16 11:05:00-05:00,131.9761962890625,132.0399932861328,131.8677978515625,131.96600341796875,313753,0.0,0.0
2024-12-16 11:06:00-05:00,131.97000122070312,131.97439575195312,131.76010131835938,131.82000732421875,284781,0.0,0.0
2024-12-16 11:07:00-05:00,131.81199645996094,131.83999633789062,131.6999969482422,131.72999572753906,251567,0.0,0.0
2024-12-16 11:08:00-05:00,131.72999572753906,131.7899932861328,131.6436004638672,131.7064971923828,288358,0.0,0.0
2024-12-16 11:09:00-05:00,131.6999969482422,131.7274932861328,131.55189514160156,131.56069946289062,301577,0.0,0.0
2024-12-16 11:10:00-05:00,131.56500244140625,131.61000061035156,131.50999450683594,131.55760192871094,329622,0.0,0.0
2024-12-16 11:11:00-05:00,131.55999755859375,131.60499572753906,131.4199981689453,131.47030639648438,388132,0.0,0.0
2024-12-16 11:12:00-05:00,131.4799041748047,131.48240661621094,131.17999267578125,131.27000427246094,657059,0.0,0.0
2024-12-16 11:13:00-05:00,131.2718963623047,131.3361053466797,131.02000427246094,131.08999633789062,617338,0.0,0.0
2024-12-16 11:14:00-05:00,131.09019470214844,131.1999969482422,131.00999450683594,131.10009765625,556476,0.0,0.0
2024-12-16 11:15:00-05:00,131.10000610351562,131.35000610351562,131.02000427246094,131.32159423828125,570675,0.0,0.0
2024-12-16 11:16:00-05:00,131.31500244140625,131.44000244140625,131.22039794921875,131.25860595703125,463005,0.0,0.0
2024-12-16 11:17:00-05:00,131.25,131.4499969482422,131.19009399414062,131.42999267578125,403825,0.0,0.0
2024-12-16 11:18:00-05:00,131.42999267578125,131.47999572753906,131.33999633789062,131.4698944091797,368371,0.0,0.0
2024-12-16 11:19:00-05:00,131.47000122070312,131.55999755859375,131.47000122070312,131.55999755859375,99576,0.0,0.0
2024-12-16 11:21:00-05:00,131.63999938964844,131.69000244140625,131.57000732421875,131.63499450683594,916978,0.0,0.0
2024-12-16 11:22:00-05:00,131.6300048828125,131.63999938964844,131.32000732421875,131.33009338378906,449895,0.0,0.0
2024-12-16 11:23:00-05:00,131.33349609375,131.38999938964844,131.19500732421875,131.22000122070312,479175,0.0,0.0
2024-12-16 11:24:00-05:00,131.22000122070312,131.33900451660156,131.1699981689453,131.18499755859375,417222,0.0,0.0
2024-12-16 11:25:00-05:00,131.18499755859375,131.3699951171875,131.11000061035156,131.1199951171875,351766,0.0,0.0
2024-12-16 11:26:00-05:00,131.1300048828125,131.14010620117188,130.9600067138672,131.08999633789062,1027762,0.0,0.0
2024-12-16 11:27:00-05:00,131.11500549316406,131.2899932861328,131.0800018310547,131.27999877929688,407163,0.0,0.0
2024-12-16 11:28:00-05:00,131.27000427246094,131.42999267578125,131.25,131.2899932861328,408145,0.0,0.0
2024-12-16 11:29:00-05:00,131.3000030517578,131.33999633789062,130.88999938964844,130.92990112304688,673992,0.0,0.0
2024-12-16 11:30:00-05:00,130.92010498046875,131.19000244140625,130.8800048828125,131.13999938964844,450297,0.0,0.0
2024-12-16 11:31:00-05:00,131.14500427246094,131.1479949951172,130.8000030517578,130.8354949951172,561975,0.0,0.0
2024-12-16 11:32:00-05:00,130.83949279785156,130.92750549316406,130.8000030517578,130.9062042236328,434699,0.0,0.0
2024-12-16 11:33:00-05:00,130.91299438476562,131.0050048828125,130.89999389648438,130.92039489746094,385610,0.0,0.0
2024-12-16 11:34:00-05:00,130.92999267578125,130.94590759277344,130.75,130.7899932861328,570328,0.0,0.0
2024-12-16 11:35:00-05:00,130.8000030517578,130.88999938964844,130.69009399414062,130.8072967529297,663235,0.0,0.0
2024-12-16 11:36:00-05:00,130.77999877929688,130.88999938964844,130.74000549316406,130.77999877929688,385053,0.0,0.0
2024-12-16 11:37:00-05:00,130.77999877929688,130.9499969482422,130.74000549316406,130.88009643554688,381500,0.0,0.0
2024-12-16 11:38:00-05:00,130.89340209960938,130.92999267578125,130.7801055908203,130.90499877929688,305151,0.0,0.0
2024-12-16 11:39:00-05:00,130.91000366210938,130.9600067138672,130.75,130.76499938964844,415607,0.0,0.0
2024-12-16 11:40:00-05:00,130.75999450683594,130.9261932373047,130.72000122070312,130.77810668945312,547035,0.0,0.0
2024-12-16 11:41:00-05:00,130.76010131835938,130.94000244140625,130.6999969482422,130.85000610351562,440395,0.0,0.0
2024-12-16 11:42:00-05:00,130.8699951171875,131.13999938964844,130.8300018310547,131.1103973388672,482340,0.0,0.0
2024-12-16 11:43:00-05:00,131.11459350585938,131.17999267578125,130.8800048828125,130.89999389648438,410080,0.0,0.0
2024-12-16 11:44:00-05:00,130.89840698242188,130.97000122070312,130.86000061035156,130.9300994873047,317840,0.0,0.0
2024-12-16 11:45:00-05:00,130.9398956298828,130.97000122070312,130.86000061035156,130.9199981689453,226433,0.0,0.0
2024-12-16 11:46:00-05:00,130.90350341796875,131.11000061035156,130.90020751953125,131.08999633789062,330007,0.0,0.0
2024-12-16 11:47:00-05:00,131.0850067138672,131.27000427246094,131.07200622558594,131.11000061035156,397932,0.0,0.0
2024-12-16 11:48:00-05:00,131.10499572753906,131.16000366210938,131.00999450683594,131.00999450683594,206226,0.0,0.0
2024-12-16 11:49:00-05:00,131.00999450683594,131.05999755859375,130.97999572753906,131.0,335217,0.0,0.0
2024-12-16 11:50:00-05:00,131.00999450683594,131.22999572753906,130.9801025390625,131.10479736328125,581730,0.0,0.0
2024-12-16 11:51:00-05:00,131.11000061035156,131.1999969482422,131.08999633789062,131.09010314941406,227265,0.0,0.0
2024-12-16 11:52:00-05:00,131.08999633789062,131.16000366210938,131.05039978027344,131.08999633789062,226910,0.0,0.0
2024-12-16 11:53:00-05:00,131.08929443359375,131.22999572753906,131.07000732421875,131.2050018310547,264313,0.0,0.0
2024-12-16 11:54:00-05:00,131.20179748535156,131.30999755859375,131.16000366210938,131.24000549316406,349253,0.0,0.0
2024-12-16 11:55:00-05:00,131.25999450683594,131.2698974609375,131.17999267578125,131.22970581054688,397211,0.0,0.0
2024-12-16 11:56:00-05:00,131.22000122070312,131.2888946533203,131.08999633789062,131.110107421875,308264,0.0,0.0
2024-12-16 11:57:00-05:00,131.11500549316406,131.17990112304688,131.07200622558594,131.1750030517578,221615,0.0,0.0
2024-12-16 11:58:00-05:00,131.17999267578125,131.25999450683594,131.1699981689453,131.19000244140625,243549,0.0,0.0
2024-12-16 11:59:00-05:00,131.19500732421875,131.42999267578125,131.19009399414062,131.38009643554688,356906,0.0,0.0
2024-12-16 12:00:00-05:00,131.38999938964844,131.43600463867188,131.3300018310547,131.35000610351562,259370,0.0,0.0
2024-12-16 12:01:00-05:00,131.35000610351562,131.47999572753906,131.29010009765625,131.47999572753906,320320,0.0,0.0
2024-12-16 12:02:00-05:00,131.47000122070312,131.57000732421875,131.41009521484375,131.47999572753906,438889,0.0,0.0
2024-12-16 12:03:00-05:00,131.47000122070312,131.50990295410156,131.3800048828125,131.4199981689453,230754,0.0,0.0
2024-12-16 12:04:00-05:00,131.41009521484375,131.49000549316406,131.375,131.3800048828125,224215,0.0,0.0
2024-12-16 12:05:00-05:00,131.37010192871094,131.4178009033203,131.13999938964844,131.1999969482422,377127,0.0,0.0
2024-12-16 12:06:00-05:00,131.1999969482422,131.25990295410156,130.9499969482422,130.97410583496094,659873,0.0,0.0
2024-12-16 12:07:00-05:00,130.9813995361328,131.07000732421875,130.89999389648438,130.9199981689453,349422,0.0,0.0
2024-12-16 12:08:00-05:00,130.92059326171875,130.9600067138672,130.85000610351562,130.9145050048828,311339,0.0,0.0
2024-12-16 12:09:00-05:00,130.9188995361328,130.9949951171875,130.90310668945312,130.98890686035156,264254,0.0,0.0
2024-12-16 12:10:00-05:00,130.98500061035156,131.1199951171875,130.98500061035156,131.03500366210938,311381,0.0,0.0
2024-12-16 12:11:00-05:00,131.0449981689453,131.0500030517578,130.89999389648438,130.918701171875,300888,0.0,0.0
2024-12-16 12:12:00-05:00,130.9199981689453,130.92990112304688,130.72000122070312,130.72999572753906,573044,0.0,0.0
2024-12-16 12:13:00-05:00,130.73500061035156,130.7698974609375,130.6199951171875,130.67080688476562,565654,0.0,0.0
2024-12-16 12:14:00-05:00,130.6750030517578,130.7299041748047,130.50999450683594,130.53900146484375,819072,0.0,0.0
2024-12-16 12:15:00-05:00,130.53500366210938,130.67990112304688,130.44000244140625,130.59750366210938,1159021,0.0,0.0
2024-12-16 12:16:00-05:00,130.60000610351562,130.83999633789062,130.5301055908203,130.75999450683594,585893,0.0,0.0
2024-12-16 12:17:00-05:00,130.75999450683594,130.82400512695312,130.6300048828125,130.67999267578125,412776,0.0,0.0
2024-12-16 12:18:00-05:00,130.6898956298828,130.85000610351562,130.63009643554688,130.82000732421875,333675,0.0,0.0
2024-12-16 12:19:00-05:00,130.80999755859375,131.04989624023438,130.7899932861328,131.02020263671875,577364,0.0,0.0
2024-12-16 12:20:00-05:00,131.02029418945312,131.14999389648438,130.97999572753906,131.0850067138672,426225,0.0,0.0
2024-12-16 12:21:00-05:00,131.08900451660156,131.10000610351562,130.92999267578125,130.96389770507812,300386,0.0,0.0
2024-12-16 12:22:00-05:00,130.97000122070312,131.02999877929688,130.91009521484375,130.92990112304688,211922,0.0,0.0
2024-12-16 12:23:00-05:00,130.9199981689453,130.9398956298828,130.8699951171875,130.89999389648438,302752,0.0,0.0
2024-12-16 12:24:00-05:00,130.91000366210938,131.0299072265625,130.85000610351562,130.97999572753906,364657,0.0,0.0
2024-12-16 12:25:00-05:00,130.9799041748047,131.02999877929688,130.9499969482422,130.9705047607422,206615,0.0,0.0
2024-12-16 12:26:00-05:00,130.97999572753906,131.0399932861328,130.91000366210938,130.91209411621094,222426,0.0,0.0
2024-12-16 12:27:00-05:00,130.91000366210938,130.97999572753906,130.89999389648438,130.90769958496094,228322,0.0,0.0
2024-12-16 12:28:00-05:00,130.91000366210938,130.97000122070312,130.85000610351562,130.91000366210938,218440,0.0,0.0
2024-12-16 12:29:00-05:00,130.9001007080078,131.0,130.8300018310547,130.96299743652344,196726,0.0,0.0
2024-12-16 12:30:00-05:00,130.9600067138672,131.02999877929688,130.94000244140625,130.9949951171875,264946,0.0,0.0
2024-12-16 12:31:00-05:00,131.0,131.02999877929688,130.91000366210938,130.9949951171875,221789,0.0,0.0
2024-12-16 12:32:00-05:00,130.99989318847656,131.0800018310547,130.98019409179688,131.0,232547,0.0,0.0
2024-12-16 12:33:00-05:00,130.99989318847656,131.02999877929688,130.94000244140625,130.94000244140625,243803,0.0,0.0
2024-12-16 12:34:00-05:00,130.94000244140625,130.9468994140625,130.82000732421875,130.91909790039062,284538,0.0,0.0
2024-12-16 12:35:00-05:00,130.91749572753906,131.0399932861328,130.8961944580078,130.97500610351562,302522,0.0,0.0
2024-12-16 12:36:00-05:00,130.97500610351562,130.98049926757812,130.86000061035156,130.94000244140625,230055,0.0,0.0
2024-12-16 12:37:00-05:00,130.92010498046875,131.02999877929688,130.9199981689453,130.99000549316406,237199,0.0,0.0
2024-12-16 12:38:00-05:00,130.9853973388672,131.1300048828125,130.9801025390625,131.02000427246094,412843,0.0,0.0
2024-12-16 12:39:00-05:00,131.02999877929688,131.22000122070312,131.02000427246094,131.1999969482422,344465,0.0,0.0
2024-12-16 12:40:00-05:00,131.20680236816406,131.27999877929688,131.14419555664062,131.17300415039062,438215,0.0,0.0
2024-12-16 12:41:00-05:00,131.1750030517578,131.1999969482422,131.1199951171875,131.1999969482422,230475,0.0,0.0
2024-12-16 12:42:00-05:00,131.1999969482422,131.2100067138672,131.14999389648438,131.1750030517578,190376,0.0,0.0
2024-12-16 12:43:00-05:00,131.17019653320312,131.2100067138672,131.1529998779297,131.15499877929688,239179,0.0,0.0
2024-12-16 12:44:00-05:00,131.16000366210938,131.17630004882812,130.9499969482422,130.97999572753906,475010,0.0,0.0
2024-12-16 12:45:00-05:00,130.97999572753906,131.00999450683594,130.83070373535156,130.88999938964844,466587,0.0,0.0
2024-12-16 12:46:00-05:00,130.85499572753906,131.0,130.85000610351562,130.92999267578125,305827,0.0,0.0
2024-12-16 12:47:00-05:00,130.9300994873047,130.94000244140625,130.83070373535156,130.8459014892578,274389,0.0,0.0
2024-12-16 12:48:00-05:00,130.84500122070312,130.97000122070312,130.8350067138672,130.92010498046875,298853,0.0,0.0
2024-12-16 12:49:00-05:00,130.92669677734375,131.0,130.88499450683594,130.99000549316406,248841,0.0,0.0
2024-12-16 12:50:00-05:00,130.98500061035156,131.02000427246094,130.9499969482422,130.98500061035156,298689,0.0,0.0
2024-12-16 12:51:00-05:00,130.9893035888672,131.02999877929688,130.91000366210938,130.93499755859375,287367,0.0,0.0
2024-12-16 12:52:00-05:00,130.93020629882812,130.97000122070312,130.89999389648438,130.96249389648438,188898,0.0,0.0
2024-12-16 12:53:00-05:00,130.96499633789062,131.02999877929688,130.89999389648438,130.97500610351562,362705,0.0,0.0
2024-12-16 12:54:00-05:00,130.972900390625,131.13999938964844,130.96499633789062,131.0791015625,352694,0.0,0.0
2024-12-16 12:55:00-05:00,131.07020568847656,131.0800018310547,130.88999938964844,130.9499053955078,286674,0.0,0.0
2024-12-16 12:56:00-05:00,130.9499969482422,131.03250122070312,130.93499755859375,131.00999450683594,221371,0.0,0.0
2024-12-16 12:57:00-05:00,131.00999450683594,131.19000244140625,131.00999450683594,131.1699981689453,372233,0.0,0.0
2024-12-16 12:58:00-05:00,131.17999267578125,131.35000610351562,131.16000366210938,131.30999755859375,361441,0.0,0.0
2024-12-16 12:59:00-05:00,131.32000732421875,131.47000122070312,131.27000427246094,131.47000122070312,379818,0.0,0.0
2024-12-16 13:00:00-05:00,131.46200561523438,131.5500030517578,131.41000366210938,131.4600067138672,464793,0.0,0.0
2024-12-16 13:01:00-05:00,131.4499969482422,131.5,131.33999633789062,131.375,308495,0.0,0.0
2024-12-16 13:02:00-05:00,131.375,131.5,131.37339782714844,131.4949951171875,346699,0.0,0.0
2024-12-16 13:03:00-05:00,131.5,131.75999450683594,131.48500061035156,131.72500610351562,553777,0.0,0.0
2024-12-16 13:04:00-05:00,131.72500610351562,131.73240661621094,131.60000610351562,131.71470642089844,391145,0.0,0.0
2024-12-16 13:05:00-05:00,131.7198944091797,131.9199981689453,131.6999969482422,131.89990234375,571032,0.0,0.0
2024-12-16 13:06:00-05:00,131.89700317382812,131.97000122070312,131.85000610351562,131.94000244140625,580332,0.0,0.0
2024-12-16 13:07:00-05:00,131.9199981689453,132.0399932861328,131.89999389648438,131.9149932861328,784217,0.0,0.0
2024-12-16 13:08:00-05:00,131.91839599609375,131.9199981689453,131.85000610351562,131.9001007080078,353802,0.0,0.0
2024-12-16 13:09:00-05:00,131.90989685058594,131.9199981689453,131.7100067138672,131.72000122070312,350936,0.0,0.0
2024-12-16 13:10:00-05:00,131.72000122070312,131.72369384765625,131.52999877929688,131.58619689941406,436926,0.0,0.0
2024-12-16 13:11:00-05:00,131.5800018310547,131.6999969482422,131.57000732421875,131.6367950439453,299745,0.0,0.0
2024-12-16 13:12:00-05:00,131.63800048828125,131.72999572753906,131.60000610351562,131.72500610351562,244214,0.0,0.0
2024-12-16 13:13:00-05:00,131.72500610351562,131.7790069580078,131.7100067138672,131.74009704589844,310192,0.0,0.0
2024-12-16 13:14:00-05:00,131.7449951171875,131.75,131.6699981689453,131.6800994873047,231270,0.0,0.0
2024-12-16 13:15:00-05:00,131.6800994873047,131.7100067138672,131.63999938964844,131.6750030517578,202788,0.0,0.0
2024-12-16 13:16:00-05:00,131.6750030517578,131.67999267578125,131.5500030517578,131.61000061035156,289185,0.0,0.0
2024-12-16 13:17:00-05:00,131.61300659179688,131.67999267578125,131.5800018310547,131.6103057861328,226962,0.0,0.0
2024-12-16 13:18:00-05:00,131.61500549316406,131.66000366210938,131.61500549316406,131.63499450683594,180689,0.0,0.0
2024-12-16 13:19:00-05:00,131.6300048828125,131.6300048828125,131.47999572753906,131.5399932861328,441243,0.0,0.0
2024-12-16 13:20:00-05:00,131.53500366210938,131.55999755859375,131.46290588378906,131.50819396972656,318614,0.0,0.0
2024-12-16 13:21:00-05:00,131.5,131.52000427246094,131.4499969482422,131.47850036621094,176373,0.0,0.0
2024-12-16 13:22:00-05:00,131.4741973876953,131.53990173339844,131.4499969482422,131.51739501953125,220231,0.0,0.0
2024-12-16 13:23:00-05:00,131.51719665527344,131.5500030517578,131.4600067138672,131.4676971435547,176584,0.0,0.0
2024-12-16 13:24:00-05:00,131.46009826660156,131.5345001220703,131.46009826660156,131.48500061035156,166434,0.0,0.0
2024-12-16 13:25:00-05:00,131.49000549316406,131.4949951171875,131.33999633789062,131.38999938964844,358539,0.0,0.0
2024-12-16 13:26:00-05:00,131.38999938964844,131.49989318847656,131.38999938964844,131.4499969482422,355809,0.0,0.0
2024-12-16 13:27:00-05:00,131.4300994873047,131.4600067138672,131.38160705566406,131.3852996826172,141036,0.0,0.0
2024-12-16 13:28:00-05:00,131.38999938964844,131.4199981689453,131.3300018310547,131.3800048828125,217176,0.0,0.0
2024-12-16 13:29:00-05:00,131.3800048828125,131.38999938964844,131.25999450683594,131.3184051513672,348727,0.0,0.0
2024-12-16 13:30:00-05:00,131.30999755859375,131.32989501953125,131.1999969482422,131.30990600585938,323557,0.0,0.0
2024-12-16 13:31:00-05:00,131.2899932861328,131.41000366210938,131.2899932861328,131.36000061035156,295258,0.0,0.0
2024-12-16 13:32:00-05:00,131.35499572753906,131.38999938964844,131.24000549316406,131.25889587402344,230396,0.0,0.0
2024-12-16 13:33:00-05:00,131.25669860839844,131.2799072265625,131.1649932861328,131.25880432128906,316815,0.0,0.0
2024-12-16 13:34:00-05:00,131.2528076171875,131.2528076171875,131.02000427246094,131.0601043701172,324821,0.0,0.0
2024-12-16 13:35:00-05:00,131.06199645996094,131.1699981689453,130.97999572753906,131.15499877929688,634390,0.0,0.0
2024-12-16 13:36:00-05:00,131.14549255371094,131.27000427246094,131.12010192871094,131.23500061035156,311257,0.0,0.0
2024-12-16 13:37:00-05:00,131.24000549316406,131.24989318847656,131.10000610351562,131.11000061035156,262601,0.0,0.0
2024-12-16 13:38:00-05:00,131.1154022216797,131.1300048828125,131.02999877929688,131.0402069091797,237564,0.0,0.0
2024-12-16 13:39:00-05:00,131.0500030517578,131.11000061035156,131.02000427246094,131.1060028076172,186498,0.0,0.0
2024-12-16 13:40:00-05:00,131.10499572753906,131.1999969482422,131.10000610351562,131.16000366210938,360471,0.0,0.0
2024-12-16 13:41:00-05:00,131.16000366210938,131.16990661621094,131.11000061035156,131.1387939453125,195261,0.0,0.0
2024-12-16 13:42:00-05:00,131.13499450683594,131.13999938964844,130.99000549316406,131.02999877929688,390123,0.0,0.0
2024-12-16 13:43:00-05:00,131.04800415039062,131.0500030517578,130.97000122070312,131.0,776877,0.0,0.0
2024-12-16 13:44:00-05:00,130.9949951171875,131.0500030517578,130.8800048828125,130.97500610351562,348921,0.0,0.0
2024-12-16 13:45:00-05:00,130.9799041748047,130.97999572753906,130.89999389648438,130.9250030517578,331232,0.0,0.0
2024-12-16 13:46:00-05:00,130.92919921875,130.9499969482422,130.77000427246094,130.85699462890625,549431,0.0,0.0
2024-12-16 13:47:00-05:00,130.85499572753906,130.88999938964844,130.82020568847656,130.86500549316406,283894,0.0,0.0
2024-12-16 13:48:00-05:00,130.86500549316406,130.889892578125,130.77000427246094,130.781005859375,300435,0.0,0.0
2024-12-16 13:49:00-05:00,130.77999877929688,130.8699951171875,130.7100067138672,130.860107421875,427373,0.0,0.0
2024-12-16 13:50:00-05:00,130.8686065673828,130.9499969482422,130.8249969482422,130.8300018310547,410915,0.0,0.0
2024-12-16 13:51:00-05:00,130.8300018310547,130.83999633789062,130.72000122070312,130.7991943359375,367362,0.0,0.0
2024-12-16 13:52:00-05:00,130.7899932861328,130.8800048828125,130.77000427246094,130.87989807128906,323919,0.0,0.0
2024-12-16 13:53:00-05:00,130.8800048828125,130.91000366210938,130.80999755859375,130.8249969482422,243607,0.0,0.0
2024-12-16 13:54:00-05:00,130.8249969482422,130.8300018310547,130.72999572753906,130.8000030517578,340989,0.0,0.0
2024-12-16 13:55:00-05:00,130.7949981689453,130.80999755859375,130.74009704589844,130.77999877929688,281023,0.0,0.0
2024-12-16 13:56:00-05:00,130.77999877929688,130.88999938964844,130.77999877929688,130.87010192871094,275087,0.0,0.0
2024-12-16 13:57:00-05:00,130.875,131.03399658203125,130.8699951171875,131.0200958251953,457184,0.0,0.0
2024-12-16 13:58:00-05:00,131.039794921875,131.09500122070312,130.97999572753906,131.04620361328125,338167,0.0,0.0
2024-12-16 13:59:00-05:00,131.0449981689453,131.1199951171875,131.02999877929688,131.11720275878906,317008,0.0,0.0
2024-12-16 14:00:00-05:00,131.1199951171875,131.1999969482422,131.0800018310547,131.1898956298828,345258,0.0,0.0
2024-12-16 14:01:00-05:00,131.19000244140625,131.27000427246094,131.14999389648438,131.26010131835938,582651,0.0,0.0
2024-12-16 14:02:00-05:00,131.27000427246094,131.39500427246094,131.27000427246094,131.33590698242188,395715,0.0,0.0
2024-12-16 14:03:00-05:00,131.3498992919922,131.49000549316406,131.3300018310547,131.4698944091797,380215,0.0,0.0
2024-12-16 14:04:00-05:00,131.46139526367188,131.56500244140625,131.43060302734375,131.46499633789062,634224,0.0,0.0
2024-12-16 14:05:00-05:00,131.4499969482422,131.4499969482422,131.33999633789062,131.39639282226562,470121,0.0,0.0
2024-12-16 14:06:00-05:00,131.38999938964844,131.41000366210938,131.1999969482422,131.24000549316406,373758,0.0,0.0
2024-12-16 14:07:00-05:00,131.2487030029297,131.3300018310547,131.22000122070312,131.26100158691406,360069,0.0,0.0
2024-12-16 14:08:00-05:00,131.268798828125,131.28990173339844,131.1999969482422,131.24000549316406,297379,0.0,0.0
2024-12-16 14:09:00-05:00,131.24000549316406,131.2698974609375,131.1199951171875,131.1300048828125,251323,0.0,0.0
2024-12-16 14:10:00-05:00,131.125,131.2100067138672,131.0500030517578,131.17999267578125,474898,0.0,0.0
2024-12-16 14:11:00-05:00,131.19760131835938,131.22500610351562,131.0800018310547,131.16000366210938,268000,0.0,0.0
2024-12-16 14:12:00-05:00,131.14500427246094,131.27499389648438,131.1300048828125,131.1865997314453,245556,0.0,0.0
2024-12-16 14:13:00-05:00,131.17999267578125,131.30990600585938,131.1750030517578,131.1999969482422,2372730,0.0,0.0
2024-12-16 14:14:00-05:00,131.19000244140625,131.20989990234375,131.08999633789062,131.13999938964844,305953,0.0,0.0
2024-12-16 14:15:00-05:00,131.1417999267578,131.3699951171875,131.11000061035156,131.29269409179688,408331,0.0,0.0
2024-12-16 14:16:00-05:00,131.3000030517578,131.5800018310547,131.27999877929688,131.55909729003906,497968,0.0,0.0
2024-12-16 14:17:00-05:00,131.5500030517578,131.55999755859375,131.44000244140625,131.49620056152344,284102,0.0,0.0
2024-12-16 14:18:00-05:00,131.4949951171875,131.5449981689453,131.44000244140625,131.5399932861328,291928,0.0,0.0
2024-12-16 14:19:00-05:00,131.5399932861328,131.72000122070312,131.52999877929688,131.7100067138672,377336,0.0,0.0
2024-12-16 14:20:00-05:00,131.70530700683594,131.72999572753906,131.61000061035156,131.72000122070312,339052,0.0,0.0
2024-12-16 14:21:00-05:00,131.73800659179688,131.77000427246094,131.69000244140625,131.75010681152344,474072,0.0,0.0
2024-12-16 14:22:00-05:00,131.75,131.7550048828125,131.6199951171875,131.63009643554688,260254,0.0,0.0
2024-12-16 14:23:00-05:00,131.64500427246094,131.75999450683594,131.64500427246094,131.67999267578125,327010,0.0,0.0
2024-12-16 14:24:00-05:00,131.66859436035156,131.77999877929688,131.6300048828125,131.77000427246094,267950,0.0,0.0
2024-12-16 14:25:00-05:00,131.7633056640625,131.77999877929688,131.6300048828125,131.64999389648438,221600,0.0,0.0
2024-12-16 14:26:00-05:00,131.64999389648438,131.65499877929688,131.48500061035156,131.5601043701172,458777,0.0,0.0
2024-12-16 14:27:00-05:00,131.57000732421875,131.73500061035156,131.51010131835938,131.58920288085938,578956,0.0,0.0
2024-12-16 14:28:00-05:00,131.60000610351562,131.67990112304688,131.56410217285156,131.64959716796875,221393,0.0,0.0
2024-12-16 14:29:00-05:00,131.66000366210938,131.69000244140625,131.57000732421875,131.61000061035156,205913,0.0,0.0
2024-12-16 14:30:00-05:00,131.6300048828125,131.82000732421875,131.58999633789062,131.78880310058594,391995,0.0,0.0
2024-12-16 14:31:00-05:00,131.7899932861328,132.10000610351562,131.77999877929688,132.0850067138672,781093,0.0,0.0
2024-12-16 14:32:00-05:00,132.0865936279297,132.22999572753906,132.07000732421875,132.19000244140625,464704,0.0,0.0
2024-12-16 14:33:00-05:00,132.19000244140625,132.2899932861328,132.1800994873047,132.24000549316406,356179,0.0,0.0
2024-12-16 14:34:00-05:00,132.23280334472656,132.38999938964844,132.2100067138672,132.36630249023438,511159,0.0,0.0
2024-12-16 14:35:00-05:00,132.3699951171875,132.37989807128906,132.2100067138672,132.25180053710938,313492,0.0,0.0
2024-12-16 14:36:00-05:00,132.25,132.49000549316406,132.16000366210938,132.4862060546875,566240,0.0,0.0
2024-12-16 14:37:00-05:00,132.47999572753906,132.62950134277344,132.47500610351562,132.54010009765625,666648,0.0,0.0
2024-12-16 14:38:00-05:00,132.52499389648438,132.66000366210938,132.52499389648438,132.64349365234375,354143,0.0,0.0
2024-12-16 14:39:00-05:00,132.64500427246094,132.77999877929688,132.5800018310547,132.75869750976562,458973,0.0,0.0
2024-12-16 14:40:00-05:00,132.75999450683594,132.75999450683594,132.6199951171875,132.6929931640625,339515,0.0,0.0
2024-12-16 14:41:00-05:00,132.69009399414062,132.74000549316406,132.57000732421875,132.60009765625,1457696,0.0,0.0
2024-12-16 14:42:00-05:00,132.60499572753906,132.61000061035156,132.4600067138672,132.5050048828125,366433,0.0,0.0
2024-12-16 14:43:00-05:00,132.5012969970703,132.52000427246094,132.2899932861328,132.3249969482422,412749,0.0,0.0
2024-12-16 14:44:00-05:00,132.32009887695312,132.36500549316406,132.1199951171875,132.1300048828125,362212,0.0,0.0
2024-12-16 14:45:00-05:00,132.1199951171875,132.2899932861328,132.11500549316406,132.27999877929688,403418,0.0,0.0
2024-12-16 14:46:00-05:00,132.27999877929688,132.2899932861328,132.16000366210938,132.2100067138672,307633,0.0,0.0
2024-12-16 14:47:00-05:00,132.18499755859375,132.3000030517578,132.0800018310547,132.1898956298828,483015,0.0,0.0
2024-12-16 14:48:00-05:00,132.1699981689453,132.3000030517578,132.10000610351562,132.2899932861328,234907,0.0,0.0
2024-12-16 14:49:00-05:00,132.2958984375,132.3699951171875,132.24000549316406,132.2949981689453,331092,0.0,0.0
2024-12-16 14:50:00-05:00,132.29010009765625,132.3000030517578,132.03500366210938,132.0850067138672,380698,0.0,0.0
2024-12-16 14:51:00-05:00,132.0850067138672,132.13999938964844,131.88999938964844,131.98280334472656,482711,0.0,0.0
2024-12-16 14:52:00-05:00,131.98880004882812,132.02000427246094,131.92999267578125,131.99000549316406,231697,0.0,0.0
2024-12-16 14:53:00-05:00,131.98500061035156,132.14999389648438,131.9700927734375,132.0800018310547,291324,0.0,0.0
2024-12-16 14:54:00-05:00,132.0850067138672,132.0850067138672,131.952392578125,131.97000122070312,277993,0.0,0.0
2024-12-16 14:55:00-05:00,131.99000549316406,132.00999450683594,131.88499450683594,131.88499450683594,444584,0.0,0.0
2024-12-16 14:56:00-05:00,131.88499450683594,132.0,131.81500244140625,131.81500244140625,357122,0.0,0.0
2024-12-16 14:57:00-05:00,131.81500244140625,131.97999572753906,131.8000030517578,131.91000366210938,243657,0.0,0.0
2024-12-16 14:58:00-05:00,131.90499877929688,131.97000122070312,131.8000030517578,131.9571075439453,270058,0.0,0.0
2024-12-16 14:59:00-05:00,131.9600067138672,131.9600067138672,131.86000061035156,131.91000366210938,220465,0.0,0.0
2024-12-16 15:00:00-05:00,131.9499969482422,132.1999969482422,131.9499969482422,132.08999633789062,590067,0.0,0.0
2024-12-16 15:01:00-05:00,132.09500122070312,132.11000061035156,131.97999572753906,132.0699005126953,231324,0.0,0.0
2024-12-16 15:02:00-05:00,132.06039428710938,132.13819885253906,132.05999755859375,132.0800018310547,221811,0.0,0.0
2024-12-16 15:03:00-05:00,132.08999633789062,132.1999969482422,132.08380126953125,132.13009643554688,253504,0.0,0.0
2024-12-16 15:04:00-05:00,132.13999938964844,132.24000549316406,132.10009765625,132.1885986328125,277927,0.0,0.0
2024-12-16 15:05:00-05:00,132.19000244140625,132.39990234375,132.1699981689453,132.38009643554688,419722,0.0,0.0
2024-12-16 15:06:00-05:00,132.38999938964844,132.3979949951172,132.3000946044922,132.3498992919922,299441,0.0,0.0
2024-12-16 15:07:00-05:00,132.3300018310547,132.39990234375,132.30999755859375,132.31500244140625,234431,0.0,0.0
2024-12-16 15:08:00-05:00,132.31500244140625,132.41000366210938,132.26010131835938,132.40499877929688,274401,0.0,0.0
2024-12-16 15:09:00-05:00,132.39979553222656,132.52999877929688,132.3809051513672,132.47500610351562,394416,0.0,0.0
2024-12-16 15:10:00-05:00,132.47500610351562,132.5500030517578,132.41000366210938,132.52999877929688,291900,0.0,0.0
2024-12-16 15:11:00-05:00,132.5301055908203,132.61000061035156,132.5,132.57000732421875,429257,0.0,0.0
2024-12-16 15:12:00-05:00,132.56500244140625,132.67999267578125,132.42999267578125,132.4300994873047,434008,0.0,0.0
2024-12-16 15:13:00-05:00,132.4499969482422,132.61279296875,132.4499969482422,132.47340393066406,274371,0.0,0.0
2024-12-16 15:14:00-05:00,132.5,132.54989624023438,132.45010375976562,132.54989624023438,216873,0.0,0.0
2024-12-16 15:15:00-05:00,132.54539489746094,132.7100067138672,132.5301055908203,132.69000244140625,379644,0.0,0.0
2024-12-16 15:16:00-05:00,132.69500732421875,132.69920349121094,132.5500030517578,132.59500122070312,290766,0.0,0.0
2024-12-16 15:17:00-05:00,132.59010314941406,132.6999053955078,132.5800018310547,132.6699981689453,230431,0.0,0.0
2024-12-16 15:18:00-05:00,132.68890380859375,132.7050018310547,132.60009765625,132.60499572753906,347300,0.0,0.0
2024-12-16 15:19:00-05:00,132.6085968017578,132.73989868164062,132.58009338378906,132.64500427246094,351926,0.0,0.0
2024-12-16 15:20:00-05:00,132.64500427246094,132.6699981689453,132.58999633789062,132.64999389648438,259174,0.0,0.0
2024-12-16 15:21:00-05:00,132.64999389648438,132.69000244140625,132.5,132.50010681152344,362850,0.0,0.0
2024-12-16 15:22:00-05:00,132.5093994140625,132.61000061035156,132.5,132.58999633789062,362137,0.0,0.0
2024-12-16 15:23:00-05:00,132.5841064453125,132.64999389648438,132.41000366210938,132.49000549316406,398578,0.0,0.0
2024-12-16 15:24:00-05:00,132.47999572753906,132.47999572753906,132.2700958251953,132.2899932861328,324196,0.0,0.0
2024-12-16 15:25:00-05:00,132.29429626464844,132.52000427246094,132.29010009765625,132.5050048828125,296240,0.0,0.0
2024-12-16 15:26:00-05:00,132.52049255371094,132.5399932861328,132.38999938964844,132.4199981689453,296395,0.0,0.0
2024-12-16 15:27:00-05:00,132.42100524902344,132.52000427246094,132.41000366210938,132.46499633789062,238324,0.0,0.0
2024-12-16 15:28:00-05:00,132.46499633789062,132.49000549316406,132.36000061035156,132.38999938964844,231839,0.0,0.0
2024-12-16 15:29:00-05:00,132.39500427246094,132.42999267578125,132.3699951171875,132.39999389648438,193173,0.0,0.0
2024-12-16 15:30:00-05:00,132.38999938964844,132.39500427246094,132.23599243164062,132.2550048828125,300813,0.0,0.0
2024-12-16 15:31:00-05:00,132.26499938964844,132.38999938964844,132.17999267578125,132.38999938964844,326230,0.0,0.0
2024-12-16 15:32:00-05:00,132.3885040283203,132.44000244140625,132.32000732421875,132.3843994140625,274255,0.0,0.0
2024-12-16 15:33:00-05:00,132.38999938964844,132.39999389648438,132.02999877929688,132.05999755859375,563790,0.0,0.0
2024-12-16 15:34:00-05:00,132.05999755859375,132.05999755859375,131.91009521484375,131.94500732421875,521349,0.0,0.0
2024-12-16 15:35:00-05:00,131.9499969482422,132.0399932861328,131.91000366210938,132.02999877929688,251708,0.0,0.0
2024-12-16 15:36:00-05:00,132.02999877929688,132.0399932861328,131.9199981689453,132.02499389648438,292005,0.0,0.0
2024-12-16 15:37:00-05:00,132.02000427246094,132.13999938964844,132.00999450683594,132.0399932861328,320330,0.0,0.0
2024-12-16 15:38:00-05:00,132.0399932861328,132.1472930908203,132.02999877929688,132.11000061035156,227534,0.0,0.0
2024-12-16 15:39:00-05:00,132.10000610351562,132.19000244140625,132.0850067138672,132.1649932861328,326007,0.0,0.0
2024-12-16 15:40:00-05:00,132.16879272460938,132.25999450683594,132.08999633789062,132.25979614257812,281242,0.0,0.0
2024-12-16 15:41:00-05:00,132.25990295410156,132.3000030517578,132.05499267578125,132.0800018310547,307684,0.0,0.0
2024-12-16 15:42:00-05:00,132.07989501953125,132.17999267578125,132.07009887695312,132.1199951171875,248116,0.0,0.0
2024-12-16 15:43:00-05:00,132.110107421875,132.1405029296875,132.0500946044922,132.12010192871094,225516,0.0,0.0
2024-12-16 15:44:00-05:00,132.125,132.27000427246094,132.1199951171875,132.19459533691406,282766,0.0,0.0
2024-12-16 15:45:00-05:00,132.19000244140625,132.19940185546875,132.02999877929688,132.0802001953125,341209,0.0,0.0
2024-12-16 15:46:00-05:00,132.08999633789062,132.11990356445312,131.7899932861328,131.83009338378906,502849,0.0,0.0
2024-12-16 15:47:00-05:00,131.83999633789062,131.9199981689453,131.79010009765625,131.8000946044922,339365,0.0,0.0
2024-12-16 15:48:00-05:00,131.8000030517578,131.80999755859375,131.7200927734375,131.77000427246094,398745,0.0,0.0
2024-12-16 15:49:00-05:00,131.77000427246094,131.77999877929688,131.6300048828125,131.673095703125,386150,0.0,0.0
2024-12-16 15:50:00-05:00,131.6699981689453,131.8000030517578,131.65199279785156,131.72500610351562,570460,0.0,0.0
2024-12-16 15:51:00-05:00,131.72000122070312,131.75,131.52000427246094,131.5229034423828,593493,0.0,0.0
2024-12-16 15:52:00-05:00,131.52999877929688,131.74000549316406,131.52000427246094,131.69500732421875,620680,0.0,0.0
2024-12-16 15:53:00-05:00,131.69000244140625,131.9600067138672,131.68099975585938,131.95010375976562,687722,0.0,0.0
2024-12-16 15:54:00-05:00,131.9550018310547,132.0,131.75,131.85989379882812,989148,0.0,0.0
2024-12-16 15:55:00-05:00,131.86000061035156,132.11000061035156,131.85000610351562,132.0850067138672,953239,0.0,0.0
2024-12-16 15:56:00-05:00,132.0800018310547,132.08580017089844,131.9199981689453,131.93499755859375,599909,0.0,0.0
2024-12-16 15:57:00-05:00,131.94000244140625,132.0399932861328,131.92999267578125,132.00180053710938,1329911,0.0,0.0
2024-12-16 15:58:00-05:00,132.0050048828125,132.00999450683594,131.91000366210938,131.96009826660156,817532,0.0,0.0
2024-12-16 15:59:00-05:00,131.97000122070312,132.0500030517578,131.72000122070312,131.99000549316406,2656030,0.0,0.0
2024-12-16 16:00:00-05:00,132.0,132.04,131.6,131.9,18208345,0.0,0.0
2024-12-16 16:01:00-05:00,131.8303,132.08,131.8,132.0217,0,0.0,0.0
2024-12-16 16:02:00-05:00,132.0694,132.07,131.85,131.86,0,0.0,0.0
2024-12-16 16:03:00-05:00,131.9,132.0,131.86,131.9001,0,0.0,0.0
2024-12-16 16:04:00-05:00,131.9022,132.0,131.9,131.98,0,0.0,0.0
2024-12-16 16:05:00-05:00,131.94,132.15,131.9206,132.05,0,0.0,0.0
2024-12-16 16:06:00-05:00,132.05,132.08,131.7179,132.025,0,0.0,0.0
2024-12-16 16:07:00-05:00,132.0,132.05,132.0,132.04,0,0.0,0.0
2024-12-16 16:08:00-05:00,132.04,132.05,131.99,132.03,0,0.0,0.0
2024-12-16 16:09:00-05:00,132.03,132.07,131.99,132.05,0,0.0,0.0
2024-12-16 16:10:00-05:00,132.05,132.07,132.0,132.04,0,0.0,0.0
2024-12-16 16:11:00-05:00,132.03,132.06,131.99,132.055,0,0.0,0.0
2024-12-16 16:12:00-05:00,132.06,132.06,131.91,131.92,0,0.0,0.0
2024-12-16 16:13:00-05:00,131.96,132.0,131.92,131.95,0,0.0,0.0
2024-12-16 16:14:00-05:00,131.98,132.0,131.94,131.96,0,0.0,0.0
2024-12-16 16:15:00-05:00,131.95,132.0,131.94,132.0,0,0.0,0.0
2024-12-16 16:16:00-05:00,132.0,132.0,131.97,131.98,0,0.0,0.0
2024-12-16 16:17:00-05:00,131.98,132.0,131.91,131.99,0,0.0,0.0
2024-12-16 16:18:00-05:00,131.95,131.95,131.89,131.905,0,0.0,0.0
2024-12-16 16:19:00-05:00,131.905,131.93,131.89,131.93,0,0.0,0.0
2024-12-16 16:20:00-05:00,131.89,131.93,131.86,131.88,0,0.0,0.0
2024-12-16 16:21:00-05:00,131.8897,131.89,131.8,131.84,0,0.0,0.0
2024-12-16 16:22:00-05:00,131.84,131.88,131.6361,131.83,0,0.0,0.0
2024-12-16 16:23:00-05:00,131.83,131.85,131.7,131.79,0,0.0,0.0
2024-12-16 16:24:00-05:00,131.74,131.85,131.65,131.75,0,0.0,0.0
2024-12-16 16:25:00-05:00,131.7,131.76,131.65,131.735,0,0.0,0.0
2024-12-16 16:26:00-05:00,131.76,131.77,131.69,131.7,0,0.0,0.0
2024-12-16 16:27:00-05:00,131.6922,131.75,131.69,131.71,0,0.0,0.0
2024-12-16 16:28:00-05:00,131.73,131.73,131.66,131.6704,0,0.0,0.0
2024-12-16 16:29:00-05:00,131.6704,131.77,131.66,131.68,0,0.0,0.0
2024-12-16 16:30:00-05:00,131.7,131.7,131.61,131.61,0,0.0,0.0
2024-12-16 16:31:00-05:00,131.635,131.69,131.6,131.66,0,0.0,0.0
2024-12-16 16:32:00-05:00,131.65,131.69,131.63,131.65,0,0.0,0.0
2024-12-16 16:33:00-05:00,131.645,131.67,131.6,131.6,0,0.0,0.0
2024-12-16 16:34:00-05:00,131.63,131.64,131.54,131.6,0,0.0,0.0
2024-12-16 16:35:00-05:00,131.61,131.64,131.6,131.6,0,0.0,0.0
2024-12-16 16:36:00-05:00,131.6,131.64,131.58,131.64,0,0.0,0.0
2024-12-16 16:37:00-05:00,131.64,131.64,131.61,131.6199,0,0.0,0.0
2024-12-16 16:38:00-05:00,131.62,131.64,131.61,131.63,0,0.0,0.0
2024-12-16 16:39:00-05:00,131.64,131.64,131.61,131.61,0,0.0,0.0
2024-12-16 16:40:00-05:00,131.6198,131.64,131.59,131.63,0,0.0,0.0
2024-12-16 16:41:00-05:00,131.62,132.0,131.61,131.6392,0,0.0,0.0
2024-12-16 16:42:00-05:00,131.63,131.64,131.61,131.6301,0,0.0,0.0
2024-12-16 16:43:00-05:00,131.65,131.69,131.63,131.67,0,0.0,0.0
2024-12-16 16:44:00-05:00,131.66,131.69,131.64,131.65,0,0.0,0.0
2024-12-16 16:45:00-05:00,131.665,131.68,131.63,131.65,0,0.0,0.0
2024-12-16 16:46:00-05:00,131.65,131.68,131.6,131.64,0,0.0,0.0
2024-12-16 16:47:00-05:00,131.64,131.64,131.6,131.6106,0,0.0,0.0
2024-12-16 16:48:00-05:00,131.61,132.0,131.6,131.64,0,0.0,0.0
2024-12-16 16:49:00-05:00,131.6404,132.0,131.64,131.7583,0,0.0,0.0
2024-12-16 16:50:00-05:00,131.7597,131.76,131.71,131.75,0,0.0,0.0
2024-12-16 16:51:00-05:00,131.75,131.76,131.725,131.76,0,0.0,0.0
2024-12-16 16:52:00-05:00,131.75,131.76,131.7,131.7199,0,0.0,0.0
2024-12-16 16:53:00-05:00,131.7,131.71,131.62,131.6795,0,0.0,0.0
2024-12-16 16:54:00-05:00,131.68,132.0,131.62,131.68,0,0.0,0.0
2024-12-16 16:55:00-05:00,131.68,131.68,131.63,131.66,0,0.0,0.0
2024-12-16 16:56:00-05:00,131.6402,131.68,131.6402,131.6505,0,0.0,0.0
2024-12-16 16:57:00-05:00,131.67,131.71,131.65,131.665,0,0.0,0.0
2024-12-16 16:58:00-05:00,131.67,131.67,131.61,131.62,0,0.0,0.0
2024-12-16 16:59:00-05:00,131.625,131.63,131.61,131.62,0,0.0,0.0
2024-12-16 17:00:00-05:00,131.615,131.63,131.61,131.61,0,0.0,0.0
2024-12-16 17:01:00-05:00,131.61,131.63,131.61,131.6102,0,0.0,0.0
2024-12-16 17:02:00-05:00,131.61,131.63,131.6,131.6299,0,0.0,0.0
2024-12-16 17:03:00-05:00,131.6109,132.0,131.405,131.6,0,0.0,0.0
2024-12-16 17:04:00-05:00,131.5986,131.6,131.55,131.58,0,0.0,0.0
2024-12-16 17:05:00-05:00,131.6,131.6,131.53,131.56,0,0.0,0.0
2024-12-16 17:06:00-05:00,131.57,131.63,131.56,131.58,0,0.0,0.0
2024-12-16 17:07:00-05:00,131.5898,131.6,131.58,131.6,0,0.0,0.0
2024-12-16 17:08:00-05:00,131.59,131.6,131.56,131.57,0,0.0,0.0
2024-12-16 17:09:00-05:00,131.5799,131.58,131.55,131.58,0,0.0,0.0
2024-12-16 17:10:00-05:00,131.55,131.56,131.46,131.4999,0,0.0,0.0
2024-12-16 17:11:00-05:00,131.4802,131.51,131.47,131.495,0,0.0,0.0
2024-12-16 17:12:00-05:00,131.5,131.51,131.48,131.5,0,0.0,0.0
2024-12-16 17:13:00-05:00,131.5,131.5,131.42,131.45,0,0.0,0.0
2024-12-16 17:14:00-05:00,131.45,131.49,131.37,131.44,0,0.0,0.0
2024-12-16 17:15:00-05:00,131.37,131.44,131.37,131.38,0,0.0,0.0
2024-12-16 17:16:00-05:00,131.405,131.42,131.38,131.42,0,0.0,0.0
2024-12-16 17:17:00-05:00,131.42,131.43,131.35,131.37,0,0.0,0.0
2024-12-16 17:18:00-05:00,131.351,131.37,131.21,131.27,0,0.0,0.0
2024-12-16 17:19:00-05:00,131.31,131.31,131.24,131.28,0,0.0,0.0
2024-12-16 17:20:00-05:00,131.28,131.35,131.27,131.29,0,0.0,0.0
2024-12-16 17:21:00-05:00,131.33,131.33,131.26,131.31,0,0.0,0.0
2024-12-16 17:22:00-05:00,131.3,131.33,131.27,131.3092,0,0.0,0.0
2024-12-16 17:23:00-05:00,131.31,131.32,131.29,131.3,0,0.0,0.0
2024-12-16 17:24:00-05:00,131.3,131.31,131.26,131.2904,0,0.0,0.0
2024-12-16 17:25:00-05:00,131.2992,131.31,131.27,131.31,0,0.0,0.0
2024-12-16 17:26:00-05:00,131.31,131.35,131.3,131.305,0,0.0,0.0
2024-12-16 17:27:00-05:00,131.3,131.31,131.3,131.3,0,0.0,0.0
2024-12-16 17:28:00-05:00,131.31,131.39,131.305,131.36,0,0.0,0.0
2024-12-16 17:29:00-05:00,131.39,131.39,131.3,131.32,0,0.0,0.0
2024-12-16 17:30:00-05:00,131.315,131.34,131.3,131.32,0,0.0,0.0
2024-12-16 17:31:00-05:00,131.33,131.34,131.3,131.31,0,0.0,0.0
2024-12-16 17:32:00-05:00,131.3,131.35,131.3,131.35,0,0.0,0.0
2024-12-16 17:33:00-05:00,131.36,131.47,131.35,131.4299,0,0.0,0.0
2024-12-16 17:34:00-05:00,131.42,131.43,131.36,131.42,0,0.0,0.0
2024-12-16 17:35:00-05:00,131.41,131.43,131.38,131.43,0,0.0,0.0
2024-12-16 17:36:00-05:00,131.42,131.48,131.42,131.48,0,0.0,0.0
2024-12-16 17:37:00-05:00,131.48,131.49,131.42,131.46,0,0.0,0.0
2024-12-16 17:38:00-05:00,131.46,131.46,131.4,131.46,0,0.0,0.0
2024-12-16 17:39:00-05:00,131.4207,131.46,131.41,131.41,0,0.0,0.0
2024-12-16 17:40:00-05:00,131.44,131.45,131.4062,131.44,0,0.0,0.0
2024-12-16 17:41:00-05:00,131.45,131.45,131.42,131.435,0,0.0,0.0
2024-12-16 17:42:00-05:00,131.44,131.45,131.41,131.43,0,0.0,0.0
2024-12-16 17:43:00-05:00,131.45,131.45,131.4,131.4,0,0.0,0.0
2024-12-16 17:44:00-05:00,131.4399,131.44,131.42,131.431,0,0.0,0.0
2024-12-16 17:45:00-05:00,131.44,131.5,131.42,131.49,0,0.0,0.0
2024-12-16 17:46:00-05:00,131.45,131.5,131.43,131.49,0,0.0,0.0
2024-12-16 17:47:00-05:00,131.5,131.52,131.49,131.5,0,0.0,0.0
2024-12-16 17:48:00-05:00,131.4901,131.5,131.44,131.489,0,0.0,0.0
2024-12-16 17:49:00-05:00,131.49,131.49,131.45,131.45,0,0.0,0.0
2024-12-16 17:50:00-05:00,131.48,131.49,131.46,131.49,0,0.0,0.0
2024-12-16 17:51:00-05:00,131.49,131.5,131.47,131.5,0,0.0,0.0
2024-12-16 17:52:00-05:00,131.5,131.5,131.49,131.495,0,0.0,0.0
2024-12-16 17:53:00-05:00,131.4999,131.5,131.48,131.5,0,0.0,0.0
2024-12-16 17:54:00-05:00,131.5,131.5,131.48,131.49,0,0.0,0.0
2024-12-16 17:55:00-05:00,131.4992,131.5,131.48,131.495,0,0.0,0.0
2024-12-16 17:56:00-05:00,131.49,131.5,131.49,131.495,0,0.0,0.0
2024-12-16 17:57:00-05:00,131.5,131.5,131.42,131.49,0,0.0,0.0
2024-12-16 17:58:00-05:00,131.455,131.49,131.41,131.42,0,0.0,0.0
2024-12-16 17:59:00-05:00,131.46,131.46,131.36,131.3892,0,0.0,0.0
2024-12-16 18:00:00-05:00,131.39,131.39,131.35,131.38,0,0.0,0.0
2024-12-16 18:01:00-05:00,131.35,131.39,131.3,131.31,0,0.0,0.0
2024-12-16 18:02:00-05:00,131.34,131.39,131.31,131.33,0,0.0,0.0
2024-12-16 18:03:00-05:00,131.31,132.0,131.27,131.28,0,0.0,0.0
2024-12-16 18:04:00-05:00,131.28,131.28,131.26,131.27,0,0.0,0.0
2024-12-16 18:05:00-05:00,131.28,131.28,131.25,131.2501,0,0.0,0.0
2024-12-16 18:06:00-05:00,131.2599,131.28,131.23,131.28,0,0.0,0.0
2024-12-16 18:07:00-05:00,131.27,131.33,131.11,131.29,0,0.0,0.0
2024-12-16 18:08:00-05:00,131.25,131.33,131.18,131.23,0,0.0,0.0
2024-12-16 18:09:00-05:00,131.23,131.23,131.16,131.185,0,0.0,0.0
2024-12-16 18:10:00-05:00,131.18,131.2,131.16,131.2,0,0.0,0.0
2024-12-16 18:11:00-05:00,131.2,131.2,131.15,131.165,0,0.0,0.0
2024-12-16 18:12:00-05:00,131.1505,131.18,131.14,131.1504,0,0.0,0.0
2024-12-16 18:13:00-05:00,131.155,131.18,131.15,131.165,0,0.0,0.0
2024-12-16 18:14:00-05:00,131.15,131.18,131.12,131.1697,0,0.0,0.0
2024-12-16 18:15:00-05:00,131.1598,131.19,131.13,131.16,0,0.0,0.0
2024-12-16 18:16:00-05:00,131.2,131.23,131.08,131.12,0,0.0,0.0
2024-12-16 18:17:00-05:00,131.16,131.16,131.08,131.13,0,0.0,0.0
2024-12-16 18:18:00-05:00,131.09,131.14,131.06,131.085,0,0.0,0.0
2024-12-16 18:19:00-05:00,131.1,131.11,131.05,131.0893,0,0.0,0.0
2024-12-16 18:20:00-05:00,131.0899,131.1,131.035,131.04,0,0.0,0.0
2024-12-16 18:21:00-05:00,131.04,131.05,131.01,131.05,0,0.0,0.0
2024-12-16 18:22:00-05:00,131.04,131.07,131.02,131.0696,0,0.0,0.0
2024-12-16 18:23:00-05:00,131.0696,131.1,131.05,131.06,0,0.0,0.0
2024-12-16 18:24:00-05:00,131.075,131.14,131.075,131.14,0,0.0,0.0
2024-12-16 18:25:00-05:00,131.1399,131.15,131.1202,131.135,0,0.0,0.0
2024-12-16 18:26:00-05:00,131.1399,131.15,131.07,131.12,0,0.0,0.0
2024-12-16 18:27:00-05:00,131.11,131.12,131.0495,131.081,0,0.0,0.0
2024-12-16 18:28:00-05:00,131.1,131.12,131.05,131.05,0,0.0,0.0
2024-12-16 18:29:00-05:00,131.03,131.05,131.01,131.01,0,0.0,0.0
2024-12-16 18:30:00-05:00,131.02,131.05,131.01,131.05,0,0.0,0.0
2024-12-16 18:31:00-05:00,131.03,131.05,131.02,131.05,0,0.0,0.0
2024-12-16 18:32:00-05:00,131.03,131.05,131.03,131.05,0,0.0,0.0
2024-12-16 18:33:00-05:00,131.05,131.05,131.03,131.05,0,0.0,0.0
2024-12-16 18:34:00-05:00,131.05,131.06,131.04,131.06,0,0.0,0.0
2024-12-16 18:35:00-05:00,131.05,131.09,131.03,131.08,0,0.0,0.0
2024-12-16 18:36:00-05:00,131.08,131.1,131.05,131.06,0,0.0,0.0
2024-12-16 18:37:00-05:00,131.07,131.07,131.03,131.04,0,0.0,0.0
2024-12-16 18:38:00-05:00,131.04,131.05,131.03,131.03,0,0.0,0.0
2024-12-16 18:39:00-05:00,131.05,131.07,131.04,131.07,0,0.0,0.0
2024-12-16 18:40:00-05:00,131.06,131.07,131.05,131.0599,0,0.0,0.0
2024-12-16 18:41:00-05:00,131.06,131.09,131.05,131.08,0,0.0,0.0
2024-12-16 18:42:00-05:00,131.09,131.09,131.05,131.08,0,0.0,0.0
2024-12-16 18:43:00-05:00,131.065,131.08,131.05,131.06,0,0.0,0.0
2024-12-16 18:44:00-05:00,131.05,131.08,131.05,131.06,0,0.0,0.0
2024-12-16 18:45:00-05:00,131.05,131.08,131.05,131.0598,0,0.0,0.0
2024-12-16 18:46:00-05:00,131.06,131.19,131.04,131.1605,0,0.0,0.0
2024-12-16 18:47:00-05:00,131.16,131.25,131.15,131.22,0,0.0,0.0
2024-12-16 18:48:00-05:00,131.22,131.24,131.18,131.2098,0,0.0,0.0
2024-12-16 18:49:00-05:00,131.2,131.25,131.2,131.215,0,0.0,0.0
2024-12-16 18:50:00-05:00,131.24,131.24,131.15,131.1533,0,0.0,0.0
2024-12-16 18:51:00-05:00,131.165,131.18,131.13,131.1482,0,0.0,0.0
2024-12-16 18:52:00-05:00,131.15,131.15,131.1,131.1,0,0.0,0.0
2024-12-16 18:53:00-05:00,131.12,131.14,131.1,131.115,0,0.0,0.0
2024-12-16 18:54:00-05:00,131.12,131.13,131.06,131.0897,0,0.0,0.0
2024-12-16 18:55:00-05:00,131.09,131.1,131.07,131.085,0,0.0,0.0
2024-12-16 18:56:00-05:00,131.08,131.09,131.07,131.0799,0,0.0,0.0
2024-12-16 18:57:00-05:00,131.08,131.08,131.07,131.0799,0,0.0,0.0
2024-12-16 18:58:00-05:00,131.0799,131.09,131.07,131.075,0,0.0,0.0
2024-12-16 18:59:00-05:00,131.08,131.1,131.07,131.0899,0,0.0,0.0
2024-12-16 19:00:00-05:00,131.08,131.09,131.07,131.0897,0,0.0,0.0
2024-12-16 19:01:00-05:00,131.09,131.1,131.08,131.085,0,0.0,0.0
2024-12-16 19:02:00-05:00,131.08,131.1,131.08,131.09,0,0.0,0.0
2024-12-16 19:03:00-05:00,131.09,131.1,131.08,131.09,0,0.0,0.0
2024-12-16 19:04:00-05:00,131.085,131.1,131.08,131.095,0,0.0,0.0
2024-12-16 19:05:00-05:00,131.1,131.15,131.09,131.13,0,0.0,0.0
2024-12-16 19:06:00-05:00,131.15,131.15,131.11,131.12,0,0.0,0.0
2024-12-16 19:07:00-05:00,131.12,131.14,131.11,131.14,0,0.0,0.0
2024-12-16 19:08:00-05:00,131.1201,131.14,131.09,131.09,0,0.0,0.0
2024-12-16 19:09:00-05:00,131.1,131.11,131.09,131.1,0,0.0,0.0
2024-12-16 19:10:00-05:00,131.1091,131.11,131.09,131.1,0,0.0,0.0
2024-12-16 19:11:00-05:00,131.11,131.11,131.05,131.06,0,0.0,0.0
2024-12-16 19:12:00-05:00,131.065,131.08,131.05,131.06,0,0.0,0.0
2024-12-16 19:13:00-05:00,131.05,131.07,131.04,131.045,0,0.0,0.0
2024-12-16 19:14:00-05:00,131.05,131.06,131.04,131.0597,0,0.0,0.0
2024-12-16 19:15:00-05:00,131.0599,131.06,131.045,131.045,0,0.0,0.0
2024-12-16 19:16:00-05:00,131.045,131.06,131.03,131.06,0,0.0,0.0
2024-12-16 19:17:00-05:00,131.06,131.09,131.03,131.08,0,0.0,0.0
2024-12-16 19:18:00-05:00,131.09,131.1,131.07,131.08,0,0.0,0.0
2024-12-16 19:19:00-05:00,131.09,131.1,131.06,131.095,0,0.0,0.0
2024-12-16 19:20:00-05:00,131.09,131.11,131.09,131.0999,0,0.0,0.0
2024-12-16 19:21:00-05:00,131.09,131.1,131.07,131.08,0,0.0,0.0
2024-12-16 19:22:00-05:00,131.07,131.09,131.06,131.06,0,0.0,0.0
2024-12-16 19:23:00-05:00,131.05,131.09,131.05,131.0896,0,0.0,0.0
2024-12-16 19:24:00-05:00,131.09,131.1,131.05,131.08,0,0.0,0.0
2024-12-16 19:25:00-05:00,131.065,131.08,131.06,131.07,0,0.0,0.0
2024-12-16 19:26:00-05:00,131.06,131.07,131.03,131.06,0,0.0,0.0
2024-12-16 19:27:00-05:00,131.04,131.04,131.02,131.025,0,0.0,0.0
2024-12-16 19:28:00-05:00,131.03,131.03,131.01,131.02,0,0.0,0.0
2024-12-16 19:29:00-05:00,131.03,131.03,131.02,131.03,0,0.0,0.0
2024-12-16 19:30:00-05:00,131.03,131.06,131.03,131.055,0,0.0,0.0
2024-12-16 19:31:00-05:00,131.05,131.07,131.04,131.0696,0,0.0,0.0
2024-12-16 19:32:00-05:00,131.06,131.09,131.04,131.06,0,0.0,0.0
2024-12-16 19:33:00-05:00,131.065,131.065,131.03,131.03,0,0.0,0.0
2024-12-16 19:34:00-05:00,131.0494,131.06,131.03,131.05,0,0.0,0.0
2024-12-16 19:35:00-05:00,131.045,131.06,131.03,131.03,0,0.0,0.0
2024-12-16 19:36:00-05:00,131.06,131.07,131.04,131.05,0,0.0,0.0
2024-12-16 19:37:00-05:00,131.05,131.05,131.03,131.04,0,0.0,0.0
2024-12-16 19:38:00-05:00,131.05,131.05,131.03,131.0495,0,0.0,0.0
2024-12-16 19:39:00-05:00,131.03,131.05,131.02,131.035,0,0.0,0.0
2024-12-16 19:40:00-05:00,131.0398,131.08,131.01,131.04,0,0.0,0.0
2024-12-16 19:41:00-05:00,131.046,131.07,131.0,131.05,0,0.0,0.0
2024-12-16 19:42:00-05:00,131.0301,131.05,131.01,131.03,0,0.0,0.0
2024-12-16 19:43:00-05:00,131.05,131.06,131.03,131.05,0,0.0,0.0
2024-12-16 19:44:00-05:00,131.0498,131.05,131.03,131.05,0,0.0,0.0
2024-12-16 19:45:00-05:00,131.05,131.05,131.01,131.03,0,0.0,0.0
2024-12-16 19:46:00-05:00,131.0299,131.03,131.01,131.0299,0,0.0,0.0
2024-12-16 19:47:00-05:00,131.01,131.03,131.0,131.0292,0,0.0,0.0
2024-12-16 19:48:00-05:00,131.03,131.03,131.0,131.02,0,0.0,0.0
2024-12-16 19:49:00-05:00,131.0101,131.03,131.0,131.0099,0,0.0,0.0
2024-12-16 19:50:00-05:00,131.0,131.04,131.0,131.0399,0,0.0,0.0
2024-12-16 19:51:00-05:00,131.035,131.05,131.01,131.02,0,0.0,0.0
2024-12-16 19:52:00-05:00,131.0199,131.02,131.0,131.01,0,0.0,0.0
2024-12-16 19:53:00-05:00,131.01,131.01,131.0,131.005,0,0.0,0.0
2024-12-16 19:54:00-05:00,131.01,131.01,131.0,131.0,0,0.0,0.0
2024-12-16 19:55:00-05:00,131.01,131.01,130.95,130.9695,0,0.0,0.0
2024-12-16 19:56:00-05:00,130.9697,130.97,130.91,130.95,0,0.0,0.0
2024-12-16 19:57:00-05:00,130.93,130.95,130.91,130.94,0,0.0,0.0
2024-12-16 19:58:00-05:00,130.9305,130.95,130.91,130.93,0,0.0,0.0
2024-12-16 19:59:00-05:00,130.92,130.95,130.91,130.91,0,0.0,0.0
