time,Open,High,Low,Close,Volume,Dividends,Stock Splits
2024-12-13 04:00:00-05:00,139.8,139.8,138.85,138.88,0,0.0,0.0
2024-12-13 04:01:00-05:00,138.85,139.0,138.83,138.85,0,0.0,0.0
2024-12-13 04:02:00-05:00,138.84,138.95,138.84,138.95,0,0.0,0.0
2024-12-13 04:03:00-05:00,138.95,138.95,138.74,138.74,0,0.0,0.0
2024-12-13 04:04:00-05:00,138.74,138.94,138.66,138.92,0,0.0,0.0
2024-12-13 04:05:00-05:00,138.93,138.93,138.85,138.91,0,0.0,0.0
2024-12-13 04:06:00-05:00,138.91,138.95,138.6,138.64,0,0.0,0.0
2024-12-13 04:07:00-05:00,138.65,138.69,138.59,138.59,0,0.0,0.0
2024-12-13 04:08:00-05:00,138.61,138.61,138.45,138.45,0,0.0,0.0
2024-12-13 04:09:00-05:00,138.44,138.45,138.0,138.26,0,0.0,0.0
2024-12-13 04:10:00-05:00,138.28,138.35,138.16,138.33,0,0.0,0.0
2024-12-13 04:11:00-05:00,138.33,138.45,138.24,138.41,0,0.0,0.0
2024-12-13 04:12:00-05:00,138.42,138.57,138.41,138.53,0,0.0,0.0
2024-12-13 04:13:00-05:00,138.53,138.56,138.41,138.44,0,0.0,0.0
2024-12-13 04:14:00-05:00,138.44,138.53,138.43,138.5,0,0.0,0.0
2024-12-13 04:15:00-05:00,138.5,138.63,138.5,138.5,0,0.0,0.0
2024-12-13 04:16:00-05:00,138.52,138.52,138.35,138.44,0,0.0,0.0
2024-12-13 04:17:00-05:00,138.4,138.42,138.31,138.42,0,0.0,0.0
2024-12-13 04:18:00-05:00,138.4,138.41,138.4,138.41,0,0.0,0.0
2024-12-13 04:19:00-05:00,138.44,138.5,138.31,138.34,0,0.0,0.0
2024-12-13 04:20:00-05:00,138.32,138.42,138.27,138.31,0,0.0,0.0
2024-12-13 04:21:00-05:00,138.28,138.29,138.19,138.19,0,0.0,0.0
2024-12-13 04:22:00-05:00,138.16,138.28,138.13,138.28,0,0.0,0.0
2024-12-13 04:23:00-05:00,138.23,138.29,138.23,138.29,0,0.0,0.0
2024-12-13 04:24:00-05:00,138.29,138.44,138.26,138.44,0,0.0,0.0
2024-12-13 04:25:00-05:00,138.42,138.45,138.41,138.44,0,0.0,0.0
2024-12-13 04:26:00-05:00,138.42,138.48,138.4,138.46,0,0.0,0.0
2024-12-13 04:27:00-05:00,138.5,138.6,138.5,138.57,0,0.0,0.0
2024-12-13 04:28:00-05:00,138.56,138.56,138.42,138.53,0,0.0,0.0
2024-12-13 04:29:00-05:00,138.54,138.54,138.53,138.53,0,0.0,0.0
2024-12-13 04:30:00-05:00,138.5,138.5,138.43,138.45,0,0.0,0.0
2024-12-13 04:31:00-05:00,138.46,138.46,138.44,138.46,0,0.0,0.0
2024-12-13 04:32:00-05:00,138.46,138.48,138.44,138.46,0,0.0,0.0
2024-12-13 04:33:00-05:00,138.45,138.51,138.45,138.51,0,0.0,0.0
2024-12-13 04:34:00-05:00,138.51,138.67,138.51,138.6,0,0.0,0.0
2024-12-13 04:35:00-05:00,138.56,138.58,138.56,138.57,0,0.0,0.0
2024-12-13 04:36:00-05:00,138.55,138.58,138.49,138.49,0,0.0,0.0
2024-12-13 04:37:00-05:00,138.49,138.57,138.49,138.57,0,0.0,0.0
2024-12-13 04:38:00-05:00,138.54,138.58,138.54,138.57,0,0.0,0.0
2024-12-13 04:39:00-05:00,138.52,138.59,138.52,138.59,0,0.0,0.0
2024-12-13 04:40:00-05:00,138.58,138.66,138.58,138.66,0,0.0,0.0
2024-12-13 04:41:00-05:00,138.62,138.67,138.61,138.61,0,0.0,0.0
2024-12-13 04:42:00-05:00,138.66,138.66,138.58,138.58,0,0.0,0.0
2024-12-13 04:43:00-05:00,138.6,138.65,138.6,138.64,0,0.0,0.0
2024-12-13 04:44:00-05:00,138.64,138.75,138.64,138.66,0,0.0,0.0
2024-12-13 04:45:00-05:00,138.66,138.71,138.66,138.7,0,0.0,0.0
2024-12-13 04:46:00-05:00,138.7,138.8,138.67,138.73,0,0.0,0.0
2024-12-13 04:47:00-05:00,138.73,138.76,138.72,138.74,0,0.0,0.0
2024-12-13 04:48:00-05:00,138.73,138.95,138.71,138.91,0,0.0,0.0
2024-12-13 04:49:00-05:00,138.91,138.91,138.87,138.88,0,0.0,0.0
2024-12-13 04:50:00-05:00,138.89,138.91,138.82,138.82,0,0.0,0.0
2024-12-13 04:51:00-05:00,138.84,138.93,138.82,138.93,0,0.0,0.0
2024-12-13 04:52:00-05:00,138.9,138.94,138.87,138.94,0,0.0,0.0
2024-12-13 04:53:00-05:00,138.94,138.99,138.94,138.94,0,0.0,0.0
2024-12-13 04:54:00-05:00,138.96,138.97,138.92,138.94,0,0.0,0.0
2024-12-13 04:55:00-05:00,138.89,138.9,138.83,138.85,0,0.0,0.0
2024-12-13 04:56:00-05:00,138.87,138.92,138.87,138.92,0,0.0,0.0
2024-12-13 04:57:00-05:00,138.9,138.9,138.84,138.84,0,0.0,0.0
2024-12-13 04:58:00-05:00,138.82,138.82,138.8,138.8,0,0.0,0.0
2024-12-13 04:59:00-05:00,138.8,138.82,138.8,138.82,0,0.0,0.0
2024-12-13 05:00:00-05:00,138.87,138.87,138.69,138.7,0,0.0,0.0
2024-12-13 05:01:00-05:00,138.73,138.8,138.73,138.78,0,0.0,0.0
2024-12-13 05:02:00-05:00,138.77,138.85,138.77,138.85,0,0.0,0.0
2024-12-13 05:03:00-05:00,138.85,138.89,138.85,138.89,0,0.0,0.0
2024-12-13 05:04:00-05:00,138.84,138.91,138.84,138.91,0,0.0,0.0
2024-12-13 05:05:00-05:00,138.93,138.95,138.92,138.92,0,0.0,0.0
2024-12-13 05:06:00-05:00,138.94,138.94,138.92,138.94,0,0.0,0.0
2024-12-13 05:07:00-05:00,138.98,138.98,138.92,138.94,0,0.0,0.0
2024-12-13 05:08:00-05:00,138.96,138.99,138.95,138.95,0,0.0,0.0
2024-12-13 05:09:00-05:00,138.94,138.94,138.86,138.86,0,0.0,0.0
2024-12-13 05:10:00-05:00,138.86,138.86,138.82,138.86,0,0.0,0.0
2024-12-13 05:12:00-05:00,138.87,138.87,138.83,138.83,0,0.0,0.0
2024-12-13 05:13:00-05:00,138.87,138.87,138.86,138.87,0,0.0,0.0
2024-12-13 05:14:00-05:00,138.87,138.89,138.85,138.85,0,0.0,0.0
2024-12-13 05:15:00-05:00,138.8,138.82,138.72,138.78,0,0.0,0.0
2024-12-13 05:16:00-05:00,138.78,138.79,138.78,138.78,0,0.0,0.0
2024-12-13 05:17:00-05:00,138.79,138.79,138.74,138.77,0,0.0,0.0
2024-12-13 05:18:00-05:00,138.76,138.78,138.76,138.78,0,0.0,0.0
2024-12-13 05:19:00-05:00,138.77,138.77,138.72,138.74,0,0.0,0.0
2024-12-13 05:20:00-05:00,138.76,138.78,138.75,138.78,0,0.0,0.0
2024-12-13 05:21:00-05:00,138.79,138.85,138.79,138.84,0,0.0,0.0
2024-12-13 05:22:00-05:00,138.86,138.86,138.8,138.81,0,0.0,0.0
2024-12-13 05:23:00-05:00,138.8,138.82,138.8,138.82,0,0.0,0.0
2024-12-13 05:24:00-05:00,138.81,138.81,138.77,138.77,0,0.0,0.0
2024-12-13 05:25:00-05:00,138.79,138.8,138.79,138.8,0,0.0,0.0
2024-12-13 05:26:00-05:00,138.81,138.81,138.79,138.8,0,0.0,0.0
2024-12-13 05:27:00-05:00,138.83,138.83,138.81,138.81,0,0.0,0.0
2024-12-13 05:28:00-05:00,138.81,138.84,138.81,138.84,0,0.0,0.0
2024-12-13 05:29:00-05:00,138.86,138.88,138.85,138.85,0,0.0,0.0
2024-12-13 05:30:00-05:00,138.87,138.87,138.81,138.81,0,0.0,0.0
2024-12-13 05:31:00-05:00,138.81,138.81,138.78,138.78,0,0.0,0.0
2024-12-13 05:32:00-05:00,138.8,138.8,138.79,138.79,0,0.0,0.0
2024-12-13 05:33:00-05:00,138.84,138.84,138.84,138.84,0,0.0,0.0
2024-12-13 05:34:00-05:00,138.86,138.88,138.85,138.85,0,0.0,0.0
2024-12-13 05:35:00-05:00,138.88,138.89,138.88,138.88,0,0.0,0.0
2024-12-13 05:36:00-05:00,138.89,138.89,138.89,138.89,0,0.0,0.0
2024-12-13 05:37:00-05:00,138.9,138.9,138.9,138.9,0,0.0,0.0
2024-12-13 05:38:00-05:00,138.9,138.96,138.9,138.96,0,0.0,0.0
2024-12-13 05:39:00-05:00,138.91,138.91,138.9,138.9,0,0.0,0.0
2024-12-13 05:40:00-05:00,138.9,138.93,138.9,138.9,0,0.0,0.0
2024-12-13 05:41:00-05:00,138.9,138.94,138.88,138.88,0,0.0,0.0
2024-12-13 05:42:00-05:00,138.88,138.91,138.86,138.91,0,0.0,0.0
2024-12-13 05:43:00-05:00,138.87,138.88,138.85,138.85,0,0.0,0.0
2024-12-13 05:44:00-05:00,138.85,138.85,138.73,138.75,0,0.0,0.0
2024-12-13 05:45:00-05:00,138.77,138.77,138.75,138.77,0,0.0,0.0
2024-12-13 05:46:00-05:00,138.76,138.78,138.76,138.78,0,0.0,0.0
2024-12-13 05:47:00-05:00,138.77,138.87,138.77,138.84,0,0.0,0.0
2024-12-13 05:48:00-05:00,138.84,138.85,138.84,138.85,0,0.0,0.0
2024-12-13 05:49:00-05:00,138.85,138.87,138.85,138.86,0,0.0,0.0
2024-12-13 05:50:00-05:00,138.86,138.86,138.84,138.86,0,0.0,0.0
2024-12-13 05:51:00-05:00,138.84,138.84,138.84,138.84,0,0.0,0.0
2024-12-13 05:52:00-05:00,138.86,138.88,138.86,138.88,0,0.0,0.0
2024-12-13 05:53:00-05:00,138.88,138.88,138.88,138.88,0,0.0,0.0
2024-12-13 05:54:00-05:00,138.88,138.88,138.84,138.84,0,0.0,0.0
2024-12-13 05:55:00-05:00,138.8,138.8,138.76,138.76,0,0.0,0.0
2024-12-13 05:56:00-05:00,138.75,138.83,138.75,138.83,0,0.0,0.0
2024-12-13 05:57:00-05:00,138.81,138.81,138.79,138.79,0,0.0,0.0
2024-12-13 05:58:00-05:00,138.82,138.82,138.82,138.82,0,0.0,0.0
2024-12-13 05:59:00-05:00,138.83,138.85,138.83,138.85,0,0.0,0.0
2024-12-13 06:00:00-05:00,138.88,138.88,138.79,138.79,0,0.0,0.0
2024-12-13 06:01:00-05:00,138.81,138.83,138.8,138.83,0,0.0,0.0
2024-12-13 06:02:00-05:00,138.78,138.78,138.77,138.77,0,0.0,0.0
2024-12-13 06:03:00-05:00,138.79,138.79,138.61,138.61,0,0.0,0.0
2024-12-13 06:04:00-05:00,138.6,138.7,138.6,138.7,0,0.0,0.0
2024-12-13 06:05:00-05:00,138.65,138.65,138.62,138.62,0,0.0,0.0
2024-12-13 06:06:00-05:00,138.63,138.71,138.63,138.69,0,0.0,0.0
2024-12-13 06:07:00-05:00,138.67,138.72,138.67,138.72,0,0.0,0.0
2024-12-13 06:08:00-05:00,138.76,138.8,138.71,138.71,0,0.0,0.0
2024-12-13 06:09:00-05:00,138.72,138.79,138.72,138.79,0,0.0,0.0
2024-12-13 06:10:00-05:00,138.73,138.73,138.73,138.73,0,0.0,0.0
2024-12-13 06:11:00-05:00,138.73,138.73,138.64,138.65,0,0.0,0.0
2024-12-13 06:12:00-05:00,138.68,138.72,138.67,138.69,0,0.0,0.0
2024-12-13 06:14:00-05:00,138.7,138.7,138.67,138.7,0,0.0,0.0
2024-12-13 06:15:00-05:00,138.7,138.7,138.7,138.7,0,0.0,0.0
2024-12-13 06:16:00-05:00,138.7,138.7,138.68,138.68,0,0.0,0.0
2024-12-13 06:17:00-05:00,138.71,138.78,138.71,138.78,0,0.0,0.0
2024-12-13 06:18:00-05:00,138.78,138.83,138.78,138.82,0,0.0,0.0
2024-12-13 06:19:00-05:00,138.83,138.85,138.83,138.84,0,0.0,0.0
2024-12-13 06:20:00-05:00,138.86,138.86,138.82,138.83,0,0.0,0.0
2024-12-13 06:21:00-05:00,138.85,138.85,138.8,138.8,0,0.0,0.0
2024-12-13 06:22:00-05:00,138.84,138.87,138.84,138.87,0,0.0,0.0
2024-12-13 06:23:00-05:00,138.86,138.9,138.86,138.9,0,0.0,0.0
2024-12-13 06:24:00-05:00,138.9,138.92,138.8,138.9,0,0.0,0.0
2024-12-13 06:25:00-05:00,138.89,138.89,138.89,138.89,0,0.0,0.0
2024-12-13 06:26:00-05:00,138.89,138.89,138.85,138.85,0,0.0,0.0
2024-12-13 06:27:00-05:00,138.87,138.87,138.8,138.82,0,0.0,0.0
2024-12-13 06:28:00-05:00,138.82,138.82,138.74,138.74,0,0.0,0.0
2024-12-13 06:29:00-05:00,138.75,138.75,138.75,138.75,0,0.0,0.0
2024-12-13 06:30:00-05:00,138.77,138.85,138.7,138.85,0,0.0,0.0
2024-12-13 06:31:00-05:00,138.82,138.84,138.77,138.77,0,0.0,0.0
2024-12-13 06:32:00-05:00,138.8,138.8,138.73,138.8,0,0.0,0.0
2024-12-13 06:33:00-05:00,138.79,138.8,138.77,138.79,0,0.0,0.0
2024-12-13 06:34:00-05:00,138.79,138.79,138.78,138.78,0,0.0,0.0
2024-12-13 06:35:00-05:00,138.79,138.79,138.79,138.79,0,0.0,0.0
2024-12-13 06:36:00-05:00,138.75,138.8,138.75,138.8,0,0.0,0.0
2024-12-13 06:37:00-05:00,138.73,138.79,138.73,138.79,0,0.0,0.0
2024-12-13 06:38:00-05:00,138.79,138.79,138.73,138.76,0,0.0,0.0
2024-12-13 06:39:00-05:00,138.73,138.73,138.64,138.64,0,0.0,0.0
2024-12-13 06:40:00-05:00,138.63,138.65,138.62,138.65,0,0.0,0.0
2024-12-13 06:41:00-05:00,138.66,138.7,138.66,138.7,0,0.0,0.0
2024-12-13 06:42:00-05:00,138.7,138.7,138.68,138.69,0,0.0,0.0
2024-12-13 06:43:00-05:00,138.7,138.74,138.7,138.71,0,0.0,0.0
2024-12-13 06:44:00-05:00,138.74,138.75,138.73,138.75,0,0.0,0.0
2024-12-13 06:45:00-05:00,138.75,138.75,138.72,138.74,0,0.0,0.0
2024-12-13 06:46:00-05:00,138.73,138.75,138.73,138.75,0,0.0,0.0
2024-12-13 06:47:00-05:00,138.75,138.75,138.68,138.68,0,0.0,0.0
2024-12-13 06:49:00-05:00,138.68,138.68,138.62,138.62,0,0.0,0.0
2024-12-13 06:50:00-05:00,138.63,138.66,138.63,138.66,0,0.0,0.0
2024-12-13 06:51:00-05:00,138.63,138.63,138.5,138.5,0,0.0,0.0
2024-12-13 06:52:00-05:00,138.52,138.57,138.49,138.57,0,0.0,0.0
2024-12-13 06:53:00-05:00,138.57,138.61,138.57,138.6,0,0.0,0.0
2024-12-13 06:54:00-05:00,138.58,138.61,138.57,138.57,0,0.0,0.0
2024-12-13 06:55:00-05:00,138.57,138.58,138.5,138.57,0,0.0,0.0
2024-12-13 06:56:00-05:00,138.56,138.56,138.56,138.56,0,0.0,0.0
2024-12-13 06:57:00-05:00,138.59,138.65,138.59,138.64,0,0.0,0.0
2024-12-13 06:58:00-05:00,138.61,138.61,138.57,138.57,0,0.0,0.0
2024-12-13 06:59:00-05:00,138.56,138.56,138.54,138.54,0,0.0,0.0
2024-12-13 07:00:00-05:00,138.56,138.79,138.56,138.79,0,0.0,0.0
2024-12-13 07:01:00-05:00,138.79,138.99,138.78,138.99,0,0.0,0.0
2024-12-13 07:02:00-05:00,138.99,139.04,138.91,139.0,0,0.0,0.0
2024-12-13 07:03:00-05:00,138.99,139.11,138.99,139.11,0,0.0,0.0
2024-12-13 07:04:00-05:00,139.1,139.1,138.85,138.89,0,0.0,0.0
2024-12-13 07:05:00-05:00,138.95,139.03,138.93,138.96,0,0.0,0.0
2024-12-13 07:06:00-05:00,138.98,139.01,138.98,139.01,0,0.0,0.0
2024-12-13 07:07:00-05:00,139.04,139.12,139.04,139.12,0,0.0,0.0
2024-12-13 07:08:00-05:00,139.12,139.15,139.1,139.1,0,0.0,0.0
2024-12-13 07:09:00-05:00,139.1,139.1,139.05,139.07,0,0.0,0.0
2024-12-13 07:10:00-05:00,139.1,139.1,139.06,139.08,0,0.0,0.0
2024-12-13 07:11:00-05:00,139.1,139.11,139.0,139.04,0,0.0,0.0
2024-12-13 07:12:00-05:00,139.0,139.02,138.93,139.02,0,0.0,0.0
2024-12-13 07:13:00-05:00,139.03,139.03,139.0,139.01,0,0.0,0.0
2024-12-13 07:14:00-05:00,139.03,139.08,139.03,139.07,0,0.0,0.0
2024-12-13 07:15:00-05:00,139.09,139.09,139.08,139.08,0,0.0,0.0
2024-12-13 07:16:00-05:00,139.1,139.11,139.08,139.08,0,0.0,0.0
2024-12-13 07:17:00-05:00,139.08,139.1,139.08,139.1,0,0.0,0.0
2024-12-13 07:18:00-05:00,139.08,139.1,139.07,139.07,0,0.0,0.0
2024-12-13 07:19:00-05:00,139.09,139.09,139.05,139.05,0,0.0,0.0
2024-12-13 07:20:00-05:00,139.08,139.1,139.05,139.05,0,0.0,0.0
2024-12-13 07:21:00-05:00,139.06,139.06,139.02,139.02,0,0.0,0.0
2024-12-13 07:22:00-05:00,139.06,139.1,139.05,139.07,0,0.0,0.0
2024-12-13 07:23:00-05:00,139.06,139.1,139.05,139.05,0,0.0,0.0
2024-12-13 07:24:00-05:00,139.06,139.07,139.02,139.05,0,0.0,0.0
2024-12-13 07:25:00-05:00,139.06,139.069,139.03,139.06,0,0.0,0.0
2024-12-13 07:26:00-05:00,139.09,139.1,139.07,139.08,0,0.0,0.0
2024-12-13 07:27:00-05:00,139.08,139.08,139.05,139.07,0,0.0,0.0
2024-12-13 07:28:00-05:00,139.08,139.08,139.06,139.08,0,0.0,0.0
2024-12-13 07:29:00-05:00,139.07,139.11,139.07,139.09,0,0.0,0.0
2024-12-13 07:30:00-05:00,139.09,139.09,139.07,139.07,0,0.0,0.0
2024-12-13 07:31:00-05:00,139.07,139.07,138.92,138.93,0,0.0,0.0
2024-12-13 07:32:00-05:00,138.99,139.03,138.94,139.03,0,0.0,0.0
2024-12-13 07:33:00-05:00,139.05,139.19,139.05,139.19,0,0.0,0.0
2024-12-13 07:34:00-05:00,139.2,139.29,139.2,139.27,0,0.0,0.0
2024-12-13 07:35:00-05:00,139.26,139.3,139.25,139.25,0,0.0,0.0
2024-12-13 07:36:00-05:00,139.28,139.32,139.27,139.31,0,0.0,0.0
2024-12-13 07:37:00-05:00,139.33,139.35,139.3,139.35,0,0.0,0.0
2024-12-13 07:38:00-05:00,139.34,139.37,139.3,139.31,0,0.0,0.0
2024-12-13 07:39:00-05:00,139.329,139.329,139.22,139.22,0,0.0,0.0
2024-12-13 07:40:00-05:00,139.24,139.3,139.24,139.3,0,0.0,0.0
2024-12-13 07:41:00-05:00,139.32,139.32,139.29,139.31,0,0.0,0.0
2024-12-13 07:42:00-05:00,139.3,139.33,139.27,139.27,0,0.0,0.0
2024-12-13 07:43:00-05:00,139.271,139.29,139.27,139.28,0,0.0,0.0
2024-12-13 07:44:00-05:00,139.3,139.31,139.21,139.21,0,0.0,0.0
2024-12-13 07:45:00-05:00,139.25,139.27,139.21,139.24,0,0.0,0.0
2024-12-13 07:46:00-05:00,139.23,139.25,139.21,139.22,0,0.0,0.0
2024-12-13 07:47:00-05:00,139.22,139.23,139.2,139.2,0,0.0,0.0
2024-12-13 07:48:00-05:00,139.2,139.2,139.17,139.199,0,0.0,0.0
2024-12-13 07:49:00-05:00,139.19,139.2,139.17,139.17,0,0.0,0.0
2024-12-13 07:50:00-05:00,139.19,139.19,139.18,139.18,0,0.0,0.0
2024-12-13 07:51:00-05:00,139.19,139.2,139.19,139.2,0,0.0,0.0
2024-12-13 07:52:00-05:00,139.29,139.35,139.29,139.33,0,0.0,0.0
2024-12-13 07:53:00-05:00,139.32,139.35,139.32,139.35,0,0.0,0.0
2024-12-13 07:54:00-05:00,139.35,139.37,139.31,139.33,0,0.0,0.0
2024-12-13 07:55:00-05:00,139.33,139.39,139.33,139.38,0,0.0,0.0
2024-12-13 07:56:00-05:00,139.38,139.39,139.36,139.38,0,0.0,0.0
2024-12-13 07:57:00-05:00,139.38,139.399,139.33,139.33,0,0.0,0.0
2024-12-13 07:58:00-05:00,139.33,139.34,139.32,139.32,0,0.0,0.0
2024-12-13 07:59:00-05:00,139.34,139.35,139.32,139.34,0,0.0,0.0
2024-12-13 08:00:00-05:00,138.74,139.5988,138.1283,139.32,0,0.0,0.0
2024-12-13 08:01:00-05:00,139.32,139.39,138.61,139.35,0,0.0,0.0
2024-12-13 08:02:00-05:00,139.35,139.35,139.31,139.31,0,0.0,0.0
2024-12-13 08:03:00-05:00,139.3102,139.35,139.31,139.31,0,0.0,0.0
2024-12-13 08:04:00-05:00,139.31,139.35,139.31,139.32,0,0.0,0.0
2024-12-13 08:05:00-05:00,139.33,139.38,137.34,139.35,0,0.0,0.0
2024-12-13 08:06:00-05:00,139.34,139.43,139.34,139.4297,0,0.0,0.0
2024-12-13 08:07:00-05:00,139.42,139.43,139.31,139.34,0,0.0,0.0
2024-12-13 08:08:00-05:00,139.31,139.37,139.28,139.35,0,0.0,0.0
2024-12-13 08:09:00-05:00,139.3401,139.37,139.33,139.3699,0,0.0,0.0
2024-12-13 08:10:00-05:00,139.3601,139.37,139.34,139.355,0,0.0,0.0
2024-12-13 08:11:00-05:00,139.3597,139.37,139.33,139.37,0,0.0,0.0
2024-12-13 08:12:00-05:00,139.36,139.37,139.33,139.35,0,0.0,0.0
2024-12-13 08:13:00-05:00,139.345,139.43,139.345,139.43,0,0.0,0.0
2024-12-13 08:14:00-05:00,139.41,139.49,139.41,139.48,0,0.0,0.0
2024-12-13 08:15:00-05:00,139.4601,139.55,139.44,139.55,0,0.0,0.0
2024-12-13 08:16:00-05:00,139.55,139.56,139.46,139.56,0,0.0,0.0
2024-12-13 08:17:00-05:00,139.56,139.56,139.49,139.53,0,0.0,0.0
2024-12-13 08:18:00-05:00,139.53,139.65,139.5,139.65,0,0.0,0.0
2024-12-13 08:19:00-05:00,139.65,139.73,139.59,139.63,0,0.0,0.0
2024-12-13 08:20:00-05:00,139.62,139.7,139.5952,139.69,0,0.0,0.0
2024-12-13 08:21:00-05:00,139.7,139.72,139.62,139.64,0,0.0,0.0
2024-12-13 08:22:00-05:00,139.61,139.68,139.57,139.6396,0,0.0,0.0
2024-12-13 08:23:00-05:00,139.64,139.69,139.6,139.63,0,0.0,0.0
2024-12-13 08:24:00-05:00,139.6,139.63,139.6,139.61,0,0.0,0.0
2024-12-13 08:25:00-05:00,139.62,139.65,139.6,139.65,0,0.0,0.0
2024-12-13 08:26:00-05:00,139.645,139.69,139.63,139.6698,0,0.0,0.0
2024-12-13 08:27:00-05:00,139.67,139.7299,139.66,139.705,0,0.0,0.0
2024-12-13 08:28:00-05:00,139.705,139.8,139.7,139.8,0,0.0,0.0
2024-12-13 08:29:00-05:00,139.7999,139.82,139.77,139.78,0,0.0,0.0
2024-12-13 08:30:00-05:00,139.78,139.79,139.68,139.78,0,0.0,0.0
2024-12-13 08:31:00-05:00,139.75,139.85,139.74,139.85,0,0.0,0.0
2024-12-13 08:32:00-05:00,139.84,139.85,139.73,139.73,0,0.0,0.0
2024-12-13 08:33:00-05:00,139.74,139.85,139.73,139.8492,0,0.0,0.0
2024-12-13 08:34:00-05:00,139.84,139.915,139.82,139.915,0,0.0,0.0
2024-12-13 08:35:00-05:00,139.9109,139.98,139.9109,139.96,0,0.0,0.0
2024-12-13 08:36:00-05:00,139.98,139.98,139.87,139.9799,0,0.0,0.0
2024-12-13 08:37:00-05:00,139.9701,139.98,139.88,139.94,0,0.0,0.0
2024-12-13 08:38:00-05:00,139.94,139.94,139.79,139.81,0,0.0,0.0
2024-12-13 08:39:00-05:00,139.8099,139.82,139.66,139.68,0,0.0,0.0
2024-12-13 08:40:00-05:00,139.6799,139.68,139.63,139.68,0,0.0,0.0
2024-12-13 08:41:00-05:00,139.67,139.68,139.66,139.67,0,0.0,0.0
2024-12-13 08:42:00-05:00,139.67,139.68,139.58,139.605,0,0.0,0.0
2024-12-13 08:43:00-05:00,139.6,139.68,139.59,139.68,0,0.0,0.0
2024-12-13 08:44:00-05:00,139.68,139.68,139.66,139.68,0,0.0,0.0
2024-12-13 08:45:00-05:00,139.68,139.68,139.62,139.64,0,0.0,0.0
2024-12-13 08:46:00-05:00,139.64,139.68,139.6101,139.67,0,0.0,0.0
2024-12-13 08:47:00-05:00,139.6799,139.68,139.65,139.68,0,0.0,0.0
2024-12-13 08:48:00-05:00,139.67,139.68,139.66,139.6799,0,0.0,0.0
2024-12-13 08:49:00-05:00,139.68,139.68,139.63,139.675,0,0.0,0.0
2024-12-13 08:50:00-05:00,139.65,139.68,139.6,139.6264,0,0.0,0.0
2024-12-13 08:51:00-05:00,139.61,139.65,139.6,139.64,0,0.0,0.0
2024-12-13 08:52:00-05:00,139.65,139.66,139.58,139.61,0,0.0,0.0
2024-12-13 08:53:00-05:00,139.61,139.67,139.585,139.64,0,0.0,0.0
2024-12-13 08:54:00-05:00,139.64,139.88,139.63,139.86,0,0.0,0.0
2024-12-13 08:55:00-05:00,139.8502,139.88,139.75,139.79,0,0.0,0.0
2024-12-13 08:56:00-05:00,139.79,139.82,139.73,139.81,0,0.0,0.0
2024-12-13 08:57:00-05:00,139.8,139.84,139.74,139.84,0,0.0,0.0
2024-12-13 08:58:00-05:00,139.85,139.86,139.81,139.84,0,0.0,0.0
2024-12-13 08:59:00-05:00,139.84,139.88,139.8206,139.88,0,0.0,0.0
2024-12-13 09:00:00-05:00,139.87,139.88,139.7997,139.83,0,0.0,0.0
2024-12-13 09:01:00-05:00,139.82,139.83,136.615,139.825,0,0.0,0.0
2024-12-13 09:02:00-05:00,136.505,139.83,136.505,139.74,0,0.0,0.0
2024-12-13 09:03:00-05:00,139.75,139.82,139.74,139.77,0,0.0,0.0
2024-12-13 09:04:00-05:00,139.77,139.8,139.71,139.721,0,0.0,0.0
2024-12-13 09:05:00-05:00,139.75,139.76,139.6,139.63,0,0.0,0.0
2024-12-13 09:06:00-05:00,139.65,139.66,139.54,139.64,0,0.0,0.0
2024-12-13 09:07:00-05:00,139.66,139.7,139.65,139.65,0,0.0,0.0
2024-12-13 09:08:00-05:00,139.67,139.81,139.65,139.75,0,0.0,0.0
2024-12-13 09:09:00-05:00,139.75,139.7999,139.7327,139.7327,0,0.0,0.0
2024-12-13 09:10:00-05:00,139.77,139.77,139.63,139.63,0,0.0,0.0
2024-12-13 09:11:00-05:00,139.64,139.65,139.46,139.525,0,0.0,0.0
2024-12-13 09:12:00-05:00,139.52,139.6,139.5,139.59,0,0.0,0.0
2024-12-13 09:13:00-05:00,139.5899,139.59,139.55,139.56,0,0.0,0.0
2024-12-13 09:14:00-05:00,139.5505,139.58,139.39,139.465,0,0.0,0.0
2024-12-13 09:15:00-05:00,139.4706,139.52,139.4,139.45,0,0.0,0.0
2024-12-13 09:16:00-05:00,139.45,139.49,139.33,139.33,0,0.0,0.0
2024-12-13 09:17:00-05:00,139.3399,139.4,139.3,139.38,0,0.0,0.0
2024-12-13 09:18:00-05:00,139.37,139.39,139.31,139.315,0,0.0,0.0
2024-12-13 09:19:00-05:00,139.32,139.54,139.31,139.3999,0,0.0,0.0
2024-12-13 09:20:00-05:00,139.39,139.4,139.38,139.4,0,0.0,0.0
2024-12-13 09:21:00-05:00,139.4,139.4,139.33,139.4,0,0.0,0.0
2024-12-13 09:22:00-05:00,139.4,139.4,139.34,139.395,0,0.0,0.0
2024-12-13 09:23:00-05:00,139.395,139.43,139.35,139.4,0,0.0,0.0
2024-12-13 09:24:00-05:00,139.4,139.48,139.38,139.48,0,0.0,0.0
2024-12-13 09:25:00-05:00,139.42,139.45,139.09,139.35,0,0.0,0.0
2024-12-13 09:26:00-05:00,139.3403,139.35,139.2,139.2,0,0.0,0.0
2024-12-13 09:27:00-05:00,139.2003,139.24,138.8,138.96,0,0.0,0.0
2024-12-13 09:28:00-05:00,138.94,138.98,138.75,138.96,0,0.0,0.0
2024-12-13 09:29:00-05:00,138.95,138.99,138.89,138.89,0,0.0,0.0
2024-12-13 09:30:00-05:00,139.0,139.4499969482422,138.61000061035156,139.33670043945312,8831471,0.0,0.0
2024-12-13 09:31:00-05:00,139.32000732421875,139.60000610351562,138.88999938964844,139.5,979156,0.0,0.0
2024-12-13 09:32:00-05:00,139.48500061035156,139.5399932861328,138.74000549316406,138.85000610351562,982288,0.0,0.0
2024-12-13 09:33:00-05:00,138.82000732421875,139.11000061035156,138.39999389648438,138.4136962890625,1032050,0.0,0.0
2024-12-13 09:34:00-05:00,138.414794921875,138.5399932861328,138.02999877929688,138.2100067138672,1121227,0.0,0.0
2024-12-13 09:35:00-05:00,138.1999969482422,138.44000244140625,138.02999877929688,138.16799926757812,911124,0.0,0.0
2024-12-13 09:36:00-05:00,138.16000366210938,138.9600067138672,138.14999389648438,138.8300018310547,1173656,0.0,0.0
2024-12-13 09:37:00-05:00,138.82009887695312,138.9600067138672,138.42999267578125,138.50999450683594,799393,0.0,0.0
2024-12-13 09:38:00-05:00,138.50999450683594,138.5500030517578,137.91000366210938,137.9499053955078,959866,0.0,0.0
2024-12-13 09:39:00-05:00,137.9311065673828,138.02999877929688,137.67529296875,137.80999755859375,1143614,0.0,0.0
2024-12-13 09:40:00-05:00,137.83999633789062,137.99000549316406,137.5,137.50999450683594,987197,0.0,0.0
2024-12-13 09:41:00-05:00,137.50999450683594,137.97999572753906,137.48500061035156,137.73500061035156,963337,0.0,0.0
2024-12-13 09:42:00-05:00,137.72000122070312,137.99000549316406,137.7100067138672,137.8800048828125,687339,0.0,0.0
2024-12-13 09:43:00-05:00,137.8800048828125,138.13999938964844,137.8300018310547,138.11000061035156,781241,0.0,0.0
2024-12-13 09:44:00-05:00,138.11000061035156,138.2196044921875,137.85000610351562,138.19000244140625,766738,0.0,0.0
2024-12-13 09:45:00-05:00,138.17999267578125,138.52999877929688,138.16000366210938,138.42999267578125,887917,0.0,0.0
2024-12-13 09:46:00-05:00,138.43499755859375,138.5,138.25,138.3179931640625,503072,0.0,0.0
2024-12-13 09:47:00-05:00,138.2998046875,138.32000732421875,138.08999633789062,138.1300048828125,500732,0.0,0.0
2024-12-13 09:48:00-05:00,138.13999938964844,138.24899291992188,137.92999267578125,138.1199951171875,659937,0.0,0.0
2024-12-13 09:49:00-05:00,138.1300048828125,138.1999969482422,137.75,137.7993927001953,709586,0.0,0.0
2024-12-13 09:50:00-05:00,137.77999877929688,138.17999267578125,137.77999877929688,138.1699981689453,492905,0.0,0.0
2024-12-13 09:51:00-05:00,138.1678924560547,138.3000030517578,138.14010620117188,138.25450134277344,478112,0.0,0.0
2024-12-13 09:52:00-05:00,138.25010681152344,138.58999633789062,138.25010681152344,138.56959533691406,803068,0.0,0.0
2024-12-13 09:53:00-05:00,138.56500244140625,138.75,138.33160400390625,138.7111053466797,817844,0.0,0.0
2024-12-13 09:54:00-05:00,138.73309326171875,138.7550048828125,138.4199981689453,138.48609924316406,570365,0.0,0.0
2024-12-13 09:55:00-05:00,138.49000549316406,138.5050048828125,138.2100067138672,138.34719848632812,514624,0.0,0.0
2024-12-13 09:56:00-05:00,138.33999633789062,138.44000244140625,138.1999969482422,138.389892578125,407436,0.0,0.0
2024-12-13 09:57:00-05:00,138.41000366210938,138.57000732421875,138.3800048828125,138.55999755859375,465665,0.0,0.0
2024-12-13 09:58:00-05:00,138.5614013671875,138.8813018798828,138.54220581054688,138.74989318847656,809086,0.0,0.0
2024-12-13 09:59:00-05:00,138.75,138.91000366210938,138.75,138.8699951171875,503227,0.0,0.0
2024-12-13 10:00:00-05:00,138.8699951171875,139.10000610351562,138.8000030517578,139.00999450683594,1048257,0.0,0.0
2024-12-13 10:01:00-05:00,139.0,139.0,138.6999053955078,138.86520385742188,537404,0.0,0.0
2024-12-13 10:02:00-05:00,138.86390686035156,139.01919555664062,138.77000427246094,138.92010498046875,427479,0.0,0.0
2024-12-13 10:03:00-05:00,138.92010498046875,139.0500030517578,138.75,138.8300018310547,423589,0.0,0.0
2024-12-13 10:04:00-05:00,138.82000732421875,138.82989501953125,138.5399932861328,138.7100067138672,534090,0.0,0.0
2024-12-13 10:05:00-05:00,138.7239990234375,138.8885040283203,138.5800018310547,138.60000610351562,354135,0.0,0.0
2024-12-13 10:06:00-05:00,138.61000061035156,138.63999938964844,138.27000427246094,138.3679962158203,674939,0.0,0.0
2024-12-13 10:07:00-05:00,138.375,138.49000549316406,137.97000122070312,138.15289306640625,678367,0.0,0.0
2024-12-13 10:08:00-05:00,138.16000366210938,138.3300018310547,138.0500030517578,138.3000030517578,539132,0.0,0.0
2024-12-13 10:09:00-05:00,138.31959533691406,138.31959533691406,138.16000366210938,138.25,301428,0.0,0.0
2024-12-13 10:10:00-05:00,138.24000549316406,138.49000549316406,138.24000549316406,138.33189392089844,428200,0.0,0.0
2024-12-13 10:11:00-05:00,138.3300018310547,138.50999450683594,138.2615966796875,138.4199981689453,392523,0.0,0.0
2024-12-13 10:12:00-05:00,138.4250030517578,138.4499969482422,138.25999450683594,138.35000610351562,397728,0.0,0.0
2024-12-13 10:13:00-05:00,138.33580017089844,138.4499969482422,138.27999877929688,138.35000610351562,276358,0.0,0.0
2024-12-13 10:14:00-05:00,138.36000061035156,138.39999389648438,138.1999969482422,138.21499633789062,348361,0.0,0.0
2024-12-13 10:15:00-05:00,138.22000122070312,138.23500061035156,138.0500030517578,138.1300048828125,531938,0.0,0.0
2024-12-13 10:16:00-05:00,138.1199951171875,138.1324005126953,137.85000610351562,138.00999450683594,688425,0.0,0.0
2024-12-13 10:17:00-05:00,138.02239990234375,138.10000610351562,137.86500549316406,137.9600067138672,669821,0.0,0.0
2024-12-13 10:18:00-05:00,137.96090698242188,137.97999572753906,137.75,137.78500366210938,490194,0.0,0.0
2024-12-13 10:19:00-05:00,137.79989624023438,137.86000061035156,137.69000244140625,137.75979614257812,591910,0.0,0.0
2024-12-13 10:20:00-05:00,137.75999450683594,138.00999450683594,137.75,137.97999572753906,508445,0.0,0.0
2024-12-13 10:21:00-05:00,138.0,138.0500030517578,137.72000122070312,137.7321014404297,530343,0.0,0.0
2024-12-13 10:22:00-05:00,137.73199462890625,137.7449951171875,137.41000366210938,137.53399658203125,896314,0.0,0.0
2024-12-13 10:23:00-05:00,137.52999877929688,137.58999633789062,137.3699951171875,137.57000732421875,533058,0.0,0.0
2024-12-13 10:24:00-05:00,137.57989501953125,137.69949340820312,137.25,137.33990478515625,737278,0.0,0.0
2024-12-13 10:25:00-05:00,137.3000030517578,137.31500244140625,136.9199981689453,136.97999572753906,1323447,0.0,0.0
2024-12-13 10:26:00-05:00,136.9700927734375,137.01499938964844,136.74000549316406,136.74000549316406,995896,0.0,0.0
2024-12-13 10:27:00-05:00,136.77000427246094,136.85000610351562,136.52000427246094,136.6999053955078,796022,0.0,0.0
2024-12-13 10:28:00-05:00,136.69000244140625,136.77000427246094,136.5800018310547,136.7100067138672,562428,0.0,0.0
2024-12-13 10:29:00-05:00,136.7050018310547,136.85000610351562,136.4499969482422,136.49000549316406,886464,0.0,0.0
2024-12-13 10:30:00-05:00,136.50999450683594,136.90980529785156,136.47999572753906,136.89990234375,606182,0.0,0.0
2024-12-13 10:31:00-05:00,136.8800048828125,137.0,136.7899932861328,136.8000030517578,590041,0.0,0.0
2024-12-13 10:32:00-05:00,136.79010009765625,136.80999755859375,136.5312957763672,136.61000061035156,406613,0.0,0.0
2024-12-13 10:33:00-05:00,136.6199951171875,136.64999389648438,136.4199981689453,136.42999267578125,705743,0.0,0.0
2024-12-13 10:34:00-05:00,136.42999267578125,136.6699981689453,136.3699951171875,136.5500030517578,594846,0.0,0.0
2024-12-13 10:35:00-05:00,136.5500030517578,136.6699981689453,136.39999389648438,136.4600067138672,451565,0.0,0.0
2024-12-13 10:36:00-05:00,136.45379638671875,136.60000610351562,136.3699951171875,136.4600067138672,447350,0.0,0.0
2024-12-13 10:37:00-05:00,136.4499969482422,136.4597930908203,136.02999877929688,136.14999389648438,871131,0.0,0.0
2024-12-13 10:38:00-05:00,136.14599609375,136.23809814453125,136.0,136.0500030517578,683658,0.0,0.0
2024-12-13 10:39:00-05:00,136.04010009765625,136.15989685058594,136.02999877929688,136.12179565429688,407457,0.0,0.0
2024-12-13 10:40:00-05:00,136.1365966796875,136.22999572753906,135.8000030517578,135.88999938964844,1346301,0.0,0.0
2024-12-13 10:41:00-05:00,135.8905029296875,136.00979614257812,135.77999877929688,135.8000030517578,725465,0.0,0.0
2024-12-13 10:42:00-05:00,135.8011932373047,135.8800048828125,135.55999755859375,135.61000061035156,947083,0.0,0.0
2024-12-13 10:43:00-05:00,135.6300048828125,135.64999389648438,135.42999267578125,135.60000610351562,1039716,0.0,0.0
2024-12-13 10:44:00-05:00,135.60000610351562,135.77499389648438,135.57009887695312,135.74000549316406,726049,0.0,0.0
2024-12-13 10:45:00-05:00,135.72999572753906,135.7899932861328,135.44000244140625,135.50010681152344,793379,0.0,0.0
2024-12-13 10:46:00-05:00,135.47000122070312,135.67999267578125,135.44009399414062,135.55999755859375,652831,0.0,0.0
2024-12-13 10:47:00-05:00,135.55650329589844,135.60000610351562,135.3699951171875,135.39230346679688,723247,0.0,0.0
2024-12-13 10:48:00-05:00,135.40980529785156,135.92999267578125,135.38999938964844,135.9199981689453,812954,0.0,0.0
2024-12-13 10:49:00-05:00,135.875,136.0699005126953,135.875,136.02999877929688,844748,0.0,0.0
2024-12-13 10:50:00-05:00,136.02000427246094,136.0399932861328,135.83059692382812,135.868896484375,477656,0.0,0.0
2024-12-13 10:51:00-05:00,135.86599731445312,135.94000244140625,135.59080505371094,135.60020446777344,499835,0.0,0.0
2024-12-13 10:52:00-05:00,135.61000061035156,135.7299041748047,135.27999877929688,135.3000030517578,642970,0.0,0.0
2024-12-13 10:53:00-05:00,135.30499267578125,135.38999938964844,135.07000732421875,135.37989807128906,876064,0.0,0.0
2024-12-13 10:54:00-05:00,135.36849975585938,135.4600067138672,135.1199951171875,135.22000122070312,546325,0.0,0.0
2024-12-13 10:55:00-05:00,135.24000549316406,135.33999633789062,135.07000732421875,135.08999633789062,557125,0.0,0.0
2024-12-13 10:56:00-05:00,135.0800018310547,135.13999938964844,135.0,135.01010131835938,1006184,0.0,0.0
2024-12-13 10:57:00-05:00,135.00999450683594,135.19000244140625,134.7100067138672,134.78990173339844,2412265,0.0,0.0
2024-12-13 10:58:00-05:00,134.77999877929688,134.86500549316406,134.5399932861328,134.5500030517578,1153361,0.0,0.0
2024-12-13 10:59:00-05:00,134.52999877929688,134.64999389648438,134.02999877929688,134.16000366210938,1852945,0.0,0.0
2024-12-13 11:00:00-05:00,134.14999389648438,134.27999877929688,133.8000030517578,133.9949951171875,1865757,0.0,0.0
2024-12-13 11:01:00-05:00,133.99989318847656,134.00999450683594,133.61000061035156,133.80149841308594,1185478,0.0,0.0
2024-12-13 11:02:00-05:00,133.8000030517578,134.07000732421875,133.7100067138672,133.98500061035156,1225906,0.0,0.0
2024-12-13 11:03:00-05:00,133.9810028076172,134.17999267578125,133.91000366210938,134.10499572753906,998991,0.0,0.0
2024-12-13 11:04:00-05:00,134.11000061035156,134.19900512695312,133.75999450683594,133.85989379882812,1050800,0.0,0.0
2024-12-13 11:05:00-05:00,133.85989379882812,134.0399932861328,133.80999755859375,133.99000549316406,603473,0.0,0.0
2024-12-13 11:06:00-05:00,133.98370361328125,134.11000061035156,133.60000610351562,133.7100067138672,1067158,0.0,0.0
2024-12-13 11:07:00-05:00,133.72500610351562,133.77999877929688,133.1300048828125,133.1699981689453,1628171,0.0,0.0
2024-12-13 11:08:00-05:00,133.17999267578125,133.25990295410156,132.5399932861328,132.6199951171875,2610084,0.0,0.0
2024-12-13 11:09:00-05:00,132.61500549316406,133.17999267578125,132.57240295410156,133.1678924560547,1484547,0.0,0.0
2024-12-13 11:10:00-05:00,133.14999389648438,133.25,132.85000610351562,132.88999938964844,1335797,0.0,0.0
2024-12-13 11:11:00-05:00,132.9199981689453,133.16000366210938,132.77000427246094,132.97000122070312,1091359,0.0,0.0
2024-12-13 11:12:00-05:00,132.97000122070312,133.08999633789062,132.69000244140625,132.9351043701172,1137173,0.0,0.0
2024-12-13 11:13:00-05:00,132.94000244140625,132.97999572753906,132.60000610351562,132.89500427246094,812442,0.0,0.0
2024-12-13 11:14:00-05:00,132.88999938964844,133.08999633789062,132.75999450683594,133.0,910012,0.0,0.0
2024-12-13 11:15:00-05:00,133.04629516601562,133.35000610351562,132.99000549316406,133.30999755859375,1301059,0.0,0.0
2024-12-13 11:16:00-05:00,133.29989624023438,133.39500427246094,133.1999969482422,133.36070251464844,911279,0.0,0.0
2024-12-13 11:17:00-05:00,133.36990356445312,133.49000549316406,133.3000030517578,133.4600067138672,865928,0.0,0.0
2024-12-13 11:18:00-05:00,133.4698944091797,133.82000732421875,133.39999389648438,133.77980041503906,968305,0.0,0.0
2024-12-13 11:19:00-05:00,133.76010131835938,133.93499755859375,133.74000549316406,133.91189575195312,784346,0.0,0.0
2024-12-13 11:20:00-05:00,133.9199981689453,133.92999267578125,133.55999755859375,133.72210693359375,909750,0.0,0.0
2024-12-13 11:21:00-05:00,133.72999572753906,133.73989868164062,133.38999938964844,133.41990661621094,666735,0.0,0.0
2024-12-13 11:22:00-05:00,133.41009521484375,133.69000244140625,133.38999938964844,133.66819763183594,759839,0.0,0.0
2024-12-13 11:23:00-05:00,133.66000366210938,133.72000122070312,133.52000427246094,133.5500030517578,608808,0.0,0.0
2024-12-13 11:24:00-05:00,133.5552978515625,133.6300048828125,133.44000244140625,133.60000610351562,544922,0.0,0.0
2024-12-13 11:25:00-05:00,133.58999633789062,133.61000061035156,133.06500244140625,133.08090209960938,870355,0.0,0.0
2024-12-13 11:26:00-05:00,133.0850067138672,133.1199951171875,132.87010192871094,132.89990234375,1083888,0.0,0.0
2024-12-13 11:27:00-05:00,132.89500427246094,133.0800018310547,132.8800048828125,133.00999450683594,595829,0.0,0.0
2024-12-13 11:28:00-05:00,133.01820373535156,133.0998992919922,132.88999938964844,132.99000549316406,543407,0.0,0.0
2024-12-13 11:29:00-05:00,133.0,133.07000732421875,132.91400146484375,132.9499969482422,398334,0.0,0.0
2024-12-13 11:30:00-05:00,132.9517059326172,133.19000244140625,132.93499755859375,133.0998992919922,610753,0.0,0.0
2024-12-13 11:31:00-05:00,133.08999633789062,133.27999877929688,133.08999633789062,133.26919555664062,859637,0.0,0.0
2024-12-13 11:32:00-05:00,133.25999450683594,133.49000549316406,133.1699981689453,133.44000244140625,653000,0.0,0.0
2024-12-13 11:33:00-05:00,133.42999267578125,133.639892578125,133.35000610351562,133.61000061035156,836242,0.0,0.0
2024-12-13 11:34:00-05:00,133.61000061035156,133.75,133.55999755859375,133.73809814453125,682078,0.0,0.0
2024-12-13 11:35:00-05:00,133.72999572753906,133.7949981689453,133.55209350585938,133.75999450683594,532232,0.0,0.0
2024-12-13 11:36:00-05:00,133.75,133.9600067138672,133.75,133.8419952392578,752305,0.0,0.0
2024-12-13 11:37:00-05:00,133.83999633789062,133.85000610351562,133.3800048828125,133.60000610351562,1036447,0.0,0.0
2024-12-13 11:38:00-05:00,133.5926055908203,133.8000030517578,133.5,133.77499389648438,516669,0.0,0.0
2024-12-13 11:39:00-05:00,133.77000427246094,133.78500366210938,133.4600067138672,133.49989318847656,515989,0.0,0.0
2024-12-13 11:40:00-05:00,133.4600067138672,133.4949951171875,133.17999267578125,133.29989624023438,705553,0.0,0.0
2024-12-13 11:41:00-05:00,133.3000030517578,133.44000244140625,133.1999969482422,133.4199981689453,634734,0.0,0.0
2024-12-13 11:42:00-05:00,133.41990661621094,133.69000244140625,133.25999450683594,133.67999267578125,469426,0.0,0.0
2024-12-13 11:43:00-05:00,133.6699981689453,133.82000732421875,133.6199951171875,133.7677001953125,506269,0.0,0.0
2024-12-13 11:44:00-05:00,133.75010681152344,133.80650329589844,133.52000427246094,133.52000427246094,499991,0.0,0.0
2024-12-13 11:45:00-05:00,133.53500366210938,133.55999755859375,133.4199981689453,133.4499053955078,495046,0.0,0.0
2024-12-13 11:46:00-05:00,133.4499053955078,133.5050048828125,133.10000610351562,133.1300048828125,647774,0.0,0.0
2024-12-13 11:47:00-05:00,133.1300048828125,133.27999877929688,132.89999389648438,133.25250244140625,912342,0.0,0.0
2024-12-13 11:48:00-05:00,133.25999450683594,133.61000061035156,133.25,133.60989379882812,491245,0.0,0.0
2024-12-13 11:49:00-05:00,133.59010314941406,133.75,133.52999877929688,133.60000610351562,482023,0.0,0.0
2024-12-13 11:50:00-05:00,133.60000610351562,133.67999267578125,133.47999572753906,133.52999877929688,407902,0.0,0.0
2024-12-13 11:51:00-05:00,133.53160095214844,133.77999877929688,133.52999877929688,133.75999450683594,486825,0.0,0.0
2024-12-13 11:52:00-05:00,133.76170349121094,133.82000732421875,133.6300048828125,133.70989990234375,384867,0.0,0.0
2024-12-13 11:53:00-05:00,133.7100067138672,133.80999755859375,133.6199951171875,133.69000244140625,496701,0.0,0.0
2024-12-13 11:54:00-05:00,133.67999267578125,133.6999969482422,133.4499969482422,133.5399932861328,411264,0.0,0.0
2024-12-13 11:55:00-05:00,133.55999755859375,133.61000061035156,133.35000610351562,133.41009521484375,447595,0.0,0.0
2024-12-13 11:56:00-05:00,133.42999267578125,133.47000122070312,133.2100067138672,133.26339721679688,487306,0.0,0.0
2024-12-13 11:57:00-05:00,133.25,133.35000610351562,133.13999938964844,133.2165985107422,575507,0.0,0.0
2024-12-13 11:58:00-05:00,133.2100067138672,133.4600067138672,133.14999389648438,133.41000366210938,426052,0.0,0.0
2024-12-13 11:59:00-05:00,133.41000366210938,133.6199951171875,133.3800048828125,133.5260009765625,419618,0.0,0.0
2024-12-13 12:00:00-05:00,133.52000427246094,133.69000244140625,133.5,133.6649932861328,436820,0.0,0.0
2024-12-13 12:01:00-05:00,133.6649932861328,133.80990600585938,133.49000549316406,133.75999450683594,492766,0.0,0.0
2024-12-13 12:02:00-05:00,133.76019287109375,133.9600067138672,133.702392578125,133.875,668419,0.0,0.0
2024-12-13 12:03:00-05:00,133.875,133.8863983154297,133.75,133.8000030517578,292091,0.0,0.0
2024-12-13 12:04:00-05:00,133.80099487304688,133.85000610351562,133.72999572753906,133.77220153808594,456531,0.0,0.0
2024-12-13 12:05:00-05:00,133.79800415039062,133.9779052734375,133.7899932861328,133.9257049560547,471737,0.0,0.0
2024-12-13 12:06:00-05:00,133.9199981689453,134.1197967529297,133.6999969482422,134.10260009765625,727964,0.0,0.0
2024-12-13 12:07:00-05:00,134.1199951171875,134.1199951171875,133.97999572753906,134.0529022216797,452649,0.0,0.0
2024-12-13 12:08:00-05:00,134.05999755859375,134.0695037841797,133.85000610351562,133.86000061035156,525499,0.0,0.0
2024-12-13 12:09:00-05:00,133.85870361328125,133.94000244140625,133.77499389648438,133.7899932861328,399504,0.0,0.0
2024-12-13 12:10:00-05:00,133.80499267578125,133.99989318847656,133.77999877929688,133.9199981689453,314609,0.0,0.0
2024-12-13 12:11:00-05:00,133.9199981689453,134.14999389648438,133.9199981689453,134.12100219726562,707103,0.0,0.0
2024-12-13 12:12:00-05:00,134.12139892578125,134.1300048828125,133.9801025390625,134.0399932861328,500683,0.0,0.0
2024-12-13 12:13:00-05:00,134.0399932861328,134.05999755859375,133.8699951171875,133.97000122070312,364493,0.0,0.0
2024-12-13 12:14:00-05:00,133.968505859375,133.97000122070312,133.82000732421875,133.8800048828125,294109,0.0,0.0
2024-12-13 12:15:00-05:00,133.86019897460938,133.94000244140625,133.860107421875,133.8896942138672,219554,0.0,0.0
2024-12-13 12:16:00-05:00,133.88499450683594,134.0,133.86000061035156,133.89149475097656,302059,0.0,0.0
2024-12-13 12:17:00-05:00,133.91000366210938,134.08999633789062,133.91000366210938,133.92999267578125,356625,0.0,0.0
2024-12-13 12:18:00-05:00,133.92999267578125,133.9600067138672,133.75999450683594,133.9600067138672,425760,0.0,0.0
2024-12-13 12:19:00-05:00,133.9575958251953,134.0500030517578,133.9199981689453,134.0,336600,0.0,0.0
2024-12-13 12:20:00-05:00,134.00990295410156,134.0998992919922,133.9499969482422,134.04629516601562,310300,0.0,0.0
2024-12-13 12:21:00-05:00,134.0364990234375,134.08999633789062,133.83999633789062,133.84010314941406,402130,0.0,0.0
2024-12-13 12:22:00-05:00,133.8699951171875,133.8699951171875,133.69000244140625,133.75100708007812,511955,0.0,0.0
2024-12-13 12:23:00-05:00,133.75,133.8000030517578,133.66000366210938,133.66099548339844,415658,0.0,0.0
2024-12-13 12:24:00-05:00,133.67990112304688,133.7100067138672,133.5,133.5,2171713,0.0,0.0
2024-12-13 12:25:00-05:00,133.50999450683594,133.5196990966797,133.27999877929688,133.38259887695312,717184,0.0,0.0
2024-12-13 12:26:00-05:00,133.375,133.4499969482422,133.25999450683594,133.3699951171875,346790,0.0,0.0
2024-12-13 12:27:00-05:00,133.38800048828125,133.38800048828125,133.24310302734375,133.2949981689453,373985,0.0,0.0
2024-12-13 12:28:00-05:00,133.2899932861328,133.3997039794922,133.25,133.3800048828125,254675,0.0,0.0
2024-12-13 12:29:00-05:00,133.389892578125,133.389892578125,133.25,133.27999877929688,354261,0.0,0.0
2024-12-13 12:30:00-05:00,133.3000030517578,133.35000610351562,133.1649932861328,133.24000549316406,418599,0.0,0.0
2024-12-13 12:31:00-05:00,133.2550048828125,133.32000732421875,133.1199951171875,133.1562042236328,330654,0.0,0.0
2024-12-13 12:32:00-05:00,133.14500427246094,133.1999053955078,133.0924072265625,133.15170288085938,364474,0.0,0.0
2024-12-13 12:33:00-05:00,133.16000366210938,133.2570037841797,133.0601043701172,133.2021026611328,350866,0.0,0.0
2024-12-13 12:34:00-05:00,133.2100067138672,133.35000610351562,133.19000244140625,133.26499938964844,357246,0.0,0.0
2024-12-13 12:35:00-05:00,133.26499938964844,133.30999755859375,133.19000244140625,133.2397003173828,273505,0.0,0.0
2024-12-13 12:36:00-05:00,133.23500061035156,133.25,132.92999267578125,132.92999267578125,995390,0.0,0.0
2024-12-13 12:37:00-05:00,132.92999267578125,133.00999450683594,132.85000610351562,132.94000244140625,536897,0.0,0.0
2024-12-13 12:38:00-05:00,132.92999267578125,133.1199951171875,132.91000366210938,133.10989379882812,401212,0.0,0.0
2024-12-13 12:39:00-05:00,133.10499572753906,133.22000122070312,133.06109619140625,133.1199951171875,338876,0.0,0.0
2024-12-13 12:40:00-05:00,133.12010192871094,133.13760375976562,132.8800048828125,133.0399932861328,429221,0.0,0.0
2024-12-13 12:41:00-05:00,133.0399932861328,133.1199951171875,132.9600067138672,133.10000610351562,287920,0.0,0.0
2024-12-13 12:42:00-05:00,133.10000610351562,133.22999572753906,133.0850067138672,133.1649932861328,422539,0.0,0.0
2024-12-13 12:43:00-05:00,133.1634063720703,133.32000732421875,133.07000732421875,133.2899932861328,431553,0.0,0.0
2024-12-13 12:44:00-05:00,133.2899932861328,133.3699951171875,133.25999450683594,133.2698974609375,318057,0.0,0.0
2024-12-13 12:45:00-05:00,133.25,133.2899932861328,133.16000366210938,133.2830047607422,283043,0.0,0.0
2024-12-13 12:46:00-05:00,133.27999877929688,133.2899932861328,133.1300048828125,133.14599609375,368812,0.0,0.0
2024-12-13 12:47:00-05:00,133.1405029296875,133.35000610351562,133.1300048828125,133.25,250757,0.0,0.0
2024-12-13 12:48:00-05:00,133.2449951171875,133.32000732421875,133.1999969482422,133.27890014648438,205049,0.0,0.0
2024-12-13 12:49:00-05:00,133.27000427246094,133.50250244140625,133.26499938964844,133.47999572753906,354475,0.0,0.0
2024-12-13 12:50:00-05:00,133.47129821777344,133.47999572753906,133.30999755859375,133.36000061035156,247611,0.0,0.0
2024-12-13 12:51:00-05:00,133.36000061035156,133.49000549316406,133.36000061035156,133.49000549316406,203963,0.0,0.0
2024-12-13 12:52:00-05:00,133.49000549316406,133.67990112304688,133.49000549316406,133.66000366210938,396470,0.0,0.0
2024-12-13 12:53:00-05:00,133.65499877929688,133.6699981689453,133.52999877929688,133.64500427246094,325955,0.0,0.0
2024-12-13 12:54:00-05:00,133.64500427246094,133.66000366210938,133.5500030517578,133.5850067138672,249419,0.0,0.0
2024-12-13 12:55:00-05:00,133.5800018310547,133.66000366210938,133.50999450683594,133.50999450683594,317524,0.0,0.0
2024-12-13 12:56:00-05:00,133.51100158691406,133.5800018310547,133.44000244140625,133.53500366210938,271332,0.0,0.0
2024-12-13 12:57:00-05:00,133.53970336914062,133.5800018310547,133.39999389648438,133.48080444335938,213198,0.0,0.0
2024-12-13 12:58:00-05:00,133.47999572753906,133.5800018310547,133.47000122070312,133.5782012939453,225930,0.0,0.0
2024-12-13 12:59:00-05:00,133.57000732421875,133.5800018310547,133.52000427246094,133.5200958251953,158151,0.0,0.0
2024-12-13 13:00:00-05:00,133.52999877929688,133.63980102539062,133.5,133.57000732421875,203617,0.0,0.0
2024-12-13 13:01:00-05:00,133.5800018310547,133.77000427246094,133.50999450683594,133.7545928955078,299979,0.0,0.0
2024-12-13 13:02:00-05:00,133.75,133.86000061035156,133.73989868164062,133.79119873046875,290928,0.0,0.0
2024-12-13 13:03:00-05:00,133.7949981689453,133.83999633789062,133.66000366210938,133.83999633789062,261899,0.0,0.0
2024-12-13 13:04:00-05:00,133.83999633789062,133.89950561523438,133.80050659179688,133.82029724121094,263163,0.0,0.0
2024-12-13 13:05:00-05:00,133.82080078125,133.8291015625,133.72999572753906,133.77999877929688,212828,0.0,0.0
2024-12-13 13:06:00-05:00,133.77090454101562,133.89999389648438,133.75999450683594,133.8800048828125,311330,0.0,0.0
2024-12-13 13:07:00-05:00,133.88499450683594,134.0198974609375,133.83999633789062,133.9600067138672,341833,0.0,0.0
2024-12-13 13:08:00-05:00,133.9499969482422,134.0,133.91000366210938,133.92999267578125,258345,0.0,0.0
2024-12-13 13:09:00-05:00,133.9300994873047,133.98500061035156,133.8800048828125,133.9250030517578,200452,0.0,0.0
2024-12-13 13:10:00-05:00,133.93800354003906,134.0500030517578,133.9250030517578,134.00100708007812,226036,0.0,0.0
2024-12-13 13:11:00-05:00,133.97999572753906,134.02999877929688,133.9600067138672,133.97999572753906,164229,0.0,0.0
2024-12-13 13:12:00-05:00,133.97999572753906,134.1199951171875,133.9499969482422,134.10000610351562,297518,0.0,0.0
2024-12-13 13:13:00-05:00,134.08999633789062,134.22000122070312,134.07009887695312,134.17529296875,353215,0.0,0.0
2024-12-13 13:14:00-05:00,134.17010498046875,134.17010498046875,134.05999755859375,134.07080078125,258570,0.0,0.0
2024-12-13 13:15:00-05:00,134.07000732421875,134.0749969482422,133.92999267578125,133.94960021972656,348994,0.0,0.0
2024-12-13 13:16:00-05:00,133.94239807128906,134.00999450683594,133.89999389648438,133.97000122070312,221292,0.0,0.0
2024-12-13 13:17:00-05:00,133.9600067138672,134.1199951171875,133.94000244140625,134.07000732421875,265889,0.0,0.0
2024-12-13 13:18:00-05:00,134.07000732421875,134.13999938964844,134.07000732421875,134.11000061035156,266896,0.0,0.0
2024-12-13 13:19:00-05:00,134.10499572753906,134.12550354003906,134.02000427246094,134.02479553222656,206644,0.0,0.0
2024-12-13 13:20:00-05:00,134.03250122070312,134.07000732421875,133.94000244140625,134.02999877929688,265503,0.0,0.0
2024-12-13 13:21:00-05:00,134.02340698242188,134.0399932861328,133.82000732421875,133.9001007080078,342575,0.0,0.0
2024-12-13 13:22:00-05:00,133.89999389648438,133.94000244140625,133.8000030517578,133.82850646972656,238149,0.0,0.0
2024-12-13 13:23:00-05:00,133.82009887695312,133.8863983154297,133.77999877929688,133.86000061035156,281372,0.0,0.0
2024-12-13 13:24:00-05:00,133.8592987060547,133.99989318847656,133.85000610351562,133.9311981201172,274322,0.0,0.0
2024-12-13 13:25:00-05:00,133.94000244140625,134.08999633789062,133.94000244140625,134.0749969482422,186254,0.0,0.0
2024-12-13 13:26:00-05:00,134.0749969482422,134.14999389648438,134.02090454101562,134.1199951171875,179062,0.0,0.0
2024-12-13 13:27:00-05:00,134.11000061035156,134.3406982421875,134.11000061035156,134.31500244140625,476667,0.0,0.0
2024-12-13 13:28:00-05:00,134.31500244140625,134.4600067138672,134.3000030517578,134.4550018310547,365842,0.0,0.0
2024-12-13 13:29:00-05:00,134.4499969482422,134.52999877929688,134.38999938964844,134.5294952392578,466285,0.0,0.0
2024-12-13 13:30:00-05:00,134.52499389648438,134.5500030517578,134.38499450683594,134.38999938964844,349964,0.0,0.0
2024-12-13 13:31:00-05:00,134.38009643554688,134.4499969482422,134.36500549316406,134.38839721679688,235827,0.0,0.0
2024-12-13 13:32:00-05:00,134.3800048828125,134.42999267578125,134.36000061035156,134.40960693359375,210630,0.0,0.0
2024-12-13 13:33:00-05:00,134.39999389648438,134.39999389648438,134.33999633789062,134.37899780273438,210449,0.0,0.0
2024-12-13 13:34:00-05:00,134.375,134.4199981689453,134.35299682617188,134.38429260253906,160319,0.0,0.0
2024-12-13 13:35:00-05:00,134.38999938964844,134.48989868164062,134.33999633789062,134.46180725097656,209929,0.0,0.0
2024-12-13 13:36:00-05:00,134.46319580078125,134.5876007080078,134.4499969482422,134.5,324525,0.0,0.0
2024-12-13 13:37:00-05:00,134.50399780273438,134.58999633789062,134.5,134.5500946044922,233199,0.0,0.0
2024-12-13 13:38:00-05:00,134.5583038330078,134.5583038330078,134.44000244140625,134.4949951171875,204802,0.0,0.0
2024-12-13 13:39:00-05:00,134.4949951171875,134.52499389648438,134.47000122070312,134.50999450683594,117454,0.0,0.0
2024-12-13 13:40:00-05:00,134.49009704589844,134.5500030517578,134.4600067138672,134.5500030517578,132241,0.0,0.0
2024-12-13 13:41:00-05:00,134.5498046875,134.5500030517578,134.44500732421875,134.4530029296875,181039,0.0,0.0
2024-12-13 13:42:00-05:00,134.45669555664062,134.4600067138672,134.25,134.25070190429688,431268,0.0,0.0
2024-12-13 13:43:00-05:00,134.2550048828125,134.35000610351562,134.24000549316406,134.30999755859375,235550,0.0,0.0
2024-12-13 13:44:00-05:00,134.30479431152344,134.36000061035156,134.27999877929688,134.2917938232422,121559,0.0,0.0
2024-12-13 13:45:00-05:00,134.2899932861328,134.34840393066406,134.25010681152344,134.2816925048828,218230,0.0,0.0
2024-12-13 13:46:00-05:00,134.2899932861328,134.2949981689453,134.22999572753906,134.2700958251953,169041,0.0,0.0
2024-12-13 13:47:00-05:00,134.27310180664062,134.4873046875,134.27000427246094,134.47999572753906,275702,0.0,0.0
2024-12-13 13:48:00-05:00,134.47970581054688,134.60499572753906,134.4600067138672,134.60000610351562,278484,0.0,0.0
2024-12-13 13:49:00-05:00,134.60000610351562,134.6199951171875,134.52999877929688,134.55979919433594,190420,0.0,0.0
2024-12-13 13:50:00-05:00,134.55999755859375,134.55999755859375,134.42999267578125,134.48989868164062,148722,0.0,0.0
2024-12-13 13:51:00-05:00,134.4897003173828,134.50999450683594,134.44000244140625,134.47000122070312,172044,0.0,0.0
2024-12-13 13:52:00-05:00,134.47500610351562,134.48629760742188,134.32000732421875,134.37770080566406,209064,0.0,0.0
2024-12-13 13:53:00-05:00,134.36000061035156,134.42999267578125,134.25999450683594,134.4001007080078,256512,0.0,0.0
2024-12-13 13:54:00-05:00,134.41000366210938,134.42999267578125,134.3800048828125,134.39100646972656,116429,0.0,0.0
2024-12-13 13:55:00-05:00,134.3990020751953,134.4149932861328,134.3000030517578,134.3582000732422,137069,0.0,0.0
2024-12-13 13:56:00-05:00,134.3574981689453,134.36000061035156,134.25,134.29879760742188,147352,0.0,0.0
2024-12-13 13:57:00-05:00,134.3000030517578,134.35000610351562,134.22999572753906,134.2449951171875,183408,0.0,0.0
2024-12-13 13:58:00-05:00,134.2449951171875,134.33999633789062,134.2100067138672,134.3000030517578,221744,0.0,0.0
2024-12-13 13:59:00-05:00,134.3000030517578,134.36000061035156,134.29010009765625,134.32640075683594,177046,0.0,0.0
2024-12-13 14:00:00-05:00,134.32000732421875,134.3300018310547,134.13999938964844,134.17010498046875,356554,0.0,0.0
2024-12-13 14:01:00-05:00,134.177001953125,134.22000122070312,134.07000732421875,134.07530212402344,325422,0.0,0.0
2024-12-13 14:02:00-05:00,134.07989501953125,134.13040161132812,133.9550018310547,133.9604034423828,396376,0.0,0.0
2024-12-13 14:03:00-05:00,133.97000122070312,134.11000061035156,133.9499969482422,134.00999450683594,269575,0.0,0.0
2024-12-13 14:04:00-05:00,134.0240936279297,134.06979370117188,133.960205078125,133.9958953857422,205908,0.0,0.0
2024-12-13 14:05:00-05:00,133.9949951171875,134.05999755859375,133.9508056640625,134.04750061035156,213713,0.0,0.0
2024-12-13 14:06:00-05:00,134.05029296875,134.1199951171875,134.02000427246094,134.0800018310547,225673,0.0,0.0
2024-12-13 14:07:00-05:00,134.09500122070312,134.13999938964844,134.0500946044922,134.1107940673828,180276,0.0,0.0
2024-12-13 14:08:00-05:00,134.1186065673828,134.14999389648438,134.10000610351562,134.10009765625,149570,0.0,0.0
2024-12-13 14:09:00-05:00,134.11500549316406,134.17250061035156,134.0850067138672,134.16000366210938,139440,0.0,0.0
2024-12-13 14:10:00-05:00,134.1510009765625,134.1999969482422,134.0800018310547,134.19650268554688,194154,0.0,0.0
2024-12-13 14:11:00-05:00,134.17999267578125,134.1999969482422,134.1199951171875,134.15460205078125,101261,0.0,0.0
2024-12-13 14:12:00-05:00,134.1649932861328,134.24000549316406,134.08999633789062,134.1300048828125,182835,0.0,0.0
2024-12-13 14:13:00-05:00,134.12229919433594,134.1488037109375,133.9600067138672,134.0,298557,0.0,0.0
2024-12-13 14:14:00-05:00,134.0,134.0469970703125,133.9600067138672,133.98500061035156,277031,0.0,0.0
2024-12-13 14:15:00-05:00,133.99000549316406,134.04820251464844,133.97000122070312,134.02000427246094,335923,0.0,0.0
2024-12-13 14:16:00-05:00,134.02999877929688,134.10000610351562,134.02000427246094,134.02999877929688,139964,0.0,0.0
2024-12-13 14:17:00-05:00,134.03500366210938,134.07000732421875,133.9600067138672,133.97999572753906,216452,0.0,0.0
2024-12-13 14:18:00-05:00,133.97000122070312,134.02000427246094,133.9600067138672,133.97999572753906,148195,0.0,0.0
2024-12-13 14:19:00-05:00,133.99000549316406,134.07000732421875,133.9550018310547,134.0574951171875,171189,0.0,0.0
2024-12-13 14:20:00-05:00,134.05499267578125,134.21499633789062,134.0500030517578,134.1699981689453,257750,0.0,0.0
2024-12-13 14:21:00-05:00,134.16189575195312,134.38999938964844,134.16189575195312,134.36000061035156,362355,0.0,0.0
2024-12-13 14:22:00-05:00,134.35000610351562,134.47000122070312,134.32000732421875,134.4499969482422,303703,0.0,0.0
2024-12-13 14:23:00-05:00,134.4600067138672,134.50999450683594,134.36000061035156,134.3800048828125,394095,0.0,0.0
2024-12-13 14:24:00-05:00,134.38499450683594,134.52999877929688,134.32000732421875,134.51730346679688,272794,0.0,0.0
2024-12-13 14:25:00-05:00,134.52000427246094,134.63999938964844,134.5050048828125,134.6300048828125,338664,0.0,0.0
2024-12-13 14:26:00-05:00,134.63499450683594,134.69000244140625,134.58999633789062,134.61500549316406,422718,0.0,0.0
2024-12-13 14:27:00-05:00,134.61529541015625,134.75,134.610107421875,134.69000244140625,377966,0.0,0.0
2024-12-13 14:28:00-05:00,134.69000244140625,134.74000549316406,134.65020751953125,134.6800994873047,309809,0.0,0.0
2024-12-13 14:29:00-05:00,134.69000244140625,134.69020080566406,134.60000610351562,134.63479614257812,237153,0.0,0.0
2024-12-13 14:30:00-05:00,134.63229370117188,134.74000549316406,134.63229370117188,134.7100067138672,287185,0.0,0.0
2024-12-13 14:31:00-05:00,134.70779418945312,134.85000610351562,134.68690490722656,134.8300018310547,308355,0.0,0.0
2024-12-13 14:32:00-05:00,134.83999633789062,134.9199981689453,134.6999969482422,134.72000122070312,365162,0.0,0.0
2024-12-13 14:33:00-05:00,134.72369384765625,134.77000427246094,134.66000366210938,134.75999450683594,199195,0.0,0.0
2024-12-13 14:34:00-05:00,134.74989318847656,134.8000030517578,134.60000610351562,134.62890625,291976,0.0,0.0
2024-12-13 14:35:00-05:00,134.62469482421875,134.64999389648438,134.5,134.50990295410156,2659929,0.0,0.0
2024-12-13 14:36:00-05:00,134.50650024414062,134.5500030517578,134.3800048828125,134.4600067138672,360516,0.0,0.0
2024-12-13 14:37:00-05:00,134.44430541992188,134.46929931640625,134.3000946044922,134.38999938964844,816235,0.0,0.0
2024-12-13 14:38:00-05:00,134.38999938964844,134.55999755859375,134.33999633789062,134.4687957763672,303571,0.0,0.0
2024-12-13 14:39:00-05:00,134.47000122070312,134.47000122070312,134.33999633789062,134.35679626464844,155937,0.0,0.0
2024-12-13 14:40:00-05:00,134.35459899902344,134.44000244140625,134.3513946533203,134.43499755859375,171120,0.0,0.0
2024-12-13 14:41:00-05:00,134.44000244140625,134.44000244140625,134.3300018310547,134.35499572753906,145643,0.0,0.0
2024-12-13 14:42:00-05:00,134.35499572753906,134.36000061035156,134.16000366210938,134.25,2804691,0.0,0.0
2024-12-13 14:43:00-05:00,134.2509002685547,134.2799072265625,134.14999389648438,134.1741943359375,254019,0.0,0.0
2024-12-13 14:44:00-05:00,134.16990661621094,134.24000549316406,134.11160278320312,134.19000244140625,255802,0.0,0.0
2024-12-13 14:45:00-05:00,134.1916046142578,134.2465057373047,134.16009521484375,134.19000244140625,137304,0.0,0.0
2024-12-13 14:46:00-05:00,134.18899536132812,134.2052001953125,134.02000427246094,134.0500946044922,338697,0.0,0.0
2024-12-13 14:47:00-05:00,134.0500030517578,134.139892578125,133.97999572753906,134.139892578125,413679,0.0,0.0
2024-12-13 14:48:00-05:00,134.1352996826172,134.14990234375,134.0399932861328,134.0529022216797,163161,0.0,0.0
2024-12-13 14:49:00-05:00,134.05499267578125,134.10000610351562,134.02999877929688,134.0399932861328,158202,0.0,0.0
2024-12-13 14:50:00-05:00,134.02999877929688,134.0500030517578,133.92999267578125,133.97999572753906,308339,0.0,0.0
2024-12-13 14:51:00-05:00,133.97999572753906,133.9884033203125,133.77999877929688,133.785400390625,423722,0.0,0.0
2024-12-13 14:52:00-05:00,133.7830047607422,133.82400512695312,133.74000549316406,133.78500366210938,360651,0.0,0.0
2024-12-13 14:53:00-05:00,133.79989624023438,133.8249969482422,133.69000244140625,133.7299041748047,311294,0.0,0.0
2024-12-13 14:54:00-05:00,133.7200927734375,133.7899932861328,133.72000122070312,133.75999450683594,213702,0.0,0.0
2024-12-13 14:55:00-05:00,133.77000427246094,133.8000030517578,133.64999389648438,133.69000244140625,276152,0.0,0.0
2024-12-13 14:56:00-05:00,133.67999267578125,133.72999572753906,133.64999389648438,133.67999267578125,262429,0.0,0.0
2024-12-13 14:57:00-05:00,133.67909240722656,133.8188934326172,133.67909240722656,133.75039672851562,261834,0.0,0.0
2024-12-13 14:58:00-05:00,133.75990295410156,133.77780151367188,133.6999969482422,133.71499633789062,197200,0.0,0.0
2024-12-13 14:59:00-05:00,133.72239685058594,133.77999877929688,133.6999969482422,133.72000122070312,220925,0.0,0.0
2024-12-13 15:00:00-05:00,133.7165069580078,133.99000549316406,133.7165069580078,133.9687042236328,426216,0.0,0.0
2024-12-13 15:01:00-05:00,133.96499633789062,133.9799041748047,133.86000061035156,133.908203125,298349,0.0,0.0
2024-12-13 15:02:00-05:00,133.91000366210938,134.08990478515625,133.88299560546875,134.06959533691406,452707,0.0,0.0
2024-12-13 15:03:00-05:00,134.06919860839844,134.1199951171875,134.02000427246094,134.08120727539062,293978,0.0,0.0
2024-12-13 15:04:00-05:00,134.08990478515625,134.1199951171875,134.02999877929688,134.0399932861328,198836,0.0,0.0
2024-12-13 15:05:00-05:00,134.03599548339844,134.08999633789062,134.01010131835938,134.02999877929688,207870,0.0,0.0
2024-12-13 15:06:00-05:00,134.02000427246094,134.03500366210938,133.8300018310547,133.89010620117188,442304,0.0,0.0
2024-12-13 15:07:00-05:00,133.91000366210938,133.92999267578125,133.851806640625,133.89340209960938,472911,0.0,0.0
2024-12-13 15:08:00-05:00,133.89599609375,133.9698944091797,133.8699951171875,133.88999938964844,348028,0.0,0.0
2024-12-13 15:09:00-05:00,133.8800048828125,133.9071044921875,133.8000030517578,133.85000610351562,445233,0.0,0.0
2024-12-13 15:10:00-05:00,133.85000610351562,133.88999938964844,133.75999450683594,133.82000732421875,404603,0.0,0.0
2024-12-13 15:11:00-05:00,133.82000732421875,133.83709716796875,133.6999969482422,133.7100067138672,310518,0.0,0.0
2024-12-13 15:12:00-05:00,133.72000122070312,134.02999877929688,133.72000122070312,134.00999450683594,503442,0.0,0.0
2024-12-13 15:13:00-05:00,134.00909423828125,134.08999633789062,133.97000122070312,134.00120544433594,276988,0.0,0.0
2024-12-13 15:14:00-05:00,134.0,134.13999938964844,134.0,134.02999877929688,280018,0.0,0.0
2024-12-13 15:15:00-05:00,134.02999877929688,134.05999755859375,133.9149932861328,133.94000244140625,251173,0.0,0.0
2024-12-13 15:16:00-05:00,133.92999267578125,134.07000732421875,133.9199981689453,133.9949951171875,204618,0.0,0.0
2024-12-13 15:17:00-05:00,133.99729919433594,134.02000427246094,133.83999633789062,133.85000610351562,291720,0.0,0.0
2024-12-13 15:18:00-05:00,133.8800048828125,133.94000244140625,133.85000610351562,133.875,240235,0.0,0.0
2024-12-13 15:19:00-05:00,133.8699951171875,134.0,133.85000610351562,133.96499633789062,179311,0.0,0.0
2024-12-13 15:20:00-05:00,133.9676055908203,133.9866943359375,133.86000061035156,133.8990020751953,150283,0.0,0.0
2024-12-13 15:21:00-05:00,133.89999389648438,133.97999572753906,133.85000610351562,133.8800048828125,281236,0.0,0.0
2024-12-13 15:22:00-05:00,133.89999389648438,133.9499053955078,133.86000061035156,133.875,319890,0.0,0.0
2024-12-13 15:23:00-05:00,133.87989807128906,133.89999389648438,133.7407989501953,133.7449951171875,343864,0.0,0.0
2024-12-13 15:24:00-05:00,133.77000427246094,133.80990600585938,133.67999267578125,133.68499755859375,282854,0.0,0.0
2024-12-13 15:25:00-05:00,133.68960571289062,133.94000244140625,133.67999267578125,133.94000244140625,358937,0.0,0.0
2024-12-13 15:26:00-05:00,133.92759704589844,134.0399932861328,133.91000366210938,133.9738006591797,350864,0.0,0.0
2024-12-13 15:27:00-05:00,133.9788055419922,134.08999633789062,133.92999267578125,134.05499267578125,290106,0.0,0.0
2024-12-13 15:28:00-05:00,134.05499267578125,134.1300048828125,134.0399932861328,134.0500946044922,247055,0.0,0.0
2024-12-13 15:29:00-05:00,134.05999755859375,134.10000610351562,133.9803009033203,133.98699951171875,254825,0.0,0.0
2024-12-13 15:30:00-05:00,133.97999572753906,134.07000732421875,133.92999267578125,134.00059509277344,217445,0.0,0.0
2024-12-13 15:31:00-05:00,134.00999450683594,134.0500030517578,133.92999267578125,133.9499969482422,311164,0.0,0.0
2024-12-13 15:32:00-05:00,133.9499969482422,134.02999877929688,133.92999267578125,133.94970703125,252256,0.0,0.0
2024-12-13 15:33:00-05:00,133.94500732421875,134.14999389648438,133.94000244140625,134.1103057861328,341591,0.0,0.0
2024-12-13 15:34:00-05:00,134.11000061035156,134.1300048828125,134.0399932861328,134.0800018310547,307702,0.0,0.0
2024-12-13 15:35:00-05:00,134.08009338378906,134.1300048828125,134.07000732421875,134.10000610351562,204743,0.0,0.0
2024-12-13 15:36:00-05:00,134.09500122070312,134.24000549316406,134.0800018310547,134.11900329589844,382623,0.0,0.0
2024-12-13 15:37:00-05:00,134.110107421875,134.1199951171875,134.02999877929688,134.0800018310547,255038,0.0,0.0
2024-12-13 15:38:00-05:00,134.0749969482422,134.13999938964844,134.0200958251953,134.08990478515625,205251,0.0,0.0
2024-12-13 15:39:00-05:00,134.0883026123047,134.16000366210938,134.00999450683594,134.00999450683594,262980,0.0,0.0
2024-12-13 15:40:00-05:00,134.01499938964844,134.05999755859375,133.94000244140625,133.99000549316406,401821,0.0,0.0
2024-12-13 15:41:00-05:00,133.9949951171875,134.00999450683594,133.80999755859375,133.89999389648438,431926,0.0,0.0
2024-12-13 15:42:00-05:00,133.90969848632812,133.94500732421875,133.81500244140625,133.83670043945312,284749,0.0,0.0
2024-12-13 15:43:00-05:00,133.8350067138672,133.86000061035156,133.77000427246094,133.81500244140625,328366,0.0,0.0
2024-12-13 15:44:00-05:00,133.81500244140625,133.86300659179688,133.72000122070312,133.72999572753906,410272,0.0,0.0
2024-12-13 15:45:00-05:00,133.7386016845703,133.9199981689453,133.72000122070312,133.9071044921875,423931,0.0,0.0
2024-12-13 15:46:00-05:00,133.9084014892578,133.9600067138672,133.86000061035156,133.90879821777344,445596,0.0,0.0
2024-12-13 15:47:00-05:00,133.90199279785156,133.97000122070312,133.86500549316406,133.96710205078125,540294,0.0,0.0
2024-12-13 15:48:00-05:00,133.96499633789062,134.0,133.89999389648438,133.9499969482422,417246,0.0,0.0
2024-12-13 15:49:00-05:00,133.9499969482422,134.00990295410156,133.8800048828125,134.0041046142578,278449,0.0,0.0
2024-12-13 15:50:00-05:00,134.00010681152344,134.08999633789062,133.96499633789062,133.97999572753906,426379,0.0,0.0
2024-12-13 15:51:00-05:00,133.99000549316406,133.9949951171875,133.9199981689453,133.97999572753906,375137,0.0,0.0
2024-12-13 15:52:00-05:00,133.97999572753906,134.0198974609375,133.92999267578125,134.00979614257812,420830,0.0,0.0
2024-12-13 15:53:00-05:00,133.9949951171875,134.00990295410156,133.9199981689453,133.9550018310547,378116,0.0,0.0
2024-12-13 15:54:00-05:00,133.9499969482422,134.05999755859375,133.9199981689453,133.99000549316406,625794,0.0,0.0
2024-12-13 15:55:00-05:00,133.9949951171875,134.30999755859375,133.97999572753906,134.05419921875,1019299,0.0,0.0
2024-12-13 15:56:00-05:00,134.0511932373047,134.05999755859375,133.97999572753906,134.02980041503906,616619,0.0,0.0
2024-12-13 15:57:00-05:00,134.02499389648438,134.1699981689453,133.99000549316406,134.09930419921875,865284,0.0,0.0
2024-12-13 15:58:00-05:00,134.10000610351562,134.1999969482422,134.10000610351562,134.16079711914062,995374,0.0,0.0
2024-12-13 15:59:00-05:00,134.1649932861328,134.25999450683594,134.07000732421875,134.22000122070312,1945945,0.0,0.0
2024-12-13 16:00:00-05:00,134.22,134.38,134.0,134.2,15037574,0.0,0.0
2024-12-13 16:01:00-05:00,134.2,134.39,134.2,134.315,0,0.0,0.0
2024-12-13 16:02:00-05:00,134.33,134.39,134.25,134.25,0,0.0,0.0
2024-12-13 16:03:00-05:00,134.32,134.35,134.25,134.285,0,0.0,0.0
2024-12-13 16:04:00-05:00,134.2701,134.3,134.2,134.28,0,0.0,0.0
2024-12-13 16:05:00-05:00,134.24,134.3,134.2,134.28,0,0.0,0.0
2024-12-13 16:06:00-05:00,134.26,134.3,134.23,134.29,0,0.0,0.0
2024-12-13 16:07:00-05:00,134.259,134.29,134.19,134.2,0,0.0,0.0
2024-12-13 16:08:00-05:00,134.22,134.25,134.1,134.12,0,0.0,0.0
2024-12-13 16:09:00-05:00,134.01,134.14,134.01,134.12,0,0.0,0.0
2024-12-13 16:10:00-05:00,134.11,134.25,134.09,134.19,0,0.0,0.0
2024-12-13 16:11:00-05:00,134.15,134.19,134.1,134.125,0,0.0,0.0
2024-12-13 16:12:00-05:00,134.11,134.15,134.1,134.14,0,0.0,0.0
2024-12-13 16:13:00-05:00,134.125,134.25,134.09,134.11,0,0.0,0.0
2024-12-13 16:14:00-05:00,134.11,134.11,134.01,134.01,0,0.0,0.0
2024-12-13 16:15:00-05:00,134.02,134.25,133.95,133.97,0,0.0,0.0
2024-12-13 16:16:00-05:00,133.97,134.09,133.97,134.04,0,0.0,0.0
2024-12-13 16:17:00-05:00,134.0698,134.07,134.0,134.03,0,0.0,0.0
2024-12-13 16:18:00-05:00,134.05,134.25,134.0,134.25,0,0.0,0.0
2024-12-13 16:19:00-05:00,134.02,134.05,133.82,133.98,0,0.0,0.0
2024-12-13 16:20:00-05:00,133.92,134.05,133.9,134.03,0,0.0,0.0
2024-12-13 16:21:00-05:00,134.03,134.15,134.0,134.135,0,0.0,0.0
2024-12-13 16:22:00-05:00,134.15,134.25,134.08,134.135,0,0.0,0.0
2024-12-13 16:23:00-05:00,134.14,134.17,134.09,134.17,0,0.0,0.0
2024-12-13 16:24:00-05:00,134.145,134.17,134.12,134.15,0,0.0,0.0
2024-12-13 16:25:00-05:00,134.15,134.17,134.13,134.14,0,0.0,0.0
2024-12-13 16:26:00-05:00,134.15,134.15,134.02,134.13,0,0.0,0.0
2024-12-13 16:27:00-05:00,134.08,134.13,134.03,134.1,0,0.0,0.0
2024-12-13 16:28:00-05:00,134.115,134.15,134.07,134.1,0,0.0,0.0
2024-12-13 16:29:00-05:00,134.085,134.1,134.03,134.07,0,0.0,0.0
2024-12-13 16:30:00-05:00,134.0683,134.1,134.02,134.05,0,0.0,0.0
2024-12-13 16:31:00-05:00,134.05,134.08,133.99,134.05,0,0.0,0.0
2024-12-13 16:32:00-05:00,134.05,134.05,133.99,134.03,0,0.0,0.0
2024-12-13 16:33:00-05:00,134.03,134.08,133.99,133.9904,0,0.0,0.0
2024-12-13 16:34:00-05:00,134.01,134.01,133.93,133.99,0,0.0,0.0
2024-12-13 16:35:00-05:00,133.97,134.0,133.91,133.94,0,0.0,0.0
2024-12-13 16:36:00-05:00,133.94,134.04,133.92,134.04,0,0.0,0.0
2024-12-13 16:37:00-05:00,133.98,134.04,133.98,134.025,0,0.0,0.0
2024-12-13 16:38:00-05:00,134.025,134.05,134.02,134.0201,0,0.0,0.0
2024-12-13 16:39:00-05:00,134.03,134.04,133.98,134.0,0,0.0,0.0
2024-12-13 16:40:00-05:00,133.99,134.04,133.97,134.04,0,0.0,0.0
2024-12-13 16:41:00-05:00,134.04,134.04,134.0,134.04,0,0.0,0.0
2024-12-13 16:42:00-05:00,134.04,134.04,134.0,134.04,0,0.0,0.0
2024-12-13 16:43:00-05:00,134.03,134.07,134.03,134.05,0,0.0,0.0
2024-12-13 16:44:00-05:00,134.05,134.06,134.02,134.04,0,0.0,0.0
2024-12-13 16:45:00-05:00,134.03,134.03,133.97,133.9898,0,0.0,0.0
2024-12-13 16:46:00-05:00,133.99,134.04,133.97,134.01,0,0.0,0.0
2024-12-13 16:47:00-05:00,134.01,134.04,133.97,134.0,0,0.0,0.0
2024-12-13 16:48:00-05:00,134.02,134.02,133.98,134.015,0,0.0,0.0
2024-12-13 16:49:00-05:00,134.02,134.02,133.98,134.0,0,0.0,0.0
2024-12-13 16:50:00-05:00,133.995,134.04,133.98,133.99,0,0.0,0.0
2024-12-13 16:51:00-05:00,133.99,134.04,133.98,133.985,0,0.0,0.0
2024-12-13 16:52:00-05:00,133.985,139.0312,125.8178,134.0,0,0.0,0.0
2024-12-13 16:53:00-05:00,134.0,134.01,133.96,133.985,0,0.0,0.0
2024-12-13 16:54:00-05:00,134.0,134.0,133.97,133.9903,0,0.0,0.0
2024-12-13 16:55:00-05:00,134.0,134.03,133.99,134.02,0,0.0,0.0
2024-12-13 16:56:00-05:00,134.01,134.03,134.0,134.01,0,0.0,0.0
2024-12-13 16:57:00-05:00,134.01,134.04,134.0,134.03,0,0.0,0.0
2024-12-13 16:58:00-05:00,134.0397,139.0312,134.02,139.0312,0,0.0,0.0
2024-12-13 16:59:00-05:00,134.04,138.4516,125.8178,133.995,0,0.0,0.0
2024-12-13 17:00:00-05:00,134.0,134.04,133.99,134.02,0,0.0,0.0
2024-12-13 17:01:00-05:00,134.04,134.04,134.01,134.04,0,0.0,0.0
2024-12-13 17:02:00-05:00,134.011,134.04,134.01,134.04,0,0.0,0.0
2024-12-13 17:03:00-05:00,134.04,134.04,134.02,134.03,0,0.0,0.0
2024-12-13 17:04:00-05:00,134.0201,134.03,134.01,134.02,0,0.0,0.0
2024-12-13 17:05:00-05:00,134.02,134.04,134.0,134.04,0,0.0,0.0
2024-12-13 17:06:00-05:00,134.03,134.04,134.0,134.0,0,0.0,0.0
2024-12-13 17:07:00-05:00,134.005,134.04,134.0,134.025,0,0.0,0.0
2024-12-13 17:08:00-05:00,134.04,134.07,134.0,134.03,0,0.0,0.0
2024-12-13 17:09:00-05:00,134.02,134.03,134.0,134.03,0,0.0,0.0
2024-12-13 17:10:00-05:00,134.03,134.03,134.0,134.01,0,0.0,0.0
2024-12-13 17:11:00-05:00,134.01,134.03,134.01,134.025,0,0.0,0.0
2024-12-13 17:12:00-05:00,134.03,134.05,134.02,134.0209,0,0.0,0.0
2024-12-13 17:13:00-05:00,134.05,134.25,134.02,134.04,0,0.0,0.0
2024-12-13 17:14:00-05:00,134.05,134.07,134.04,134.0503,0,0.0,0.0
2024-12-13 17:15:00-05:00,134.0597,134.07,134.03,134.04,0,0.0,0.0
2024-12-13 17:16:00-05:00,134.06,134.07,134.04,134.07,0,0.0,0.0
2024-12-13 17:17:00-05:00,134.07,134.07,134.04,134.07,0,0.0,0.0
2024-12-13 17:18:00-05:00,134.055,134.08,134.0408,134.08,0,0.0,0.0
2024-12-13 17:19:00-05:00,134.08,134.13,134.08,134.12,0,0.0,0.0
2024-12-13 17:20:00-05:00,134.1,134.12,134.07,134.12,0,0.0,0.0
2024-12-13 17:21:00-05:00,134.11,134.13,134.07,134.12,0,0.0,0.0
2024-12-13 17:22:00-05:00,134.11,134.12,134.07,134.07,0,0.0,0.0
2024-12-13 17:23:00-05:00,134.1,134.11,134.07,134.085,0,0.0,0.0
2024-12-13 17:24:00-05:00,134.1,134.1,134.07,134.0998,0,0.0,0.0
2024-12-13 17:25:00-05:00,134.09,134.11,134.08,134.1,0,0.0,0.0
2024-12-13 17:26:00-05:00,134.1,134.14,134.09,134.12,0,0.0,0.0
2024-12-13 17:27:00-05:00,134.1199,134.13,134.1,134.1008,0,0.0,0.0
2024-12-13 17:28:00-05:00,134.12,134.13,134.09,134.09,0,0.0,0.0
2024-12-13 17:29:00-05:00,134.12,134.13,134.06,134.06,0,0.0,0.0
2024-12-13 17:30:00-05:00,134.06,134.11,134.04,134.1,0,0.0,0.0
2024-12-13 17:31:00-05:00,134.09,134.1,134.04,134.0789,0,0.0,0.0
2024-12-13 17:32:00-05:00,134.08,134.09,134.04,134.075,0,0.0,0.0
2024-12-13 17:33:00-05:00,134.065,134.11,134.03,134.11,0,0.0,0.0
2024-12-13 17:34:00-05:00,134.1,134.11,134.05,134.11,0,0.0,0.0
2024-12-13 17:35:00-05:00,134.11,134.11,134.02,134.07,0,0.0,0.0
2024-12-13 17:36:00-05:00,134.06,134.09,134.05,134.09,0,0.0,0.0
2024-12-13 17:37:00-05:00,134.09,134.09,134.05,134.09,0,0.0,0.0
2024-12-13 17:38:00-05:00,134.09,134.13,134.06,134.12,0,0.0,0.0
2024-12-13 17:39:00-05:00,134.12,134.15,134.1,134.125,0,0.0,0.0
2024-12-13 17:40:00-05:00,134.1204,134.15,134.1204,134.145,0,0.0,0.0
2024-12-13 17:41:00-05:00,134.15,134.16,134.14,134.15,0,0.0,0.0
2024-12-13 17:42:00-05:00,134.15,134.16,134.15,134.1598,0,0.0,0.0
2024-12-13 17:43:00-05:00,134.16,134.16,134.13,134.14,0,0.0,0.0
2024-12-13 17:44:00-05:00,134.15,134.16,134.1,134.1497,0,0.0,0.0
2024-12-13 17:45:00-05:00,134.14,134.15,134.14,134.14,0,0.0,0.0
2024-12-13 17:46:00-05:00,134.145,134.17,134.11,134.145,0,0.0,0.0
2024-12-13 17:47:00-05:00,134.16,134.16,134.11,134.15,0,0.0,0.0
2024-12-13 17:48:00-05:00,134.135,134.25,134.1,134.1499,0,0.0,0.0
2024-12-13 17:49:00-05:00,134.15,134.15,134.11,134.15,0,0.0,0.0
2024-12-13 17:50:00-05:00,134.14,134.18,134.11,134.134,0,0.0,0.0
2024-12-13 17:51:00-05:00,134.14,134.18,134.11,134.12,0,0.0,0.0
2024-12-13 17:52:00-05:00,134.13,134.13,134.09,134.1,0,0.0,0.0
2024-12-13 17:53:00-05:00,134.095,134.15,134.07,134.115,0,0.0,0.0
2024-12-13 17:54:00-05:00,134.15,134.15,134.08,134.15,0,0.0,0.0
2024-12-13 17:55:00-05:00,134.14,134.14,134.1,134.1199,0,0.0,0.0
2024-12-13 17:56:00-05:00,134.1,134.12,134.05,134.05,0,0.0,0.0
2024-12-13 17:57:00-05:00,134.07,134.08,134.03,134.05,0,0.0,0.0
2024-12-13 17:58:00-05:00,134.0408,134.1,134.04,134.085,0,0.0,0.0
2024-12-13 17:59:00-05:00,134.1,134.25,134.06,134.08,0,0.0,0.0
2024-12-13 18:00:00-05:00,134.09,134.1,134.06,134.08,0,0.0,0.0
2024-12-13 18:01:00-05:00,134.1,134.1,134.08,134.0898,0,0.0,0.0
2024-12-13 18:02:00-05:00,134.08,134.1,134.08,134.08,0,0.0,0.0
2024-12-13 18:03:00-05:00,134.0899,134.09,134.07,134.07,0,0.0,0.0
2024-12-13 18:04:00-05:00,134.0892,134.0892,134.06,134.065,0,0.0,0.0
2024-12-13 18:05:00-05:00,134.07,134.09,134.06,134.075,0,0.0,0.0
2024-12-13 18:06:00-05:00,134.09,134.09,134.06,134.075,0,0.0,0.0
2024-12-13 18:07:00-05:00,134.09,134.09,134.07,134.08,0,0.0,0.0
2024-12-13 18:08:00-05:00,134.06,134.09,134.06,134.085,0,0.0,0.0
2024-12-13 18:09:00-05:00,134.09,134.09,134.06,134.09,0,0.0,0.0
2024-12-13 18:10:00-05:00,134.09,134.09,134.06,134.09,0,0.0,0.0
2024-12-13 18:11:00-05:00,134.08,134.09,134.06,134.07,0,0.0,0.0
2024-12-13 18:12:00-05:00,134.09,134.09,134.06,134.09,0,0.0,0.0
2024-12-13 18:13:00-05:00,134.09,134.09,134.07,134.0705,0,0.0,0.0
2024-12-13 18:14:00-05:00,134.09,134.09,134.06,134.08,0,0.0,0.0
2024-12-13 18:15:00-05:00,134.08,134.09,134.06,134.08,0,0.0,0.0
2024-12-13 18:16:00-05:00,134.09,134.09,134.03,134.075,0,0.0,0.0
2024-12-13 18:17:00-05:00,134.08,134.09,134.04,134.07,0,0.0,0.0
2024-12-13 18:18:00-05:00,134.08,134.08,134.05,134.07,0,0.0,0.0
2024-12-13 18:19:00-05:00,134.06,134.08,134.05,134.07,0,0.0,0.0
2024-12-13 18:20:00-05:00,134.08,134.09,134.05,134.07,0,0.0,0.0
2024-12-13 18:21:00-05:00,134.07,134.08,134.0697,134.0697,0,0.0,0.0
2024-12-13 18:22:00-05:00,134.065,134.08,134.05,134.08,0,0.0,0.0
2024-12-13 18:23:00-05:00,134.08,134.08,134.03,134.04,0,0.0,0.0
2024-12-13 18:24:00-05:00,134.05,134.05,134.0,134.04,0,0.0,0.0
2024-12-13 18:25:00-05:00,134.02,134.03,134.0,134.01,0,0.0,0.0
2024-12-13 18:26:00-05:00,134.03,134.03,134.0,134.015,0,0.0,0.0
2024-12-13 18:27:00-05:00,134.0,134.03,134.0,134.01,0,0.0,0.0
2024-12-13 18:28:00-05:00,134.0098,134.03,134.0,134.0199,0,0.0,0.0
2024-12-13 18:29:00-05:00,134.02,134.03,134.0,134.01,0,0.0,0.0
2024-12-13 18:30:00-05:00,134.01,134.01,134.0,134.0,0,0.0,0.0
2024-12-13 18:31:00-05:00,134.01,134.02,134.0,134.01,0,0.0,0.0
2024-12-13 18:32:00-05:00,134.02,134.03,134.01,134.01,0,0.0,0.0
2024-12-13 18:33:00-05:00,134.03,134.03,134.0,134.01,0,0.0,0.0
2024-12-13 18:34:00-05:00,134.02,134.02,134.01,134.01,0,0.0,0.0
2024-12-13 18:35:00-05:00,134.01,134.02,134.0,134.01,0,0.0,0.0
2024-12-13 18:36:00-05:00,134.01,134.03,134.005,134.03,0,0.0,0.0
2024-12-13 18:37:00-05:00,134.03,134.04,134.01,134.03,0,0.0,0.0
2024-12-13 18:38:00-05:00,134.02,134.03,134.0,134.02,0,0.0,0.0
2024-12-13 18:39:00-05:00,134.01,134.03,134.0,134.03,0,0.0,0.0
2024-12-13 18:40:00-05:00,134.02,134.03,134.01,134.01,0,0.0,0.0
2024-12-13 18:41:00-05:00,134.01,134.02,134.0,134.0,0,0.0,0.0
2024-12-13 18:42:00-05:00,134.0002,134.01,134.0,134.01,0,0.0,0.0
2024-12-13 18:43:00-05:00,134.01,134.01,134.0,134.005,0,0.0,0.0
2024-12-13 18:44:00-05:00,134.01,134.01,134.0,134.01,0,0.0,0.0
2024-12-13 18:45:00-05:00,134.01,134.01,134.0,134.005,0,0.0,0.0
2024-12-13 18:46:00-05:00,134.01,134.04,134.0,134.04,0,0.0,0.0
2024-12-13 18:47:00-05:00,134.035,134.04,134.02,134.04,0,0.0,0.0
2024-12-13 18:48:00-05:00,134.03,134.05,134.03,134.04,0,0.0,0.0
2024-12-13 18:49:00-05:00,134.0399,134.04,134.02,134.0298,0,0.0,0.0
2024-12-13 18:50:00-05:00,134.02,134.02,134.01,134.01,0,0.0,0.0
2024-12-13 18:51:00-05:00,134.02,134.02,134.0,134.01,0,0.0,0.0
2024-12-13 18:52:00-05:00,134.0,134.02,134.0,134.005,0,0.0,0.0
2024-12-13 18:53:00-05:00,134.0,134.02,134.0,134.02,0,0.0,0.0
2024-12-13 18:54:00-05:00,134.02,134.02,134.0,134.01,0,0.0,0.0
2024-12-13 18:55:00-05:00,134.0002,134.02,134.0,134.005,0,0.0,0.0
2024-12-13 18:56:00-05:00,134.01,134.01,134.0,134.01,0,0.0,0.0
2024-12-13 18:57:00-05:00,134.01,134.01,134.0,134.0,0,0.0,0.0
2024-12-13 18:58:00-05:00,134.005,134.02,134.0,134.015,0,0.0,0.0
2024-12-13 18:59:00-05:00,134.015,134.02,134.01,134.01,0,0.0,0.0
2024-12-13 19:00:00-05:00,134.04,134.04,134.02,134.0397,0,0.0,0.0
2024-12-13 19:01:00-05:00,134.04,134.04,134.03,134.04,0,0.0,0.0
2024-12-13 19:02:00-05:00,134.04,134.04,134.01,134.025,0,0.0,0.0
2024-12-13 19:03:00-05:00,134.0394,134.04,134.01,134.03,0,0.0,0.0
2024-12-13 19:04:00-05:00,134.02,134.02,134.01,134.02,0,0.0,0.0
2024-12-13 19:05:00-05:00,134.015,134.03,134.01,134.02,0,0.0,0.0
2024-12-13 19:06:00-05:00,134.0103,134.03,134.01,134.02,0,0.0,0.0
2024-12-13 19:07:00-05:00,134.0299,134.03,134.0,134.02,0,0.0,0.0
2024-12-13 19:08:00-05:00,134.015,134.02,134.0098,134.01,0,0.0,0.0
2024-12-13 19:09:00-05:00,134.01,134.01,134.0,134.01,0,0.0,0.0
2024-12-13 19:10:00-05:00,134.01,134.01,133.99,133.99,0,0.0,0.0
2024-12-13 19:11:00-05:00,134.0,134.01,133.9702,134.005,0,0.0,0.0
2024-12-13 19:12:00-05:00,134.01,134.01,134.0,134.005,0,0.0,0.0
2024-12-13 19:13:00-05:00,134.0099,134.01,134.0,134.0099,0,0.0,0.0
2024-12-13 19:14:00-05:00,134.005,134.03,134.0,134.0296,0,0.0,0.0
2024-12-13 19:15:00-05:00,134.0,134.03,134.0,134.02,0,0.0,0.0
2024-12-13 19:16:00-05:00,134.03,134.03,134.01,134.025,0,0.0,0.0
2024-12-13 19:17:00-05:00,134.025,134.03,134.02,134.03,0,0.0,0.0
2024-12-13 19:18:00-05:00,134.025,134.03,134.0,134.0197,0,0.0,0.0
2024-12-13 19:19:00-05:00,134.01,134.02,134.0,134.01,0,0.0,0.0
2024-12-13 19:20:00-05:00,134.0,134.02,134.0,134.0001,0,0.0,0.0
2024-12-13 19:21:00-05:00,134.02,134.02,134.0,134.0,0,0.0,0.0
2024-12-13 19:22:00-05:00,134.01,134.02,134.0,134.02,0,0.0,0.0
2024-12-13 19:23:00-05:00,134.02,134.02,134.01,134.02,0,0.0,0.0
2024-12-13 19:24:00-05:00,134.015,134.02,134.01,134.02,0,0.0,0.0
2024-12-13 19:25:00-05:00,134.02,134.03,134.01,134.02,0,0.0,0.0
2024-12-13 19:26:00-05:00,134.03,134.03,134.0,134.01,0,0.0,0.0
2024-12-13 19:27:00-05:00,134.02,134.03,134.01,134.02,0,0.0,0.0
2024-12-13 19:28:00-05:00,134.02,134.03,134.01,134.0199,0,0.0,0.0
2024-12-13 19:29:00-05:00,134.02,134.02,134.0,134.0,0,0.0,0.0
2024-12-13 19:30:00-05:00,134.01,134.02,134.0,134.02,0,0.0,0.0
2024-12-13 19:31:00-05:00,134.0197,134.0197,133.97,133.985,0,0.0,0.0
2024-12-13 19:32:00-05:00,133.9999,134.0,133.97,133.98,0,0.0,0.0
2024-12-13 19:33:00-05:00,133.97,133.97,133.91,133.95,0,0.0,0.0
2024-12-13 19:34:00-05:00,133.95,134.0,133.91,133.98,0,0.0,0.0
2024-12-13 19:35:00-05:00,133.96,134.0,133.94,133.98,0,0.0,0.0
2024-12-13 19:36:00-05:00,133.975,133.98,133.95,133.9689,0,0.0,0.0
2024-12-13 19:37:00-05:00,133.97,133.97,133.95,133.96,0,0.0,0.0
2024-12-13 19:38:00-05:00,133.955,133.96,133.95,133.955,0,0.0,0.0
2024-12-13 19:39:00-05:00,133.955,133.96,133.92,133.95,0,0.0,0.0
2024-12-13 19:40:00-05:00,133.95,133.95,133.9,133.9002,0,0.0,0.0
2024-12-13 19:41:00-05:00,133.91,133.94,133.9,133.915,0,0.0,0.0
2024-12-13 19:42:00-05:00,133.93,133.93,133.9,133.9,0,0.0,0.0
2024-12-13 19:43:42-05:00,133.91,133.91,133.91,133.91,0,0.0,0.0
