time,Open,High,Low,Close,Volume,Dividends,Stock Splits
2024-12-03 04:00:00-05:00,138.4,138.5,138.35,138.47,0,0.0,0.0
2024-12-03 04:01:00-05:00,138.5,138.5,138.29,138.31,0,0.0,0.0
2024-12-03 04:02:00-05:00,138.3,138.34,138.25,138.3,0,0.0,0.0
2024-12-03 04:03:00-05:00,138.28,138.3,138.19,138.21,0,0.0,0.0
2024-12-03 04:04:00-05:00,138.28,138.63,138.26,138.54,0,0.0,0.0
2024-12-03 04:05:00-05:00,138.54,138.6,138.44,138.53,0,0.0,0.0
2024-12-03 04:06:00-05:00,138.57,138.79,138.5,138.72,0,0.0,0.0
2024-12-03 04:07:00-05:00,138.72,138.72,138.53,138.57,0,0.0,0.0
2024-12-03 04:08:00-05:00,138.62,138.63,138.57,138.57,0,0.0,0.0
2024-12-03 04:09:00-05:00,138.57,138.57,138.29,138.44,0,0.0,0.0
2024-12-03 04:10:00-05:00,138.45,138.47,138.42,138.42,0,0.0,0.0
2024-12-03 04:11:00-05:00,138.39,138.42,138.36,138.41,0,0.0,0.0
2024-12-03 04:12:00-05:00,138.41,138.41,138.41,138.41,0,0.0,0.0
2024-12-03 04:13:00-05:00,138.41,138.49,138.4,138.49,0,0.0,0.0
2024-12-03 04:14:00-05:00,138.52,138.52,138.47,138.5,0,0.0,0.0
2024-12-03 04:15:00-05:00,138.5,138.5,138.5,138.5,0,0.0,0.0
2024-12-03 04:16:00-05:00,138.53,138.53,138.48,138.5,0,0.0,0.0
2024-12-03 04:17:00-05:00,138.5,138.53,138.44,138.53,0,0.0,0.0
2024-12-03 04:18:00-05:00,138.54,138.55,138.54,138.55,0,0.0,0.0
2024-12-03 04:19:00-05:00,138.58,138.6,138.52,138.6,0,0.0,0.0
2024-12-03 04:20:00-05:00,138.6,138.61,138.6,138.6,0,0.0,0.0
2024-12-03 04:21:00-05:00,138.62,138.64,138.5,138.5,0,0.0,0.0
2024-12-03 04:22:00-05:00,138.54,138.55,138.5,138.52,0,0.0,0.0
2024-12-03 04:23:00-05:00,138.52,138.52,138.5,138.5,0,0.0,0.0
2024-12-03 04:24:00-05:00,138.5,138.51,138.45,138.46,0,0.0,0.0
2024-12-03 04:25:00-05:00,138.45,138.55,138.45,138.55,0,0.0,0.0
2024-12-03 04:26:00-05:00,138.51,138.51,138.45,138.45,0,0.0,0.0
2024-12-03 04:27:00-05:00,138.46,138.46,138.46,138.46,0,0.0,0.0
2024-12-03 04:28:00-05:00,138.5,138.5,138.48,138.48,0,0.0,0.0
2024-12-03 04:29:00-05:00,138.5,138.52,138.5,138.52,0,0.0,0.0
2024-12-03 04:30:00-05:00,138.5,138.5,138.4,138.45,0,0.0,0.0
2024-12-03 04:31:00-05:00,138.45,138.45,138.4,138.4,0,0.0,0.0
2024-12-03 04:32:00-05:00,138.46,138.46,138.4,138.4,0,0.0,0.0
2024-12-03 04:33:00-05:00,138.44,138.44,138.41,138.41,0,0.0,0.0
2024-12-03 04:35:00-05:00,138.41,138.41,138.38,138.41,0,0.0,0.0
2024-12-03 04:36:00-05:00,138.37,138.4,138.37,138.4,0,0.0,0.0
2024-12-03 04:37:00-05:00,138.39,138.39,138.39,138.39,0,0.0,0.0
2024-12-03 04:38:00-05:00,138.41,138.41,138.41,138.41,0,0.0,0.0
2024-12-03 04:39:00-05:00,138.44,138.48,138.43,138.44,0,0.0,0.0
2024-12-03 04:41:00-05:00,138.44,138.46,138.44,138.46,0,0.0,0.0
2024-12-03 04:42:00-05:00,138.48,138.56,138.48,138.52,0,0.0,0.0
2024-12-03 04:43:00-05:00,138.52,138.56,138.52,138.52,0,0.0,0.0
2024-12-03 04:44:00-05:00,138.5,138.51,138.47,138.51,0,0.0,0.0
2024-12-03 04:45:00-05:00,138.48,138.48,138.37,138.47,0,0.0,0.0
2024-12-03 04:46:00-05:00,138.47,138.48,138.44,138.48,0,0.0,0.0
2024-12-03 04:47:00-05:00,138.46,138.46,138.43,138.43,0,0.0,0.0
2024-12-03 04:48:00-05:00,138.45,138.45,138.38,138.4,0,0.0,0.0
2024-12-03 04:49:00-05:00,138.37,138.39,138.34,138.36,0,0.0,0.0
2024-12-03 04:50:00-05:00,138.33,138.41,138.32,138.41,0,0.0,0.0
2024-12-03 04:51:00-05:00,138.44,138.44,138.41,138.42,0,0.0,0.0
2024-12-03 04:52:00-05:00,138.44,138.47,138.42,138.42,0,0.0,0.0
2024-12-03 04:53:00-05:00,138.44,138.47,138.44,138.47,0,0.0,0.0
2024-12-03 04:54:00-05:00,138.47,138.47,138.46,138.46,0,0.0,0.0
2024-12-03 04:56:00-05:00,138.45,138.45,138.45,138.45,0,0.0,0.0
2024-12-03 04:57:00-05:00,138.45,138.45,138.45,138.45,0,0.0,0.0
2024-12-03 04:58:00-05:00,138.45,138.45,138.41,138.41,0,0.0,0.0
2024-12-03 04:59:00-05:00,138.44,138.45,138.44,138.45,0,0.0,0.0
2024-12-03 05:00:00-05:00,138.45,138.48,138.45,138.48,0,0.0,0.0
2024-12-03 05:01:00-05:00,138.44,138.46,138.44,138.46,0,0.0,0.0
2024-12-03 05:02:00-05:00,138.47,138.47,138.45,138.45,0,0.0,0.0
2024-12-03 05:03:00-05:00,138.45,138.46,138.3,138.3,0,0.0,0.0
2024-12-03 05:04:00-05:00,138.35,138.4,138.35,138.4,0,0.0,0.0
2024-12-03 05:05:00-05:00,138.45,138.45,138.38,138.41,0,0.0,0.0
2024-12-03 05:06:00-05:00,138.38,138.41,138.38,138.38,0,0.0,0.0
2024-12-03 05:07:00-05:00,138.38,138.38,138.3,138.3,0,0.0,0.0
2024-12-03 05:08:00-05:00,138.3,138.34,138.3,138.31,0,0.0,0.0
2024-12-03 05:09:00-05:00,138.34,138.34,138.33,138.34,0,0.0,0.0
2024-12-03 05:11:00-05:00,138.4,138.42,138.4,138.42,0,0.0,0.0
2024-12-03 05:12:00-05:00,138.41,138.5,138.41,138.48,0,0.0,0.0
2024-12-03 05:14:00-05:00,138.48,138.67,138.46,138.62,0,0.0,0.0
2024-12-03 05:15:00-05:00,138.61,138.65,138.6,138.62,0,0.0,0.0
2024-12-03 05:16:00-05:00,138.6,138.67,138.56,138.67,0,0.0,0.0
2024-12-03 05:17:00-05:00,138.66,138.68,138.6,138.6,0,0.0,0.0
2024-12-03 05:18:00-05:00,138.6,138.6,138.6,138.6,0,0.0,0.0
2024-12-03 05:19:00-05:00,138.6,138.61,138.57,138.61,0,0.0,0.0
2024-12-03 05:20:00-05:00,138.58,138.58,138.58,138.58,0,0.0,0.0
2024-12-03 05:21:00-05:00,138.53,138.53,138.52,138.52,0,0.0,0.0
2024-12-03 05:22:00-05:00,138.52,138.52,138.49,138.49,0,0.0,0.0
2024-12-03 05:23:00-05:00,138.49,138.5,138.49,138.5,0,0.0,0.0
2024-12-03 05:24:00-05:00,138.53,138.53,138.53,138.53,0,0.0,0.0
2024-12-03 05:25:00-05:00,138.5,138.5,138.46,138.46,0,0.0,0.0
2024-12-03 05:26:00-05:00,138.5,138.5,138.49,138.49,0,0.0,0.0
2024-12-03 05:27:00-05:00,138.48,138.52,138.47,138.47,0,0.0,0.0
2024-12-03 05:28:00-05:00,138.46,138.46,138.42,138.44,0,0.0,0.0
2024-12-03 05:29:00-05:00,138.42,138.42,138.38,138.42,0,0.0,0.0
2024-12-03 05:30:00-05:00,138.42,138.42,138.42,138.42,0,0.0,0.0
2024-12-03 05:31:00-05:00,138.37,138.37,138.37,138.37,0,0.0,0.0
2024-12-03 05:32:00-05:00,138.4,138.4,138.38,138.38,0,0.0,0.0
2024-12-03 05:33:00-05:00,138.39,138.39,138.38,138.38,0,0.0,0.0
2024-12-03 05:34:00-05:00,138.36,138.38,138.3,138.3,0,0.0,0.0
2024-12-03 05:35:00-05:00,138.32,138.34,138.3,138.34,0,0.0,0.0
2024-12-03 05:36:00-05:00,138.38,138.38,138.38,138.38,0,0.0,0.0
2024-12-03 05:37:00-05:00,138.36,138.36,138.29,138.3,0,0.0,0.0
2024-12-03 05:38:00-05:00,138.31,138.36,138.28,138.36,0,0.0,0.0
2024-12-03 05:39:00-05:00,138.38,138.38,138.36,138.36,0,0.0,0.0
2024-12-03 05:40:00-05:00,138.37,138.4,138.37,138.4,0,0.0,0.0
2024-12-03 05:41:00-05:00,138.41,138.42,138.41,138.42,0,0.0,0.0
2024-12-03 05:42:00-05:00,138.4,138.4,138.4,138.4,0,0.0,0.0
2024-12-03 05:43:00-05:00,138.41,138.41,138.4,138.4,0,0.0,0.0
2024-12-03 05:44:00-05:00,138.38,138.39,138.37,138.39,0,0.0,0.0
2024-12-03 05:45:00-05:00,138.37,138.37,138.32,138.32,0,0.0,0.0
2024-12-03 05:46:00-05:00,138.37,138.4,138.37,138.39,0,0.0,0.0
2024-12-03 05:47:00-05:00,138.39,138.39,138.38,138.38,0,0.0,0.0
2024-12-03 05:48:00-05:00,138.38,138.47,138.38,138.42,0,0.0,0.0
2024-12-03 05:49:00-05:00,138.43,138.46,138.43,138.43,0,0.0,0.0
2024-12-03 05:50:00-05:00,138.43,138.43,138.42,138.42,0,0.0,0.0
2024-12-03 05:51:00-05:00,138.43,138.45,138.43,138.45,0,0.0,0.0
2024-12-03 05:52:00-05:00,138.46,138.46,138.4,138.4,0,0.0,0.0
2024-12-03 05:53:00-05:00,138.36,138.39,138.35,138.35,0,0.0,0.0
2024-12-03 05:54:00-05:00,138.37,138.37,138.32,138.35,0,0.0,0.0
2024-12-03 05:55:00-05:00,138.34,138.39,138.34,138.39,0,0.0,0.0
2024-12-03 05:56:00-05:00,138.38,138.38,138.36,138.38,0,0.0,0.0
2024-12-03 05:57:00-05:00,138.36,138.38,138.35,138.35,0,0.0,0.0
2024-12-03 05:58:00-05:00,138.36,138.36,138.35,138.35,0,0.0,0.0
2024-12-03 05:59:00-05:00,138.34,138.34,138.32,138.32,0,0.0,0.0
2024-12-03 06:00:00-05:00,138.34,138.37,138.33,138.33,0,0.0,0.0
2024-12-03 06:01:00-05:00,138.33,138.35,138.33,138.35,0,0.0,0.0
2024-12-03 06:02:00-05:00,138.34,138.35,138.32,138.34,0,0.0,0.0
2024-12-03 06:03:00-05:00,138.32,138.33,138.29,138.33,0,0.0,0.0
2024-12-03 06:04:00-05:00,138.35,138.35,138.32,138.33,0,0.0,0.0
2024-12-03 06:05:00-05:00,138.35,138.35,138.34,138.34,0,0.0,0.0
2024-12-03 06:06:00-05:00,138.36,138.43,138.36,138.43,0,0.0,0.0
2024-12-03 06:07:00-05:00,138.38,138.38,138.37,138.37,0,0.0,0.0
2024-12-03 06:08:00-05:00,138.39,138.39,138.37,138.39,0,0.0,0.0
2024-12-03 06:09:00-05:00,138.37,138.37,138.33,138.33,0,0.0,0.0
2024-12-03 06:10:00-05:00,138.31,138.34,138.31,138.33,0,0.0,0.0
2024-12-03 06:11:00-05:00,138.37,138.42,138.37,138.39,0,0.0,0.0
2024-12-03 06:12:00-05:00,138.39,138.4,138.39,138.39,0,0.0,0.0
2024-12-03 06:13:00-05:00,138.37,138.39,138.34,138.34,0,0.0,0.0
2024-12-03 06:14:00-05:00,138.36,138.37,138.29,138.32,0,0.0,0.0
2024-12-03 06:15:00-05:00,138.33,138.35,138.33,138.34,0,0.0,0.0
2024-12-03 06:16:00-05:00,138.38,138.4,138.38,138.38,0,0.0,0.0
2024-12-03 06:17:00-05:00,138.4,138.41,138.36,138.36,0,0.0,0.0
2024-12-03 06:18:00-05:00,138.38,138.38,138.38,138.38,0,0.0,0.0
2024-12-03 06:19:00-05:00,138.37,138.37,138.35,138.35,0,0.0,0.0
2024-12-03 06:20:00-05:00,138.35,138.37,138.33,138.36,0,0.0,0.0
2024-12-03 06:21:00-05:00,138.36,138.38,138.36,138.36,0,0.0,0.0
2024-12-03 06:22:00-05:00,138.36,138.38,138.36,138.38,0,0.0,0.0
2024-12-03 06:24:00-05:00,138.39,138.39,138.39,138.39,0,0.0,0.0
2024-12-03 06:25:00-05:00,138.4,138.41,138.36,138.38,0,0.0,0.0
2024-12-03 06:26:00-05:00,138.35,138.35,138.32,138.35,0,0.0,0.0
2024-12-03 06:27:00-05:00,138.34,138.34,138.25,138.28,0,0.0,0.0
2024-12-03 06:28:00-05:00,138.29,138.3,138.25,138.3,0,0.0,0.0
2024-12-03 06:29:00-05:00,138.29,138.31,138.29,138.29,0,0.0,0.0
2024-12-03 06:30:00-05:00,138.29,138.3,138.29,138.3,0,0.0,0.0
2024-12-03 06:31:00-05:00,138.32,138.34,138.32,138.34,0,0.0,0.0
2024-12-03 06:32:00-05:00,138.34,138.49,138.34,138.42,0,0.0,0.0
2024-12-03 06:33:00-05:00,138.39,138.39,138.39,138.39,0,0.0,0.0
2024-12-03 06:34:00-05:00,138.36,138.36,138.36,138.36,0,0.0,0.0
2024-12-03 06:35:00-05:00,138.38,138.42,138.38,138.42,0,0.0,0.0
2024-12-03 06:36:00-05:00,138.42,138.42,138.41,138.41,0,0.0,0.0
2024-12-03 06:37:00-05:00,138.41,138.41,138.41,138.41,0,0.0,0.0
2024-12-03 06:38:00-05:00,138.43,138.43,138.4,138.4,0,0.0,0.0
2024-12-03 06:39:00-05:00,138.4,138.43,138.4,138.43,0,0.0,0.0
2024-12-03 06:40:00-05:00,138.42,138.42,138.36,138.39,0,0.0,0.0
2024-12-03 06:41:00-05:00,138.39,138.41,138.39,138.41,0,0.0,0.0
2024-12-03 06:42:00-05:00,138.4,138.41,138.4,138.41,0,0.0,0.0
2024-12-03 06:43:00-05:00,138.4,138.4,138.4,138.4,0,0.0,0.0
2024-12-03 06:44:00-05:00,138.41,138.41,138.39,138.39,0,0.0,0.0
2024-12-03 06:45:00-05:00,138.4,138.4,138.4,138.4,0,0.0,0.0
2024-12-03 06:46:00-05:00,138.4,138.44,138.4,138.43,0,0.0,0.0
2024-12-03 06:47:00-05:00,138.44,138.56,138.44,138.49,0,0.0,0.0
2024-12-03 06:48:00-05:00,138.48,138.49,138.48,138.49,0,0.0,0.0
2024-12-03 06:49:00-05:00,138.52,138.63,138.49,138.6,0,0.0,0.0
2024-12-03 06:50:00-05:00,138.65,138.68,138.59,138.64,0,0.0,0.0
2024-12-03 06:51:00-05:00,138.64,138.64,138.56,138.56,0,0.0,0.0
2024-12-03 06:52:00-05:00,138.56,138.59,138.56,138.56,0,0.0,0.0
2024-12-03 06:53:00-05:00,138.55,138.57,138.55,138.57,0,0.0,0.0
2024-12-03 06:54:00-05:00,138.52,138.52,138.46,138.5,0,0.0,0.0
2024-12-03 06:55:00-05:00,138.51,138.52,138.5,138.52,0,0.0,0.0
2024-12-03 06:56:00-05:00,138.52,138.53,138.5,138.53,0,0.0,0.0
2024-12-03 06:57:00-05:00,138.55,138.6,138.55,138.58,0,0.0,0.0
2024-12-03 06:58:00-05:00,138.59,138.62,138.59,138.62,0,0.0,0.0
2024-12-03 06:59:00-05:00,138.62,138.62,138.6,138.6,0,0.0,0.0
2024-12-03 07:00:00-05:00,138.6,138.6,138.451,138.47,0,0.0,0.0
2024-12-03 07:01:00-05:00,138.44,138.55,138.43,138.53,0,0.0,0.0
2024-12-03 07:02:00-05:00,138.5,138.5,138.48,138.489,0,0.0,0.0
2024-12-03 07:03:00-05:00,138.48,138.5,138.47,138.47,0,0.0,0.0
2024-12-03 07:04:00-05:00,138.47,138.59,138.46,138.58,0,0.0,0.0
2024-12-03 07:05:00-05:00,138.6,138.679,138.59,138.679,0,0.0,0.0
2024-12-03 07:06:00-05:00,138.67,138.71,138.66,138.69,0,0.0,0.0
2024-12-03 07:07:00-05:00,138.67,138.689,138.6,138.64,0,0.0,0.0
2024-12-03 07:08:00-05:00,138.65,138.65,138.44,138.45,0,0.0,0.0
2024-12-03 07:09:00-05:00,138.45,138.51,138.45,138.51,0,0.0,0.0
2024-12-03 07:10:00-05:00,138.51,138.541,138.51,138.54,0,0.0,0.0
2024-12-03 07:11:00-05:00,138.54,138.57,138.47,138.47,0,0.0,0.0
2024-12-03 07:12:00-05:00,138.46,138.51,138.45,138.51,0,0.0,0.0
2024-12-03 07:13:00-05:00,138.46,138.46,138.45,138.45,0,0.0,0.0
2024-12-03 07:14:00-05:00,138.46,138.46,138.31,138.33,0,0.0,0.0
2024-12-03 07:15:00-05:00,138.32,138.41,138.3,138.41,0,0.0,0.0
2024-12-03 07:16:00-05:00,138.39,138.42,138.39,138.42,0,0.0,0.0
2024-12-03 07:17:00-05:00,138.42,138.5,138.4,138.5,0,0.0,0.0
2024-12-03 07:18:00-05:00,138.521,138.521,138.45,138.46,0,0.0,0.0
2024-12-03 07:19:00-05:00,138.48,138.49,138.41,138.41,0,0.0,0.0
2024-12-03 07:20:00-05:00,138.44,138.5,138.44,138.5,0,0.0,0.0
2024-12-03 07:21:00-05:00,138.54,138.57,138.51,138.57,0,0.0,0.0
2024-12-03 07:22:00-05:00,138.55,138.59,138.55,138.59,0,0.0,0.0
2024-12-03 07:23:00-05:00,138.57,138.63,138.57,138.62,0,0.0,0.0
2024-12-03 07:24:00-05:00,138.61,138.63,138.58,138.61,0,0.0,0.0
2024-12-03 07:25:00-05:00,138.61,138.63,138.6,138.63,0,0.0,0.0
2024-12-03 07:26:00-05:00,138.64,138.64,138.62,138.64,0,0.0,0.0
2024-12-03 07:27:00-05:00,138.65,138.67,138.55,138.55,0,0.0,0.0
2024-12-03 07:28:00-05:00,138.59,138.6,138.53,138.57,0,0.0,0.0
2024-12-03 07:29:00-05:00,138.53,138.57,138.53,138.56,0,0.0,0.0
2024-12-03 07:30:00-05:00,138.55,138.57,138.55,138.57,0,0.0,0.0
2024-12-03 07:31:00-05:00,138.58,138.6,138.58,138.6,0,0.0,0.0
2024-12-03 07:32:00-05:00,138.62,138.71,138.61,138.71,0,0.0,0.0
2024-12-03 07:33:00-05:00,138.72,138.72,138.64,138.67,0,0.0,0.0
2024-12-03 07:34:00-05:00,138.68,138.68,138.65,138.65,0,0.0,0.0
2024-12-03 07:35:00-05:00,138.66,138.66,138.58,138.6,0,0.0,0.0
2024-12-03 07:36:00-05:00,138.59,138.59,138.55,138.55,0,0.0,0.0
2024-12-03 07:37:00-05:00,138.55,138.62,138.53,138.62,0,0.0,0.0
2024-12-03 07:38:00-05:00,138.62,138.65,138.62,138.639,0,0.0,0.0
2024-12-03 07:39:00-05:00,138.63,138.65,138.63,138.65,0,0.0,0.0
2024-12-03 07:40:00-05:00,138.66,138.79,138.65,138.79,0,0.0,0.0
2024-12-03 07:41:00-05:00,138.77,138.86,138.77,138.85,0,0.0,0.0
2024-12-03 07:42:00-05:00,138.851,138.87,138.801,138.84,0,0.0,0.0
2024-12-03 07:43:00-05:00,138.83,138.88,138.83,138.85,0,0.0,0.0
2024-12-03 07:44:00-05:00,138.82,138.82,138.79,138.809,0,0.0,0.0
2024-12-03 07:45:00-05:00,138.78,138.8,138.67,138.76,0,0.0,0.0
2024-12-03 07:46:00-05:00,138.75,138.76,138.699,138.76,0,0.0,0.0
2024-12-03 07:47:00-05:00,138.76,138.79,138.76,138.78,0,0.0,0.0
2024-12-03 07:48:00-05:00,138.76,138.78,138.75,138.78,0,0.0,0.0
2024-12-03 07:49:00-05:00,138.8,138.85,138.8,138.85,0,0.0,0.0
2024-12-03 07:50:00-05:00,138.849,138.88,138.84,138.84,0,0.0,0.0
2024-12-03 07:51:00-05:00,138.84,138.86,138.8,138.81,0,0.0,0.0
2024-12-03 07:52:00-05:00,138.83,138.84,138.82,138.82,0,0.0,0.0
2024-12-03 07:53:00-05:00,138.83,138.879,138.83,138.86,0,0.0,0.0
2024-12-03 07:54:00-05:00,138.85,138.88,138.84,138.86,0,0.0,0.0
2024-12-03 07:55:00-05:00,138.87,138.88,138.85,138.87,0,0.0,0.0
2024-12-03 07:56:00-05:00,138.87,138.92,138.87,138.87,0,0.0,0.0
2024-12-03 07:57:00-05:00,138.86,138.87,138.85,138.85,0,0.0,0.0
2024-12-03 07:58:00-05:00,138.83,138.83,138.79,138.79,0,0.0,0.0
2024-12-03 07:59:00-05:00,138.81,138.83,138.81,138.83,0,0.0,0.0
2024-12-03 08:00:00-05:00,138.4987,138.93,138.22,138.6276,0,0.0,0.0
2024-12-03 08:01:00-05:00,138.855,138.91,138.17,138.77,0,0.0,0.0
2024-12-03 08:02:00-05:00,138.77,138.86,138.76,138.86,0,0.0,0.0
2024-12-03 08:03:00-05:00,138.86,138.88,138.83,138.83,0,0.0,0.0
2024-12-03 08:04:00-05:00,138.83,138.85,138.83,138.84,0,0.0,0.0
2024-12-03 08:05:00-05:00,138.83,138.84,138.63,138.8097,0,0.0,0.0
2024-12-03 08:06:00-05:00,138.805,138.82,138.8,138.81,0,0.0,0.0
2024-12-03 08:07:00-05:00,138.815,138.83,138.78,138.82,0,0.0,0.0
2024-12-03 08:08:00-05:00,138.81,138.87,138.63,138.8501,0,0.0,0.0
2024-12-03 08:09:00-05:00,138.86,138.88,138.85,138.87,0,0.0,0.0
2024-12-03 08:10:00-05:00,138.87,138.88,138.86,138.8698,0,0.0,0.0
2024-12-03 08:11:00-05:00,138.8699,138.89,138.85,138.865,0,0.0,0.0
2024-12-03 08:12:00-05:00,138.86,138.89,138.86,138.8876,0,0.0,0.0
2024-12-03 08:13:00-05:00,138.885,138.9,138.88,138.9,0,0.0,0.0
2024-12-03 08:14:00-05:00,138.89,138.9,138.87,138.88,0,0.0,0.0
2024-12-03 08:15:00-05:00,138.88,138.88,138.86,138.87,0,0.0,0.0
2024-12-03 08:16:00-05:00,138.87,138.89,138.85,138.88,0,0.0,0.0
2024-12-03 08:17:00-05:00,138.89,138.89,138.73,138.789,0,0.0,0.0
2024-12-03 08:18:00-05:00,138.79,138.88,138.76,138.8,0,0.0,0.0
2024-12-03 08:19:00-05:00,138.7701,138.83,138.76,138.76,0,0.0,0.0
2024-12-03 08:20:00-05:00,138.7795,138.7795,138.7,138.72,0,0.0,0.0
2024-12-03 08:21:00-05:00,138.71,138.78,138.71,138.76,0,0.0,0.0
2024-12-03 08:22:00-05:00,138.76,138.77,138.72,138.7464,0,0.0,0.0
2024-12-03 08:23:00-05:00,138.735,138.77,138.735,138.75,0,0.0,0.0
2024-12-03 08:24:00-05:00,138.77,138.79,138.71,138.7308,0,0.0,0.0
2024-12-03 08:25:00-05:00,138.73,138.78,138.73,138.77,0,0.0,0.0
2024-12-03 08:26:00-05:00,138.76,138.81,138.736,138.78,0,0.0,0.0
2024-12-03 08:27:00-05:00,138.78,138.8,138.72,138.76,0,0.0,0.0
2024-12-03 08:28:00-05:00,138.74,138.8,138.72,138.776,0,0.0,0.0
2024-12-03 08:29:00-05:00,138.77,138.8,138.77,138.8,0,0.0,0.0
2024-12-03 08:30:00-05:00,138.785,138.8,138.75,138.78,0,0.0,0.0
2024-12-03 08:31:00-05:00,138.7897,138.79,138.76,138.7799,0,0.0,0.0
2024-12-03 08:32:00-05:00,138.78,138.79,138.75,138.755,0,0.0,0.0
2024-12-03 08:33:00-05:00,138.76,138.78,138.75,138.77,0,0.0,0.0
2024-12-03 08:34:00-05:00,138.78,138.84,138.76,138.84,0,0.0,0.0
2024-12-03 08:35:00-05:00,138.8101,138.88,138.8101,138.855,0,0.0,0.0
2024-12-03 08:36:00-05:00,138.87,138.89,138.8,138.84,0,0.0,0.0
2024-12-03 08:37:00-05:00,138.84,138.85,138.81,138.81,0,0.0,0.0
2024-12-03 08:38:00-05:00,138.815,138.8491,138.81,138.82,0,0.0,0.0
2024-12-03 08:39:00-05:00,138.83,138.88,138.8201,138.831,0,0.0,0.0
2024-12-03 08:40:00-05:00,138.83,138.88,138.83,138.87,0,0.0,0.0
2024-12-03 08:41:00-05:00,138.8794,138.89,138.86,138.8801,0,0.0,0.0
2024-12-03 08:42:00-05:00,138.885,139.0,138.88,138.9999,0,0.0,0.0
2024-12-03 08:43:00-05:00,138.99,139.02,138.96,138.9799,0,0.0,0.0
2024-12-03 08:44:00-05:00,138.9795,138.98,138.93,138.96,0,0.0,0.0
2024-12-03 08:45:00-05:00,138.96,138.9676,138.94,138.96,0,0.0,0.0
2024-12-03 08:46:00-05:00,138.95,138.98,138.93,138.97,0,0.0,0.0
2024-12-03 08:47:00-05:00,138.9788,139.0,138.97,139.0,0,0.0,0.0
2024-12-03 08:48:00-05:00,138.9999,139.1,138.99,139.095,0,0.0,0.0
2024-12-03 08:49:00-05:00,139.09,139.13,139.04,139.06,0,0.0,0.0
2024-12-03 08:50:00-05:00,139.06,139.07,138.96,138.9699,0,0.0,0.0
2024-12-03 08:51:00-05:00,138.93,138.98,138.91,138.9101,0,0.0,0.0
2024-12-03 08:52:00-05:00,138.92,138.92,138.85,138.8803,0,0.0,0.0
2024-12-03 08:53:00-05:00,138.88,138.89,138.8,138.835,0,0.0,0.0
2024-12-03 08:54:00-05:00,138.8248,138.87,138.81,138.82,0,0.0,0.0
2024-12-03 08:55:00-05:00,138.83,138.88,138.82,138.83,0,0.0,0.0
2024-12-03 08:56:00-05:00,138.845,138.87,138.78,138.8093,0,0.0,0.0
2024-12-03 08:57:00-05:00,138.8,138.81,138.72,138.74,0,0.0,0.0
2024-12-03 08:58:00-05:00,138.7301,138.74,138.68,138.69,0,0.0,0.0
2024-12-03 08:59:00-05:00,138.7,138.72,138.68,138.69,0,0.0,0.0
2024-12-03 09:00:00-05:00,138.68,138.73,138.68,138.73,0,0.0,0.0
2024-12-03 09:01:00-05:00,138.725,138.73,138.67,138.7,0,0.0,0.0
2024-12-03 09:02:00-05:00,138.7036,138.74,138.62,138.625,0,0.0,0.0
2024-12-03 09:03:00-05:00,138.64,138.66,138.48,138.48,0,0.0,0.0
2024-12-03 09:04:00-05:00,138.4897,138.51,138.35,138.355,0,0.0,0.0
2024-12-03 09:05:00-05:00,138.35,138.3599,138.18,138.1993,0,0.0,0.0
2024-12-03 09:06:00-05:00,138.2,138.2,138.06,138.115,0,0.0,0.0
2024-12-03 09:07:00-05:00,138.1264,138.13,137.84,137.92,0,0.0,0.0
2024-12-03 09:08:00-05:00,137.93,138.06,137.8,138.05,0,0.0,0.0
2024-12-03 09:09:00-05:00,138.035,138.0499,137.85,137.895,0,0.0,0.0
2024-12-03 09:10:00-05:00,137.89,138.23,137.8824,138.06,0,0.0,0.0
2024-12-03 09:11:00-05:00,138.0599,138.2,138.0424,138.145,0,0.0,0.0
2024-12-03 09:12:00-05:00,138.16,138.16,138.0,138.05,0,0.0,0.0
2024-12-03 09:13:00-05:00,138.0497,138.05,137.91,137.965,0,0.0,0.0
2024-12-03 09:14:00-05:00,137.97,137.99,137.92,137.97,0,0.0,0.0
2024-12-03 09:15:00-05:00,137.95,137.99,137.82,137.83,0,0.0,0.0
2024-12-03 09:16:00-05:00,137.8388,137.9,137.8,137.8997,0,0.0,0.0
2024-12-03 09:17:00-05:00,137.89,138.0,137.88,137.97,0,0.0,0.0
2024-12-03 09:18:00-05:00,137.9705,138.12,137.95,138.12,0,0.0,0.0
2024-12-03 09:19:00-05:00,138.12,138.25,138.1,138.18,0,0.0,0.0
2024-12-03 09:20:00-05:00,138.1781,138.18,138.02,138.05,0,0.0,0.0
2024-12-03 09:21:00-05:00,138.02,138.17,138.02,138.14,0,0.0,0.0
2024-12-03 09:22:00-05:00,138.1682,138.17,137.95,137.96,0,0.0,0.0
2024-12-03 09:23:00-05:00,137.9406,138.0,137.94,137.99,0,0.0,0.0
2024-12-03 09:24:00-05:00,137.995,138.05,137.99,137.99,0,0.0,0.0
2024-12-03 09:25:00-05:00,138.0,138.23,138.0,138.17,0,0.0,0.0
2024-12-03 09:26:00-05:00,138.17,139.135,138.1,138.1528,0,0.0,0.0
2024-12-03 09:27:00-05:00,138.12,140.14,138.1,138.19,0,0.0,0.0
2024-12-03 09:28:00-05:00,138.2,138.36,138.2,138.3497,0,0.0,0.0
2024-12-03 09:29:00-05:00,138.3,138.4,138.2578,138.29,0,0.0,0.0
2024-12-03 09:30:00-05:00,138.31500244140625,138.8300018310547,138.2899932861328,138.62359619140625,6338653,0.0,0.0
2024-12-03 09:31:00-05:00,138.63999938964844,138.67999267578125,137.9499969482422,138.42930603027344,967801,0.0,0.0
2024-12-03 09:32:00-05:00,138.4199981689453,139.02000427246094,138.41000366210938,138.97999572753906,890831,0.0,0.0
2024-12-03 09:33:00-05:00,138.9600067138672,139.16000366210938,138.75999450683594,138.9801025390625,880848,0.0,0.0
2024-12-03 09:34:00-05:00,138.99000549316406,139.74000549316406,138.89999389648438,139.54010009765625,1337672,0.0,0.0
2024-12-03 09:35:00-05:00,139.5659942626953,139.99000549316406,139.44009399414062,139.9499969482422,1180490,0.0,0.0
2024-12-03 09:36:00-05:00,139.94960021972656,140.1699981689453,139.7100067138672,139.83999633789062,1702988,0.0,0.0
2024-12-03 09:37:00-05:00,139.86000061035156,139.86000061035156,139.60000610351562,139.63999938964844,702672,0.0,0.0
2024-12-03 09:38:00-05:00,139.64999389648438,139.94000244140625,139.625,139.88160705566406,673227,0.0,0.0
2024-12-03 09:39:00-05:00,139.88999938964844,140.1999969482422,139.86000061035156,140.19500732421875,967313,0.0,0.0
2024-12-03 09:40:00-05:00,140.1999969482422,140.5399932861328,140.1300048828125,140.23989868164062,1703726,0.0,0.0
2024-12-03 09:41:00-05:00,140.2368927001953,140.39999389648438,140.0,140.22000122070312,1047809,0.0,0.0
2024-12-03 09:42:00-05:00,140.22999572753906,140.24940490722656,139.77920532226562,139.8699951171875,758059,0.0,0.0
2024-12-03 09:43:00-05:00,139.8800048828125,139.92999267578125,139.6717071533203,139.8000030517578,645599,0.0,0.0
2024-12-03 09:44:00-05:00,139.7899932861328,140.00999450683594,139.63999938964844,140.00999450683594,698112,0.0,0.0
2024-12-03 09:45:00-05:00,140.00999450683594,140.39999389648438,139.97000122070312,140.22999572753906,1560667,0.0,0.0
2024-12-03 09:46:00-05:00,140.24000549316406,140.3000030517578,139.57000732421875,139.57989501953125,872552,0.0,0.0
2024-12-03 09:47:00-05:00,139.5749969482422,139.6699981689453,139.36000061035156,139.47999572753906,900013,0.0,0.0
2024-12-03 09:48:00-05:00,139.47999572753906,139.72999572753906,139.3300018310547,139.4718017578125,738865,0.0,0.0
2024-12-03 09:49:00-05:00,139.4799041748047,139.74000549316406,139.27000427246094,139.73500061035156,613487,0.0,0.0
2024-12-03 09:50:00-05:00,139.73550415039062,139.85000610351562,139.61239624023438,139.61239624023438,685582,0.0,0.0
2024-12-03 09:51:00-05:00,139.610107421875,139.63999938964844,139.27000427246094,139.47999572753906,707862,0.0,0.0
2024-12-03 09:52:00-05:00,139.47520446777344,139.72000122070312,139.36000061035156,139.5800018310547,511020,0.0,0.0
2024-12-03 09:53:00-05:00,139.58999633789062,139.8188934326172,139.52000427246094,139.6873016357422,455937,0.0,0.0
2024-12-03 09:54:00-05:00,139.67999267578125,139.69000244140625,139.4499969482422,139.60000610351562,415320,0.0,0.0
2024-12-03 09:55:00-05:00,139.61500549316406,139.78399658203125,139.5500030517578,139.58999633789062,387670,0.0,0.0
2024-12-03 09:56:00-05:00,139.58999633789062,139.69000244140625,139.4217987060547,139.67010498046875,358272,0.0,0.0
2024-12-03 09:57:00-05:00,139.6875,139.7899932861328,139.41400146484375,139.44540405273438,497378,0.0,0.0
2024-12-03 09:58:00-05:00,139.44500732421875,139.55389404296875,139.42999267578125,139.55389404296875,270131,0.0,0.0
2024-12-03 09:59:00-05:00,139.5592041015625,139.64999389648438,139.4499969482422,139.48989868164062,388290,0.0,0.0
2024-12-03 10:00:00-05:00,139.49000549316406,139.49000549316406,139.11000061035156,139.32859802246094,827578,0.0,0.0
2024-12-03 10:01:00-05:00,139.31419372558594,139.5399932861328,139.11000061035156,139.50999450683594,547449,0.0,0.0
2024-12-03 10:02:00-05:00,139.5050048828125,139.5092010498047,139.38009643554688,139.47999572753906,335916,0.0,0.0
2024-12-03 10:03:00-05:00,139.4783935546875,139.47999572753906,138.88999938964844,139.0500946044922,709900,0.0,0.0
2024-12-03 10:04:00-05:00,139.0500030517578,139.1699981689453,138.88499450683594,138.9600067138672,508523,0.0,0.0
2024-12-03 10:05:00-05:00,138.9600067138672,139.27259826660156,138.9600067138672,139.27000427246094,507274,0.0,0.0
2024-12-03 10:06:00-05:00,139.27000427246094,139.32000732421875,139.16000366210938,139.16000366210938,417925,0.0,0.0
2024-12-03 10:07:00-05:00,139.16000366210938,139.38999938964844,139.00999450683594,139.28500366210938,686683,0.0,0.0
2024-12-03 10:08:00-05:00,139.27999877929688,139.30999755859375,139.07000732421875,139.11990356445312,385064,0.0,0.0
2024-12-03 10:09:00-05:00,139.11500549316406,139.1999969482422,138.86000061035156,138.92999267578125,576098,0.0,0.0
2024-12-03 10:10:00-05:00,138.92999267578125,138.97500610351562,138.77000427246094,138.91000366210938,650922,0.0,0.0
2024-12-03 10:11:00-05:00,138.8800048828125,139.1300048828125,138.8350067138672,139.08799743652344,454986,0.0,0.0
2024-12-03 10:12:00-05:00,139.08999633789062,139.13999938964844,138.85499572753906,138.99000549316406,376005,0.0,0.0
2024-12-03 10:13:00-05:00,138.98660278320312,139.0500030517578,138.75,138.85499572753906,506699,0.0,0.0
2024-12-03 10:14:00-05:00,138.8560028076172,138.97000122070312,138.79010009765625,138.91000366210938,380795,0.0,0.0
2024-12-03 10:15:00-05:00,138.9149932861328,139.0850067138672,138.8800048828125,139.05990600585938,341850,0.0,0.0
2024-12-03 10:16:00-05:00,139.05999755859375,139.10000610351562,138.94000244140625,139.02000427246094,303916,0.0,0.0
2024-12-03 10:17:00-05:00,139.04600524902344,139.1699981689453,138.92010498046875,139.125,554411,0.0,0.0
2024-12-03 10:18:00-05:00,139.1291961669922,139.1999969482422,139.0500030517578,139.0988006591797,344982,0.0,0.0
2024-12-03 10:19:00-05:00,139.09500122070312,139.11500549316406,138.92999267578125,139.02000427246094,345002,0.0,0.0
2024-12-03 10:20:00-05:00,139.0175018310547,139.0399932861328,138.75999450683594,138.8699951171875,515567,0.0,0.0
2024-12-03 10:21:00-05:00,138.8699951171875,138.96080017089844,138.6699981689453,138.85299682617188,408273,0.0,0.0
2024-12-03 10:22:00-05:00,138.85989379882812,139.02000427246094,138.85989379882812,138.92999267578125,350703,0.0,0.0
2024-12-03 10:23:00-05:00,138.92999267578125,138.99000549316406,138.77000427246094,138.77999877929688,212207,0.0,0.0
2024-12-03 10:24:00-05:00,138.77000427246094,138.84500122070312,138.6699981689453,138.7447052001953,428116,0.0,0.0
2024-12-03 10:25:00-05:00,138.74009704589844,138.85000610351562,138.7100067138672,138.7899932861328,503160,0.0,0.0
2024-12-03 10:26:00-05:00,138.77999877929688,138.89999389648438,138.52000427246094,138.53500366210938,639246,0.0,0.0
2024-12-03 10:27:00-05:00,138.55499267578125,138.70989990234375,138.38999938964844,138.6593017578125,890957,0.0,0.0
2024-12-03 10:28:00-05:00,138.66000366210938,138.70989990234375,138.5399932861328,138.55499267578125,398200,0.0,0.0
2024-12-03 10:29:00-05:00,138.5500030517578,138.63999938964844,138.50999450683594,138.5299072265625,274568,0.0,0.0
2024-12-03 10:30:00-05:00,138.52999877929688,138.75,138.5222930908203,138.74009704589844,357268,0.0,0.0
2024-12-03 10:31:00-05:00,138.73500061035156,138.82000732421875,138.69000244140625,138.81910705566406,323766,0.0,0.0
2024-12-03 10:32:00-05:00,138.80999755859375,138.84010314941406,138.6699981689453,138.67019653320312,252211,0.0,0.0
2024-12-03 10:33:00-05:00,138.6800994873047,138.7971954345703,138.5800018310547,138.77999877929688,272581,0.0,0.0
2024-12-03 10:34:00-05:00,138.7899932861328,138.94000244140625,138.7216033935547,138.75,444206,0.0,0.0
2024-12-03 10:35:00-05:00,138.7550048828125,138.99000549316406,138.75,138.97720336914062,448761,0.0,0.0
2024-12-03 10:36:00-05:00,138.97500610351562,139.02000427246094,138.6649932861328,138.68499755859375,494596,0.0,0.0
2024-12-03 10:37:00-05:00,138.68499755859375,138.7100067138672,138.3000030517578,138.47500610351562,799869,0.0,0.0
2024-12-03 10:38:00-05:00,138.4799041748047,138.5500030517578,138.41000366210938,138.52020263671875,397229,0.0,0.0
2024-12-03 10:39:00-05:00,138.5124053955078,138.5500030517578,138.42999267578125,138.46090698242188,285071,0.0,0.0
2024-12-03 10:40:00-05:00,138.4611053466797,138.55999755859375,138.32000732421875,138.39039611816406,369210,0.0,0.0
2024-12-03 10:41:00-05:00,138.3800048828125,138.4774932861328,138.3300018310547,138.40989685058594,468921,0.0,0.0
2024-12-03 10:42:00-05:00,138.38999938964844,138.55999755859375,138.38999938964844,138.50999450683594,320862,0.0,0.0
2024-12-03 10:43:00-05:00,138.50990295410156,138.50999450683594,138.3101043701172,138.35000610351562,373132,0.0,0.0
2024-12-03 10:44:00-05:00,138.3594970703125,138.41000366210938,138.30999755859375,138.3300018310547,265034,0.0,0.0
2024-12-03 10:45:00-05:00,138.3300018310547,138.49000549316406,138.32000732421875,138.40480041503906,316793,0.0,0.0
2024-12-03 10:46:00-05:00,138.39889526367188,138.52499389648438,138.3699951171875,138.52499389648438,238370,0.0,0.0
2024-12-03 10:47:00-05:00,138.50999450683594,138.5399932861328,138.38999938964844,138.47000122070312,269147,0.0,0.0
2024-12-03 10:48:00-05:00,138.47000122070312,138.60000610351562,138.41099548339844,138.4853973388672,341178,0.0,0.0
2024-12-03 10:49:00-05:00,138.47999572753906,138.77000427246094,138.47000122070312,138.69000244140625,388271,0.0,0.0
2024-12-03 10:50:00-05:00,138.68380737304688,138.82000732421875,138.66000366210938,138.7382049560547,335720,0.0,0.0
2024-12-03 10:51:00-05:00,138.73500061035156,138.77000427246094,138.50010681152344,138.50999450683594,297065,0.0,0.0
2024-12-03 10:52:00-05:00,138.5019073486328,138.5050048828125,138.14999389648438,138.1580047607422,946702,0.0,0.0
2024-12-03 10:53:00-05:00,138.1544952392578,138.30999755859375,138.14500427246094,138.22999572753906,446541,0.0,0.0
2024-12-03 10:54:00-05:00,138.23779296875,138.32000732421875,138.10000610351562,138.3000946044922,403505,0.0,0.0
2024-12-03 10:55:00-05:00,138.3000946044922,138.37950134277344,138.22000122070312,138.23500061035156,301948,0.0,0.0
2024-12-03 10:56:00-05:00,138.22999572753906,138.6201934814453,138.22430419921875,138.60000610351562,516775,0.0,0.0
2024-12-03 10:57:00-05:00,138.58999633789062,138.74000549316406,138.57000732421875,138.60000610351562,422799,0.0,0.0
2024-12-03 10:58:00-05:00,138.606201171875,138.65499877929688,138.52999877929688,138.6190948486328,268581,0.0,0.0
2024-12-03 10:59:00-05:00,138.61990356445312,138.7637939453125,138.61000061035156,138.75059509277344,266217,0.0,0.0
2024-12-03 11:00:00-05:00,138.74989318847656,138.8699951171875,138.64999389648438,138.8249969482422,379186,0.0,0.0
2024-12-03 11:01:00-05:00,138.82000732421875,139.02999877929688,138.80999755859375,138.91990661621094,487364,0.0,0.0
2024-12-03 11:02:00-05:00,138.9149932861328,138.97999572753906,138.83999633789062,138.86500549316406,351743,0.0,0.0
2024-12-03 11:03:00-05:00,138.86749267578125,138.89999389648438,138.7899932861328,138.8800048828125,264807,0.0,0.0
2024-12-03 11:04:00-05:00,138.875,139.0800018310547,138.875,139.02999877929688,356235,0.0,0.0
2024-12-03 11:05:00-05:00,139.00999450683594,139.08999633789062,138.91000366210938,139.08399963378906,267915,0.0,0.0
2024-12-03 11:06:00-05:00,139.07249450683594,139.11000061035156,138.9700927734375,139.04080200195312,297394,0.0,0.0
2024-12-03 11:07:00-05:00,139.0449981689453,139.08920288085938,138.91000366210938,138.9199981689453,224968,0.0,0.0
2024-12-03 11:08:00-05:00,138.9001007080078,138.97000122070312,138.89010620117188,138.9600067138672,201335,0.0,0.0
2024-12-03 11:09:00-05:00,138.96090698242188,139.02999877929688,138.95010375976562,139.02279663085938,190957,0.0,0.0
2024-12-03 11:10:00-05:00,139.02000427246094,139.07000732421875,138.9600067138672,138.96009826660156,148073,0.0,0.0
2024-12-03 11:11:00-05:00,138.96009826660156,138.98500061035156,138.8699951171875,138.97999572753906,186629,0.0,0.0
2024-12-03 11:12:00-05:00,138.98500061035156,138.99000549316406,138.82000732421875,138.88999938964844,200531,0.0,0.0
2024-12-03 11:13:00-05:00,138.8979034423828,138.91000366210938,138.85000610351562,138.86000061035156,138699,0.0,0.0
2024-12-03 11:14:00-05:00,138.85499572753906,138.9499053955078,138.82000732421875,138.94000244140625,188551,0.0,0.0
2024-12-03 11:15:00-05:00,138.92999267578125,138.9499969482422,138.77999877929688,138.9084930419922,303817,0.0,0.0
2024-12-03 11:16:00-05:00,138.90780639648438,139.02000427246094,138.88999938964844,139.01820373535156,205950,0.0,0.0
2024-12-03 11:17:00-05:00,139.01499938964844,139.1699981689453,139.0,139.16140747070312,316623,0.0,0.0
2024-12-03 11:18:00-05:00,139.16529846191406,139.1999969482422,139.1199951171875,139.1894073486328,268133,0.0,0.0
2024-12-03 11:19:00-05:00,139.18499755859375,139.18930053710938,139.11000061035156,139.1260986328125,148795,0.0,0.0
2024-12-03 11:20:00-05:00,139.125,139.1999969482422,139.1199951171875,139.18850708007812,211356,0.0,0.0
2024-12-03 11:21:00-05:00,139.18629455566406,139.24000549316406,139.13999938964844,139.13999938964844,299621,0.0,0.0
2024-12-03 11:22:00-05:00,139.14520263671875,139.1999969482422,139.00010681152344,139.02000427246094,266305,0.0,0.0
2024-12-03 11:23:00-05:00,139.02999877929688,139.10000610351562,138.99000549316406,139.05499267578125,246711,0.0,0.0
2024-12-03 11:24:00-05:00,139.05999755859375,139.17999267578125,139.02000427246094,139.1593017578125,198404,0.0,0.0
2024-12-03 11:25:00-05:00,139.16000366210938,139.19000244140625,139.00999450683594,139.10499572753906,157377,0.0,0.0
2024-12-03 11:26:00-05:00,139.10000610351562,139.3300018310547,139.08999633789062,139.30999755859375,383961,0.0,0.0
2024-12-03 11:27:00-05:00,139.3000946044922,139.3300018310547,139.26010131835938,139.3000030517578,254142,0.0,0.0
2024-12-03 11:28:00-05:00,139.2949981689453,139.39999389648438,138.92999267578125,139.05059814453125,941931,0.0,0.0
2024-12-03 11:29:00-05:00,139.05819702148438,139.3394012451172,139.00999450683594,139.17919921875,414383,0.0,0.0
2024-12-03 11:30:00-05:00,139.18499755859375,139.4499969482422,139.16000366210938,139.42999267578125,451629,0.0,0.0
2024-12-03 11:31:00-05:00,139.4199981689453,139.4375,139.17999267578125,139.2595977783203,354661,0.0,0.0
2024-12-03 11:32:00-05:00,139.26300048828125,139.3000030517578,139.02999877929688,139.0399932861328,244156,0.0,0.0
2024-12-03 11:33:00-05:00,139.02999877929688,139.1300048828125,138.9199981689453,138.92999267578125,272221,0.0,0.0
2024-12-03 11:34:00-05:00,138.94000244140625,139.0500030517578,138.8300018310547,138.99000549316406,604607,0.0,0.0
2024-12-03 11:35:00-05:00,138.97000122070312,139.04400634765625,138.89500427246094,138.92250061035156,201187,0.0,0.0
2024-12-03 11:36:00-05:00,138.92120361328125,138.94000244140625,138.75999450683594,138.82980346679688,359854,0.0,0.0
2024-12-03 11:37:00-05:00,138.8249969482422,138.8300018310547,138.61000061035156,138.72500610351562,558853,0.0,0.0
2024-12-03 11:38:00-05:00,138.7209014892578,138.8699951171875,138.72000122070312,138.80499267578125,227619,0.0,0.0
2024-12-03 11:39:00-05:00,138.8000030517578,138.8699951171875,138.75,138.76499938964844,240884,0.0,0.0
2024-12-03 11:40:00-05:00,138.77999877929688,138.82000732421875,138.6699981689453,138.67999267578125,282467,0.0,0.0
2024-12-03 11:41:00-05:00,138.6768035888672,138.74989318847656,138.6300048828125,138.7050018310547,268871,0.0,0.0
2024-12-03 11:42:00-05:00,138.7095947265625,138.7899932861328,138.6699981689453,138.74029541015625,173616,0.0,0.0
2024-12-03 11:43:00-05:00,138.74000549316406,138.8000030517578,138.61000061035156,138.6208953857422,241249,0.0,0.0
2024-12-03 11:44:00-05:00,138.6199951171875,138.67999267578125,138.61000061035156,138.61000061035156,166520,0.0,0.0
2024-12-03 11:45:00-05:00,138.61000061035156,138.75,138.61000061035156,138.73150634765625,227093,0.0,0.0
2024-12-03 11:46:00-05:00,138.73500061035156,138.8249969482422,138.6300048828125,138.64999389648438,263553,0.0,0.0
2024-12-03 11:47:00-05:00,138.66000366210938,138.7100067138672,138.57000732421875,138.6999053955078,357037,0.0,0.0
2024-12-03 11:48:00-05:00,138.70989990234375,138.72999572753906,138.66009521484375,138.72500610351562,152721,0.0,0.0
2024-12-03 11:49:00-05:00,138.72500610351562,138.85000610351562,138.72000122070312,138.85000610351562,214700,0.0,0.0
2024-12-03 11:50:00-05:00,138.85989379882812,138.8699951171875,138.77000427246094,138.8101043701172,201339,0.0,0.0
2024-12-03 11:51:00-05:00,138.82000732421875,139.0,138.7902069091797,138.92999267578125,329623,0.0,0.0
2024-12-03 11:52:00-05:00,138.92999267578125,139.0,138.9156951904297,138.92999267578125,177168,0.0,0.0
2024-12-03 11:53:00-05:00,138.93499755859375,139.05999755859375,138.92999267578125,138.99400329589844,178559,0.0,0.0
2024-12-03 11:54:00-05:00,139.0,139.0399932861328,138.96009826660156,139.00230407714844,110147,0.0,0.0
2024-12-03 11:55:00-05:00,139.00999450683594,139.0198974609375,138.9199981689453,138.9394073486328,224816,0.0,0.0
2024-12-03 11:56:00-05:00,138.94000244140625,138.97999572753906,138.88270568847656,138.97000122070312,131180,0.0,0.0
2024-12-03 11:57:00-05:00,138.9600067138672,139.0,138.92010498046875,138.94000244140625,150890,0.0,0.0
2024-12-03 11:58:00-05:00,138.94500732421875,138.9499969482422,138.75999450683594,138.7899932861328,251390,0.0,0.0
2024-12-03 11:59:00-05:00,138.78500366210938,138.82989501953125,138.64999389648438,138.68089294433594,360942,0.0,0.0
2024-12-03 12:00:00-05:00,138.69000244140625,138.88999938964844,138.65499877929688,138.8300018310547,236950,0.0,0.0
2024-12-03 12:01:00-05:00,138.82000732421875,138.88870239257812,138.82000732421875,138.85760498046875,136791,0.0,0.0
2024-12-03 12:02:00-05:00,138.85009765625,138.89999389648438,138.7200927734375,138.7718048095703,197391,0.0,0.0
2024-12-03 12:03:00-05:00,138.77999877929688,138.85000610351562,138.77000427246094,138.83999633789062,120520,0.0,0.0
2024-12-03 12:04:00-05:00,138.84860229492188,138.9199981689453,138.81019592285156,138.8800048828125,171541,0.0,0.0
2024-12-03 12:05:00-05:00,138.8699951171875,138.8699951171875,138.6800994873047,138.68499755859375,758786,0.0,0.0
2024-12-03 12:06:00-05:00,138.67999267578125,138.72999572753906,138.58999633789062,138.7299041748047,297483,0.0,0.0
2024-12-03 12:07:00-05:00,138.72999572753906,138.7899932861328,138.69000244140625,138.77499389648438,114499,0.0,0.0
2024-12-03 12:08:00-05:00,138.77000427246094,138.7899932861328,138.68099975585938,138.72500610351562,91889,0.0,0.0
2024-12-03 12:09:00-05:00,138.72500610351562,138.7480010986328,138.5800018310547,138.58580017089844,156185,0.0,0.0
2024-12-03 12:10:00-05:00,138.58999633789062,138.6999969482422,138.5886993408203,138.6750030517578,1899868,0.0,0.0
2024-12-03 12:11:00-05:00,138.66000366210938,138.66000366210938,138.4949951171875,138.5198974609375,366284,0.0,0.0
2024-12-03 12:12:00-05:00,138.5198974609375,138.60499572753906,138.5,138.58999633789062,176947,0.0,0.0
2024-12-03 12:13:00-05:00,138.58999633789062,138.63400268554688,138.50999450683594,138.5491943359375,186397,0.0,0.0
2024-12-03 12:14:00-05:00,138.5399932861328,138.5850067138672,138.5,138.52740478515625,280338,0.0,0.0
2024-12-03 12:15:00-05:00,138.5299072265625,138.69000244140625,138.52499389648438,138.67990112304688,198171,0.0,0.0
2024-12-03 12:16:00-05:00,138.67970275878906,138.75999450683594,138.67129516601562,138.7454071044922,281725,0.0,0.0
2024-12-03 12:17:00-05:00,138.7449951171875,138.78990173339844,138.7100067138672,138.73629760742188,177446,0.0,0.0
2024-12-03 12:18:00-05:00,138.74000549316406,138.80999755859375,138.74000549316406,138.80999755859375,252816,0.0,0.0
2024-12-03 12:19:00-05:00,138.81500244140625,138.92990112304688,138.8000030517578,138.9091033935547,193010,0.0,0.0
2024-12-03 12:20:00-05:00,138.90989685058594,138.91000366210938,138.8300018310547,138.83999633789062,209062,0.0,0.0
2024-12-03 12:21:00-05:00,138.8347930908203,138.8699951171875,138.77999877929688,138.8000030517578,151598,0.0,0.0
2024-12-03 12:22:00-05:00,138.79010009765625,138.97000122070312,138.7899932861328,138.97000122070312,167629,0.0,0.0
2024-12-03 12:23:00-05:00,138.9600067138672,139.02000427246094,138.89999389648438,138.9199981689453,324100,0.0,0.0
2024-12-03 12:24:00-05:00,138.91909790039062,138.9550018310547,138.83999633789062,138.875,243324,0.0,0.0
2024-12-03 12:25:00-05:00,138.875,138.9322052001953,138.8000030517578,138.83819580078125,145892,0.0,0.0
2024-12-03 12:26:00-05:00,138.83990478515625,138.9199981689453,138.8350067138672,138.89999389648438,144606,0.0,0.0
2024-12-03 12:27:00-05:00,138.90499877929688,138.977294921875,138.85009765625,138.8800048828125,147464,0.0,0.0
2024-12-03 12:28:00-05:00,138.8800048828125,138.90989685058594,138.77999877929688,138.79010009765625,1644970,0.0,0.0
2024-12-03 12:29:00-05:00,138.79750061035156,138.8000030517578,138.74020385742188,138.77999877929688,2168224,0.0,0.0
2024-12-03 12:30:00-05:00,138.78500366210938,138.82000732421875,138.7292938232422,138.7301025390625,165569,0.0,0.0
2024-12-03 12:31:00-05:00,138.74000549316406,138.77499389648438,138.6519012451172,138.7100067138672,312949,0.0,0.0
2024-12-03 12:32:00-05:00,138.7050018310547,138.77000427246094,138.63999938964844,138.7100067138672,385861,0.0,0.0
2024-12-03 12:33:00-05:00,138.72000122070312,138.7899932861328,138.6699981689453,138.77000427246094,119389,0.0,0.0
2024-12-03 12:34:00-05:00,138.7718048095703,138.86990356445312,138.6999969482422,138.72000122070312,167282,0.0,0.0
2024-12-03 12:35:00-05:00,138.71499633789062,138.72000122070312,138.5749969482422,138.6300048828125,1346349,0.0,0.0
2024-12-03 12:36:00-05:00,138.6300048828125,138.64979553222656,138.50999450683594,138.6300048828125,300777,0.0,0.0
2024-12-03 12:37:00-05:00,138.6300048828125,138.67999267578125,138.60000610351562,138.6300048828125,158701,0.0,0.0
2024-12-03 12:38:00-05:00,138.6300048828125,138.72999572753906,138.6300048828125,138.72869873046875,253436,0.0,0.0
2024-12-03 12:39:00-05:00,138.72360229492188,138.75,138.67999267578125,138.7429962158203,149711,0.0,0.0
2024-12-03 12:40:00-05:00,138.75,138.83990478515625,138.74000549316406,138.7899932861328,157125,0.0,0.0
2024-12-03 12:41:00-05:00,138.7908935546875,138.85000610351562,138.77999877929688,138.82899475097656,86646,0.0,0.0
2024-12-03 12:42:00-05:00,138.82510375976562,138.91000366210938,138.82090759277344,138.8699951171875,171644,0.0,0.0
2024-12-03 12:43:00-05:00,138.86000061035156,138.86000061035156,138.75379943847656,138.75379943847656,132241,0.0,0.0
2024-12-03 12:44:00-05:00,138.75010681152344,138.77999877929688,138.74000549316406,138.77499389648438,119848,0.0,0.0
2024-12-03 12:45:00-05:00,138.77499389648438,138.86000061035156,138.764404296875,138.8408966064453,118506,0.0,0.0
2024-12-03 12:46:00-05:00,138.83999633789062,138.91000366210938,138.82000732421875,138.90550231933594,255591,0.0,0.0
2024-12-03 12:47:00-05:00,138.90899658203125,138.94000244140625,138.89999389648438,138.94000244140625,179329,0.0,0.0
2024-12-03 12:48:00-05:00,138.94000244140625,139.02000427246094,138.92999267578125,138.9600067138672,321453,0.0,0.0
2024-12-03 12:49:00-05:00,138.9611053466797,139.02000427246094,138.94009399414062,138.97500610351562,157213,0.0,0.0
2024-12-03 12:50:00-05:00,138.97689819335938,138.97689819335938,138.8800048828125,138.9199981689453,174431,0.0,0.0
2024-12-03 12:51:00-05:00,138.91610717773438,138.9499969482422,138.89999389648438,138.92539978027344,159806,0.0,0.0
2024-12-03 12:52:00-05:00,138.9250030517578,139.0,138.922607421875,138.97500610351562,163025,0.0,0.0
2024-12-03 12:53:00-05:00,138.9799041748047,139.0,138.9499969482422,138.99049377441406,109935,0.0,0.0
2024-12-03 12:54:00-05:00,138.9949951171875,139.07000732421875,138.99000549316406,139.0238037109375,296132,0.0,0.0
2024-12-03 12:55:00-05:00,139.02130126953125,139.08999633789062,139.0,139.0850067138672,138473,0.0,0.0
2024-12-03 12:56:00-05:00,139.0800018310547,139.0863037109375,139.0,139.02999877929688,165987,0.0,0.0
2024-12-03 12:57:00-05:00,139.03909301757812,139.15499877929688,139.02999877929688,139.14889526367188,273092,0.0,0.0
2024-12-03 12:58:00-05:00,139.14100646972656,139.14999389648438,139.07000732421875,139.11380004882812,233201,0.0,0.0
2024-12-03 12:59:00-05:00,139.11500549316406,139.16000366210938,139.08999633789062,139.09019470214844,1135712,0.0,0.0
2024-12-03 13:00:00-05:00,139.08999633789062,139.14999389648438,139.0500030517578,139.13499450683594,191308,0.0,0.0
2024-12-03 13:01:00-05:00,139.13999938964844,139.17999267578125,139.07000732421875,139.1300048828125,226728,0.0,0.0
2024-12-03 13:02:00-05:00,139.125,139.13999938964844,139.02000427246094,139.0749969482422,173907,0.0,0.0
2024-12-03 13:03:00-05:00,139.07009887695312,139.16000366210938,139.02000427246094,139.14500427246094,229322,0.0,0.0
2024-12-03 13:04:00-05:00,139.14999389648438,139.14999389648438,139.0399932861328,139.08009338378906,131212,0.0,0.0
2024-12-03 13:05:00-05:00,139.08990478515625,139.10499572753906,139.02000427246094,139.05999755859375,900024,0.0,0.0
2024-12-03 13:06:00-05:00,139.07000732421875,139.13999938964844,139.0500030517578,139.125,122328,0.0,0.0
2024-12-03 13:07:00-05:00,139.1239013671875,139.14999389648438,139.10000610351562,139.13540649414062,131498,0.0,0.0
2024-12-03 13:08:00-05:00,139.1300048828125,139.1898956298828,139.11000061035156,139.16209411621094,176395,0.0,0.0
2024-12-03 13:09:00-05:00,139.1699981689453,139.25999450683594,139.16439819335938,139.24989318847656,317912,0.0,0.0
2024-12-03 13:10:00-05:00,139.24989318847656,139.3300018310547,139.1800994873047,139.2299041748047,264158,0.0,0.0
2024-12-03 13:11:00-05:00,139.23199462890625,139.27999877929688,139.19039916992188,139.22000122070312,147041,0.0,0.0
2024-12-03 13:12:00-05:00,139.21969604492188,139.27499389648438,139.21009826660156,139.22000122070312,255083,0.0,0.0
2024-12-03 13:13:00-05:00,139.21499633789062,139.25,139.18499755859375,139.21499633789062,118305,0.0,0.0
2024-12-03 13:14:00-05:00,139.21499633789062,139.27000427246094,139.1999969482422,139.2628936767578,113271,0.0,0.0
2024-12-03 13:15:00-05:00,139.25999450683594,139.30999755859375,139.25010681152344,139.27000427246094,130747,0.0,0.0
2024-12-03 13:16:00-05:00,139.27920532226562,139.2899932861328,139.22860717773438,139.2299041748047,140317,0.0,0.0
2024-12-03 13:17:00-05:00,139.2299041748047,139.24000549316406,139.17999267578125,139.22500610351562,124509,0.0,0.0
2024-12-03 13:18:00-05:00,139.22860717773438,139.27999877929688,139.19000244140625,139.24989318847656,147014,0.0,0.0
2024-12-03 13:19:00-05:00,139.24000549316406,139.27000427246094,139.19500732421875,139.22500610351562,112189,0.0,0.0
2024-12-03 13:20:00-05:00,139.22000122070312,139.25999450683594,139.20010375976562,139.2550048828125,94524,0.0,0.0
2024-12-03 13:21:00-05:00,139.2541961669922,139.34500122070312,139.24009704589844,139.3350067138672,229003,0.0,0.0
2024-12-03 13:22:00-05:00,139.33009338378906,139.3800048828125,139.3300018310547,139.37120056152344,179621,0.0,0.0
2024-12-03 13:23:00-05:00,139.3699951171875,139.42999267578125,139.36000061035156,139.3813934326172,207239,0.0,0.0
2024-12-03 13:24:00-05:00,139.38499450683594,139.42999267578125,139.37069702148438,139.42990112304688,198621,0.0,0.0
2024-12-03 13:25:00-05:00,139.4199981689453,139.44000244140625,139.3699951171875,139.41929626464844,217725,0.0,0.0
2024-12-03 13:26:00-05:00,139.4149932861328,139.44000244140625,139.35499572753906,139.36990356445312,126773,0.0,0.0
2024-12-03 13:27:00-05:00,139.3699951171875,139.39999389648438,139.27499389648438,139.29080200195312,172611,0.0,0.0
2024-12-03 13:28:00-05:00,139.29629516601562,139.29849243164062,139.1416015625,139.2050018310547,299452,0.0,0.0
2024-12-03 13:29:00-05:00,139.20970153808594,139.22889709472656,139.0500030517578,139.05870056152344,303221,0.0,0.0
2024-12-03 13:30:00-05:00,139.0500030517578,139.1699981689453,139.02999877929688,139.139892578125,257882,0.0,0.0
2024-12-03 13:31:00-05:00,139.12620544433594,139.2100067138672,139.1199951171875,139.20249938964844,165973,0.0,0.0
2024-12-03 13:32:00-05:00,139.1999969482422,139.24000549316406,139.1300048828125,139.1490936279297,141314,0.0,0.0
2024-12-03 13:33:00-05:00,139.14999389648438,139.25999450683594,139.1300048828125,139.25999450683594,144638,0.0,0.0
2024-12-03 13:34:00-05:00,139.25999450683594,139.32879638671875,139.24000549316406,139.2949981689453,204464,0.0,0.0
2024-12-03 13:35:00-05:00,139.2949981689453,139.32000732421875,139.27000427246094,139.27999877929688,172346,0.0,0.0
2024-12-03 13:36:00-05:00,139.27999877929688,139.3800048828125,139.24000549316406,139.36000061035156,239686,0.0,0.0
2024-12-03 13:37:00-05:00,139.36000061035156,139.36380004882812,139.3000030517578,139.3249969482422,216674,0.0,0.0
2024-12-03 13:38:00-05:00,139.3238067626953,139.3291015625,139.16000366210938,139.17730712890625,216035,0.0,0.0
2024-12-03 13:39:00-05:00,139.17999267578125,139.19000244140625,139.05499267578125,139.0800018310547,330191,0.0,0.0
2024-12-03 13:40:00-05:00,139.0800018310547,139.0850067138672,138.97999572753906,139.0800018310547,268079,0.0,0.0
2024-12-03 13:41:00-05:00,139.0850067138672,139.0850067138672,138.9600067138672,138.99000549316406,180684,0.0,0.0
2024-12-03 13:42:00-05:00,138.99000549316406,139.00999450683594,138.92999267578125,138.9998016357422,172200,0.0,0.0
2024-12-03 13:43:00-05:00,138.9949951171875,139.0,138.94500732421875,138.97999572753906,116628,0.0,0.0
2024-12-03 13:44:00-05:00,138.9761962890625,139.02000427246094,138.94000244140625,138.99000549316406,178658,0.0,0.0
2024-12-03 13:45:00-05:00,138.99000549316406,139.0399932861328,138.9199981689453,138.99000549316406,221648,0.0,0.0
2024-12-03 13:46:00-05:00,138.98919677734375,139.02000427246094,138.94000244140625,138.9600067138672,137464,0.0,0.0
2024-12-03 13:47:00-05:00,138.9694061279297,138.97999572753906,138.94000244140625,138.9600067138672,98765,0.0,0.0
2024-12-03 13:48:00-05:00,138.9550018310547,139.02999877929688,138.94500732421875,139.02499389648438,89910,0.0,0.0
2024-12-03 13:49:00-05:00,139.02000427246094,139.13999938964844,139.02000427246094,139.13250732421875,260945,0.0,0.0
2024-12-03 13:50:00-05:00,139.13009643554688,139.19000244140625,139.1300048828125,139.17010498046875,144623,0.0,0.0
2024-12-03 13:51:00-05:00,139.1699981689453,139.17999267578125,139.11000061035156,139.14999389648438,122352,0.0,0.0
2024-12-03 13:52:00-05:00,139.14999389648438,139.289794921875,139.1199951171875,139.25259399414062,287840,0.0,0.0
2024-12-03 13:53:00-05:00,139.2550048828125,139.3000030517578,139.2301025390625,139.27499389648438,126976,0.0,0.0
2024-12-03 13:54:00-05:00,139.27090454101562,139.33999633789062,139.2292938232422,139.3350067138672,157139,0.0,0.0
2024-12-03 13:55:00-05:00,139.3350067138672,139.35000610351562,139.25,139.25999450683594,170368,0.0,0.0
2024-12-03 13:56:00-05:00,139.27000427246094,139.35000610351562,139.22950744628906,139.32000732421875,150528,0.0,0.0
2024-12-03 13:57:00-05:00,139.32000732421875,139.32000732421875,139.22000122070312,139.22000122070312,130786,0.0,0.0
2024-12-03 13:58:00-05:00,139.2200927734375,139.25,139.16000366210938,139.17010498046875,160232,0.0,0.0
2024-12-03 13:59:00-05:00,139.1717987060547,139.24000549316406,139.1699981689453,139.22520446777344,109402,0.0,0.0
2024-12-03 14:00:00-05:00,139.22000122070312,139.22000122070312,139.1199951171875,139.13999938964844,190662,0.0,0.0
2024-12-03 14:01:00-05:00,139.13999938964844,139.17999267578125,139.1199951171875,139.12539672851562,105552,0.0,0.0
2024-12-03 14:02:00-05:00,139.1300048828125,139.14999389648438,139.10000610351562,139.1002960205078,131018,0.0,0.0
2024-12-03 14:03:00-05:00,139.10499572753906,139.1699981689453,139.0800018310547,139.14999389648438,151990,0.0,0.0
2024-12-03 14:04:00-05:00,139.1501007080078,139.17999267578125,139.10000610351562,139.14500427246094,103878,0.0,0.0
2024-12-03 14:05:00-05:00,139.13999938964844,139.16000366210938,139.0850067138672,139.14990234375,121838,0.0,0.0
2024-12-03 14:06:00-05:00,139.13999938964844,139.19000244140625,139.10159301757812,139.13800048828125,136246,0.0,0.0
2024-12-03 14:07:00-05:00,139.13499450683594,139.17520141601562,139.10000610351562,139.11500549316406,105979,0.0,0.0
2024-12-03 14:08:00-05:00,139.11099243164062,139.1300048828125,139.05999755859375,139.1300048828125,73680,0.0,0.0
2024-12-03 14:09:00-05:00,139.12379455566406,139.27999877929688,139.11500549316406,139.25999450683594,191738,0.0,0.0
2024-12-03 14:10:00-05:00,139.26409912109375,139.27000427246094,139.17999267578125,139.22999572753906,138697,0.0,0.0
2024-12-03 14:11:00-05:00,139.2449951171875,139.2799072265625,139.1999969482422,139.22999572753906,207432,0.0,0.0
2024-12-03 14:12:00-05:00,139.22000122070312,139.25,139.20010375976562,139.2198944091797,64277,0.0,0.0
2024-12-03 14:13:00-05:00,139.2100067138672,139.2100067138672,139.16009521484375,139.17990112304688,131566,0.0,0.0
2024-12-03 14:14:00-05:00,139.17030334472656,139.19000244140625,139.1300048828125,139.14999389648438,97317,0.0,0.0
2024-12-03 14:15:00-05:00,139.15089416503906,139.22999572753906,139.1300048828125,139.22500610351562,108010,0.0,0.0
2024-12-03 14:16:00-05:00,139.22500610351562,139.22999572753906,139.16000366210938,139.19970703125,94448,0.0,0.0
2024-12-03 14:17:00-05:00,139.1999969482422,139.22000122070312,139.17999267578125,139.21499633789062,87153,0.0,0.0
2024-12-03 14:18:00-05:00,139.21099853515625,139.32000732421875,139.1999969482422,139.3199005126953,356943,0.0,0.0
2024-12-03 14:19:00-05:00,139.32000732421875,139.36000061035156,139.3101043701172,139.35989379882812,195837,0.0,0.0
2024-12-03 14:20:00-05:00,139.35000610351562,139.39999389648438,139.34019470214844,139.38999938964844,169830,0.0,0.0
2024-12-03 14:21:00-05:00,139.38499450683594,139.38999938964844,139.32009887695312,139.34109497070312,132958,0.0,0.0
2024-12-03 14:22:00-05:00,139.34030151367188,139.35000610351562,139.32000732421875,139.327392578125,127859,0.0,0.0
2024-12-03 14:23:00-05:00,139.32000732421875,139.35000610351562,139.2899932861328,139.35000610351562,136127,0.0,0.0
2024-12-03 14:24:00-05:00,139.35870361328125,139.35870361328125,139.28500366210938,139.3249969482422,126628,0.0,0.0
2024-12-03 14:25:00-05:00,139.32009887695312,139.36000061035156,139.3000030517578,139.31500244140625,97132,0.0,0.0
2024-12-03 14:26:00-05:00,139.31179809570312,139.3300018310547,139.25,139.28070068359375,126011,0.0,0.0
2024-12-03 14:27:00-05:00,139.28460693359375,139.2899932861328,139.1699981689453,139.19000244140625,199341,0.0,0.0
2024-12-03 14:28:00-05:00,139.1999053955078,139.2899932861328,139.19000244140625,139.27520751953125,138244,0.0,0.0
2024-12-03 14:29:00-05:00,139.26499938964844,139.27999877929688,139.25,139.26589965820312,101320,0.0,0.0
2024-12-03 14:30:00-05:00,139.27000427246094,139.375,139.26499938964844,139.3699951171875,197230,0.0,0.0
2024-12-03 14:31:00-05:00,139.3699951171875,139.52999877929688,139.36000061035156,139.51499938964844,526319,0.0,0.0
2024-12-03 14:32:00-05:00,139.51499938964844,139.625,139.4906005859375,139.61500549316406,392483,0.0,0.0
2024-12-03 14:33:00-05:00,139.6199951171875,139.69000244140625,139.5749969482422,139.69000244140625,296140,0.0,0.0
2024-12-03 14:34:00-05:00,139.6842041015625,139.68910217285156,139.6300048828125,139.65499877929688,233466,0.0,0.0
2024-12-03 14:35:00-05:00,139.65499877929688,139.6699981689453,139.56069946289062,139.58999633789062,252121,0.0,0.0
2024-12-03 14:36:00-05:00,139.5850067138672,139.63999938964844,139.57009887695312,139.6013946533203,176183,0.0,0.0
2024-12-03 14:37:00-05:00,139.61900329589844,139.63999938964844,139.5,139.6199951171875,297947,0.0,0.0
2024-12-03 14:38:00-05:00,139.6302032470703,139.6699981689453,139.60000610351562,139.64990234375,270427,0.0,0.0
2024-12-03 14:39:00-05:00,139.64340209960938,139.6999053955078,139.6300048828125,139.69000244140625,201884,0.0,0.0
2024-12-03 14:40:00-05:00,139.67999267578125,139.6999969482422,139.6300048828125,139.6898956298828,174738,0.0,0.0
2024-12-03 14:41:00-05:00,139.68910217285156,139.7449951171875,139.66000366210938,139.74000549316406,231513,0.0,0.0
2024-12-03 14:42:00-05:00,139.74000549316406,139.75,139.6199951171875,139.63999938964844,243952,0.0,0.0
2024-12-03 14:43:00-05:00,139.63999938964844,139.72999572753906,139.63999938964844,139.70590209960938,147432,0.0,0.0
2024-12-03 14:44:00-05:00,139.7100067138672,139.72999572753906,139.6699981689453,139.6800994873047,142533,0.0,0.0
2024-12-03 14:45:00-05:00,139.68649291992188,139.72000122070312,139.6699981689453,139.67999267578125,106724,0.0,0.0
2024-12-03 14:46:00-05:00,139.68499755859375,139.69000244140625,139.5500030517578,139.5850067138672,237283,0.0,0.0
2024-12-03 14:47:00-05:00,139.58099365234375,139.69000244140625,139.5500030517578,139.68499755859375,274102,0.0,0.0
2024-12-03 14:48:00-05:00,139.68899536132812,139.72000122070312,139.6699981689453,139.6988067626953,196971,0.0,0.0
2024-12-03 14:49:00-05:00,139.6999969482422,139.72999572753906,139.67999267578125,139.7050018310547,148349,0.0,0.0
2024-12-03 14:50:00-05:00,139.71499633789062,139.72000122070312,139.6300048828125,139.7194061279297,159254,0.0,0.0
2024-12-03 14:51:00-05:00,139.71009826660156,139.74000549316406,139.67999267578125,139.7299041748047,166566,0.0,0.0
2024-12-03 14:52:00-05:00,139.72869873046875,139.72999572753906,139.6699981689453,139.67999267578125,134718,0.0,0.0
2024-12-03 14:53:00-05:00,139.68499755859375,139.6999969482422,139.64999389648438,139.66000366210938,148137,0.0,0.0
2024-12-03 14:54:00-05:00,139.6649932861328,139.77000427246094,139.65020751953125,139.7552947998047,291007,0.0,0.0
2024-12-03 14:55:00-05:00,139.75889587402344,139.86000061035156,139.75450134277344,139.8249969482422,406906,0.0,0.0
2024-12-03 14:56:00-05:00,139.8300018310547,139.86000061035156,139.8000030517578,139.84500122070312,180282,0.0,0.0
2024-12-03 14:57:00-05:00,139.84500122070312,139.86000061035156,139.7899932861328,139.85499572753906,172927,0.0,0.0
2024-12-03 14:58:00-05:00,139.85499572753906,139.86000061035156,139.80270385742188,139.81500244140625,155987,0.0,0.0
2024-12-03 14:59:00-05:00,139.82000732421875,139.85000610351562,139.7899932861328,139.81500244140625,169954,0.0,0.0
2024-12-03 15:00:00-05:00,139.80999755859375,139.9600067138672,139.75999450683594,139.92999267578125,438859,0.0,0.0
2024-12-03 15:01:00-05:00,139.9199981689453,139.99000549316406,139.88999938964844,139.97500610351562,308986,0.0,0.0
2024-12-03 15:02:00-05:00,139.97999572753906,139.97999572753906,139.8502960205078,139.8654022216797,216920,0.0,0.0
2024-12-03 15:03:00-05:00,139.8690948486328,139.88580322265625,139.84210205078125,139.85890197753906,131894,0.0,0.0
2024-12-03 15:04:00-05:00,139.85000610351562,139.85000610351562,139.72999572753906,139.7899932861328,293950,0.0,0.0
2024-12-03 15:05:00-05:00,139.7899932861328,139.86000061035156,139.7899932861328,139.83389282226562,153004,0.0,0.0
2024-12-03 15:06:00-05:00,139.8386993408203,139.86990356445312,139.8000030517578,139.83099365234375,142015,0.0,0.0
2024-12-03 15:07:00-05:00,139.8350067138672,139.9250030517578,139.82000732421875,139.9149932861328,155594,0.0,0.0
2024-12-03 15:08:00-05:00,139.91000366210938,139.99000549316406,139.91000366210938,139.98179626464844,214224,0.0,0.0
2024-12-03 15:09:00-05:00,139.98500061035156,140.0,139.9344024658203,139.9698944091797,382754,0.0,0.0
2024-12-03 15:10:00-05:00,139.9698944091797,139.97999572753906,139.91000366210938,139.9149932861328,217856,0.0,0.0
2024-12-03 15:11:00-05:00,139.91000366210938,139.97000122070312,139.86000061035156,139.93499755859375,223153,0.0,0.0
2024-12-03 15:12:00-05:00,139.93499755859375,139.9600067138672,139.9199981689453,139.9250030517578,172203,0.0,0.0
2024-12-03 15:13:00-05:00,139.9250030517578,139.97999572753906,139.91000366210938,139.94500732421875,142064,0.0,0.0
2024-12-03 15:14:00-05:00,139.94700622558594,139.9886016845703,139.89999389648438,139.90499877929688,214789,0.0,0.0
2024-12-03 15:15:00-05:00,139.9001007080078,139.9199981689453,139.80999755859375,139.89500427246094,318707,0.0,0.0
2024-12-03 15:16:00-05:00,139.89999389648438,139.94000244140625,139.89500427246094,139.9199981689453,205219,0.0,0.0
2024-12-03 15:17:00-05:00,139.91000366210938,139.94000244140625,139.87130737304688,139.8800048828125,179830,0.0,0.0
2024-12-03 15:18:00-05:00,139.875,139.8800048828125,139.77000427246094,139.80499267578125,291036,0.0,0.0
2024-12-03 15:19:00-05:00,139.80499267578125,139.83999633789062,139.75999450683594,139.81500244140625,179218,0.0,0.0
2024-12-03 15:20:00-05:00,139.81500244140625,139.9600067138672,139.81100463867188,139.9600067138672,218464,0.0,0.0
2024-12-03 15:21:00-05:00,139.96499633789062,139.99000549316406,139.9499969482422,139.98500061035156,283683,0.0,0.0
2024-12-03 15:22:00-05:00,139.9801025390625,140.00999450683594,139.89999389648438,139.94610595703125,1054340,0.0,0.0
2024-12-03 15:23:00-05:00,139.9499969482422,140.05999755859375,139.9499969482422,140.03550720214844,285562,0.0,0.0
2024-12-03 15:24:00-05:00,140.03990173339844,140.1199951171875,140.01150512695312,140.11529541015625,282169,0.0,0.0
2024-12-03 15:25:00-05:00,140.11500549316406,140.17999267578125,140.11500549316406,140.16009521484375,406458,0.0,0.0
2024-12-03 15:26:00-05:00,140.16990661621094,140.1999969482422,140.1199951171875,140.16009521484375,437663,0.0,0.0
2024-12-03 15:27:00-05:00,140.168701171875,140.25,140.14999389648438,140.24159240722656,466112,0.0,0.0
2024-12-03 15:28:00-05:00,140.24879455566406,140.27999877929688,140.2050018310547,140.24789428710938,387921,0.0,0.0
2024-12-03 15:29:00-05:00,140.24879455566406,140.27000427246094,140.1999969482422,140.22999572753906,249095,0.0,0.0
2024-12-03 15:30:00-05:00,140.22360229492188,140.27000427246094,140.19000244140625,140.22909545898438,209162,0.0,0.0
2024-12-03 15:31:00-05:00,140.2259979248047,140.22999572753906,140.13999938964844,140.14999389648438,1063265,0.0,0.0
2024-12-03 15:32:00-05:00,140.16000366210938,140.1699981689453,140.00999450683594,140.10000610351562,384708,0.0,0.0
2024-12-03 15:33:00-05:00,140.10000610351562,140.16000366210938,140.08009338378906,140.0850067138672,278944,0.0,0.0
2024-12-03 15:34:00-05:00,140.08140563964844,140.10000610351562,139.9199981689453,139.95010375976562,356497,0.0,0.0
2024-12-03 15:35:00-05:00,139.95640563964844,139.97999572753906,139.92999267578125,139.95919799804688,251234,0.0,0.0
2024-12-03 15:36:00-05:00,139.95919799804688,139.99000549316406,139.9199981689453,139.97000122070312,258846,0.0,0.0
2024-12-03 15:37:00-05:00,139.9600067138672,140.0,139.91000366210938,139.97500610351562,287330,0.0,0.0
2024-12-03 15:38:00-05:00,139.97500610351562,139.9799041748047,139.88999938964844,139.90420532226562,375254,0.0,0.0
2024-12-03 15:39:00-05:00,139.90499877929688,139.92999267578125,139.81100463867188,139.8300018310547,353598,0.0,0.0
2024-12-03 15:40:00-05:00,139.82589721679688,139.8699951171875,139.80999755859375,139.86099243164062,195258,0.0,0.0
2024-12-03 15:41:00-05:00,139.8647003173828,139.91000366210938,139.83999633789062,139.9040985107422,237705,0.0,0.0
2024-12-03 15:42:00-05:00,139.90859985351562,139.97000122070312,139.89999389648438,139.9250030517578,270659,0.0,0.0
2024-12-03 15:43:00-05:00,139.94000244140625,139.9600067138672,139.83999633789062,139.9149932861328,288346,0.0,0.0
2024-12-03 15:44:00-05:00,139.9199981689453,139.97999572753906,139.8699951171875,139.97869873046875,301977,0.0,0.0
2024-12-03 15:45:00-05:00,139.97999572753906,139.97999572753906,139.91000366210938,139.94290161132812,205490,0.0,0.0
2024-12-03 15:46:00-05:00,139.94000244140625,139.9499969482422,139.7899932861328,139.86500549316406,482560,0.0,0.0
2024-12-03 15:47:00-05:00,139.86500549316406,139.8690948486328,139.72000122070312,139.75999450683594,416972,0.0,0.0
2024-12-03 15:48:00-05:00,139.76719665527344,139.80999755859375,139.72000122070312,139.8000030517578,643961,0.0,0.0
2024-12-03 15:49:00-05:00,139.8000946044922,139.88999938964844,139.7906036376953,139.8800048828125,334856,0.0,0.0
2024-12-03 15:50:00-05:00,139.9199981689453,140.17999267578125,139.88999938964844,140.14999389648438,1139480,0.0,0.0
2024-12-03 15:51:00-05:00,140.13499450683594,140.14999389648438,140.0399932861328,140.0749969482422,743785,0.0,0.0
2024-12-03 15:52:00-05:00,140.0749969482422,140.10000610351562,139.93499755859375,140.02499389648438,492919,0.0,0.0
2024-12-03 15:53:00-05:00,140.02000427246094,140.02999877929688,139.8300018310547,139.94000244140625,1306297,0.0,0.0
2024-12-03 15:54:00-05:00,139.97000122070312,140.0,139.88999938964844,139.99000549316406,484850,0.0,0.0
2024-12-03 15:55:00-05:00,139.99000549316406,140.13999938964844,139.9541015625,140.13499450683594,665279,0.0,0.0
2024-12-03 15:56:00-05:00,140.13499450683594,140.25,140.1300048828125,140.24000549316406,716734,0.0,0.0
2024-12-03 15:57:00-05:00,140.23500061035156,140.25,140.1199951171875,140.22500610351562,631454,0.0,0.0
2024-12-03 15:58:00-05:00,140.22149658203125,140.24000549316406,140.10499572753906,140.1199951171875,750341,0.0,0.0
2024-12-03 15:59:00-05:00,140.11000061035156,140.27999877929688,140.11000061035156,140.25,1800907,0.0,0.0
2024-12-03 16:00:00-05:00,140.26,140.265,140.1,140.11,13781537,0.0,0.0
2024-12-03 16:01:00-05:00,140.13,140.26,140.09,140.13,0,0.0,0.0
2024-12-03 16:02:00-05:00,140.26,140.26,139.7172,140.26,0,0.0,0.0
2024-12-03 16:03:00-05:00,140.26,140.26,140.14,140.165,0,0.0,0.0
2024-12-03 16:04:00-05:00,140.165,140.18,140.1,140.11,0,0.0,0.0
2024-12-03 16:05:00-05:00,140.26,140.4,140.1,140.27,0,0.0,0.0
2024-12-03 16:06:00-05:00,140.285,140.4,140.26,140.31,0,0.0,0.0
2024-12-03 16:07:00-05:00,140.34,140.35,140.11,140.19,0,0.0,0.0
2024-12-03 16:08:00-05:00,140.24,140.35,140.19,140.32,0,0.0,0.0
2024-12-03 16:09:00-05:00,140.3209,140.37,140.2,140.26,0,0.0,0.0
2024-12-03 16:10:00-05:00,140.31,140.33,140.22,140.275,0,0.0,0.0
2024-12-03 16:11:00-05:00,140.2518,140.35,140.2507,140.3,0,0.0,0.0
2024-12-03 16:12:00-05:00,140.325,140.36,140.28,140.32,0,0.0,0.0
2024-12-03 16:13:00-05:00,140.32,140.38,140.28,140.38,0,0.0,0.0
2024-12-03 16:14:00-05:00,140.365,140.41,140.32,140.375,0,0.0,0.0
2024-12-03 16:15:00-05:00,140.36,140.42,140.26,140.37,0,0.0,0.0
2024-12-03 16:16:00-05:00,140.38,140.44,140.34,140.38,0,0.0,0.0
2024-12-03 16:17:00-05:00,140.41,140.47,140.38,140.43,0,0.0,0.0
2024-12-03 16:18:00-05:00,140.43,140.48,140.39,140.44,0,0.0,0.0
2024-12-03 16:19:00-05:00,140.4401,140.48,140.4,140.42,0,0.0,0.0
2024-12-03 16:20:00-05:00,140.26,140.47,140.26,140.45,0,0.0,0.0
2024-12-03 16:21:00-05:00,140.445,140.45,140.36,140.43,0,0.0,0.0
2024-12-03 16:22:00-05:00,140.41,140.43,140.36,140.415,0,0.0,0.0
2024-12-03 16:23:00-05:00,140.415,140.45,140.39,140.435,0,0.0,0.0
2024-12-03 16:24:00-05:00,140.435,140.46,140.42,140.4502,0,0.0,0.0
2024-12-03 16:25:00-05:00,140.4501,140.62,140.44,140.48,0,0.0,0.0
2024-12-03 16:26:00-05:00,140.5,140.54,140.4501,140.54,0,0.0,0.0
2024-12-03 16:27:00-05:00,140.53,140.65,140.53,140.62,0,0.0,0.0
2024-12-03 16:28:00-05:00,140.65,140.78,140.5928,140.73,0,0.0,0.0
2024-12-03 16:29:00-05:00,140.76,140.77,140.7,140.7,0,0.0,0.0
2024-12-03 16:30:00-05:00,140.74,140.74,140.65,140.68,0,0.0,0.0
2024-12-03 16:31:00-05:00,140.68,140.76,140.26,140.725,0,0.0,0.0
2024-12-03 16:32:00-05:00,140.71,140.77,140.26,140.7699,0,0.0,0.0
2024-12-03 16:33:00-05:00,140.75,140.77,140.26,140.735,0,0.0,0.0
2024-12-03 16:34:00-05:00,140.74,140.74,140.7,140.72,0,0.0,0.0
2024-12-03 16:35:00-05:00,140.71,140.74,140.65,140.71,0,0.0,0.0
2024-12-03 16:36:00-05:00,140.69,140.74,140.26,140.7,0,0.0,0.0
2024-12-03 16:37:00-05:00,140.65,140.72,140.26,140.62,0,0.0,0.0
2024-12-03 16:38:00-05:00,140.65,140.7,140.62,140.685,0,0.0,0.0
2024-12-03 16:39:00-05:00,140.68,140.7,140.6,140.645,0,0.0,0.0
2024-12-03 16:40:00-05:00,140.621,140.65,140.6,140.6,0,0.0,0.0
2024-12-03 16:41:00-05:00,140.6,140.65,140.55,140.55,0,0.0,0.0
2024-12-03 16:42:00-05:00,140.55,140.65,140.55,140.6,0,0.0,0.0
2024-12-03 16:43:00-05:00,140.58,140.65,140.58,140.59,0,0.0,0.0
2024-12-03 16:44:00-05:00,140.59,140.62,140.26,140.56,0,0.0,0.0
2024-12-03 16:45:00-05:00,140.59,140.63,140.26,140.63,0,0.0,0.0
2024-12-03 16:46:00-05:00,140.63,140.65,140.55,140.6,0,0.0,0.0
2024-12-03 16:47:00-05:00,140.6,140.64,140.59,140.6,0,0.0,0.0
2024-12-03 16:48:00-05:00,140.62,140.65,140.59,140.61,0,0.0,0.0
2024-12-03 16:49:00-05:00,140.6199,140.64,140.59,140.62,0,0.0,0.0
2024-12-03 16:50:00-05:00,140.62,140.68,140.61,140.64,0,0.0,0.0
2024-12-03 16:51:00-05:00,140.6544,140.66,140.58,140.64,0,0.0,0.0
2024-12-03 16:52:00-05:00,140.61,140.61,140.58,140.5999,0,0.0,0.0
2024-12-03 16:53:00-05:00,140.6,140.6,140.54,140.55,0,0.0,0.0
2024-12-03 16:54:00-05:00,140.55,140.56,140.51,140.51,0,0.0,0.0
2024-12-03 16:55:00-05:00,140.52,140.56,140.51,140.56,0,0.0,0.0
2024-12-03 16:56:00-05:00,140.55,140.6,140.55,140.57,0,0.0,0.0
2024-12-03 16:57:00-05:00,140.57,140.6,140.53,140.55,0,0.0,0.0
2024-12-03 16:58:00-05:00,140.57,140.57,140.53,140.54,0,0.0,0.0
2024-12-03 16:59:00-05:00,140.555,140.56,140.5046,140.525,0,0.0,0.0
2024-12-03 17:00:00-05:00,140.5198,140.56,140.47,140.47,0,0.0,0.0
2024-12-03 17:01:00-05:00,140.48,140.5,137.8095,140.48,0,0.0,0.0
2024-12-03 17:02:00-05:00,140.48,140.52,137.8095,140.52,0,0.0,0.0
2024-12-03 17:03:00-05:00,140.48,140.52,140.47,140.48,0,0.0,0.0
2024-12-03 17:04:00-05:00,140.48,140.5,140.46,140.48,0,0.0,0.0
2024-12-03 17:05:00-05:00,140.485,140.51,140.45,140.46,0,0.0,0.0
2024-12-03 17:06:00-05:00,140.475,140.52,140.45,140.49,0,0.0,0.0
2024-12-03 17:07:00-05:00,140.47,140.55,140.46,140.48,0,0.0,0.0
2024-12-03 17:08:00-05:00,140.49,140.5,140.46,140.46,0,0.0,0.0
2024-12-03 17:09:00-05:00,140.465,140.47,140.46,140.4601,0,0.0,0.0
2024-12-03 17:10:00-05:00,140.47,140.4988,140.46,140.4988,0,0.0,0.0
2024-12-03 17:11:00-05:00,140.48,140.5,140.46,140.49,0,0.0,0.0
2024-12-03 17:12:00-05:00,140.49,140.5,140.47,140.5,0,0.0,0.0
2024-12-03 17:13:00-05:00,140.49,140.5,140.46,140.46,0,0.0,0.0
2024-12-03 17:14:00-05:00,140.475,140.475,140.44,140.46,0,0.0,0.0
2024-12-03 17:15:53-05:00,140.45,140.45,140.45,140.45,0,0.0,0.0
