time,Open,High,Low,Close,Volume,Dividends,Stock Splits
2024-12-19 04:00:00-05:00,132.03,132.15,131.71,132.07,0,0.0,0.0
2024-12-19 04:01:00-05:00,132.01,132.34,132.0,132.34,0,0.0,0.0
2024-12-19 04:02:00-05:00,132.3,132.7,132.28,132.68,0,0.0,0.0
2024-12-19 04:03:00-05:00,132.78,132.98,132.75,132.97,0,0.0,0.0
2024-12-19 04:04:00-05:00,132.97,133.0,132.52,132.6,0,0.0,0.0
2024-12-19 04:05:00-05:00,132.67,132.8,132.63,132.74,0,0.0,0.0
2024-12-19 04:06:00-05:00,132.74,132.8,132.69,132.76,0,0.0,0.0
2024-12-19 04:07:00-05:00,132.75,132.8,132.72,132.8,0,0.0,0.0
2024-12-19 04:08:00-05:00,132.78,132.83,132.56,132.56,0,0.0,0.0
2024-12-19 04:09:00-05:00,132.55,132.6,132.36,132.5,0,0.0,0.0
2024-12-19 04:10:00-05:00,132.5,132.5,132.18,132.3,0,0.0,0.0
2024-12-19 04:11:00-05:00,132.34,132.38,132.25,132.38,0,0.0,0.0
2024-12-19 04:12:00-05:00,132.4,132.48,132.32,132.48,0,0.0,0.0
2024-12-19 04:13:00-05:00,132.44,132.52,132.42,132.43,0,0.0,0.0
2024-12-19 04:14:00-05:00,132.42,132.49,132.37,132.41,0,0.0,0.0
2024-12-19 04:15:00-05:00,132.4,132.52,132.4,132.52,0,0.0,0.0
2024-12-19 04:16:00-05:00,132.48,132.49,132.4,132.45,0,0.0,0.0
2024-12-19 04:17:00-05:00,132.45,132.54,132.44,132.5,0,0.0,0.0
2024-12-19 04:18:00-05:00,132.54,132.6,132.5,132.51,0,0.0,0.0
2024-12-19 04:19:00-05:00,132.52,132.53,132.44,132.45,0,0.0,0.0
2024-12-19 04:20:00-05:00,132.47,132.5,132.15,132.26,0,0.0,0.0
2024-12-19 04:21:00-05:00,132.3,132.37,132.2,132.32,0,0.0,0.0
2024-12-19 04:22:00-05:00,132.25,132.37,132.13,132.13,0,0.0,0.0
2024-12-19 04:23:00-05:00,132.16,132.19,132.06,132.08,0,0.0,0.0
2024-12-19 04:24:00-05:00,132.09,132.11,131.65,131.73,0,0.0,0.0
2024-12-19 04:25:00-05:00,131.88,131.99,131.84,131.99,0,0.0,0.0
2024-12-19 04:26:00-05:00,132.0,132.09,131.84,131.86,0,0.0,0.0
2024-12-19 04:27:00-05:00,131.83,132.0,131.77,131.97,0,0.0,0.0
2024-12-19 04:28:00-05:00,131.92,131.92,131.61,131.68,0,0.0,0.0
2024-12-19 04:29:00-05:00,131.7,131.8,131.64,131.78,0,0.0,0.0
2024-12-19 04:30:00-05:00,131.74,131.85,131.68,131.68,0,0.0,0.0
2024-12-19 04:31:00-05:00,131.75,131.94,131.7,131.87,0,0.0,0.0
2024-12-19 04:32:00-05:00,131.86,131.86,131.71,131.8,0,0.0,0.0
2024-12-19 04:33:00-05:00,131.8,131.83,131.75,131.78,0,0.0,0.0
2024-12-19 04:34:00-05:00,131.71,131.78,131.62,131.77,0,0.0,0.0
2024-12-19 04:35:00-05:00,131.78,132.1,131.78,132.06,0,0.0,0.0
2024-12-19 04:36:00-05:00,132.1,132.13,132.02,132.03,0,0.0,0.0
2024-12-19 04:37:00-05:00,132.02,132.15,132.02,132.08,0,0.0,0.0
2024-12-19 04:38:00-05:00,132.08,132.15,131.95,132.15,0,0.0,0.0
2024-12-19 04:39:00-05:00,132.12,132.2,132.12,132.17,0,0.0,0.0
2024-12-19 04:40:00-05:00,132.12,132.2,132.11,132.18,0,0.0,0.0
2024-12-19 04:41:00-05:00,132.15,132.19,132.08,132.19,0,0.0,0.0
2024-12-19 04:42:00-05:00,132.18,132.24,131.94,131.94,0,0.0,0.0
2024-12-19 04:43:00-05:00,131.94,131.97,131.82,131.85,0,0.0,0.0
2024-12-19 04:44:00-05:00,131.81,131.95,131.79,131.9,0,0.0,0.0
2024-12-19 04:45:00-05:00,131.89,131.95,131.89,131.95,0,0.0,0.0
2024-12-19 04:46:00-05:00,131.95,132.0,131.84,131.89,0,0.0,0.0
2024-12-19 04:47:00-05:00,131.87,132.0,131.86,132.0,0,0.0,0.0
2024-12-19 04:48:00-05:00,132.0,132.03,131.92,131.92,0,0.0,0.0
2024-12-19 04:49:00-05:00,131.9,131.95,131.9,131.9,0,0.0,0.0
2024-12-19 04:50:00-05:00,131.94,132.0,131.92,132.0,0,0.0,0.0
2024-12-19 04:51:00-05:00,132.05,132.16,132.0,132.13,0,0.0,0.0
2024-12-19 04:52:00-05:00,132.1,132.18,132.06,132.18,0,0.0,0.0
2024-12-19 04:53:00-05:00,132.16,132.16,132.08,132.08,0,0.0,0.0
2024-12-19 04:54:00-05:00,132.06,132.1,132.04,132.1,0,0.0,0.0
2024-12-19 04:55:00-05:00,132.07,132.07,131.94,132.01,0,0.0,0.0
2024-12-19 04:56:00-05:00,132.01,132.01,131.85,131.85,0,0.0,0.0
2024-12-19 04:57:00-05:00,131.94,131.95,131.94,131.95,0,0.0,0.0
2024-12-19 04:58:00-05:00,131.91,131.96,131.86,131.95,0,0.0,0.0
2024-12-19 04:59:00-05:00,131.95,132.09,131.95,132.02,0,0.0,0.0
2024-12-19 05:00:00-05:00,132.03,132.03,132.0,132.02,0,0.0,0.0
2024-12-19 05:01:00-05:00,132.1,132.1,132.05,132.05,0,0.0,0.0
2024-12-19 05:02:00-05:00,132.05,132.05,131.98,132.04,0,0.0,0.0
2024-12-19 05:03:00-05:00,132.07,132.07,132.05,132.06,0,0.0,0.0
2024-12-19 05:04:00-05:00,132.05,132.05,132.02,132.04,0,0.0,0.0
2024-12-19 05:05:00-05:00,132.0,132.01,131.95,131.95,0,0.0,0.0
2024-12-19 05:06:00-05:00,131.94,131.95,131.88,131.89,0,0.0,0.0
2024-12-19 05:07:00-05:00,131.87,131.92,131.85,131.92,0,0.0,0.0
2024-12-19 05:08:00-05:00,131.94,131.95,131.9,131.91,0,0.0,0.0
2024-12-19 05:09:00-05:00,131.93,131.93,131.89,131.92,0,0.0,0.0
2024-12-19 05:10:00-05:00,131.92,132.0,131.92,131.99,0,0.0,0.0
2024-12-19 05:11:00-05:00,131.98,132.11,131.98,132.09,0,0.0,0.0
2024-12-19 05:12:00-05:00,132.06,132.09,132.05,132.07,0,0.0,0.0
2024-12-19 05:13:00-05:00,132.08,132.12,132.08,132.1,0,0.0,0.0
2024-12-19 05:14:00-05:00,132.13,132.2,132.1,132.1,0,0.0,0.0
2024-12-19 05:15:00-05:00,132.08,132.08,132.02,132.07,0,0.0,0.0
2024-12-19 05:16:00-05:00,132.07,132.18,132.07,132.18,0,0.0,0.0
2024-12-19 05:17:00-05:00,132.16,132.3,132.16,132.23,0,0.0,0.0
2024-12-19 05:18:00-05:00,132.23,132.24,132.19,132.21,0,0.0,0.0
2024-12-19 05:19:00-05:00,132.22,132.23,132.03,132.05,0,0.0,0.0
2024-12-19 05:20:00-05:00,132.07,132.09,132.01,132.05,0,0.0,0.0
2024-12-19 05:21:00-05:00,132.05,132.12,132.04,132.12,0,0.0,0.0
2024-12-19 05:22:00-05:00,132.1,132.1,132.01,132.01,0,0.0,0.0
2024-12-19 05:23:00-05:00,132.08,132.13,132.08,132.11,0,0.0,0.0
2024-12-19 05:24:00-05:00,132.11,132.13,132.04,132.07,0,0.0,0.0
2024-12-19 05:25:00-05:00,132.09,132.1,132.03,132.1,0,0.0,0.0
2024-12-19 05:26:00-05:00,132.1,132.15,132.09,132.15,0,0.0,0.0
2024-12-19 05:27:00-05:00,132.19,132.19,132.15,132.17,0,0.0,0.0
2024-12-19 05:28:00-05:00,132.18,132.2,132.14,132.15,0,0.0,0.0
2024-12-19 05:29:00-05:00,132.13,132.13,131.95,131.95,0,0.0,0.0
2024-12-19 05:30:00-05:00,131.94,131.94,131.76,131.82,0,0.0,0.0
2024-12-19 05:31:00-05:00,131.83,131.87,131.79,131.79,0,0.0,0.0
2024-12-19 05:32:00-05:00,131.82,131.91,131.82,131.9,0,0.0,0.0
2024-12-19 05:33:00-05:00,131.93,131.93,131.77,131.81,0,0.0,0.0
2024-12-19 05:34:00-05:00,131.81,131.81,131.74,131.81,0,0.0,0.0
2024-12-19 05:35:00-05:00,131.81,131.81,131.75,131.79,0,0.0,0.0
2024-12-19 05:36:00-05:00,131.78,131.78,131.66,131.7,0,0.0,0.0
2024-12-19 05:37:00-05:00,131.69,131.69,131.52,131.52,0,0.0,0.0
2024-12-19 05:38:00-05:00,131.52,131.52,131.33,131.38,0,0.0,0.0
2024-12-19 05:39:00-05:00,131.39,131.47,131.39,131.47,0,0.0,0.0
2024-12-19 05:40:00-05:00,131.49,131.59,131.48,131.59,0,0.0,0.0
2024-12-19 05:41:00-05:00,131.6,131.6,131.54,131.57,0,0.0,0.0
2024-12-19 05:42:00-05:00,131.55,131.63,131.53,131.61,0,0.0,0.0
2024-12-19 05:43:00-05:00,131.61,131.61,131.32,131.32,0,0.0,0.0
2024-12-19 05:44:00-05:00,131.32,131.45,131.32,131.38,0,0.0,0.0
2024-12-19 05:45:00-05:00,131.35,131.35,131.05,131.05,0,0.0,0.0
2024-12-19 05:46:00-05:00,131.05,131.3,131.03,131.21,0,0.0,0.0
2024-12-19 05:47:00-05:00,131.23,131.29,131.15,131.29,0,0.0,0.0
2024-12-19 05:48:00-05:00,131.26,131.48,131.26,131.45,0,0.0,0.0
2024-12-19 05:49:00-05:00,131.44,131.45,131.39,131.43,0,0.0,0.0
2024-12-19 05:50:00-05:00,131.43,131.43,131.34,131.36,0,0.0,0.0
2024-12-19 05:51:00-05:00,131.35,131.35,131.27,131.31,0,0.0,0.0
2024-12-19 05:52:00-05:00,131.3,131.3,131.27,131.27,0,0.0,0.0
2024-12-19 05:53:00-05:00,131.25,131.26,131.2,131.2,0,0.0,0.0
2024-12-19 05:54:00-05:00,131.18,131.31,131.18,131.31,0,0.0,0.0
2024-12-19 05:55:00-05:00,131.32,131.45,131.32,131.39,0,0.0,0.0
2024-12-19 05:56:00-05:00,131.38,131.39,131.32,131.32,0,0.0,0.0
2024-12-19 05:57:00-05:00,131.35,131.35,131.35,131.35,0,0.0,0.0
2024-12-19 05:58:00-05:00,131.37,131.37,131.28,131.3,0,0.0,0.0
2024-12-19 05:59:00-05:00,131.28,131.35,131.28,131.33,0,0.0,0.0
2024-12-19 06:00:00-05:00,131.32,131.39,131.27,131.39,0,0.0,0.0
2024-12-19 06:01:00-05:00,131.43,131.55,131.39,131.55,0,0.0,0.0
2024-12-19 06:02:00-05:00,131.52,131.52,131.41,131.48,0,0.0,0.0
2024-12-19 06:03:00-05:00,131.54,131.55,131.47,131.47,0,0.0,0.0
2024-12-19 06:04:00-05:00,131.45,131.54,131.45,131.54,0,0.0,0.0
2024-12-19 06:05:00-05:00,131.54,131.55,131.54,131.55,0,0.0,0.0
2024-12-19 06:06:00-05:00,131.6,131.64,131.58,131.64,0,0.0,0.0
2024-12-19 06:07:00-05:00,131.64,131.7,131.62,131.62,0,0.0,0.0
2024-12-19 06:08:00-05:00,131.62,131.62,131.5,131.5,0,0.0,0.0
2024-12-19 06:09:00-05:00,131.53,131.54,131.45,131.5,0,0.0,0.0
2024-12-19 06:10:00-05:00,131.49,131.56,131.49,131.56,0,0.0,0.0
2024-12-19 06:11:00-05:00,131.56,131.63,131.54,131.6,0,0.0,0.0
2024-12-19 06:12:00-05:00,131.65,131.67,131.62,131.67,0,0.0,0.0
2024-12-19 06:13:00-05:00,131.65,131.67,131.57,131.57,0,0.0,0.0
2024-12-19 06:14:00-05:00,131.61,131.61,131.6,131.61,0,0.0,0.0
2024-12-19 06:15:00-05:00,131.61,131.63,131.51,131.51,0,0.0,0.0
2024-12-19 06:16:00-05:00,131.54,131.56,131.42,131.43,0,0.0,0.0
2024-12-19 06:17:00-05:00,131.43,131.55,131.43,131.5,0,0.0,0.0
2024-12-19 06:18:00-05:00,131.53,131.56,131.5,131.54,0,0.0,0.0
2024-12-19 06:19:00-05:00,131.5,131.64,131.5,131.64,0,0.0,0.0
2024-12-19 06:20:00-05:00,131.6,131.62,131.56,131.59,0,0.0,0.0
2024-12-19 06:21:00-05:00,131.6,131.63,131.56,131.62,0,0.0,0.0
2024-12-19 06:22:00-05:00,131.62,131.65,131.6,131.63,0,0.0,0.0
2024-12-19 06:23:00-05:00,131.62,131.68,131.62,131.68,0,0.0,0.0
2024-12-19 06:24:00-05:00,131.68,131.8,131.68,131.76,0,0.0,0.0
2024-12-19 06:25:00-05:00,131.74,131.8,131.72,131.72,0,0.0,0.0
2024-12-19 06:26:00-05:00,131.69,131.7,131.4,131.49,0,0.0,0.0
2024-12-19 06:27:00-05:00,131.49,131.49,131.36,131.36,0,0.0,0.0
2024-12-19 06:28:00-05:00,131.38,131.38,131.32,131.35,0,0.0,0.0
2024-12-19 06:29:00-05:00,131.34,131.34,131.11,131.11,0,0.0,0.0
2024-12-19 06:30:00-05:00,131.12,131.24,131.05,131.05,0,0.0,0.0
2024-12-19 06:31:00-05:00,131.06,131.3,131.05,131.14,0,0.0,0.0
2024-12-19 06:32:00-05:00,131.18,131.2,131.14,131.14,0,0.0,0.0
2024-12-19 06:33:00-05:00,131.13,131.16,131.11,131.16,0,0.0,0.0
2024-12-19 06:34:00-05:00,131.19,131.25,131.12,131.23,0,0.0,0.0
2024-12-19 06:35:00-05:00,131.27,131.27,131.19,131.2,0,0.0,0.0
2024-12-19 06:37:00-05:00,131.38,131.45,131.33,131.33,0,0.0,0.0
2024-12-19 06:38:00-05:00,131.33,131.45,131.33,131.44,0,0.0,0.0
2024-12-19 06:41:00-05:00,131.4,131.44,131.39,131.4,0,0.0,0.0
2024-12-19 06:42:00-05:00,131.4,131.43,131.4,131.43,0,0.0,0.0
2024-12-19 06:43:00-05:00,131.43,131.5,131.43,131.48,0,0.0,0.0
2024-12-19 06:44:00-05:00,131.48,131.53,131.48,131.53,0,0.0,0.0
2024-12-19 06:45:00-05:00,131.51,131.57,131.51,131.57,0,0.0,0.0
2024-12-19 06:46:00-05:00,131.55,131.58,131.52,131.58,0,0.0,0.0
2024-12-19 06:47:00-05:00,131.55,131.56,131.5,131.5,0,0.0,0.0
2024-12-19 06:48:00-05:00,131.48,131.48,131.46,131.48,0,0.0,0.0
2024-12-19 06:49:00-05:00,131.5,131.56,131.48,131.54,0,0.0,0.0
2024-12-19 06:50:00-05:00,131.54,131.64,131.54,131.63,0,0.0,0.0
2024-12-19 06:51:00-05:00,131.63,131.65,131.62,131.65,0,0.0,0.0
2024-12-19 06:52:00-05:00,131.65,131.67,131.63,131.63,0,0.0,0.0
2024-12-19 06:53:00-05:00,131.63,131.64,131.57,131.61,0,0.0,0.0
2024-12-19 06:54:00-05:00,131.58,131.58,131.46,131.49,0,0.0,0.0
2024-12-19 06:55:00-05:00,131.5,131.51,131.42,131.42,0,0.0,0.0
2024-12-19 06:56:00-05:00,131.41,131.41,131.36,131.38,0,0.0,0.0
2024-12-19 06:57:00-05:00,131.4,131.45,131.4,131.45,0,0.0,0.0
2024-12-19 06:58:00-05:00,131.43,131.43,131.4,131.4,0,0.0,0.0
2024-12-19 06:59:00-05:00,131.4,131.4,131.38,131.38,0,0.0,0.0
2024-12-19 07:00:00-05:00,131.38,131.73,131.36,131.61,0,0.0,0.0
2024-12-19 07:01:00-05:00,131.62,131.73,131.6,131.6,0,0.0,0.0
2024-12-19 07:02:00-05:00,131.66,131.83,131.66,131.83,0,0.0,0.0
2024-12-19 07:03:00-05:00,131.84,131.94,131.84,131.89,0,0.0,0.0
2024-12-19 07:04:00-05:00,131.89,131.89,131.76,131.76,0,0.0,0.0
2024-12-19 07:05:00-05:00,131.76,131.83,131.75,131.8,0,0.0,0.0
2024-12-19 07:06:00-05:00,131.83,131.97,131.83,131.95,0,0.0,0.0
2024-12-19 07:07:00-05:00,131.95,132.17,131.92,132.12,0,0.0,0.0
2024-12-19 07:08:00-05:00,132.14,132.21,132.07,132.1,0,0.0,0.0
2024-12-19 07:09:00-05:00,132.07,132.08,131.94,132.01,0,0.0,0.0
2024-12-19 07:10:00-05:00,132.03,132.18,132.03,132.18,0,0.0,0.0
2024-12-19 07:11:00-05:00,132.2,132.27,132.17,132.27,0,0.0,0.0
2024-12-19 07:12:00-05:00,132.25,132.38,132.2,132.38,0,0.0,0.0
2024-12-19 07:13:00-05:00,132.38,132.43,132.35,132.35,0,0.0,0.0
2024-12-19 07:14:00-05:00,132.35,132.42,132.33,132.39,0,0.0,0.0
2024-12-19 07:15:00-05:00,132.39,132.42,132.38,132.42,0,0.0,0.0
2024-12-19 07:16:00-05:00,132.4,132.4,132.22,132.31,0,0.0,0.0
2024-12-19 07:17:00-05:00,132.3,132.349,132.26,132.349,0,0.0,0.0
2024-12-19 07:18:00-05:00,132.34,132.41,132.31,132.37,0,0.0,0.0
2024-12-19 07:19:00-05:00,132.4,132.4,132.23,132.31,0,0.0,0.0
2024-12-19 07:20:00-05:00,132.33,132.4,132.32,132.39,0,0.0,0.0
2024-12-19 07:21:00-05:00,132.38,132.42,132.31,132.41,0,0.0,0.0
2024-12-19 07:22:00-05:00,132.41,132.47,132.37,132.43,0,0.0,0.0
2024-12-19 07:23:00-05:00,132.42,132.539,132.41,132.539,0,0.0,0.0
2024-12-19 07:24:00-05:00,132.54,132.69,132.53,132.67,0,0.0,0.0
2024-12-19 07:25:00-05:00,132.68,132.7,132.58,132.63,0,0.0,0.0
2024-12-19 07:26:00-05:00,132.63,132.63,132.4,132.53,0,0.0,0.0
2024-12-19 07:27:00-05:00,132.5,132.55,132.45,132.45,0,0.0,0.0
2024-12-19 07:28:00-05:00,132.48,132.55,132.48,132.55,0,0.0,0.0
2024-12-19 07:29:00-05:00,132.53,132.62,132.53,132.56,0,0.0,0.0
2024-12-19 07:30:00-05:00,132.59,132.59,132.48,132.56,0,0.0,0.0
2024-12-19 07:31:00-05:00,132.54,132.54,132.38,132.45,0,0.0,0.0
2024-12-19 07:32:00-05:00,132.45,132.52,132.45,132.49,0,0.0,0.0
2024-12-19 07:33:00-05:00,132.5,132.55,132.47,132.48,0,0.0,0.0
2024-12-19 07:34:00-05:00,132.44,132.49,132.33,132.4,0,0.0,0.0
2024-12-19 07:35:00-05:00,132.36,132.58,132.36,132.58,0,0.0,0.0
2024-12-19 07:36:00-05:00,132.55,132.58,132.36,132.41,0,0.0,0.0
2024-12-19 07:37:00-05:00,132.4,132.4,132.2,132.2,0,0.0,0.0
2024-12-19 07:38:00-05:00,132.22,132.44,132.2,132.44,0,0.0,0.0
2024-12-19 07:39:00-05:00,132.44,132.49,132.37,132.4,0,0.0,0.0
2024-12-19 07:40:00-05:00,132.4,132.4,132.28,132.39,0,0.0,0.0
2024-12-19 07:41:00-05:00,132.37,132.42,132.37,132.41,0,0.0,0.0
2024-12-19 07:42:00-05:00,132.42,132.5,132.4,132.49,0,0.0,0.0
2024-12-19 07:43:00-05:00,132.5,132.57,132.45,132.45,0,0.0,0.0
2024-12-19 07:44:00-05:00,132.46,132.5,132.44,132.5,0,0.0,0.0
2024-12-19 07:45:00-05:00,132.53,132.53,132.44,132.5,0,0.0,0.0
2024-12-19 07:46:00-05:00,132.5,132.56,132.5,132.5,0,0.0,0.0
2024-12-19 07:48:00-05:00,132.47,132.52,132.47,132.5,0,0.0,0.0
2024-12-19 07:49:00-05:00,132.48,132.48,132.32,132.42,0,0.0,0.0
2024-12-19 07:50:00-05:00,132.4,132.43,132.32,132.32,0,0.0,0.0
2024-12-19 07:51:00-05:00,132.31,132.35,132.25,132.28,0,0.0,0.0
2024-12-19 07:52:00-05:00,132.29,132.33,132.28,132.28,0,0.0,0.0
2024-12-19 07:53:00-05:00,132.25,132.3,132.2,132.27,0,0.0,0.0
2024-12-19 07:54:00-05:00,132.26,132.34,132.26,132.29,0,0.0,0.0
2024-12-19 07:55:00-05:00,132.29,132.38,132.27,132.27,0,0.0,0.0
2024-12-19 07:56:00-05:00,132.27,132.34,132.27,132.34,0,0.0,0.0
2024-12-19 07:57:00-05:00,132.34,132.4,132.32,132.39,0,0.0,0.0
2024-12-19 07:58:00-05:00,132.39,132.4,132.34,132.4,0,0.0,0.0
2024-12-19 07:59:00-05:00,132.37,132.49,132.37,132.46,0,0.0,0.0
2024-12-19 08:00:00-05:00,132.0415,132.9307,131.05,131.5,0,0.0,0.0
2024-12-19 08:01:00-05:00,131.5424,132.685,131.04,132.4,0,0.0,0.0
2024-12-19 08:02:00-05:00,132.3994,132.4,131.27,132.23,0,0.0,0.0
2024-12-19 08:03:00-05:00,132.265,132.34,132.2,132.2514,0,0.0,0.0
2024-12-19 08:04:00-05:00,132.2852,132.29,132.15,132.1503,0,0.0,0.0
2024-12-19 08:05:00-05:00,132.18,132.18,128.91,132.0148,0,0.0,0.0
2024-12-19 08:06:00-05:00,132.03,132.17,132.01,132.17,0,0.0,0.0
2024-12-19 08:07:00-05:00,132.14,132.15,132.05,132.0501,0,0.0,0.0
2024-12-19 08:08:00-05:00,132.07,132.08,131.88,132.0,0,0.0,0.0
2024-12-19 08:09:00-05:00,131.92,132.02,131.85,131.89,0,0.0,0.0
2024-12-19 08:10:00-05:00,131.89,132.01,131.8504,132.0012,0,0.0,0.0
2024-12-19 08:11:00-05:00,132.0,132.0953,132.0,132.075,0,0.0,0.0
2024-12-19 08:12:00-05:00,132.05,132.14,132.04,132.11,0,0.0,0.0
2024-12-19 08:13:00-05:00,132.1,132.22,132.1,132.21,0,0.0,0.0
2024-12-19 08:14:00-05:00,132.204,132.3476,132.19,132.33,0,0.0,0.0
2024-12-19 08:15:00-05:00,132.33,132.43,132.3,132.39,0,0.0,0.0
2024-12-19 08:16:00-05:00,132.35,132.39,132.25,132.275,0,0.0,0.0
2024-12-19 08:17:00-05:00,132.29,132.3,132.17,132.25,0,0.0,0.0
2024-12-19 08:18:00-05:00,132.235,132.35,132.21,132.34,0,0.0,0.0
2024-12-19 08:19:00-05:00,132.35,132.41,132.29,132.3999,0,0.0,0.0
2024-12-19 08:20:00-05:00,132.38,132.4,132.28,132.31,0,0.0,0.0
2024-12-19 08:21:00-05:00,132.3,132.31,132.195,132.2295,0,0.0,0.0
2024-12-19 08:22:00-05:00,132.2394,132.42,132.21,132.41,0,0.0,0.0
2024-12-19 08:23:00-05:00,132.41,132.54,132.4,132.44,0,0.0,0.0
2024-12-19 08:24:00-05:00,132.44,132.5,132.39,132.4701,0,0.0,0.0
2024-12-19 08:25:00-05:00,132.48,132.5,132.35,132.44,0,0.0,0.0
2024-12-19 08:26:00-05:00,132.44,132.44,132.26,132.3,0,0.0,0.0
2024-12-19 08:27:00-05:00,132.29,132.36,132.21,132.2101,0,0.0,0.0
2024-12-19 08:28:00-05:00,132.249,132.34,132.22,132.3117,0,0.0,0.0
2024-12-19 08:29:00-05:00,132.31,132.35,132.08,132.08,0,0.0,0.0
2024-12-19 08:30:00-05:00,132.2,132.25,132.03,132.031,0,0.0,0.0
2024-12-19 08:31:00-05:00,132.0205,132.2,132.0201,132.18,0,0.0,0.0
2024-12-19 08:32:00-05:00,132.18,132.19,131.85,131.85,0,0.0,0.0
2024-12-19 08:33:00-05:00,131.85,131.97,131.5273,131.58,0,0.0,0.0
2024-12-19 08:34:00-05:00,131.5901,131.87,131.5901,131.86,0,0.0,0.0
2024-12-19 08:35:00-05:00,131.86,131.87,131.67,131.67,0,0.0,0.0
2024-12-19 08:36:00-05:00,131.69,131.88,131.65,131.66,0,0.0,0.0
2024-12-19 08:37:00-05:00,131.6601,131.86,131.6601,131.78,0,0.0,0.0
2024-12-19 08:38:00-05:00,131.7616,131.8,131.63,131.67,0,0.0,0.0
2024-12-19 08:39:00-05:00,131.68,131.7,131.58,131.65,0,0.0,0.0
2024-12-19 08:40:00-05:00,131.66,131.75,131.61,131.65,0,0.0,0.0
2024-12-19 08:41:00-05:00,131.64,131.6888,131.5,131.57,0,0.0,0.0
2024-12-19 08:42:00-05:00,131.564,131.6,131.52,131.58,0,0.0,0.0
2024-12-19 08:43:00-05:00,131.56,131.6,131.52,131.555,0,0.0,0.0
2024-12-19 08:44:00-05:00,131.5436,131.57,131.31,131.38,0,0.0,0.0
2024-12-19 08:45:00-05:00,131.44,131.49,131.33,131.48,0,0.0,0.0
2024-12-19 08:46:00-05:00,131.47,131.66,131.46,131.65,0,0.0,0.0
2024-12-19 08:47:00-05:00,131.66,131.83,131.6501,131.79,0,0.0,0.0
2024-12-19 08:48:00-05:00,131.8,131.87,131.76,131.83,0,0.0,0.0
2024-12-19 08:49:00-05:00,131.8399,131.87,131.8,131.87,0,0.0,0.0
2024-12-19 08:50:00-05:00,131.84,131.85,131.6601,131.7508,0,0.0,0.0
2024-12-19 08:51:00-05:00,131.78,131.8,131.66,131.72,0,0.0,0.0
2024-12-19 08:52:00-05:00,131.73,131.7352,131.51,131.54,0,0.0,0.0
2024-12-19 08:53:00-05:00,131.51,131.84,131.5,131.81,0,0.0,0.0
2024-12-19 08:54:00-05:00,131.85,131.85,131.7,131.7,0,0.0,0.0
2024-12-19 08:55:00-05:00,131.7,131.8,131.6611,131.78,0,0.0,0.0
2024-12-19 08:56:00-05:00,131.76,131.95,131.73,131.939,0,0.0,0.0
2024-12-19 08:57:00-05:00,131.915,131.94,131.77,131.83,0,0.0,0.0
2024-12-19 08:58:00-05:00,131.825,131.97,131.8,131.93,0,0.0,0.0
2024-12-19 08:59:00-05:00,131.95,131.99,131.86,131.895,0,0.0,0.0
2024-12-19 09:00:00-05:00,131.9,131.98,131.4017,131.6001,0,0.0,0.0
2024-12-19 09:01:00-05:00,131.6352,131.7,131.53,131.7,0,0.0,0.0
2024-12-19 09:02:00-05:00,131.76,131.8,131.63,131.8,0,0.0,0.0
2024-12-19 09:03:00-05:00,131.78,131.9,131.76,131.9,0,0.0,0.0
2024-12-19 09:04:00-05:00,131.93,131.93,131.76,131.8,0,0.0,0.0
2024-12-19 09:05:00-05:00,131.8,131.93,131.785,131.9,0,0.0,0.0
2024-12-19 09:06:00-05:00,131.9,132.06,131.9,132.049,0,0.0,0.0
2024-12-19 09:07:00-05:00,132.049,132.05,131.85,131.85,0,0.0,0.0
2024-12-19 09:08:00-05:00,131.855,131.87,131.78,131.84,0,0.0,0.0
2024-12-19 09:09:00-05:00,131.83,131.9,131.83,131.8991,0,0.0,0.0
2024-12-19 09:10:00-05:00,131.8999,131.9,131.67,131.7299,0,0.0,0.0
2024-12-19 09:11:00-05:00,131.695,131.79,131.68,131.7898,0,0.0,0.0
2024-12-19 09:12:00-05:00,131.79,131.85,131.68,131.81,0,0.0,0.0
2024-12-19 09:13:00-05:00,131.79,131.8,131.7,131.7109,0,0.0,0.0
2024-12-19 09:14:00-05:00,131.74,131.74,131.63,131.74,0,0.0,0.0
2024-12-19 09:15:00-05:00,131.74,131.78,131.731,131.775,0,0.0,0.0
2024-12-19 09:16:00-05:00,131.82,131.85,131.82,131.84,0,0.0,0.0
2024-12-19 09:17:00-05:00,131.84,132.0,131.83,132.0,0,0.0,0.0
2024-12-19 09:18:00-05:00,132.0,132.03,131.95,132.02,0,0.0,0.0
2024-12-19 09:19:00-05:00,132.0001,132.1,132.0001,132.05,0,0.0,0.0
2024-12-19 09:20:00-05:00,132.0502,132.19,132.05,132.16,0,0.0,0.0
2024-12-19 09:21:00-05:00,132.1501,132.2,132.14,132.16,0,0.0,0.0
2024-12-19 09:22:00-05:00,132.15,132.18,132.15,132.1599,0,0.0,0.0
2024-12-19 09:23:00-05:00,132.1501,132.18,132.15,132.18,0,0.0,0.0
2024-12-19 09:24:00-05:00,132.1501,132.23,132.05,132.15,0,0.0,0.0
2024-12-19 09:25:00-05:00,132.15,132.23,131.8,131.98,0,0.0,0.0
2024-12-19 09:26:00-05:00,132.0,132.09,131.92,132.0,0,0.0,0.0
2024-12-19 09:27:00-05:00,131.99,132.12,131.83,131.84,0,0.0,0.0
2024-12-19 09:28:00-05:00,131.83,131.93,131.7801,131.84,0,0.0,0.0
2024-12-19 09:29:00-05:00,131.83,131.88,131.7,131.7,0,0.0,0.0
2024-12-19 09:30:00-05:00,131.72000122070312,131.89999389648438,131.25,131.3800048828125,11679906,0.0,0.0
2024-12-19 09:31:00-05:00,131.39999389648438,131.85000610351562,130.9001007080078,131.0200958251953,1436251,0.0,0.0
2024-12-19 09:32:00-05:00,131.03500366210938,131.47999572753906,130.22999572753906,130.39210510253906,1410558,0.0,0.0
2024-12-19 09:33:00-05:00,130.39500427246094,131.17999267578125,130.3699951171875,131.1199951171875,1124221,0.0,0.0
2024-12-19 09:34:00-05:00,131.11500549316406,131.60000610351562,130.9499969482422,131.16000366210938,1180766,0.0,0.0
2024-12-19 09:35:00-05:00,131.14500427246094,131.39999389648438,130.96319580078125,131.07749938964844,968790,0.0,0.0
2024-12-19 09:36:00-05:00,131.0688018798828,131.0800018310547,129.8699951171875,129.97000122070312,1975072,0.0,0.0
2024-12-19 09:37:00-05:00,129.97000122070312,130.19000244140625,129.83999633789062,130.12989807128906,1157718,0.0,0.0
2024-12-19 09:38:00-05:00,130.1300048828125,130.37989807128906,129.8217010498047,130.36990356445312,1104074,0.0,0.0
2024-12-19 09:39:00-05:00,130.3699951171875,130.44000244140625,129.94000244140625,130.30999755859375,812846,0.0,0.0
2024-12-19 09:40:00-05:00,130.3199005126953,130.62359619140625,130.25999450683594,130.4799041748047,819704,0.0,0.0
2024-12-19 09:41:00-05:00,130.46470642089844,130.8000030517578,129.97000122070312,130.6300048828125,1010693,0.0,0.0
2024-12-19 09:42:00-05:00,130.64930725097656,131.14999389648438,130.64930725097656,131.01930236816406,1130133,0.0,0.0
2024-12-19 09:43:00-05:00,131.00999450683594,131.16090393066406,130.77999877929688,131.11000061035156,768984,0.0,0.0
2024-12-19 09:44:00-05:00,131.10000610351562,131.13999938964844,130.60000610351562,130.875,775576,0.0,0.0
2024-12-19 09:45:00-05:00,130.8800048828125,130.94000244140625,130.5,130.77999877929688,610078,0.0,0.0
2024-12-19 09:46:00-05:00,130.78990173339844,131.4199981689453,130.7100067138672,131.07000732421875,1134523,0.0,0.0
2024-12-19 09:47:00-05:00,131.08999633789062,131.36000061035156,130.6999969482422,131.30999755859375,878606,0.0,0.0
2024-12-19 09:48:00-05:00,131.32000732421875,131.60000610351562,131.1300048828125,131.25010681152344,981341,0.0,0.0
2024-12-19 09:49:00-05:00,131.25,131.27000427246094,130.85009765625,130.9600067138672,747113,0.0,0.0
2024-12-19 09:50:00-05:00,130.9600067138672,131.19000244140625,130.89999389648438,131.1199951171875,533199,0.0,0.0
2024-12-19 09:51:00-05:00,131.14999389648438,131.3000030517578,130.88999938964844,131.00999450683594,466693,0.0,0.0
2024-12-19 09:52:00-05:00,131.00999450683594,131.38999938964844,130.92999267578125,131.35000610351562,460809,0.0,0.0
2024-12-19 09:53:00-05:00,131.36000061035156,131.50999450683594,131.0449981689453,131.16000366210938,565234,0.0,0.0
2024-12-19 09:54:00-05:00,131.1616973876953,131.38980102539062,130.73500061035156,130.73500061035156,775176,0.0,0.0
2024-12-19 09:55:00-05:00,130.72000122070312,131.0,130.64999389648438,130.7801055908203,648591,0.0,0.0
2024-12-19 09:56:00-05:00,130.77999877929688,131.1199951171875,130.76600646972656,130.8699951171875,521743,0.0,0.0
2024-12-19 09:57:00-05:00,130.8800048828125,131.13999938964844,130.85000610351562,130.97500610351562,437304,0.0,0.0
2024-12-19 09:58:00-05:00,130.94000244140625,130.9499969482422,130.6999969482422,130.75999450683594,418584,0.0,0.0
2024-12-19 09:59:00-05:00,130.75999450683594,131.00999450683594,130.5800018310547,130.94000244140625,748021,0.0,0.0
2024-12-19 10:00:00-05:00,130.92999267578125,131.22999572753906,130.7303924560547,131.08999633789062,741857,0.0,0.0
2024-12-19 10:01:00-05:00,131.0944061279297,131.16799926757812,130.77999877929688,130.86959838867188,438850,0.0,0.0
2024-12-19 10:02:00-05:00,130.8699951171875,131.22000122070312,130.67010498046875,131.14999389648438,525851,0.0,0.0
2024-12-19 10:03:00-05:00,131.13999938964844,131.32980346679688,130.9102020263672,131.07760620117188,563227,0.0,0.0
2024-12-19 10:04:00-05:00,131.08349609375,131.27999877929688,130.57000732421875,130.5749969482422,840627,0.0,0.0
2024-12-19 10:05:00-05:00,130.5800018310547,130.67550659179688,130.3509979248047,130.50869750976562,771398,0.0,0.0
2024-12-19 10:06:00-05:00,130.5050048828125,130.6699981689453,130.0399932861328,130.06759643554688,859483,0.0,0.0
2024-12-19 10:07:00-05:00,130.0800018310547,130.3800048828125,129.9499969482422,130.33999633789062,913817,0.0,0.0
2024-12-19 10:08:00-05:00,130.3153076171875,130.55499267578125,130.30130004882812,130.35499572753906,517785,0.0,0.0
2024-12-19 10:09:00-05:00,130.35499572753906,130.77999877929688,130.32009887695312,130.74000549316406,695090,0.0,0.0
2024-12-19 10:10:00-05:00,130.7200927734375,131.0800018310547,130.6300048828125,131.07659912109375,783333,0.0,0.0
2024-12-19 10:11:00-05:00,131.06410217285156,131.32000732421875,130.99000549316406,131.32000732421875,700891,0.0,0.0
2024-12-19 10:12:00-05:00,131.32000732421875,131.66000366210938,131.1649932861328,131.6300048828125,911563,0.0,0.0
2024-12-19 10:13:00-05:00,131.6300048828125,132.05999755859375,131.56900024414062,132.02499389648438,1130761,0.0,0.0
2024-12-19 10:14:00-05:00,132.02999877929688,132.05999755859375,131.82119750976562,132.00999450683594,674913,0.0,0.0
2024-12-19 10:15:00-05:00,131.99349975585938,132.02999877929688,131.7200927734375,131.7899932861328,615777,0.0,0.0
2024-12-19 10:16:00-05:00,131.77999877929688,131.8300018310547,131.5800018310547,131.6793975830078,625569,0.0,0.0
2024-12-19 10:17:00-05:00,131.6699981689453,132.0196075439453,131.61390686035156,131.8000030517578,703763,0.0,0.0
2024-12-19 10:18:00-05:00,131.7949981689453,131.84849548339844,131.5800018310547,131.66000366210938,356512,0.0,0.0
2024-12-19 10:19:00-05:00,131.6649932861328,131.8300018310547,131.6020965576172,131.75990295410156,306676,0.0,0.0
2024-12-19 10:20:00-05:00,131.6999969482422,131.83999633789062,131.45289611816406,131.47000122070312,548967,0.0,0.0
2024-12-19 10:21:00-05:00,131.47500610351562,131.52000427246094,131.41000366210938,131.48500061035156,84464,0.0,0.0
2024-12-19 10:22:00-05:00,131.19000244140625,131.19000244140625,130.91009521484375,130.9499969482422,1025825,0.0,0.0
2024-12-19 10:23:00-05:00,130.9550018310547,131.05999755859375,130.83099365234375,130.96499633789062,476701,0.0,0.0
2024-12-19 10:24:00-05:00,130.94009399414062,131.05999755859375,130.8800048828125,130.9680938720703,403946,0.0,0.0
2024-12-19 10:25:00-05:00,130.97799682617188,131.32989501953125,130.8800048828125,131.3000030517578,498298,0.0,0.0
2024-12-19 10:26:00-05:00,131.30999755859375,131.39999389648438,131.02000427246094,131.07000732421875,435328,0.0,0.0
2024-12-19 10:27:00-05:00,131.05999755859375,131.1999969482422,130.8300018310547,130.83999633789062,516482,0.0,0.0
2024-12-19 10:28:00-05:00,130.83999633789062,130.85000610351562,130.44000244140625,130.47500610351562,814896,0.0,0.0
2024-12-19 10:29:00-05:00,130.49000549316406,130.55999755859375,130.22000122070312,130.22000122070312,629805,0.0,0.0
2024-12-19 10:30:00-05:00,130.22000122070312,130.4499969482422,130.1199951171875,130.22999572753906,625400,0.0,0.0
2024-12-19 10:31:00-05:00,130.22000122070312,130.2899932861328,129.89999389648438,130.0,848356,0.0,0.0
2024-12-19 10:32:00-05:00,130.01499938964844,130.25990295410156,129.8000030517578,130.23519897460938,867494,0.0,0.0
2024-12-19 10:33:00-05:00,130.22999572753906,130.3000030517578,129.86000061035156,129.89999389648438,503172,0.0,0.0
2024-12-19 10:34:00-05:00,129.88999938964844,129.94000244140625,129.5500030517578,129.6999969482422,1064742,0.0,0.0
2024-12-19 10:35:00-05:00,129.6999969482422,130.05990600585938,129.69000244140625,129.80020141601562,577227,0.0,0.0
2024-12-19 10:36:00-05:00,129.80999755859375,130.05999755859375,129.5655975341797,129.97000122070312,544809,0.0,0.0
2024-12-19 10:37:00-05:00,129.99000549316406,130.3000030517578,129.97950744628906,130.27999877929688,577253,0.0,0.0
2024-12-19 10:38:00-05:00,130.3000030517578,130.5500030517578,130.27999877929688,130.35000610351562,647054,0.0,0.0
2024-12-19 10:39:00-05:00,130.33999633789062,130.5,130.2100067138672,130.27000427246094,522029,0.0,0.0
2024-12-19 10:40:00-05:00,130.26210021972656,130.63999938964844,130.10000610351562,130.57000732421875,519804,0.0,0.0
2024-12-19 10:41:00-05:00,130.5749969482422,130.60989379882812,130.20799255371094,130.27999877929688,297303,0.0,0.0
2024-12-19 10:42:00-05:00,130.27749633789062,130.9199981689453,130.27169799804688,130.9149932861328,492956,0.0,0.0
2024-12-19 10:43:00-05:00,130.88999938964844,131.16000366210938,130.83999633789062,130.99000549316406,2748898,0.0,0.0
2024-12-19 10:44:00-05:00,130.9636993408203,131.28500366210938,130.9636993408203,131.17010498046875,542722,0.0,0.0
2024-12-19 10:45:00-05:00,131.1699981689453,131.49000549316406,131.14190673828125,131.4499969482422,588651,0.0,0.0
2024-12-19 10:46:00-05:00,131.44000244140625,131.5,131.1199951171875,131.24000549316406,571650,0.0,0.0
2024-12-19 10:47:00-05:00,131.2375946044922,131.25,131.07000732421875,131.1999969482422,302744,0.0,0.0
2024-12-19 10:48:00-05:00,131.1999969482422,131.3498992919922,131.17999267578125,131.29010009765625,357592,0.0,0.0
2024-12-19 10:49:00-05:00,131.3000030517578,131.66000366210938,131.25999450683594,131.6300048828125,524471,0.0,0.0
2024-12-19 10:50:00-05:00,131.63499450683594,131.91000366210938,131.50999450683594,131.8699951171875,678626,0.0,0.0
2024-12-19 10:51:00-05:00,131.86000061035156,131.9499969482422,131.5,131.5500030517578,590894,0.0,0.0
2024-12-19 10:52:00-05:00,131.5500030517578,131.69000244140625,131.4199981689453,131.6300048828125,367613,0.0,0.0
2024-12-19 10:53:00-05:00,131.639892578125,131.78990173339844,131.5399932861328,131.69000244140625,410343,0.0,0.0
2024-12-19 10:54:00-05:00,131.67100524902344,131.83999633789062,131.460205078125,131.58999633789062,403022,0.0,0.0
2024-12-19 10:55:00-05:00,131.61000061035156,131.7899932861328,131.55999755859375,131.64999389648438,354709,0.0,0.0
2024-12-19 10:56:00-05:00,131.64999389648438,131.6562957763672,131.3632049560547,131.52699279785156,408131,0.0,0.0
2024-12-19 10:57:00-05:00,131.52000427246094,131.52000427246094,131.1999969482422,131.4499969482422,403635,0.0,0.0
2024-12-19 10:58:00-05:00,131.4499969482422,131.74000549316406,131.39999389648438,131.69000244140625,386200,0.0,0.0
2024-12-19 10:59:00-05:00,131.6699981689453,131.72999572753906,131.572998046875,131.6199951171875,243148,0.0,0.0
2024-12-19 11:00:00-05:00,131.58999633789062,131.6999969482422,131.47039794921875,131.69000244140625,271003,0.0,0.0
2024-12-19 11:01:00-05:00,131.69000244140625,131.77999877929688,131.3800048828125,131.4499969482422,416370,0.0,0.0
2024-12-19 11:02:00-05:00,131.44850158691406,131.47000122070312,131.35000610351562,131.39999389648438,290320,0.0,0.0
2024-12-19 11:03:00-05:00,131.38270568847656,131.5399932861328,131.36000061035156,131.36000061035156,224145,0.0,0.0
2024-12-19 11:04:00-05:00,131.3656005859375,131.375,131.13999938964844,131.20089721679688,337384,0.0,0.0
2024-12-19 11:05:00-05:00,131.1999969482422,131.38499450683594,131.17999267578125,131.25,292092,0.0,0.0
2024-12-19 11:06:00-05:00,131.25,131.33050537109375,131.1123046875,131.33050537109375,290677,0.0,0.0
2024-12-19 11:07:00-05:00,131.33999633789062,131.42999267578125,131.10000610351562,131.1199951171875,268220,0.0,0.0
2024-12-19 11:09:00-05:00,130.82000732421875,130.97000122070312,130.80140686035156,130.96339416503906,1026379,0.0,0.0
2024-12-19 11:10:00-05:00,130.97000122070312,131.05999755859375,130.86000061035156,130.8800048828125,357021,0.0,0.0
2024-12-19 11:11:00-05:00,130.875,131.08990478515625,130.82000732421875,131.0500030517578,366124,0.0,0.0
2024-12-19 11:12:00-05:00,131.0399932861328,131.32000732421875,131.0399932861328,131.1999969482422,479047,0.0,0.0
2024-12-19 11:13:00-05:00,131.19000244140625,131.44000244140625,131.17999267578125,131.4051971435547,418418,0.0,0.0
2024-12-19 11:14:00-05:00,131.38999938964844,131.42999267578125,131.24000549316406,131.39950561523438,325248,0.0,0.0
2024-12-19 11:15:00-05:00,131.40989685058594,131.72999572753906,131.3699951171875,131.6199951171875,608106,0.0,0.0
2024-12-19 11:16:00-05:00,131.6199951171875,131.72999572753906,131.5,131.68690490722656,329247,0.0,0.0
2024-12-19 11:17:00-05:00,131.70010375976562,131.8699951171875,131.70010375976562,131.8260040283203,543426,0.0,0.0
2024-12-19 11:18:00-05:00,131.81500244140625,132.03750610351562,131.75,131.91000366210938,844938,0.0,0.0
2024-12-19 11:19:00-05:00,131.89999389648438,132.1699981689453,131.88999938964844,132.00999450683594,619166,0.0,0.0
2024-12-19 11:20:00-05:00,132.00999450683594,132.4600067138672,131.99000549316406,132.38999938964844,807036,0.0,0.0
2024-12-19 11:21:00-05:00,132.39959716796875,132.6199951171875,132.31019592285156,132.4499969482422,764783,0.0,0.0
2024-12-19 11:22:00-05:00,132.4250030517578,132.75,132.4199981689453,132.74989318847656,532821,0.0,0.0
2024-12-19 11:23:00-05:00,132.7449951171875,133.14999389648438,132.7427978515625,133.0601043701172,1321331,0.0,0.0
2024-12-19 11:24:00-05:00,133.06919860839844,133.1199951171875,132.85000610351562,132.92999267578125,572137,0.0,0.0
2024-12-19 11:25:00-05:00,132.91000366210938,133.0800018310547,132.75,133.07000732421875,611690,0.0,0.0
2024-12-19 11:26:00-05:00,133.05499267578125,133.44000244140625,133.05499267578125,133.31500244140625,980815,0.0,0.0
2024-12-19 11:27:00-05:00,133.32000732421875,133.36399841308594,133.02000427246094,133.18310546875,599037,0.0,0.0
2024-12-19 11:28:00-05:00,133.17999267578125,133.24000549316406,132.89999389648438,133.0106964111328,549029,0.0,0.0
2024-12-19 11:29:00-05:00,133.0399932861328,133.1999969482422,132.85000610351562,133.14990234375,577102,0.0,0.0
2024-12-19 11:30:00-05:00,133.1199951171875,133.3699951171875,132.97000122070312,133.34979248046875,675909,0.0,0.0
2024-12-19 11:31:00-05:00,133.34930419921875,133.57000732421875,133.25,133.5500030517578,713513,0.0,0.0
2024-12-19 11:32:00-05:00,133.5500030517578,133.75,133.3699951171875,133.66000366210938,830073,0.0,0.0
2024-12-19 11:33:00-05:00,133.64999389648438,133.65499877929688,133.2899932861328,133.32000732421875,690499,0.0,0.0
2024-12-19 11:34:00-05:00,133.33990478515625,133.36000061035156,133.1199951171875,133.1822052001953,455136,0.0,0.0
2024-12-19 11:35:00-05:00,133.19000244140625,133.22000122070312,133.0301055908203,133.19000244140625,443389,0.0,0.0
2024-12-19 11:36:00-05:00,133.20469665527344,133.50999450683594,133.16000366210938,133.48080444335938,668751,0.0,0.0
2024-12-19 11:37:00-05:00,133.47000122070312,133.80990600585938,133.4698028564453,133.75999450683594,620331,0.0,0.0
2024-12-19 11:38:00-05:00,133.75,133.88999938964844,133.6699981689453,133.82119750976562,491899,0.0,0.0
2024-12-19 11:39:00-05:00,133.8249969482422,134.02999877929688,133.8000030517578,133.9300994873047,966785,0.0,0.0
2024-12-19 11:40:00-05:00,133.93499755859375,133.93499755859375,133.56190490722656,133.61000061035156,529883,0.0,0.0
2024-12-19 11:41:00-05:00,133.58999633789062,133.5998992919922,133.32000732421875,133.4600067138672,476329,0.0,0.0
2024-12-19 11:42:00-05:00,133.42999267578125,133.52000427246094,133.35000610351562,133.4600067138672,281464,0.0,0.0
2024-12-19 11:43:00-05:00,133.4600067138672,133.5500030517578,133.34230041503906,133.47000122070312,386397,0.0,0.0
2024-12-19 11:44:00-05:00,133.46400451660156,133.50999450683594,133.25,133.2740020751953,308295,0.0,0.0
2024-12-19 11:45:00-05:00,133.25999450683594,133.27999877929688,133.0511016845703,133.1300048828125,407034,0.0,0.0
2024-12-19 11:46:00-05:00,133.1298065185547,133.27999877929688,133.08999633789062,133.2509002685547,331074,0.0,0.0
2024-12-19 11:47:00-05:00,133.25999450683594,133.3300018310547,133.05999755859375,133.20989990234375,291117,0.0,0.0
2024-12-19 11:48:00-05:00,133.22000122070312,133.2899932861328,132.97999572753906,132.98500061035156,375671,0.0,0.0
2024-12-19 11:49:00-05:00,132.9801025390625,133.0800018310547,132.91000366210938,133.0135040283203,441473,0.0,0.0
2024-12-19 11:50:00-05:00,133.02000427246094,133.07000732421875,132.86000061035156,132.860107421875,307278,0.0,0.0
2024-12-19 11:51:00-05:00,132.8582000732422,132.9550018310547,132.8300018310547,132.92999267578125,245996,0.0,0.0
2024-12-19 11:52:00-05:00,132.9199981689453,133.05999755859375,132.83999633789062,133.02830505371094,284998,0.0,0.0
2024-12-19 11:53:00-05:00,133.02499389648438,133.02999877929688,132.7100067138672,132.8699951171875,436110,0.0,0.0
2024-12-19 11:54:00-05:00,132.86000061035156,133.02999877929688,132.77999877929688,132.99989318847656,300405,0.0,0.0
2024-12-19 11:55:00-05:00,133.0,133.30999755859375,132.99000549316406,133.3072052001953,481249,0.0,0.0
2024-12-19 11:56:00-05:00,133.32000732421875,133.5050048828125,133.1999969482422,133.44500732421875,478121,0.0,0.0
2024-12-19 11:57:00-05:00,133.44000244140625,133.44000244140625,133.10000610351562,133.101806640625,354603,0.0,0.0
2024-12-19 11:58:00-05:00,133.10009765625,133.11000061035156,132.94000244140625,132.98500061035156,288515,0.0,0.0
2024-12-19 11:59:00-05:00,132.97970581054688,133.08999633789062,132.97000122070312,133.0500030517578,194251,0.0,0.0
2024-12-19 12:00:00-05:00,133.0500030517578,133.08999633789062,132.91099548339844,133.0200958251953,200252,0.0,0.0
2024-12-19 12:01:00-05:00,133.02000427246094,133.17999267578125,132.88499450683594,132.89999389648438,261275,0.0,0.0
2024-12-19 12:02:00-05:00,132.89010620117188,133.0800018310547,132.86000061035156,132.9199981689453,181670,0.0,0.0
2024-12-19 12:03:00-05:00,132.92999267578125,132.9698944091797,132.75999450683594,132.82009887695312,271832,0.0,0.0
2024-12-19 12:04:00-05:00,132.83999633789062,133.02999877929688,132.83999633789062,132.9698944091797,210101,0.0,0.0
2024-12-19 12:05:00-05:00,132.99000549316406,133.06500244140625,132.88999938964844,132.88999938964844,170590,0.0,0.0
2024-12-19 12:06:00-05:00,132.89999389648438,133.1699981689453,132.8699951171875,133.1199951171875,250556,0.0,0.0
2024-12-19 12:07:00-05:00,133.1199951171875,133.16000366210938,132.9199981689453,132.9250030517578,258540,0.0,0.0
2024-12-19 12:08:00-05:00,132.93960571289062,133.0,132.7700958251953,132.86000061035156,291862,0.0,0.0
2024-12-19 12:09:00-05:00,132.85299682617188,132.9499969482422,132.80999755859375,132.8699951171875,159000,0.0,0.0
2024-12-19 12:10:00-05:00,132.86500549316406,132.89999389648438,132.60000610351562,132.7449951171875,387572,0.0,0.0
2024-12-19 12:11:00-05:00,132.72999572753906,132.86000061035156,132.62010192871094,132.6562042236328,268776,0.0,0.0
2024-12-19 12:12:00-05:00,132.6699981689453,132.72470092773438,132.5749969482422,132.60330200195312,275943,0.0,0.0
2024-12-19 12:13:00-05:00,132.60000610351562,132.6199951171875,132.42010498046875,132.42010498046875,403361,0.0,0.0
2024-12-19 12:14:00-05:00,132.42999267578125,132.5500030517578,132.39999389648438,132.41000366210938,275128,0.0,0.0
2024-12-19 12:15:00-05:00,132.42999267578125,132.5500030517578,132.42999267578125,132.5,254294,0.0,0.0
2024-12-19 12:16:00-05:00,132.5,132.52999877929688,132.36199951171875,132.4600067138672,246545,0.0,0.0
2024-12-19 12:17:00-05:00,132.4600067138672,132.5,132.35009765625,132.37399291992188,295890,0.0,0.0
2024-12-19 12:18:00-05:00,132.375,132.4600067138672,132.32090759277344,132.4199981689453,219455,0.0,0.0
2024-12-19 12:19:00-05:00,132.44000244140625,132.4674072265625,132.21499633789062,132.24000549316406,315671,0.0,0.0
2024-12-19 12:20:00-05:00,132.24000549316406,132.3498992919922,132.18479919433594,132.2899932861328,238447,0.0,0.0
2024-12-19 12:21:00-05:00,132.3000030517578,132.30999755859375,132.13999938964844,132.1699981689453,262753,0.0,0.0
2024-12-19 12:22:00-05:00,132.17010498046875,132.1999969482422,131.97999572753906,132.07009887695312,525578,0.0,0.0
2024-12-19 12:23:00-05:00,132.0800018310547,132.24209594726562,132.07000732421875,132.22000122070312,334796,0.0,0.0
2024-12-19 12:24:00-05:00,132.22000122070312,132.27999877929688,132.1199951171875,132.27499389648438,301903,0.0,0.0
2024-12-19 12:25:00-05:00,132.27499389648438,132.27999877929688,132.0301055908203,132.13059997558594,290605,0.0,0.0
2024-12-19 12:26:00-05:00,132.13999938964844,132.14999389648438,132.0,132.00999450683594,227874,0.0,0.0
2024-12-19 12:27:00-05:00,132.0,132.16000366210938,131.91000366210938,131.9149932861328,383174,0.0,0.0
2024-12-19 12:28:00-05:00,131.91009521484375,131.9149932861328,131.47000122070312,131.49000549316406,718162,0.0,0.0
2024-12-19 12:29:00-05:00,131.48489379882812,131.74000549316406,131.4499969482422,131.61729431152344,504693,0.0,0.0
2024-12-19 12:30:00-05:00,131.60499572753906,131.8397979736328,131.58999633789062,131.66000366210938,445981,0.0,0.0
2024-12-19 12:31:00-05:00,131.69500732421875,131.83999633789062,131.69500732421875,131.74000549316406,284651,0.0,0.0
2024-12-19 12:32:00-05:00,131.75,131.77999877929688,131.58999633789062,131.75,270216,0.0,0.0
2024-12-19 12:33:00-05:00,131.7899932861328,131.9949951171875,131.7899932861328,131.96009826660156,473553,0.0,0.0
2024-12-19 12:34:00-05:00,131.96949768066406,132.0500030517578,131.8800048828125,132.0500030517578,513524,0.0,0.0
2024-12-19 12:35:00-05:00,132.0500030517578,132.14830017089844,131.99000549316406,132.10910034179688,346352,0.0,0.0
2024-12-19 12:36:00-05:00,132.10989379882812,132.22999572753906,132.07000732421875,132.13099670410156,341036,0.0,0.0
2024-12-19 12:37:00-05:00,132.1300048828125,132.1300048828125,131.92999267578125,131.9346923828125,288591,0.0,0.0
2024-12-19 12:38:00-05:00,131.94329833984375,132.01820373535156,131.74440002441406,131.82000732421875,352856,0.0,0.0
2024-12-19 12:39:00-05:00,131.84500122070312,132.16000366210938,131.8300018310547,132.09500122070312,365066,0.0,0.0
2024-12-19 12:40:00-05:00,132.09609985351562,132.22999572753906,131.94009399414062,131.97000122070312,413533,0.0,0.0
2024-12-19 12:41:00-05:00,131.95799255371094,132.02999877929688,131.80999755859375,131.86000061035156,275425,0.0,0.0
2024-12-19 12:42:00-05:00,131.86000061035156,131.9600067138672,131.7100067138672,131.94000244140625,261238,0.0,0.0
2024-12-19 12:43:00-05:00,131.9499969482422,132.1699981689453,131.94580078125,132.1300048828125,332214,0.0,0.0
2024-12-19 12:44:00-05:00,132.1300048828125,132.13999938964844,131.97000122070312,132.0500030517578,192649,0.0,0.0
2024-12-19 12:45:00-05:00,132.0399932861328,132.22000122070312,132.00050354003906,132.19000244140625,297446,0.0,0.0
2024-12-19 12:46:00-05:00,132.18089294433594,132.52000427246094,132.14999389648438,132.4949951171875,411768,0.0,0.0
2024-12-19 12:47:00-05:00,132.4949951171875,132.58999633789062,132.3000030517578,132.38999938964844,395066,0.0,0.0
2024-12-19 12:48:00-05:00,132.39520263671875,132.4600067138672,132.27000427246094,132.39500427246094,381041,0.0,0.0
2024-12-19 12:49:00-05:00,132.39500427246094,132.57000732421875,132.3101043701172,132.3300018310547,395898,0.0,0.0
2024-12-19 12:50:00-05:00,132.3300018310547,132.33799743652344,131.99000549316406,132.05859375,369236,0.0,0.0
2024-12-19 12:51:00-05:00,132.0500030517578,132.0800018310547,131.77999877929688,131.8347930908203,353474,0.0,0.0
2024-12-19 12:52:00-05:00,131.8350067138672,131.8699951171875,131.55999755859375,131.66090393066406,386295,0.0,0.0
2024-12-19 12:53:00-05:00,131.67849731445312,131.8260040283203,131.6300048828125,131.77000427246094,305657,0.0,0.0
2024-12-19 12:54:00-05:00,131.7799072265625,132.05990600585938,131.76499938964844,132.0200958251953,377926,0.0,0.0
2024-12-19 12:55:00-05:00,132.0399932861328,132.1999969482422,131.90530395507812,131.9499969482422,396767,0.0,0.0
2024-12-19 12:56:00-05:00,131.95199584960938,132.17990112304688,131.8800048828125,132.16990661621094,297331,0.0,0.0
2024-12-19 12:57:00-05:00,132.1699981689453,132.3300018310547,132.13999938964844,132.26119995117188,323352,0.0,0.0
2024-12-19 12:58:00-05:00,132.2808074951172,132.39999389648438,132.25,132.33999633789062,236483,0.0,0.0
2024-12-19 12:59:00-05:00,132.3498992919922,132.47740173339844,132.3000946044922,132.39599609375,253589,0.0,0.0
2024-12-19 13:00:00-05:00,132.3800048828125,132.3800048828125,132.1208953857422,132.1208953857422,298723,0.0,0.0
2024-12-19 13:01:00-05:00,132.13999938964844,132.19000244140625,132.02999877929688,132.0800018310547,258522,0.0,0.0
2024-12-19 13:02:00-05:00,132.05999755859375,132.0625,131.6699981689453,131.6898956298828,453871,0.0,0.0
2024-12-19 13:03:00-05:00,131.67999267578125,131.7299041748047,131.552001953125,131.61990356445312,326499,0.0,0.0
2024-12-19 13:04:00-05:00,131.61990356445312,131.6699981689453,131.52000427246094,131.66000366210938,352928,0.0,0.0
2024-12-19 13:05:00-05:00,131.6699981689453,131.69000244140625,131.52999877929688,131.660400390625,285036,0.0,0.0
2024-12-19 13:06:00-05:00,131.67990112304688,131.67990112304688,131.52999877929688,131.5500030517578,200765,0.0,0.0
2024-12-19 13:07:00-05:00,131.54600524902344,131.83999633789062,131.54600524902344,131.82000732421875,416857,0.0,0.0
2024-12-19 13:08:00-05:00,131.8101043701172,131.92999267578125,131.6800994873047,131.75999450683594,279509,0.0,0.0
2024-12-19 13:09:00-05:00,131.75,132.0500030517578,131.74000549316406,131.960205078125,233213,0.0,0.0
2024-12-19 13:10:00-05:00,131.97000122070312,132.0800018310547,131.91009521484375,132.0,259797,0.0,0.0
2024-12-19 13:11:00-05:00,132.00999450683594,132.22999572753906,132.00999450683594,132.0800018310547,366683,0.0,0.0
2024-12-19 13:12:00-05:00,132.07359313964844,132.11000061035156,131.9600067138672,131.9862060546875,207768,0.0,0.0
2024-12-19 13:13:00-05:00,131.97999572753906,132.0399932861328,131.8300018310547,131.85000610351562,286509,0.0,0.0
2024-12-19 13:14:00-05:00,131.86929321289062,132.0500030517578,131.84010314941406,131.97999572753906,220611,0.0,0.0
2024-12-19 13:15:00-05:00,131.99859619140625,132.0,131.8000030517578,131.82479858398438,235321,0.0,0.0
2024-12-19 13:16:00-05:00,131.82000732421875,132.1699981689453,131.8009033203125,132.08999633789062,354059,0.0,0.0
2024-12-19 13:17:00-05:00,132.10000610351562,132.10000610351562,131.75,131.77020263671875,315464,0.0,0.0
2024-12-19 13:18:00-05:00,131.76499938964844,131.84829711914062,131.66000366210938,131.82000732421875,256604,0.0,0.0
2024-12-19 13:19:00-05:00,131.82000732421875,131.88999938964844,131.72000122070312,131.8000030517578,175990,0.0,0.0
2024-12-19 13:20:00-05:00,131.77999877929688,131.89999389648438,131.6699981689453,131.82000732421875,234976,0.0,0.0
2024-12-19 13:21:00-05:00,131.80360412597656,131.82000732421875,131.6999969482422,131.72000122070312,186428,0.0,0.0
2024-12-19 13:22:00-05:00,131.73089599609375,131.74000549316406,131.5601043701172,131.60000610351562,293605,0.0,0.0
2024-12-19 13:23:00-05:00,131.60000610351562,131.7799072265625,131.52000427246094,131.75,262866,0.0,0.0
2024-12-19 13:24:00-05:00,131.75990295410156,131.85000610351562,131.6302032470703,131.6699981689453,195207,0.0,0.0
2024-12-19 13:25:00-05:00,131.67999267578125,131.8300018310547,131.62049865722656,131.78990173339844,172854,0.0,0.0
2024-12-19 13:26:00-05:00,131.77999877929688,131.9199981689453,131.75160217285156,131.8553009033203,256760,0.0,0.0
2024-12-19 13:27:00-05:00,131.85000610351562,131.8883056640625,131.6898956298828,131.80679321289062,148195,0.0,0.0
2024-12-19 13:28:00-05:00,131.8000030517578,131.97000122070312,131.6999969482422,131.7335968017578,329391,0.0,0.0
2024-12-19 13:29:00-05:00,131.71499633789062,131.8300018310547,131.7050018310547,131.74000549316406,200890,0.0,0.0
2024-12-19 13:30:00-05:00,131.7449951171875,131.7449951171875,131.57000732421875,131.72999572753906,230437,0.0,0.0
2024-12-19 13:31:00-05:00,131.67999267578125,131.8000030517578,131.64999389648438,131.77999877929688,206523,0.0,0.0
2024-12-19 13:32:00-05:00,131.77999877929688,132.05999755859375,131.74000549316406,132.05999755859375,306410,0.0,0.0
2024-12-19 13:33:00-05:00,132.05990600585938,132.14999389648438,131.89999389648438,131.9324951171875,324734,0.0,0.0
2024-12-19 13:34:00-05:00,131.94239807128906,132.0500030517578,131.86000061035156,131.86000061035156,242583,0.0,0.0
2024-12-19 13:35:00-05:00,131.8560028076172,132.11990356445312,131.85000610351562,132.05999755859375,177996,0.0,0.0
2024-12-19 13:36:00-05:00,132.05999755859375,132.1199951171875,131.91000366210938,131.94000244140625,222652,0.0,0.0
2024-12-19 13:37:00-05:00,131.9499969482422,132.1199951171875,131.92770385742188,132.1197052001953,325566,0.0,0.0
2024-12-19 13:38:00-05:00,132.11000061035156,132.27999877929688,132.05999755859375,132.27000427246094,311970,0.0,0.0
2024-12-19 13:39:00-05:00,132.27000427246094,132.30999755859375,132.17999267578125,132.2100067138672,248936,0.0,0.0
2024-12-19 13:40:00-05:00,132.2100067138672,132.27999877929688,132.10000610351562,132.17990112304688,261710,0.0,0.0
2024-12-19 13:41:00-05:00,132.1699981689453,132.17999267578125,131.88999938964844,132.05999755859375,244042,0.0,0.0
2024-12-19 13:42:00-05:00,132.0500946044922,132.15989685058594,132.0500030517578,132.125,126343,0.0,0.0
2024-12-19 13:43:00-05:00,132.10000610351562,132.17990112304688,132.02499389648438,132.13999938964844,138257,0.0,0.0
2024-12-19 13:44:00-05:00,132.13999938964844,132.2100067138672,132.00999450683594,132.02999877929688,182583,0.0,0.0
2024-12-19 13:45:00-05:00,132.02999877929688,132.0800018310547,131.9199981689453,132.0399932861328,185471,0.0,0.0
2024-12-19 13:46:00-05:00,132.02999877929688,132.3000030517578,131.97999572753906,132.25770568847656,289697,0.0,0.0
2024-12-19 13:47:00-05:00,132.24000549316406,132.25999450683594,132.11000061035156,132.1269989013672,142032,0.0,0.0
2024-12-19 13:48:00-05:00,132.1199951171875,132.14999389648438,132.02999877929688,132.09190368652344,278206,0.0,0.0
2024-12-19 13:49:00-05:00,132.09689331054688,132.15980529785156,132.0301055908203,132.11000061035156,109950,0.0,0.0
2024-12-19 13:50:00-05:00,132.1199951171875,132.1414031982422,131.99169921875,132.13999938964844,200096,0.0,0.0
2024-12-19 13:51:00-05:00,132.1300048828125,132.22000122070312,132.0050048828125,132.1300048828125,202899,0.0,0.0
2024-12-19 13:52:00-05:00,132.1199951171875,132.16000366210938,132.0500030517578,132.14089965820312,133177,0.0,0.0
2024-12-19 13:53:00-05:00,132.14500427246094,132.22000122070312,132.05380249023438,132.1999053955078,167452,0.0,0.0
2024-12-19 13:54:00-05:00,132.1923065185547,132.22999572753906,132.08999633789062,132.21499633789062,173434,0.0,0.0
2024-12-19 13:55:00-05:00,132.21499633789062,132.33999633789062,132.18850708007812,132.30999755859375,333402,0.0,0.0
2024-12-19 13:56:00-05:00,132.3000030517578,132.37989807128906,132.2100067138672,132.37989807128906,178574,0.0,0.0
2024-12-19 13:57:00-05:00,132.38999938964844,132.60000610351562,132.3699951171875,132.60000610351562,455804,0.0,0.0
2024-12-19 13:58:00-05:00,132.61000061035156,132.85989379882812,132.61000061035156,132.77999877929688,385053,0.0,0.0
2024-12-19 13:59:00-05:00,132.77999877929688,132.9499969482422,132.75,132.88999938964844,375016,0.0,0.0
2024-12-19 14:00:00-05:00,132.8699951171875,132.8699951171875,132.72000122070312,132.73500061035156,337441,0.0,0.0
2024-12-19 14:01:00-05:00,132.73179626464844,132.73989868164062,132.4600067138672,132.4927978515625,389307,0.0,0.0
2024-12-19 14:02:00-05:00,132.49000549316406,132.67999267578125,132.39500427246094,132.6029052734375,321789,0.0,0.0
2024-12-19 14:03:00-05:00,132.60049438476562,132.6811065673828,132.5399932861328,132.5800018310547,164540,0.0,0.0
2024-12-19 14:04:00-05:00,132.5800018310547,132.6649932861328,132.5500030517578,132.6300048828125,172407,0.0,0.0
2024-12-19 14:05:00-05:00,132.6199951171875,132.67999267578125,132.5500030517578,132.60499572753906,201016,0.0,0.0
2024-12-19 14:06:00-05:00,132.6112060546875,132.6999053955078,132.47999572753906,132.5699005126953,256371,0.0,0.0
2024-12-19 14:07:00-05:00,132.5449981689453,132.5500030517578,132.3905029296875,132.5153045654297,249407,0.0,0.0
2024-12-19 14:08:00-05:00,132.5,132.5749969482422,132.44000244140625,132.47000122070312,187481,0.0,0.0
2024-12-19 14:09:00-05:00,132.47500610351562,132.5500030517578,132.33999633789062,132.35000610351562,229737,0.0,0.0
2024-12-19 14:10:00-05:00,132.3699951171875,132.38999938964844,132.24169921875,132.27999877929688,242473,0.0,0.0
2024-12-19 14:11:00-05:00,132.27999877929688,132.47000122070312,132.25999450683594,132.40390014648438,211870,0.0,0.0
2024-12-19 14:12:00-05:00,132.40390014648438,132.4499969482422,132.27000427246094,132.3258056640625,202620,0.0,0.0
2024-12-19 14:13:00-05:00,132.322998046875,132.41000366210938,132.2200927734375,132.35000610351562,167932,0.0,0.0
2024-12-19 14:14:00-05:00,132.34100341796875,132.39999389648438,132.22999572753906,132.3632049560547,185481,0.0,0.0
2024-12-19 14:15:00-05:00,132.35000610351562,132.5399932861328,132.32000732421875,132.35400390625,271760,0.0,0.0
2024-12-19 14:16:00-05:00,132.39999389648438,132.47000122070312,132.35000610351562,132.36000061035156,134187,0.0,0.0
2024-12-19 14:17:00-05:00,132.37049865722656,132.42999267578125,132.30999755859375,132.34230041503906,201201,0.0,0.0
2024-12-19 14:18:00-05:00,132.3498992919922,132.42950439453125,132.30999755859375,132.34500122070312,123326,0.0,0.0
2024-12-19 14:19:00-05:00,132.3350067138672,132.38999938964844,132.25,132.30999755859375,179304,0.0,0.0
2024-12-19 14:20:00-05:00,132.2917938232422,132.31109619140625,132.1999969482422,132.22030639648438,260736,0.0,0.0
2024-12-19 14:21:00-05:00,132.22000122070312,132.27999877929688,132.19000244140625,132.2100067138672,178400,0.0,0.0
2024-12-19 14:22:00-05:00,132.1999969482422,132.24000549316406,132.1199951171875,132.1699981689453,239593,0.0,0.0
2024-12-19 14:23:00-05:00,132.17999267578125,132.25999450683594,132.10000610351562,132.22999572753906,186264,0.0,0.0
2024-12-19 14:24:00-05:00,132.25999450683594,132.3800048828125,132.22999572753906,132.2899932861328,206798,0.0,0.0
2024-12-19 14:25:00-05:00,132.293701171875,132.3000030517578,132.13999938964844,132.19000244140625,195779,0.0,0.0
2024-12-19 14:26:00-05:00,132.20010375976562,132.23980712890625,132.10000610351562,132.22000122070312,176967,0.0,0.0
2024-12-19 14:27:00-05:00,132.22999572753906,132.41990661621094,132.2100067138672,132.41990661621094,210026,0.0,0.0
2024-12-19 14:28:00-05:00,132.3990020751953,132.41000366210938,132.02000427246094,132.02000427246094,340186,0.0,0.0
2024-12-19 14:29:00-05:00,132.02999877929688,132.08999633789062,132.0,132.0408935546875,270958,0.0,0.0
2024-12-19 14:30:00-05:00,132.05999755859375,132.08070373535156,131.9300994873047,132.0207977294922,247730,0.0,0.0
2024-12-19 14:31:00-05:00,132.00999450683594,132.0540008544922,131.89999389648438,131.97999572753906,189068,0.0,0.0
2024-12-19 14:32:00-05:00,131.97500610351562,132.05999755859375,131.88999938964844,131.91090393066406,168980,0.0,0.0
2024-12-19 14:33:00-05:00,131.89500427246094,132.0,131.860107421875,131.98500061035156,142824,0.0,0.0
2024-12-19 14:34:00-05:00,131.97999572753906,132.03709411621094,131.89100646972656,131.9199981689453,160726,0.0,0.0
2024-12-19 14:35:00-05:00,131.9199981689453,132.08999633789062,131.86000061035156,131.86000061035156,204557,0.0,0.0
2024-12-19 14:36:00-05:00,131.8699951171875,131.91000366210938,131.75999450683594,131.77999877929688,259524,0.0,0.0
2024-12-19 14:37:00-05:00,131.7899932861328,131.8300018310547,131.58999633789062,131.61000061035156,367871,0.0,0.0
2024-12-19 14:38:00-05:00,131.61000061035156,131.6898956298828,131.56500244140625,131.68479919433594,164616,0.0,0.0
2024-12-19 14:39:00-05:00,131.69000244140625,131.72999572753906,131.6199951171875,131.66000366210938,210571,0.0,0.0
2024-12-19 14:40:00-05:00,131.66160583496094,131.77000427246094,131.57000732421875,131.74000549316406,181258,0.0,0.0
2024-12-19 14:41:00-05:00,131.75,131.75,131.50999450683594,131.57000732421875,330534,0.0,0.0
2024-12-19 14:42:00-05:00,131.57000732421875,131.64999389648438,131.50999450683594,131.52000427246094,199055,0.0,0.0
2024-12-19 14:43:00-05:00,131.5399932861328,131.63999938964844,131.47999572753906,131.6072998046875,271655,0.0,0.0
2024-12-19 14:44:00-05:00,131.60499572753906,131.67999267578125,131.55499267578125,131.67999267578125,156452,0.0,0.0
2024-12-19 14:45:00-05:00,131.64999389648438,131.69000244140625,131.52000427246094,131.6300048828125,182036,0.0,0.0
2024-12-19 14:46:00-05:00,131.6501007080078,131.6699981689453,131.5,131.50169372558594,207922,0.0,0.0
2024-12-19 14:47:00-05:00,131.5,131.52000427246094,131.30999755859375,131.51980590820312,364707,0.0,0.0
2024-12-19 14:48:00-05:00,131.52000427246094,131.74000549316406,131.50999450683594,131.6999969482422,295041,0.0,0.0
2024-12-19 14:49:00-05:00,131.6999969482422,131.84609985351562,131.69000244140625,131.75,340227,0.0,0.0
2024-12-19 14:50:00-05:00,131.74000549316406,131.77679443359375,131.67010498046875,131.70989990234375,185673,0.0,0.0
2024-12-19 14:51:00-05:00,131.7100067138672,131.89990234375,131.7100067138672,131.8699951171875,290654,0.0,0.0
2024-12-19 14:52:00-05:00,131.86500549316406,131.8800048828125,131.7700958251953,131.8000030517578,206426,0.0,0.0
2024-12-19 14:53:00-05:00,131.77999877929688,131.96780395507812,131.7550048828125,131.91600036621094,252196,0.0,0.0
2024-12-19 14:54:00-05:00,131.91000366210938,131.91000366210938,131.7899932861328,131.8000030517578,181959,0.0,0.0
2024-12-19 14:55:00-05:00,131.8000030517578,131.89999389648438,131.79010009765625,131.82000732421875,207918,0.0,0.0
2024-12-19 14:56:00-05:00,131.80999755859375,131.8289031982422,131.7100067138672,131.82000732421875,214577,0.0,0.0
2024-12-19 14:57:00-05:00,131.81900024414062,131.86000061035156,131.77000427246094,131.80499267578125,170445,0.0,0.0
2024-12-19 14:58:00-05:00,131.80999755859375,131.8800048828125,131.72999572753906,131.74000549316406,185265,0.0,0.0
2024-12-19 14:59:00-05:00,131.72999572753906,131.77999877929688,131.52000427246094,131.5301055908203,365837,0.0,0.0
2024-12-19 15:00:00-05:00,131.5500030517578,131.65499877929688,131.47000122070312,131.55999755859375,325059,0.0,0.0
2024-12-19 15:01:00-05:00,131.5500030517578,131.61000061035156,131.30999755859375,131.33999633789062,404999,0.0,0.0
2024-12-19 15:02:00-05:00,131.32000732421875,131.41000366210938,131.1501007080078,131.19659423828125,485251,0.0,0.0
2024-12-19 15:03:00-05:00,131.1999969482422,131.27000427246094,131.10000610351562,131.11000061035156,295397,0.0,0.0
2024-12-19 15:04:00-05:00,131.10980224609375,131.42999267578125,131.10000610351562,131.37899780273438,347361,0.0,0.0
2024-12-19 15:05:00-05:00,131.3800048828125,131.38999938964844,131.1999969482422,131.20010375976562,239167,0.0,0.0
2024-12-19 15:06:00-05:00,131.20010375976562,131.27999877929688,131.17999267578125,131.27000427246094,183914,0.0,0.0
2024-12-19 15:07:00-05:00,131.25999450683594,131.3350067138672,131.1999969482422,131.25999450683594,216245,0.0,0.0
2024-12-19 15:08:00-05:00,131.25,131.375,131.24270629882812,131.2899932861328,211158,0.0,0.0
2024-12-19 15:09:00-05:00,131.2998046875,131.36000061035156,131.10000610351562,131.14700317382812,328731,0.0,0.0
2024-12-19 15:10:00-05:00,131.13999938964844,131.16839599609375,131.02000427246094,131.04989624023438,253041,0.0,0.0
2024-12-19 15:11:00-05:00,131.0449981689453,131.1699981689453,131.02000427246094,131.08999633789062,234668,0.0,0.0
2024-12-19 15:12:00-05:00,131.0800018310547,131.1999053955078,130.9499969482422,131.16009521484375,474138,0.0,0.0
2024-12-19 15:13:00-05:00,131.16000366210938,131.30999755859375,131.13999938964844,131.30999755859375,231760,0.0,0.0
2024-12-19 15:14:00-05:00,131.32000732421875,131.4199981689453,131.29029846191406,131.39999389648438,269436,0.0,0.0
2024-12-19 15:15:00-05:00,131.41000366210938,131.57989501953125,131.4001007080078,131.49000549316406,414167,0.0,0.0
2024-12-19 15:16:00-05:00,131.48500061035156,131.49000549316406,131.32000732421875,131.42770385742188,235625,0.0,0.0
2024-12-19 15:17:00-05:00,131.4199981689453,131.63999938964844,131.4199981689453,131.6300048828125,296478,0.0,0.0
2024-12-19 15:18:00-05:00,131.62109375,131.6999969482422,131.5800018310547,131.625,232583,0.0,0.0
2024-12-19 15:19:00-05:00,131.6199951171875,131.64100646972656,131.52999877929688,131.5800018310547,210729,0.0,0.0
2024-12-19 15:20:00-05:00,131.58099365234375,131.6699981689453,131.5500030517578,131.61000061035156,190029,0.0,0.0
2024-12-19 15:21:00-05:00,131.60000610351562,131.66000366210938,131.44000244140625,131.51499938964844,248558,0.0,0.0
2024-12-19 15:22:00-05:00,131.51919555664062,131.8000030517578,131.5,131.79989624023438,310665,0.0,0.0
2024-12-19 15:23:00-05:00,131.79229736328125,131.9600067138672,131.77999877929688,131.94500732421875,321689,0.0,0.0
2024-12-19 15:24:00-05:00,131.94000244140625,132.08999633789062,131.91000366210938,132.04989624023438,373788,0.0,0.0
2024-12-19 15:25:00-05:00,132.0449981689453,132.0449981689453,131.72999572753906,131.75,376628,0.0,0.0
2024-12-19 15:26:00-05:00,131.75010681152344,131.97500610351562,131.75,131.92999267578125,193285,0.0,0.0
2024-12-19 15:27:00-05:00,131.9199981689453,131.95880126953125,131.6999969482422,131.73089599609375,239446,0.0,0.0
2024-12-19 15:28:00-05:00,131.72999572753906,131.79989624023438,131.6300048828125,131.66650390625,268479,0.0,0.0
2024-12-19 15:29:00-05:00,131.66000366210938,131.67990112304688,131.55999755859375,131.57009887695312,235783,0.0,0.0
2024-12-19 15:30:00-05:00,131.58999633789062,131.89999389648438,131.58999633789062,131.8699951171875,292207,0.0,0.0
2024-12-19 15:31:00-05:00,131.8699951171875,131.88999938964844,131.6999969482422,131.72000122070312,262688,0.0,0.0
2024-12-19 15:32:00-05:00,131.7100067138672,131.74989318847656,131.60000610351562,131.60499572753906,233943,0.0,0.0
2024-12-19 15:33:00-05:00,131.6049041748047,131.6300048828125,131.4700927734375,131.47999572753906,359656,0.0,0.0
2024-12-19 15:34:00-05:00,131.49000549316406,131.52000427246094,131.11000061035156,131.13999938964844,486050,0.0,0.0
2024-12-19 15:35:00-05:00,131.13999938964844,131.22999572753906,130.86000061035156,130.90499877929688,590728,0.0,0.0
2024-12-19 15:36:00-05:00,130.91000366210938,130.9499969482422,130.58999633789062,130.60000610351562,635103,0.0,0.0
2024-12-19 15:37:00-05:00,130.61839294433594,131.08999633789062,130.61000061035156,131.08999633789062,551674,0.0,0.0
2024-12-19 15:38:00-05:00,131.08990478515625,131.3000030517578,131.0800018310547,131.22999572753906,418856,0.0,0.0
2024-12-19 15:39:00-05:00,131.22999572753906,131.5399932861328,131.1999969482422,131.4499969482422,471914,0.0,0.0
2024-12-19 15:40:00-05:00,131.44000244140625,131.4600067138672,131.2230987548828,131.27000427246094,287469,0.0,0.0
2024-12-19 15:41:00-05:00,131.27999877929688,131.61990356445312,131.25999450683594,131.5800018310547,383540,0.0,0.0
2024-12-19 15:42:00-05:00,131.5800018310547,131.6999969482422,131.5301055908203,131.5800018310547,309762,0.0,0.0
2024-12-19 15:43:00-05:00,131.5800018310547,131.60000610351562,131.33999633789062,131.47000122070312,268178,0.0,0.0
2024-12-19 15:44:00-05:00,131.47000122070312,131.50999450683594,131.14999389648438,131.2198944091797,348856,0.0,0.0
2024-12-19 15:45:00-05:00,131.1999969482422,131.3000030517578,130.94000244140625,130.970703125,502705,0.0,0.0
2024-12-19 15:46:00-05:00,130.9600067138672,131.25999450683594,130.9600067138672,131.22999572753906,374059,0.0,0.0
2024-12-19 15:47:00-05:00,131.2198944091797,131.24989318847656,131.0399932861328,131.08999633789062,261512,0.0,0.0
2024-12-19 15:48:00-05:00,131.07000732421875,131.1461944580078,130.8699951171875,130.89999389648438,332394,0.0,0.0
2024-12-19 15:49:00-05:00,130.8699951171875,130.9488067626953,130.74000549316406,130.8000030517578,457140,0.0,0.0
2024-12-19 15:50:00-05:00,130.7899932861328,130.7899932861328,130.4199981689453,130.51010131835938,711011,0.0,0.0
2024-12-19 15:51:00-05:00,130.51010131835938,130.61000061035156,130.3300018310547,130.38499450683594,511692,0.0,0.0
2024-12-19 15:52:00-05:00,130.39999389648438,130.72999572753906,130.35000610351562,130.5299072265625,530524,0.0,0.0
2024-12-19 15:53:00-05:00,130.52000427246094,130.52999877929688,130.3000030517578,130.39999389648438,470796,0.0,0.0
2024-12-19 15:54:00-05:00,130.40499877929688,130.64999389648438,130.30999755859375,130.55499267578125,569019,0.0,0.0
2024-12-19 15:55:00-05:00,130.55999755859375,131.14999389648438,130.55999755859375,131.1199951171875,1057684,0.0,0.0
2024-12-19 15:56:00-05:00,131.11000061035156,131.14999389648438,130.85499572753906,130.86000061035156,510281,0.0,0.0
2024-12-19 15:57:00-05:00,130.86000061035156,130.9499969482422,130.7220001220703,130.80990600585938,598585,0.0,0.0
2024-12-19 15:58:00-05:00,130.8000030517578,131.0399932861328,130.7407989501953,130.97000122070312,720514,0.0,0.0
2024-12-19 15:59:00-05:00,130.97000122070312,130.97999572753906,130.60000610351562,130.6719970703125,1971184,0.0,0.0
2024-12-19 16:00:00-05:00,130.66,130.8,130.15,130.57,18453898,0.0,0.0
2024-12-19 16:01:00-05:00,130.53,135.33,128.72,130.46,0,0.0,0.0
2024-12-19 16:02:00-05:00,130.45,135.32,130.31,130.375,0,0.0,0.0
2024-12-19 16:03:00-05:00,130.4,130.68,130.33,130.5,0,0.0,0.0
2024-12-19 16:04:00-05:00,130.4985,130.68,130.35,130.45,0,0.0,0.0
2024-12-19 16:05:00-05:00,130.425,130.68,130.36,130.41,0,0.0,0.0
2024-12-19 16:06:00-05:00,130.38,130.68,130.36,130.43,0,0.0,0.0
2024-12-19 16:07:00-05:00,130.5,130.5,130.35,130.47,0,0.0,0.0
2024-12-19 16:08:00-05:00,130.44,130.68,130.42,130.5,0,0.0,0.0
2024-12-19 16:09:00-05:00,130.48,130.5,130.46,130.46,0,0.0,0.0
2024-12-19 16:10:00-05:00,130.49,130.68,130.42,130.4899,0,0.0,0.0
2024-12-19 16:11:00-05:00,130.475,130.5,130.46,130.47,0,0.0,0.0
2024-12-19 16:12:00-05:00,130.4603,130.49,130.36,130.3802,0,0.0,0.0
2024-12-19 16:13:00-05:00,130.39,130.42,130.35,130.36,0,0.0,0.0
2024-12-19 16:14:00-05:00,130.42,130.45,130.36,130.4399,0,0.0,0.0
2024-12-19 16:15:00-05:00,130.41,130.68,130.37,130.4,0,0.0,0.0
2024-12-19 16:16:00-05:00,130.43,130.5,130.4297,130.485,0,0.0,0.0
2024-12-19 16:17:00-05:00,130.48,130.49,130.39,130.46,0,0.0,0.0
2024-12-19 16:18:00-05:00,130.47,130.68,130.44,130.66,0,0.0,0.0
2024-12-19 16:19:00-05:00,130.64,130.68,130.55,130.55,0,0.0,0.0
2024-12-19 16:20:00-05:00,130.67,130.69,130.55,130.57,0,0.0,0.0
2024-12-19 16:21:00-05:00,130.58,130.68,130.55,130.61,0,0.0,0.0
2024-12-19 16:22:00-05:00,130.67,130.7602,130.641,130.75,0,0.0,0.0
2024-12-19 16:23:00-05:00,130.74,130.9,130.74,130.9,0,0.0,0.0
2024-12-19 16:24:00-05:00,130.855,130.9,130.75,130.85,0,0.0,0.0
2024-12-19 16:25:00-05:00,130.85,130.9,130.8,130.865,0,0.0,0.0
2024-12-19 16:26:00-05:00,130.8792,130.89,130.8,130.89,0,0.0,0.0
2024-12-19 16:27:00-05:00,130.89,130.89,130.8,130.84,0,0.0,0.0
2024-12-19 16:28:00-05:00,130.84,131.05,130.84,131.04,0,0.0,0.0
2024-12-19 16:29:00-05:00,131.04,131.08,130.93,131.01,0,0.0,0.0
2024-12-19 16:30:00-05:00,131.08,131.08,131.0,131.0202,0,0.0,0.0
2024-12-19 16:31:00-05:00,131.05,131.07,130.96,131.0,0,0.0,0.0
2024-12-19 16:32:00-05:00,131.0283,131.08,130.97,131.06,0,0.0,0.0
2024-12-19 16:33:00-05:00,131.06,131.08,130.68,131.05,0,0.0,0.0
2024-12-19 16:34:00-05:00,131.0,131.06,131.0,131.0399,0,0.0,0.0
2024-12-19 16:35:00-05:00,131.04,131.05,130.93,130.97,0,0.0,0.0
2024-12-19 16:36:00-05:00,130.99,130.99,130.86,130.87,0,0.0,0.0
2024-12-19 16:37:00-05:00,130.89,130.93,130.86,130.8742,0,0.0,0.0
2024-12-19 16:38:00-05:00,130.9291,131.05,130.87,130.96,0,0.0,0.0
2024-12-19 16:39:00-05:00,131.03,131.12,130.9607,131.055,0,0.0,0.0
2024-12-19 16:40:00-05:00,131.055,138.81,131.0,131.0991,0,0.0,0.0
2024-12-19 16:41:00-05:00,131.05,131.075,131.0,131.047,0,0.0,0.0
2024-12-19 16:42:00-05:00,131.0,131.1,130.68,131.0,0,0.0,0.0
2024-12-19 16:43:00-05:00,131.0,131.19,131.0,131.175,0,0.0,0.0
2024-12-19 16:44:00-05:00,131.17,131.22,131.1,131.1608,0,0.0,0.0
2024-12-19 16:45:00-05:00,131.19,131.32,131.13,131.29,0,0.0,0.0
2024-12-19 16:46:00-05:00,131.288,131.29,131.11,131.11,0,0.0,0.0
2024-12-19 16:47:00-05:00,131.21,131.24,131.11,131.1503,0,0.0,0.0
2024-12-19 16:48:00-05:00,131.2,131.2,131.11,131.16,0,0.0,0.0
2024-12-19 16:49:00-05:00,131.16,131.19,131.07,131.12,0,0.0,0.0
2024-12-19 16:50:00-05:00,131.15,131.18,131.1,131.18,0,0.0,0.0
2024-12-19 16:51:00-05:00,131.14,131.18,131.1,131.12,0,0.0,0.0
2024-12-19 16:52:00-05:00,131.13,131.15,131.07,131.12,0,0.0,0.0
2024-12-19 16:53:00-05:00,131.12,131.18,131.1101,131.1746,0,0.0,0.0
2024-12-19 16:54:00-05:00,131.1636,131.18,131.12,131.18,0,0.0,0.0
2024-12-19 16:55:00-05:00,131.155,131.2004,131.13,131.2,0,0.0,0.0
2024-12-19 16:56:00-05:00,131.2399,131.2399,131.15,131.2182,0,0.0,0.0
2024-12-19 16:57:00-05:00,131.2,131.2,129.582,131.17,0,0.0,0.0
2024-12-19 16:58:00-05:00,131.18,131.18,131.13,131.13,0,0.0,0.0
2024-12-19 16:59:00-05:00,131.14,131.15,131.0,131.01,0,0.0,0.0
2024-12-19 17:00:00-05:00,131.01,131.12,130.68,131.05,0,0.0,0.0
2024-12-19 17:01:00-05:00,131.1,131.1,121.8797,131.075,0,0.0,0.0
2024-12-19 17:02:00-05:00,131.075,131.13,131.01,131.13,0,0.0,0.0
2024-12-19 17:03:00-05:00,131.1285,131.13,126.4343,130.99,0,0.0,0.0
2024-12-19 17:04:00-05:00,130.95,131.1,130.95,131.01,0,0.0,0.0
2024-12-19 17:05:00-05:00,131.1,131.1,130.98,131.02,0,0.0,0.0
2024-12-19 17:06:00-05:00,131.02,131.1,131.0,131.07,0,0.0,0.0
2024-12-19 17:07:00-05:00,131.05,131.1,130.99,130.99,0,0.0,0.0
2024-12-19 17:08:00-05:00,131.07,131.11,129.582,131.07,0,0.0,0.0
2024-12-19 17:09:00-05:00,131.0025,131.09,127.8511,131.02,0,0.0,0.0
2024-12-19 17:10:00-05:00,131.0288,131.09,121.8797,131.05,0,0.0,0.0
2024-12-19 17:11:00-05:00,131.05,131.09,122.6886,131.0899,0,0.0,0.0
2024-12-19 17:12:00-05:00,131.09,131.1,125.0558,131.075,0,0.0,0.0
2024-12-19 17:13:00-05:00,131.1,131.12,131.05,131.065,0,0.0,0.0
2024-12-19 17:14:00-05:00,131.08,131.08,131.02,131.065,0,0.0,0.0
2024-12-19 17:15:00-05:00,131.07,131.1,131.05,131.0999,0,0.0,0.0
2024-12-19 17:16:00-05:00,131.1,131.1,131.05,131.0513,0,0.0,0.0
2024-12-19 17:17:00-05:00,131.06,131.11,131.022,131.06,0,0.0,0.0
2024-12-19 17:18:00-05:00,131.08,131.08,131.045,131.05,0,0.0,0.0
2024-12-19 17:19:00-05:00,131.045,131.07,131.02,131.045,0,0.0,0.0
2024-12-19 17:20:00-05:00,131.05,131.07,131.03,131.05,0,0.0,0.0
2024-12-19 17:21:00-05:00,131.0699,131.0699,131.0,131.01,0,0.0,0.0
2024-12-19 17:22:00-05:00,131.0195,131.02,130.91,130.94,0,0.0,0.0
2024-12-19 17:23:00-05:00,130.97,130.9798,130.9,130.95,0,0.0,0.0
2024-12-19 17:24:00-05:00,130.9493,130.95,130.88,130.94,0,0.0,0.0
2024-12-19 17:25:00-05:00,130.91,130.93,130.865,130.865,0,0.0,0.0
2024-12-19 17:26:00-05:00,130.87,130.88,130.8501,130.865,0,0.0,0.0
2024-12-19 17:27:00-05:00,130.87,130.89,130.85,130.88,0,0.0,0.0
2024-12-19 17:28:00-05:00,130.89,130.92,130.85,130.909,0,0.0,0.0
2024-12-19 17:29:00-05:00,130.9,130.91,130.68,130.88,0,0.0,0.0
2024-12-19 17:30:00-05:00,130.9,130.9,130.86,130.875,0,0.0,0.0
2024-12-19 17:31:00-05:00,130.89,130.95,130.86,130.89,0,0.0,0.0
2024-12-19 17:32:00-05:00,130.925,130.97,130.8964,130.9204,0,0.0,0.0
2024-12-19 17:33:00-05:00,130.96,130.97,130.9,130.96,0,0.0,0.0
2024-12-19 17:34:00-05:00,130.945,130.98,130.93,130.959,0,0.0,0.0
2024-12-19 17:35:00-05:00,130.95,130.96,130.92,130.94,0,0.0,0.0
2024-12-19 17:36:00-05:00,130.93,130.95,130.92,130.94,0,0.0,0.0
2024-12-19 17:37:00-05:00,130.9209,130.94,130.89,130.92,0,0.0,0.0
2024-12-19 17:38:00-05:00,130.9,130.9,130.86,130.86,0,0.0,0.0
2024-12-19 17:39:00-05:00,130.86,130.89,130.85,130.85,0,0.0,0.0
2024-12-19 17:40:00-05:00,130.89,130.92,130.86,130.8697,0,0.0,0.0
2024-12-19 17:41:00-05:00,130.87,130.92,130.85,130.87,0,0.0,0.0
2024-12-19 17:42:00-05:00,130.88,130.91,130.85,130.85,0,0.0,0.0
2024-12-19 17:43:00-05:00,130.88,130.91,130.81,130.84,0,0.0,0.0
2024-12-19 17:44:00-05:00,130.8491,130.85,130.8,130.82,0,0.0,0.0
2024-12-19 17:45:00-05:00,130.83,130.85,130.82,130.82,0,0.0,0.0
2024-12-19 17:46:00-05:00,130.8499,130.85,130.81,130.85,0,0.0,0.0
2024-12-19 17:47:00-05:00,130.821,130.91,130.81,130.85,0,0.0,0.0
2024-12-19 17:48:00-05:00,130.84,130.89,130.84,130.86,0,0.0,0.0
2024-12-19 17:49:00-05:00,130.86,130.9,130.86,130.88,0,0.0,0.0
2024-12-19 17:50:00-05:00,130.9,130.96,130.86,130.91,0,0.0,0.0
2024-12-19 17:51:00-05:00,130.915,130.98,130.91,130.98,0,0.0,0.0
2024-12-19 17:52:00-05:00,130.965,131.0,130.95,130.9894,0,0.0,0.0
2024-12-19 17:53:00-05:00,130.9899,130.99,130.92,130.95,0,0.0,0.0
2024-12-19 17:54:00-05:00,130.96,130.96,130.9,130.91,0,0.0,0.0
2024-12-19 17:55:00-05:00,130.91,130.97,130.88,130.95,0,0.0,0.0
2024-12-19 17:56:00-05:00,130.93,130.99,130.68,130.98,0,0.0,0.0
2024-12-19 17:57:00-05:00,130.99,145.06,130.92,145.06,0,0.0,0.0
2024-12-19 17:58:00-05:00,130.9886,131.01,130.936,131.005,0,0.0,0.0
2024-12-19 17:59:00-05:00,131.01,131.01,130.99,131.0,0,0.0,0.0
2024-12-19 18:00:00-05:00,131.0,131.0402,130.9,130.96,0,0.0,0.0
2024-12-19 18:01:00-05:00,131.0,131.0,130.91,130.97,0,0.0,0.0
2024-12-19 18:02:00-05:00,130.97,131.0,130.91,130.99,0,0.0,0.0
2024-12-19 18:03:00-05:00,130.96,130.9697,130.9001,130.9001,0,0.0,0.0
2024-12-19 18:04:00-05:00,130.9019,130.96,130.87,130.885,0,0.0,0.0
2024-12-19 18:05:00-05:00,130.87,130.98,130.87,130.9108,0,0.0,0.0
2024-12-19 18:06:00-05:00,130.94,130.97,130.89,130.9,0,0.0,0.0
2024-12-19 18:07:00-05:00,130.89,130.96,130.86,130.96,0,0.0,0.0
2024-12-19 18:08:00-05:00,130.92,130.96,130.9,130.9001,0,0.0,0.0
2024-12-19 18:09:00-05:00,130.9,131.04,130.9,130.975,0,0.0,0.0
2024-12-19 18:10:00-05:00,130.995,131.04,130.95,131.03,0,0.0,0.0
2024-12-19 18:11:00-05:00,131.03,131.1,131.0,131.04,0,0.0,0.0
2024-12-19 18:12:00-05:00,131.065,131.09,131.02,131.065,0,0.0,0.0
2024-12-19 18:13:00-05:00,131.0899,131.22,131.07,131.22,0,0.0,0.0
2024-12-19 18:14:00-05:00,131.21,131.22,131.145,131.2,0,0.0,0.0
2024-12-19 18:15:00-05:00,131.2,131.22,131.15,131.2,0,0.0,0.0
2024-12-19 18:16:00-05:00,131.1999,131.2,131.15,131.1997,0,0.0,0.0
2024-12-19 18:17:00-05:00,131.18,131.21,131.15,131.18,0,0.0,0.0
2024-12-19 18:18:00-05:00,131.17,131.17,131.09,131.14,0,0.0,0.0
2024-12-19 18:19:00-05:00,131.12,131.18,131.1101,131.1217,0,0.0,0.0
2024-12-19 18:20:00-05:00,131.18,131.19,131.12,131.16,0,0.0,0.0
2024-12-19 18:21:00-05:00,131.1799,131.19,131.15,131.1895,0,0.0,0.0
2024-12-19 18:22:00-05:00,131.1,131.1,131.09,131.1,0,0.0,0.0
2024-12-19 18:23:00-05:00,131.1,131.11,131.04,131.04,0,0.0,0.0
2024-12-19 18:24:00-05:00,131.04,131.17,131.04,131.13,0,0.0,0.0
2024-12-19 18:25:00-05:00,131.15,131.17,131.0983,131.145,0,0.0,0.0
2024-12-19 18:26:00-05:00,131.145,131.2,131.05,131.13,0,0.0,0.0
2024-12-19 18:27:00-05:00,131.13,131.21,131.13,131.17,0,0.0,0.0
2024-12-19 18:28:00-05:00,131.13,131.25,131.13,131.25,0,0.0,0.0
2024-12-19 18:29:00-05:00,131.23,131.25,131.14,131.2266,0,0.0,0.0
2024-12-19 18:30:00-05:00,131.2018,131.25,131.15,131.15,0,0.0,0.0
2024-12-19 18:31:00-05:00,131.13,131.22,131.12,131.12,0,0.0,0.0
2024-12-19 18:32:00-05:00,131.15,131.2,131.12,131.165,0,0.0,0.0
2024-12-19 18:33:00-05:00,131.14,131.18,131.13,131.18,0,0.0,0.0
2024-12-19 18:34:00-05:00,131.17,131.19,131.14,131.1699,0,0.0,0.0
2024-12-19 18:35:00-05:00,131.15,131.17,131.13,131.17,0,0.0,0.0
2024-12-19 18:36:00-05:00,131.15,131.17,131.12,131.12,0,0.0,0.0
2024-12-19 18:37:00-05:00,131.1,131.12,131.01,131.04,0,0.0,0.0
2024-12-19 18:38:00-05:00,131.06,131.08,130.98,131.025,0,0.0,0.0
2024-12-19 18:39:00-05:00,130.99,131.08,130.99,131.08,0,0.0,0.0
2024-12-19 18:40:00-05:00,131.08,131.08,130.95,130.95,0,0.0,0.0
2024-12-19 18:41:00-05:00,130.97,131.015,130.93,130.93,0,0.0,0.0
2024-12-19 18:42:00-05:00,130.99,131.05,130.99,131.03,0,0.0,0.0
2024-12-19 18:43:00-05:00,131.0305,131.0997,131.0,131.055,0,0.0,0.0
2024-12-19 18:44:00-05:00,131.06,131.08,131.02,131.0799,0,0.0,0.0
2024-12-19 18:45:00-05:00,131.08,131.12,131.0504,131.12,0,0.0,0.0
2024-12-19 18:46:00-05:00,131.12,131.12,131.0501,131.07,0,0.0,0.0
2024-12-19 18:47:00-05:00,131.09,131.1,131.03,131.1,0,0.0,0.0
2024-12-19 18:48:00-05:00,131.05,131.1,131.03,131.075,0,0.0,0.0
2024-12-19 18:49:00-05:00,131.1,131.1,131.01,131.05,0,0.0,0.0
2024-12-19 18:50:00-05:00,131.05,131.08,131.03,131.0595,0,0.0,0.0
2024-12-19 18:51:00-05:00,131.05,131.09,131.03,131.06,0,0.0,0.0
2024-12-19 18:52:00-05:00,131.06,131.09,131.045,131.0603,0,0.0,0.0
2024-12-19 18:53:00-05:00,131.065,131.09,131.06,131.0601,0,0.0,0.0
2024-12-19 18:54:00-05:00,131.08,131.08,131.0601,131.075,0,0.0,0.0
2024-12-19 18:55:00-05:00,131.08,131.09,131.06,131.0704,0,0.0,0.0
2024-12-19 18:56:00-05:00,131.0601,131.09,131.0,131.0,0,0.0,0.0
2024-12-19 18:57:00-05:00,131.09,131.09,131.0,131.05,0,0.0,0.0
2024-12-19 18:58:00-05:00,131.05,131.08,131.01,131.04,0,0.0,0.0
2024-12-19 18:59:00-05:00,131.04,131.08,131.02,131.03,0,0.0,0.0
2024-12-19 19:00:00-05:00,131.03,131.09,131.03,131.05,0,0.0,0.0
2024-12-19 19:01:00-05:00,131.07,131.07,131.0,131.0,0,0.0,0.0
2024-12-19 19:02:00-05:00,131.03,131.08,131.0,131.04,0,0.0,0.0
2024-12-19 19:03:00-05:00,131.025,131.04,131.0103,131.0201,0,0.0,0.0
2024-12-19 19:04:00-05:00,131.02,131.03,131.0,131.01,0,0.0,0.0
2024-12-19 19:05:00-05:00,131.01,131.01,130.68,130.9501,0,0.0,0.0
2024-12-19 19:06:00-05:00,130.99,130.99,130.9,130.925,0,0.0,0.0
2024-12-19 19:07:00-05:00,130.925,130.97,130.9,130.92,0,0.0,0.0
2024-12-19 19:08:00-05:00,130.94,130.94,130.83,130.85,0,0.0,0.0
2024-12-19 19:09:00-05:00,130.8497,130.88,130.79,130.83,0,0.0,0.0
2024-12-19 19:10:00-05:00,130.835,130.98,130.8,130.89,0,0.0,0.0
2024-12-19 19:11:00-05:00,130.85,130.89,130.8,130.815,0,0.0,0.0
2024-12-19 19:12:00-05:00,130.8,130.85,130.76,130.815,0,0.0,0.0
2024-12-19 19:13:00-05:00,130.815,130.85,130.78,130.79,0,0.0,0.0
2024-12-19 19:14:00-05:00,130.79,130.85,130.77,130.77,0,0.0,0.0
2024-12-19 19:15:00-05:00,130.7717,130.8198,130.76,130.77,0,0.0,0.0
2024-12-19 19:16:00-05:00,130.77,130.77,130.6,130.66,0,0.0,0.0
2024-12-19 19:17:00-05:00,130.6999,130.6999,130.54,130.5522,0,0.0,0.0
2024-12-19 19:18:00-05:00,130.6,130.62,130.54,130.5604,0,0.0,0.0
2024-12-19 19:19:00-05:00,130.575,130.6,130.51,130.54,0,0.0,0.0
2024-12-19 19:20:00-05:00,130.54,130.63,130.5,130.59,0,0.0,0.0
2024-12-19 19:21:00-05:00,130.59,130.62,130.5,130.56,0,0.0,0.0
2024-12-19 19:22:00-05:00,130.56,130.57,130.45,130.47,0,0.0,0.0
2024-12-19 19:23:00-05:00,130.465,130.55,130.45,130.45,0,0.0,0.0
2024-12-19 19:24:00-05:00,130.5,130.55,130.38,130.4,0,0.0,0.0
2024-12-19 19:25:00-05:00,130.39,130.44,130.37,130.39,0,0.0,0.0
2024-12-19 19:26:00-05:00,130.44,130.45,130.39,130.45,0,0.0,0.0
2024-12-19 19:27:00-05:00,130.42,130.7,130.42,130.69,0,0.0,0.0
2024-12-19 19:28:00-05:00,130.62,130.7,130.6,130.65,0,0.0,0.0
2024-12-19 19:29:00-05:00,130.65,130.7,130.5403,130.55,0,0.0,0.0
2024-12-19 19:30:00-05:00,130.545,130.7,130.545,130.63,0,0.0,0.0
2024-12-19 19:31:00-05:00,130.66,130.7,130.61,130.68,0,0.0,0.0
2024-12-19 19:32:00-05:00,130.67,130.75,130.65,130.7499,0,0.0,0.0
2024-12-19 19:33:00-05:00,130.74,130.75,130.68,130.74,0,0.0,0.0
2024-12-19 19:34:00-05:00,130.74,130.74,130.65,130.68,0,0.0,0.0
2024-12-19 19:35:00-05:00,130.66,130.71,130.66,130.67,0,0.0,0.0
2024-12-19 19:36:00-05:00,130.65,130.69,130.65,130.67,0,0.0,0.0
2024-12-19 19:37:00-05:00,130.67,130.6764,130.65,130.65,0,0.0,0.0
2024-12-19 19:38:00-05:00,130.65,130.67,130.51,130.52,0,0.0,0.0
2024-12-19 19:39:00-05:00,130.5495,130.58,130.5,130.58,0,0.0,0.0
2024-12-19 19:40:00-05:00,130.52,130.58,130.52,130.5396,0,0.0,0.0
2024-12-19 19:41:00-05:00,130.52,130.54,130.43,130.43,0,0.0,0.0
2024-12-19 19:42:00-05:00,130.4695,130.52,130.45,130.5,0,0.0,0.0
2024-12-19 19:43:00-05:00,130.46,130.5,130.4,130.4,0,0.0,0.0
2024-12-19 19:44:00-05:00,130.42,130.42,130.33,130.33,0,0.0,0.0
2024-12-19 19:45:00-05:00,130.33,130.38,130.33,130.38,0,0.0,0.0
2024-12-19 19:46:00-05:00,130.35,130.39,130.34,130.34,0,0.0,0.0
2024-12-19 19:47:00-05:00,130.3499,130.35,130.285,130.32,0,0.0,0.0
2024-12-19 19:48:00-05:00,130.28,130.32,130.28,130.3198,0,0.0,0.0
2024-12-19 19:49:00-05:00,130.305,130.34,130.29,130.3,0,0.0,0.0
2024-12-19 19:50:00-05:00,130.29,130.35,130.29,130.32,0,0.0,0.0
2024-12-19 19:51:00-05:00,130.32,130.3232,130.28,130.2899,0,0.0,0.0
2024-12-19 19:52:00-05:00,130.2804,130.3,130.25,130.25,0,0.0,0.0
2024-12-19 19:53:00-05:00,130.25,130.25,130.1,130.1,0,0.0,0.0
2024-12-19 19:54:00-05:00,130.1,130.12,130.06,130.08,0,0.0,0.0
2024-12-19 19:55:00-05:00,130.07,130.12,130.01,130.05,0,0.0,0.0
2024-12-19 19:56:00-05:00,130.02,130.04,130.0,130.04,0,0.0,0.0
2024-12-19 19:57:00-05:00,130.0299,130.07,130.0,130.015,0,0.0,0.0
2024-12-19 19:58:00-05:00,130.02,130.03,130.0,130.025,0,0.0,0.0
2024-12-19 19:59:59-05:00,130.02,130.02,130.02,130.02,0,0.0,0.0
