time,Open,High,Low,Close,Volume,Dividends,Stock Splits
2024-12-04 04:00:00-05:00,141.4,141.51,141.15,141.28,0,0.0,0.0
2024-12-04 04:01:00-05:00,141.28,141.4,141.2,141.23,0,0.0,0.0
2024-12-04 04:02:00-05:00,141.21,141.26,141.13,141.2,0,0.0,0.0
2024-12-04 04:03:00-05:00,141.24,141.33,141.21,141.27,0,0.0,0.0
2024-12-04 04:04:00-05:00,141.3,141.3,141.11,141.18,0,0.0,0.0
2024-12-04 04:05:00-05:00,141.18,141.26,141.18,141.26,0,0.0,0.0
2024-12-04 04:06:00-05:00,141.25,141.3,141.18,141.28,0,0.0,0.0
2024-12-04 04:07:00-05:00,141.28,141.28,141.2,141.2,0,0.0,0.0
2024-12-04 04:08:00-05:00,141.2,141.24,141.13,141.18,0,0.0,0.0
2024-12-04 04:09:00-05:00,141.19,141.22,141.18,141.22,0,0.0,0.0
2024-12-04 04:10:00-05:00,141.23,141.26,141.21,141.26,0,0.0,0.0
2024-12-04 04:11:00-05:00,141.24,141.29,141.2,141.2,0,0.0,0.0
2024-12-04 04:12:00-05:00,141.24,141.3,141.23,141.3,0,0.0,0.0
2024-12-04 04:13:00-05:00,141.3,141.33,141.26,141.29,0,0.0,0.0
2024-12-04 04:14:00-05:00,141.3,141.34,141.3,141.31,0,0.0,0.0
2024-12-04 04:15:00-05:00,141.31,141.54,141.31,141.54,0,0.0,0.0
2024-12-04 04:16:00-05:00,141.54,141.55,141.48,141.51,0,0.0,0.0
2024-12-04 04:17:00-05:00,141.51,141.56,141.41,141.48,0,0.0,0.0
2024-12-04 04:18:00-05:00,141.44,141.54,141.42,141.53,0,0.0,0.0
2024-12-04 04:19:00-05:00,141.53,141.53,141.45,141.48,0,0.0,0.0
2024-12-04 04:20:00-05:00,141.47,141.66,141.44,141.63,0,0.0,0.0
2024-12-04 04:21:00-05:00,141.69,141.7,141.67,141.69,0,0.0,0.0
2024-12-04 04:22:00-05:00,141.69,141.69,141.61,141.64,0,0.0,0.0
2024-12-04 04:23:00-05:00,141.65,141.65,141.57,141.59,0,0.0,0.0
2024-12-04 04:24:00-05:00,141.58,141.62,141.55,141.62,0,0.0,0.0
2024-12-04 04:25:00-05:00,141.62,141.65,141.62,141.63,0,0.0,0.0
2024-12-04 04:26:00-05:00,141.63,141.63,141.58,141.61,0,0.0,0.0
2024-12-04 04:27:00-05:00,141.61,141.66,141.61,141.63,0,0.0,0.0
2024-12-04 04:28:00-05:00,141.6,141.62,141.59,141.59,0,0.0,0.0
2024-12-04 04:29:00-05:00,141.58,141.58,141.49,141.5,0,0.0,0.0
2024-12-04 04:30:00-05:00,141.49,141.51,141.49,141.49,0,0.0,0.0
2024-12-04 04:31:00-05:00,141.5,141.55,141.49,141.53,0,0.0,0.0
2024-12-04 04:32:00-05:00,141.54,141.56,141.53,141.56,0,0.0,0.0
2024-12-04 04:33:00-05:00,141.56,141.57,141.53,141.55,0,0.0,0.0
2024-12-04 04:34:00-05:00,141.55,141.56,141.55,141.56,0,0.0,0.0
2024-12-04 04:35:00-05:00,141.55,141.56,141.51,141.52,0,0.0,0.0
2024-12-04 04:36:00-05:00,141.52,141.53,141.51,141.53,0,0.0,0.0
2024-12-04 04:37:00-05:00,141.51,141.55,141.5,141.52,0,0.0,0.0
2024-12-04 04:38:00-05:00,141.47,141.5,141.42,141.45,0,0.0,0.0
2024-12-04 04:39:00-05:00,141.47,141.5,141.47,141.5,0,0.0,0.0
2024-12-04 04:40:00-05:00,141.54,141.55,141.51,141.51,0,0.0,0.0
2024-12-04 04:41:00-05:00,141.52,141.55,141.51,141.54,0,0.0,0.0
2024-12-04 04:42:00-05:00,141.55,141.55,141.53,141.53,0,0.0,0.0
2024-12-04 04:43:00-05:00,141.54,141.54,141.53,141.53,0,0.0,0.0
2024-12-04 04:44:00-05:00,141.54,141.55,141.54,141.55,0,0.0,0.0
2024-12-04 04:45:00-05:00,141.55,141.58,141.54,141.55,0,0.0,0.0
2024-12-04 04:46:00-05:00,141.55,141.55,141.55,141.55,0,0.0,0.0
2024-12-04 04:47:00-05:00,141.55,141.55,141.53,141.54,0,0.0,0.0
2024-12-04 04:48:00-05:00,141.56,141.6,141.56,141.6,0,0.0,0.0
2024-12-04 04:49:00-05:00,141.61,141.61,141.58,141.6,0,0.0,0.0
2024-12-04 04:50:00-05:00,141.59,141.6,141.56,141.58,0,0.0,0.0
2024-12-04 04:51:00-05:00,141.58,141.59,141.56,141.58,0,0.0,0.0
2024-12-04 04:52:00-05:00,141.56,141.58,141.53,141.55,0,0.0,0.0
2024-12-04 04:53:00-05:00,141.54,141.56,141.54,141.56,0,0.0,0.0
2024-12-04 04:54:00-05:00,141.54,141.55,141.51,141.52,0,0.0,0.0
2024-12-04 04:55:00-05:00,141.53,141.56,141.53,141.54,0,0.0,0.0
2024-12-04 04:56:00-05:00,141.56,141.56,141.54,141.54,0,0.0,0.0
2024-12-04 04:57:00-05:00,141.56,141.59,141.56,141.57,0,0.0,0.0
2024-12-04 04:58:00-05:00,141.59,141.59,141.57,141.58,0,0.0,0.0
2024-12-04 04:59:00-05:00,141.6,141.63,141.6,141.63,0,0.0,0.0
2024-12-04 05:00:00-05:00,141.64,141.65,141.64,141.64,0,0.0,0.0
2024-12-04 05:01:00-05:00,141.64,141.64,141.64,141.64,0,0.0,0.0
2024-12-04 05:02:00-05:00,141.65,141.67,141.63,141.66,0,0.0,0.0
2024-12-04 05:03:00-05:00,141.65,141.65,141.58,141.58,0,0.0,0.0
2024-12-04 05:04:00-05:00,141.56,141.59,141.55,141.59,0,0.0,0.0
2024-12-04 05:05:00-05:00,141.58,141.6,141.56,141.56,0,0.0,0.0
2024-12-04 05:06:00-05:00,141.54,141.56,141.53,141.56,0,0.0,0.0
2024-12-04 05:07:00-05:00,141.56,141.56,141.54,141.54,0,0.0,0.0
2024-12-04 05:08:00-05:00,141.58,141.59,141.58,141.59,0,0.0,0.0
2024-12-04 05:09:00-05:00,141.59,141.59,141.57,141.59,0,0.0,0.0
2024-12-04 05:10:00-05:00,141.58,141.58,141.56,141.56,0,0.0,0.0
2024-12-04 05:11:00-05:00,141.58,141.62,141.53,141.62,0,0.0,0.0
2024-12-04 05:12:00-05:00,141.56,141.59,141.56,141.59,0,0.0,0.0
2024-12-04 05:13:00-05:00,141.58,141.6,141.54,141.56,0,0.0,0.0
2024-12-04 05:14:00-05:00,141.56,141.56,141.49,141.49,0,0.0,0.0
2024-12-04 05:15:00-05:00,141.51,141.55,141.47,141.48,0,0.0,0.0
2024-12-04 05:16:00-05:00,141.48,141.48,141.43,141.48,0,0.0,0.0
2024-12-04 05:17:00-05:00,141.48,141.48,141.44,141.46,0,0.0,0.0
2024-12-04 05:18:00-05:00,141.48,141.54,141.48,141.54,0,0.0,0.0
2024-12-04 05:19:00-05:00,141.53,141.53,141.47,141.5,0,0.0,0.0
2024-12-04 05:20:00-05:00,141.5,141.5,141.46,141.46,0,0.0,0.0
2024-12-04 05:21:00-05:00,141.46,141.46,141.45,141.45,0,0.0,0.0
2024-12-04 05:22:00-05:00,141.45,141.46,141.44,141.44,0,0.0,0.0
2024-12-04 05:23:00-05:00,141.43,141.43,141.42,141.43,0,0.0,0.0
2024-12-04 05:24:00-05:00,141.42,141.42,141.38,141.38,0,0.0,0.0
2024-12-04 05:25:00-05:00,141.36,141.4,141.36,141.4,0,0.0,0.0
2024-12-04 05:26:00-05:00,141.4,141.44,141.4,141.44,0,0.0,0.0
2024-12-04 05:27:00-05:00,141.42,141.47,141.42,141.45,0,0.0,0.0
2024-12-04 05:28:00-05:00,141.44,141.46,141.44,141.45,0,0.0,0.0
2024-12-04 05:29:00-05:00,141.46,141.52,141.46,141.52,0,0.0,0.0
2024-12-04 05:30:00-05:00,141.52,141.52,141.48,141.5,0,0.0,0.0
2024-12-04 05:31:00-05:00,141.52,141.52,141.49,141.49,0,0.0,0.0
2024-12-04 05:32:00-05:00,141.48,141.51,141.48,141.48,0,0.0,0.0
2024-12-04 05:33:00-05:00,141.48,141.48,141.48,141.48,0,0.0,0.0
2024-12-04 05:34:00-05:00,141.47,141.47,141.46,141.46,0,0.0,0.0
2024-12-04 05:35:00-05:00,141.48,141.49,141.48,141.49,0,0.0,0.0
2024-12-04 05:37:00-05:00,141.46,141.47,141.46,141.47,0,0.0,0.0
2024-12-04 05:38:00-05:00,141.47,141.49,141.46,141.48,0,0.0,0.0
2024-12-04 05:39:00-05:00,141.49,141.5,141.42,141.42,0,0.0,0.0
2024-12-04 05:40:00-05:00,141.41,141.41,141.38,141.4,0,0.0,0.0
2024-12-04 05:41:00-05:00,141.43,141.43,141.43,141.43,0,0.0,0.0
2024-12-04 05:42:00-05:00,141.45,141.47,141.42,141.42,0,0.0,0.0
2024-12-04 05:43:00-05:00,141.42,141.42,141.4,141.4,0,0.0,0.0
2024-12-04 05:44:00-05:00,141.44,141.45,141.44,141.45,0,0.0,0.0
2024-12-04 05:45:00-05:00,141.49,141.5,141.47,141.5,0,0.0,0.0
2024-12-04 05:46:00-05:00,141.48,141.5,141.48,141.5,0,0.0,0.0
2024-12-04 05:47:00-05:00,141.48,141.48,141.47,141.48,0,0.0,0.0
2024-12-04 05:48:00-05:00,141.47,141.49,141.47,141.48,0,0.0,0.0
2024-12-04 05:49:00-05:00,141.48,141.49,141.47,141.47,0,0.0,0.0
2024-12-04 05:50:00-05:00,141.48,141.48,141.42,141.45,0,0.0,0.0
2024-12-04 05:51:00-05:00,141.45,141.5,141.45,141.48,0,0.0,0.0
2024-12-04 05:52:00-05:00,141.48,141.48,141.37,141.39,0,0.0,0.0
2024-12-04 05:53:00-05:00,141.4,141.4,141.25,141.33,0,0.0,0.0
2024-12-04 05:54:00-05:00,141.32,141.35,141.3,141.35,0,0.0,0.0
2024-12-04 05:55:00-05:00,141.35,141.36,141.3,141.3,0,0.0,0.0
2024-12-04 05:56:00-05:00,141.32,141.39,141.32,141.39,0,0.0,0.0
2024-12-04 05:57:00-05:00,141.39,141.42,141.39,141.4,0,0.0,0.0
2024-12-04 05:58:00-05:00,141.4,141.4,141.39,141.4,0,0.0,0.0
2024-12-04 05:59:00-05:00,141.45,141.48,141.45,141.45,0,0.0,0.0
2024-12-04 06:00:00-05:00,141.45,141.47,141.35,141.35,0,0.0,0.0
2024-12-04 06:01:00-05:00,141.35,141.35,141.29,141.29,0,0.0,0.0
2024-12-04 06:02:00-05:00,141.36,141.37,141.35,141.37,0,0.0,0.0
2024-12-04 06:03:00-05:00,141.36,141.36,141.34,141.34,0,0.0,0.0
2024-12-04 06:04:00-05:00,141.35,141.38,141.35,141.38,0,0.0,0.0
2024-12-04 06:05:00-05:00,141.36,141.38,141.36,141.38,0,0.0,0.0
2024-12-04 06:06:00-05:00,141.35,141.41,141.35,141.41,0,0.0,0.0
2024-12-04 06:07:00-05:00,141.41,141.41,141.41,141.41,0,0.0,0.0
2024-12-04 06:08:00-05:00,141.38,141.38,141.37,141.37,0,0.0,0.0
2024-12-04 06:09:00-05:00,141.35,141.36,141.33,141.33,0,0.0,0.0
2024-12-04 06:10:00-05:00,141.33,141.33,141.33,141.33,0,0.0,0.0
2024-12-04 06:11:00-05:00,141.36,141.36,141.34,141.34,0,0.0,0.0
2024-12-04 06:12:00-05:00,141.33,141.36,141.32,141.36,0,0.0,0.0
2024-12-04 06:13:00-05:00,141.35,141.38,141.35,141.38,0,0.0,0.0
2024-12-04 06:14:00-05:00,141.37,141.37,141.37,141.37,0,0.0,0.0
2024-12-04 06:15:00-05:00,141.4,141.4,141.37,141.37,0,0.0,0.0
2024-12-04 06:16:00-05:00,141.36,141.4,141.36,141.4,0,0.0,0.0
2024-12-04 06:17:00-05:00,141.41,141.48,141.37,141.48,0,0.0,0.0
2024-12-04 06:18:00-05:00,141.46,141.46,141.45,141.45,0,0.0,0.0
2024-12-04 06:19:00-05:00,141.45,141.45,141.4,141.4,0,0.0,0.0
2024-12-04 06:20:00-05:00,141.44,141.46,141.44,141.46,0,0.0,0.0
2024-12-04 06:21:00-05:00,141.46,141.46,141.46,141.46,0,0.0,0.0
2024-12-04 06:22:00-05:00,141.47,141.47,141.43,141.43,0,0.0,0.0
2024-12-04 06:23:00-05:00,141.46,141.48,141.45,141.48,0,0.0,0.0
2024-12-04 06:24:00-05:00,141.48,141.48,141.48,141.48,0,0.0,0.0
2024-12-04 06:25:00-05:00,141.49,141.52,141.49,141.52,0,0.0,0.0
2024-12-04 06:26:00-05:00,141.49,141.52,141.49,141.52,0,0.0,0.0
2024-12-04 06:27:00-05:00,141.49,141.52,141.49,141.51,0,0.0,0.0
2024-12-04 06:28:00-05:00,141.52,141.52,141.48,141.49,0,0.0,0.0
2024-12-04 06:29:00-05:00,141.52,141.52,141.52,141.52,0,0.0,0.0
2024-12-04 06:30:00-05:00,141.52,141.53,141.44,141.46,0,0.0,0.0
2024-12-04 06:31:00-05:00,141.47,141.47,141.47,141.47,0,0.0,0.0
2024-12-04 06:32:00-05:00,141.52,141.59,141.52,141.56,0,0.0,0.0
2024-12-04 06:33:00-05:00,141.56,141.66,141.56,141.66,0,0.0,0.0
2024-12-04 06:34:00-05:00,141.66,141.68,141.64,141.64,0,0.0,0.0
2024-12-04 06:35:00-05:00,141.6,141.66,141.6,141.66,0,0.0,0.0
2024-12-04 06:36:00-05:00,141.68,141.68,141.61,141.65,0,0.0,0.0
2024-12-04 06:37:00-05:00,141.65,141.65,141.63,141.63,0,0.0,0.0
2024-12-04 06:38:00-05:00,141.65,141.66,141.65,141.66,0,0.0,0.0
2024-12-04 06:39:00-05:00,141.64,141.64,141.63,141.63,0,0.0,0.0
2024-12-04 06:40:00-05:00,141.64,141.64,141.59,141.63,0,0.0,0.0
2024-12-04 06:41:00-05:00,141.63,141.64,141.61,141.62,0,0.0,0.0
2024-12-04 06:42:00-05:00,141.61,141.62,141.57,141.62,0,0.0,0.0
2024-12-04 06:43:00-05:00,141.64,141.65,141.64,141.65,0,0.0,0.0
2024-12-04 06:44:00-05:00,141.66,141.68,141.64,141.66,0,0.0,0.0
2024-12-04 06:45:00-05:00,141.65,141.66,141.64,141.64,0,0.0,0.0
2024-12-04 06:46:00-05:00,141.63,141.63,141.6,141.6,0,0.0,0.0
2024-12-04 06:47:00-05:00,141.6,141.61,141.6,141.61,0,0.0,0.0
2024-12-04 06:48:00-05:00,141.61,141.63,141.59,141.59,0,0.0,0.0
2024-12-04 06:49:00-05:00,141.58,141.6,141.58,141.6,0,0.0,0.0
2024-12-04 06:50:00-05:00,141.6,141.63,141.6,141.61,0,0.0,0.0
2024-12-04 06:51:00-05:00,141.6,141.63,141.6,141.63,0,0.0,0.0
2024-12-04 06:52:00-05:00,141.62,141.62,141.6,141.61,0,0.0,0.0
2024-12-04 06:53:00-05:00,141.6,141.6,141.58,141.58,0,0.0,0.0
2024-12-04 06:54:00-05:00,141.6,141.62,141.59,141.59,0,0.0,0.0
2024-12-04 06:55:00-05:00,141.62,141.63,141.6,141.63,0,0.0,0.0
2024-12-04 06:56:00-05:00,141.61,141.61,141.56,141.56,0,0.0,0.0
2024-12-04 06:57:00-05:00,141.59,141.59,141.5,141.53,0,0.0,0.0
2024-12-04 06:58:00-05:00,141.51,141.52,141.45,141.52,0,0.0,0.0
2024-12-04 06:59:00-05:00,141.54,141.55,141.46,141.53,0,0.0,0.0
2024-12-04 07:00:00-05:00,141.52,141.59,141.36,141.54,0,0.0,0.0
2024-12-04 07:01:00-05:00,141.56,141.59,141.56,141.56,0,0.0,0.0
2024-12-04 07:02:00-05:00,141.57,141.8,141.57,141.79,0,0.0,0.0
2024-12-04 07:03:00-05:00,141.77,141.83,141.77,141.8,0,0.0,0.0
2024-12-04 07:04:00-05:00,141.82,141.83,141.73,141.78,0,0.0,0.0
2024-12-04 07:05:00-05:00,141.8,141.83,141.75,141.76,0,0.0,0.0
2024-12-04 07:06:00-05:00,141.75,141.799,141.72,141.75,0,0.0,0.0
2024-12-04 07:07:00-05:00,141.75,141.8,141.75,141.8,0,0.0,0.0
2024-12-04 07:08:00-05:00,141.8,141.8,141.78,141.78,0,0.0,0.0
2024-12-04 07:09:00-05:00,141.77,141.829,141.75,141.82,0,0.0,0.0
2024-12-04 07:10:00-05:00,141.79,141.83,141.76,141.799,0,0.0,0.0
2024-12-04 07:11:00-05:00,141.78,141.84,141.77,141.82,0,0.0,0.0
2024-12-04 07:12:00-05:00,141.8,141.8,141.62,141.68,0,0.0,0.0
2024-12-04 07:13:00-05:00,141.7,141.73,141.67,141.73,0,0.0,0.0
2024-12-04 07:14:00-05:00,141.73,141.8,141.69,141.8,0,0.0,0.0
2024-12-04 07:15:00-05:00,141.8,141.84,141.8,141.84,0,0.0,0.0
2024-12-04 07:16:00-05:00,141.83,141.84,141.8,141.82,0,0.0,0.0
2024-12-04 07:17:00-05:00,141.84,141.84,141.8,141.82,0,0.0,0.0
2024-12-04 07:18:00-05:00,141.82,141.82,141.79,141.79,0,0.0,0.0
2024-12-04 07:19:00-05:00,141.78,141.8,141.77,141.771,0,0.0,0.0
2024-12-04 07:20:00-05:00,141.77,141.78,141.71,141.72,0,0.0,0.0
2024-12-04 07:21:00-05:00,141.72,141.72,141.68,141.68,0,0.0,0.0
2024-12-04 07:22:00-05:00,141.66,141.66,141.611,141.63,0,0.0,0.0
2024-12-04 07:23:00-05:00,141.669,141.68,141.62,141.64,0,0.0,0.0
2024-12-04 07:24:00-05:00,141.64,141.64,141.61,141.61,0,0.0,0.0
2024-12-04 07:25:00-05:00,141.63,141.64,141.62,141.64,0,0.0,0.0
2024-12-04 07:26:00-05:00,141.65,141.76,141.65,141.75,0,0.0,0.0
2024-12-04 07:27:00-05:00,141.71,141.71,141.67,141.68,0,0.0,0.0
2024-12-04 07:28:00-05:00,141.69,141.69,141.67,141.67,0,0.0,0.0
2024-12-04 07:29:00-05:00,141.67,141.689,141.67,141.689,0,0.0,0.0
2024-12-04 07:30:00-05:00,141.69,141.71,141.69,141.69,0,0.0,0.0
2024-12-04 07:31:00-05:00,141.69,141.7,141.68,141.68,0,0.0,0.0
2024-12-04 07:32:00-05:00,141.68,141.7,141.68,141.7,0,0.0,0.0
2024-12-04 07:33:00-05:00,141.72,141.81,141.72,141.76,0,0.0,0.0
2024-12-04 07:34:00-05:00,141.76,141.83,141.72,141.72,0,0.0,0.0
2024-12-04 07:35:00-05:00,141.78,141.82,141.7,141.76,0,0.0,0.0
2024-12-04 07:36:00-05:00,141.76,141.77,141.71,141.72,0,0.0,0.0
2024-12-04 07:37:00-05:00,141.73,141.749,141.7,141.7,0,0.0,0.0
2024-12-04 07:38:00-05:00,141.7,141.74,141.69,141.74,0,0.0,0.0
2024-12-04 07:39:00-05:00,141.74,141.76,141.72,141.74,0,0.0,0.0
2024-12-04 07:40:00-05:00,141.75,141.75,141.65,141.65,0,0.0,0.0
2024-12-04 07:41:00-05:00,141.65,141.71,141.65,141.71,0,0.0,0.0
2024-12-04 07:42:00-05:00,141.71,141.75,141.71,141.74,0,0.0,0.0
2024-12-04 07:43:00-05:00,141.73,141.74,141.7,141.71,0,0.0,0.0
2024-12-04 07:44:00-05:00,141.749,141.75,141.71,141.75,0,0.0,0.0
2024-12-04 07:45:00-05:00,141.77,141.82,141.77,141.81,0,0.0,0.0
2024-12-04 07:46:00-05:00,141.83,141.88,141.82,141.87,0,0.0,0.0
2024-12-04 07:47:00-05:00,141.87,141.93,141.84,141.84,0,0.0,0.0
2024-12-04 07:48:00-05:00,141.86,141.899,141.86,141.899,0,0.0,0.0
2024-12-04 07:49:00-05:00,141.89,141.91,141.85,141.85,0,0.0,0.0
2024-12-04 07:50:00-05:00,141.87,141.87,141.84,141.87,0,0.0,0.0
2024-12-04 07:51:00-05:00,141.87,141.9,141.87,141.9,0,0.0,0.0
2024-12-04 07:52:00-05:00,141.89,141.93,141.89,141.93,0,0.0,0.0
2024-12-04 07:53:00-05:00,141.9,141.92,141.79,141.84,0,0.0,0.0
2024-12-04 07:54:00-05:00,141.851,141.88,141.82,141.88,0,0.0,0.0
2024-12-04 07:55:00-05:00,141.88,141.88,141.87,141.88,0,0.0,0.0
2024-12-04 07:56:00-05:00,141.87,141.87,141.81,141.81,0,0.0,0.0
2024-12-04 07:57:00-05:00,141.82,141.82,141.72,141.76,0,0.0,0.0
2024-12-04 07:58:00-05:00,141.77,141.79,141.76,141.78,0,0.0,0.0
2024-12-04 07:59:00-05:00,141.79,141.79,141.75,141.78,0,0.0,0.0
2024-12-04 08:00:00-05:00,141.51,141.93,141.146,141.75,0,0.0,0.0
2024-12-04 08:01:00-05:00,141.74,141.925,141.5,141.72,0,0.0,0.0
2024-12-04 08:02:00-05:00,141.715,141.78,137.931,141.77,0,0.0,0.0
2024-12-04 08:03:00-05:00,141.7701,141.9,141.77,141.865,0,0.0,0.0
2024-12-04 08:04:00-05:00,141.86,141.87,141.8,141.8,0,0.0,0.0
2024-12-04 08:05:00-05:00,141.85,141.9,140.26,141.89,0,0.0,0.0
2024-12-04 08:06:00-05:00,141.89,141.93,141.86,141.9,0,0.0,0.0
2024-12-04 08:07:00-05:00,141.91,141.93,141.87,141.88,0,0.0,0.0
2024-12-04 08:08:00-05:00,141.87,141.88,141.83,141.86,0,0.0,0.0
2024-12-04 08:09:00-05:00,141.865,141.89,141.85,141.87,0,0.0,0.0
2024-12-04 08:10:00-05:00,141.8676,141.9,141.85,141.881,0,0.0,0.0
2024-12-04 08:11:00-05:00,141.9,141.92,141.87,141.89,0,0.0,0.0
2024-12-04 08:12:00-05:00,141.8888,141.89,141.86,141.89,0,0.0,0.0
2024-12-04 08:13:00-05:00,141.8899,141.92,141.87,141.8819,0,0.0,0.0
2024-12-04 08:14:00-05:00,141.89,141.92,141.89,141.915,0,0.0,0.0
2024-12-04 08:15:00-05:00,141.9197,141.97,141.91,141.9599,0,0.0,0.0
2024-12-04 08:16:00-05:00,141.96,142.02,141.95,142.0102,0,0.0,0.0
2024-12-04 08:17:00-05:00,142.0199,142.06,141.93,142.0,0,0.0,0.0
2024-12-04 08:18:00-05:00,141.9984,142.0,141.94,141.96,0,0.0,0.0
2024-12-04 08:19:00-05:00,141.9593,142.04,141.9,142.0201,0,0.0,0.0
2024-12-04 08:20:00-05:00,142.04,142.07,142.0,142.0,0,0.0,0.0
2024-12-04 08:21:00-05:00,142.0,142.03,141.95,142.0099,0,0.0,0.0
2024-12-04 08:22:00-05:00,142.0,142.01,141.97,141.9992,0,0.0,0.0
2024-12-04 08:23:00-05:00,141.985,142.01,141.95,141.98,0,0.0,0.0
2024-12-04 08:24:00-05:00,141.97,141.98,141.88,141.915,0,0.0,0.0
2024-12-04 08:25:00-05:00,141.9,141.9864,141.89,141.98,0,0.0,0.0
2024-12-04 08:26:00-05:00,142.0,142.05,141.9636,142.0301,0,0.0,0.0
2024-12-04 08:27:00-05:00,142.0401,142.05,142.0,142.025,0,0.0,0.0
2024-12-04 08:28:00-05:00,142.03,142.03,142.0,142.0088,0,0.0,0.0
2024-12-04 08:29:00-05:00,141.99,141.99,141.92,141.93,0,0.0,0.0
2024-12-04 08:30:00-05:00,141.94,141.96,141.9,141.92,0,0.0,0.0
2024-12-04 08:31:00-05:00,141.92,141.94,141.9,141.91,0,0.0,0.0
2024-12-04 08:32:00-05:00,141.925,142.01,141.91,142.0,0,0.0,0.0
2024-12-04 08:33:00-05:00,142.01,142.03,141.99,142.005,0,0.0,0.0
2024-12-04 08:34:00-05:00,142.0,142.02,141.97,142.01,0,0.0,0.0
2024-12-04 08:35:00-05:00,142.03,142.03,141.95,141.975,0,0.0,0.0
2024-12-04 08:36:00-05:00,141.98,142.02,141.98,142.0168,0,0.0,0.0
2024-12-04 08:37:00-05:00,142.01,142.02,141.95,141.97,0,0.0,0.0
2024-12-04 08:38:00-05:00,141.97,141.99,141.95,141.985,0,0.0,0.0
2024-12-04 08:39:00-05:00,141.99,142.005,141.98,142.0,0,0.0,0.0
2024-12-04 08:40:00-05:00,141.995,142.02,141.98,142.0,0,0.0,0.0
2024-12-04 08:41:00-05:00,141.9996,142.0,141.84,141.87,0,0.0,0.0
2024-12-04 08:42:00-05:00,141.8699,141.95,141.84,141.95,0,0.0,0.0
2024-12-04 08:43:00-05:00,141.92,141.94,141.88,141.93,0,0.0,0.0
2024-12-04 08:44:00-05:00,141.92,141.94,141.9,141.93,0,0.0,0.0
2024-12-04 08:45:00-05:00,141.93,141.96,141.9,141.9176,0,0.0,0.0
2024-12-04 08:46:00-05:00,141.92,141.94,141.89,141.9399,0,0.0,0.0
2024-12-04 08:47:00-05:00,141.94,141.98,141.91,141.955,0,0.0,0.0
2024-12-04 08:48:00-05:00,141.955,141.96,141.93,141.94,0,0.0,0.0
2024-12-04 08:49:00-05:00,141.95,141.95,141.89,141.92,0,0.0,0.0
2024-12-04 08:50:00-05:00,141.9191,141.92,141.89,141.9,0,0.0,0.0
2024-12-04 08:51:00-05:00,141.89,141.938,141.89,141.93,0,0.0,0.0
2024-12-04 08:52:00-05:00,141.93,141.96,141.92,141.95,0,0.0,0.0
2024-12-04 08:53:00-05:00,141.95,142.0292,141.91,142.015,0,0.0,0.0
2024-12-04 08:54:00-05:00,142.02,142.06,142.0,142.0599,0,0.0,0.0
2024-12-04 08:55:00-05:00,142.0593,142.06,142.0,142.02,0,0.0,0.0
2024-12-04 08:56:00-05:00,142.01,142.03,141.94,141.975,0,0.0,0.0
2024-12-04 08:57:00-05:00,141.9501,142.02,141.9501,142.0,0,0.0,0.0
2024-12-04 08:58:00-05:00,142.0,142.01,141.96,141.98,0,0.0,0.0
2024-12-04 08:59:00-05:00,141.975,142.09,141.9701,142.06,0,0.0,0.0
2024-12-04 09:00:00-05:00,142.06,142.06,142.0204,142.03,0,0.0,0.0
2024-12-04 09:01:00-05:00,142.025,142.03,142.0,142.02,0,0.0,0.0
2024-12-04 09:02:00-05:00,142.02,142.08,142.02,142.08,0,0.0,0.0
2024-12-04 09:03:00-05:00,142.0756,142.12,142.05,142.11,0,0.0,0.0
2024-12-04 09:04:00-05:00,142.1188,142.19,142.11,142.19,0,0.0,0.0
2024-12-04 09:05:00-05:00,142.18,142.19,142.12,142.18,0,0.0,0.0
2024-12-04 09:06:00-05:00,142.18,142.19,142.11,142.175,0,0.0,0.0
2024-12-04 09:07:00-05:00,142.1701,142.25,142.17,142.22,0,0.0,0.0
2024-12-04 09:08:00-05:00,142.24,142.28,142.22,142.2202,0,0.0,0.0
2024-12-04 09:09:00-05:00,142.24,142.25,142.21,142.23,0,0.0,0.0
2024-12-04 09:10:00-05:00,142.2276,142.25,142.21,142.25,0,0.0,0.0
2024-12-04 09:11:00-05:00,142.24,142.28,142.24,142.27,0,0.0,0.0
2024-12-04 09:12:00-05:00,142.2799,142.28,142.11,142.15,0,0.0,0.0
2024-12-04 09:13:00-05:00,142.1987,142.22,142.14,142.16,0,0.0,0.0
2024-12-04 09:14:00-05:00,142.16,142.2,142.1,142.13,0,0.0,0.0
2024-12-04 09:15:00-05:00,142.14,142.15,142.09,142.1,0,0.0,0.0
2024-12-04 09:16:00-05:00,142.0999,142.15,142.06,142.15,0,0.0,0.0
2024-12-04 09:17:00-05:00,142.135,142.19,142.12,142.18,0,0.0,0.0
2024-12-04 09:18:00-05:00,142.19,142.2,142.15,142.155,0,0.0,0.0
2024-12-04 09:19:00-05:00,142.16,142.17,142.12,142.14,0,0.0,0.0
2024-12-04 09:20:00-05:00,142.1301,142.14,142.02,142.03,0,0.0,0.0
2024-12-04 09:21:00-05:00,142.03,142.08,142.0,142.04,0,0.0,0.0
2024-12-04 09:22:00-05:00,142.05,142.08,142.0,142.03,0,0.0,0.0
2024-12-04 09:23:00-05:00,142.03,142.05,142.0,142.0,0,0.0,0.0
2024-12-04 09:24:00-05:00,142.02,142.04,141.99,141.99,0,0.0,0.0
2024-12-04 09:25:00-05:00,141.99,142.04,141.98,141.99,0,0.0,0.0
2024-12-04 09:26:00-05:00,142.01,142.05,141.97,142.02,0,0.0,0.0
2024-12-04 09:27:00-05:00,142.0,142.0,141.96,141.98,0,0.0,0.0
2024-12-04 09:28:00-05:00,141.98,142.08,141.9797,142.0324,0,0.0,0.0
2024-12-04 09:29:00-05:00,142.03,142.06,142.0,142.0,0,0.0,0.0
2024-12-04 09:30:00-05:00,142.02000427246094,142.6300048828125,141.8800048828125,142.57000732421875,8523041,0.0,0.0
2024-12-04 09:31:00-05:00,141.72000122070312,142.6199951171875,141.6999969482422,141.72000122070312,1846514,0.0,0.0
2024-12-04 09:32:00-05:00,141.72999572753906,142.22999572753906,141.55499267578125,142.1300048828125,1412024,0.0,0.0
2024-12-04 09:33:00-05:00,142.1199951171875,142.3699951171875,141.8300018310547,142.27000427246094,1109779,0.0,0.0
2024-12-04 09:34:00-05:00,142.27999877929688,142.39999389648438,141.72999572753906,141.73269653320312,903333,0.0,0.0
2024-12-04 09:35:00-05:00,141.73939514160156,141.8300018310547,141.41619873046875,141.64999389648438,1026700,0.0,0.0
2024-12-04 09:36:00-05:00,141.67999267578125,141.9499969482422,141.5800018310547,141.77980041503906,848410,0.0,0.0
2024-12-04 09:37:00-05:00,141.77999877929688,141.88999938964844,141.22999572753906,141.30859375,1051712,0.0,0.0
2024-12-04 09:38:00-05:00,141.30990600585938,141.4499969482422,141.1699981689453,141.33839416503906,918060,0.0,0.0
2024-12-04 09:39:00-05:00,141.34979248046875,141.4199981689453,140.97000122070312,141.05599975585938,1203654,0.0,0.0
2024-12-04 09:40:00-05:00,141.04449462890625,141.22000122070312,140.80999755859375,141.08999633789062,1242478,0.0,0.0
2024-12-04 09:41:00-05:00,141.06080627441406,141.3300018310547,141.0312957763672,141.17999267578125,746133,0.0,0.0
2024-12-04 09:42:00-05:00,141.19639587402344,141.3300018310547,141.02999877929688,141.0500030517578,561868,0.0,0.0
2024-12-04 09:43:00-05:00,141.05499267578125,141.28990173339844,140.91439819335938,141.2353973388672,583222,0.0,0.0
2024-12-04 09:44:00-05:00,141.22999572753906,141.38999938964844,141.19000244140625,141.30810546875,568255,0.0,0.0
2024-12-04 09:45:00-05:00,140.875,140.91000366210938,140.875,140.88999938964844,683458,0.0,0.0
2024-12-04 09:46:00-05:00,141.00999450683594,141.0299072265625,140.67999267578125,140.99000549316406,924675,0.0,0.0
2024-12-04 09:47:00-05:00,140.9998016357422,141.05999755859375,140.74000549316406,141.0565948486328,580810,0.0,0.0
2024-12-04 09:48:00-05:00,141.05999755859375,141.10000610351562,140.91000366210938,141.0225067138672,446800,0.0,0.0
2024-12-04 09:49:00-05:00,141.01499938964844,141.1199951171875,140.75999450683594,140.77999877929688,619621,0.0,0.0
2024-12-04 09:50:00-05:00,140.7949981689453,140.91000366210938,140.6999969482422,140.8300018310547,663717,0.0,0.0
2024-12-04 09:51:00-05:00,140.82000732421875,141.0399932861328,140.66000366210938,141.02000427246094,515149,0.0,0.0
2024-12-04 09:52:00-05:00,141.0,141.14999389648438,140.87319946289062,141.1199951171875,450654,0.0,0.0
2024-12-04 09:53:00-05:00,141.1199951171875,141.14999389648438,140.72999572753906,140.7720947265625,507961,0.0,0.0
2024-12-04 09:54:00-05:00,140.77099609375,141.19000244140625,140.75999450683594,141.08419799804688,655268,0.0,0.0
2024-12-04 09:55:00-05:00,141.07550048828125,141.1300048828125,140.88999938964844,140.99000549316406,288179,0.0,0.0
2024-12-04 09:56:00-05:00,140.99099731445312,141.08999633789062,140.82000732421875,140.8699951171875,300140,0.0,0.0
2024-12-04 09:57:00-05:00,140.875,140.875,140.5800018310547,140.66000366210938,834412,0.0,0.0
2024-12-04 09:58:00-05:00,140.66900634765625,140.6699981689453,140.3800048828125,140.57000732421875,969683,0.0,0.0
2024-12-04 09:59:00-05:00,140.5749969482422,140.66000366210938,140.5,140.6199951171875,496952,0.0,0.0
2024-12-04 10:00:00-05:00,140.6300048828125,140.72000122070312,140.31500244140625,140.3249969482422,860108,0.0,0.0
2024-12-04 10:01:00-05:00,140.33999633789062,140.8000030517578,140.2899932861328,140.70399475097656,1311879,0.0,0.0
2024-12-04 10:02:00-05:00,140.7100067138672,141.0399932861328,140.58999633789062,140.97999572753906,890994,0.0,0.0
2024-12-04 10:03:00-05:00,140.97000122070312,141.25,140.97000122070312,141.1750030517578,957330,0.0,0.0
2024-12-04 10:04:00-05:00,141.16000366210938,141.2100067138672,141.0500030517578,141.19500732421875,601271,0.0,0.0
2024-12-04 10:05:00-05:00,141.19500732421875,141.42999267578125,141.1820068359375,141.38150024414062,864588,0.0,0.0
2024-12-04 10:06:00-05:00,141.38499450683594,141.44000244140625,141.2899932861328,141.32000732421875,548892,0.0,0.0
2024-12-04 10:07:00-05:00,141.30999755859375,141.5128936767578,141.30999755859375,141.40499877929688,693618,0.0,0.0
2024-12-04 10:08:00-05:00,141.39010620117188,141.49000549316406,141.32000732421875,141.38499450683594,465112,0.0,0.0
2024-12-04 10:09:00-05:00,141.38980102539062,141.40370178222656,141.14999389648438,141.36090087890625,664044,0.0,0.0
2024-12-04 10:10:00-05:00,141.36000061035156,141.5800018310547,141.24000549316406,141.32000732421875,715187,0.0,0.0
2024-12-04 10:11:00-05:00,141.30999755859375,141.44500732421875,141.25999450683594,141.4149932861328,326689,0.0,0.0
2024-12-04 10:12:00-05:00,141.4134979248047,141.60000610351562,141.38999938964844,141.44500732421875,654932,0.0,0.0
2024-12-04 10:13:00-05:00,141.44000244140625,141.77999877929688,141.42349243164062,141.75709533691406,627125,0.0,0.0
2024-12-04 10:14:00-05:00,141.75030517578125,141.8690948486328,141.63999938964844,141.73989868164062,718012,0.0,0.0
2024-12-04 10:15:00-05:00,141.72999572753906,141.8699951171875,141.6300048828125,141.7100067138672,688652,0.0,0.0
2024-12-04 10:16:00-05:00,141.72000122070312,141.76759338378906,141.4709014892578,141.5500030517578,551319,0.0,0.0
2024-12-04 10:17:00-05:00,141.5500030517578,141.75,141.50120544433594,141.73500061035156,443361,0.0,0.0
2024-12-04 10:18:00-05:00,141.71009826660156,141.99000549316406,141.7050018310547,141.97999572753906,790158,0.0,0.0
2024-12-04 10:19:00-05:00,141.98500061035156,142.10000610351562,141.9499969482422,142.02999877929688,1027430,0.0,0.0
2024-12-04 10:20:00-05:00,142.03179931640625,142.15499877929688,141.94000244140625,142.05999755859375,736682,0.0,0.0
2024-12-04 10:21:00-05:00,142.05999755859375,142.1699981689453,141.98109436035156,142.10000610351562,498087,0.0,0.0
2024-12-04 10:22:00-05:00,142.08999633789062,142.23500061035156,142.05999755859375,142.1240997314453,617029,0.0,0.0
2024-12-04 10:23:00-05:00,142.13999938964844,142.1800994873047,141.9600067138672,141.96090698242188,602825,0.0,0.0
2024-12-04 10:24:00-05:00,141.96499633789062,142.02999877929688,141.86019897460938,141.87060546875,511319,0.0,0.0
2024-12-04 10:25:00-05:00,141.8699951171875,142.05999755859375,141.80999755859375,141.99009704589844,457882,0.0,0.0
2024-12-04 10:26:00-05:00,142.0,142.0,141.83999633789062,141.83999633789062,334116,0.0,0.0
2024-12-04 10:27:00-05:00,141.8498992919922,141.97999572753906,141.84060668945312,141.91000366210938,272006,0.0,0.0
2024-12-04 10:28:00-05:00,141.91009521484375,141.97999572753906,141.83090209960938,141.8804931640625,268570,0.0,0.0
2024-12-04 10:29:00-05:00,141.8800048828125,141.9178009033203,141.7512969970703,141.8000030517578,426558,0.0,0.0
2024-12-04 10:30:00-05:00,141.8000030517578,141.94000244140625,141.6699981689453,141.7899932861328,400891,0.0,0.0
2024-12-04 10:31:00-05:00,141.7899932861328,141.87010192871094,141.69000244140625,141.87010192871094,294960,0.0,0.0
2024-12-04 10:32:00-05:00,141.87060546875,142.08999633789062,141.8101043701172,142.0449981689453,601284,0.0,0.0
2024-12-04 10:33:00-05:00,142.04989624023438,142.07899475097656,141.92999267578125,141.92999267578125,925044,0.0,0.0
2024-12-04 10:34:00-05:00,141.94000244140625,141.9499969482422,141.86000061035156,141.9300994873047,213170,0.0,0.0
2024-12-04 10:35:00-05:00,141.94000244140625,142.1999969482422,141.91000366210938,142.1199951171875,568107,0.0,0.0
2024-12-04 10:36:00-05:00,142.11000061035156,142.1999969482422,142.0800018310547,142.10000610351562,344651,0.0,0.0
2024-12-04 10:37:00-05:00,142.10000610351562,142.19500732421875,142.0399932861328,142.16400146484375,261107,0.0,0.0
2024-12-04 10:38:00-05:00,142.1649932861328,142.1824951171875,141.99000549316406,142.02999877929688,322307,0.0,0.0
2024-12-04 10:39:00-05:00,142.02999877929688,142.17999267578125,141.97999572753906,142.1309051513672,314976,0.0,0.0
2024-12-04 10:40:00-05:00,142.1300048828125,142.14999389648438,142.0500030517578,142.05999755859375,237205,0.0,0.0
2024-12-04 10:41:00-05:00,142.0500946044922,142.11000061035156,141.9813995361328,142.07009887695312,276761,0.0,0.0
2024-12-04 10:42:00-05:00,142.07009887695312,142.16000366210938,142.07000732421875,142.09039306640625,233077,0.0,0.0
2024-12-04 10:43:00-05:00,142.09500122070312,142.09500122070312,141.97000122070312,142.02000427246094,302798,0.0,0.0
2024-12-04 10:44:00-05:00,142.02000427246094,142.13999938964844,141.99000549316406,142.08639526367188,284453,0.0,0.0
2024-12-04 10:45:00-05:00,142.11500549316406,142.3300018310547,142.0800018310547,142.32000732421875,622365,0.0,0.0
2024-12-04 10:46:00-05:00,142.32080078125,142.3800048828125,142.27000427246094,142.31089782714844,481202,0.0,0.0
2024-12-04 10:47:00-05:00,142.31039428710938,142.3699951171875,142.2100067138672,142.28990173339844,418577,0.0,0.0
2024-12-04 10:48:00-05:00,142.2899932861328,142.30999755859375,142.17999267578125,142.2998046875,335196,0.0,0.0
2024-12-04 10:49:00-05:00,142.2899932861328,142.30990600585938,142.05999755859375,142.131103515625,383867,0.0,0.0
2024-12-04 10:50:00-05:00,142.13099670410156,142.19000244140625,142.00999450683594,142.09500122070312,426499,0.0,0.0
2024-12-04 10:51:00-05:00,142.10009765625,142.10499572753906,141.80999755859375,141.81129455566406,487972,0.0,0.0
2024-12-04 10:52:00-05:00,141.82000732421875,141.96499633789062,141.78500366210938,141.94009399414062,421356,0.0,0.0
2024-12-04 10:53:00-05:00,141.94000244140625,141.9499969482422,141.7949981689453,141.7949981689453,257960,0.0,0.0
2024-12-04 10:54:00-05:00,141.79989624023438,141.83999633789062,141.67999267578125,141.7949981689453,378561,0.0,0.0
2024-12-04 10:55:00-05:00,141.79989624023438,141.8300018310547,141.6199951171875,141.7010955810547,375279,0.0,0.0
2024-12-04 10:56:00-05:00,141.70970153808594,141.7698974609375,141.625,141.72000122070312,397081,0.0,0.0
2024-12-04 10:57:00-05:00,141.72000122070312,141.92999267578125,141.72000122070312,141.9001007080078,370773,0.0,0.0
2024-12-04 10:58:00-05:00,141.89999389648438,142.05499267578125,141.89999389648438,142.0399932861328,403573,0.0,0.0
2024-12-04 10:59:00-05:00,142.0449981689453,142.08999633789062,141.97999572753906,141.9875946044922,269838,0.0,0.0
2024-12-04 11:00:00-05:00,141.99000549316406,142.08889770507812,141.86000061035156,141.97000122070312,302004,0.0,0.0
2024-12-04 11:01:00-05:00,141.97500610351562,142.22999572753906,141.88999938964844,142.10000610351562,385347,0.0,0.0
2024-12-04 11:02:00-05:00,142.1300048828125,142.22079467773438,142.05499267578125,142.08360290527344,265144,0.0,0.0
2024-12-04 11:03:00-05:00,142.09620666503906,142.19979858398438,142.07000732421875,142.1719970703125,209000,0.0,0.0
2024-12-04 11:04:00-05:00,142.17999267578125,142.2100067138672,142.1300048828125,142.20030212402344,182601,0.0,0.0
2024-12-04 11:05:00-05:00,142.2050018310547,142.30499267578125,142.1699981689453,142.29989624023438,483950,0.0,0.0
2024-12-04 11:06:00-05:00,142.2949981689453,142.44000244140625,142.2906036376953,142.4250030517578,538292,0.0,0.0
2024-12-04 11:07:00-05:00,142.4290008544922,142.58999633789062,142.39010620117188,142.51100158691406,1206137,0.0,0.0
2024-12-04 11:08:00-05:00,142.51010131835938,142.58999633789062,142.38999938964844,142.43499755859375,516835,0.0,0.0
2024-12-04 11:09:00-05:00,142.42999267578125,142.43499755859375,142.33999633789062,142.36830139160156,280777,0.0,0.0
2024-12-04 11:10:00-05:00,142.3679962158203,142.4499969482422,142.2899932861328,142.42999267578125,369764,0.0,0.0
2024-12-04 11:11:00-05:00,142.41000366210938,142.52999877929688,142.38999938964844,142.47650146484375,319755,0.0,0.0
2024-12-04 11:12:00-05:00,142.47000122070312,142.61990356445312,142.46029663085938,142.57000732421875,665126,0.0,0.0
2024-12-04 11:13:00-05:00,142.56500244140625,142.6199951171875,142.47999572753906,142.47999572753906,436530,0.0,0.0
2024-12-04 11:14:00-05:00,142.49850463867188,142.5500030517578,142.4499969482422,142.45989990234375,291770,0.0,0.0
2024-12-04 11:15:00-05:00,142.4499969482422,142.4499969482422,142.30999755859375,142.3101043701172,363635,0.0,0.0
2024-12-04 11:16:00-05:00,142.31500244140625,142.3800048828125,142.25999450683594,142.3227996826172,300452,0.0,0.0
2024-12-04 11:17:00-05:00,142.32589721679688,142.5050048828125,142.30999755859375,142.5050048828125,337074,0.0,0.0
2024-12-04 11:18:00-05:00,142.5050048828125,142.52999877929688,142.41000366210938,142.47000122070312,418667,0.0,0.0
2024-12-04 11:19:00-05:00,142.47999572753906,142.5,142.3800048828125,142.40040588378906,222893,0.0,0.0
2024-12-04 11:20:00-05:00,142.41000366210938,142.52999877929688,142.39999389648438,142.46090698242188,325808,0.0,0.0
2024-12-04 11:21:00-05:00,142.46090698242188,142.64999389648438,142.42999267578125,142.64990234375,476179,0.0,0.0
2024-12-04 11:22:00-05:00,142.63999938964844,142.72000122070312,142.63999938964844,142.7100067138672,521726,0.0,0.0
2024-12-04 11:23:00-05:00,142.6999969482422,142.72000122070312,142.61000061035156,142.6199951171875,377126,0.0,0.0
2024-12-04 11:24:00-05:00,142.61000061035156,142.69000244140625,142.5500030517578,142.5800018310547,265690,0.0,0.0
2024-12-04 11:25:00-05:00,142.5753936767578,142.67999267578125,142.5260009765625,142.6699981689453,281819,0.0,0.0
2024-12-04 11:26:00-05:00,142.6750030517578,142.88999938964844,142.6699981689453,142.8699951171875,854126,0.0,0.0
2024-12-04 11:27:00-05:00,142.8800048828125,142.89999389648438,142.82000732421875,142.87010192871094,497317,0.0,0.0
2024-12-04 11:28:00-05:00,142.8800048828125,142.98500061035156,142.8699951171875,142.97999572753906,594497,0.0,0.0
2024-12-04 11:29:00-05:00,142.97999572753906,143.0,142.91000366210938,142.9499969482422,593537,0.0,0.0
2024-12-04 11:30:00-05:00,142.94110107421875,142.99000549316406,142.91000366210938,142.99000549316406,446343,0.0,0.0
2024-12-04 11:31:00-05:00,142.98500061035156,143.16000366210938,142.9600067138672,143.13540649414062,1597034,0.0,0.0
2024-12-04 11:32:00-05:00,143.13900756835938,143.24000549316406,143.08999633789062,143.21009826660156,659725,0.0,0.0
2024-12-04 11:33:00-05:00,143.21499633789062,143.22999572753906,143.11639404296875,143.14500427246094,473984,0.0,0.0
2024-12-04 11:34:00-05:00,143.14500427246094,143.30999755859375,143.0800018310547,143.25999450683594,877561,0.0,0.0
2024-12-04 11:35:00-05:00,143.25869750976562,143.39999389648438,143.24000549316406,143.39500427246094,693555,0.0,0.0
2024-12-04 11:36:00-05:00,143.39039611816406,143.47000122070312,143.3800048828125,143.47000122070312,633532,0.0,0.0
2024-12-04 11:37:00-05:00,143.47019958496094,143.5,143.45010375976562,143.49000549316406,500891,0.0,0.0
2024-12-04 11:38:00-05:00,143.48519897460938,143.52000427246094,143.33999633789062,143.36500549316406,906726,0.0,0.0
2024-12-04 11:39:00-05:00,143.36000061035156,143.3699951171875,143.16000366210938,143.2550048828125,655904,0.0,0.0
2024-12-04 11:40:00-05:00,143.2548065185547,143.34939575195312,143.1999969482422,143.3477020263672,418214,0.0,0.0
2024-12-04 11:41:00-05:00,143.3300018310547,143.3800048828125,143.13999938964844,143.1699981689453,421917,0.0,0.0
2024-12-04 11:42:00-05:00,143.1678924560547,143.29010009765625,143.13999938964844,143.27499389648438,388733,0.0,0.0
2024-12-04 11:43:00-05:00,143.27000427246094,143.27000427246094,142.94009399414062,142.9499053955078,762373,0.0,0.0
2024-12-04 11:44:00-05:00,142.9499053955078,143.08619689941406,142.94119262695312,143.0469970703125,368368,0.0,0.0
2024-12-04 11:45:00-05:00,143.04930114746094,143.17999267578125,143.0305938720703,143.09010314941406,410937,0.0,0.0
2024-12-04 11:46:00-05:00,143.08999633789062,143.1999969482422,143.0399932861328,143.1750030517578,503322,0.0,0.0
2024-12-04 11:47:00-05:00,143.17999267578125,143.25,143.13009643554688,143.18499755859375,519747,0.0,0.0
2024-12-04 11:48:00-05:00,143.17909240722656,143.18499755859375,143.02000427246094,143.06480407714844,310274,0.0,0.0
2024-12-04 11:49:00-05:00,143.07000732421875,143.0850067138672,142.9550018310547,143.0301055908203,360887,0.0,0.0
2024-12-04 11:50:00-05:00,143.02999877929688,143.1199951171875,142.91000366210938,143.0850067138672,386505,0.0,0.0
2024-12-04 11:51:00-05:00,143.0850067138672,143.1999969482422,143.04010009765625,143.1898956298828,334506,0.0,0.0
2024-12-04 11:52:00-05:00,143.1800994873047,143.1999969482422,143.0449981689453,143.1291961669922,268224,0.0,0.0
2024-12-04 11:53:00-05:00,143.1199951171875,143.19000244140625,143.08999633789062,143.16000366210938,208674,0.0,0.0
2024-12-04 11:54:00-05:00,143.1656036376953,143.31500244140625,143.1300048828125,143.27499389648438,448125,0.0,0.0
2024-12-04 11:55:00-05:00,143.2700958251953,143.46690368652344,143.26010131835938,143.42849731445312,412660,0.0,0.0
2024-12-04 11:56:00-05:00,143.42010498046875,143.49000549316406,143.3699951171875,143.48880004882812,370612,0.0,0.0
2024-12-04 11:57:00-05:00,143.48500061035156,143.60000610351562,143.4801025390625,143.59849548339844,604506,0.0,0.0
2024-12-04 11:58:00-05:00,143.58999633789062,143.64999389648438,143.5800018310547,143.64120483398438,369151,0.0,0.0
2024-12-04 11:59:00-05:00,143.63999938964844,143.66000366210938,143.57000732421875,143.60000610351562,366291,0.0,0.0
2024-12-04 12:00:00-05:00,143.58999633789062,143.6999969482422,143.57000732421875,143.63999938964844,369923,0.0,0.0
2024-12-04 12:01:00-05:00,143.64500427246094,143.8000030517578,143.64109802246094,143.7899932861328,480500,0.0,0.0
2024-12-04 12:02:00-05:00,143.7899932861328,143.92999267578125,143.77000427246094,143.92990112304688,689431,0.0,0.0
2024-12-04 12:03:00-05:00,143.92990112304688,143.94000244140625,143.75999450683594,143.93499755859375,581423,0.0,0.0
2024-12-04 12:04:00-05:00,143.92999267578125,144.04989624023438,143.8800048828125,143.94500732421875,1481724,0.0,0.0
2024-12-04 12:05:00-05:00,143.9499053955078,144.02999877929688,143.89999389648438,144.00010681152344,972896,0.0,0.0
2024-12-04 12:06:00-05:00,144.0,144.13999938964844,144.0,144.0850067138672,762536,0.0,0.0
2024-12-04 12:07:00-05:00,144.0850067138672,144.08999633789062,143.86000061035156,144.03729248046875,646227,0.0,0.0
2024-12-04 12:08:00-05:00,144.0399932861328,144.17999267578125,144.02000427246094,144.07440185546875,554324,0.0,0.0
2024-12-04 12:09:00-05:00,144.0800018310547,144.08999633789062,143.94000244140625,143.97999572753906,430349,0.0,0.0
2024-12-04 12:10:00-05:00,143.97999572753906,144.13999938964844,143.9492950439453,144.11500549316406,424960,0.0,0.0
2024-12-04 12:11:00-05:00,144.11000061035156,144.14999389648438,144.0800018310547,144.10000610351562,362154,0.0,0.0
2024-12-04 12:12:00-05:00,144.0991973876953,144.22000122070312,144.08079528808594,144.18870544433594,513130,0.0,0.0
2024-12-04 12:13:00-05:00,144.18539428710938,144.3000030517578,144.10000610351562,144.29010009765625,532774,0.0,0.0
2024-12-04 12:14:00-05:00,144.29200744628906,144.32000732421875,144.16000366210938,144.25,610777,0.0,0.0
2024-12-04 12:15:00-05:00,144.2550048828125,144.2899932861328,144.10000610351562,144.1790008544922,384410,0.0,0.0
2024-12-04 12:16:00-05:00,144.1649932861328,144.17999267578125,143.99000549316406,144.05990600585938,468589,0.0,0.0
2024-12-04 12:17:00-05:00,144.0590057373047,144.15989685058594,144.0399932861328,144.10499572753906,368665,0.0,0.0
2024-12-04 12:18:00-05:00,144.11000061035156,144.20989990234375,144.07009887695312,144.1199951171875,303781,0.0,0.0
2024-12-04 12:19:00-05:00,144.1199951171875,144.2899932861328,144.11000061035156,144.22540283203125,372354,0.0,0.0
2024-12-04 12:20:00-05:00,144.22030639648438,144.3800048828125,144.2100067138672,144.3699951171875,591947,0.0,0.0
2024-12-04 12:21:00-05:00,144.37069702148438,144.42999267578125,144.1999969482422,144.3800048828125,661637,0.0,0.0
2024-12-04 12:22:00-05:00,144.38999938964844,144.5800018310547,144.375,144.50999450683594,987952,0.0,0.0
2024-12-04 12:23:00-05:00,144.51499938964844,144.5800018310547,144.44000244140625,144.4691925048828,541123,0.0,0.0
2024-12-04 12:24:00-05:00,144.4600067138672,144.4600067138672,144.32000732421875,144.32000732421875,418011,0.0,0.0
2024-12-04 12:25:00-05:00,144.30999755859375,144.3800048828125,144.27999877929688,144.35499572753906,360613,0.0,0.0
2024-12-04 12:26:00-05:00,144.35499572753906,144.47000122070312,144.3000030517578,144.43499755859375,380223,0.0,0.0
2024-12-04 12:27:00-05:00,144.44000244140625,144.47000122070312,144.36500549316406,144.39120483398438,416630,0.0,0.0
2024-12-04 12:28:00-05:00,144.38999938964844,144.41000366210938,144.28419494628906,144.39999389648438,332067,0.0,0.0
2024-12-04 12:29:00-05:00,144.40550231933594,144.5800018310547,144.36000061035156,144.5749969482422,595436,0.0,0.0
2024-12-04 12:30:00-05:00,144.5749969482422,144.58999633789062,144.38999938964844,144.4199981689453,539160,0.0,0.0
2024-12-04 12:31:00-05:00,144.41000366210938,144.5050048828125,144.35000610351562,144.38099670410156,341392,0.0,0.0
2024-12-04 12:32:00-05:00,144.3878936767578,144.39999389648438,144.3000030517578,144.38499450683594,375337,0.0,0.0
2024-12-04 12:33:00-05:00,144.38619995117188,144.38999938964844,144.22000122070312,144.24989318847656,427556,0.0,0.0
2024-12-04 12:34:00-05:00,144.25,144.30999755859375,144.13999938964844,144.2050018310547,446070,0.0,0.0
2024-12-04 12:35:00-05:00,144.1999969482422,144.2100067138672,144.07000732421875,144.09500122070312,426946,0.0,0.0
2024-12-04 12:36:00-05:00,144.10000610351562,144.24000549316406,144.08999633789062,144.2218017578125,471179,0.0,0.0
2024-12-04 12:37:00-05:00,144.22999572753906,144.41000366210938,144.1999969482422,144.33009338378906,429319,0.0,0.0
2024-12-04 12:38:00-05:00,144.33929443359375,144.5,144.3300018310547,144.4698944091797,418990,0.0,0.0
2024-12-04 12:39:00-05:00,144.46499633789062,144.52000427246094,144.35000610351562,144.4550018310547,405480,0.0,0.0
2024-12-04 12:40:00-05:00,144.4550018310547,144.46499633789062,144.33999633789062,144.3699951171875,251602,0.0,0.0
2024-12-04 12:41:00-05:00,144.36090087890625,144.36500549316406,144.14999389648438,144.16929626464844,385993,0.0,0.0
2024-12-04 12:42:00-05:00,144.1699981689453,144.49000549316406,144.14999389648438,144.4862060546875,492034,0.0,0.0
2024-12-04 12:43:00-05:00,144.49000549316406,144.49000549316406,144.41000366210938,144.46009826660156,526013,0.0,0.0
2024-12-04 12:44:00-05:00,144.46539306640625,144.47000122070312,144.3000030517578,144.3699951171875,363947,0.0,0.0
2024-12-04 12:45:00-05:00,144.36500549316406,144.39950561523438,144.2698974609375,144.30999755859375,283067,0.0,0.0
2024-12-04 12:46:00-05:00,144.30909729003906,144.35499572753906,144.22000122070312,144.35499572753906,279157,0.0,0.0
2024-12-04 12:47:00-05:00,144.35879516601562,144.3592071533203,144.14999389648438,144.18499755859375,410048,0.0,0.0
2024-12-04 12:48:00-05:00,144.19000244140625,144.27969360351562,144.14999389648438,144.1699981689453,308957,0.0,0.0
2024-12-04 12:49:00-05:00,144.17469787597656,144.27999877929688,144.16000366210938,144.25999450683594,243154,0.0,0.0
2024-12-04 12:50:00-05:00,144.25999450683594,144.3699951171875,144.25010681152344,144.34750366210938,330828,0.0,0.0
2024-12-04 12:51:00-05:00,144.34500122070312,144.44000244140625,144.3300018310547,144.41000366210938,357219,0.0,0.0
2024-12-04 12:52:00-05:00,144.39999389648438,144.47999572753906,144.38999938964844,144.47889709472656,304793,0.0,0.0
2024-12-04 12:53:00-05:00,144.47999572753906,144.5,144.42999267578125,144.49789428710938,1277111,0.0,0.0
2024-12-04 12:54:00-05:00,144.5,144.5,144.3699951171875,144.39010620117188,261056,0.0,0.0
2024-12-04 12:55:00-05:00,144.39500427246094,144.39500427246094,144.32000732421875,144.3498992919922,221430,0.0,0.0
2024-12-04 12:56:00-05:00,144.35000610351562,144.35000610351562,144.22000122070312,144.23500061035156,327388,0.0,0.0
2024-12-04 12:57:00-05:00,144.24000549316406,144.3699951171875,144.23500061035156,144.31500244140625,250443,0.0,0.0
2024-12-04 12:58:00-05:00,144.31500244140625,144.33999633789062,144.27999877929688,144.3000030517578,153325,0.0,0.0
2024-12-04 12:59:00-05:00,144.3000030517578,144.3800048828125,144.3000030517578,144.33999633789062,399123,0.0,0.0
2024-12-04 13:00:00-05:00,144.33999633789062,144.35000610351562,144.24000549316406,144.27000427246094,258976,0.0,0.0
2024-12-04 13:01:00-05:00,144.26499938964844,144.3699951171875,144.23919677734375,144.36500549316406,287318,0.0,0.0
2024-12-04 13:02:00-05:00,144.3686065673828,144.4600067138672,144.3300018310547,144.4499969482422,303450,0.0,0.0
2024-12-04 13:03:00-05:00,144.4499969482422,144.52000427246094,144.4499969482422,144.47000122070312,558202,0.0,0.0
2024-12-04 13:04:00-05:00,144.4600067138672,144.47000122070312,144.42010498046875,144.44070434570312,180274,0.0,0.0
2024-12-04 13:05:00-05:00,144.4499969482422,144.5800018310547,144.44500732421875,144.57009887695312,450674,0.0,0.0
2024-12-04 13:06:00-05:00,144.57000732421875,144.6199951171875,144.4600067138672,144.5,489670,0.0,0.0
2024-12-04 13:07:00-05:00,144.49099731445312,144.5500030517578,144.3800048828125,144.4499969482422,342374,0.0,0.0
2024-12-04 13:08:00-05:00,144.4499969482422,144.47000122070312,144.3699951171875,144.42999267578125,192500,0.0,0.0
2024-12-04 13:09:00-05:00,144.4250030517578,144.4600067138672,144.3699951171875,144.38999938964844,180521,0.0,0.0
2024-12-04 13:10:00-05:00,144.38499450683594,144.41909790039062,144.3209991455078,144.32870483398438,254622,0.0,0.0
2024-12-04 13:11:00-05:00,144.3249969482422,144.42999267578125,144.2949981689453,144.38999938964844,464931,0.0,0.0
2024-12-04 13:12:00-05:00,144.38499450683594,144.38999938964844,144.30999755859375,144.375,211551,0.0,0.0
2024-12-04 13:13:00-05:00,144.38169860839844,144.38999938964844,144.27999877929688,144.28500366210938,181907,0.0,0.0
2024-12-04 13:14:00-05:00,144.28030395507812,144.2989959716797,144.11000061035156,144.13009643554688,520978,0.0,0.0
2024-12-04 13:15:00-05:00,144.13499450683594,144.16000366210938,144.0500030517578,144.13499450683594,375223,0.0,0.0
2024-12-04 13:16:00-05:00,144.13999938964844,144.24000549316406,144.1199951171875,144.139892578125,310001,0.0,0.0
2024-12-04 13:17:00-05:00,144.1300048828125,144.1300048828125,144.02999877929688,144.0850067138672,406132,0.0,0.0
2024-12-04 13:18:00-05:00,144.08009338378906,144.15989685058594,144.02000427246094,144.1300048828125,289667,0.0,0.0
2024-12-04 13:19:00-05:00,144.1199951171875,144.1688995361328,144.11990356445312,144.125,233252,0.0,0.0
2024-12-04 13:20:00-05:00,144.12100219726562,144.3000030517578,144.12100219726562,144.28500366210938,306722,0.0,0.0
2024-12-04 13:21:00-05:00,144.2899932861328,144.3000030517578,144.19749450683594,144.21499633789062,207626,0.0,0.0
2024-12-04 13:22:00-05:00,144.21820068359375,144.27000427246094,144.1300048828125,144.1300048828125,185524,0.0,0.0
2024-12-04 13:23:00-05:00,144.13999938964844,144.2100067138672,144.09010314941406,144.19000244140625,199688,0.0,0.0
2024-12-04 13:24:00-05:00,144.19000244140625,144.24000549316406,144.08999633789062,144.12030029296875,282618,0.0,0.0
2024-12-04 13:25:00-05:00,144.125,144.17999267578125,144.11000061035156,144.1291961669922,158504,0.0,0.0
2024-12-04 13:26:00-05:00,144.12989807128906,144.14500427246094,144.0,144.01010131835938,606242,0.0,0.0
2024-12-04 13:27:00-05:00,144.02000427246094,144.02999877929688,143.88999938964844,143.9152069091797,524294,0.0,0.0
2024-12-04 13:28:00-05:00,143.914794921875,143.95849609375,143.80999755859375,143.8350067138672,580417,0.0,0.0
2024-12-04 13:29:00-05:00,143.85000610351562,143.88999938964844,143.80999755859375,143.83009338378906,295314,0.0,0.0
2024-12-04 13:30:00-05:00,143.83380126953125,143.9199981689453,143.7530059814453,143.82009887695312,408770,0.0,0.0
2024-12-04 13:31:00-05:00,143.82000732421875,144.00999450683594,143.81700134277344,143.99009704589844,384888,0.0,0.0
2024-12-04 13:32:00-05:00,143.99000549316406,144.08999633789062,143.97999572753906,143.99000549316406,381849,0.0,0.0
2024-12-04 13:33:00-05:00,143.99000549316406,144.08999633789062,143.91000366210938,144.07020568847656,348401,0.0,0.0
2024-12-04 13:34:00-05:00,144.07989501953125,144.1300048828125,144.0,144.0749969482422,413450,0.0,0.0
2024-12-04 13:35:00-05:00,144.0800018310547,144.1300048828125,144.0500030517578,144.0800018310547,234390,0.0,0.0
2024-12-04 13:36:00-05:00,144.07009887695312,144.0800018310547,143.86000061035156,144.00889587402344,367474,0.0,0.0
2024-12-04 13:37:00-05:00,144.00909423828125,144.05999755859375,143.92010498046875,143.92999267578125,170057,0.0,0.0
2024-12-04 13:38:00-05:00,143.93499755859375,144.0500030517578,143.89999389648438,144.0301055908203,210406,0.0,0.0
2024-12-04 13:39:00-05:00,144.03030395507812,144.19000244140625,144.02000427246094,144.18499755859375,597447,0.0,0.0
2024-12-04 13:40:00-05:00,144.18899536132812,144.32000732421875,144.17999267578125,144.25869750976562,495842,0.0,0.0
2024-12-04 13:41:00-05:00,144.25,144.2698974609375,144.17999267578125,144.19479370117188,240957,0.0,0.0
2024-12-04 13:42:00-05:00,144.1999969482422,144.22999572753906,144.14999389648438,144.19000244140625,191118,0.0,0.0
2024-12-04 13:43:00-05:00,144.19500732421875,144.1999969482422,144.1300048828125,144.17970275878906,136348,0.0,0.0
2024-12-04 13:44:00-05:00,144.17909240722656,144.17999267578125,144.10000610351562,144.1199951171875,153854,0.0,0.0
2024-12-04 13:45:00-05:00,144.10000610351562,144.16990661621094,144.0800018310547,144.0966033935547,139339,0.0,0.0
2024-12-04 13:46:00-05:00,144.08999633789062,144.17999267578125,144.0399932861328,144.16769409179688,214126,0.0,0.0
2024-12-04 13:47:00-05:00,144.16929626464844,144.24000549316406,144.16000366210938,144.23500061035156,211870,0.0,0.0
2024-12-04 13:48:00-05:00,144.23989868164062,144.3000030517578,144.21009826660156,144.25180053710938,261062,0.0,0.0
2024-12-04 13:49:00-05:00,144.2550048828125,144.27000427246094,144.19000244140625,144.22000122070312,232540,0.0,0.0
2024-12-04 13:50:00-05:00,144.22000122070312,144.27000427246094,144.17999267578125,144.25,171165,0.0,0.0
2024-12-04 13:51:00-05:00,144.2449951171875,144.3800048828125,144.22000122070312,144.37989807128906,385585,0.0,0.0
2024-12-04 13:52:00-05:00,144.375,144.3800048828125,144.25999450683594,144.31700134277344,262664,0.0,0.0
2024-12-04 13:53:00-05:00,144.30999755859375,144.3699951171875,144.2801055908203,144.32000732421875,278298,0.0,0.0
2024-12-04 13:54:00-05:00,144.3251953125,144.4499969482422,144.29989624023438,144.42820739746094,327761,0.0,0.0
2024-12-04 13:55:00-05:00,144.42990112304688,144.4499969482422,144.38999938964844,144.44000244140625,272075,0.0,0.0
2024-12-04 13:56:00-05:00,144.43910217285156,144.5,144.42999267578125,144.47999572753906,254682,0.0,0.0
2024-12-04 13:57:00-05:00,144.49000549316406,144.5500030517578,144.47999572753906,144.5449981689453,409996,0.0,0.0
2024-12-04 13:58:00-05:00,144.5399932861328,144.5449981689453,144.4199981689453,144.4799041748047,313738,0.0,0.0
2024-12-04 13:59:00-05:00,144.47999572753906,144.50999450683594,144.27999877929688,144.2899932861328,347433,0.0,0.0
2024-12-04 14:00:00-05:00,144.2949981689453,144.5399932861328,144.22000122070312,144.4499969482422,411502,0.0,0.0
2024-12-04 14:01:00-05:00,144.4499969482422,144.63999938964844,144.4499969482422,144.62989807128906,463160,0.0,0.0
2024-12-04 14:02:00-05:00,144.6300048828125,144.77000427246094,144.6300048828125,144.75,709593,0.0,0.0
2024-12-04 14:03:00-05:00,144.75900268554688,144.83999633789062,144.75,144.79989624023438,692097,0.0,0.0
2024-12-04 14:04:00-05:00,144.79010009765625,144.8699951171875,144.77000427246094,144.847900390625,495887,0.0,0.0
2024-12-04 14:05:00-05:00,144.83999633789062,144.9499969482422,144.82000732421875,144.87010192871094,568507,0.0,0.0
2024-12-04 14:06:00-05:00,144.8699951171875,144.9698944091797,144.86000061035156,144.9499969482422,436665,0.0,0.0
2024-12-04 14:07:00-05:00,144.94000244140625,144.97999572753906,144.91000366210938,144.97999572753906,392737,0.0,0.0
2024-12-04 14:08:00-05:00,144.97500610351562,144.97999572753906,144.9199981689453,144.95989990234375,254704,0.0,0.0
2024-12-04 14:09:00-05:00,144.95919799804688,145.0,144.89999389648438,144.9398956298828,512352,0.0,0.0
2024-12-04 14:10:00-05:00,144.91209411621094,145.08999633789062,144.89999389648438,145.03030395507812,2278860,0.0,0.0
2024-12-04 14:11:00-05:00,145.02999877929688,145.14999389648438,144.97999572753906,145.02999877929688,745633,0.0,0.0
2024-12-04 14:12:00-05:00,145.0399932861328,145.0399932861328,144.8209991455078,144.8574981689453,537974,0.0,0.0
2024-12-04 14:13:00-05:00,144.85000610351562,144.875,144.7449951171875,144.8007049560547,475187,0.0,0.0
2024-12-04 14:14:00-05:00,144.80999755859375,144.92999267578125,144.80999755859375,144.9250030517578,374670,0.0,0.0
2024-12-04 14:15:00-05:00,144.9250030517578,145.0800018310547,144.89540100097656,145.02999877929688,403543,0.0,0.0
2024-12-04 14:16:00-05:00,145.0399932861328,145.0800018310547,144.96600341796875,144.99000549316406,327787,0.0,0.0
2024-12-04 14:17:00-05:00,144.99000549316406,145.07000732421875,144.98219299316406,145.07000732421875,282760,0.0,0.0
2024-12-04 14:18:00-05:00,145.06410217285156,145.1999969482422,145.0399932861328,145.1999969482422,481542,0.0,0.0
2024-12-04 14:19:00-05:00,145.1999053955078,145.25,145.14999389648438,145.16000366210938,552105,0.0,0.0
2024-12-04 14:20:00-05:00,145.1688995361328,145.25999450683594,145.0800018310547,145.15499877929688,483510,0.0,0.0
2024-12-04 14:21:00-05:00,145.16000366210938,145.1999969482422,145.0500030517578,145.0850067138672,336254,0.0,0.0
2024-12-04 14:22:00-05:00,145.08009338378906,145.1199951171875,145.0500030517578,145.10459899902344,253804,0.0,0.0
2024-12-04 14:23:00-05:00,145.11000061035156,145.1999969482422,145.10000610351562,145.19500732421875,318941,0.0,0.0
2024-12-04 14:24:00-05:00,145.19500732421875,145.30999755859375,145.1199951171875,145.2808074951172,402269,0.0,0.0
2024-12-04 14:25:00-05:00,145.28700256347656,145.36000061035156,145.25999450683594,145.32870483398438,437847,0.0,0.0
2024-12-04 14:26:00-05:00,145.32479858398438,145.38999938964844,145.27999877929688,145.36000061035156,394198,0.0,0.0
2024-12-04 14:27:00-05:00,145.35000610351562,145.42999267578125,145.30999755859375,145.33990478515625,432268,0.0,0.0
2024-12-04 14:28:00-05:00,145.339599609375,145.47999572753906,145.31500244140625,145.46009826660156,562978,0.0,0.0
2024-12-04 14:29:00-05:00,145.46499633789062,145.52000427246094,145.42999267578125,145.5050048828125,882914,0.0,0.0
2024-12-04 14:30:00-05:00,145.5050048828125,145.53500366210938,145.3300018310547,145.47500610351562,585343,0.0,0.0
2024-12-04 14:31:00-05:00,145.47000122070312,145.49000549316406,145.4199981689453,145.4250030517578,319753,0.0,0.0
2024-12-04 14:32:00-05:00,145.4250030517578,145.4949951171875,145.39999389648438,145.4550018310547,247224,0.0,0.0
2024-12-04 14:33:00-05:00,145.4499969482422,145.46890258789062,145.32000732421875,145.3347930908203,301725,0.0,0.0
2024-12-04 14:34:00-05:00,145.3300018310547,145.375,145.2700958251953,145.375,328574,0.0,0.0
2024-12-04 14:35:00-05:00,145.3699951171875,145.4550018310547,145.36000061035156,145.38009643554688,325811,0.0,0.0
2024-12-04 14:36:00-05:00,145.38499450683594,145.42999267578125,145.27499389648438,145.36000061035156,552030,0.0,0.0
2024-12-04 14:37:00-05:00,145.35499572753906,145.56500244140625,145.35000610351562,145.48500061035156,621168,0.0,0.0
2024-12-04 14:38:00-05:00,145.48500061035156,145.58999633789062,145.47000122070312,145.5850067138672,616824,0.0,0.0
2024-12-04 14:39:00-05:00,145.58799743652344,145.66000366210938,145.55999755859375,145.60989379882812,647858,0.0,0.0
2024-12-04 14:40:00-05:00,145.60000610351562,145.61000061035156,145.5399932861328,145.57000732421875,338822,0.0,0.0
2024-12-04 14:41:00-05:00,145.57000732421875,145.6699981689453,145.5500030517578,145.64500427246094,391923,0.0,0.0
2024-12-04 14:42:00-05:00,145.65499877929688,145.67999267578125,145.44000244140625,145.5399932861328,515592,0.0,0.0
2024-12-04 14:43:00-05:00,145.5312957763672,145.61000061035156,145.4600067138672,145.59869384765625,431952,0.0,0.0
2024-12-04 14:44:00-05:00,145.58999633789062,145.64999389648438,145.52000427246094,145.6199951171875,293875,0.0,0.0
2024-12-04 14:45:00-05:00,145.625,145.6300048828125,145.47500610351562,145.53990173339844,381763,0.0,0.0
2024-12-04 14:46:00-05:00,145.52999877929688,145.52999877929688,145.42999267578125,145.4949951171875,304440,0.0,0.0
2024-12-04 14:47:00-05:00,145.5,145.5500030517578,145.5,145.52000427246094,216934,0.0,0.0
2024-12-04 14:48:00-05:00,145.51499938964844,145.5399932861328,145.47999572753906,145.5399932861328,227361,0.0,0.0
2024-12-04 14:49:00-05:00,145.5500030517578,145.63999938964844,145.53500366210938,145.63870239257812,371012,0.0,0.0
2024-12-04 14:50:00-05:00,145.63999938964844,145.74000549316406,145.5399932861328,145.73500061035156,631016,0.0,0.0
2024-12-04 14:51:00-05:00,145.73989868164062,145.7899932861328,145.57009887695312,145.6230010986328,487720,0.0,0.0
2024-12-04 14:52:00-05:00,145.625,145.69000244140625,145.5399932861328,145.61300659179688,372921,0.0,0.0
2024-12-04 14:53:00-05:00,145.61500549316406,145.6199951171875,145.47000122070312,145.50999450683594,378078,0.0,0.0
2024-12-04 14:54:00-05:00,145.51499938964844,145.53990173339844,145.41000366210938,145.47500610351562,398206,0.0,0.0
2024-12-04 14:55:00-05:00,145.47999572753906,145.53990173339844,145.38999938964844,145.44000244140625,611425,0.0,0.0
2024-12-04 14:56:00-05:00,145.44500732421875,145.5,145.38999938964844,145.47509765625,345024,0.0,0.0
2024-12-04 14:57:00-05:00,145.4833984375,145.6300048828125,145.4824981689453,145.5500030517578,421363,0.0,0.0
2024-12-04 14:58:00-05:00,145.55499267578125,145.6199951171875,145.51499938964844,145.52999877929688,271422,0.0,0.0
2024-12-04 14:59:00-05:00,145.52999877929688,145.57000732421875,145.47000122070312,145.53140258789062,292971,0.0,0.0
2024-12-04 15:00:00-05:00,145.52999877929688,145.53089904785156,145.38999938964844,145.46499633789062,324180,0.0,0.0
2024-12-04 15:01:00-05:00,145.47500610351562,145.5399932861328,145.39999389648438,145.42990112304688,287696,0.0,0.0
2024-12-04 15:02:00-05:00,145.4219970703125,145.42999267578125,145.25999450683594,145.3415985107422,603264,0.0,0.0
2024-12-04 15:03:00-05:00,145.33009338378906,145.42999267578125,145.33009338378906,145.36500549316406,345878,0.0,0.0
2024-12-04 15:04:00-05:00,145.36000061035156,145.44000244140625,145.35000610351562,145.40179443359375,342414,0.0,0.0
2024-12-04 15:05:00-05:00,145.40989685058594,145.40989685058594,145.27999877929688,145.3199005126953,413132,0.0,0.0
2024-12-04 15:06:00-05:00,145.32000732421875,145.44000244140625,145.3000030517578,145.41990661621094,419403,0.0,0.0
2024-12-04 15:07:00-05:00,145.4199981689453,145.57000732421875,145.39999389648438,145.56089782714844,440687,0.0,0.0
2024-12-04 15:08:00-05:00,145.56500244140625,145.63999938964844,145.47999572753906,145.4969940185547,687093,0.0,0.0
2024-12-04 15:09:00-05:00,145.49009704589844,145.5800018310547,145.47999572753906,145.4810028076172,343298,0.0,0.0
2024-12-04 15:10:00-05:00,145.49000549316406,145.5800018310547,145.4499969482422,145.5260009765625,339495,0.0,0.0
2024-12-04 15:11:00-05:00,145.52499389648438,145.5749969482422,145.4600067138672,145.55140686035156,277467,0.0,0.0
2024-12-04 15:12:00-05:00,145.55999755859375,145.64999389648438,145.50999450683594,145.5500030517578,615792,0.0,0.0
2024-12-04 15:13:00-05:00,145.5399932861328,145.55990600585938,145.4832000732422,145.52000427246094,419018,0.0,0.0
2024-12-04 15:14:00-05:00,145.52130126953125,145.55929565429688,145.47000122070312,145.4949951171875,563394,0.0,0.0
2024-12-04 15:15:00-05:00,145.49110412597656,145.5,145.39500427246094,145.45010375976562,306041,0.0,0.0
2024-12-04 15:16:00-05:00,145.4499969482422,145.52000427246094,145.42129516601562,145.44070434570312,303784,0.0,0.0
2024-12-04 15:17:00-05:00,145.4499969482422,145.52000427246094,145.44000244140625,145.49000549316406,219832,0.0,0.0
2024-12-04 15:18:00-05:00,145.4940948486328,145.6403045654297,145.4700927734375,145.6403045654297,647293,0.0,0.0
2024-12-04 15:19:00-05:00,145.64500427246094,145.6699981689453,145.57000732421875,145.5850067138672,391270,0.0,0.0
2024-12-04 15:20:00-05:00,145.5850067138672,145.58999633789062,145.39999389648438,145.47500610351562,506567,0.0,0.0
2024-12-04 15:21:00-05:00,145.47500610351562,145.5500030517578,145.4199981689453,145.52999877929688,296060,0.0,0.0
2024-12-04 15:22:00-05:00,145.52000427246094,145.53500366210938,145.39010620117188,145.4499969482422,516330,0.0,0.0
2024-12-04 15:23:00-05:00,145.45010375976562,145.49000549316406,145.38999938964844,145.4149932861328,279127,0.0,0.0
2024-12-04 15:24:00-05:00,145.41009521484375,145.44000244140625,145.3699951171875,145.3800048828125,246558,0.0,0.0
2024-12-04 15:25:00-05:00,145.38999938964844,145.40499877929688,145.32000732421875,145.33279418945312,352530,0.0,0.0
2024-12-04 15:26:00-05:00,145.33999633789062,145.3699951171875,145.3125,145.3350067138672,296006,0.0,0.0
2024-12-04 15:27:00-05:00,145.3350067138672,145.3800048828125,145.25999450683594,145.36990356445312,424888,0.0,0.0
2024-12-04 15:28:00-05:00,145.36500549316406,145.4499969482422,145.34010314941406,145.42999267578125,398330,0.0,0.0
2024-12-04 15:29:00-05:00,145.42010498046875,145.4300994873047,145.36000061035156,145.3800048828125,432362,0.0,0.0
2024-12-04 15:30:00-05:00,145.3699951171875,145.4799041748047,145.27920532226562,145.46800231933594,494304,0.0,0.0
2024-12-04 15:31:00-05:00,145.46730041503906,145.5800018310547,145.41000366210938,145.56289672851562,558429,0.0,0.0
2024-12-04 15:32:00-05:00,145.5699005126953,145.66000366210938,145.5399932861328,145.60009765625,894850,0.0,0.0
2024-12-04 15:33:00-05:00,145.60499572753906,145.6699981689453,145.5800018310547,145.64500427246094,406300,0.0,0.0
2024-12-04 15:34:00-05:00,145.64500427246094,145.64999389648438,145.44000244140625,145.4698944091797,451687,0.0,0.0
2024-12-04 15:35:00-05:00,145.4600067138672,145.52000427246094,145.4499969482422,145.5050048828125,344336,0.0,0.0
2024-12-04 15:36:00-05:00,145.5050048828125,145.5399932861328,145.4615936279297,145.5012969970703,314760,0.0,0.0
2024-12-04 15:37:00-05:00,145.50509643554688,145.50999450683594,145.27999877929688,145.2949981689453,601253,0.0,0.0
2024-12-04 15:38:00-05:00,145.2949981689453,145.3300018310547,145.08999633789062,145.25999450683594,715417,0.0,0.0
2024-12-04 15:39:00-05:00,145.25,145.3249969482422,145.22000122070312,145.2404022216797,347406,0.0,0.0
2024-12-04 15:40:00-05:00,145.2454071044922,145.27000427246094,145.10499572753906,145.22000122070312,390521,0.0,0.0
2024-12-04 15:41:00-05:00,145.22999572753906,145.3249969482422,145.2200927734375,145.30999755859375,460797,0.0,0.0
2024-12-04 15:42:00-05:00,145.30499267578125,145.3300018310547,145.1199951171875,145.23500061035156,613194,0.0,0.0
2024-12-04 15:43:00-05:00,145.23500061035156,145.32000732421875,145.19000244140625,145.20089721679688,340325,0.0,0.0
2024-12-04 15:44:00-05:00,145.2100067138672,145.2899932861328,145.1699981689453,145.28480529785156,294791,0.0,0.0
2024-12-04 15:45:00-05:00,145.27999877929688,145.2899932861328,145.2050018310547,145.24009704589844,275237,0.0,0.0
2024-12-04 15:46:00-05:00,145.2449951171875,145.3000030517578,144.89999389648438,145.02499389648438,1139887,0.0,0.0
2024-12-04 15:47:00-05:00,145.04299926757812,145.13999938964844,144.92999267578125,144.99000549316406,837986,0.0,0.0
2024-12-04 15:48:00-05:00,144.97999572753906,145.08999633789062,144.97999572753906,145.01499938964844,413936,0.0,0.0
2024-12-04 15:49:00-05:00,145.0050048828125,145.0399932861328,144.91000366210938,145.0200958251953,423985,0.0,0.0
2024-12-04 15:50:00-05:00,145.0399932861328,145.07650756835938,144.82000732421875,144.89999389648438,748842,0.0,0.0
2024-12-04 15:51:00-05:00,144.89999389648438,144.94500732421875,144.58999633789062,144.69309997558594,930614,0.0,0.0
2024-12-04 15:52:00-05:00,144.6916046142578,144.77999877929688,144.60499572753906,144.6658935546875,618062,0.0,0.0
2024-12-04 15:53:00-05:00,144.66000366210938,144.69000244140625,144.5800018310547,144.6199951171875,553299,0.0,0.0
2024-12-04 15:54:00-05:00,144.6300048828125,144.99000549316406,144.6199951171875,144.99000549316406,1008509,0.0,0.0
2024-12-04 15:55:00-05:00,145.0,145.1208953857422,144.86000061035156,145.09500122070312,1040616,0.0,0.0
2024-12-04 15:56:00-05:00,145.10000610351562,145.22999572753906,145.08999633789062,145.16580200195312,1232373,0.0,0.0
2024-12-04 15:57:00-05:00,145.1649932861328,145.25,145.09500122070312,145.22500610351562,757851,0.0,0.0
2024-12-04 15:58:00-05:00,145.220703125,145.24000549316406,145.0850067138672,145.14999389648438,962897,0.0,0.0
2024-12-04 15:59:00-05:00,145.13999938964844,145.24000549316406,145.02000427246094,145.13819885253906,2377884,0.0,0.0
2024-12-04 16:00:00-05:00,145.13,145.14,144.9,144.95,16905128,0.0,0.0
2024-12-04 16:01:00-05:00,144.97,145.14,144.9,144.96,0,0.0,0.0
2024-12-04 16:02:00-05:00,144.95,145.15,144.94,145.14,0,0.0,0.0
2024-12-04 16:03:00-05:00,145.095,145.14,145.0,145.0608,0,0.0,0.0
2024-12-04 16:04:00-05:00,145.075,145.14,145.0,145.02,0,0.0,0.0
2024-12-04 16:05:00-05:00,145.0,145.14,144.99,145.0601,0,0.0,0.0
2024-12-04 16:06:00-05:00,145.07,145.14,144.96,144.99,0,0.0,0.0
2024-12-04 16:07:00-05:00,144.99,145.14,137.54,144.9595,0,0.0,0.0
2024-12-04 16:08:00-05:00,144.94,145.14,144.94,144.98,0,0.0,0.0
2024-12-04 16:09:00-05:00,144.975,145.14,144.92,144.94,0,0.0,0.0
2024-12-04 16:10:00-05:00,144.94,145.14,144.88,144.8801,0,0.0,0.0
2024-12-04 16:11:00-05:00,144.89,144.98,144.88,144.98,0,0.0,0.0
2024-12-04 16:12:00-05:00,144.96,144.98,144.92,144.92,0,0.0,0.0
2024-12-04 16:13:00-05:00,144.95,144.98,144.91,144.91,0,0.0,0.0
2024-12-04 16:14:00-05:00,144.95,144.95,144.88,144.905,0,0.0,0.0
2024-12-04 16:15:00-05:00,144.905,145.14,144.82,144.84,0,0.0,0.0
2024-12-04 16:16:00-05:00,144.83,144.84,144.75,144.765,0,0.0,0.0
2024-12-04 16:17:00-05:00,144.75,145.14,144.68,145.14,0,0.0,0.0
2024-12-04 16:18:00-05:00,144.7,144.74,144.51,144.559,0,0.0,0.0
2024-12-04 16:19:00-05:00,144.535,144.72,144.5101,144.7,0,0.0,0.0
2024-12-04 16:20:00-05:00,144.675,145.14,144.65,144.69,0,0.0,0.0
2024-12-04 16:21:00-05:00,144.69,144.7,144.55,144.5803,0,0.0,0.0
2024-12-04 16:22:00-05:00,144.6,144.6,144.55,144.6,0,0.0,0.0
2024-12-04 16:23:00-05:00,144.5801,144.65,144.55,144.64,0,0.0,0.0
2024-12-04 16:24:00-05:00,144.6491,144.65,144.59,144.62,0,0.0,0.0
2024-12-04 16:25:00-05:00,144.65,144.69,144.61,144.6899,0,0.0,0.0
2024-12-04 16:26:00-05:00,144.69,144.75,144.61,144.75,0,0.0,0.0
2024-12-04 16:27:00-05:00,144.67,144.75,144.65,144.69,0,0.0,0.0
2024-12-04 16:28:00-05:00,144.68,144.8,144.67,144.78,0,0.0,0.0
2024-12-04 16:29:00-05:00,144.78,144.83,144.73,144.76,0,0.0,0.0
2024-12-04 16:30:00-05:00,144.76,145.14,144.73,144.83,0,0.0,0.0
2024-12-04 16:31:00-05:00,144.84,144.93,144.83,144.9,0,0.0,0.0
2024-12-04 16:32:00-05:00,144.9,145.14,144.81,144.81,0,0.0,0.0
2024-12-04 16:33:00-05:00,144.81,144.85,144.8,144.85,0,0.0,0.0
2024-12-04 16:34:00-05:00,144.8,144.87,144.75,144.83,0,0.0,0.0
2024-12-04 16:35:00-05:00,144.828,144.83,144.73,144.75,0,0.0,0.0
2024-12-04 16:36:00-05:00,144.79,145.14,144.74,144.8,0,0.0,0.0
2024-12-04 16:37:00-05:00,144.75,145.14,144.74,144.74,0,0.0,0.0
2024-12-04 16:38:00-05:00,144.74,144.76,144.71,144.74,0,0.0,0.0
2024-12-04 16:39:00-05:00,144.74,144.76,144.71,144.73,0,0.0,0.0
2024-12-04 16:40:00-05:00,144.75,144.75,144.7,144.72,0,0.0,0.0
2024-12-04 16:41:00-05:00,144.72,144.75,144.7,144.735,0,0.0,0.0
2024-12-04 16:42:00-05:00,144.72,144.79,144.72,144.765,0,0.0,0.0
2024-12-04 16:43:00-05:00,144.7503,144.78,144.75,144.77,0,0.0,0.0
2024-12-04 16:44:00-05:00,144.76,144.8,144.76,144.77,0,0.0,0.0
2024-12-04 16:45:00-05:00,144.76,144.7899,144.67,144.685,0,0.0,0.0
2024-12-04 16:46:00-05:00,144.685,144.78,144.67,144.75,0,0.0,0.0
2024-12-04 16:47:00-05:00,144.7207,144.8,144.72,144.8,0,0.0,0.0
2024-12-04 16:48:00-05:00,144.8,145.14,144.73,144.78,0,0.0,0.0
2024-12-04 16:49:00-05:00,144.78,144.78,144.7,144.7,0,0.0,0.0
2024-12-04 16:50:00-05:00,144.72,144.74,144.66,144.69,0,0.0,0.0
2024-12-04 16:51:00-05:00,144.67,144.73,144.62,144.73,0,0.0,0.0
2024-12-04 16:52:00-05:00,144.7,144.74,144.69,144.71,0,0.0,0.0
2024-12-04 16:53:00-05:00,144.71,144.76,144.7,144.76,0,0.0,0.0
2024-12-04 16:54:00-05:00,144.76,144.76,144.71,144.73,0,0.0,0.0
2024-12-04 16:55:00-05:00,144.72,145.14,144.72,144.74,0,0.0,0.0
2024-12-04 16:56:00-05:00,144.7593,144.77,144.74,144.77,0,0.0,0.0
2024-12-04 16:57:00-05:00,144.76,144.84,144.75,144.84,0,0.0,0.0
2024-12-04 16:58:00-05:00,144.84,144.84,144.8,144.81,0,0.0,0.0
2024-12-04 16:59:00-05:00,144.81,144.85,144.76,144.8207,0,0.0,0.0
2024-12-04 17:00:00-05:00,144.84,144.86,144.82,144.86,0,0.0,0.0
2024-12-04 17:01:00-05:00,144.84,144.88,144.84,144.86,0,0.0,0.0
2024-12-04 17:02:00-05:00,144.88,144.88,144.8,144.835,0,0.0,0.0
2024-12-04 17:03:00-05:00,144.85,144.87,144.75,144.8,0,0.0,0.0
2024-12-04 17:04:00-05:00,144.77,144.805,144.75,144.8,0,0.0,0.0
2024-12-04 17:05:00-05:00,144.76,144.8,144.75,144.76,0,0.0,0.0
2024-12-04 17:06:00-05:00,144.75,144.83,144.75,144.83,0,0.0,0.0
2024-12-04 17:07:00-05:00,144.83,144.83,144.75,144.755,0,0.0,0.0
2024-12-04 17:08:00-05:00,144.75,144.8,144.74,144.77,0,0.0,0.0
2024-12-04 17:09:00-05:00,144.78,144.8,144.75,144.77,0,0.0,0.0
2024-12-04 17:10:00-05:00,144.77,144.78,144.75,144.78,0,0.0,0.0
2024-12-04 17:11:00-05:00,144.77,144.8,144.77,144.77,0,0.0,0.0
2024-12-04 17:12:00-05:00,144.785,144.8,144.77,144.79,0,0.0,0.0
2024-12-04 17:13:00-05:00,144.785,144.79,144.77,144.78,0,0.0,0.0
2024-12-04 17:14:00-05:00,144.775,144.79,144.66,144.66,0,0.0,0.0
2024-12-04 17:15:00-05:00,144.68,144.76,144.68,144.7102,0,0.0,0.0
2024-12-04 17:16:00-05:00,144.715,144.72,144.68,144.71,0,0.0,0.0
2024-12-04 17:17:00-05:00,144.72,144.8,144.71,144.75,0,0.0,0.0
2024-12-04 17:18:00-05:00,144.775,144.7991,144.75,144.79,0,0.0,0.0
2024-12-04 17:19:00-05:00,144.78,144.85,144.7601,144.825,0,0.0,0.0
2024-12-04 17:20:00-05:00,144.849,144.85,144.75,144.75,0,0.0,0.0
2024-12-04 17:21:00-05:00,144.75,144.8,144.72,144.78,0,0.0,0.0
2024-12-04 17:22:00-05:00,144.75,144.78,144.7,144.7,0,0.0,0.0
2024-12-04 17:23:00-05:00,144.75,144.78,144.7,144.77,0,0.0,0.0
2024-12-04 17:24:00-05:00,144.75,144.7697,144.72,144.72,0,0.0,0.0
2024-12-04 17:25:00-05:00,144.735,144.8,144.72,144.79,0,0.0,0.0
2024-12-04 17:26:00-05:00,144.799,144.8496,144.78,144.825,0,0.0,0.0
2024-12-04 17:27:00-05:00,144.85,144.85,144.8,144.82,0,0.0,0.0
2024-12-04 17:28:00-05:00,144.82,144.85,144.8,144.82,0,0.0,0.0
2024-12-04 17:29:00-05:00,144.84,144.84,144.7918,144.805,0,0.0,0.0
2024-12-04 17:30:00-05:00,144.8197,144.84,144.78,144.84,0,0.0,0.0
2024-12-04 17:31:00-05:00,144.83,144.84,144.81,144.81,0,0.0,0.0
2024-12-04 17:32:00-05:00,144.81,144.83,144.81,144.83,0,0.0,0.0
2024-12-04 17:33:00-05:00,144.83,144.84,144.79,144.81,0,0.0,0.0
2024-12-04 17:34:00-05:00,144.81,144.81,144.74,144.7411,0,0.0,0.0
2024-12-04 17:35:00-05:00,144.75,144.79,144.74,144.74,0,0.0,0.0
2024-12-04 17:36:00-05:00,144.755,144.78,144.72,144.74,0,0.0,0.0
2024-12-04 17:37:00-05:00,144.735,144.79,144.72,144.79,0,0.0,0.0
2024-12-04 17:38:00-05:00,144.76,144.79,144.74,144.76,0,0.0,0.0
2024-12-04 17:39:00-05:00,144.76,144.78,144.73,144.74,0,0.0,0.0
2024-12-04 17:40:00-05:00,144.74,144.75,144.73,144.735,0,0.0,0.0
2024-12-04 17:41:00-05:00,144.73,144.75,144.72,144.72,0,0.0,0.0
2024-12-04 17:42:00-05:00,144.73,144.73,144.69,144.69,0,0.0,0.0
2024-12-04 17:43:00-05:00,144.69,144.71,144.66,144.6799,0,0.0,0.0
2024-12-04 17:44:00-05:00,144.6702,145.14,144.67,144.71,0,0.0,0.0
2024-12-04 17:45:00-05:00,144.71,144.75,144.68,144.75,0,0.0,0.0
2024-12-04 17:46:00-05:00,144.74,144.8,144.73,144.8,0,0.0,0.0
2024-12-04 17:47:00-05:00,144.8,144.8,144.7,144.75,0,0.0,0.0
2024-12-04 17:48:00-05:00,144.72,144.86,144.69,144.795,0,0.0,0.0
2024-12-04 17:49:00-05:00,144.85,144.85,144.8,144.815,0,0.0,0.0
2024-12-04 17:50:00-05:00,144.815,144.82,144.75,144.7999,0,0.0,0.0
2024-12-04 17:51:00-05:00,144.75,144.8,144.75,144.76,0,0.0,0.0
2024-12-04 17:52:00-05:00,144.76,144.84,144.75,144.8378,0,0.0,0.0
2024-12-04 17:53:00-05:00,144.8101,144.84,144.79,144.815,0,0.0,0.0
2024-12-04 17:54:00-05:00,144.79,144.84,144.79,144.84,0,0.0,0.0
2024-12-04 17:55:00-05:00,144.82,144.84,144.75,144.75,0,0.0,0.0
2024-12-04 17:56:00-05:00,144.76,144.84,144.76,144.82,0,0.0,0.0
2024-12-04 17:57:00-05:00,144.819,144.83,144.8,144.8197,0,0.0,0.0
2024-12-04 17:58:00-05:00,144.82,144.82,144.77,144.8,0,0.0,0.0
2024-12-04 17:59:00-05:00,144.81,144.82,144.7992,144.7992,0,0.0,0.0
2024-12-04 18:00:00-05:00,144.785,144.8,144.76,144.76,0,0.0,0.0
2024-12-04 18:01:00-05:00,144.77,144.79,144.76,144.78,0,0.0,0.0
2024-12-04 18:02:00-05:00,144.785,144.79,144.76,144.775,0,0.0,0.0
2024-12-04 18:03:00-05:00,144.76,144.79,144.75,144.78,0,0.0,0.0
2024-12-04 18:04:00-05:00,144.79,144.85,144.77,144.803,0,0.0,0.0
2024-12-04 18:05:00-05:00,144.805,144.83,144.8,144.815,0,0.0,0.0
2024-12-04 18:06:00-05:00,144.81,144.83,144.77,144.79,0,0.0,0.0
2024-12-04 18:07:00-05:00,144.82,144.83,144.785,144.815,0,0.0,0.0
2024-12-04 18:08:00-05:00,144.815,144.82,144.77,144.77,0,0.0,0.0
2024-12-04 18:09:00-05:00,144.82,144.82,144.74,144.79,0,0.0,0.0
2024-12-04 18:10:00-05:00,144.8,144.82,144.75,144.7899,0,0.0,0.0
2024-12-04 18:11:00-05:00,144.79,144.79,144.75,144.79,0,0.0,0.0
2024-12-04 18:12:00-05:00,144.7898,144.8,144.76,144.7998,0,0.0,0.0
2024-12-04 18:13:00-05:00,144.8,144.81,144.78,144.81,0,0.0,0.0
2024-12-04 18:14:00-05:00,144.79,144.8,144.76,144.8,0,0.0,0.0
2024-12-04 18:15:00-05:00,144.785,144.8,144.77,144.8,0,0.0,0.0
2024-12-04 18:16:00-05:00,144.79,144.81,144.77,144.785,0,0.0,0.0
2024-12-04 18:17:00-05:00,144.8,144.81,144.77,144.79,0,0.0,0.0
2024-12-04 18:18:00-05:00,144.79,144.8,144.75,144.77,0,0.0,0.0
2024-12-04 18:19:00-05:00,144.77,144.77,144.75,144.7505,0,0.0,0.0
2024-12-04 18:20:00-05:00,144.75,144.77,144.75,144.76,0,0.0,0.0
2024-12-04 18:21:00-05:00,144.77,144.77,144.71,144.735,0,0.0,0.0
2024-12-04 18:22:00-05:00,144.7204,144.77,144.72,144.76,0,0.0,0.0
2024-12-04 18:23:00-05:00,144.75,144.77,144.75,144.76,0,0.0,0.0
2024-12-04 18:24:00-05:00,144.755,144.76,144.66,144.66,0,0.0,0.0
2024-12-04 18:25:00-05:00,144.675,144.7,144.65,144.69,0,0.0,0.0
2024-12-04 18:26:00-05:00,144.65,144.7,144.65,144.68,0,0.0,0.0
2024-12-04 18:27:00-05:00,144.6899,144.7,144.68,144.7,0,0.0,0.0
2024-12-04 18:28:00-05:00,144.68,144.7,144.66,144.66,0,0.0,0.0
2024-12-04 18:29:00-05:00,144.66,144.7,144.65,144.7,0,0.0,0.0
2024-12-04 18:30:00-05:00,144.71,144.71,144.6103,144.615,0,0.0,0.0
2024-12-04 18:31:00-05:00,144.615,144.62,144.57,144.58,0,0.0,0.0
2024-12-04 18:32:00-05:00,144.5992,144.6,144.57,144.57,0,0.0,0.0
2024-12-04 18:33:00-05:00,144.58,144.61,144.56,144.58,0,0.0,0.0
2024-12-04 18:34:00-05:00,144.58,144.6,144.56,144.57,0,0.0,0.0
2024-12-04 18:35:00-05:00,144.5798,144.58,144.55,144.5799,0,0.0,0.0
2024-12-04 18:36:00-05:00,144.5793,144.58,144.51,144.52,0,0.0,0.0
2024-12-04 18:37:00-05:00,144.51,144.55,144.51,144.5104,0,0.0,0.0
2024-12-04 18:38:00-05:00,144.5104,144.52,144.4801,144.495,0,0.0,0.0
2024-12-04 18:39:00-05:00,144.5102,144.52,144.49,144.5,0,0.0,0.0
2024-12-04 18:40:00-05:00,144.51,144.51,144.45,144.4901,0,0.0,0.0
2024-12-04 18:41:00-05:00,144.49,144.51,144.48,144.49,0,0.0,0.0
2024-12-04 18:42:00-05:00,144.49,144.56,144.49,144.55,0,0.0,0.0
2024-12-04 18:43:00-05:00,144.57,144.68,144.56,144.62,0,0.0,0.0
2024-12-04 18:44:00-05:00,144.64,144.73,144.62,144.7,0,0.0,0.0
2024-12-04 18:45:00-05:00,144.69,144.7,144.645,144.67,0,0.0,0.0
2024-12-04 18:46:00-05:00,144.67,144.73,144.62,144.69,0,0.0,0.0
2024-12-04 18:47:00-05:00,144.7,144.71,144.62,144.665,0,0.0,0.0
2024-12-04 18:48:00-05:00,144.66,144.69,144.61,144.655,0,0.0,0.0
2024-12-04 18:49:00-05:00,144.62,144.72,144.62,144.67,0,0.0,0.0
2024-12-04 18:50:00-05:00,144.72,144.72,144.66,144.695,0,0.0,0.0
2024-12-04 18:51:00-05:00,144.7,144.72,144.66,144.685,0,0.0,0.0
2024-12-04 18:52:00-05:00,144.66,144.71,144.66,144.69,0,0.0,0.0
2024-12-04 18:53:00-05:00,144.7,144.7,144.68,144.69,0,0.0,0.0
2024-12-04 18:54:00-05:00,144.6805,144.7,144.66,144.66,0,0.0,0.0
2024-12-04 18:55:00-05:00,144.66,144.68,144.62,144.64,0,0.0,0.0
2024-12-04 18:56:00-05:00,144.66,144.66,144.61,144.61,0,0.0,0.0
2024-12-04 18:57:00-05:00,144.615,144.62,144.55,144.56,0,0.0,0.0
2024-12-04 18:58:00-05:00,144.57,144.57,144.52,144.555,0,0.0,0.0
2024-12-04 18:59:00-05:00,144.59,144.59,144.51,144.5106,0,0.0,0.0
2024-12-04 19:00:00-05:00,144.525,144.58,144.51,144.5217,0,0.0,0.0
2024-12-04 19:01:00-05:00,144.55,144.58,144.5,144.52,0,0.0,0.0
2024-12-04 19:02:00-05:00,144.52,144.57,144.5,144.54,0,0.0,0.0
2024-12-04 19:03:00-05:00,144.54,144.6,144.54,144.57,0,0.0,0.0
2024-12-04 19:04:00-05:00,144.55,144.59,144.53,144.53,0,0.0,0.0
2024-12-04 19:05:00-05:00,144.5399,144.59,144.53,144.56,0,0.0,0.0
2024-12-04 19:06:00-05:00,144.56,144.56,144.54,144.54,0,0.0,0.0
2024-12-04 19:07:00-05:00,144.54,144.55,144.52,144.55,0,0.0,0.0
2024-12-04 19:08:00-05:00,144.54,144.55,144.53,144.54,0,0.0,0.0
2024-12-04 19:09:00-05:00,144.5401,144.55,144.51,144.525,0,0.0,0.0
2024-12-04 19:10:00-05:00,144.54,144.54,144.5,144.51,0,0.0,0.0
2024-12-04 19:11:00-05:00,144.5,144.59,144.5,144.57,0,0.0,0.0
2024-12-04 19:12:00-05:00,144.55,144.62,144.55,144.61,0,0.0,0.0
2024-12-04 19:13:00-05:00,144.62,144.65,144.6,144.62,0,0.0,0.0
2024-12-04 19:14:00-05:00,144.64,144.64,144.56,144.575,0,0.0,0.0
2024-12-04 19:15:00-05:00,144.5895,144.59,144.56,144.59,0,0.0,0.0
2024-12-04 19:16:00-05:00,144.58,144.58,144.55,144.55,0,0.0,0.0
2024-12-04 19:17:00-05:00,144.55,144.58,144.55,144.57,0,0.0,0.0
2024-12-04 19:18:00-05:00,144.57,144.58,144.56,144.57,0,0.0,0.0
2024-12-04 19:19:00-05:00,144.58,144.64,144.55,144.64,0,0.0,0.0
2024-12-04 19:20:00-05:00,144.6101,144.65,144.58,144.59,0,0.0,0.0
2024-12-04 19:21:00-05:00,144.62,144.65,144.6,144.6101,0,0.0,0.0
2024-12-04 19:22:00-05:00,144.645,144.65,144.5701,144.59,0,0.0,0.0
2024-12-04 19:23:00-05:00,144.58,144.62,144.58,144.61,0,0.0,0.0
2024-12-04 19:24:00-05:00,144.6,144.62,144.58,144.61,0,0.0,0.0
2024-12-04 19:25:00-05:00,144.61,144.62,144.58,144.605,0,0.0,0.0
2024-12-04 19:26:00-05:00,144.62,144.62,144.59,144.61,0,0.0,0.0
2024-12-04 19:27:00-05:00,144.61,144.61,144.59,144.605,0,0.0,0.0
2024-12-04 19:28:00-05:00,144.6,144.62,144.6,144.6004,0,0.0,0.0
2024-12-04 19:29:00-05:00,144.6199,144.63,144.6,144.62,0,0.0,0.0
2024-12-04 19:30:00-05:00,144.61,144.64,144.6,144.64,0,0.0,0.0
2024-12-04 19:31:00-05:00,144.625,144.64,144.61,144.63,0,0.0,0.0
2024-12-04 19:32:00-05:00,144.62,144.63,144.6,144.6099,0,0.0,0.0
2024-12-04 19:33:00-05:00,144.61,144.61,144.57,144.57,0,0.0,0.0
2024-12-04 19:34:00-05:00,144.58,144.59,144.56,144.58,0,0.0,0.0
2024-12-04 19:35:00-05:00,144.57,144.58,144.55,144.56,0,0.0,0.0
2024-12-04 19:36:00-05:00,144.56,144.59,144.56,144.59,0,0.0,0.0
2024-12-04 19:37:05-05:00,144.575,144.575,144.575,144.575,0,0.0,0.0
