time,Open,High,Low,Close,Volume,Dividends,Stock Splits
2024-12-17 04:00:00-05:00,130.72,130.96,130.4,130.43,0,0.0,0.0
2024-12-17 04:01:00-05:00,130.43,130.5,130.12,130.28,0,0.0,0.0
2024-12-17 04:02:00-05:00,130.26,130.44,130.2,130.26,0,0.0,0.0
2024-12-17 04:03:00-05:00,130.26,130.39,130.25,130.28,0,0.0,0.0
2024-12-17 04:04:00-05:00,130.29,130.39,130.18,130.21,0,0.0,0.0
2024-12-17 04:05:00-05:00,130.19,130.38,130.19,130.27,0,0.0,0.0
2024-12-17 04:06:00-05:00,130.25,130.35,130.16,130.32,0,0.0,0.0
2024-12-17 04:07:00-05:00,130.3,130.38,130.3,130.36,0,0.0,0.0
2024-12-17 04:08:00-05:00,130.37,130.46,130.37,130.43,0,0.0,0.0
2024-12-17 04:09:00-05:00,130.44,130.44,130.3,130.3,0,0.0,0.0
2024-12-17 04:10:00-05:00,130.28,130.28,130.01,130.12,0,0.0,0.0
2024-12-17 04:11:00-05:00,130.12,130.14,130.01,130.04,0,0.0,0.0
2024-12-17 04:12:00-05:00,130.04,130.1,130.01,130.1,0,0.0,0.0
2024-12-17 04:13:00-05:00,130.1,130.11,130.01,130.02,0,0.0,0.0
2024-12-17 04:14:00-05:00,130.03,130.05,130.01,130.02,0,0.0,0.0
2024-12-17 04:15:00-05:00,130.03,130.06,130.0,130.01,0,0.0,0.0
2024-12-17 04:16:00-05:00,130.02,130.04,130.01,130.03,0,0.0,0.0
2024-12-17 04:17:00-05:00,130.05,130.06,130.02,130.04,0,0.0,0.0
2024-12-17 04:18:00-05:00,130.03,130.03,130.01,130.02,0,0.0,0.0
2024-12-17 04:19:00-05:00,130.02,130.02,130.01,130.01,0,0.0,0.0
2024-12-17 04:20:00-05:00,130.02,130.06,130.02,130.04,0,0.0,0.0
2024-12-17 04:21:00-05:00,130.02,130.04,130.01,130.03,0,0.0,0.0
2024-12-17 04:22:00-05:00,130.01,130.02,129.67,129.7,0,0.0,0.0
2024-12-17 04:23:00-05:00,129.7,129.82,129.56,129.59,0,0.0,0.0
2024-12-17 04:24:00-05:00,129.58,129.68,129.45,129.5,0,0.0,0.0
2024-12-17 04:25:00-05:00,129.45,129.66,129.45,129.52,0,0.0,0.0
2024-12-17 04:26:00-05:00,129.54,129.55,129.21,129.3,0,0.0,0.0
2024-12-17 04:27:00-05:00,129.33,129.33,129.12,129.12,0,0.0,0.0
2024-12-17 04:28:00-05:00,129.14,129.15,129.04,129.09,0,0.0,0.0
2024-12-17 04:29:00-05:00,129.08,129.1,129.05,129.09,0,0.0,0.0
2024-12-17 04:30:00-05:00,129.08,129.3,129.06,129.22,0,0.0,0.0
2024-12-17 04:31:00-05:00,129.23,129.4,129.19,129.24,0,0.0,0.0
2024-12-17 04:32:00-05:00,129.23,129.23,129.15,129.16,0,0.0,0.0
2024-12-17 04:33:00-05:00,129.16,129.16,128.91,128.92,0,0.0,0.0
2024-12-17 04:34:00-05:00,128.92,129.32,128.88,129.22,0,0.0,0.0
2024-12-17 04:35:00-05:00,129.22,129.44,129.22,129.25,0,0.0,0.0
2024-12-17 04:36:00-05:00,129.25,129.3,129.2,129.22,0,0.0,0.0
2024-12-17 04:37:00-05:00,129.2,129.35,129.17,129.35,0,0.0,0.0
2024-12-17 04:38:00-05:00,129.37,129.5,129.35,129.5,0,0.0,0.0
2024-12-17 04:39:00-05:00,129.5,129.68,129.48,129.6,0,0.0,0.0
2024-12-17 04:40:00-05:00,129.55,129.57,129.44,129.44,0,0.0,0.0
2024-12-17 04:41:00-05:00,129.42,129.43,129.38,129.41,0,0.0,0.0
2024-12-17 04:42:00-05:00,129.42,129.65,129.39,129.46,0,0.0,0.0
2024-12-17 04:43:00-05:00,129.49,129.5,129.41,129.41,0,0.0,0.0
2024-12-17 04:44:00-05:00,129.4,129.4,129.31,129.4,0,0.0,0.0
2024-12-17 04:45:00-05:00,129.4,129.4,129.23,129.23,0,0.0,0.0
2024-12-17 04:46:00-05:00,129.24,129.35,129.23,129.35,0,0.0,0.0
2024-12-17 04:47:00-05:00,129.35,129.38,129.31,129.32,0,0.0,0.0
2024-12-17 04:48:00-05:00,129.32,129.46,129.3,129.44,0,0.0,0.0
2024-12-17 04:49:00-05:00,129.44,129.45,129.36,129.4,0,0.0,0.0
2024-12-17 04:50:00-05:00,129.42,129.47,129.41,129.41,0,0.0,0.0
2024-12-17 04:51:00-05:00,129.48,129.48,129.45,129.45,0,0.0,0.0
2024-12-17 04:52:00-05:00,129.46,129.46,129.42,129.43,0,0.0,0.0
2024-12-17 04:53:00-05:00,129.44,129.45,129.4,129.45,0,0.0,0.0
2024-12-17 04:54:00-05:00,129.48,129.58,129.48,129.56,0,0.0,0.0
2024-12-17 04:55:00-05:00,129.56,129.56,129.38,129.39,0,0.0,0.0
2024-12-17 04:56:00-05:00,129.42,129.42,129.37,129.38,0,0.0,0.0
2024-12-17 04:57:00-05:00,129.39,129.39,129.26,129.26,0,0.0,0.0
2024-12-17 04:58:00-05:00,129.26,129.3,129.23,129.25,0,0.0,0.0
2024-12-17 04:59:00-05:00,129.24,129.37,129.24,129.37,0,0.0,0.0
2024-12-17 05:00:00-05:00,129.34,129.35,129.26,129.29,0,0.0,0.0
2024-12-17 05:01:00-05:00,129.3,129.31,129.28,129.29,0,0.0,0.0
2024-12-17 05:02:00-05:00,129.28,129.31,129.27,129.3,0,0.0,0.0
2024-12-17 05:03:00-05:00,129.29,129.36,129.29,129.35,0,0.0,0.0
2024-12-17 05:04:00-05:00,129.37,129.37,129.37,129.37,0,0.0,0.0
2024-12-17 05:05:00-05:00,129.36,129.37,129.27,129.32,0,0.0,0.0
2024-12-17 05:06:00-05:00,129.33,129.44,129.33,129.35,0,0.0,0.0
2024-12-17 05:07:00-05:00,129.32,129.32,129.28,129.29,0,0.0,0.0
2024-12-17 05:08:00-05:00,129.29,129.3,129.22,129.25,0,0.0,0.0
2024-12-17 05:09:00-05:00,129.26,129.33,129.24,129.32,0,0.0,0.0
2024-12-17 05:10:00-05:00,129.32,129.32,129.26,129.26,0,0.0,0.0
2024-12-17 05:11:00-05:00,129.26,129.28,129.26,129.28,0,0.0,0.0
2024-12-17 05:12:00-05:00,129.27,129.28,129.26,129.28,0,0.0,0.0
2024-12-17 05:13:00-05:00,129.28,129.34,129.28,129.28,0,0.0,0.0
2024-12-17 05:14:00-05:00,129.3,129.3,129.24,129.3,0,0.0,0.0
2024-12-17 05:15:00-05:00,129.29,129.34,129.29,129.34,0,0.0,0.0
2024-12-17 05:16:00-05:00,129.34,129.34,129.26,129.26,0,0.0,0.0
2024-12-17 05:17:00-05:00,129.24,129.24,129.13,129.13,0,0.0,0.0
2024-12-17 05:18:00-05:00,129.15,129.16,129.11,129.11,0,0.0,0.0
2024-12-17 05:19:00-05:00,129.12,129.12,129.07,129.07,0,0.0,0.0
2024-12-17 05:20:00-05:00,129.07,129.08,129.02,129.02,0,0.0,0.0
2024-12-17 05:21:00-05:00,129.03,129.08,129.0,129.08,0,0.0,0.0
2024-12-17 05:22:00-05:00,129.08,129.27,129.08,129.25,0,0.0,0.0
2024-12-17 05:23:00-05:00,129.25,129.31,129.2,129.26,0,0.0,0.0
2024-12-17 05:24:00-05:00,129.3,129.5,129.27,129.44,0,0.0,0.0
2024-12-17 05:25:00-05:00,129.44,129.65,129.44,129.61,0,0.0,0.0
2024-12-17 05:26:00-05:00,129.63,129.65,129.6,129.63,0,0.0,0.0
2024-12-17 05:27:00-05:00,129.64,129.64,129.58,129.61,0,0.0,0.0
2024-12-17 05:28:00-05:00,129.61,129.61,129.52,129.56,0,0.0,0.0
2024-12-17 05:29:00-05:00,129.55,129.55,129.45,129.46,0,0.0,0.0
2024-12-17 05:30:00-05:00,129.47,129.55,129.47,129.55,0,0.0,0.0
2024-12-17 05:31:00-05:00,129.54,129.59,129.54,129.59,0,0.0,0.0
2024-12-17 05:32:00-05:00,129.58,129.59,129.54,129.56,0,0.0,0.0
2024-12-17 05:33:00-05:00,129.57,129.59,129.55,129.57,0,0.0,0.0
2024-12-17 05:34:00-05:00,129.59,129.64,129.59,129.64,0,0.0,0.0
2024-12-17 05:35:00-05:00,129.65,129.76,129.64,129.76,0,0.0,0.0
2024-12-17 05:36:00-05:00,129.76,129.77,129.71,129.71,0,0.0,0.0
2024-12-17 05:37:00-05:00,129.72,129.73,129.7,129.7,0,0.0,0.0
2024-12-17 05:38:00-05:00,129.71,129.71,129.65,129.65,0,0.0,0.0
2024-12-17 05:39:00-05:00,129.65,129.66,129.65,129.66,0,0.0,0.0
2024-12-17 05:40:00-05:00,129.65,129.65,129.62,129.64,0,0.0,0.0
2024-12-17 05:41:00-05:00,129.64,129.76,129.63,129.76,0,0.0,0.0
2024-12-17 05:42:00-05:00,129.73,129.79,129.73,129.79,0,0.0,0.0
2024-12-17 05:43:00-05:00,129.78,129.78,129.72,129.74,0,0.0,0.0
2024-12-17 05:44:00-05:00,129.72,129.72,129.67,129.67,0,0.0,0.0
2024-12-17 05:45:00-05:00,129.66,129.7,129.63,129.66,0,0.0,0.0
2024-12-17 05:46:00-05:00,129.64,129.67,129.62,129.65,0,0.0,0.0
2024-12-17 05:47:00-05:00,129.64,129.65,129.58,129.61,0,0.0,0.0
2024-12-17 05:48:00-05:00,129.62,129.63,129.56,129.56,0,0.0,0.0
2024-12-17 05:49:00-05:00,129.56,129.56,129.54,129.54,0,0.0,0.0
2024-12-17 05:50:00-05:00,129.55,129.58,129.55,129.56,0,0.0,0.0
2024-12-17 05:51:00-05:00,129.59,129.65,129.59,129.62,0,0.0,0.0
2024-12-17 05:52:00-05:00,129.64,129.74,129.64,129.73,0,0.0,0.0
2024-12-17 05:53:00-05:00,129.71,129.78,129.71,129.78,0,0.0,0.0
2024-12-17 05:54:00-05:00,129.76,129.8,129.7,129.72,0,0.0,0.0
2024-12-17 05:55:00-05:00,129.73,129.73,129.7,129.7,0,0.0,0.0
2024-12-17 05:56:00-05:00,129.67,129.68,129.57,129.64,0,0.0,0.0
2024-12-17 05:57:00-05:00,129.64,129.65,129.62,129.63,0,0.0,0.0
2024-12-17 05:58:00-05:00,129.64,129.69,129.64,129.66,0,0.0,0.0
2024-12-17 05:59:00-05:00,129.68,129.76,129.67,129.76,0,0.0,0.0
2024-12-17 06:00:00-05:00,129.75,129.79,129.72,129.73,0,0.0,0.0
2024-12-17 06:01:00-05:00,129.7,129.7,129.66,129.66,0,0.0,0.0
2024-12-17 06:02:00-05:00,129.68,129.68,129.67,129.67,0,0.0,0.0
2024-12-17 06:03:00-05:00,129.68,129.68,129.66,129.68,0,0.0,0.0
2024-12-17 06:04:00-05:00,129.68,129.68,129.64,129.65,0,0.0,0.0
2024-12-17 06:05:00-05:00,129.65,129.66,129.64,129.65,0,0.0,0.0
2024-12-17 06:06:00-05:00,129.66,129.66,129.57,129.57,0,0.0,0.0
2024-12-17 06:07:00-05:00,129.6,129.6,129.53,129.53,0,0.0,0.0
2024-12-17 06:08:00-05:00,129.55,129.55,129.52,129.52,0,0.0,0.0
2024-12-17 06:09:00-05:00,129.55,129.6,129.55,129.6,0,0.0,0.0
2024-12-17 06:10:00-05:00,129.63,129.63,129.58,129.58,0,0.0,0.0
2024-12-17 06:11:00-05:00,129.58,129.6,129.58,129.58,0,0.0,0.0
2024-12-17 06:12:00-05:00,129.58,129.65,129.58,129.61,0,0.0,0.0
2024-12-17 06:13:00-05:00,129.62,129.62,129.58,129.6,0,0.0,0.0
2024-12-17 06:14:00-05:00,129.61,129.63,129.61,129.63,0,0.0,0.0
2024-12-17 06:15:00-05:00,129.62,129.63,129.61,129.61,0,0.0,0.0
2024-12-17 06:16:00-05:00,129.62,129.69,129.61,129.69,0,0.0,0.0
2024-12-17 06:17:00-05:00,129.7,129.9,129.69,129.9,0,0.0,0.0
2024-12-17 06:18:00-05:00,129.9,130.2,129.9,130.11,0,0.0,0.0
2024-12-17 06:19:00-05:00,130.11,130.25,130.08,130.16,0,0.0,0.0
2024-12-17 06:20:00-05:00,130.15,130.3,130.09,130.28,0,0.0,0.0
2024-12-17 06:21:00-05:00,130.27,130.29,130.19,130.19,0,0.0,0.0
2024-12-17 06:22:00-05:00,130.17,130.2,130.15,130.15,0,0.0,0.0
2024-12-17 06:23:00-05:00,130.15,130.19,130.15,130.19,0,0.0,0.0
2024-12-17 06:24:00-05:00,130.18,130.18,130.09,130.1,0,0.0,0.0
2024-12-17 06:25:00-05:00,130.12,130.12,130.0,130.0,0,0.0,0.0
2024-12-17 06:26:00-05:00,130.0,130.2,129.94,130.14,0,0.0,0.0
2024-12-17 06:27:00-05:00,130.15,130.16,130.14,130.14,0,0.0,0.0
2024-12-17 06:28:00-05:00,130.16,130.17,130.15,130.17,0,0.0,0.0
2024-12-17 06:29:00-05:00,130.17,130.3,130.15,130.3,0,0.0,0.0
2024-12-17 06:30:00-05:00,130.31,130.4,130.18,130.2,0,0.0,0.0
2024-12-17 06:31:00-05:00,130.26,130.26,130.16,130.17,0,0.0,0.0
2024-12-17 06:32:00-05:00,130.16,130.16,130.1,130.1,0,0.0,0.0
2024-12-17 06:33:00-05:00,130.1,130.1,130.0,130.0,0,0.0,0.0
2024-12-17 06:34:00-05:00,130.0,130.16,130.0,130.16,0,0.0,0.0
2024-12-17 06:35:00-05:00,130.13,130.13,130.1,130.1,0,0.0,0.0
2024-12-17 06:36:00-05:00,130.1,130.1,129.84,129.84,0,0.0,0.0
2024-12-17 06:37:00-05:00,129.89,129.92,129.86,129.86,0,0.0,0.0
2024-12-17 06:38:00-05:00,129.89,129.91,129.7,129.71,0,0.0,0.0
2024-12-17 06:39:00-05:00,129.79,129.87,129.75,129.82,0,0.0,0.0
2024-12-17 06:40:00-05:00,129.82,129.92,129.82,129.9,0,0.0,0.0
2024-12-17 06:41:00-05:00,129.9,129.93,129.82,129.82,0,0.0,0.0
2024-12-17 06:42:00-05:00,129.82,129.82,129.75,129.75,0,0.0,0.0
2024-12-17 06:43:00-05:00,129.79,129.82,129.75,129.82,0,0.0,0.0
2024-12-17 06:44:00-05:00,129.84,130.02,129.82,130.0,0,0.0,0.0
2024-12-17 06:45:00-05:00,129.96,129.96,129.76,129.83,0,0.0,0.0
2024-12-17 06:46:00-05:00,129.84,129.87,129.81,129.85,0,0.0,0.0
2024-12-17 06:47:00-05:00,129.83,129.83,129.82,129.83,0,0.0,0.0
2024-12-17 06:48:00-05:00,129.77,129.88,129.77,129.88,0,0.0,0.0
2024-12-17 06:49:00-05:00,129.89,130.05,129.89,130.05,0,0.0,0.0
2024-12-17 06:50:00-05:00,130.01,130.03,129.92,130.0,0,0.0,0.0
2024-12-17 06:51:00-05:00,130.01,130.03,129.92,129.92,0,0.0,0.0
2024-12-17 06:52:00-05:00,129.92,129.97,129.91,129.97,0,0.0,0.0
2024-12-17 06:53:00-05:00,129.98,130.02,129.98,130.0,0,0.0,0.0
2024-12-17 06:54:00-05:00,130.0,130.0,129.95,129.96,0,0.0,0.0
2024-12-17 06:55:00-05:00,129.96,129.99,129.95,129.99,0,0.0,0.0
2024-12-17 06:56:00-05:00,129.99,130.02,129.99,130.0,0,0.0,0.0
2024-12-17 06:57:00-05:00,129.99,130.07,129.99,130.02,0,0.0,0.0
2024-12-17 06:58:00-05:00,130.03,130.06,130.01,130.02,0,0.0,0.0
2024-12-17 06:59:00-05:00,130.0,130.08,130.0,130.03,0,0.0,0.0
2024-12-17 07:00:00-05:00,130.08,130.29,130.06,130.16,0,0.0,0.0
2024-12-17 07:01:00-05:00,130.19,130.21,130.14,130.15,0,0.0,0.0
2024-12-17 07:02:00-05:00,130.15,130.15,130.02,130.05,0,0.0,0.0
2024-12-17 07:03:00-05:00,130.05,130.09,130.02,130.09,0,0.0,0.0
2024-12-17 07:04:00-05:00,130.07,130.09,130.0,130.02,0,0.0,0.0
2024-12-17 07:05:00-05:00,130.02,130.04,129.95,130.0,0,0.0,0.0
2024-12-17 07:06:00-05:00,130.0,130.16,129.99,130.16,0,0.0,0.0
2024-12-17 07:07:00-05:00,130.16,130.17,130.05,130.1,0,0.0,0.0
2024-12-17 07:08:00-05:00,130.1,130.18,130.08,130.15,0,0.0,0.0
2024-12-17 07:09:00-05:00,130.15,130.16,130.1,130.12,0,0.0,0.0
2024-12-17 07:10:00-05:00,130.14,130.15,130.1,130.15,0,0.0,0.0
2024-12-17 07:11:00-05:00,130.15,130.16,130.05,130.05,0,0.0,0.0
2024-12-17 07:12:00-05:00,130.03,130.04,129.89,129.92,0,0.0,0.0
2024-12-17 07:13:00-05:00,129.9,129.95,129.87,129.89,0,0.0,0.0
2024-12-17 07:14:00-05:00,129.9,129.9,129.89,129.9,0,0.0,0.0
2024-12-17 07:15:00-05:00,129.89,129.9,129.88,129.9,0,0.0,0.0
2024-12-17 07:16:00-05:00,129.95,129.97,129.91,129.97,0,0.0,0.0
2024-12-17 07:17:00-05:00,129.95,129.97,129.93,129.96,0,0.0,0.0
2024-12-17 07:18:00-05:00,129.96,129.97,129.9,129.9,0,0.0,0.0
2024-12-17 07:19:00-05:00,129.9,129.9,129.88,129.89,0,0.0,0.0
2024-12-17 07:20:00-05:00,129.9,129.97,129.88,129.97,0,0.0,0.0
2024-12-17 07:21:00-05:00,129.97,129.97,129.85,129.85,0,0.0,0.0
2024-12-17 07:22:00-05:00,129.87,129.879,129.84,129.87,0,0.0,0.0
2024-12-17 07:23:00-05:00,129.86,129.86,129.77,129.78,0,0.0,0.0
2024-12-17 07:24:00-05:00,129.78,129.88,129.71,129.88,0,0.0,0.0
2024-12-17 07:25:00-05:00,129.89,129.94,129.89,129.94,0,0.0,0.0
2024-12-17 07:26:00-05:00,129.931,130.03,129.92,130.03,0,0.0,0.0
2024-12-17 07:27:00-05:00,130.05,130.07,130.021,130.06,0,0.0,0.0
2024-12-17 07:28:00-05:00,130.07,130.09,130.05,130.08,0,0.0,0.0
2024-12-17 07:29:00-05:00,130.09,130.18,130.09,130.17,0,0.0,0.0
2024-12-17 07:30:00-05:00,130.16,130.16,130.0,130.1,0,0.0,0.0
2024-12-17 07:31:00-05:00,130.09,130.099,130.03,130.04,0,0.0,0.0
2024-12-17 07:32:00-05:00,130.01,130.12,130.0,130.021,0,0.0,0.0
2024-12-17 07:33:00-05:00,130.02,130.02,129.99,130.01,0,0.0,0.0
2024-12-17 07:34:00-05:00,130.01,130.01,129.81,129.82,0,0.0,0.0
2024-12-17 07:35:00-05:00,129.82,129.82,129.77,129.78,0,0.0,0.0
2024-12-17 07:36:00-05:00,129.78,129.78,129.68,129.68,0,0.0,0.0
2024-12-17 07:37:00-05:00,129.7,129.7,129.6,129.65,0,0.0,0.0
2024-12-17 07:38:00-05:00,129.649,129.649,129.62,129.63,0,0.0,0.0
2024-12-17 07:39:00-05:00,129.63,129.67,129.56,129.56,0,0.0,0.0
2024-12-17 07:40:00-05:00,129.59,129.69,129.58,129.69,0,0.0,0.0
2024-12-17 07:41:00-05:00,129.769,129.78,129.73,129.78,0,0.0,0.0
2024-12-17 07:42:00-05:00,129.78,129.82,129.78,129.82,0,0.0,0.0
2024-12-17 07:43:00-05:00,129.82,129.82,129.74,129.78,0,0.0,0.0
2024-12-17 07:44:00-05:00,129.77,129.79,129.71,129.76,0,0.0,0.0
2024-12-17 07:45:00-05:00,129.79,129.82,129.78,129.8,0,0.0,0.0
2024-12-17 07:46:00-05:00,129.809,129.81,129.74,129.74,0,0.0,0.0
2024-12-17 07:47:00-05:00,129.75,129.75,129.74,129.75,0,0.0,0.0
2024-12-17 07:48:00-05:00,129.75,129.85,129.73,129.85,0,0.0,0.0
2024-12-17 07:49:00-05:00,129.88,129.95,129.88,129.94,0,0.0,0.0
2024-12-17 07:50:00-05:00,129.92,129.92,129.88,129.88,0,0.0,0.0
2024-12-17 07:51:00-05:00,129.85,129.97,129.85,129.97,0,0.0,0.0
2024-12-17 07:52:00-05:00,129.95,129.97,129.95,129.97,0,0.0,0.0
2024-12-17 07:53:00-05:00,129.97,129.97,129.95,129.95,0,0.0,0.0
2024-12-17 07:54:00-05:00,129.95,129.969,129.95,129.969,0,0.0,0.0
2024-12-17 07:55:00-05:00,129.96,129.96,129.91,129.91,0,0.0,0.0
2024-12-17 07:56:00-05:00,129.9,129.9,129.82,129.82,0,0.0,0.0
2024-12-17 07:57:00-05:00,129.8,129.8,129.71,129.71,0,0.0,0.0
2024-12-17 07:58:00-05:00,129.75,129.78,129.73,129.78,0,0.0,0.0
2024-12-17 07:59:00-05:00,129.78,129.8,129.78,129.8,0,0.0,0.0
2024-12-17 08:00:00-05:00,129.8,131.21,128.9024,129.9,0,0.0,0.0
2024-12-17 08:01:00-05:00,129.65,131.23,129.52,129.97,0,0.0,0.0
2024-12-17 08:02:00-05:00,129.9697,129.97,129.83,129.8401,0,0.0,0.0
2024-12-17 08:03:00-05:00,129.8,129.83,129.7,129.76,0,0.0,0.0
2024-12-17 08:04:00-05:00,129.8,129.8,129.7005,129.76,0,0.0,0.0
2024-12-17 08:05:00-05:00,129.76,132.0,129.68,129.74,0,0.0,0.0
2024-12-17 08:06:00-05:00,129.7301,129.74,129.63,129.6409,0,0.0,0.0
2024-12-17 08:07:00-05:00,129.6592,129.73,129.64,129.72,0,0.0,0.0
2024-12-17 08:08:00-05:00,129.71,129.73,129.64,129.69,0,0.0,0.0
2024-12-17 08:09:00-05:00,129.7,129.7,129.6205,129.63,0,0.0,0.0
2024-12-17 08:10:00-05:00,129.6376,129.64,129.55,129.6,0,0.0,0.0
2024-12-17 08:11:00-05:00,129.61,129.64,129.54,129.55,0,0.0,0.0
2024-12-17 08:12:00-05:00,129.56,129.62,129.55,129.58,0,0.0,0.0
2024-12-17 08:13:00-05:00,129.58,129.7,129.58,129.635,0,0.0,0.0
2024-12-17 08:14:00-05:00,129.63,129.65,129.5801,129.5992,0,0.0,0.0
2024-12-17 08:15:00-05:00,129.58,129.6091,129.56,129.6,0,0.0,0.0
2024-12-17 08:16:00-05:00,129.6,129.65,129.55,129.6498,0,0.0,0.0
2024-12-17 08:17:00-05:00,129.6496,129.7,129.62,129.65,0,0.0,0.0
2024-12-17 08:18:00-05:00,129.64,129.7,129.63,129.69,0,0.0,0.0
2024-12-17 08:19:00-05:00,129.7,129.7,129.63,129.66,0,0.0,0.0
2024-12-17 08:20:00-05:00,129.6588,129.66,129.63,129.6498,0,0.0,0.0
2024-12-17 08:21:00-05:00,129.66,129.66,129.54,129.55,0,0.0,0.0
2024-12-17 08:22:00-05:00,129.55,129.55,129.51,129.5498,0,0.0,0.0
2024-12-17 08:23:00-05:00,129.55,129.55,129.51,129.515,0,0.0,0.0
2024-12-17 08:24:00-05:00,129.51,129.52,129.51,129.52,0,0.0,0.0
2024-12-17 08:25:00-05:00,129.51,129.55,129.51,129.535,0,0.0,0.0
2024-12-17 08:26:00-05:00,129.535,129.58,129.52,129.5598,0,0.0,0.0
2024-12-17 08:27:00-05:00,129.55,129.58,129.55,129.5527,0,0.0,0.0
2024-12-17 08:28:00-05:00,129.58,129.58,129.55,129.57,0,0.0,0.0
2024-12-17 08:29:00-05:00,129.58,129.58,129.55,129.58,0,0.0,0.0
2024-12-17 08:30:00-05:00,129.55,129.6,129.54,129.58,0,0.0,0.0
2024-12-17 08:31:00-05:00,129.58,129.7,129.57,129.7,0,0.0,0.0
2024-12-17 08:32:00-05:00,129.695,129.79,129.66,129.76,0,0.0,0.0
2024-12-17 08:33:00-05:00,129.7852,129.83,129.7,129.72,0,0.0,0.0
2024-12-17 08:34:00-05:00,129.75,129.75,129.6,129.62,0,0.0,0.0
2024-12-17 08:35:00-05:00,129.63,129.63,129.52,129.5899,0,0.0,0.0
2024-12-17 08:36:00-05:00,129.59,129.64,129.51,129.5102,0,0.0,0.0
2024-12-17 08:37:00-05:00,129.51,129.59,129.51,129.58,0,0.0,0.0
2024-12-17 08:38:00-05:00,129.5799,129.64,129.52,129.58,0,0.0,0.0
2024-12-17 08:39:00-05:00,129.58,129.6,129.53,129.565,0,0.0,0.0
2024-12-17 08:40:00-05:00,129.56,129.58,129.45,129.4799,0,0.0,0.0
2024-12-17 08:41:00-05:00,129.465,129.48,129.38,129.38,0,0.0,0.0
2024-12-17 08:42:00-05:00,129.39,129.4,129.3,129.3136,0,0.0,0.0
2024-12-17 08:43:00-05:00,129.31,129.4,129.27,129.3536,0,0.0,0.0
2024-12-17 08:44:00-05:00,129.36,129.49,129.35,129.38,0,0.0,0.0
2024-12-17 08:45:00-05:00,129.3799,129.44,129.36,129.3942,0,0.0,0.0
2024-12-17 08:46:00-05:00,129.38,129.55,129.37,129.51,0,0.0,0.0
2024-12-17 08:47:00-05:00,129.51,129.55,129.47,129.5,0,0.0,0.0
2024-12-17 08:48:00-05:00,129.5095,129.51,129.4,129.41,0,0.0,0.0
2024-12-17 08:49:00-05:00,129.4,129.48,129.4,129.45,0,0.0,0.0
2024-12-17 08:50:00-05:00,129.44,129.45,129.4,129.4,0,0.0,0.0
2024-12-17 08:51:00-05:00,129.4088,129.41,129.35,129.39,0,0.0,0.0
2024-12-17 08:52:00-05:00,129.39,129.43,129.36,129.415,0,0.0,0.0
2024-12-17 08:53:00-05:00,129.4,129.48,129.4,129.47,0,0.0,0.0
2024-12-17 08:54:00-05:00,129.47,129.48,129.35,129.35,0,0.0,0.0
2024-12-17 08:55:00-05:00,129.35,129.46,129.35,129.45,0,0.0,0.0
2024-12-17 08:56:00-05:00,129.44,129.65,129.43,129.56,0,0.0,0.0
2024-12-17 08:57:00-05:00,129.5793,129.6,129.47,129.56,0,0.0,0.0
2024-12-17 08:58:00-05:00,129.56,129.67,129.55,129.65,0,0.0,0.0
2024-12-17 08:59:00-05:00,129.66,129.66,129.51,129.58,0,0.0,0.0
2024-12-17 09:00:00-05:00,129.6,129.65,129.58,129.65,0,0.0,0.0
2024-12-17 09:01:00-05:00,129.64,129.66,129.57,129.61,0,0.0,0.0
2024-12-17 09:02:00-05:00,129.61,129.62,129.57,129.5701,0,0.0,0.0
2024-12-17 09:03:00-05:00,129.5788,129.65,129.57,129.6092,0,0.0,0.0
2024-12-17 09:04:00-05:00,129.59,129.65,129.57,129.645,0,0.0,0.0
2024-12-17 09:05:00-05:00,129.64,129.7,129.62,129.65,0,0.0,0.0
2024-12-17 09:06:00-05:00,129.66,129.68,129.62,129.65,0,0.0,0.0
2024-12-17 09:07:00-05:00,129.645,129.65,129.6,129.63,0,0.0,0.0
2024-12-17 09:08:00-05:00,129.61,129.63,129.55,129.57,0,0.0,0.0
2024-12-17 09:09:00-05:00,129.55,129.57,129.37,129.3891,0,0.0,0.0
2024-12-17 09:10:00-05:00,129.3703,129.4,129.24,129.325,0,0.0,0.0
2024-12-17 09:11:00-05:00,129.32,129.33,129.23,129.23,0,0.0,0.0
2024-12-17 09:12:00-05:00,129.2399,129.3,129.21,129.296,0,0.0,0.0
2024-12-17 09:13:00-05:00,129.3,129.3,129.13,129.2,0,0.0,0.0
2024-12-17 09:14:00-05:00,129.19,129.2,129.13,129.1795,0,0.0,0.0
2024-12-17 09:15:00-05:00,129.17,129.33,129.16,129.33,0,0.0,0.0
2024-12-17 09:16:00-05:00,129.32,129.4,129.31,129.36,0,0.0,0.0
2024-12-17 09:17:00-05:00,129.36,129.36,129.2,129.21,0,0.0,0.0
2024-12-17 09:18:00-05:00,129.23,129.25,129.14,129.17,0,0.0,0.0
2024-12-17 09:19:00-05:00,129.16,129.21,129.13,129.15,0,0.0,0.0
2024-12-17 09:20:00-05:00,129.13,129.22,129.12,129.2195,0,0.0,0.0
2024-12-17 09:21:00-05:00,129.21,129.22,129.01,129.1,0,0.0,0.0
2024-12-17 09:22:00-05:00,129.08,129.19,129.01,129.1,0,0.0,0.0
2024-12-17 09:23:00-05:00,129.1,129.15,129.05,129.1,0,0.0,0.0
2024-12-17 09:24:00-05:00,129.1,129.1,129.01,129.06,0,0.0,0.0
2024-12-17 09:25:00-05:00,129.07,129.12,128.85,128.9987,0,0.0,0.0
2024-12-17 09:26:00-05:00,128.97,129.1,128.93,128.93,0,0.0,0.0
2024-12-17 09:27:00-05:00,128.95,129.03,128.69,128.975,0,0.0,0.0
2024-12-17 09:28:00-05:00,128.96,128.99,128.84,128.97,0,0.0,0.0
2024-12-17 09:29:00-05:00,128.9183,129.15,128.9183,129.12,0,0.0,0.0
2024-12-17 09:30:00-05:00,129.0,129.39999389648438,128.25,128.78370666503906,17670771,0.0,0.0
2024-12-17 09:31:00-05:00,128.793701171875,129.5,128.6699981689453,128.82009887695312,1844201,0.0,0.0
2024-12-17 09:32:00-05:00,128.875,129.22999572753906,128.25,129.125,2091353,0.0,0.0
2024-12-17 09:33:00-05:00,129.07000732421875,129.1699981689453,128.3699951171875,128.57339477539062,1220494,0.0,0.0
2024-12-17 09:34:00-05:00,128.5800018310547,128.91000366210938,128.00999450683594,128.04989624023438,2123240,0.0,0.0
2024-12-17 09:35:00-05:00,128.04539489746094,128.47999572753906,128.02000427246094,128.35000610351562,1311387,0.0,0.0
2024-12-17 09:36:00-05:00,128.33999633789062,128.60000610351562,127.51000213623047,127.51499938964844,3294108,0.0,0.0
2024-12-17 09:37:00-05:00,127.5199966430664,127.62999725341797,127.22000122070312,127.4104995727539,2328328,0.0,0.0
2024-12-17 09:38:00-05:00,127.41000366210938,127.68000030517578,127.22000122070312,127.375,1745262,0.0,0.0
2024-12-17 09:39:00-05:00,127.375,128.58999633789062,127.3499984741211,128.56210327148438,2047471,0.0,0.0
2024-12-17 09:40:00-05:00,128.5657958984375,128.8800048828125,128.3800048828125,128.72000122070312,1729702,0.0,0.0
2024-12-17 09:41:00-05:00,128.74110412597656,129.14999389648438,128.6999969482422,129.1199951171875,1737875,0.0,0.0
2024-12-17 09:42:00-05:00,129.11000061035156,129.2899932861328,128.89999389648438,128.9600067138672,1397693,0.0,0.0
2024-12-17 09:43:00-05:00,128.97999572753906,129.5399932861328,128.92860412597656,129.33990478515625,1495548,0.0,0.0
2024-12-17 09:44:00-05:00,129.3300018310547,129.61000061035156,129.14999389648438,129.2449951171875,1341806,0.0,0.0
2024-12-17 09:45:00-05:00,129.2100067138672,129.30990600585938,128.80999755859375,128.83030700683594,1433136,0.0,0.0
2024-12-17 09:46:00-05:00,128.85000610351562,128.9199981689453,128.32000732421875,128.5,1573794,0.0,0.0
2024-12-17 09:47:00-05:00,128.51499938964844,128.9398956298828,128.47999572753906,128.7698974609375,1067253,0.0,0.0
2024-12-17 09:48:00-05:00,128.76870727539062,129.08070373535156,128.72999572753906,129.05870056152344,994069,0.0,0.0
2024-12-17 09:49:00-05:00,129.0500030517578,129.0699005126953,128.75,128.82000732421875,641343,0.0,0.0
2024-12-17 09:50:00-05:00,128.8300018310547,129.00999450683594,128.3800048828125,128.39999389648438,881625,0.0,0.0
2024-12-17 09:51:00-05:00,128.38999938964844,128.77000427246094,128.30349731445312,128.60020446777344,716691,0.0,0.0
2024-12-17 09:52:00-05:00,128.60000610351562,128.6300048828125,128.17999267578125,128.2899932861328,1012706,0.0,0.0
2024-12-17 09:53:00-05:00,128.2899932861328,128.5540008544922,128.00999450683594,128.02999877929688,853491,0.0,0.0
2024-12-17 09:54:00-05:00,128.02000427246094,128.41000366210938,127.98999786376953,128.2698974609375,1302962,0.0,0.0
2024-12-17 09:55:00-05:00,128.27000427246094,128.32000732421875,127.9800033569336,128.02059936523438,747707,0.0,0.0
2024-12-17 09:56:00-05:00,128.0399932861328,128.289794921875,127.97000122070312,128.0399932861328,919222,0.0,0.0
2024-12-17 09:57:00-05:00,128.0399932861328,128.22000122070312,127.91999816894531,128.17999267578125,922975,0.0,0.0
2024-12-17 09:58:00-05:00,128.16000366210938,128.22999572753906,127.83999633789062,127.83999633789062,765269,0.0,0.0
2024-12-17 09:59:00-05:00,127.8499984741211,127.86000061035156,127.41000366210938,127.44999694824219,1716995,0.0,0.0
2024-12-17 10:00:00-05:00,127.44000244140625,127.72989654541016,127.4000015258789,127.4749984741211,1012353,0.0,0.0
2024-12-17 10:01:00-05:00,127.47989654541016,127.75,127.27999877929688,127.70999908447266,1138521,0.0,0.0
2024-12-17 10:02:00-05:00,127.71700286865234,128.0,127.55999755859375,127.86000061035156,1081560,0.0,0.0
2024-12-17 10:03:00-05:00,127.87770080566406,127.87999725341797,127.2300033569336,127.24009704589844,1257064,0.0,0.0
2024-12-17 10:04:00-05:00,127.25,127.42990112304688,127.08999633789062,127.1791000366211,1318729,0.0,0.0
2024-12-17 10:05:00-05:00,127.18000030517578,127.38999938964844,127.18000030517578,127.3198013305664,906256,0.0,0.0
2024-12-17 10:06:00-05:00,127.31999969482422,128.2100067138672,127.31999969482422,128.16000366210938,1542437,0.0,0.0
2024-12-17 10:07:00-05:00,128.15499877929688,128.36000061035156,128.0,128.32000732421875,970567,0.0,0.0
2024-12-17 10:08:00-05:00,128.31430053710938,128.39999389648438,127.94000244140625,128.32000732421875,934347,0.0,0.0
2024-12-17 10:09:00-05:00,128.3350067138672,128.35000610351562,127.94999694824219,128.22000122070312,628795,0.0,0.0
2024-12-17 10:10:00-05:00,128.2075958251953,128.3699951171875,128.0,128.02499389648438,828248,0.0,0.0
2024-12-17 10:11:00-05:00,128.02000427246094,128.19000244140625,127.91999816894531,127.95999908447266,754468,0.0,0.0
2024-12-17 10:12:00-05:00,127.94000244140625,128.07000732421875,127.7300033569336,127.83000183105469,825456,0.0,0.0
2024-12-17 10:13:00-05:00,127.81999969482422,128.00999450683594,127.69999694824219,127.8499984741211,678299,0.0,0.0
2024-12-17 10:14:00-05:00,127.86599731445312,127.94999694824219,127.73999786376953,127.79000091552734,539069,0.0,0.0
2024-12-17 10:15:00-05:00,127.80000305175781,127.80000305175781,127.04000091552734,127.08499908447266,1500297,0.0,0.0
2024-12-17 10:16:00-05:00,127.08000183105469,127.41000366210938,127.05000305175781,127.20999908447266,1115957,0.0,0.0
2024-12-17 10:17:00-05:00,127.22000122070312,127.37000274658203,127.01000213623047,127.1321029663086,1047388,0.0,0.0
2024-12-17 10:18:00-05:00,127.1500015258789,127.25,126.86000061035156,127.06999969482422,2264677,0.0,0.0
2024-12-17 10:19:00-05:00,127.07499694824219,127.16000366210938,126.87999725341797,127.0199966430664,901434,0.0,0.0
2024-12-17 10:20:00-05:00,127.02850341796875,127.29000091552734,127.01010131835938,127.2699966430664,899316,0.0,0.0
2024-12-17 10:21:00-05:00,127.27999877929688,127.48999786376953,127.2500991821289,127.38839721679688,858806,0.0,0.0
2024-12-17 10:22:00-05:00,127.38999938964844,127.4000015258789,126.9000015258789,127.11000061035156,1083275,0.0,0.0
2024-12-17 10:23:00-05:00,127.12999725341797,127.30000305175781,126.94000244140625,127.29010009765625,671481,0.0,0.0
2024-12-17 10:24:00-05:00,127.30000305175781,127.33999633789062,127.04000091552734,127.12000274658203,479788,0.0,0.0
2024-12-17 10:25:00-05:00,127.1240005493164,127.23999786376953,126.9800033569336,127.135498046875,712272,0.0,0.0
2024-12-17 10:26:00-05:00,127.16000366210938,127.48500061035156,127.13099670410156,127.47989654541016,737216,0.0,0.0
2024-12-17 10:27:00-05:00,127.48919677734375,127.62000274658203,127.38999938964844,127.5,796944,0.0,0.0
2024-12-17 10:28:00-05:00,127.50499725341797,127.62999725341797,127.5,127.56310272216797,494957,0.0,0.0
2024-12-17 10:29:00-05:00,127.55999755859375,127.72000122070312,127.52999877929688,127.62000274658203,553857,0.0,0.0
2024-12-17 10:30:00-05:00,127.62000274658203,128.0,127.62000274658203,127.99500274658203,825262,0.0,0.0
2024-12-17 10:31:00-05:00,127.99500274658203,128.13999938964844,127.93000030517578,127.99030303955078,986981,0.0,0.0
2024-12-17 10:32:00-05:00,127.99030303955078,128.13999938964844,127.9000015258789,128.00250244140625,674125,0.0,0.0
2024-12-17 10:33:00-05:00,128.00010681152344,128.05999755859375,127.94000244140625,128.02999877929688,325757,0.0,0.0
2024-12-17 10:34:00-05:00,127.87999725341797,127.91000366210938,127.81999969482422,127.83989715576172,804501,0.0,0.0
2024-12-17 10:35:00-05:00,127.8499984741211,127.9800033569336,127.80000305175781,127.8499984741211,474494,0.0,0.0
2024-12-17 10:36:00-05:00,127.87000274658203,128.05999755859375,127.84400177001953,127.98500061035156,476187,0.0,0.0
2024-12-17 10:37:00-05:00,127.98999786376953,128.3000030517578,127.87000274658203,128.29800415039062,745838,0.0,0.0
2024-12-17 10:38:00-05:00,128.2949981689453,128.4591064453125,128.1999969482422,128.2100067138672,830279,0.0,0.0
2024-12-17 10:39:00-05:00,128.2100067138672,128.58999633789062,128.14999389648438,128.56239318847656,923706,0.0,0.0
2024-12-17 10:40:00-05:00,128.560302734375,128.7333984375,128.44000244140625,128.66000366210938,714378,0.0,0.0
2024-12-17 10:41:00-05:00,128.66000366210938,128.6999969482422,128.60000610351562,128.65499877929688,466429,0.0,0.0
2024-12-17 10:42:00-05:00,128.65499877929688,128.6699981689453,128.3000030517578,128.35000610351562,672039,0.0,0.0
2024-12-17 10:43:00-05:00,128.36500549316406,128.65499877929688,128.3300018310547,128.61500549316406,532992,0.0,0.0
2024-12-17 10:44:00-05:00,128.6199951171875,128.75999450683594,128.6199951171875,128.75999450683594,575828,0.0,0.0
2024-12-17 10:45:00-05:00,128.74009704589844,128.77999877929688,128.52000427246094,128.5500030517578,548767,0.0,0.0
2024-12-17 10:46:00-05:00,128.5399932861328,128.56520080566406,128.39010620117188,128.50999450683594,578412,0.0,0.0
2024-12-17 10:47:00-05:00,128.51499938964844,128.52000427246094,128.32000732421875,128.4199981689453,530488,0.0,0.0
2024-12-17 10:48:00-05:00,128.4250030517578,128.42999267578125,128.16000366210938,128.35910034179688,651097,0.0,0.0
2024-12-17 10:49:00-05:00,128.3715057373047,128.47000122070312,128.35000610351562,128.44500732421875,400335,0.0,0.0
2024-12-17 10:50:00-05:00,128.4499969482422,128.91000366210938,128.4199981689453,128.91000366210938,839537,0.0,0.0
2024-12-17 10:51:00-05:00,128.89999389648438,128.97999572753906,128.82000732421875,128.86480712890625,697580,0.0,0.0
2024-12-17 10:52:00-05:00,128.86500549316406,129.25,128.8520965576172,129.22999572753906,1354724,0.0,0.0
2024-12-17 10:53:00-05:00,129.2241973876953,129.3000030517578,129.0399932861328,129.19000244140625,714900,0.0,0.0
2024-12-17 10:54:00-05:00,129.17999267578125,129.2899932861328,128.99000549316406,129.03720092773438,560086,0.0,0.0
2024-12-17 10:55:00-05:00,129.02999877929688,129.0500030517578,128.91000366210938,128.92999267578125,478628,0.0,0.0
2024-12-17 10:56:00-05:00,128.9199981689453,128.92999267578125,128.47000122070312,128.5574951171875,945428,0.0,0.0
2024-12-17 10:57:00-05:00,128.5500030517578,128.74000549316406,128.43499755859375,128.7100067138672,563212,0.0,0.0
2024-12-17 10:58:00-05:00,128.7050018310547,128.77999877929688,128.57000732421875,128.74000549316406,470371,0.0,0.0
2024-12-17 10:59:00-05:00,128.72999572753906,128.97000122070312,128.6699981689453,128.90919494628906,437239,0.0,0.0
2024-12-17 11:00:00-05:00,128.90989685058594,129.1300048828125,128.83999633789062,129.05999755859375,472145,0.0,0.0
2024-12-17 11:01:00-05:00,129.0399932861328,129.13999938964844,128.99009704589844,129.0500030517578,444265,0.0,0.0
2024-12-17 11:02:00-05:00,129.04010009765625,129.1300048828125,128.8800048828125,128.90499877929688,550165,0.0,0.0
2024-12-17 11:03:00-05:00,128.90499877929688,128.9488067626953,128.77999877929688,128.86000061035156,415328,0.0,0.0
2024-12-17 11:04:00-05:00,128.86000061035156,128.8699951171875,128.60499572753906,128.75999450683594,428026,0.0,0.0
2024-12-17 11:05:00-05:00,128.7550048828125,128.8300018310547,128.47999572753906,128.57000732421875,643910,0.0,0.0
2024-12-17 11:06:00-05:00,128.56500244140625,128.67999267578125,128.27000427246094,128.5998992919922,618349,0.0,0.0
2024-12-17 11:07:00-05:00,128.58999633789062,128.89999389648438,128.5399932861328,128.88999938964844,358531,0.0,0.0
2024-12-17 11:09:00-05:00,128.9521026611328,129.00999450683594,128.89999389648438,128.99349975585938,1353953,0.0,0.0
2024-12-17 11:10:00-05:00,129.0,129.0,128.75,128.89500427246094,440078,0.0,0.0
2024-12-17 11:11:00-05:00,128.89500427246094,129.0,128.8300018310547,128.97500610351562,389658,0.0,0.0
2024-12-17 11:12:00-05:00,128.99000549316406,128.9987030029297,128.86000061035156,128.97999572753906,333315,0.0,0.0
2024-12-17 11:13:00-05:00,128.97999572753906,129.02000427246094,128.86000061035156,128.99989318847656,468404,0.0,0.0
2024-12-17 11:14:00-05:00,128.99899291992188,129.14999389648438,128.9499969482422,129.06179809570312,530802,0.0,0.0
2024-12-17 11:15:00-05:00,129.05999755859375,129.0800018310547,128.85000610351562,128.8699951171875,310488,0.0,0.0
2024-12-17 11:16:00-05:00,128.8699951171875,128.8800048828125,128.7100067138672,128.74000549316406,485750,0.0,0.0
2024-12-17 11:17:00-05:00,128.72999572753906,128.73989868164062,128.52499389648438,128.5500030517578,507327,0.0,0.0
2024-12-17 11:18:00-05:00,128.55999755859375,128.63999938964844,128.468505859375,128.5,563852,0.0,0.0
2024-12-17 11:19:00-05:00,128.49000549316406,128.52999877929688,128.36000061035156,128.452392578125,513417,0.0,0.0
2024-12-17 11:20:00-05:00,128.4499969482422,128.74000549316406,128.4199981689453,128.67990112304688,575023,0.0,0.0
2024-12-17 11:21:00-05:00,128.6699981689453,128.82000732421875,128.63999938964844,128.80499267578125,416993,0.0,0.0
2024-12-17 11:22:00-05:00,128.80499267578125,128.88999938964844,128.52999877929688,128.52999877929688,557959,0.0,0.0
2024-12-17 11:23:00-05:00,128.53179931640625,128.6999969482422,128.5,128.6562042236328,342745,0.0,0.0
2024-12-17 11:24:00-05:00,128.6699981689453,128.74000549316406,128.64999389648438,128.7041015625,300448,0.0,0.0
2024-12-17 11:25:00-05:00,128.70899963378906,128.8699951171875,128.66000366210938,128.86500549316406,353892,0.0,0.0
2024-12-17 11:26:00-05:00,128.86000061035156,128.94500732421875,128.7899932861328,128.94000244140625,289470,0.0,0.0
2024-12-17 11:27:00-05:00,128.9499969482422,129.0800018310547,128.94000244140625,128.97999572753906,537303,0.0,0.0
2024-12-17 11:28:00-05:00,128.98500061035156,129.0800018310547,128.96009826660156,129.06500244140625,295754,0.0,0.0
2024-12-17 11:29:00-05:00,129.0699005126953,129.0699005126953,128.9600067138672,128.99000549316406,348244,0.0,0.0
2024-12-17 11:30:00-05:00,128.97999572753906,128.98500061035156,128.89999389648438,128.94000244140625,224552,0.0,0.0
2024-12-17 11:31:00-05:00,128.94500732421875,129.0,128.82009887695312,128.875,371049,0.0,0.0
2024-12-17 11:32:00-05:00,128.86500549316406,128.92010498046875,128.80999755859375,128.88499450683594,219269,0.0,0.0
2024-12-17 11:33:00-05:00,128.88499450683594,129.11990356445312,128.8800048828125,128.9149932861328,343815,0.0,0.0
2024-12-17 11:34:00-05:00,128.9102020263672,129.4199981689453,128.91000366210938,129.32000732421875,734768,0.0,0.0
2024-12-17 11:35:00-05:00,129.32989501953125,129.39999389648438,129.27090454101562,129.3800048828125,422768,0.0,0.0
2024-12-17 11:36:00-05:00,129.38999938964844,129.74000549316406,129.37010192871094,129.71969604492188,906382,0.0,0.0
2024-12-17 11:37:00-05:00,129.70599365234375,129.89999389648438,129.70599365234375,129.88499450683594,690214,0.0,0.0
2024-12-17 11:38:00-05:00,129.88499450683594,130.0050048828125,129.85499572753906,129.97000122070312,1709269,0.0,0.0
2024-12-17 11:39:00-05:00,129.97999572753906,130.16000366210938,129.9300994873047,130.0800018310547,896296,0.0,0.0
2024-12-17 11:40:00-05:00,130.0800018310547,130.1999969482422,129.94000244140625,130.19239807128906,699748,0.0,0.0
2024-12-17 11:41:00-05:00,130.17999267578125,130.3699951171875,130.16000366210938,130.21499633789062,777722,0.0,0.0
2024-12-17 11:42:00-05:00,130.22000122070312,130.35000610351562,130.1999969482422,130.2899932861328,468835,0.0,0.0
2024-12-17 11:43:00-05:00,130.2801055908203,130.39999389648438,130.1999969482422,130.39999389648438,431571,0.0,0.0
2024-12-17 11:44:00-05:00,130.38999938964844,130.47999572753906,130.3300018310547,130.43080139160156,612666,0.0,0.0
2024-12-17 11:45:00-05:00,130.439697265625,130.4499969482422,130.2899932861328,130.33990478515625,439392,0.0,0.0
2024-12-17 11:46:00-05:00,130.32400512695312,130.61000061035156,130.30999755859375,130.55990600585938,740914,0.0,0.0
2024-12-17 11:47:00-05:00,130.55499267578125,130.6199951171875,130.2100067138672,130.26950073242188,715436,0.0,0.0
2024-12-17 11:48:00-05:00,130.2523956298828,130.27000427246094,130.0850067138672,130.08999633789062,483287,0.0,0.0
2024-12-17 11:49:00-05:00,130.0998992919922,130.1300048828125,129.9499969482422,130.12989807128906,612000,0.0,0.0
2024-12-17 11:50:00-05:00,130.13999938964844,130.27999877929688,130.13839721679688,130.19000244140625,459180,0.0,0.0
2024-12-17 11:51:00-05:00,130.17999267578125,130.22999572753906,130.07000732421875,130.0915985107422,355885,0.0,0.0
2024-12-17 11:52:00-05:00,130.11500549316406,130.1199951171875,129.7899932861328,129.8000030517578,416570,0.0,0.0
2024-12-17 11:53:00-05:00,129.8007049560547,129.83999633789062,129.6699981689453,129.67999267578125,399382,0.0,0.0
2024-12-17 11:54:00-05:00,129.67010498046875,129.83999633789062,129.64999389648438,129.66009521484375,438611,0.0,0.0
2024-12-17 11:55:00-05:00,129.6699981689453,129.7100067138672,129.5749969482422,129.6699981689453,472208,0.0,0.0
2024-12-17 11:56:00-05:00,129.67990112304688,129.70950317382812,129.5500030517578,129.6750030517578,338719,0.0,0.0
2024-12-17 11:57:00-05:00,129.67120361328125,129.75,129.60000610351562,129.6300048828125,306871,0.0,0.0
2024-12-17 11:58:00-05:00,129.6199951171875,129.6898956298828,129.55999755859375,129.61920166015625,310525,0.0,0.0
2024-12-17 11:59:00-05:00,129.61500549316406,129.77000427246094,129.5800018310547,129.74000549316406,313195,0.0,0.0
2024-12-17 12:00:00-05:00,129.75999450683594,129.77000427246094,129.64999389648438,129.7550048828125,358683,0.0,0.0
2024-12-17 12:01:00-05:00,129.76499938964844,129.86000061035156,129.5500030517578,129.61000061035156,436568,0.0,0.0
2024-12-17 12:02:00-05:00,129.60000610351562,129.77000427246094,129.52000427246094,129.67999267578125,378781,0.0,0.0
2024-12-17 12:03:00-05:00,129.67999267578125,129.72000122070312,129.50999450683594,129.5850067138672,1335680,0.0,0.0
2024-12-17 12:04:00-05:00,129.5850067138672,129.83999633789062,129.5850067138672,129.76429748535156,342187,0.0,0.0
2024-12-17 12:05:00-05:00,129.77999877929688,129.83990478515625,129.6999969482422,129.8289031982422,218054,0.0,0.0
2024-12-17 12:06:00-05:00,129.82899475097656,129.8699951171875,129.7100067138672,129.72500610351562,259298,0.0,0.0
2024-12-17 12:07:00-05:00,129.72999572753906,130.0500030517578,129.72000122070312,130.04490661621094,423754,0.0,0.0
2024-12-17 12:08:00-05:00,130.0469970703125,130.17860412597656,130.0399932861328,130.0800018310547,461981,0.0,0.0
2024-12-17 12:09:00-05:00,130.08999633789062,130.27000427246094,130.02999877929688,130.25999450683594,373916,0.0,0.0
2024-12-17 12:10:00-05:00,130.2698974609375,130.3800048828125,130.2100067138672,130.36839294433594,396432,0.0,0.0
2024-12-17 12:11:00-05:00,130.368896484375,130.4199981689453,130.1300048828125,130.22000122070312,538783,0.0,0.0
2024-12-17 12:12:00-05:00,130.22000122070312,130.23919677734375,130.10000610351562,130.10000610351562,255297,0.0,0.0
2024-12-17 12:13:00-05:00,130.10650634765625,130.3300018310547,130.05999755859375,130.32009887695312,308862,0.0,0.0
2024-12-17 12:14:00-05:00,130.31500244140625,130.49000549316406,130.3000030517578,130.41000366210938,349826,0.0,0.0
2024-12-17 12:15:00-05:00,130.4158935546875,130.5699005126953,130.3699951171875,130.52980041503906,383433,0.0,0.0
2024-12-17 12:16:00-05:00,130.52999877929688,130.52999877929688,130.3300018310547,130.3300018310547,1664774,0.0,0.0
2024-12-17 12:17:00-05:00,130.33920288085938,130.45950317382812,130.22999572753906,130.41819763183594,391990,0.0,0.0
2024-12-17 12:18:00-05:00,130.41810607910156,130.58999633789062,130.3800048828125,130.47999572753906,787771,0.0,0.0
2024-12-17 12:19:00-05:00,130.47999572753906,130.5399932861328,130.4199981689453,130.4199981689453,298264,0.0,0.0
2024-12-17 12:20:00-05:00,130.4199981689453,130.47000122070312,130.27999877929688,130.34500122070312,318171,0.0,0.0
2024-12-17 12:21:00-05:00,130.34500122070312,130.59719848632812,130.33999633789062,130.51919555664062,430434,0.0,0.0
2024-12-17 12:22:00-05:00,130.50999450683594,130.6199951171875,130.4199981689453,130.4510955810547,374791,0.0,0.0
2024-12-17 12:23:00-05:00,130.45579528808594,130.67999267578125,130.45579528808594,130.5,315022,0.0,0.0
2024-12-17 12:24:00-05:00,130.49000549316406,130.49000549316406,130.24000549316406,130.32000732421875,517779,0.0,0.0
2024-12-17 12:25:00-05:00,130.35000610351562,130.3699951171875,130.2100067138672,130.2899932861328,278653,0.0,0.0
2024-12-17 12:26:00-05:00,130.2899932861328,130.44000244140625,130.25999450683594,130.4250030517578,234902,0.0,0.0
2024-12-17 12:27:00-05:00,130.42849731445312,130.74000549316406,130.4199981689453,130.73989868164062,457953,0.0,0.0
2024-12-17 12:28:00-05:00,130.72999572753906,130.98980712890625,130.7100067138672,130.98500061035156,655356,0.0,0.0
2024-12-17 12:29:00-05:00,130.99000549316406,131.2100067138672,130.94500732421875,131.19000244140625,1071288,0.0,0.0
2024-12-17 12:30:00-05:00,131.1999969482422,131.22000122070312,130.9237060546875,130.9499969482422,572620,0.0,0.0
2024-12-17 12:31:00-05:00,130.9499969482422,131.0,130.88299560546875,130.9801025390625,293960,0.0,0.0
2024-12-17 12:32:00-05:00,131.0,131.14999389648438,130.9499969482422,131.10499572753906,357455,0.0,0.0
2024-12-17 12:33:00-05:00,131.1009979248047,131.1999969482422,131.05999755859375,131.1999969482422,247030,0.0,0.0
2024-12-17 12:34:00-05:00,131.1999969482422,131.3300018310547,131.1699981689453,131.31419372558594,487337,0.0,0.0
2024-12-17 12:35:00-05:00,131.32000732421875,131.49000549316406,131.3000030517578,131.4188995361328,554912,0.0,0.0
2024-12-17 12:36:00-05:00,131.4199981689453,131.4600067138672,131.2100067138672,131.310302734375,503895,0.0,0.0
2024-12-17 12:37:00-05:00,131.3199005126953,131.5,131.30999755859375,131.4499969482422,421685,0.0,0.0
2024-12-17 12:38:00-05:00,131.4499969482422,131.45509338378906,131.27999877929688,131.36000061035156,289440,0.0,0.0
2024-12-17 12:39:00-05:00,131.36000061035156,131.5,131.33999633789062,131.45989990234375,328599,0.0,0.0
2024-12-17 12:40:00-05:00,131.44000244140625,131.4499969482422,131.14999389648438,131.1999969482422,428890,0.0,0.0
2024-12-17 12:41:00-05:00,131.1999969482422,131.22740173339844,131.0500030517578,131.10499572753906,365479,0.0,0.0
2024-12-17 12:42:00-05:00,131.10009765625,131.33999633789062,131.10000610351562,131.30349731445312,327456,0.0,0.0
2024-12-17 12:43:00-05:00,131.30499267578125,131.47000122070312,131.27000427246094,131.4429931640625,369657,0.0,0.0
2024-12-17 12:44:00-05:00,131.44000244140625,131.5399932861328,131.41000366210938,131.49830627441406,330346,0.0,0.0
2024-12-17 12:45:00-05:00,131.49009704589844,131.5,131.3000030517578,131.5,373419,0.0,0.0
2024-12-17 12:46:00-05:00,131.5,131.58999633789062,131.25010681152344,131.25010681152344,494876,0.0,0.0
2024-12-17 12:47:00-05:00,131.26010131835938,131.3300018310547,131.19500732421875,131.23109436035156,298103,0.0,0.0
2024-12-17 12:48:00-05:00,131.22999572753906,131.33999633789062,131.1699981689453,131.30999755859375,250008,0.0,0.0
2024-12-17 12:49:00-05:00,131.31280517578125,131.31280517578125,131.1699981689453,131.2198944091797,270806,0.0,0.0
2024-12-17 12:50:00-05:00,131.2198028564453,131.22999572753906,131.0229949951172,131.0229949951172,321371,0.0,0.0
2024-12-17 12:51:00-05:00,131.02000427246094,131.0399932861328,130.77000427246094,130.8000030517578,590129,0.0,0.0
2024-12-17 12:52:00-05:00,130.80999755859375,130.88999938964844,130.67999267578125,130.72999572753906,418574,0.0,0.0
2024-12-17 12:53:00-05:00,130.74000549316406,130.77999877929688,130.64999389648438,130.68910217285156,285329,0.0,0.0
2024-12-17 12:54:00-05:00,130.69000244140625,130.88070678710938,130.67770385742188,130.88070678710938,333142,0.0,0.0
2024-12-17 12:55:00-05:00,130.8867950439453,130.99000549316406,130.8300018310547,130.85009765625,278028,0.0,0.0
2024-12-17 12:56:00-05:00,130.85499572753906,130.9499969482422,130.77999877929688,130.92999267578125,231475,0.0,0.0
2024-12-17 12:57:00-05:00,130.93499755859375,131.00999450683594,130.89999389648438,130.9777069091797,246714,0.0,0.0
2024-12-17 12:58:00-05:00,130.97000122070312,131.0500030517578,130.86000061035156,130.89999389648438,253655,0.0,0.0
2024-12-17 12:59:00-05:00,130.88499450683594,131.00999450683594,130.83999633789062,130.91000366210938,184082,0.0,0.0
2024-12-17 13:00:00-05:00,130.91000366210938,130.91000366210938,130.64999389648438,130.67999267578125,482350,0.0,0.0
2024-12-17 13:01:00-05:00,130.6999969482422,130.73989868164062,130.52999877929688,130.66000366210938,331732,0.0,0.0
2024-12-17 13:02:00-05:00,130.64999389648438,130.72000122070312,130.5301055908203,130.68499755859375,231207,0.0,0.0
2024-12-17 13:03:00-05:00,130.68499755859375,130.85000610351562,130.68499755859375,130.84500122070312,225002,0.0,0.0
2024-12-17 13:04:00-05:00,130.85000610351562,130.89999389648438,130.72999572753906,130.8000030517578,186295,0.0,0.0
2024-12-17 13:05:00-05:00,130.7899932861328,130.94000244140625,130.74000549316406,130.94000244140625,224110,0.0,0.0
2024-12-17 13:06:00-05:00,130.9398956298828,131.0449981689453,130.8800048828125,131.01499938964844,262708,0.0,0.0
2024-12-17 13:07:00-05:00,131.01480102539062,131.0198974609375,130.9001007080078,131.00999450683594,197491,0.0,0.0
2024-12-17 13:08:00-05:00,131.01499938964844,131.0299072265625,130.9199981689453,130.97500610351562,204027,0.0,0.0
2024-12-17 13:09:00-05:00,130.97999572753906,131.19000244140625,130.97500610351562,131.10360717773438,359424,0.0,0.0
2024-12-17 13:10:00-05:00,131.10499572753906,131.10989379882812,130.80999755859375,130.82000732421875,271213,0.0,0.0
2024-12-17 13:11:00-05:00,130.82000732421875,130.86000061035156,130.7100067138672,130.7550048828125,269420,0.0,0.0
2024-12-17 13:12:00-05:00,130.75450134277344,130.8000030517578,130.6199951171875,130.63499450683594,272133,0.0,0.0
2024-12-17 13:13:00-05:00,130.63999938964844,130.63999938964844,130.4199981689453,130.49000549316406,540196,0.0,0.0
2024-12-17 13:14:00-05:00,130.50660705566406,130.50999450683594,130.4199981689453,130.47999572753906,236991,0.0,0.0
2024-12-17 13:15:00-05:00,130.49000549316406,130.50999450683594,130.4300994873047,130.4405059814453,216513,0.0,0.0
2024-12-17 13:16:00-05:00,130.44000244140625,130.4499969482422,130.21499633789062,130.26499938964844,456098,0.0,0.0
2024-12-17 13:17:00-05:00,130.27000427246094,130.3800048828125,130.26499938964844,130.32000732421875,294843,0.0,0.0
2024-12-17 13:18:00-05:00,130.3173065185547,130.3173065185547,130.1300048828125,130.2100067138672,370618,0.0,0.0
2024-12-17 13:19:00-05:00,130.21499633789062,130.3000030517578,130.14999389648438,130.2050018310547,301923,0.0,0.0
2024-12-17 13:20:00-05:00,130.19000244140625,130.20480346679688,129.97500610351562,130.0,520468,0.0,0.0
2024-12-17 13:21:00-05:00,129.99000549316406,130.0449981689453,129.9149932861328,130.00999450683594,495871,0.0,0.0
2024-12-17 13:22:00-05:00,130.0,130.08999633789062,129.94000244140625,130.01499938964844,352048,0.0,0.0
2024-12-17 13:23:00-05:00,130.02999877929688,130.19000244140625,130.02999877929688,130.15829467773438,296630,0.0,0.0
2024-12-17 13:24:00-05:00,130.14999389648438,130.2899932861328,130.14500427246094,130.2550048828125,329570,0.0,0.0
2024-12-17 13:25:00-05:00,130.2550048828125,130.38499450683594,130.1999969482422,130.2613067626953,361995,0.0,0.0
2024-12-17 13:26:00-05:00,130.27000427246094,130.3000030517578,129.9600067138672,129.97000122070312,411839,0.0,0.0
2024-12-17 13:27:00-05:00,129.9600067138672,130.01699829101562,129.83999633789062,129.83999633789062,364519,0.0,0.0
2024-12-17 13:28:00-05:00,129.83009338378906,129.97000122070312,129.77000427246094,129.77999877929688,386827,0.0,0.0
2024-12-17 13:29:00-05:00,129.7823944091797,129.82000732421875,129.7100067138672,129.72430419921875,406467,0.0,0.0
2024-12-17 13:30:00-05:00,129.72500610351562,129.7899932861328,129.6699981689453,129.75999450683594,453067,0.0,0.0
2024-12-17 13:31:00-05:00,129.75999450683594,129.8300018310547,129.62010192871094,129.69000244140625,391106,0.0,0.0
2024-12-17 13:32:00-05:00,129.68919372558594,129.6999969482422,129.5800018310547,129.66110229492188,605729,0.0,0.0
2024-12-17 13:33:00-05:00,129.67999267578125,129.8300018310547,129.67999267578125,129.7949981689453,340348,0.0,0.0
2024-12-17 13:34:00-05:00,129.79029846191406,129.9398956298828,129.7899932861328,129.82000732421875,303595,0.0,0.0
2024-12-17 13:35:00-05:00,129.82000732421875,129.8300018310547,129.61000061035156,129.6197052001953,404222,0.0,0.0
2024-12-17 13:36:00-05:00,129.61000061035156,129.69000244140625,129.45010375976562,129.5850067138672,569627,0.0,0.0
2024-12-17 13:37:00-05:00,129.58999633789062,129.58999633789062,129.40249633789062,129.4799041748047,281202,0.0,0.0
2024-12-17 13:38:00-05:00,129.47000122070312,129.47999572753906,129.3000030517578,129.3300018310547,389592,0.0,0.0
2024-12-17 13:39:00-05:00,129.32000732421875,129.38999938964844,129.25,129.33999633789062,415742,0.0,0.0
2024-12-17 13:40:00-05:00,129.3350067138672,129.57000732421875,129.33160400390625,129.5500030517578,408185,0.0,0.0
2024-12-17 13:41:00-05:00,129.55999755859375,129.55999755859375,129.3800048828125,129.48500061035156,343001,0.0,0.0
2024-12-17 13:42:00-05:00,129.49000549316406,129.63999938964844,129.4550018310547,129.53990173339844,344146,0.0,0.0
2024-12-17 13:43:00-05:00,129.5399932861328,129.75999450683594,129.5399932861328,129.716796875,447584,0.0,0.0
2024-12-17 13:44:00-05:00,129.70919799804688,129.82000732421875,129.64999389648438,129.77999877929688,297444,0.0,0.0
2024-12-17 13:45:00-05:00,129.78500366210938,129.80999755859375,129.69140625,129.74000549316406,241597,0.0,0.0
2024-12-17 13:46:00-05:00,129.74000549316406,129.82000732421875,129.64999389648438,129.7169952392578,285861,0.0,0.0
2024-12-17 13:47:00-05:00,129.7100067138672,129.72000122070312,129.5,129.5399932861328,316395,0.0,0.0
2024-12-17 13:48:00-05:00,129.5500030517578,129.62770080566406,129.5,129.6199951171875,196725,0.0,0.0
2024-12-17 13:49:00-05:00,129.6199951171875,129.7449951171875,129.61000061035156,129.6999969482422,240102,0.0,0.0
2024-12-17 13:50:00-05:00,129.69000244140625,129.89999389648438,129.69000244140625,129.8428955078125,334850,0.0,0.0
2024-12-17 13:51:00-05:00,129.84500122070312,129.88900756835938,129.78939819335938,129.82000732421875,201744,0.0,0.0
2024-12-17 13:52:00-05:00,129.81089782714844,129.8800048828125,129.75,129.76800537109375,145643,0.0,0.0
2024-12-17 13:53:00-05:00,129.76499938964844,129.87989807128906,129.72000122070312,129.87130737304688,166576,0.0,0.0
2024-12-17 13:54:00-05:00,129.86000061035156,129.9199981689453,129.7899932861328,129.86500549316406,210615,0.0,0.0
2024-12-17 13:55:00-05:00,129.86500549316406,129.86990356445312,129.76980590820312,129.8112030029297,195801,0.0,0.0
2024-12-17 13:56:00-05:00,129.81500244140625,129.82000732421875,129.72140502929688,129.76499938964844,223829,0.0,0.0
2024-12-17 13:57:00-05:00,129.76919555664062,129.77999877929688,129.65159606933594,129.7292938232422,262284,0.0,0.0
2024-12-17 13:58:00-05:00,129.72999572753906,129.80999755859375,129.72000122070312,129.77999877929688,171095,0.0,0.0
2024-12-17 13:59:00-05:00,129.77499389648438,129.78089904785156,129.6699981689453,129.74090576171875,160043,0.0,0.0
2024-12-17 14:00:00-05:00,129.75,129.8800048828125,129.6999969482422,129.77830505371094,236062,0.0,0.0
2024-12-17 14:01:00-05:00,129.76100158691406,129.77499389648438,129.5500030517578,129.55999755859375,262992,0.0,0.0
2024-12-17 14:02:00-05:00,129.55999755859375,129.61000061035156,129.49000549316406,129.56500244140625,382759,0.0,0.0
2024-12-17 14:03:00-05:00,129.5749969482422,129.6999969482422,129.5,129.68069458007812,225773,0.0,0.0
2024-12-17 14:04:00-05:00,129.68099975585938,129.85000610351562,129.68099975585938,129.8251953125,220218,0.0,0.0
2024-12-17 14:05:00-05:00,129.8249969482422,129.85000610351562,129.73770141601562,129.8350067138672,190803,0.0,0.0
2024-12-17 14:06:00-05:00,129.8350067138672,129.8699951171875,129.76040649414062,129.8000030517578,157021,0.0,0.0
2024-12-17 14:07:00-05:00,129.80999755859375,129.82919311523438,129.75,129.82919311523438,143210,0.0,0.0
2024-12-17 14:08:00-05:00,129.8300018310547,129.97999572753906,129.8300018310547,129.97500610351562,294271,0.0,0.0
2024-12-17 14:09:00-05:00,129.9716033935547,130.14999389648438,129.92999267578125,130.13670349121094,461977,0.0,0.0
2024-12-17 14:10:00-05:00,130.1302032470703,130.1999053955078,130.07000732421875,130.14999389648438,341607,0.0,0.0
2024-12-17 14:11:00-05:00,130.15499877929688,130.1551971435547,129.94000244140625,129.97000122070312,262662,0.0,0.0
2024-12-17 14:12:00-05:00,129.97500610351562,130.02870178222656,129.94000244140625,130.0041046142578,158892,0.0,0.0
2024-12-17 14:13:00-05:00,130.00430297851562,130.00999450683594,129.8000030517578,129.8188018798828,285531,0.0,0.0
2024-12-17 14:14:00-05:00,129.81500244140625,129.889892578125,129.72000122070312,129.8800048828125,294204,0.0,0.0
2024-12-17 14:15:00-05:00,129.88499450683594,129.88999938964844,129.75,129.82200622558594,236682,0.0,0.0
2024-12-17 14:16:00-05:00,129.82000732421875,130.08999633789062,129.7899932861328,130.0449981689453,369769,0.0,0.0
2024-12-17 14:17:00-05:00,130.04989624023438,130.1199951171875,130.00999450683594,130.02000427246094,242783,0.0,0.0
2024-12-17 14:18:00-05:00,130.02999877929688,130.05999755859375,129.9116973876953,129.95379638671875,251663,0.0,0.0
2024-12-17 14:19:00-05:00,129.9600067138672,130.0399932861328,129.93499755859375,130.0399932861328,187537,0.0,0.0
2024-12-17 14:20:00-05:00,130.02999877929688,130.039306640625,129.8000030517578,129.85000610351562,269313,0.0,0.0
2024-12-17 14:21:00-05:00,129.85000610351562,129.8699951171875,129.80999755859375,129.83050537109375,243048,0.0,0.0
2024-12-17 14:22:00-05:00,129.83999633789062,129.87989807128906,129.75999450683594,129.80999755859375,198384,0.0,0.0
2024-12-17 14:23:00-05:00,129.81500244140625,129.85000610351562,129.69500732421875,129.84339904785156,331798,0.0,0.0
2024-12-17 14:24:00-05:00,129.84339904785156,129.85000610351562,129.6999969482422,129.7100067138672,269003,0.0,0.0
2024-12-17 14:25:00-05:00,129.7100067138672,129.77999877929688,129.61050415039062,129.75660705566406,253227,0.0,0.0
2024-12-17 14:26:00-05:00,129.75999450683594,129.92999267578125,129.75999450683594,129.875,225617,0.0,0.0
2024-12-17 14:27:00-05:00,129.875,129.97999572753906,129.86000061035156,129.9600067138672,235598,0.0,0.0
2024-12-17 14:28:00-05:00,129.97000122070312,129.97999572753906,129.80999755859375,129.8115997314453,199582,0.0,0.0
2024-12-17 14:29:00-05:00,129.81500244140625,129.91709899902344,129.8000030517578,129.89999389648438,155991,0.0,0.0
2024-12-17 14:30:00-05:00,129.89999389648438,129.9600067138672,129.83999633789062,129.86500549316406,162325,0.0,0.0
2024-12-17 14:31:00-05:00,129.8800048828125,129.92999267578125,129.8000030517578,129.8000030517578,169696,0.0,0.0
2024-12-17 14:32:00-05:00,129.80099487304688,129.88999938964844,129.77000427246094,129.81500244140625,206832,0.0,0.0
2024-12-17 14:33:00-05:00,129.82000732421875,129.88999938964844,129.8000030517578,129.84500122070312,174117,0.0,0.0
2024-12-17 14:34:00-05:00,129.85000610351562,129.85499572753906,129.72999572753906,129.7899932861328,228069,0.0,0.0
2024-12-17 14:35:00-05:00,129.7899932861328,129.85000610351562,129.77999877929688,129.82000732421875,136059,0.0,0.0
2024-12-17 14:36:00-05:00,129.80999755859375,129.8188934326172,129.57000732421875,129.58999633789062,423348,0.0,0.0
2024-12-17 14:37:00-05:00,129.5886993408203,129.61990356445312,129.5,129.50010681152344,396614,0.0,0.0
2024-12-17 14:38:00-05:00,129.5050048828125,129.55999755859375,129.4199981689453,129.5,374719,0.0,0.0
2024-12-17 14:39:00-05:00,129.5,129.6096954345703,129.5,129.55999755859375,219536,0.0,0.0
2024-12-17 14:40:00-05:00,129.5572052001953,129.7899932861328,129.5399932861328,129.76499938964844,315019,0.0,0.0
2024-12-17 14:41:00-05:00,129.76499938964844,129.7698974609375,129.625,129.72000122070312,222788,0.0,0.0
2024-12-17 14:42:00-05:00,129.71969604492188,129.75,129.66000366210938,129.69000244140625,277235,0.0,0.0
2024-12-17 14:43:00-05:00,129.68499755859375,129.84500122070312,129.67840576171875,129.82989501953125,251155,0.0,0.0
2024-12-17 14:44:00-05:00,129.82000732421875,129.97000122070312,129.80999755859375,129.92999267578125,294273,0.0,0.0
2024-12-17 14:45:00-05:00,129.92999267578125,129.92999267578125,129.82000732421875,129.875,174568,0.0,0.0
2024-12-17 14:46:00-05:00,129.87159729003906,129.8800048828125,129.66000366210938,129.76010131835938,240294,0.0,0.0
2024-12-17 14:47:00-05:00,129.75999450683594,129.75999450683594,129.66000366210938,129.6699981689453,178456,0.0,0.0
2024-12-17 14:48:00-05:00,129.67999267578125,129.75,129.6699981689453,129.72999572753906,89272,0.0,0.0
2024-12-17 14:49:00-05:00,129.72500610351562,129.85000610351562,129.72500610351562,129.80499267578125,153785,0.0,0.0
2024-12-17 14:50:00-05:00,129.80999755859375,129.92990112304688,129.7899932861328,129.89990234375,230417,0.0,0.0
2024-12-17 14:51:00-05:00,129.89999389648438,129.9199981689453,129.82000732421875,129.89999389648438,204010,0.0,0.0
2024-12-17 14:52:00-05:00,129.88999938964844,129.97999572753906,129.88999938964844,129.95350646972656,236136,0.0,0.0
2024-12-17 14:53:00-05:00,129.95989990234375,129.97999572753906,129.85000610351562,129.85159301757812,217272,0.0,0.0
2024-12-17 14:54:00-05:00,129.8699951171875,130.00999450683594,129.860107421875,129.99000549316406,307532,0.0,0.0
2024-12-17 14:55:00-05:00,129.99989318847656,130.0,129.91000366210938,129.97500610351562,239480,0.0,0.0
2024-12-17 14:56:00-05:00,129.97129821777344,129.99000549316406,129.92999267578125,129.9862060546875,123163,0.0,0.0
2024-12-17 14:57:00-05:00,129.98500061035156,130.0,129.9600067138672,129.9871063232422,226204,0.0,0.0
2024-12-17 14:58:00-05:00,129.97999572753906,129.99000549316406,129.91290283203125,129.95030212402344,165861,0.0,0.0
2024-12-17 14:59:00-05:00,129.9512939453125,129.9550018310547,129.83999633789062,129.83999633789062,196160,0.0,0.0
2024-12-17 15:00:00-05:00,129.84500122070312,129.89999389648438,129.77000427246094,129.8800048828125,214400,0.0,0.0
2024-12-17 15:01:00-05:00,129.8800048828125,130.0,129.87989807128906,129.97000122070312,295285,0.0,0.0
2024-12-17 15:02:00-05:00,129.96119689941406,129.99000549316406,129.8699951171875,129.92889404296875,128174,0.0,0.0
2024-12-17 15:03:00-05:00,129.9199981689453,129.9600067138672,129.86500549316406,129.86500549316406,156982,0.0,0.0
2024-12-17 15:04:00-05:00,129.86749267578125,129.89999389648438,129.83900451660156,129.84500122070312,200995,0.0,0.0
2024-12-17 15:05:00-05:00,129.83999633789062,129.97000122070312,129.77000427246094,129.89999389648438,239370,0.0,0.0
2024-12-17 15:06:00-05:00,129.9149932861328,129.9199981689453,129.75,129.75999450683594,173682,0.0,0.0
2024-12-17 15:07:00-05:00,129.76499938964844,129.7698974609375,129.61000061035156,129.6300048828125,359425,0.0,0.0
2024-12-17 15:08:00-05:00,129.63999938964844,129.77000427246094,129.5800018310547,129.72000122070312,270550,0.0,0.0
2024-12-17 15:09:00-05:00,129.72000122070312,129.7899932861328,129.67999267578125,129.77000427246094,193504,0.0,0.0
2024-12-17 15:10:00-05:00,129.77499389648438,129.8800048828125,129.75650024414062,129.8300018310547,296330,0.0,0.0
2024-12-17 15:11:00-05:00,129.82000732421875,129.88999938964844,129.77000427246094,129.88999938964844,181694,0.0,0.0
2024-12-17 15:12:00-05:00,129.88980102539062,129.9499969482422,129.85000610351562,129.85000610351562,199890,0.0,0.0
2024-12-17 15:13:00-05:00,129.86000061035156,129.89999389648438,129.8101043701172,129.81500244140625,176351,0.0,0.0
2024-12-17 15:14:00-05:00,129.82000732421875,129.83999633789062,129.67999267578125,129.735595703125,332814,0.0,0.0
2024-12-17 15:15:00-05:00,129.72999572753906,129.80999755859375,129.6699981689453,129.80999755859375,331883,0.0,0.0
2024-12-17 15:16:00-05:00,129.8000030517578,129.86000061035156,129.6199951171875,129.65499877929688,289682,0.0,0.0
2024-12-17 15:17:00-05:00,129.65499877929688,129.7100067138672,129.5,129.60000610351562,398887,0.0,0.0
2024-12-17 15:18:00-05:00,129.61000061035156,129.6999969482422,129.61000061035156,129.6999053955078,272721,0.0,0.0
2024-12-17 15:19:00-05:00,129.70249938964844,129.7100067138672,129.61000061035156,129.63499450683594,216976,0.0,0.0
2024-12-17 15:20:00-05:00,129.63900756835938,129.7698974609375,129.5500030517578,129.6199951171875,268700,0.0,0.0
2024-12-17 15:21:00-05:00,129.6199951171875,129.63999938964844,129.5,129.61500549316406,295817,0.0,0.0
2024-12-17 15:22:00-05:00,129.61500549316406,129.61990356445312,129.35000610351562,129.35499572753906,534410,0.0,0.0
2024-12-17 15:23:00-05:00,129.35499572753906,129.42999267578125,129.22999572753906,129.2489013671875,478788,0.0,0.0
2024-12-17 15:24:00-05:00,129.25,129.25999450683594,129.11000061035156,129.1199951171875,422921,0.0,0.0
2024-12-17 15:25:00-05:00,129.1300048828125,129.22500610351562,129.1199951171875,129.1790008544922,410487,0.0,0.0
2024-12-17 15:26:00-05:00,129.17999267578125,129.30999755859375,129.14999389648438,129.2299041748047,358654,0.0,0.0
2024-12-17 15:27:00-05:00,129.22500610351562,129.30990600585938,129.19000244140625,129.20010375976562,306734,0.0,0.0
2024-12-17 15:28:00-05:00,129.2012939453125,129.22999572753906,129.10000610351562,129.1300048828125,343976,0.0,0.0
2024-12-17 15:29:00-05:00,129.1300048828125,129.3300018310547,129.12100219726562,129.3249053955078,404708,0.0,0.0
2024-12-17 15:30:00-05:00,129.3249969482422,129.4199981689453,129.2220001220703,129.24000549316406,399396,0.0,0.0
2024-12-17 15:31:00-05:00,129.2545928955078,129.30499267578125,129.0500030517578,129.08009338378906,432254,0.0,0.0
2024-12-17 15:32:00-05:00,129.0886993408203,129.22999572753906,128.97000122070312,128.99000549316406,705225,0.0,0.0
2024-12-17 15:33:00-05:00,128.9907989501953,129.00909423828125,128.8300018310547,128.9250030517578,528237,0.0,0.0
2024-12-17 15:34:00-05:00,128.9300994873047,128.99009704589844,128.82000732421875,128.9499969482422,379359,0.0,0.0
2024-12-17 15:35:00-05:00,128.94009399414062,129.10000610351562,128.94009399414062,129.02999877929688,403294,0.0,0.0
2024-12-17 15:36:00-05:00,129.02999877929688,129.3000030517578,129.00999450683594,129.26499938964844,495390,0.0,0.0
2024-12-17 15:37:00-05:00,129.2698974609375,129.4199981689453,129.19000244140625,129.38999938964844,476455,0.0,0.0
2024-12-17 15:38:00-05:00,129.389892578125,129.47999572753906,129.35499572753906,129.4600067138672,384727,0.0,0.0
2024-12-17 15:39:00-05:00,129.4550018310547,129.6300048828125,129.42999267578125,129.60000610351562,583631,0.0,0.0
2024-12-17 15:40:00-05:00,129.60499572753906,129.67999267578125,129.55499267578125,129.5749969482422,498008,0.0,0.0
2024-12-17 15:41:00-05:00,129.5800018310547,129.69000244140625,129.47000122070312,129.625,469824,0.0,0.0
2024-12-17 15:42:00-05:00,129.62989807128906,129.6999969482422,129.60000610351562,129.62930297851562,378529,0.0,0.0
2024-12-17 15:43:00-05:00,129.62010192871094,129.74000549316406,129.60000610351562,129.72999572753906,337398,0.0,0.0
2024-12-17 15:44:00-05:00,129.72000122070312,129.89999389648438,129.71380615234375,129.89979553222656,415798,0.0,0.0
2024-12-17 15:45:00-05:00,129.88999938964844,129.9250030517578,129.8000030517578,129.80499267578125,415862,0.0,0.0
2024-12-17 15:46:00-05:00,129.8000946044922,129.80079650878906,129.62469482421875,129.64520263671875,473209,0.0,0.0
2024-12-17 15:47:00-05:00,129.64010620117188,129.6898956298828,129.47999572753906,129.5500030517578,433870,0.0,0.0
2024-12-17 15:48:00-05:00,129.55979919433594,129.61990356445312,129.47000122070312,129.52000427246094,352503,0.0,0.0
2024-12-17 15:49:00-05:00,129.52040100097656,129.55999755859375,129.36500549316406,129.45289611816406,461438,0.0,0.0
2024-12-17 15:50:00-05:00,129.4600067138672,129.6898956298828,129.4199981689453,129.53990173339844,605761,0.0,0.0
2024-12-17 15:51:00-05:00,129.52999877929688,129.52999877929688,129.30999755859375,129.38499450683594,615227,0.0,0.0
2024-12-17 15:52:00-05:00,129.36500549316406,129.4199981689453,129.26010131835938,129.2949981689453,527738,0.0,0.0
2024-12-17 15:53:00-05:00,129.2949981689453,129.3699951171875,129.25,129.27999877929688,383319,0.0,0.0
2024-12-17 15:54:00-05:00,129.2899932861328,129.72999572753906,129.25,129.7100067138672,829169,0.0,0.0
2024-12-17 15:55:00-05:00,129.72000122070312,130.24000549316406,129.70010375976562,129.97500610351562,1581919,0.0,0.0
2024-12-17 15:56:00-05:00,129.97500610351562,130.0,129.89999389648438,129.99180603027344,771646,0.0,0.0
2024-12-17 15:57:00-05:00,130.0,130.19000244140625,129.99000549316406,130.1699981689453,930537,0.0,0.0
2024-12-17 15:58:00-05:00,130.1699981689453,130.36000061035156,130.1699981689453,130.2303009033203,1452247,0.0,0.0
2024-12-17 15:59:00-05:00,130.23500061035156,130.41000366210938,130.13999938964844,130.35000610351562,3248996,0.0,0.0
2024-12-17 16:00:00-05:00,130.39,130.4,130.29,130.3508,20870290,0.0,0.0
2024-12-17 16:01:00-05:00,130.3798,130.76,130.31,130.74,0,0.0,0.0
2024-12-17 16:02:00-05:00,130.74,130.77,130.39,130.6,0,0.0,0.0
2024-12-17 16:03:00-05:00,130.68,136.02,130.39,130.64,0,0.0,0.0
2024-12-17 16:04:00-05:00,130.6497,130.65,130.39,130.525,0,0.0,0.0
2024-12-17 16:05:00-05:00,130.52,130.62,130.39,130.581,0,0.0,0.0
2024-12-17 16:06:00-05:00,130.58,130.6092,130.39,130.53,0,0.0,0.0
2024-12-17 16:07:00-05:00,130.55,130.86,130.39,130.8,0,0.0,0.0
2024-12-17 16:08:00-05:00,130.81,131.23,130.76,131.15,0,0.0,0.0
2024-12-17 16:09:00-05:00,131.19,131.55,131.1,131.51,0,0.0,0.0
2024-12-17 16:10:00-05:00,131.53,131.59,130.39,131.43,0,0.0,0.0
2024-12-17 16:11:00-05:00,131.43,131.46,130.39,131.3499,0,0.0,0.0
2024-12-17 16:12:00-05:00,131.35,131.37,131.16,131.3686,0,0.0,0.0
2024-12-17 16:13:00-05:00,131.345,131.44,131.3,131.3,0,0.0,0.0
2024-12-17 16:14:00-05:00,131.38,131.49,130.39,130.39,0,0.0,0.0
2024-12-17 16:15:00-05:00,131.36,131.4,130.39,131.36,0,0.0,0.0
2024-12-17 16:16:00-05:00,131.36,131.36,131.21,131.23,0,0.0,0.0
2024-12-17 16:17:00-05:00,131.21,131.23,131.02,131.11,0,0.0,0.0
2024-12-17 16:18:00-05:00,131.0504,131.11,130.39,130.99,0,0.0,0.0
2024-12-17 16:19:00-05:00,130.9893,131.15,130.94,131.13,0,0.0,0.0
2024-12-17 16:20:00-05:00,131.11,131.14,130.39,130.93,0,0.0,0.0
2024-12-17 16:21:00-05:00,130.98,131.12,130.97,131.1199,0,0.0,0.0
2024-12-17 16:22:00-05:00,131.12,131.32,131.06,131.1997,0,0.0,0.0
2024-12-17 16:23:00-05:00,131.2,131.25,131.07,131.25,0,0.0,0.0
2024-12-17 16:24:00-05:00,131.25,131.25,131.08,131.113,0,0.0,0.0
2024-12-17 16:25:00-05:00,131.1989,131.2,131.09,131.105,0,0.0,0.0
2024-12-17 16:26:00-05:00,131.14,131.14,131.02,131.06,0,0.0,0.0
2024-12-17 16:27:00-05:00,131.08,131.12,131.06,131.12,0,0.0,0.0
2024-12-17 16:28:00-05:00,131.0615,131.12,131.06,131.1193,0,0.0,0.0
2024-12-17 16:29:00-05:00,131.1097,139.375,130.61,131.0807,0,0.0,0.0
2024-12-17 16:30:00-05:00,131.14,131.14,131.01,131.05,0,0.0,0.0
2024-12-17 16:31:00-05:00,131.03,131.16,131.0,131.09,0,0.0,0.0
2024-12-17 16:32:00-05:00,131.08,131.1,130.39,131.06,0,0.0,0.0
2024-12-17 16:33:00-05:00,131.0588,131.15,131.01,131.11,0,0.0,0.0
2024-12-17 16:34:00-05:00,131.13,131.19,131.09,131.135,0,0.0,0.0
2024-12-17 16:35:00-05:00,131.135,131.2,131.11,131.15,0,0.0,0.0
2024-12-17 16:36:00-05:00,131.19,131.2,131.13,131.15,0,0.0,0.0
2024-12-17 16:37:00-05:00,131.15,131.29,131.15,131.21,0,0.0,0.0
2024-12-17 16:38:00-05:00,131.25,131.29,131.21,131.24,0,0.0,0.0
2024-12-17 16:39:00-05:00,131.2,131.22,131.15,131.17,0,0.0,0.0
2024-12-17 16:40:00-05:00,131.25,131.25,131.02,131.04,0,0.0,0.0
2024-12-17 16:41:00-05:00,131.07,131.15,130.39,131.09,0,0.0,0.0
2024-12-17 16:42:00-05:00,131.12,131.2,131.08,131.14,0,0.0,0.0
2024-12-17 16:43:00-05:00,131.14,131.18,131.1,131.1799,0,0.0,0.0
2024-12-17 16:44:00-05:00,131.18,131.2,131.11,131.15,0,0.0,0.0
2024-12-17 16:45:00-05:00,131.17,131.18,131.05,131.1,0,0.0,0.0
2024-12-17 16:46:00-05:00,131.13,131.22,131.1,131.15,0,0.0,0.0
2024-12-17 16:47:00-05:00,131.17,131.19,130.39,131.08,0,0.0,0.0
2024-12-17 16:48:00-05:00,131.06,131.18,130.39,131.1,0,0.0,0.0
2024-12-17 16:49:00-05:00,131.1,131.17,131.05,131.07,0,0.0,0.0
2024-12-17 16:50:00-05:00,131.07,131.1,131.02,131.035,0,0.0,0.0
2024-12-17 16:51:00-05:00,131.035,131.1,131.01,131.0899,0,0.0,0.0
2024-12-17 16:52:00-05:00,131.03,137.8095,130.39,131.06,0,0.0,0.0
2024-12-17 16:53:00-05:00,131.08,137.8095,131.0,131.03,0,0.0,0.0
2024-12-17 16:54:00-05:00,131.0102,131.04,130.93,130.94,0,0.0,0.0
2024-12-17 16:55:00-05:00,130.9301,130.95,130.39,130.895,0,0.0,0.0
2024-12-17 16:56:00-05:00,130.89,130.91,130.76,130.8712,0,0.0,0.0
2024-12-17 16:57:00-05:00,130.9,131.0,130.87,130.8801,0,0.0,0.0
2024-12-17 16:58:00-05:00,130.95,130.97,130.83,130.95,0,0.0,0.0
2024-12-17 16:59:00-05:00,130.95,130.97,130.86,130.92,0,0.0,0.0
2024-12-17 17:01:00-05:00,130.84,130.85,130.76,130.78,0,0.0,0.0
2024-12-17 17:02:00-05:00,130.79,130.93,130.79,130.91,0,0.0,0.0
2024-12-17 17:03:00-05:00,130.93,130.93,130.85,130.92,0,0.0,0.0
2024-12-17 17:04:00-05:00,130.85,130.92,130.85,130.89,0,0.0,0.0
2024-12-17 17:05:00-05:00,130.89,130.95,130.87,130.95,0,0.0,0.0
2024-12-17 17:06:00-05:00,130.93,130.95,130.87,130.91,0,0.0,0.0
2024-12-17 17:07:00-05:00,130.88,130.94,130.87,130.915,0,0.0,0.0
2024-12-17 17:08:00-05:00,130.9,130.94,130.89,130.905,0,0.0,0.0
2024-12-17 17:09:00-05:00,130.9,130.9,130.81,130.8701,0,0.0,0.0
2024-12-17 17:10:00-05:00,130.89,130.89,130.81,130.82,0,0.0,0.0
2024-12-17 17:11:00-05:00,130.85,130.88,130.81,130.84,0,0.0,0.0
2024-12-17 17:12:00-05:00,130.84,130.84,130.76,130.795,0,0.0,0.0
2024-12-17 17:13:00-05:00,130.8,130.88,130.79,130.84,0,0.0,0.0
2024-12-17 17:14:00-05:00,130.835,130.84,130.81,130.84,0,0.0,0.0
2024-12-17 17:15:00-05:00,130.82,130.88,130.81,130.8763,0,0.0,0.0
2024-12-17 17:16:00-05:00,130.87,130.98,130.86,130.97,0,0.0,0.0
2024-12-17 17:17:00-05:00,130.98,130.98,130.9,130.9,0,0.0,0.0
2024-12-17 17:18:00-05:00,130.89,130.95,130.86,130.9,0,0.0,0.0
2024-12-17 17:19:00-05:00,130.86,130.92,130.85,130.91,0,0.0,0.0
2024-12-17 17:20:00-05:00,130.9,130.93,130.85,130.88,0,0.0,0.0
2024-12-17 17:21:00-05:00,130.88,130.94,130.88,130.93,0,0.0,0.0
2024-12-17 17:22:00-05:00,130.92,130.94,130.88,130.92,0,0.0,0.0
2024-12-17 17:23:00-05:00,130.9,130.92,130.88,130.902,0,0.0,0.0
2024-12-17 17:24:00-05:00,130.92,130.92,130.85,130.875,0,0.0,0.0
2024-12-17 17:25:00-05:00,130.8893,130.89,130.83,130.88,0,0.0,0.0
2024-12-17 17:26:00-05:00,130.85,130.91,130.83,130.9,0,0.0,0.0
2024-12-17 17:27:00-05:00,130.8995,130.9,130.83,130.85,0,0.0,0.0
2024-12-17 17:28:00-05:00,130.85,130.86,130.81,130.82,0,0.0,0.0
2024-12-17 17:29:00-05:00,130.81,130.85,130.8,130.82,0,0.0,0.0
2024-12-17 17:30:00-05:00,130.85,130.85,130.8,130.825,0,0.0,0.0
2024-12-17 17:31:00-05:00,130.84,130.85,130.81,130.825,0,0.0,0.0
2024-12-17 17:32:00-05:00,130.84,130.84,130.81,130.825,0,0.0,0.0
2024-12-17 17:33:00-05:00,130.84,130.85,130.81,130.83,0,0.0,0.0
2024-12-17 17:34:00-05:00,130.8203,130.85,130.81,130.81,0,0.0,0.0
2024-12-17 17:35:00-05:00,130.83,130.89,130.811,130.89,0,0.0,0.0
2024-12-17 17:36:00-05:00,130.87,130.93,130.86,130.9,0,0.0,0.0
2024-12-17 17:37:00-05:00,130.9,130.94,130.86,130.8604,0,0.0,0.0
2024-12-17 17:38:00-05:00,130.86,130.9,130.83,130.855,0,0.0,0.0
2024-12-17 17:39:00-05:00,130.8795,130.9,130.85,130.86,0,0.0,0.0
2024-12-17 17:40:00-05:00,130.87,130.92,130.85,130.875,0,0.0,0.0
2024-12-17 17:41:00-05:00,130.87,130.87,130.8,130.85,0,0.0,0.0
2024-12-17 17:42:00-05:00,130.8278,130.92,130.79,130.89,0,0.0,0.0
2024-12-17 17:43:00-05:00,130.89,130.9,130.83,130.83,0,0.0,0.0
2024-12-17 17:44:00-05:00,130.88,130.88,130.75,130.7599,0,0.0,0.0
2024-12-17 17:45:00-05:00,130.76,130.76,130.71,130.7101,0,0.0,0.0
2024-12-17 17:46:00-05:00,130.72,130.76,130.72,130.745,0,0.0,0.0
2024-12-17 17:47:00-05:00,130.75,130.76,130.73,130.74,0,0.0,0.0
2024-12-17 17:48:00-05:00,130.76,130.76,130.71,130.76,0,0.0,0.0
2024-12-17 17:49:00-05:00,130.75,130.76,130.72,130.76,0,0.0,0.0
2024-12-17 17:50:00-05:00,130.75,130.76,130.7,130.75,0,0.0,0.0
2024-12-17 17:51:00-05:00,130.76,130.76,130.7,130.7,0,0.0,0.0
2024-12-17 17:52:00-05:00,130.7599,130.76,130.7,130.73,0,0.0,0.0
2024-12-17 17:53:00-05:00,130.73,130.76,130.7,130.75,0,0.0,0.0
2024-12-17 17:54:00-05:00,130.735,130.76,130.71,130.74,0,0.0,0.0
2024-12-17 17:55:00-05:00,130.71,130.75,130.71,130.7299,0,0.0,0.0
2024-12-17 17:56:00-05:00,130.73,130.76,130.72,130.75,0,0.0,0.0
2024-12-17 17:57:00-05:00,130.75,130.75,127.8854,130.75,0,0.0,0.0
2024-12-17 17:58:00-05:00,130.7499,130.76,130.72,130.76,0,0.0,0.0
2024-12-17 17:59:00-05:00,130.7775,130.88,130.77,130.83,0,0.0,0.0
2024-12-17 18:00:00-05:00,130.82,130.84,130.64,130.64,0,0.0,0.0
2024-12-17 18:01:00-05:00,130.63,130.66,130.51,130.53,0,0.0,0.0
2024-12-17 18:02:00-05:00,130.55,130.55,130.39,130.46,0,0.0,0.0
2024-12-17 18:03:00-05:00,130.39,130.44,130.2,130.32,0,0.0,0.0
2024-12-17 18:04:00-05:00,130.32,130.35,130.11,130.22,0,0.0,0.0
2024-12-17 18:05:00-05:00,130.21,130.4,130.11,130.305,0,0.0,0.0
2024-12-17 18:06:00-05:00,130.35,130.5,130.27,130.45,0,0.0,0.0
2024-12-17 18:07:00-05:00,130.42,130.5,130.39,130.45,0,0.0,0.0
2024-12-17 18:08:00-05:00,130.4436,130.5684,130.41,130.45,0,0.0,0.0
2024-12-17 18:09:00-05:00,130.4499,130.57,130.4499,130.56,0,0.0,0.0
2024-12-17 18:10:00-05:00,130.5506,130.68,130.55,130.5901,0,0.0,0.0
2024-12-17 18:11:00-05:00,130.59,130.67,130.59,130.62,0,0.0,0.0
2024-12-17 18:12:00-05:00,130.66,130.66,130.395,130.5,0,0.0,0.0
2024-12-17 18:13:00-05:00,130.57,130.57,130.43,130.49,0,0.0,0.0
2024-12-17 18:14:00-05:00,130.5,130.59,130.48,130.55,0,0.0,0.0
2024-12-17 18:15:00-05:00,130.55,130.58,130.5,130.5,0,0.0,0.0
2024-12-17 18:16:00-05:00,130.53,130.55,130.49,130.54,0,0.0,0.0
2024-12-17 18:17:00-05:00,130.54,130.54,130.5,130.5397,0,0.0,0.0
2024-12-17 18:18:00-05:00,130.5398,130.54,130.48,130.4999,0,0.0,0.0
2024-12-17 18:19:00-05:00,130.48,130.5,130.43,130.48,0,0.0,0.0
2024-12-17 18:20:00-05:00,130.465,130.5,130.44,130.44,0,0.0,0.0
2024-12-17 18:21:00-05:00,130.44,130.5,130.4201,130.4201,0,0.0,0.0
2024-12-17 18:22:00-05:00,130.49,130.49,130.41,130.44,0,0.0,0.0
2024-12-17 18:23:00-05:00,130.49,130.5,130.42,130.46,0,0.0,0.0
2024-12-17 18:24:00-05:00,130.4887,130.5,130.42,130.4999,0,0.0,0.0
2024-12-17 18:25:00-05:00,130.49,130.63,130.48,130.6,0,0.0,0.0
2024-12-17 18:26:00-05:00,130.61,130.67,130.6,130.67,0,0.0,0.0
2024-12-17 18:27:00-05:00,130.65,130.78,130.61,130.62,0,0.0,0.0
2024-12-17 18:28:00-05:00,130.63,130.66,130.62,130.63,0,0.0,0.0
2024-12-17 18:29:00-05:00,130.62,130.65,130.62,130.65,0,0.0,0.0
2024-12-17 18:30:00-05:00,130.64,130.68,130.63,130.68,0,0.0,0.0
2024-12-17 18:31:00-05:00,130.68,130.7,130.66,130.7,0,0.0,0.0
2024-12-17 18:32:00-05:00,130.7,130.74,130.69,130.74,0,0.0,0.0
2024-12-17 18:33:00-05:00,130.7208,130.75,130.72,130.735,0,0.0,0.0
2024-12-17 18:34:00-05:00,130.74,130.75,130.72,130.73,0,0.0,0.0
2024-12-17 18:35:00-05:00,130.73,130.74,130.72,130.739,0,0.0,0.0
2024-12-17 18:36:00-05:00,130.72,130.79,130.7,130.7,0,0.0,0.0
2024-12-17 18:37:00-05:00,130.7498,130.78,130.7,130.745,0,0.0,0.0
2024-12-17 18:38:00-05:00,130.745,130.76,130.39,130.74,0,0.0,0.0
2024-12-17 18:39:00-05:00,130.7498,130.8,130.74,130.8,0,0.0,0.0
2024-12-17 18:40:00-05:00,130.8387,130.87,130.8,130.82,0,0.0,0.0
2024-12-17 18:41:00-05:00,130.8199,130.87,130.8199,130.86,0,0.0,0.0
2024-12-17 18:42:00-05:00,130.85,130.87,130.83,130.85,0,0.0,0.0
2024-12-17 18:43:00-05:00,130.8499,130.87,130.82,130.8698,0,0.0,0.0
2024-12-17 18:44:00-05:00,130.84,130.88,130.84,130.88,0,0.0,0.0
2024-12-17 18:45:00-05:00,130.8799,130.94,130.87,130.9183,0,0.0,0.0
2024-12-17 18:46:00-05:00,130.92,130.99,130.895,130.9599,0,0.0,0.0
2024-12-17 18:47:00-05:00,130.955,131.0,130.945,130.99,0,0.0,0.0
2024-12-17 18:48:00-05:00,131.0,131.0,130.9,130.9799,0,0.0,0.0
2024-12-17 18:49:00-05:00,130.9618,131.0,130.92,130.99,0,0.0,0.0
2024-12-17 18:50:00-05:00,130.96,130.99,130.95,130.9791,0,0.0,0.0
2024-12-17 18:51:00-05:00,130.99,131.05,130.95,131.05,0,0.0,0.0
2024-12-17 18:52:00-05:00,131.0491,131.14,131.03,131.14,0,0.0,0.0
2024-12-17 18:53:00-05:00,131.125,131.19,131.125,131.15,0,0.0,0.0
2024-12-17 18:54:00-05:00,131.14,131.17,131.14,131.17,0,0.0,0.0
2024-12-17 18:55:00-05:00,131.165,131.2,131.15,131.17,0,0.0,0.0
2024-12-17 18:56:00-05:00,131.19,131.25,131.15,131.25,0,0.0,0.0
2024-12-17 18:57:00-05:00,131.255,131.2883,131.18,131.205,0,0.0,0.0
2024-12-17 18:58:00-05:00,131.2,131.25,131.18,131.25,0,0.0,0.0
2024-12-17 18:59:00-05:00,131.225,131.27,131.19,131.2,0,0.0,0.0
2024-12-17 19:00:00-05:00,131.2,131.3,131.1848,131.295,0,0.0,0.0
2024-12-17 19:01:00-05:00,131.2901,131.33,131.255,131.315,0,0.0,0.0
2024-12-17 19:02:00-05:00,131.33,131.36,131.28,131.36,0,0.0,0.0
2024-12-17 19:03:00-05:00,131.36,131.36,131.28,131.3194,0,0.0,0.0
2024-12-17 19:04:00-05:00,131.3192,131.32,131.28,131.29,0,0.0,0.0
2024-12-17 19:05:00-05:00,131.3093,131.3093,131.21,131.24,0,0.0,0.0
2024-12-17 19:06:00-05:00,131.235,131.29,131.21,131.28,0,0.0,0.0
2024-12-17 19:07:00-05:00,131.24,131.29,131.23,131.23,0,0.0,0.0
2024-12-17 19:08:00-05:00,131.24,131.36,131.22,131.3599,0,0.0,0.0
2024-12-17 19:09:00-05:00,131.33,131.36,131.3,131.315,0,0.0,0.0
2024-12-17 19:10:00-05:00,131.33,131.33,131.24,131.3,0,0.0,0.0
2024-12-17 19:11:00-05:00,131.31,131.32,131.25,131.29,0,0.0,0.0
2024-12-17 19:12:00-05:00,131.28,131.31,131.26,131.2999,0,0.0,0.0
2024-12-17 19:13:00-05:00,131.29,131.3,131.27,131.2701,0,0.0,0.0
2024-12-17 19:14:00-05:00,131.28,131.3,131.2506,131.3,0,0.0,0.0
2024-12-17 19:15:00-05:00,131.31,131.33,131.3,131.3299,0,0.0,0.0
2024-12-17 19:16:00-05:00,131.35,131.3502,131.32,131.3499,0,0.0,0.0
2024-12-17 19:17:00-05:00,131.3499,131.35,131.27,131.3199,0,0.0,0.0
2024-12-17 19:18:00-05:00,131.3,131.33,131.28,131.32,0,0.0,0.0
2024-12-17 19:19:00-05:00,131.32,131.4,131.27,131.38,0,0.0,0.0
2024-12-17 19:20:00-05:00,131.38,131.39,131.34,131.39,0,0.0,0.0
2024-12-17 19:21:00-05:00,131.38,131.39,131.36,131.37,0,0.0,0.0
2024-12-17 19:22:00-05:00,131.38,131.39,131.36,131.36,0,0.0,0.0
2024-12-17 19:23:00-05:00,131.38,131.38,131.32,131.3201,0,0.0,0.0
2024-12-17 19:24:00-05:00,131.3201,131.4,131.31,131.39,0,0.0,0.0
2024-12-17 19:25:00-05:00,131.3899,131.44,131.36,131.4,0,0.0,0.0
2024-12-17 19:26:00-05:00,131.39,131.48,131.39,131.47,0,0.0,0.0
2024-12-17 19:27:00-05:00,131.49,131.5,131.42,131.45,0,0.0,0.0
2024-12-17 19:28:00-05:00,131.4495,131.5,131.4,131.45,0,0.0,0.0
2024-12-17 19:29:00-05:00,131.47,131.49,131.4,131.43,0,0.0,0.0
2024-12-17 19:30:00-05:00,131.46,131.46,131.36,131.41,0,0.0,0.0
2024-12-17 19:31:00-05:00,131.43,131.43,131.3585,131.36,0,0.0,0.0
2024-12-17 19:32:00-05:00,131.3504,131.41,131.35,131.4,0,0.0,0.0
2024-12-17 19:33:00-05:00,131.3899,131.3899,131.35,131.37,0,0.0,0.0
2024-12-17 19:34:00-05:00,131.3499,131.35,131.27,131.2707,0,0.0,0.0
2024-12-17 19:35:00-05:00,131.2896,131.29,131.27,131.275,0,0.0,0.0
2024-12-17 19:36:00-05:00,131.25,131.27,131.1,131.1981,0,0.0,0.0
2024-12-17 19:37:00-05:00,131.2,131.2,131.11,131.1487,0,0.0,0.0
2024-12-17 19:38:00-05:00,131.1136,131.17,131.06,131.1195,0,0.0,0.0
2024-12-17 19:39:00-05:00,131.1183,131.12,131.05,131.055,0,0.0,0.0
2024-12-17 19:40:00-05:00,131.05,131.18,131.045,131.1501,0,0.0,0.0
2024-12-17 19:41:00-05:00,131.18,131.25,131.15,131.25,0,0.0,0.0
2024-12-17 19:42:00-05:00,131.24,131.26,131.2011,131.26,0,0.0,0.0
2024-12-17 19:43:00-05:00,131.235,131.26,131.18,131.22,0,0.0,0.0
2024-12-17 19:44:00-05:00,131.18,131.235,131.18,131.235,0,0.0,0.0
2024-12-17 19:45:00-05:00,131.22,131.26,131.22,131.2501,0,0.0,0.0
2024-12-17 19:46:00-05:00,131.2501,131.26,131.18,131.18,0,0.0,0.0
2024-12-17 19:47:00-05:00,131.1545,131.2,131.14,131.18,0,0.0,0.0
2024-12-17 19:48:00-05:00,131.18,131.21,131.18,131.205,0,0.0,0.0
2024-12-17 19:49:00-05:00,131.21,131.22,131.15,131.2,0,0.0,0.0
2024-12-17 19:50:00-05:00,131.2007,131.22,131.16,131.19,0,0.0,0.0
2024-12-17 19:51:00-05:00,131.1801,131.22,131.18,131.19,0,0.0,0.0
2024-12-17 19:52:00-05:00,131.2001,131.22,131.2,131.21,0,0.0,0.0
2024-12-17 19:53:00-05:00,131.2197,131.25,131.2,131.22,0,0.0,0.0
2024-12-17 19:54:00-05:00,131.21,131.25,131.21,131.24,0,0.0,0.0
2024-12-17 19:55:00-05:00,131.23,131.25,131.22,131.2399,0,0.0,0.0
2024-12-17 19:56:00-05:00,131.24,131.24,131.18,131.19,0,0.0,0.0
2024-12-17 19:57:00-05:00,131.19,131.2,131.17,131.1897,0,0.0,0.0
2024-12-17 19:58:00-05:00,131.1899,131.2,131.1,131.13,0,0.0,0.0
2024-12-17 19:59:59-05:00,131.08,131.08,131.08,131.08,0,0.0,0.0
